
Note: No compatibility mode selected!


Circuit: * mini-array n=8 layout

Doing analysis at TEMP = -40.000000 and TNOM = 27.000000

Using SPARSE 1.3 as Direct Linear Solver

Initial Transient Solution
--------------------------

Node                                   Voltage
----                                   -------
pre                                       0.45
bl0                                       0.45
s                                            0
bltap0                                    0.45
wl0                                          0
bl1                                       0.45
bltap1                                    0.45
wl1                                          0
bl2                                       0.45
bltap2                                    0.45
wl2                                          0
bl3                                       0.45
bltap3                                    0.45
wl3                                          0
bl4                                       0.45
bltap4                                    0.45
wl4                                          0
bl5                                       0.45
bltap5                                    0.45
wl5                                          0
bl6                                       0.45
bltap6                                    0.45
wl6                                          0
bl7                                       0.45
bltap7                                    0.45
wl7                                          0
plate0                                       0
cell0                                        0
plate1                                    0.45
cell1                                 0.449998
plate2                                    0.45
cell2                                 0.449998
plate3                                    0.45
cell3                                 0.449998
plate4                                    0.45
cell4                                 0.449998
plate5                                    0.45
cell5                                 0.449998
plate6                                    0.45
cell6                                  0.44999
plate7                                    0.45
cell7                                 0.449998
vplate7#branch                               0
vwl7#branch                                  0
vplate6#branch                               0
vwl6#branch                                  0
vplate5#branch                               0
vwl5#branch                                  0
vplate4#branch                               0
vwl4#branch                                  0
vplate3#branch                               0
vwl3#branch                                  0
vplate2#branch                               0
vwl2#branch                                  0
vplate1#branch                               0
vwl1#branch                                  0
vplate0#branch                               0
vwl0#branch                                  0
vs#branch                                    0
vpre#branch                                  0


No. of Data Rows : 514

  Measurements for Transient Analysis

t_bl_settle         =  7.87420e-09
i_bl_leak           =  -1.01640e-10 from=  1.50000e-08 to=  2.50000e-08

                            * mini-array n=8 layout
                            Transient Analysis  Tue Jun 23 23:49:35  2026
--------------------------------------------------------------------------------
Index   time            v(bl0)          v(bl7)          vpre#branch     
--------------------------------------------------------------------------------
0	0.000000e+00	4.500000e-01	4.500000e-01	0.000000e+00	
1	5.000000e-13	4.500000e-01	4.500000e-01	-8.27181e-25	
2	1.000000e-12	4.500000e-01	4.500000e-01	8.271806e-25	
3	2.000000e-12	4.500000e-01	4.500000e-01	7.444626e-24	
4	4.000000e-12	4.500000e-01	4.500000e-01	3.060568e-23	
5	8.000000e-12	4.500000e-01	4.500000e-01	7.279189e-23	
6	1.600000e-11	4.500000e-01	4.500000e-01	1.199412e-22	
7	3.200000e-11	4.500000e-01	4.500000e-01	3.052296e-22	
8	6.400000e-11	4.500000e-01	4.500000e-01	6.973133e-22	
9	1.140000e-10	4.500000e-01	4.500000e-01	1.344168e-21	
10	1.640000e-10	4.500000e-01	4.500000e-01	2.225943e-21	
11	2.140000e-10	4.500000e-01	4.500000e-01	3.103582e-21	
12	2.640000e-10	4.500000e-01	4.500000e-01	3.982047e-21	
13	3.140000e-10	4.500000e-01	4.500000e-01	4.860513e-21	
14	3.640000e-10	4.500000e-01	4.500000e-01	5.742288e-21	
15	4.140000e-10	4.500000e-01	4.500000e-01	6.619926e-21	
16	4.640000e-10	4.500000e-01	4.500000e-01	7.499219e-21	
17	5.140000e-10	4.500000e-01	4.500000e-01	8.377685e-21	
18	5.640000e-10	4.500000e-01	4.500000e-01	9.257805e-21	
19	6.140000e-10	4.500000e-01	4.500000e-01	1.013627e-20	
20	6.640000e-10	4.500000e-01	4.500000e-01	1.101639e-20	
21	7.140000e-10	4.500000e-01	4.500000e-01	1.189486e-20	
22	7.640000e-10	4.500000e-01	4.500000e-01	1.277663e-20	
23	8.140000e-10	4.500000e-01	4.500000e-01	1.365675e-20	
24	8.640000e-10	4.500000e-01	4.500000e-01	1.453687e-20	
25	9.140000e-10	4.500000e-01	4.500000e-01	1.541534e-20	
26	9.570000e-10	4.500000e-01	4.500000e-01	1.599685e-20	
27	1.000000e-09	4.500000e-01	4.500000e-01	1.639803e-20	
28	1.005000e-09	4.500551e-01	4.500312e-01	5.506839e-13	
29	1.015000e-09	4.501427e-01	4.501108e-01	1.426980e-12	
30	1.035000e-09	4.503071e-01	4.502810e-01	3.070785e-12	
31	1.075000e-09	4.506441e-01	4.506131e-01	6.441247e-12	
32	1.125000e-09	4.510600e-01	4.510335e-01	1.060048e-11	
33	1.175000e-09	4.514803e-01	4.514497e-01	1.480346e-11	
34	1.225000e-09	4.518966e-01	4.518697e-01	1.896598e-11	
35	1.275000e-09	4.523166e-01	4.522862e-01	2.316590e-11	
36	1.325000e-09	4.527331e-01	4.527060e-01	2.733121e-11	
37	1.375000e-09	4.531529e-01	4.531227e-01	3.152853e-11	
38	1.425000e-09	4.535696e-01	4.535422e-01	3.569619e-11	
39	1.475000e-09	4.539891e-01	4.539592e-01	3.989126e-11	
40	1.525000e-09	4.544061e-01	4.543785e-01	4.406082e-11	
41	1.575000e-09	4.548254e-01	4.547956e-01	4.825351e-11	
42	1.625000e-09	4.552423e-01	4.552145e-01	5.242273e-11	
43	1.675000e-09	4.556606e-01	4.556311e-01	5.660574e-11	
44	1.725000e-09	4.560747e-01	4.560471e-01	6.074665e-11	
45	1.775000e-09	4.564832e-01	4.564548e-01	6.483164e-11	
46	1.825000e-09	4.568719e-01	4.568465e-01	6.871869e-11	
47	1.875000e-09	4.572294e-01	4.572055e-01	7.229352e-11	
48	1.925000e-09	4.575402e-01	4.575209e-01	7.540224e-11	
49	1.962500e-09	4.577400e-01	4.577225e-01	7.740002e-11	
50	2.000000e-09	4.579065e-01	4.578929e-01	7.906489e-11	
51	2.005000e-09	4.578719e-01	4.578819e-01	7.871925e-11	
52	2.015000e-09	4.578251e-01	4.578429e-01	7.825053e-11	
53	2.035000e-09	4.577425e-01	4.577545e-01	7.742465e-11	
54	2.075000e-09	4.575707e-01	4.575875e-01	7.570748e-11	

Index   time            v(bl0)          v(bl7)          vpre#branch     
--------------------------------------------------------------------------------
55	2.125000e-09	4.573644e-01	4.573765e-01	7.364445e-11	
56	2.175000e-09	4.571571e-01	4.571731e-01	7.157127e-11	
57	2.225000e-09	4.569570e-01	4.569690e-01	6.957041e-11	
58	2.275000e-09	4.567564e-01	4.567716e-01	6.756437e-11	
59	2.325000e-09	4.565624e-01	4.565742e-01	6.562360e-11	
60	2.375000e-09	4.563682e-01	4.563827e-01	6.368176e-11	
61	2.425000e-09	4.561799e-01	4.561915e-01	6.179908e-11	
62	2.475000e-09	4.559919e-01	4.560058e-01	5.991867e-11	
63	2.525000e-09	4.558092e-01	4.558207e-01	5.809211e-11	
64	2.575000e-09	4.556271e-01	4.556404e-01	5.627052e-11	
65	2.625000e-09	4.554498e-01	4.554610e-01	5.449814e-11	
66	2.675000e-09	4.552733e-01	4.552861e-01	5.273293e-11	
67	2.725000e-09	4.551013e-01	4.551123e-01	5.101285e-11	
68	2.775000e-09	4.549302e-01	4.549425e-01	4.930168e-11	
69	2.825000e-09	4.547632e-01	4.547740e-01	4.763209e-11	
70	2.875000e-09	4.545973e-01	4.546091e-01	4.597277e-11	
71	2.925000e-09	4.544352e-01	4.544457e-01	4.435188e-11	
72	2.975000e-09	4.542742e-01	4.542857e-01	4.274232e-11	
73	3.025000e-09	4.541168e-01	4.541271e-01	4.116842e-11	
74	3.075000e-09	4.539607e-01	4.539717e-01	3.960665e-11	
75	3.125000e-09	4.538078e-01	4.538179e-01	3.807808e-11	
76	3.175000e-09	4.536562e-01	4.536669e-01	3.656222e-11	
77	3.225000e-09	4.535077e-01	4.535176e-01	3.507737e-11	
78	3.275000e-09	4.533606e-01	4.533709e-01	3.360564e-11	
79	3.325000e-09	4.532163e-01	4.532259e-01	3.216295e-11	
80	3.375000e-09	4.530734e-01	4.530834e-01	3.073365e-11	
81	3.425000e-09	4.529332e-01	4.529425e-01	2.933163e-11	
82	3.475000e-09	4.527943e-01	4.528040e-01	2.794313e-11	
83	3.525000e-09	4.526580e-01	4.526671e-01	2.658034e-11	
84	3.575000e-09	4.525231e-01	4.525325e-01	2.523111e-11	
85	3.625000e-09	4.523906e-01	4.523995e-01	2.390615e-11	
86	3.675000e-09	4.522595e-01	4.522686e-01	2.259472e-11	
87	3.725000e-09	4.521306e-01	4.521393e-01	2.130625e-11	
88	3.775000e-09	4.520031e-01	4.520119e-01	2.003121e-11	
89	3.825000e-09	4.518778e-01	4.518862e-01	1.877795e-11	
90	3.875000e-09	4.517538e-01	4.517624e-01	1.753795e-11	
91	3.925000e-09	4.516319e-01	4.516401e-01	1.631865e-11	
92	3.975000e-09	4.515112e-01	4.515196e-01	1.511241e-11	
93	4.025000e-09	4.513926e-01	4.514006e-01	1.392588e-11	
94	4.075000e-09	4.512752e-01	4.512833e-01	1.275218e-11	
95	4.125000e-09	4.511597e-01	4.511675e-01	1.159727e-11	
96	4.175000e-09	4.510455e-01	4.510533e-01	1.045493e-11	
97	4.225000e-09	4.509331e-01	4.509407e-01	9.330525e-12	
98	4.275000e-09	4.508218e-01	4.508295e-01	8.218425e-12	
99	4.325000e-09	4.507123e-01	4.507198e-01	7.123473e-12	
100	4.375000e-09	4.506041e-01	4.506115e-01	6.040534e-12	
101	4.425000e-09	4.504974e-01	4.505046e-01	4.974011e-12	
102	4.475000e-09	4.503919e-01	4.503992e-01	3.919203e-12	
103	4.525000e-09	4.502880e-01	4.502951e-01	2.880127e-12	
104	4.575000e-09	4.501852e-01	4.501923e-01	1.852461e-12	
105	4.625000e-09	4.500840e-01	4.500909e-01	8.398874e-13	
106	4.675000e-09	4.499838e-01	4.499907e-01	-1.61583e-13	
107	4.725000e-09	4.498851e-01	4.498919e-01	-1.14856e-12	
108	4.775000e-09	4.497875e-01	4.497942e-01	-2.12474e-12	
109	4.825000e-09	4.496913e-01	4.496978e-01	-3.08700e-12	
110	4.875000e-09	4.495961e-01	4.496026e-01	-4.03876e-12	
111	4.925000e-09	4.495023e-01	4.495087e-01	-4.97714e-12	
112	4.975000e-09	4.494095e-01	4.494158e-01	-5.90532e-12	

Index   time            v(bl0)          v(bl7)          vpre#branch     
--------------------------------------------------------------------------------
113	5.025000e-09	4.493179e-01	4.493242e-01	-6.82061e-12	
114	5.075000e-09	4.492274e-01	4.492336e-01	-7.72602e-12	
115	5.125000e-09	4.491381e-01	4.491442e-01	-8.61901e-12	
116	5.175000e-09	4.490498e-01	4.490558e-01	-9.50240e-12	
117	5.225000e-09	4.489626e-01	4.489686e-01	-1.03738e-11	
118	5.275000e-09	4.488764e-01	4.488823e-01	-1.12360e-11	
119	5.325000e-09	4.487913e-01	4.487971e-01	-1.20865e-11	
120	5.375000e-09	4.487072e-01	4.487129e-01	-1.29281e-11	
121	5.425000e-09	4.486241e-01	4.486298e-01	-1.37585e-11	
122	5.475000e-09	4.485420e-01	4.485476e-01	-1.45802e-11	
123	5.525000e-09	4.484609e-01	4.484664e-01	-1.53912e-11	
124	5.575000e-09	4.483806e-01	4.483861e-01	-1.61936e-11	
125	5.625000e-09	4.483014e-01	4.483068e-01	-1.69857e-11	
126	5.675000e-09	4.482230e-01	4.482284e-01	-1.77696e-11	
127	5.725000e-09	4.481457e-01	4.481509e-01	-1.85434e-11	
128	5.775000e-09	4.480691e-01	4.480743e-01	-1.93093e-11	
129	5.825000e-09	4.479934e-01	4.479986e-01	-2.00655e-11	
130	5.875000e-09	4.479186e-01	4.479237e-01	-2.08140e-11	
131	5.925000e-09	4.478447e-01	4.478497e-01	-2.15531e-11	
132	5.975000e-09	4.477715e-01	4.477765e-01	-2.22847e-11	
133	6.025000e-09	4.476993e-01	4.477042e-01	-2.30073e-11	
134	6.075000e-09	4.476277e-01	4.476326e-01	-2.37226e-11	
135	6.125000e-09	4.475571e-01	4.475619e-01	-2.44292e-11	
136	6.175000e-09	4.474871e-01	4.474919e-01	-2.51287e-11	
137	6.225000e-09	4.474180e-01	4.474227e-01	-2.58197e-11	
138	6.275000e-09	4.473496e-01	4.473543e-01	-2.65040e-11	
139	6.325000e-09	4.472820e-01	4.472866e-01	-2.71800e-11	
140	6.375000e-09	4.472151e-01	4.472196e-01	-2.78494e-11	
141	6.425000e-09	4.471489e-01	4.471534e-01	-2.85109e-11	
142	6.475000e-09	4.470834e-01	4.470879e-01	-2.91659e-11	
143	6.525000e-09	4.470187e-01	4.470231e-01	-2.98133e-11	
144	6.575000e-09	4.469546e-01	4.469589e-01	-3.04544e-11	
145	6.625000e-09	4.468912e-01	4.468955e-01	-3.10881e-11	
146	6.675000e-09	4.468284e-01	4.468327e-01	-3.17158e-11	
147	6.725000e-09	4.467664e-01	4.467706e-01	-3.23362e-11	
148	6.775000e-09	4.467049e-01	4.467091e-01	-3.29508e-11	
149	6.825000e-09	4.466442e-01	4.466483e-01	-3.35584e-11	
150	6.875000e-09	4.465840e-01	4.465881e-01	-3.41603e-11	
151	6.925000e-09	4.465245e-01	4.465285e-01	-3.47555e-11	
152	6.975000e-09	4.464655e-01	4.464695e-01	-3.53451e-11	
153	7.025000e-09	4.464072e-01	4.464112e-01	-3.59281e-11	
154	7.075000e-09	4.463494e-01	4.463534e-01	-3.65058e-11	
155	7.125000e-09	4.462923e-01	4.462962e-01	-3.70771e-11	
156	7.175000e-09	4.462357e-01	4.462395e-01	-3.76432e-11	
157	7.225000e-09	4.461797e-01	4.461835e-01	-3.82032e-11	
158	7.275000e-09	4.461242e-01	4.461280e-01	-3.87581e-11	
159	7.325000e-09	4.460693e-01	4.460730e-01	-3.93070e-11	
160	7.375000e-09	4.460149e-01	4.460186e-01	-3.98510e-11	
161	7.425000e-09	4.459611e-01	4.459648e-01	-4.03891e-11	
162	7.475000e-09	4.459077e-01	4.459114e-01	-4.09226e-11	
163	7.525000e-09	4.458550e-01	4.458586e-01	-4.14503e-11	
164	7.575000e-09	4.458027e-01	4.458062e-01	-4.19735e-11	
165	7.625000e-09	4.457509e-01	4.457544e-01	-4.24911e-11	
166	7.675000e-09	4.456996e-01	4.457031e-01	-4.30043e-11	
167	7.725000e-09	4.456488e-01	4.456523e-01	-4.35121e-11	
168	7.775000e-09	4.455984e-01	4.456019e-01	-4.40156e-11	
169	7.825000e-09	4.455486e-01	4.455520e-01	-4.45139e-11	
170	7.875000e-09	4.454992e-01	4.455026e-01	-4.50079e-11	

Index   time            v(bl0)          v(bl7)          vpre#branch     
--------------------------------------------------------------------------------
171	7.925000e-09	4.454503e-01	4.454536e-01	-4.54969e-11	
172	7.975000e-09	4.454018e-01	4.454051e-01	-4.59818e-11	
173	8.025000e-09	4.453538e-01	4.453571e-01	-4.64618e-11	
174	8.075000e-09	4.453062e-01	4.453095e-01	-4.69378e-11	
175	8.125000e-09	4.452591e-01	4.452623e-01	-4.74091e-11	
176	8.175000e-09	4.452124e-01	4.452156e-01	-4.78764e-11	
177	8.225000e-09	4.451661e-01	4.451692e-01	-4.83392e-11	
178	8.275000e-09	4.451202e-01	4.451233e-01	-4.87981e-11	
179	8.325000e-09	4.450747e-01	4.450778e-01	-4.92526e-11	
180	8.375000e-09	4.450297e-01	4.450328e-01	-4.97033e-11	
181	8.425000e-09	4.449850e-01	4.449881e-01	-5.01497e-11	
182	8.475000e-09	4.449407e-01	4.449438e-01	-5.05925e-11	
183	8.525000e-09	4.448969e-01	4.448999e-01	-5.10311e-11	
184	8.575000e-09	4.448534e-01	4.448564e-01	-5.14661e-11	
185	8.625000e-09	4.448103e-01	4.448132e-01	-5.18971e-11	
186	8.675000e-09	4.447675e-01	4.447705e-01	-5.23246e-11	
187	8.725000e-09	4.447252e-01	4.447281e-01	-5.27481e-11	
188	8.775000e-09	4.446832e-01	4.446860e-01	-5.31683e-11	
189	8.825000e-09	4.446415e-01	4.446444e-01	-5.35846e-11	
190	8.875000e-09	4.446002e-01	4.446031e-01	-5.39977e-11	
191	8.925000e-09	4.445593e-01	4.445621e-01	-5.44069e-11	
192	8.975000e-09	4.445187e-01	4.445215e-01	-5.48130e-11	
193	9.025000e-09	4.444785e-01	4.444812e-01	-5.52154e-11	
194	9.075000e-09	4.444385e-01	4.444413e-01	-5.56148e-11	
195	9.125000e-09	4.443990e-01	4.444017e-01	-5.60105e-11	
196	9.175000e-09	4.443597e-01	4.443624e-01	-5.64032e-11	
197	9.225000e-09	4.443208e-01	4.443234e-01	-5.67925e-11	
198	9.275000e-09	4.442821e-01	4.442848e-01	-5.71788e-11	
199	9.325000e-09	4.442438e-01	4.442464e-01	-5.75617e-11	
200	9.375000e-09	4.442058e-01	4.442084e-01	-5.79418e-11	
201	9.425000e-09	4.441681e-01	4.441707e-01	-5.83185e-11	
202	9.475000e-09	4.441307e-01	4.441333e-01	-5.86925e-11	
203	9.525000e-09	4.440937e-01	4.440962e-01	-5.90632e-11	
204	9.575000e-09	4.440569e-01	4.440594e-01	-5.94313e-11	
205	9.625000e-09	4.440204e-01	4.440229e-01	-5.97961e-11	
206	9.675000e-09	4.439842e-01	4.439866e-01	-6.01584e-11	
207	9.725000e-09	4.439482e-01	4.439507e-01	-6.05175e-11	
208	9.775000e-09	4.439126e-01	4.439150e-01	-6.08741e-11	
209	9.825000e-09	4.438772e-01	4.438796e-01	-6.12277e-11	
210	9.875000e-09	4.438421e-01	4.438445e-01	-6.15787e-11	
211	9.925000e-09	4.438073e-01	4.438097e-01	-6.19269e-11	
212	9.975000e-09	4.437727e-01	4.437751e-01	-6.22726e-11	
213	1.002500e-08	4.437385e-01	4.437408e-01	-6.26154e-11	
214	1.007500e-08	4.437044e-01	4.437067e-01	-6.29559e-11	
215	1.012500e-08	4.436706e-01	4.436730e-01	-6.32935e-11	
216	1.017500e-08	4.436371e-01	4.436394e-01	-6.36289e-11	
217	1.022500e-08	4.436038e-01	4.436061e-01	-6.39615e-11	
218	1.027500e-08	4.435708e-01	4.435731e-01	-6.42918e-11	
219	1.032500e-08	4.435380e-01	4.435403e-01	-6.46195e-11	
220	1.037500e-08	4.435055e-01	4.435077e-01	-6.49450e-11	
221	1.042500e-08	4.434732e-01	4.434754e-01	-6.52679e-11	
222	1.047500e-08	4.434411e-01	4.434433e-01	-6.55886e-11	
223	1.052500e-08	4.434093e-01	4.434115e-01	-6.59068e-11	
224	1.057500e-08	4.433777e-01	4.433799e-01	-6.62228e-11	
225	1.062500e-08	4.433464e-01	4.433485e-01	-6.65364e-11	
226	1.067500e-08	4.433152e-01	4.433173e-01	-6.68480e-11	
227	1.072500e-08	4.432843e-01	4.432864e-01	-6.71571e-11	
228	1.077500e-08	4.432536e-01	4.432557e-01	-6.74642e-11	

Index   time            v(bl0)          v(bl7)          vpre#branch     
--------------------------------------------------------------------------------
229	1.082500e-08	4.432231e-01	4.432252e-01	-6.77689e-11	
230	1.087500e-08	4.431928e-01	4.431949e-01	-6.80717e-11	
231	1.092500e-08	4.431628e-01	4.431648e-01	-6.83721e-11	
232	1.097500e-08	4.431329e-01	4.431350e-01	-6.86707e-11	
233	1.102500e-08	4.431033e-01	4.431053e-01	-6.89670e-11	
234	1.107500e-08	4.430739e-01	4.430759e-01	-6.92614e-11	
235	1.112500e-08	4.430446e-01	4.430466e-01	-6.95536e-11	
236	1.117500e-08	4.430156e-01	4.430176e-01	-6.98439e-11	
237	1.122500e-08	4.429868e-01	4.429888e-01	-7.01321e-11	
238	1.127500e-08	4.429581e-01	4.429601e-01	-7.04185e-11	
239	1.132500e-08	4.429297e-01	4.429317e-01	-7.07028e-11	
240	1.137500e-08	4.429015e-01	4.429034e-01	-7.09854e-11	
241	1.142500e-08	4.428734e-01	4.428753e-01	-7.12659e-11	
242	1.147500e-08	4.428455e-01	4.428474e-01	-7.15447e-11	
243	1.152500e-08	4.428179e-01	4.428197e-01	-7.18214e-11	
244	1.157500e-08	4.427904e-01	4.427922e-01	-7.20965e-11	
245	1.162500e-08	4.427630e-01	4.427649e-01	-7.23696e-11	
246	1.167500e-08	4.427359e-01	4.427378e-01	-7.26411e-11	
247	1.172500e-08	4.427089e-01	4.427108e-01	-7.29106e-11	
248	1.177500e-08	4.426821e-01	4.426840e-01	-7.31785e-11	
249	1.182500e-08	4.426555e-01	4.426574e-01	-7.34446e-11	
250	1.187500e-08	4.426291e-01	4.426309e-01	-7.37091e-11	
251	1.192500e-08	4.426028e-01	4.426046e-01	-7.39717e-11	
252	1.197500e-08	4.425767e-01	4.425785e-01	-7.42328e-11	
253	1.202500e-08	4.425508e-01	4.425526e-01	-7.44921e-11	
254	1.207500e-08	4.425250e-01	4.425268e-01	-7.47499e-11	
255	1.212500e-08	4.424994e-01	4.425012e-01	-7.50059e-11	
256	1.217500e-08	4.424740e-01	4.424757e-01	-7.52604e-11	
257	1.222500e-08	4.424487e-01	4.424504e-01	-7.55132e-11	
258	1.227500e-08	4.424235e-01	4.424253e-01	-7.57646e-11	
259	1.232500e-08	4.423986e-01	4.424003e-01	-7.60142e-11	
260	1.237500e-08	4.423738e-01	4.423755e-01	-7.62625e-11	
261	1.242500e-08	4.423491e-01	4.423508e-01	-7.65091e-11	
262	1.247500e-08	4.423246e-01	4.423263e-01	-7.67543e-11	
263	1.252500e-08	4.423002e-01	4.423019e-01	-7.69979e-11	
264	1.257500e-08	4.422760e-01	4.422777e-01	-7.72401e-11	
265	1.262500e-08	4.422519e-01	4.422536e-01	-7.74807e-11	
266	1.267500e-08	4.422280e-01	4.422296e-01	-7.77200e-11	
267	1.272500e-08	4.422042e-01	4.422058e-01	-7.79578e-11	
268	1.277500e-08	4.421806e-01	4.421822e-01	-7.81942e-11	
269	1.282500e-08	4.421571e-01	4.421587e-01	-7.84291e-11	
270	1.287500e-08	4.421337e-01	4.421353e-01	-7.86628e-11	
271	1.292500e-08	4.421105e-01	4.421121e-01	-7.88949e-11	
272	1.297500e-08	4.420874e-01	4.420890e-01	-7.91258e-11	
273	1.302500e-08	4.420645e-01	4.420660e-01	-7.93552e-11	
274	1.307500e-08	4.420417e-01	4.420432e-01	-7.95834e-11	
275	1.312500e-08	4.420190e-01	4.420205e-01	-7.98102e-11	
276	1.317500e-08	4.419964e-01	4.419980e-01	-8.00357e-11	
277	1.322500e-08	4.419740e-01	4.419755e-01	-8.02599e-11	
278	1.327500e-08	4.419517e-01	4.419532e-01	-8.04829e-11	
279	1.332500e-08	4.419296e-01	4.419311e-01	-8.07044e-11	
280	1.337500e-08	4.419075e-01	4.419090e-01	-8.09249e-11	
281	1.342500e-08	4.418856e-01	4.418871e-01	-8.11439e-11	
282	1.347500e-08	4.418638e-01	4.418653e-01	-8.13619e-11	
283	1.352500e-08	4.418422e-01	4.418436e-01	-8.15785e-11	
284	1.357500e-08	4.418206e-01	4.418221e-01	-8.17940e-11	
285	1.362500e-08	4.417992e-01	4.418006e-01	-8.20082e-11	
286	1.367500e-08	4.417779e-01	4.417793e-01	-8.22213e-11	

Index   time            v(bl0)          v(bl7)          vpre#branch     
--------------------------------------------------------------------------------
287	1.372500e-08	4.417567e-01	4.417581e-01	-8.24331e-11	
288	1.377500e-08	4.417356e-01	4.417371e-01	-8.26439e-11	
289	1.382500e-08	4.417147e-01	4.417161e-01	-8.28534e-11	
290	1.387500e-08	4.416938e-01	4.416952e-01	-8.30618e-11	
291	1.392500e-08	4.416731e-01	4.416745e-01	-8.32690e-11	
292	1.397500e-08	4.416525e-01	4.416539e-01	-8.34752e-11	
293	1.402500e-08	4.416320e-01	4.416334e-01	-8.36802e-11	
294	1.407500e-08	4.416116e-01	4.416130e-01	-8.38841e-11	
295	1.412500e-08	4.415913e-01	4.415927e-01	-8.40869e-11	
296	1.417500e-08	4.415711e-01	4.415725e-01	-8.42887e-11	
297	1.422500e-08	4.415511e-01	4.415524e-01	-8.44893e-11	
298	1.427500e-08	4.415311e-01	4.415325e-01	-8.46890e-11	
299	1.432500e-08	4.415113e-01	4.415126e-01	-8.48875e-11	
300	1.437500e-08	4.414915e-01	4.414929e-01	-8.50850e-11	
301	1.442500e-08	4.414719e-01	4.414732e-01	-8.52815e-11	
302	1.447500e-08	4.414523e-01	4.414536e-01	-8.54769e-11	
303	1.452500e-08	4.414329e-01	4.414342e-01	-8.56713e-11	
304	1.457500e-08	4.414135e-01	4.414148e-01	-8.58648e-11	
305	1.462500e-08	4.413943e-01	4.413956e-01	-8.60571e-11	
306	1.467500e-08	4.413751e-01	4.413765e-01	-8.62486e-11	
307	1.472500e-08	4.413561e-01	4.413574e-01	-8.64390e-11	
308	1.477500e-08	4.413371e-01	4.413384e-01	-8.66285e-11	
309	1.482500e-08	4.413183e-01	4.413196e-01	-8.68170e-11	
310	1.487500e-08	4.412995e-01	4.413008e-01	-8.70046e-11	
311	1.492500e-08	4.412809e-01	4.412822e-01	-8.71912e-11	
312	1.497500e-08	4.412623e-01	4.412636e-01	-8.73769e-11	
313	1.502500e-08	4.412438e-01	4.412451e-01	-8.75616e-11	
314	1.507500e-08	4.412255e-01	4.412267e-01	-8.77454e-11	
315	1.512500e-08	4.412072e-01	4.412084e-01	-8.79283e-11	
316	1.517500e-08	4.411890e-01	4.411902e-01	-8.81103e-11	
317	1.522500e-08	4.411709e-01	4.411721e-01	-8.82914e-11	
318	1.527500e-08	4.411528e-01	4.411541e-01	-8.84716e-11	
319	1.532500e-08	4.411349e-01	4.411361e-01	-8.86509e-11	
320	1.537500e-08	4.411171e-01	4.411183e-01	-8.88294e-11	
321	1.542500e-08	4.410993e-01	4.411005e-01	-8.90070e-11	
322	1.547500e-08	4.410816e-01	4.410828e-01	-8.91837e-11	
323	1.552500e-08	4.410640e-01	4.410652e-01	-8.93596e-11	
324	1.557500e-08	4.410465e-01	4.410477e-01	-8.95346e-11	
325	1.562500e-08	4.410291e-01	4.410303e-01	-8.97088e-11	
326	1.567500e-08	4.410118e-01	4.410130e-01	-8.98822e-11	
327	1.572500e-08	4.409945e-01	4.409957e-01	-9.00547e-11	
328	1.577500e-08	4.409774e-01	4.409785e-01	-9.02264e-11	
329	1.582500e-08	4.409603e-01	4.409614e-01	-9.03973e-11	
330	1.587500e-08	4.409433e-01	4.409444e-01	-9.05674e-11	
331	1.592500e-08	4.409263e-01	4.409275e-01	-9.07367e-11	
332	1.597500e-08	4.409095e-01	4.409106e-01	-9.09052e-11	
333	1.602500e-08	4.408927e-01	4.408939e-01	-9.10729e-11	
334	1.607500e-08	4.408760e-01	4.408772e-01	-9.12398e-11	
335	1.612500e-08	4.408594e-01	4.408605e-01	-9.14060e-11	
336	1.617500e-08	4.408429e-01	4.408440e-01	-9.15714e-11	
337	1.622500e-08	4.408264e-01	4.408275e-01	-9.17360e-11	
338	1.627500e-08	4.408100e-01	4.408111e-01	-9.19000e-11	
339	1.632500e-08	4.407937e-01	4.407948e-01	-9.20631e-11	
340	1.637500e-08	4.407775e-01	4.407786e-01	-9.22255e-11	
341	1.642500e-08	4.407613e-01	4.407624e-01	-9.23871e-11	
342	1.647500e-08	4.407452e-01	4.407463e-01	-9.25481e-11	
343	1.652500e-08	4.407292e-01	4.407303e-01	-9.27083e-11	
344	1.657500e-08	4.407132e-01	4.407143e-01	-9.28678e-11	

Index   time            v(bl0)          v(bl7)          vpre#branch     
--------------------------------------------------------------------------------
345	1.662500e-08	4.406973e-01	4.406984e-01	-9.30266e-11	
346	1.667500e-08	4.406815e-01	4.406826e-01	-9.31847e-11	
347	1.672500e-08	4.406658e-01	4.406669e-01	-9.33420e-11	
348	1.677500e-08	4.406501e-01	4.406512e-01	-9.34987e-11	
349	1.682500e-08	4.406345e-01	4.406356e-01	-9.36547e-11	
350	1.687500e-08	4.406190e-01	4.406201e-01	-9.38100e-11	
351	1.692500e-08	4.406035e-01	4.406046e-01	-9.39646e-11	
352	1.697500e-08	4.405881e-01	4.405892e-01	-9.41186e-11	
353	1.702500e-08	4.405728e-01	4.405739e-01	-9.42719e-11	
354	1.707500e-08	4.405575e-01	4.405586e-01	-9.44245e-11	
355	1.712500e-08	4.405424e-01	4.405434e-01	-9.45764e-11	
356	1.717500e-08	4.405272e-01	4.405283e-01	-9.47278e-11	
357	1.722500e-08	4.405122e-01	4.405132e-01	-9.48784e-11	
358	1.727500e-08	4.404972e-01	4.404982e-01	-9.50284e-11	
359	1.732500e-08	4.404822e-01	4.404832e-01	-9.51778e-11	
360	1.737500e-08	4.404673e-01	4.404684e-01	-9.53266e-11	
361	1.742500e-08	4.404525e-01	4.404535e-01	-9.54747e-11	
362	1.747500e-08	4.404378e-01	4.404388e-01	-9.56222e-11	
363	1.752500e-08	4.404231e-01	4.404241e-01	-9.57690e-11	
364	1.757500e-08	4.404085e-01	4.404095e-01	-9.59153e-11	
365	1.762500e-08	4.403939e-01	4.403949e-01	-9.60609e-11	
366	1.767500e-08	4.403794e-01	4.403804e-01	-9.62060e-11	
367	1.772500e-08	4.403650e-01	4.403660e-01	-9.63504e-11	
368	1.777500e-08	4.403506e-01	4.403516e-01	-9.64942e-11	
369	1.782500e-08	4.403363e-01	4.403372e-01	-9.66375e-11	
370	1.787500e-08	4.403220e-01	4.403230e-01	-9.67801e-11	
371	1.792500e-08	4.403078e-01	4.403088e-01	-9.69222e-11	
372	1.797500e-08	4.402936e-01	4.402946e-01	-9.70637e-11	
373	1.802500e-08	4.402795e-01	4.402805e-01	-9.72046e-11	
374	1.807500e-08	4.402655e-01	4.402665e-01	-9.73450e-11	
375	1.812500e-08	4.402515e-01	4.402525e-01	-9.74847e-11	
376	1.817500e-08	4.402376e-01	4.402386e-01	-9.76240e-11	
377	1.822500e-08	4.402237e-01	4.402247e-01	-9.77626e-11	
378	1.827500e-08	4.402099e-01	4.402109e-01	-9.79007e-11	
379	1.832500e-08	4.401962e-01	4.401971e-01	-9.80383e-11	
380	1.837500e-08	4.401825e-01	4.401834e-01	-9.81753e-11	
381	1.842500e-08	4.401688e-01	4.401698e-01	-9.83117e-11	
382	1.847500e-08	4.401552e-01	4.401562e-01	-9.84477e-11	
383	1.852500e-08	4.401417e-01	4.401426e-01	-9.85830e-11	
384	1.857500e-08	4.401282e-01	4.401291e-01	-9.87179e-11	
385	1.862500e-08	4.401148e-01	4.401157e-01	-9.88522e-11	
386	1.867500e-08	4.401014e-01	4.401023e-01	-9.89860e-11	
387	1.872500e-08	4.400881e-01	4.400890e-01	-9.91193e-11	
388	1.877500e-08	4.400748e-01	4.400757e-01	-9.92521e-11	
389	1.882500e-08	4.400616e-01	4.400625e-01	-9.93843e-11	
390	1.887500e-08	4.400484e-01	4.400493e-01	-9.95161e-11	
391	1.892500e-08	4.400353e-01	4.400362e-01	-9.96473e-11	
392	1.897500e-08	4.400222e-01	4.400231e-01	-9.97781e-11	
393	1.902500e-08	4.400092e-01	4.400101e-01	-9.99083e-11	
394	1.907500e-08	4.399962e-01	4.399971e-01	-1.00038e-10	
395	1.912500e-08	4.399833e-01	4.399842e-01	-1.00167e-10	
396	1.917500e-08	4.399704e-01	4.399713e-01	-1.00296e-10	
397	1.922500e-08	4.399576e-01	4.399584e-01	-1.00424e-10	
398	1.927500e-08	4.399448e-01	4.399457e-01	-1.00552e-10	
399	1.932500e-08	4.399321e-01	4.399329e-01	-1.00679e-10	
400	1.937500e-08	4.399194e-01	4.399202e-01	-1.00806e-10	
401	1.942500e-08	4.399067e-01	4.399076e-01	-1.00933e-10	
402	1.947500e-08	4.398942e-01	4.398950e-01	-1.01058e-10	

Index   time            v(bl0)          v(bl7)          vpre#branch     
--------------------------------------------------------------------------------
403	1.952500e-08	4.398816e-01	4.398825e-01	-1.01184e-10	
404	1.957500e-08	4.398691e-01	4.398700e-01	-1.01309e-10	
405	1.962500e-08	4.398567e-01	4.398575e-01	-1.01433e-10	
406	1.967500e-08	4.398443e-01	4.398451e-01	-1.01557e-10	
407	1.972500e-08	4.398319e-01	4.398327e-01	-1.01681e-10	
408	1.977500e-08	4.398196e-01	4.398204e-01	-1.01804e-10	
409	1.982500e-08	4.398073e-01	4.398082e-01	-1.01927e-10	
410	1.987500e-08	4.397951e-01	4.397959e-01	-1.02049e-10	
411	1.992500e-08	4.397829e-01	4.397837e-01	-1.02171e-10	
412	1.997500e-08	4.397708e-01	4.397716e-01	-1.02292e-10	
413	2.002500e-08	4.397587e-01	4.397595e-01	-1.02413e-10	
414	2.007500e-08	4.397466e-01	4.397475e-01	-1.02534e-10	
415	2.012500e-08	4.397346e-01	4.397354e-01	-1.02654e-10	
416	2.017500e-08	4.397227e-01	4.397235e-01	-1.02773e-10	
417	2.022500e-08	4.397107e-01	4.397116e-01	-1.02893e-10	
418	2.027500e-08	4.396989e-01	4.396997e-01	-1.03011e-10	
419	2.032500e-08	4.396870e-01	4.396878e-01	-1.03130e-10	
420	2.037500e-08	4.396752e-01	4.396760e-01	-1.03248e-10	
421	2.042500e-08	4.396635e-01	4.396643e-01	-1.03365e-10	
422	2.047500e-08	4.396518e-01	4.396526e-01	-1.03482e-10	
423	2.052500e-08	4.396401e-01	4.396409e-01	-1.03599e-10	
424	2.057500e-08	4.396285e-01	4.396293e-01	-1.03715e-10	
425	2.062500e-08	4.396169e-01	4.396177e-01	-1.03831e-10	
426	2.067500e-08	4.396053e-01	4.396061e-01	-1.03947e-10	
427	2.072500e-08	4.395938e-01	4.395946e-01	-1.04062e-10	
428	2.077500e-08	4.395823e-01	4.395831e-01	-1.04177e-10	
429	2.082500e-08	4.395709e-01	4.395717e-01	-1.04291e-10	
430	2.087500e-08	4.395595e-01	4.395603e-01	-1.04405e-10	
431	2.092500e-08	4.395482e-01	4.395489e-01	-1.04518e-10	
432	2.097500e-08	4.395368e-01	4.395376e-01	-1.04632e-10	
433	2.102500e-08	4.395256e-01	4.395263e-01	-1.04744e-10	
434	2.107500e-08	4.395143e-01	4.395151e-01	-1.04857e-10	
435	2.112500e-08	4.395031e-01	4.395039e-01	-1.04969e-10	
436	2.117500e-08	4.394920e-01	4.394927e-01	-1.05080e-10	
437	2.122500e-08	4.394808e-01	4.394816e-01	-1.05192e-10	
438	2.127500e-08	4.394698e-01	4.394705e-01	-1.05302e-10	
439	2.132500e-08	4.394587e-01	4.394595e-01	-1.05413e-10	
440	2.137500e-08	4.394477e-01	4.394484e-01	-1.05523e-10	
441	2.142500e-08	4.394367e-01	4.394375e-01	-1.05633e-10	
442	2.147500e-08	4.394258e-01	4.394265e-01	-1.05742e-10	
443	2.152500e-08	4.394149e-01	4.394156e-01	-1.05851e-10	
444	2.157500e-08	4.394040e-01	4.394047e-01	-1.05960e-10	
445	2.162500e-08	4.393932e-01	4.393939e-01	-1.06068e-10	
446	2.167500e-08	4.393824e-01	4.393831e-01	-1.06176e-10	
447	2.172500e-08	4.393716e-01	4.393723e-01	-1.06284e-10	
448	2.177500e-08	4.393609e-01	4.393616e-01	-1.06391e-10	
449	2.182500e-08	4.393502e-01	4.393509e-01	-1.06498e-10	
450	2.187500e-08	4.393395e-01	4.393403e-01	-1.06605e-10	
451	2.192500e-08	4.393289e-01	4.393296e-01	-1.06711e-10	
452	2.197500e-08	4.393183e-01	4.393190e-01	-1.06817e-10	
453	2.202500e-08	4.393078e-01	4.393085e-01	-1.06922e-10	
454	2.207500e-08	4.392972e-01	4.392980e-01	-1.07028e-10	
455	2.212500e-08	4.392867e-01	4.392875e-01	-1.07133e-10	
456	2.217500e-08	4.392763e-01	4.392770e-01	-1.07237e-10	
457	2.222500e-08	4.392659e-01	4.392666e-01	-1.07341e-10	
458	2.227500e-08	4.392555e-01	4.392562e-01	-1.07445e-10	
459	2.232500e-08	4.392451e-01	4.392458e-01	-1.07549e-10	
460	2.237500e-08	4.392348e-01	4.392355e-01	-1.07652e-10	

Index   time            v(bl0)          v(bl7)          vpre#branch     
--------------------------------------------------------------------------------
461	2.242500e-08	4.392245e-01	4.392252e-01	-1.07755e-10	
462	2.247500e-08	4.392143e-01	4.392150e-01	-1.07857e-10	
463	2.252500e-08	4.392040e-01	4.392047e-01	-1.07960e-10	
464	2.257500e-08	4.391938e-01	4.391945e-01	-1.08062e-10	
465	2.262500e-08	4.391837e-01	4.391844e-01	-1.08163e-10	
466	2.267500e-08	4.391735e-01	4.391742e-01	-1.08265e-10	
467	2.272500e-08	4.391634e-01	4.391641e-01	-1.08366e-10	
468	2.277500e-08	4.391534e-01	4.391541e-01	-1.08466e-10	
469	2.282500e-08	4.391433e-01	4.391440e-01	-1.08567e-10	
470	2.287500e-08	4.391333e-01	4.391340e-01	-1.08667e-10	
471	2.292500e-08	4.391234e-01	4.391240e-01	-1.08766e-10	
472	2.297500e-08	4.391134e-01	4.391141e-01	-1.08866e-10	
473	2.302500e-08	4.391035e-01	4.391042e-01	-1.08965e-10	
474	2.307500e-08	4.390936e-01	4.390943e-01	-1.09064e-10	
475	2.312500e-08	4.390838e-01	4.390844e-01	-1.09162e-10	
476	2.317500e-08	4.390739e-01	4.390746e-01	-1.09261e-10	
477	2.322500e-08	4.390641e-01	4.390648e-01	-1.09359e-10	
478	2.327500e-08	4.390544e-01	4.390551e-01	-1.09456e-10	
479	2.332500e-08	4.390446e-01	4.390453e-01	-1.09554e-10	
480	2.337500e-08	4.390349e-01	4.390356e-01	-1.09651e-10	
481	2.342500e-08	4.390253e-01	4.390259e-01	-1.09747e-10	
482	2.347500e-08	4.390156e-01	4.390163e-01	-1.09844e-10	
483	2.352500e-08	4.390060e-01	4.390067e-01	-1.09940e-10	
484	2.357500e-08	4.389964e-01	4.389971e-01	-1.10036e-10	
485	2.362500e-08	4.389868e-01	4.389875e-01	-1.10132e-10	
486	2.367500e-08	4.389773e-01	4.389780e-01	-1.10227e-10	
487	2.372500e-08	4.389678e-01	4.389684e-01	-1.10322e-10	
488	2.377500e-08	4.389583e-01	4.389590e-01	-1.10417e-10	
489	2.382500e-08	4.389489e-01	4.389495e-01	-1.10511e-10	
490	2.387500e-08	4.389394e-01	4.389401e-01	-1.10606e-10	
491	2.392500e-08	4.389300e-01	4.389307e-01	-1.10700e-10	
492	2.397500e-08	4.389207e-01	4.389213e-01	-1.10793e-10	
493	2.402500e-08	4.389113e-01	4.389120e-01	-1.10887e-10	
494	2.407500e-08	4.389020e-01	4.389027e-01	-1.10980e-10	
495	2.412500e-08	4.388927e-01	4.388934e-01	-1.11073e-10	
496	2.417500e-08	4.388835e-01	4.388841e-01	-1.11165e-10	
497	2.422500e-08	4.388742e-01	4.388749e-01	-1.11258e-10	
498	2.427500e-08	4.388650e-01	4.388657e-01	-1.11350e-10	
499	2.432500e-08	4.388558e-01	4.388565e-01	-1.11442e-10	
500	2.437500e-08	4.388467e-01	4.388473e-01	-1.11533e-10	
501	2.442500e-08	4.388376e-01	4.388382e-01	-1.11624e-10	
502	2.447500e-08	4.388285e-01	4.388291e-01	-1.11715e-10	
503	2.452500e-08	4.388194e-01	4.388200e-01	-1.11806e-10	
504	2.457500e-08	4.388103e-01	4.388110e-01	-1.11897e-10	
505	2.462500e-08	4.388013e-01	4.388019e-01	-1.11987e-10	
506	2.467500e-08	4.387923e-01	4.387929e-01	-1.12077e-10	
507	2.472500e-08	4.387833e-01	4.387839e-01	-1.12167e-10	
508	2.477500e-08	4.387744e-01	4.387750e-01	-1.12256e-10	
509	2.482500e-08	4.387655e-01	4.387661e-01	-1.12345e-10	
510	2.487500e-08	4.387565e-01	4.387572e-01	-1.12435e-10	
511	2.492500e-08	4.387477e-01	4.387483e-01	-1.12523e-10	
512	2.496250e-08	4.387410e-01	4.387416e-01	-1.12590e-10	
513	2.500000e-08	4.387344e-01	4.387350e-01	-1.12656e-10	


Total analysis time (seconds) = 0.0805073

Total elapsed time (seconds) = 0.089 

Total DRAM available = 386307.215 MB.
DRAM currently available = 6851.258 MB.
Maximum ngspice program size =  529.852 MB.
Current ngspice program size =   14.344 MB.

Shared ngspice pages =   12.383 MB.
Text (code) pages =    6.266 MB.
Stack = 0 bytes.
Library pages =   59.270 MB.

