
Note: No compatibility mode selected!


Circuit: * id-vd sweep vgs=0.9000v

Doing analysis at TEMP = -40.000000 and TNOM = 27.000000

Using SPARSE 1.3 as Direct Linear Solver

No. of Data Rows : 101
                           * id-vd sweep vgs=0.9000v
                           DC transfer characteristic  Tue Jun 23 23:49:28  2026
--------------------------------------------------------------------------------
Index   v-sweep         vd#branch       v(d)            
--------------------------------------------------------------------------------
0	0.000000e+00	0.000000e+00	0.000000e+00	
1	9.000000e-03	-4.92890e-07	9.000000e-03	
2	1.800000e-02	-6.06027e-07	1.800000e-02	
3	2.700000e-02	-6.51607e-07	2.700000e-02	
4	3.600000e-02	-6.80888e-07	3.600000e-02	
5	4.500000e-02	-7.02508e-07	4.500000e-02	
6	5.400000e-02	-7.19752e-07	5.400000e-02	
7	6.300000e-02	-7.34182e-07	6.300000e-02	
8	7.200000e-02	-7.46660e-07	7.200000e-02	
9	8.100000e-02	-7.58355e-07	8.100000e-02	
10	9.000000e-02	-7.68171e-07	9.000000e-02	
11	9.900000e-02	-7.77177e-07	9.900000e-02	
12	1.080000e-01	-7.85525e-07	1.080000e-01	
13	1.170000e-01	-7.93326e-07	1.170000e-01	
14	1.260000e-01	-8.00669e-07	1.260000e-01	
15	1.350000e-01	-8.07621e-07	1.350000e-01	
16	1.440000e-01	-8.14236e-07	1.440000e-01	
17	1.530000e-01	-8.20557e-07	1.530000e-01	
18	1.620000e-01	-8.26620e-07	1.620000e-01	
19	1.710000e-01	-8.32455e-07	1.710000e-01	
20	1.800000e-01	-8.38086e-07	1.800000e-01	
21	1.890000e-01	-8.43535e-07	1.890000e-01	
22	1.980000e-01	-8.48819e-07	1.980000e-01	
23	2.070000e-01	-8.53954e-07	2.070000e-01	
24	2.160000e-01	-8.58953e-07	2.160000e-01	
25	2.250000e-01	-8.63828e-07	2.250000e-01	
26	2.340000e-01	-8.68589e-07	2.340000e-01	
27	2.430000e-01	-8.73244e-07	2.430000e-01	
28	2.520000e-01	-8.77803e-07	2.520000e-01	
29	2.610000e-01	-8.82272e-07	2.610000e-01	
30	2.700000e-01	-8.86657e-07	2.700000e-01	
31	2.790000e-01	-8.90965e-07	2.790000e-01	
32	2.880000e-01	-8.95200e-07	2.880000e-01	
33	2.970000e-01	-8.99367e-07	2.970000e-01	
34	3.060000e-01	-9.03470e-07	3.060000e-01	
35	3.150000e-01	-9.07513e-07	3.150000e-01	
36	3.240000e-01	-9.11500e-07	3.240000e-01	
37	3.330000e-01	-9.15434e-07	3.330000e-01	
38	3.420000e-01	-9.19318e-07	3.420000e-01	
39	3.510000e-01	-9.23154e-07	3.510000e-01	
40	3.600000e-01	-9.26946e-07	3.600000e-01	
41	3.690000e-01	-9.30695e-07	3.690000e-01	
42	3.780000e-01	-9.34403e-07	3.780000e-01	
43	3.870000e-01	-9.38074e-07	3.870000e-01	
44	3.960000e-01	-9.41707e-07	3.960000e-01	
45	4.050000e-01	-9.45306e-07	4.050000e-01	
46	4.140000e-01	-9.48872e-07	4.140000e-01	
47	4.230000e-01	-9.52406e-07	4.230000e-01	
48	4.320000e-01	-9.55910e-07	4.320000e-01	
49	4.410000e-01	-9.59385e-07	4.410000e-01	
50	4.500000e-01	-9.62832e-07	4.500000e-01	
51	4.590000e-01	-9.66252e-07	4.590000e-01	
52	4.680000e-01	-9.69647e-07	4.680000e-01	
53	4.770000e-01	-9.73018e-07	4.770000e-01	
54	4.860000e-01	-9.76365e-07	4.860000e-01	

Index   v-sweep         vd#branch       v(d)            
--------------------------------------------------------------------------------
55	4.950000e-01	-9.79690e-07	4.950000e-01	
56	5.040000e-01	-9.82993e-07	5.040000e-01	
57	5.130000e-01	-9.86275e-07	5.130000e-01	
58	5.220000e-01	-9.89537e-07	5.220000e-01	
59	5.310000e-01	-9.92780e-07	5.310000e-01	
60	5.400000e-01	-9.96004e-07	5.400000e-01	
61	5.490000e-01	-9.99211e-07	5.490000e-01	
62	5.580000e-01	-1.00240e-06	5.580000e-01	
63	5.670000e-01	-1.00557e-06	5.670000e-01	
64	5.760000e-01	-1.00873e-06	5.760000e-01	
65	5.850000e-01	-1.01187e-06	5.850000e-01	
66	5.940000e-01	-1.01499e-06	5.940000e-01	
67	6.030000e-01	-1.01810e-06	6.030000e-01	
68	6.120000e-01	-1.02120e-06	6.120000e-01	
69	6.210000e-01	-1.02428e-06	6.210000e-01	
70	6.300000e-01	-1.02735e-06	6.300000e-01	
71	6.390000e-01	-1.03041e-06	6.390000e-01	
72	6.480000e-01	-1.03345e-06	6.480000e-01	
73	6.570000e-01	-1.03649e-06	6.570000e-01	
74	6.660000e-01	-1.03951e-06	6.660000e-01	
75	6.750000e-01	-1.04251e-06	6.750000e-01	
76	6.840000e-01	-1.04551e-06	6.840000e-01	
77	6.930000e-01	-1.04850e-06	6.930000e-01	
78	7.020000e-01	-1.05148e-06	7.020000e-01	
79	7.110000e-01	-1.05444e-06	7.110000e-01	
80	7.200000e-01	-1.05740e-06	7.200000e-01	
81	7.290000e-01	-1.06035e-06	7.290000e-01	
82	7.380000e-01	-1.06328e-06	7.380000e-01	
83	7.470000e-01	-1.06621e-06	7.470000e-01	
84	7.560000e-01	-1.06913e-06	7.560000e-01	
85	7.650000e-01	-1.07204e-06	7.650000e-01	
86	7.740000e-01	-1.07495e-06	7.740000e-01	
87	7.830000e-01	-1.07784e-06	7.830000e-01	
88	7.920000e-01	-1.08073e-06	7.920000e-01	
89	8.010000e-01	-1.08361e-06	8.010000e-01	
90	8.100000e-01	-1.08648e-06	8.100000e-01	
91	8.190000e-01	-1.08934e-06	8.190000e-01	
92	8.280000e-01	-1.09220e-06	8.280000e-01	
93	8.370000e-01	-1.09505e-06	8.370000e-01	
94	8.460000e-01	-1.09789e-06	8.460000e-01	
95	8.550000e-01	-1.10073e-06	8.550000e-01	
96	8.640000e-01	-1.10356e-06	8.640000e-01	
97	8.730000e-01	-1.10638e-06	8.730000e-01	
98	8.820000e-01	-1.10920e-06	8.820000e-01	
99	8.910000e-01	-1.11201e-06	8.910000e-01	
100	9.000000e-01	-1.11482e-06	9.000000e-01	


Total analysis time (seconds) = 0.00807326

Total elapsed time (seconds) = 0.016 

Total DRAM available = 386307.215 MB.
DRAM currently available = 6881.500 MB.
Maximum ngspice program size =  529.723 MB.
Current ngspice program size =   14.035 MB.

Shared ngspice pages =   12.266 MB.
Text (code) pages =    6.266 MB.
Stack = 0 bytes.
Library pages =   59.141 MB.

