
Note: No compatibility mode selected!


Circuit: * id-vd sweep vgs=0.9000v

Doing analysis at TEMP = 85.000000 and TNOM = 27.000000

Using SPARSE 1.3 as Direct Linear Solver

No. of Data Rows : 101
                           * id-vd sweep vgs=0.9000v
                           DC transfer characteristic  Tue Jun 23 16:46:24  2026
--------------------------------------------------------------------------------
Index   v-sweep         vd#branch       v(d)            
--------------------------------------------------------------------------------
0	0.000000e+00	0.000000e+00	0.000000e+00	
1	9.000000e-03	-5.38866e-07	9.000000e-03	
2	1.800000e-02	-9.40317e-07	1.800000e-02	
3	2.700000e-02	-1.12486e-06	2.700000e-02	
4	3.600000e-02	-1.21456e-06	3.600000e-02	
5	4.500000e-02	-1.27333e-06	4.500000e-02	
6	5.400000e-02	-1.31694e-06	5.400000e-02	
7	6.300000e-02	-1.35174e-06	6.300000e-02	
8	7.200000e-02	-1.38079e-06	7.200000e-02	
9	8.100000e-02	-1.40582e-06	8.100000e-02	
10	9.000000e-02	-1.42922e-06	9.000000e-02	
11	9.900000e-02	-1.44871e-06	9.900000e-02	
12	1.080000e-01	-1.46649e-06	1.080000e-01	
13	1.170000e-01	-1.48288e-06	1.170000e-01	
14	1.260000e-01	-1.49811e-06	1.260000e-01	
15	1.350000e-01	-1.51237e-06	1.350000e-01	
16	1.440000e-01	-1.52580e-06	1.440000e-01	
17	1.530000e-01	-1.53850e-06	1.530000e-01	
18	1.620000e-01	-1.55058e-06	1.620000e-01	
19	1.710000e-01	-1.56212e-06	1.710000e-01	
20	1.800000e-01	-1.57316e-06	1.800000e-01	
21	1.890000e-01	-1.58376e-06	1.890000e-01	
22	1.980000e-01	-1.59398e-06	1.980000e-01	
23	2.070000e-01	-1.60385e-06	2.070000e-01	
24	2.160000e-01	-1.61339e-06	2.160000e-01	
25	2.250000e-01	-1.62264e-06	2.250000e-01	
26	2.340000e-01	-1.63163e-06	2.340000e-01	
27	2.430000e-01	-1.64038e-06	2.430000e-01	
28	2.520000e-01	-1.64889e-06	2.520000e-01	
29	2.610000e-01	-1.65720e-06	2.610000e-01	
30	2.700000e-01	-1.66532e-06	2.700000e-01	
31	2.790000e-01	-1.67326e-06	2.790000e-01	
32	2.880000e-01	-1.68103e-06	2.880000e-01	
33	2.970000e-01	-1.68865e-06	2.970000e-01	
34	3.060000e-01	-1.69612e-06	3.060000e-01	
35	3.150000e-01	-1.70345e-06	3.150000e-01	
36	3.240000e-01	-1.71066e-06	3.240000e-01	
37	3.330000e-01	-1.71774e-06	3.330000e-01	
38	3.420000e-01	-1.72471e-06	3.420000e-01	
39	3.510000e-01	-1.73157e-06	3.510000e-01	
40	3.600000e-01	-1.73833e-06	3.600000e-01	
41	3.690000e-01	-1.74500e-06	3.690000e-01	
42	3.780000e-01	-1.75157e-06	3.780000e-01	
43	3.870000e-01	-1.75806e-06	3.870000e-01	
44	3.960000e-01	-1.76446e-06	3.960000e-01	
45	4.050000e-01	-1.77079e-06	4.050000e-01	
46	4.140000e-01	-1.77704e-06	4.140000e-01	
47	4.230000e-01	-1.78322e-06	4.230000e-01	
48	4.320000e-01	-1.78933e-06	4.320000e-01	
49	4.410000e-01	-1.79537e-06	4.410000e-01	
50	4.500000e-01	-1.80136e-06	4.500000e-01	
51	4.590000e-01	-1.80728e-06	4.590000e-01	
52	4.680000e-01	-1.81314e-06	4.680000e-01	
53	4.770000e-01	-1.81896e-06	4.770000e-01	
54	4.860000e-01	-1.82471e-06	4.860000e-01	

Index   v-sweep         vd#branch       v(d)            
--------------------------------------------------------------------------------
55	4.950000e-01	-1.83042e-06	4.950000e-01	
56	5.040000e-01	-1.83608e-06	5.040000e-01	
57	5.130000e-01	-1.84169e-06	5.130000e-01	
58	5.220000e-01	-1.84726e-06	5.220000e-01	
59	5.310000e-01	-1.85278e-06	5.310000e-01	
60	5.400000e-01	-1.85827e-06	5.400000e-01	
61	5.490000e-01	-1.86371e-06	5.490000e-01	
62	5.580000e-01	-1.86911e-06	5.580000e-01	
63	5.670000e-01	-1.87447e-06	5.670000e-01	
64	5.760000e-01	-1.87980e-06	5.760000e-01	
65	5.850000e-01	-1.88510e-06	5.850000e-01	
66	5.940000e-01	-1.89036e-06	5.940000e-01	
67	6.030000e-01	-1.89558e-06	6.030000e-01	
68	6.120000e-01	-1.90078e-06	6.120000e-01	
69	6.210000e-01	-1.90594e-06	6.210000e-01	
70	6.300000e-01	-1.91107e-06	6.300000e-01	
71	6.390000e-01	-1.91618e-06	6.390000e-01	
72	6.480000e-01	-1.92126e-06	6.480000e-01	
73	6.570000e-01	-1.92631e-06	6.570000e-01	
74	6.660000e-01	-1.93133e-06	6.660000e-01	
75	6.750000e-01	-1.93633e-06	6.750000e-01	
76	6.840000e-01	-1.94130e-06	6.840000e-01	
77	6.930000e-01	-1.94625e-06	6.930000e-01	
78	7.020000e-01	-1.95117e-06	7.020000e-01	
79	7.110000e-01	-1.95607e-06	7.110000e-01	
80	7.200000e-01	-1.96095e-06	7.200000e-01	
81	7.290000e-01	-1.96581e-06	7.290000e-01	
82	7.380000e-01	-1.97065e-06	7.380000e-01	
83	7.470000e-01	-1.97546e-06	7.470000e-01	
84	7.560000e-01	-1.98026e-06	7.560000e-01	
85	7.650000e-01	-1.98503e-06	7.650000e-01	
86	7.740000e-01	-1.98979e-06	7.740000e-01	
87	7.830000e-01	-1.99453e-06	7.830000e-01	
88	7.920000e-01	-1.99925e-06	7.920000e-01	
89	8.010000e-01	-2.00396e-06	8.010000e-01	
90	8.100000e-01	-2.00864e-06	8.100000e-01	
91	8.190000e-01	-2.01331e-06	8.190000e-01	
92	8.280000e-01	-2.01796e-06	8.280000e-01	
93	8.370000e-01	-2.02260e-06	8.370000e-01	
94	8.460000e-01	-2.02722e-06	8.460000e-01	
95	8.550000e-01	-2.03183e-06	8.550000e-01	
96	8.640000e-01	-2.03642e-06	8.640000e-01	
97	8.730000e-01	-2.04100e-06	8.730000e-01	
98	8.820000e-01	-2.04556e-06	8.820000e-01	
99	8.910000e-01	-2.05011e-06	8.910000e-01	
100	9.000000e-01	-2.05464e-06	9.000000e-01	


Total analysis time (seconds) = 0.184896

Total elapsed time (seconds) = 0.193 

Total DRAM available = 386307.215 MB.
DRAM currently available = 19088.219 MB.
Maximum ngspice program size =  529.715 MB.
Current ngspice program size =   14.023 MB.

Shared ngspice pages =   12.258 MB.
Text (code) pages =    6.266 MB.
Stack = 0 bytes.
Library pages =   59.133 MB.

