
Note: No compatibility mode selected!


Circuit: * 1t1c ccell=30.0ff

Doing analysis at TEMP = 85.000000 and TNOM = 27.000000

Using SPARSE 1.3 as Direct Linear Solver

Initial Transient Solution
--------------------------

Node                                   Voltage
----                                   -------
pre                                       0.45
bl                                        0.45
wl                                           0
plate                                        0
s                                            0
cell                                         0
vs#branch                                    0
vpl#branch                                   0
vwl#branch                                   0
vpre#branch                                  0


No. of Data Rows : 832

  Measurements for Transient Analysis

t_write             =  1.90024e-09
t_read              =  2.28570e-08
i_hold              =  -3.03291e-11 from=  2.50000e-08 to=  3.50250e-08
q_read              =   9.63171e-19 from=  1.20000e-08 to=  2.20000e-08

                              * 1t1c ccell=30.0ff
                              Transient Analysis  Tue Jun 23 16:46:38  2026
--------------------------------------------------------------------------------
Index   time            v(cell)         v(bl)           vpre#branch     
--------------------------------------------------------------------------------
0	0.000000e+00	0.000000e+00	4.500000e-01	0.000000e+00	
1	5.000000e-13	1.299260e-11	4.499999e-01	-5.35506e-16	
2	1.000000e-12	2.598493e-11	4.499999e-01	-1.02532e-15	
3	2.000000e-12	5.196954e-11	4.499998e-01	-2.00433e-15	
4	4.000000e-12	1.039387e-10	4.499996e-01	-3.95867e-15	
5	8.000000e-12	2.078771e-10	4.499992e-01	-7.85262e-15	
6	1.600000e-11	4.157534e-10	4.499984e-01	-1.55820e-14	
7	3.200000e-11	8.315051e-10	4.499969e-01	-3.08098e-14	
8	6.400000e-11	1.663004e-09	4.499940e-01	-6.03637e-14	
9	1.140000e-10	2.962209e-09	4.499896e-01	-1.04232e-13	
10	1.640000e-10	4.261402e-09	4.499855e-01	-1.45425e-13	
11	2.140000e-10	5.560582e-09	4.499816e-01	-1.84105e-13	
12	2.640000e-10	6.859750e-09	4.499780e-01	-2.20426e-13	
13	3.140000e-10	8.158907e-09	4.499745e-01	-2.54532e-13	
14	3.640000e-10	9.458054e-09	4.499713e-01	-2.86558e-13	
15	4.140000e-10	1.075719e-08	4.499683e-01	-3.16630e-13	
16	4.640000e-10	1.205632e-08	4.499655e-01	-3.44868e-13	
17	5.140000e-10	1.335544e-08	4.499629e-01	-3.71383e-13	
18	5.640000e-10	1.465455e-08	4.499604e-01	-3.96282e-13	
19	6.140000e-10	1.595366e-08	4.499580e-01	-4.19662e-13	
20	6.640000e-10	1.725275e-08	4.499558e-01	-4.41615e-13	
21	7.140000e-10	1.855185e-08	4.499538e-01	-4.62230e-13	
22	7.640000e-10	1.985093e-08	4.499518e-01	-4.81587e-13	
23	8.140000e-10	2.115001e-08	4.499500e-01	-4.99764e-13	
24	8.640000e-10	2.244908e-08	4.499483e-01	-5.16832e-13	
25	9.140000e-10	2.374815e-08	4.499467e-01	-5.32859e-13	
26	9.570000e-10	2.486534e-08	4.499454e-01	-5.45857e-13	
27	1.000000e-09	2.598254e-08	4.499442e-01	-5.58171e-13	
28	1.005000e-09	4.498845e-03	4.499441e-01	-5.59064e-13	
29	1.015000e-09	1.349646e-02	4.499440e-01	-5.59950e-13	
30	1.035000e-09	3.149169e-02	4.499443e-01	-5.57147e-13	
31	1.075000e-09	6.748216e-02	4.499460e-01	-5.39593e-13	
32	1.125000e-09	1.124702e-01	4.499492e-01	-5.08404e-13	
33	1.175000e-09	1.574583e-01	4.499523e-01	-4.77083e-13	
34	1.225000e-09	2.024464e-01	4.499552e-01	-4.47861e-13	
35	1.275000e-09	2.474345e-01	4.499580e-01	-4.20499e-13	
36	1.325000e-09	2.924226e-01	4.499605e-01	-3.94836e-13	
37	1.375000e-09	3.374106e-01	4.499629e-01	-3.70751e-13	
38	1.425000e-09	3.823987e-01	4.499652e-01	-3.48139e-13	
39	1.475000e-09	4.273868e-01	4.499673e-01	-3.26907e-13	
40	1.525000e-09	4.723749e-01	4.499693e-01	-3.06971e-13	
41	1.575000e-09	5.173630e-01	4.499712e-01	-2.88251e-13	
42	1.625000e-09	5.623510e-01	4.499729e-01	-2.70671e-13	
43	1.675000e-09	6.073391e-01	4.499746e-01	-2.54163e-13	
44	1.725000e-09	6.523272e-01	4.499761e-01	-2.38662e-13	
45	1.775000e-09	6.973153e-01	4.499776e-01	-2.24106e-13	
46	1.825000e-09	7.423034e-01	4.499790e-01	-2.10437e-13	
47	1.875000e-09	7.872914e-01	4.499802e-01	-1.97601e-13	
48	1.925000e-09	8.322795e-01	4.499814e-01	-1.85548e-13	
49	1.962500e-09	8.660206e-01	4.499823e-01	-1.76993e-13	
50	2.000000e-09	8.997616e-01	4.499831e-01	-1.68833e-13	
51	2.005000e-09	8.997616e-01	4.499832e-01	-1.67777e-13	
52	2.015000e-09	8.997616e-01	4.499834e-01	-1.65679e-13	
53	2.035000e-09	8.997616e-01	4.499838e-01	-1.61560e-13	
54	2.075000e-09	8.997616e-01	4.499846e-01	-1.53627e-13	

Index   time            v(cell)         v(bl)           vpre#branch     
--------------------------------------------------------------------------------
55	2.125000e-09	8.997616e-01	4.499856e-01	-1.44254e-13	
56	2.175000e-09	8.997616e-01	4.499865e-01	-1.35453e-13	
57	2.225000e-09	8.997616e-01	4.499873e-01	-1.27188e-13	
58	2.275000e-09	8.997616e-01	4.499881e-01	-1.19427e-13	
59	2.325000e-09	8.997616e-01	4.499888e-01	-1.12140e-13	
60	2.375000e-09	8.997616e-01	4.499895e-01	-1.05297e-13	
61	2.425000e-09	8.997616e-01	4.499901e-01	-9.88716e-14	
62	2.475000e-09	8.997616e-01	4.499907e-01	-9.28379e-14	
63	2.525000e-09	8.997616e-01	4.499913e-01	-8.71720e-14	
64	2.575000e-09	8.997616e-01	4.499918e-01	-8.18517e-14	
65	2.625000e-09	8.997616e-01	4.499923e-01	-7.68559e-14	
66	2.675000e-09	8.997616e-01	4.499928e-01	-7.21647e-14	
67	2.725000e-09	8.997616e-01	4.499932e-01	-6.77596e-14	
68	2.775000e-09	8.997616e-01	4.499936e-01	-6.36231e-14	
69	2.825000e-09	8.997616e-01	4.499940e-01	-5.97388e-14	
70	2.875000e-09	8.997616e-01	4.499944e-01	-5.60915e-14	
71	2.925000e-09	8.997616e-01	4.499947e-01	-5.26665e-14	
72	2.975000e-09	8.997616e-01	4.499951e-01	-4.94504e-14	
73	3.025000e-09	8.997616e-01	4.499954e-01	-4.64305e-14	
74	3.075000e-09	8.997616e-01	4.499956e-01	-4.35947e-14	
75	3.125000e-09	8.997616e-01	4.499959e-01	-4.09318e-14	
76	3.175000e-09	8.997616e-01	4.499962e-01	-3.84313e-14	
77	3.225000e-09	8.997616e-01	4.499964e-01	-3.60833e-14	
78	3.275000e-09	8.997616e-01	4.499966e-01	-3.38785e-14	
79	3.325000e-09	8.997616e-01	4.499968e-01	-3.18082e-14	
80	3.375000e-09	8.997616e-01	4.499970e-01	-2.98641e-14	
81	3.425000e-09	8.997616e-01	4.499972e-01	-2.80385e-14	
82	3.475000e-09	8.997616e-01	4.499974e-01	-2.63243e-14	
83	3.525000e-09	8.997616e-01	4.499975e-01	-2.47146e-14	
84	3.575000e-09	8.997616e-01	4.499977e-01	-2.32031e-14	
85	3.625000e-09	8.997616e-01	4.499978e-01	-2.17838e-14	
86	3.675000e-09	8.997616e-01	4.499980e-01	-2.04510e-14	
87	3.725000e-09	8.997616e-01	4.499981e-01	-1.91995e-14	
88	3.775000e-09	8.997616e-01	4.499982e-01	-1.80243e-14	
89	3.825000e-09	8.997616e-01	4.499983e-01	-1.69207e-14	
90	3.875000e-09	8.997616e-01	4.499984e-01	-1.58845e-14	
91	3.925000e-09	8.997616e-01	4.499985e-01	-1.49115e-14	
92	3.975000e-09	8.997616e-01	4.499986e-01	-1.39978e-14	
93	4.025000e-09	8.997616e-01	4.499987e-01	-1.31398e-14	
94	4.075000e-09	8.997616e-01	4.499988e-01	-1.23341e-14	
95	4.125000e-09	8.997616e-01	4.499988e-01	-1.15776e-14	
96	4.175000e-09	8.997616e-01	4.499989e-01	-1.08672e-14	
97	4.225000e-09	8.997616e-01	4.499990e-01	-1.02001e-14	
98	4.275000e-09	8.997616e-01	4.499990e-01	-9.57372e-15	
99	4.325000e-09	8.997616e-01	4.499991e-01	-8.98552e-15	
100	4.375000e-09	8.997616e-01	4.499992e-01	-8.43319e-15	
101	4.425000e-09	8.997616e-01	4.499992e-01	-7.91455e-15	
102	4.475000e-09	8.997616e-01	4.499993e-01	-7.42753e-15	
103	4.525000e-09	8.997616e-01	4.499993e-01	-6.97022e-15	
104	4.575000e-09	8.997616e-01	4.499993e-01	-6.54079e-15	
105	4.625000e-09	8.997616e-01	4.499994e-01	-6.13755e-15	
106	4.675000e-09	8.997616e-01	4.499994e-01	-5.75890e-15	
107	4.725000e-09	8.997616e-01	4.499995e-01	-5.40334e-15	
108	4.775000e-09	8.997616e-01	4.499995e-01	-5.06946e-15	
109	4.825000e-09	8.997616e-01	4.499995e-01	-4.75594e-15	
110	4.875000e-09	8.997616e-01	4.499996e-01	-4.46154e-15	
111	4.925000e-09	8.997616e-01	4.499996e-01	-4.18510e-15	
112	4.975000e-09	8.997616e-01	4.499996e-01	-3.92551e-15	

Index   time            v(cell)         v(bl)           vpre#branch     
--------------------------------------------------------------------------------
113	5.025000e-09	8.997616e-01	4.499996e-01	-3.68176e-15	
114	5.075000e-09	8.997616e-01	4.499997e-01	-3.45286e-15	
115	5.125000e-09	8.997616e-01	4.499997e-01	-3.23793e-15	
116	5.175000e-09	8.997616e-01	4.499997e-01	-3.03611e-15	
117	5.225000e-09	8.997616e-01	4.499997e-01	-2.84659e-15	
118	5.275000e-09	8.997616e-01	4.499997e-01	-2.66862e-15	
119	5.325000e-09	8.997616e-01	4.499997e-01	-2.50151e-15	
120	5.375000e-09	8.997616e-01	4.499998e-01	-2.34460e-15	
121	5.425000e-09	8.997616e-01	4.499998e-01	-2.19725e-15	
122	5.475000e-09	8.997616e-01	4.499998e-01	-2.05888e-15	
123	5.525000e-09	8.997616e-01	4.499998e-01	-1.92896e-15	
124	5.575000e-09	8.997616e-01	4.499998e-01	-1.80696e-15	
125	5.625000e-09	8.997616e-01	4.499998e-01	-1.69239e-15	
126	5.675000e-09	8.997616e-01	4.499998e-01	-1.58482e-15	
127	5.725000e-09	8.997616e-01	4.499999e-01	-1.48380e-15	
128	5.775000e-09	8.997616e-01	4.499999e-01	-1.38895e-15	
129	5.825000e-09	8.997616e-01	4.499999e-01	-1.29987e-15	
130	5.875000e-09	8.997616e-01	4.499999e-01	-1.21623e-15	
131	5.925000e-09	8.997616e-01	4.499999e-01	-1.13770e-15	
132	5.975000e-09	8.997616e-01	4.499999e-01	-1.06395e-15	
133	6.025000e-09	8.997616e-01	4.499999e-01	-9.94694e-16	
134	6.075000e-09	8.997616e-01	4.499999e-01	-9.29665e-16	
135	6.125000e-09	8.997616e-01	4.499999e-01	-8.68602e-16	
136	6.175000e-09	8.997616e-01	4.499999e-01	-8.11262e-16	
137	6.225000e-09	8.997616e-01	4.499999e-01	-7.57419e-16	
138	6.275000e-09	8.997616e-01	4.499999e-01	-7.06860e-16	
139	6.325000e-09	8.997616e-01	4.499999e-01	-6.59384e-16	
140	6.375000e-09	8.997616e-01	4.499999e-01	-6.14803e-16	
141	6.425000e-09	8.997616e-01	4.499999e-01	-5.72940e-16	
142	6.475000e-09	8.997616e-01	4.499999e-01	-5.33631e-16	
143	6.525000e-09	8.997616e-01	4.500000e-01	-4.96719e-16	
144	6.575000e-09	8.997616e-01	4.500000e-01	-4.62058e-16	
145	6.625000e-09	8.997616e-01	4.500000e-01	-4.29511e-16	
146	6.675000e-09	8.997616e-01	4.500000e-01	-3.98948e-16	
147	6.725000e-09	8.997616e-01	4.500000e-01	-3.70249e-16	
148	6.775000e-09	8.997616e-01	4.500000e-01	-3.43300e-16	
149	6.825000e-09	8.997616e-01	4.500000e-01	-3.17994e-16	
150	6.875000e-09	8.997616e-01	4.500000e-01	-2.94231e-16	
151	6.925000e-09	8.997616e-01	4.500000e-01	-2.71918e-16	
152	6.962500e-09	8.997616e-01	4.500000e-01	-2.56083e-16	
153	7.000000e-09	8.997616e-01	4.500000e-01	-2.40977e-16	
154	7.005000e-09	8.772675e-01	4.500000e-01	-2.39054e-16	
155	7.015000e-09	8.322795e-01	4.500000e-01	-2.35289e-16	
156	7.035000e-09	7.423033e-01	4.500000e-01	-2.28205e-16	
157	7.067500e-09	5.960920e-01	4.500000e-01	-2.17749e-16	
158	7.100000e-09	4.498808e-01	4.500000e-01	-2.08272e-16	
159	7.105000e-09	4.498808e-01	4.500000e-01	-2.06972e-16	
160	7.115000e-09	4.498808e-01	4.500000e-01	-2.04389e-16	
161	7.135000e-09	4.498808e-01	4.500000e-01	-1.99319e-16	
162	7.175000e-09	4.498808e-01	4.500000e-01	-1.89552e-16	
163	7.225000e-09	4.498808e-01	4.500000e-01	-1.78013e-16	
164	7.275000e-09	4.498808e-01	4.500000e-01	-1.67178e-16	
165	7.325000e-09	4.498808e-01	4.500000e-01	-1.57004e-16	
166	7.375000e-09	4.498808e-01	4.500000e-01	-1.47450e-16	
167	7.425000e-09	4.498808e-01	4.500000e-01	-1.38479e-16	
168	7.475000e-09	4.498808e-01	4.500000e-01	-1.30054e-16	
169	7.525000e-09	4.498808e-01	4.500000e-01	-1.22144e-16	
170	7.575000e-09	4.498808e-01	4.500000e-01	-1.14716e-16	

Index   time            v(cell)         v(bl)           vpre#branch     
--------------------------------------------------------------------------------
171	7.625000e-09	4.498808e-01	4.500000e-01	-1.07741e-16	
172	7.675000e-09	4.498808e-01	4.500000e-01	-1.01192e-16	
173	7.725000e-09	4.498808e-01	4.500000e-01	-9.50419e-17	
174	7.775000e-09	4.498808e-01	4.500000e-01	-8.92669e-17	
175	7.825000e-09	4.498808e-01	4.500000e-01	-8.38440e-17	
176	7.875000e-09	4.498808e-01	4.500000e-01	-7.87519e-17	
177	7.925000e-09	4.498808e-01	4.500000e-01	-7.39703e-17	
178	7.975000e-09	4.498808e-01	4.500000e-01	-6.94803e-17	
179	8.025000e-09	4.498808e-01	4.500000e-01	-6.52637e-17	
180	8.075000e-09	4.498808e-01	4.500000e-01	-6.13042e-17	
181	8.125000e-09	4.498808e-01	4.500000e-01	-5.75866e-17	
182	8.175000e-09	4.498808e-01	4.500000e-01	-5.40957e-17	
183	8.225000e-09	4.498808e-01	4.500000e-01	-5.08177e-17	
184	8.275000e-09	4.498808e-01	4.500000e-01	-4.77391e-17	
185	8.325000e-09	4.498808e-01	4.500000e-01	-4.48484e-17	
186	8.375000e-09	4.498808e-01	4.500000e-01	-4.21343e-17	
187	8.425000e-09	4.498808e-01	4.500000e-01	-3.95857e-17	
188	8.475000e-09	4.498808e-01	4.500000e-01	-3.71921e-17	
189	8.525000e-09	4.498808e-01	4.500000e-01	-3.49445e-17	
190	8.575000e-09	4.498808e-01	4.500000e-01	-3.28344e-17	
191	8.625000e-09	4.498808e-01	4.500000e-01	-3.08529e-17	
192	8.675000e-09	4.498808e-01	4.500000e-01	-2.89919e-17	
193	8.725000e-09	4.498808e-01	4.500000e-01	-2.72439e-17	
194	8.775000e-09	4.498808e-01	4.500000e-01	-2.56026e-17	
195	8.825000e-09	4.498808e-01	4.500000e-01	-2.40617e-17	
196	8.875000e-09	4.498808e-01	4.500000e-01	-2.26152e-17	
197	8.925000e-09	4.498808e-01	4.500000e-01	-2.12570e-17	
198	8.975000e-09	4.498808e-01	4.500000e-01	-1.99815e-17	
199	9.025000e-09	4.498808e-01	4.500000e-01	-1.87839e-17	
200	9.075000e-09	4.498808e-01	4.500000e-01	-1.76592e-17	
201	9.125000e-09	4.498808e-01	4.500000e-01	-1.66032e-17	
202	9.175000e-09	4.498808e-01	4.500000e-01	-1.56116e-17	
203	9.225000e-09	4.498808e-01	4.500000e-01	-1.46804e-17	
204	9.275000e-09	4.498808e-01	4.500000e-01	-1.38056e-17	
205	9.325000e-09	4.498808e-01	4.500000e-01	-1.29841e-17	
206	9.375000e-09	4.498808e-01	4.500000e-01	-1.22132e-17	
207	9.425000e-09	4.498808e-01	4.500000e-01	-1.14889e-17	
208	9.475000e-09	4.498808e-01	4.500000e-01	-1.08087e-17	
209	9.525000e-09	4.498808e-01	4.500000e-01	-1.01704e-17	
210	9.575000e-09	4.498808e-01	4.500000e-01	-9.57105e-18	
211	9.625000e-09	4.498808e-01	4.500000e-01	-9.00824e-18	
212	9.675000e-09	4.498808e-01	4.500000e-01	-8.47934e-18	
213	9.725000e-09	4.498808e-01	4.500000e-01	-7.98270e-18	
214	9.775000e-09	4.498808e-01	4.500000e-01	-7.51676e-18	
215	9.825000e-09	4.498808e-01	4.500000e-01	-7.07923e-18	
216	9.875000e-09	4.498808e-01	4.500000e-01	-6.66838e-18	
217	9.925000e-09	4.498808e-01	4.500000e-01	-6.28258e-18	
218	9.975000e-09	4.498808e-01	4.500000e-01	-5.92031e-18	
219	1.002500e-08	4.498808e-01	4.500000e-01	-5.58013e-18	
220	1.007500e-08	4.498808e-01	4.500000e-01	-5.26070e-18	
221	1.012500e-08	4.498808e-01	4.500000e-01	-4.96075e-18	
222	1.017500e-08	4.498808e-01	4.500000e-01	-4.67868e-18	
223	1.022500e-08	4.498808e-01	4.500000e-01	-4.41381e-18	
224	1.027500e-08	4.498808e-01	4.500000e-01	-4.16550e-18	
225	1.032500e-08	4.498808e-01	4.500000e-01	-3.93234e-18	
226	1.037500e-08	4.498808e-01	4.500000e-01	-3.71339e-18	
227	1.042500e-08	4.498808e-01	4.500000e-01	-3.50780e-18	
228	1.047500e-08	4.498808e-01	4.500000e-01	-3.31474e-18	

Index   time            v(cell)         v(bl)           vpre#branch     
--------------------------------------------------------------------------------
229	1.052500e-08	4.498808e-01	4.500000e-01	-3.13346e-18	
230	1.057500e-08	4.498808e-01	4.500000e-01	-2.96282e-18	
231	1.062500e-08	4.498808e-01	4.500000e-01	-2.80217e-18	
232	1.067500e-08	4.498808e-01	4.500000e-01	-2.65173e-18	
233	1.072500e-08	4.498808e-01	4.500000e-01	-2.51047e-18	
234	1.077500e-08	4.498808e-01	4.500000e-01	-2.37782e-18	
235	1.082500e-08	4.498808e-01	4.500000e-01	-2.25367e-18	
236	1.087500e-08	4.498808e-01	4.500000e-01	-2.13709e-18	
237	1.092500e-08	4.498808e-01	4.500000e-01	-2.02763e-18	
238	1.096250e-08	4.498808e-01	4.500000e-01	-1.95000e-18	
239	1.100000e-08	4.498808e-01	4.500000e-01	-1.87568e-18	
240	1.100500e-08	4.498820e-01	4.544716e-01	4.471611e-11	
241	1.101500e-08	4.498844e-01	4.633589e-01	1.335893e-10	
242	1.103500e-08	4.498892e-01	4.808023e-01	3.080234e-10	
243	1.107500e-08	4.498987e-01	5.144048e-01	6.440483e-10	
244	1.112500e-08	4.499106e-01	5.541027e-01	1.041027e-09	
245	1.117500e-08	4.499225e-01	5.913796e-01	1.413796e-09	
246	1.122500e-08	4.499345e-01	6.263833e-01	1.763833e-09	
247	1.127500e-08	4.499464e-01	6.592525e-01	2.092525e-09	
248	1.132500e-08	4.499583e-01	6.901171e-01	2.401171e-09	
249	1.137500e-08	4.499702e-01	7.190995e-01	2.690995e-09	
250	1.142500e-08	4.499821e-01	7.463142e-01	2.963142e-09	
251	1.147500e-08	4.499941e-01	7.718686e-01	3.218686e-09	
252	1.152500e-08	4.500060e-01	7.958628e-01	3.458628e-09	
253	1.157500e-08	4.500179e-01	8.183887e-01	3.683887e-09	
254	1.162500e-08	4.500298e-01	8.395274e-01	3.895274e-09	
255	1.167500e-08	4.500418e-01	8.593410e-01	4.093410e-09	
256	1.172500e-08	4.500537e-01	8.778139e-01	4.278139e-09	
257	1.177500e-08	4.500658e-01	8.948135e-01	4.448135e-09	
258	1.182500e-08	4.500781e-01	9.099115e-01	4.599115e-09	
259	1.187500e-08	4.500910e-01	9.218616e-01	4.718616e-09	
260	1.192500e-08	4.501055e-01	9.274534e-01	4.774534e-09	
261	1.196250e-08	4.501185e-01	9.234956e-01	4.734956e-09	
262	1.200000e-08	4.501353e-01	9.057834e-01	4.557834e-09	
263	1.200500e-08	4.501367e-01	8.978463e-01	4.478463e-09	
264	1.201500e-08	4.501393e-01	8.822024e-01	4.322024e-09	
265	1.203500e-08	4.501445e-01	8.522484e-01	4.022484e-09	
266	1.207500e-08	4.501541e-01	7.971681e-01	3.471681e-09	
267	1.212500e-08	4.501649e-01	7.363008e-01	2.863008e-09	
268	1.217500e-08	4.501747e-01	6.830601e-01	2.330601e-09	
269	1.222500e-08	4.501836e-01	6.363106e-01	1.863106e-09	
270	1.227500e-08	4.501917e-01	5.951659e-01	1.451659e-09	
271	1.232500e-08	4.501992e-01	5.588906e-01	1.088906e-09	
272	1.237500e-08	4.502061e-01	5.269160e-01	7.691605e-10	
273	1.242500e-08	4.502125e-01	4.988897e-01	4.888968e-10	
274	1.247500e-08	4.502183e-01	4.747743e-01	2.477433e-10	
275	1.252500e-08	4.502229e-01	4.562828e-01	6.282834e-11	
276	1.257500e-08	4.502246e-01	4.497272e-01	-2.72838e-12	
277	1.262500e-08	4.502244e-01	4.503539e-01	3.538829e-12	
278	1.267500e-08	4.502245e-01	4.501821e-01	1.820530e-12	
279	1.272500e-08	4.502245e-01	4.502307e-01	2.306876e-12	
280	1.277500e-08	4.502245e-01	4.502176e-01	2.176116e-12	
281	1.282500e-08	4.502245e-01	4.502212e-01	2.211849e-12	
282	1.287500e-08	4.502245e-01	4.502202e-01	2.202090e-12	
283	1.292500e-08	4.502245e-01	4.502205e-01	2.204687e-12	
284	1.297500e-08	4.502245e-01	4.502204e-01	2.203952e-12	
285	1.302500e-08	4.502244e-01	4.502204e-01	2.204088e-12	
286	1.307500e-08	4.502244e-01	4.502204e-01	2.204024e-12	

Index   time            v(cell)         v(bl)           vpre#branch     
--------------------------------------------------------------------------------
287	1.312500e-08	4.502244e-01	4.502204e-01	2.203977e-12	
288	1.317500e-08	4.502244e-01	4.502204e-01	2.203962e-12	
289	1.322500e-08	4.502244e-01	4.502204e-01	2.203902e-12	
290	1.327500e-08	4.502244e-01	4.502204e-01	2.203891e-12	
291	1.332500e-08	4.502244e-01	4.502204e-01	2.203829e-12	
292	1.337500e-08	4.502244e-01	4.502204e-01	2.203819e-12	
293	1.342500e-08	4.502244e-01	4.502204e-01	2.203757e-12	
294	1.347500e-08	4.502244e-01	4.502204e-01	2.203746e-12	
295	1.352500e-08	4.502244e-01	4.502204e-01	2.203685e-12	
296	1.357500e-08	4.502244e-01	4.502204e-01	2.203674e-12	
297	1.362500e-08	4.502244e-01	4.502204e-01	2.203613e-12	
298	1.367500e-08	4.502244e-01	4.502204e-01	2.203602e-12	
299	1.372500e-08	4.502244e-01	4.502204e-01	2.203541e-12	
300	1.377500e-08	4.502244e-01	4.502204e-01	2.203530e-12	
301	1.382500e-08	4.502244e-01	4.502203e-01	2.203469e-12	
302	1.387500e-08	4.502244e-01	4.502203e-01	2.203458e-12	
303	1.392500e-08	4.502244e-01	4.502203e-01	2.203397e-12	
304	1.397500e-08	4.502244e-01	4.502203e-01	2.203386e-12	
305	1.402500e-08	4.502244e-01	4.502203e-01	2.203325e-12	
306	1.407500e-08	4.502244e-01	4.502203e-01	2.203313e-12	
307	1.412500e-08	4.502244e-01	4.502203e-01	2.203253e-12	
308	1.417500e-08	4.502244e-01	4.502203e-01	2.203241e-12	
309	1.422500e-08	4.502244e-01	4.502203e-01	2.203181e-12	
310	1.427500e-08	4.502244e-01	4.502203e-01	2.203169e-12	
311	1.432500e-08	4.502244e-01	4.502203e-01	2.203109e-12	
312	1.437500e-08	4.502243e-01	4.502203e-01	2.203097e-12	
313	1.442500e-08	4.502243e-01	4.502203e-01	2.203037e-12	
314	1.447500e-08	4.502243e-01	4.502203e-01	2.203025e-12	
315	1.452500e-08	4.502243e-01	4.502203e-01	2.202965e-12	
316	1.457500e-08	4.502243e-01	4.502203e-01	2.202953e-12	
317	1.462500e-08	4.502243e-01	4.502203e-01	2.202893e-12	
318	1.467500e-08	4.502243e-01	4.502203e-01	2.202880e-12	
319	1.472500e-08	4.502243e-01	4.502203e-01	2.202822e-12	
320	1.477500e-08	4.502243e-01	4.502203e-01	2.202808e-12	
321	1.482500e-08	4.502243e-01	4.502203e-01	2.202750e-12	
322	1.487500e-08	4.502243e-01	4.502203e-01	2.202736e-12	
323	1.492500e-08	4.502243e-01	4.502203e-01	2.202678e-12	
324	1.497500e-08	4.502243e-01	4.502203e-01	2.202664e-12	
325	1.502500e-08	4.502243e-01	4.502203e-01	2.202606e-12	
326	1.507500e-08	4.502243e-01	4.502203e-01	2.202592e-12	
327	1.512500e-08	4.502243e-01	4.502203e-01	2.202534e-12	
328	1.517500e-08	4.502243e-01	4.502203e-01	2.202520e-12	
329	1.522500e-08	4.502243e-01	4.502202e-01	2.202462e-12	
330	1.527500e-08	4.502243e-01	4.502202e-01	2.202448e-12	
331	1.532500e-08	4.502243e-01	4.502202e-01	2.202390e-12	
332	1.537500e-08	4.502243e-01	4.502202e-01	2.202375e-12	
333	1.542500e-08	4.502243e-01	4.502202e-01	2.202318e-12	
334	1.547500e-08	4.502243e-01	4.502202e-01	2.202303e-12	
335	1.552500e-08	4.502243e-01	4.502202e-01	2.202246e-12	
336	1.557500e-08	4.502243e-01	4.502202e-01	2.202231e-12	
337	1.562500e-08	4.502243e-01	4.502202e-01	2.202174e-12	
338	1.567500e-08	4.502243e-01	4.502202e-01	2.202159e-12	
339	1.572500e-08	4.502242e-01	4.502202e-01	2.202102e-12	
340	1.577500e-08	4.502242e-01	4.502202e-01	2.202087e-12	
341	1.582500e-08	4.502242e-01	4.502202e-01	2.202030e-12	
342	1.587500e-08	4.502242e-01	4.502202e-01	2.202015e-12	
343	1.592500e-08	4.502242e-01	4.502202e-01	2.201958e-12	
344	1.597500e-08	4.502242e-01	4.502202e-01	2.201943e-12	

Index   time            v(cell)         v(bl)           vpre#branch     
--------------------------------------------------------------------------------
345	1.602500e-08	4.502242e-01	4.502202e-01	2.201886e-12	
346	1.607500e-08	4.502242e-01	4.502202e-01	2.201871e-12	
347	1.612500e-08	4.502242e-01	4.502202e-01	2.201814e-12	
348	1.617500e-08	4.502242e-01	4.502202e-01	2.201799e-12	
349	1.622500e-08	4.502242e-01	4.502202e-01	2.201742e-12	
350	1.627500e-08	4.502242e-01	4.502202e-01	2.201726e-12	
351	1.632500e-08	4.502242e-01	4.502202e-01	2.201670e-12	
352	1.637500e-08	4.502242e-01	4.502202e-01	2.201654e-12	
353	1.642500e-08	4.502242e-01	4.502202e-01	2.201598e-12	
354	1.647500e-08	4.502242e-01	4.502202e-01	2.201582e-12	
355	1.652500e-08	4.502242e-01	4.502202e-01	2.201526e-12	
356	1.657500e-08	4.502242e-01	4.502202e-01	2.201510e-12	
357	1.662500e-08	4.502242e-01	4.502201e-01	2.201454e-12	
358	1.667500e-08	4.502242e-01	4.502201e-01	2.201438e-12	
359	1.672500e-08	4.502242e-01	4.502201e-01	2.201382e-12	
360	1.677500e-08	4.502242e-01	4.502201e-01	2.201366e-12	
361	1.682500e-08	4.502242e-01	4.502201e-01	2.201310e-12	
362	1.687500e-08	4.502242e-01	4.502201e-01	2.201294e-12	
363	1.692500e-08	4.502242e-01	4.502201e-01	2.201238e-12	
364	1.697500e-08	4.502242e-01	4.502201e-01	2.201222e-12	
365	1.702500e-08	4.502242e-01	4.502201e-01	2.201166e-12	
366	1.707500e-08	4.502241e-01	4.502201e-01	2.201150e-12	
367	1.712500e-08	4.502241e-01	4.502201e-01	2.201095e-12	
368	1.717500e-08	4.502241e-01	4.502201e-01	2.201078e-12	
369	1.722500e-08	4.502241e-01	4.502201e-01	2.201023e-12	
370	1.727500e-08	4.502241e-01	4.502201e-01	2.201006e-12	
371	1.732500e-08	4.502241e-01	4.502201e-01	2.200951e-12	
372	1.737500e-08	4.502241e-01	4.502201e-01	2.200933e-12	
373	1.742500e-08	4.502241e-01	4.502201e-01	2.200879e-12	
374	1.747500e-08	4.502241e-01	4.502201e-01	2.200861e-12	
375	1.752500e-08	4.502241e-01	4.502201e-01	2.200807e-12	
376	1.757500e-08	4.502241e-01	4.502201e-01	2.200789e-12	
377	1.762500e-08	4.502241e-01	4.502201e-01	2.200735e-12	
378	1.767500e-08	4.502241e-01	4.502201e-01	2.200717e-12	
379	1.772500e-08	4.502241e-01	4.502201e-01	2.200663e-12	
380	1.777500e-08	4.502241e-01	4.502201e-01	2.200645e-12	
381	1.782500e-08	4.502241e-01	4.502201e-01	2.200591e-12	
382	1.787500e-08	4.502241e-01	4.502201e-01	2.200573e-12	
383	1.792500e-08	4.502241e-01	4.502201e-01	2.200519e-12	
384	1.797500e-08	4.502241e-01	4.502201e-01	2.200501e-12	
385	1.802500e-08	4.502241e-01	4.502200e-01	2.200447e-12	
386	1.807500e-08	4.502241e-01	4.502200e-01	2.200429e-12	
387	1.812500e-08	4.502241e-01	4.502200e-01	2.200375e-12	
388	1.817500e-08	4.502241e-01	4.502200e-01	2.200357e-12	
389	1.822500e-08	4.502241e-01	4.502200e-01	2.200303e-12	
390	1.827500e-08	4.502241e-01	4.502200e-01	2.200285e-12	
391	1.832500e-08	4.502241e-01	4.502200e-01	2.200231e-12	
392	1.837500e-08	4.502241e-01	4.502200e-01	2.200213e-12	
393	1.842500e-08	4.502241e-01	4.502200e-01	2.200160e-12	
394	1.847500e-08	4.502240e-01	4.502200e-01	2.200141e-12	
395	1.852500e-08	4.502240e-01	4.502200e-01	2.200088e-12	
396	1.857500e-08	4.502240e-01	4.502200e-01	2.200069e-12	
397	1.862500e-08	4.502240e-01	4.502200e-01	2.200016e-12	
398	1.867500e-08	4.502240e-01	4.502200e-01	2.199997e-12	
399	1.872500e-08	4.502240e-01	4.502200e-01	2.199944e-12	
400	1.877500e-08	4.502240e-01	4.502200e-01	2.199925e-12	
401	1.882500e-08	4.502240e-01	4.502200e-01	2.199872e-12	
402	1.887500e-08	4.502240e-01	4.502200e-01	2.199853e-12	

Index   time            v(cell)         v(bl)           vpre#branch     
--------------------------------------------------------------------------------
403	1.892500e-08	4.502240e-01	4.502200e-01	2.199800e-12	
404	1.897500e-08	4.502240e-01	4.502200e-01	2.199781e-12	
405	1.902500e-08	4.502240e-01	4.502200e-01	2.199728e-12	
406	1.907500e-08	4.502240e-01	4.502200e-01	2.199709e-12	
407	1.912500e-08	4.502240e-01	4.502200e-01	2.199656e-12	
408	1.917500e-08	4.502240e-01	4.502200e-01	2.199637e-12	
409	1.922500e-08	4.502240e-01	4.502200e-01	2.199584e-12	
410	1.927500e-08	4.502240e-01	4.502200e-01	2.199565e-12	
411	1.932500e-08	4.502240e-01	4.502200e-01	2.199512e-12	
412	1.937500e-08	4.502240e-01	4.502199e-01	2.199493e-12	
413	1.942500e-08	4.502240e-01	4.502199e-01	2.199441e-12	
414	1.947500e-08	4.502240e-01	4.502199e-01	2.199421e-12	
415	1.952500e-08	4.502240e-01	4.502199e-01	2.199369e-12	
416	1.957500e-08	4.502240e-01	4.502199e-01	2.199349e-12	
417	1.962500e-08	4.502240e-01	4.502199e-01	2.199297e-12	
418	1.967500e-08	4.502240e-01	4.502199e-01	2.199277e-12	
419	1.972500e-08	4.502240e-01	4.502199e-01	2.199225e-12	
420	1.977500e-08	4.502240e-01	4.502199e-01	2.199205e-12	
421	1.982500e-08	4.502239e-01	4.502199e-01	2.199153e-12	
422	1.987500e-08	4.502239e-01	4.502199e-01	2.199133e-12	
423	1.992500e-08	4.502239e-01	4.502199e-01	2.199081e-12	
424	1.997500e-08	4.502239e-01	4.502199e-01	2.199061e-12	
425	2.002500e-08	4.502239e-01	4.502199e-01	2.199009e-12	
426	2.007500e-08	4.502239e-01	4.502199e-01	2.198989e-12	
427	2.012500e-08	4.502239e-01	4.502199e-01	2.198937e-12	
428	2.017500e-08	4.502239e-01	4.502199e-01	2.198917e-12	
429	2.022500e-08	4.502239e-01	4.502199e-01	2.198865e-12	
430	2.027500e-08	4.502239e-01	4.502199e-01	2.198845e-12	
431	2.032500e-08	4.502239e-01	4.502199e-01	2.198794e-12	
432	2.037500e-08	4.502239e-01	4.502199e-01	2.198773e-12	
433	2.042500e-08	4.502239e-01	4.502199e-01	2.198722e-12	
434	2.047500e-08	4.502239e-01	4.502199e-01	2.198701e-12	
435	2.052500e-08	4.502239e-01	4.502199e-01	2.198650e-12	
436	2.057500e-08	4.502239e-01	4.502199e-01	2.198629e-12	
437	2.062500e-08	4.502239e-01	4.502199e-01	2.198578e-12	
438	2.067500e-08	4.502239e-01	4.502199e-01	2.198557e-12	
439	2.072500e-08	4.502239e-01	4.502199e-01	2.198506e-12	
440	2.077500e-08	4.502239e-01	4.502198e-01	2.198485e-12	
441	2.082500e-08	4.502239e-01	4.502198e-01	2.198434e-12	
442	2.087500e-08	4.502239e-01	4.502198e-01	2.198413e-12	
443	2.092500e-08	4.502239e-01	4.502198e-01	2.198362e-12	
444	2.097500e-08	4.502239e-01	4.502198e-01	2.198341e-12	
445	2.102500e-08	4.502239e-01	4.502198e-01	2.198291e-12	
446	2.107500e-08	4.502239e-01	4.502198e-01	2.198269e-12	
447	2.112500e-08	4.502239e-01	4.502198e-01	2.198219e-12	
448	2.117500e-08	4.502238e-01	4.502198e-01	2.198197e-12	
449	2.122500e-08	4.502238e-01	4.502198e-01	2.198147e-12	
450	2.127500e-08	4.502238e-01	4.502198e-01	2.198125e-12	
451	2.132500e-08	4.502238e-01	4.502198e-01	2.198075e-12	
452	2.137500e-08	4.502238e-01	4.502198e-01	2.198053e-12	
453	2.142500e-08	4.502238e-01	4.502198e-01	2.198003e-12	
454	2.147500e-08	4.502238e-01	4.502198e-01	2.197981e-12	
455	2.152500e-08	4.502238e-01	4.502198e-01	2.197931e-12	
456	2.157500e-08	4.502238e-01	4.502198e-01	2.197909e-12	
457	2.162500e-08	4.502238e-01	4.502198e-01	2.197859e-12	
458	2.167500e-08	4.502238e-01	4.502198e-01	2.197837e-12	
459	2.172500e-08	4.502238e-01	4.502198e-01	2.197788e-12	
460	2.177500e-08	4.502238e-01	4.502198e-01	2.197765e-12	

Index   time            v(cell)         v(bl)           vpre#branch     
--------------------------------------------------------------------------------
461	2.182500e-08	4.502238e-01	4.502198e-01	2.197716e-12	
462	2.187500e-08	4.502238e-01	4.502198e-01	2.197693e-12	
463	2.192500e-08	4.502238e-01	4.502198e-01	2.197644e-12	
464	2.196250e-08	4.502238e-01	4.502198e-01	2.197630e-12	
465	2.200000e-08	4.502238e-01	4.502198e-01	2.197590e-12	
466	2.200500e-08	4.502223e-01	4.467528e-01	-3.24723e-11	
467	2.201500e-08	4.502193e-01	4.404265e-01	-9.57353e-11	
468	2.203500e-08	4.502128e-01	4.291752e-01	-2.08248e-10	
469	2.207500e-08	4.502001e-01	4.066634e-01	-4.33366e-10	
470	2.212500e-08	4.501850e-01	3.775020e-01	-7.24980e-10	
471	2.217500e-08	4.501705e-01	3.476033e-01	-1.02397e-09	
472	2.222500e-08	4.501566e-01	3.175333e-01	-1.32467e-09	
473	2.227500e-08	4.501431e-01	2.876987e-01	-1.62301e-09	
474	2.232500e-08	4.501299e-01	2.583864e-01	-1.91614e-09	
475	2.237500e-08	4.501171e-01	2.298070e-01	-2.20193e-09	
476	2.242500e-08	4.501045e-01	2.021198e-01	-2.47880e-09	
477	2.247500e-08	4.500921e-01	1.754455e-01	-2.74555e-09	
478	2.252500e-08	4.500798e-01	1.498726e-01	-3.00127e-09	
479	2.257500e-08	4.500676e-01	1.254611e-01	-3.24539e-09	
480	2.262500e-08	4.500555e-01	1.022448e-01	-3.47755e-09	
481	2.267500e-08	4.500435e-01	8.021422e-02	-3.69786e-09	
482	2.272500e-08	4.500315e-01	5.936682e-02	-3.90633e-09	
483	2.277500e-08	4.500196e-01	3.970276e-02	-4.10297e-09	
484	2.282500e-08	4.500076e-01	2.118156e-02	-4.28818e-09	
485	2.287500e-08	4.499957e-01	3.754934e-03	-4.46245e-09	
486	2.292500e-08	4.499838e-01	-1.26299e-02	-4.62630e-09	
487	2.296250e-08	4.499748e-01	-2.42657e-02	-4.74266e-09	
488	2.300000e-08	4.499659e-01	-3.53692e-02	-4.85369e-09	
489	2.300500e-08	4.499659e-01	-3.23342e-02	-4.82334e-09	
490	2.301500e-08	4.499659e-01	-2.63025e-02	-4.76303e-09	
491	2.303500e-08	4.499659e-01	-1.44646e-02	-4.64465e-09	
492	2.307500e-08	4.499659e-01	8.337465e-03	-4.41663e-09	
493	2.312500e-08	4.499659e-01	3.527328e-02	-4.14727e-09	
494	2.317500e-08	4.499659e-01	6.056536e-02	-3.89435e-09	
495	2.322500e-08	4.499659e-01	8.431459e-02	-3.65685e-09	
496	2.327500e-08	4.499659e-01	1.066153e-01	-3.43385e-09	
497	2.332500e-08	4.499659e-01	1.275559e-01	-3.22444e-09	
498	2.337500e-08	4.499659e-01	1.472193e-01	-3.02781e-09	
499	2.342500e-08	4.499659e-01	1.656837e-01	-2.84316e-09	
500	2.347500e-08	4.499659e-01	1.830219e-01	-2.66978e-09	
501	2.352500e-08	4.499659e-01	1.993029e-01	-2.50697e-09	
502	2.357500e-08	4.499659e-01	2.145909e-01	-2.35409e-09	
503	2.362500e-08	4.499659e-01	2.289467e-01	-2.21053e-09	
504	2.367500e-08	4.499659e-01	2.424270e-01	-2.07573e-09	
505	2.372500e-08	4.499659e-01	2.550853e-01	-1.94915e-09	
506	2.377500e-08	4.499659e-01	2.669716e-01	-1.83028e-09	
507	2.382500e-08	4.499659e-01	2.781330e-01	-1.71867e-09	
508	2.387500e-08	4.499659e-01	2.886139e-01	-1.61386e-09	
509	2.392500e-08	4.499659e-01	2.984555e-01	-1.51544e-09	
510	2.397500e-08	4.499659e-01	3.076970e-01	-1.42303e-09	
511	2.402500e-08	4.499659e-01	3.163750e-01	-1.33625e-09	
512	2.407500e-08	4.499659e-01	3.245237e-01	-1.25476e-09	
513	2.412500e-08	4.499659e-01	3.321755e-01	-1.17824e-09	
514	2.417500e-08	4.499659e-01	3.393607e-01	-1.10639e-09	
515	2.422500e-08	4.499659e-01	3.461077e-01	-1.03892e-09	
516	2.427500e-08	4.499659e-01	3.524433e-01	-9.75567e-10	
517	2.432500e-08	4.499659e-01	3.583925e-01	-9.16075e-10	
518	2.437500e-08	4.499659e-01	3.639789e-01	-8.60211e-10	

Index   time            v(cell)         v(bl)           vpre#branch     
--------------------------------------------------------------------------------
519	2.442500e-08	4.499659e-01	3.692247e-01	-8.07753e-10	
520	2.447500e-08	4.499659e-01	3.741505e-01	-7.58495e-10	
521	2.452500e-08	4.499659e-01	3.787760e-01	-7.12240e-10	
522	2.457500e-08	4.499659e-01	3.831194e-01	-6.68806e-10	
523	2.462500e-08	4.499659e-01	3.871979e-01	-6.28021e-10	
524	2.467500e-08	4.499659e-01	3.910277e-01	-5.89723e-10	
525	2.472500e-08	4.499659e-01	3.946240e-01	-5.53760e-10	
526	2.477500e-08	4.499659e-01	3.980009e-01	-5.19991e-10	
527	2.482500e-08	4.499659e-01	4.011719e-01	-4.88281e-10	
528	2.487500e-08	4.499659e-01	4.041496e-01	-4.58504e-10	
529	2.492500e-08	4.499659e-01	4.069456e-01	-4.30544e-10	
530	2.497500e-08	4.499659e-01	4.095712e-01	-4.04288e-10	
531	2.502500e-08	4.499659e-01	4.120366e-01	-3.79634e-10	
532	2.507500e-08	4.499659e-01	4.143517e-01	-3.56483e-10	
533	2.512500e-08	4.499659e-01	4.165256e-01	-3.34744e-10	
534	2.517500e-08	4.499659e-01	4.185669e-01	-3.14331e-10	
535	2.522500e-08	4.499659e-01	4.204838e-01	-2.95162e-10	
536	2.527500e-08	4.499659e-01	4.222837e-01	-2.77163e-10	
537	2.532500e-08	4.499659e-01	4.239739e-01	-2.60261e-10	
538	2.537500e-08	4.499659e-01	4.255611e-01	-2.44389e-10	
539	2.542500e-08	4.499659e-01	4.270514e-01	-2.29486e-10	
540	2.547500e-08	4.499659e-01	4.284509e-01	-2.15491e-10	
541	2.552500e-08	4.499659e-01	4.297650e-01	-2.02350e-10	
542	2.557500e-08	4.499659e-01	4.309989e-01	-1.90011e-10	
543	2.562500e-08	4.499659e-01	4.321577e-01	-1.78423e-10	
544	2.567500e-08	4.499659e-01	4.332457e-01	-1.67543e-10	
545	2.572500e-08	4.499659e-01	4.342674e-01	-1.57326e-10	
546	2.577500e-08	4.499659e-01	4.352268e-01	-1.47732e-10	
547	2.582500e-08	4.499659e-01	4.361277e-01	-1.38723e-10	
548	2.587500e-08	4.499659e-01	4.369737e-01	-1.30263e-10	
549	2.592500e-08	4.499659e-01	4.377681e-01	-1.22319e-10	
550	2.597500e-08	4.499659e-01	4.385140e-01	-1.14860e-10	
551	2.602500e-08	4.499659e-01	4.392144e-01	-1.07856e-10	
552	2.607500e-08	4.499659e-01	4.398722e-01	-1.01278e-10	
553	2.612500e-08	4.499659e-01	4.404898e-01	-9.51021e-11	
554	2.617500e-08	4.499659e-01	4.410697e-01	-8.93026e-11	
555	2.622500e-08	4.499659e-01	4.416143e-01	-8.38567e-11	
556	2.627500e-08	4.499659e-01	4.421257e-01	-7.87430e-11	
557	2.632500e-08	4.499659e-01	4.426059e-01	-7.39411e-11	
558	2.637500e-08	4.499659e-01	4.430568e-01	-6.94320e-11	
559	2.642500e-08	4.499659e-01	4.434802e-01	-6.51979e-11	
560	2.647500e-08	4.499659e-01	4.438778e-01	-6.12220e-11	
561	2.652500e-08	4.499659e-01	4.442511e-01	-5.74885e-11	
562	2.657500e-08	4.499659e-01	4.446017e-01	-5.39828e-11	
563	2.662500e-08	4.499659e-01	4.449309e-01	-5.06908e-11	
564	2.667500e-08	4.499659e-01	4.452400e-01	-4.75995e-11	
565	2.672500e-08	4.499659e-01	4.455303e-01	-4.46968e-11	
566	2.677500e-08	4.499659e-01	4.458029e-01	-4.19711e-11	
567	2.682500e-08	4.499659e-01	4.460588e-01	-3.94116e-11	
568	2.687500e-08	4.499659e-01	4.462992e-01	-3.70082e-11	
569	2.692500e-08	4.499659e-01	4.465249e-01	-3.47514e-11	
570	2.697500e-08	4.499659e-01	4.467368e-01	-3.26322e-11	
571	2.702500e-08	4.499659e-01	4.469358e-01	-3.06422e-11	
572	2.707500e-08	4.499659e-01	4.471226e-01	-2.87736e-11	
573	2.712500e-08	4.499659e-01	4.472981e-01	-2.70189e-11	
574	2.717500e-08	4.499659e-01	4.474629e-01	-2.53712e-11	
575	2.722500e-08	4.499659e-01	4.476176e-01	-2.38240e-11	
576	2.727500e-08	4.499659e-01	4.477629e-01	-2.23712e-11	

Index   time            v(cell)         v(bl)           vpre#branch     
--------------------------------------------------------------------------------
577	2.732500e-08	4.499659e-01	4.478993e-01	-2.10070e-11	
578	2.737500e-08	4.499659e-01	4.480274e-01	-1.97259e-11	
579	2.742500e-08	4.499659e-01	4.481477e-01	-1.85230e-11	
580	2.747500e-08	4.499659e-01	4.482607e-01	-1.73934e-11	
581	2.752500e-08	4.499659e-01	4.483667e-01	-1.63327e-11	
582	2.757500e-08	4.499659e-01	4.484663e-01	-1.53367e-11	
583	2.762500e-08	4.499659e-01	4.485599e-01	-1.44015e-11	
584	2.767500e-08	4.499659e-01	4.486477e-01	-1.35232e-11	
585	2.772500e-08	4.499659e-01	4.487301e-01	-1.26985e-11	
586	2.777500e-08	4.499659e-01	4.488076e-01	-1.19242e-11	
587	2.782500e-08	4.499659e-01	4.488803e-01	-1.11970e-11	
588	2.787500e-08	4.499659e-01	4.489486e-01	-1.05142e-11	
589	2.792500e-08	4.499659e-01	4.490127e-01	-9.87301e-12	
590	2.797500e-08	4.499659e-01	4.490729e-01	-9.27093e-12	
591	2.802500e-08	4.499659e-01	4.491294e-01	-8.70557e-12	
592	2.807500e-08	4.499659e-01	4.491825e-01	-8.17468e-12	
593	2.812500e-08	4.499659e-01	4.492324e-01	-7.67618e-12	
594	2.817500e-08	4.499659e-01	4.492792e-01	-7.20807e-12	
595	2.822500e-08	4.499659e-01	4.493231e-01	-6.76850e-12	
596	2.827500e-08	4.499659e-01	4.493644e-01	-6.35575e-12	
597	2.832500e-08	4.499659e-01	4.494032e-01	-5.96816e-12	
598	2.837500e-08	4.499659e-01	4.494396e-01	-5.60421e-12	
599	2.842500e-08	4.499659e-01	4.494738e-01	-5.26245e-12	
600	2.847500e-08	4.499659e-01	4.495058e-01	-4.94154e-12	
601	2.852500e-08	4.499659e-01	4.495360e-01	-4.64019e-12	
602	2.857500e-08	4.499659e-01	4.495643e-01	-4.35722e-12	
603	2.862500e-08	4.499659e-01	4.495908e-01	-4.09151e-12	
604	2.867500e-08	4.499659e-01	4.496158e-01	-3.84200e-12	
605	2.872500e-08	4.499659e-01	4.496392e-01	-3.60771e-12	
606	2.877500e-08	4.499659e-01	4.496612e-01	-3.38770e-12	
607	2.882500e-08	4.499659e-01	4.496819e-01	-3.18111e-12	
608	2.887500e-08	4.499659e-01	4.497013e-01	-2.98712e-12	
609	2.892500e-08	4.499659e-01	4.497195e-01	-2.80496e-12	
610	2.897500e-08	4.499659e-01	4.497366e-01	-2.63391e-12	
611	2.902500e-08	4.499659e-01	4.497527e-01	-2.47329e-12	
612	2.907500e-08	4.499659e-01	4.497678e-01	-2.32246e-12	
613	2.912500e-08	4.499659e-01	4.497819e-01	-2.18083e-12	
614	2.917500e-08	4.499659e-01	4.497952e-01	-2.04784e-12	
615	2.922500e-08	4.499659e-01	4.498077e-01	-1.92296e-12	
616	2.927500e-08	4.499659e-01	4.498194e-01	-1.80569e-12	
617	2.932500e-08	4.499659e-01	4.498304e-01	-1.69558e-12	
618	2.937500e-08	4.499659e-01	4.498408e-01	-1.59218e-12	
619	2.942500e-08	4.499659e-01	4.498505e-01	-1.49508e-12	
620	2.947500e-08	4.499659e-01	4.498596e-01	-1.40391e-12	
621	2.952500e-08	4.499659e-01	4.498682e-01	-1.31830e-12	
622	2.957500e-08	4.499659e-01	4.498762e-01	-1.23790e-12	
623	2.962500e-08	4.499659e-01	4.498838e-01	-1.16241e-12	
624	2.967500e-08	4.499659e-01	4.498908e-01	-1.09153e-12	
625	2.972500e-08	4.499659e-01	4.498975e-01	-1.02496e-12	
626	2.977500e-08	4.499659e-01	4.499038e-01	-9.62459e-13	
627	2.982500e-08	4.499659e-01	4.499096e-01	-9.03767e-13	
628	2.987500e-08	4.499659e-01	4.499151e-01	-8.48653e-13	
629	2.992500e-08	4.499659e-01	4.499203e-01	-7.96900e-13	
630	2.997500e-08	4.499659e-01	4.499252e-01	-7.48304e-13	
631	3.002500e-08	4.499659e-01	4.499297e-01	-7.02671e-13	
632	3.007500e-08	4.499659e-01	4.499340e-01	-6.59820e-13	
633	3.012500e-08	4.499659e-01	4.499380e-01	-6.19583e-13	
634	3.017500e-08	4.499659e-01	4.499418e-01	-5.81800e-13	

Index   time            v(cell)         v(bl)           vpre#branch     
--------------------------------------------------------------------------------
635	3.022500e-08	4.499659e-01	4.499454e-01	-5.46320e-13	
636	3.027500e-08	4.499659e-01	4.499487e-01	-5.13004e-13	
637	3.032500e-08	4.499659e-01	4.499518e-01	-4.81720e-13	
638	3.037500e-08	4.499659e-01	4.499548e-01	-4.52344e-13	
639	3.042500e-08	4.499659e-01	4.499575e-01	-4.24759e-13	
640	3.047500e-08	4.499659e-01	4.499601e-01	-3.98856e-13	
641	3.052500e-08	4.499659e-01	4.499625e-01	-3.74533e-13	
642	3.057500e-08	4.499659e-01	4.499648e-01	-3.51694e-13	
643	3.062500e-08	4.499659e-01	4.499670e-01	-3.30246e-13	
644	3.067500e-08	4.499659e-01	4.499690e-01	-3.10107e-13	
645	3.072500e-08	4.499659e-01	4.499709e-01	-2.91196e-13	
646	3.077500e-08	4.499659e-01	4.499727e-01	-2.73439e-13	
647	3.082500e-08	4.499659e-01	4.499743e-01	-2.56764e-13	
648	3.087500e-08	4.499659e-01	4.499759e-01	-2.41106e-13	
649	3.092500e-08	4.499659e-01	4.499774e-01	-2.26403e-13	
650	3.097500e-08	4.499659e-01	4.499787e-01	-2.12596e-13	
651	3.102500e-08	4.499659e-01	4.499800e-01	-1.99632e-13	
652	3.107500e-08	4.499659e-01	4.499813e-01	-1.87458e-13	
653	3.112500e-08	4.499659e-01	4.499824e-01	-1.76026e-13	
654	3.117500e-08	4.499659e-01	4.499835e-01	-1.65292e-13	
655	3.122500e-08	4.499659e-01	4.499845e-01	-1.55212e-13	
656	3.127500e-08	4.499659e-01	4.499854e-01	-1.45747e-13	
657	3.132500e-08	4.499659e-01	4.499863e-01	-1.36859e-13	
658	3.137500e-08	4.499659e-01	4.499871e-01	-1.28513e-13	
659	3.142500e-08	4.499659e-01	4.499879e-01	-1.20676e-13	
660	3.147500e-08	4.499659e-01	4.499887e-01	-1.13317e-13	
661	3.152500e-08	4.499659e-01	4.499894e-01	-1.06406e-13	
662	3.157500e-08	4.499659e-01	4.499900e-01	-9.99176e-14	
663	3.162500e-08	4.499659e-01	4.499906e-01	-9.38244e-14	
664	3.167500e-08	4.499659e-01	4.499912e-01	-8.81028e-14	
665	3.172500e-08	4.499659e-01	4.499917e-01	-8.27301e-14	
666	3.177500e-08	4.499659e-01	4.499922e-01	-7.76851e-14	
667	3.182500e-08	4.499659e-01	4.499927e-01	-7.29477e-14	
668	3.187500e-08	4.499659e-01	4.499932e-01	-6.84992e-14	
669	3.192500e-08	4.499659e-01	4.499936e-01	-6.43220e-14	
670	3.197500e-08	4.499659e-01	4.499940e-01	-6.03995e-14	
671	3.202500e-08	4.499659e-01	4.499943e-01	-5.67162e-14	
672	3.207500e-08	4.499659e-01	4.499947e-01	-5.32575e-14	
673	3.212500e-08	4.499659e-01	4.499950e-01	-5.00098e-14	
674	3.217500e-08	4.499659e-01	4.499953e-01	-4.69601e-14	
675	3.222500e-08	4.499659e-01	4.499956e-01	-4.40964e-14	
676	3.227500e-08	4.499659e-01	4.499959e-01	-4.14073e-14	
677	3.232500e-08	4.499659e-01	4.499961e-01	-3.88822e-14	
678	3.237500e-08	4.499659e-01	4.499963e-01	-3.65111e-14	
679	3.242500e-08	4.499659e-01	4.499966e-01	-3.42845e-14	
680	3.247500e-08	4.499659e-01	4.499968e-01	-3.21938e-14	
681	3.252500e-08	4.499659e-01	4.499970e-01	-3.02306e-14	
682	3.257500e-08	4.499659e-01	4.499972e-01	-2.83871e-14	
683	3.262500e-08	4.499659e-01	4.499973e-01	-2.66560e-14	
684	3.267500e-08	4.499659e-01	4.499975e-01	-2.50304e-14	
685	3.272500e-08	4.499659e-01	4.499976e-01	-2.35040e-14	
686	3.277500e-08	4.499659e-01	4.499978e-01	-2.20707e-14	
687	3.282500e-08	4.499659e-01	4.499979e-01	-2.07248e-14	
688	3.287500e-08	4.499659e-01	4.499981e-01	-1.94610e-14	
689	3.292500e-08	4.499659e-01	4.499982e-01	-1.82742e-14	
690	3.297500e-08	4.499659e-01	4.499983e-01	-1.71598e-14	
691	3.302500e-08	4.499659e-01	4.499984e-01	-1.61134e-14	
692	3.307500e-08	4.499659e-01	4.499985e-01	-1.51307e-14	

Index   time            v(cell)         v(bl)           vpre#branch     
--------------------------------------------------------------------------------
693	3.312500e-08	4.499659e-01	4.499986e-01	-1.42080e-14	
694	3.317500e-08	4.499659e-01	4.499987e-01	-1.33416e-14	
695	3.322500e-08	4.499659e-01	4.499987e-01	-1.25280e-14	
696	3.327500e-08	4.499659e-01	4.499988e-01	-1.17640e-14	
697	3.332500e-08	4.499659e-01	4.499989e-01	-1.10466e-14	
698	3.337500e-08	4.499659e-01	4.499990e-01	-1.03730e-14	
699	3.342500e-08	4.499659e-01	4.499990e-01	-9.74044e-15	
700	3.347500e-08	4.499659e-01	4.499991e-01	-9.14646e-15	
701	3.352500e-08	4.499659e-01	4.499991e-01	-8.58869e-15	
702	3.357500e-08	4.499659e-01	4.499992e-01	-8.06494e-15	
703	3.362500e-08	4.499659e-01	4.499992e-01	-7.57313e-15	
704	3.367500e-08	4.499659e-01	4.499993e-01	-7.11131e-15	
705	3.372500e-08	4.499659e-01	4.499993e-01	-6.67765e-15	
706	3.377500e-08	4.499659e-01	4.499994e-01	-6.27044e-15	
707	3.382500e-08	4.499659e-01	4.499994e-01	-5.88806e-15	
708	3.387500e-08	4.499659e-01	4.499994e-01	-5.52900e-15	
709	3.392500e-08	4.499659e-01	4.499995e-01	-5.19184e-15	
710	3.397500e-08	4.499659e-01	4.499995e-01	-4.87523e-15	
711	3.402500e-08	4.499659e-01	4.499995e-01	-4.57794e-15	
712	3.407500e-08	4.499659e-01	4.499996e-01	-4.29877e-15	
713	3.412500e-08	4.499659e-01	4.499996e-01	-4.03663e-15	
714	3.417500e-08	4.499659e-01	4.499996e-01	-3.79047e-15	
715	3.422500e-08	4.499659e-01	4.499996e-01	-3.55933e-15	
716	3.427500e-08	4.499659e-01	4.499997e-01	-3.34228e-15	
717	3.432500e-08	4.499659e-01	4.499997e-01	-3.13847e-15	
718	3.437500e-08	4.499659e-01	4.499997e-01	-2.94708e-15	
719	3.442500e-08	4.499659e-01	4.499997e-01	-2.76737e-15	
720	3.447500e-08	4.499659e-01	4.499997e-01	-2.59861e-15	
721	3.452500e-08	4.499659e-01	4.499998e-01	-2.44015e-15	
722	3.457500e-08	4.499659e-01	4.499998e-01	-2.29135e-15	
723	3.462500e-08	4.499659e-01	4.499998e-01	-2.15163e-15	
724	3.467500e-08	4.499659e-01	4.499998e-01	-2.02042e-15	
725	3.472500e-08	4.499659e-01	4.499998e-01	-1.89722e-15	
726	3.477500e-08	4.499659e-01	4.499998e-01	-1.78153e-15	
727	3.482500e-08	4.499659e-01	4.499998e-01	-1.67289e-15	
728	3.487500e-08	4.499659e-01	4.499998e-01	-1.57088e-15	
729	3.492500e-08	4.499659e-01	4.499999e-01	-1.47509e-15	
730	3.497500e-08	4.499659e-01	4.499999e-01	-1.38514e-15	
731	3.502500e-08	4.499659e-01	4.499999e-01	-1.30068e-15	
732	3.507500e-08	4.499659e-01	4.499999e-01	-1.22137e-15	
733	3.512500e-08	4.499659e-01	4.499999e-01	-1.14689e-15	
734	3.517500e-08	4.499659e-01	4.499999e-01	-1.07696e-15	
735	3.522500e-08	4.499659e-01	4.499999e-01	-1.01129e-15	
736	3.527500e-08	4.499659e-01	4.499999e-01	-9.49623e-16	
737	3.532500e-08	4.499659e-01	4.499999e-01	-8.91719e-16	
738	3.537500e-08	4.499659e-01	4.499999e-01	-8.37346e-16	
739	3.542500e-08	4.499659e-01	4.499999e-01	-7.86289e-16	
740	3.547500e-08	4.499659e-01	4.499999e-01	-7.38345e-16	
741	3.552500e-08	4.499659e-01	4.499999e-01	-6.93325e-16	
742	3.557500e-08	4.499659e-01	4.499999e-01	-6.51051e-16	
743	3.562500e-08	4.499659e-01	4.499999e-01	-6.11355e-16	
744	3.567500e-08	4.499659e-01	4.499999e-01	-5.74079e-16	
745	3.572500e-08	4.499659e-01	4.499999e-01	-5.39077e-16	
746	3.577500e-08	4.499659e-01	4.499999e-01	-5.06209e-16	
747	3.582500e-08	4.499659e-01	4.500000e-01	-4.75345e-16	
748	3.587500e-08	4.499659e-01	4.500000e-01	-4.46363e-16	
749	3.592500e-08	4.499659e-01	4.500000e-01	-4.19149e-16	
750	3.597500e-08	4.499659e-01	4.500000e-01	-3.93595e-16	

Index   time            v(cell)         v(bl)           vpre#branch     
--------------------------------------------------------------------------------
751	3.602500e-08	4.499659e-01	4.500000e-01	-3.69598e-16	
752	3.607500e-08	4.499659e-01	4.500000e-01	-3.47065e-16	
753	3.612500e-08	4.499659e-01	4.500000e-01	-3.25906e-16	
754	3.617500e-08	4.499659e-01	4.500000e-01	-3.06038e-16	
755	3.622500e-08	4.499659e-01	4.500000e-01	-2.87381e-16	
756	3.627500e-08	4.499659e-01	4.500000e-01	-2.69862e-16	
757	3.632500e-08	4.499659e-01	4.500000e-01	-2.53411e-16	
758	3.637500e-08	4.499659e-01	4.500000e-01	-2.37964e-16	
759	3.642500e-08	4.499659e-01	4.500000e-01	-2.23458e-16	
760	3.647500e-08	4.499659e-01	4.500000e-01	-2.09837e-16	
761	3.652500e-08	4.499659e-01	4.500000e-01	-1.97046e-16	
762	3.657500e-08	4.499659e-01	4.500000e-01	-1.85035e-16	
763	3.662500e-08	4.499659e-01	4.500000e-01	-1.73757e-16	
764	3.667500e-08	4.499659e-01	4.500000e-01	-1.63167e-16	
765	3.672500e-08	4.499659e-01	4.500000e-01	-1.53222e-16	
766	3.677500e-08	4.499659e-01	4.500000e-01	-1.43885e-16	
767	3.682500e-08	4.499659e-01	4.500000e-01	-1.35117e-16	
768	3.687500e-08	4.499659e-01	4.500000e-01	-1.26883e-16	
769	3.692500e-08	4.499659e-01	4.500000e-01	-1.19151e-16	
770	3.697500e-08	4.499659e-01	4.500000e-01	-1.11891e-16	
771	3.702500e-08	4.499659e-01	4.500000e-01	-1.05073e-16	
772	3.707500e-08	4.499659e-01	4.500000e-01	-9.86716e-17	
773	3.712500e-08	4.499659e-01	4.500000e-01	-9.26601e-17	
774	3.717500e-08	4.499659e-01	4.500000e-01	-8.70152e-17	
775	3.722500e-08	4.499659e-01	4.500000e-01	-8.17146e-17	
776	3.727500e-08	4.499659e-01	4.500000e-01	-7.67372e-17	
777	3.732500e-08	4.499659e-01	4.500000e-01	-7.20633e-17	
778	3.737500e-08	4.499659e-01	4.500000e-01	-6.76745e-17	
779	3.742500e-08	4.499659e-01	4.500000e-01	-6.35533e-17	
780	3.747500e-08	4.499659e-01	4.500000e-01	-5.96838e-17	
781	3.752500e-08	4.499659e-01	4.500000e-01	-5.60503e-17	
782	3.757500e-08	4.499659e-01	4.500000e-01	-5.26379e-17	
783	3.762500e-08	4.499659e-01	4.500000e-01	-4.94337e-17	
784	3.767500e-08	4.499659e-01	4.500000e-01	-4.64253e-17	
785	3.772500e-08	4.499659e-01	4.500000e-01	-4.36003e-17	
786	3.777500e-08	4.499659e-01	4.500000e-01	-4.09472e-17	
787	3.782500e-08	4.499659e-01	4.500000e-01	-3.84559e-17	
788	3.787500e-08	4.499659e-01	4.500000e-01	-3.61165e-17	
789	3.792500e-08	4.499659e-01	4.500000e-01	-3.39197e-17	
790	3.797500e-08	4.499659e-01	4.500000e-01	-3.18570e-17	
791	3.802500e-08	4.499659e-01	4.500000e-01	-2.99200e-17	
792	3.807500e-08	4.499659e-01	4.500000e-01	-2.81011e-17	
793	3.812500e-08	4.499659e-01	4.500000e-01	-2.63932e-17	
794	3.817500e-08	4.499659e-01	4.500000e-01	-2.47894e-17	
795	3.822500e-08	4.499659e-01	4.500000e-01	-2.32834e-17	
796	3.827500e-08	4.499659e-01	4.500000e-01	-2.18693e-17	
797	3.832500e-08	4.499659e-01	4.500000e-01	-2.05418e-17	
798	3.837500e-08	4.499659e-01	4.500000e-01	-1.92953e-17	
799	3.842500e-08	4.499659e-01	4.500000e-01	-1.81247e-17	
800	3.847500e-08	4.499659e-01	4.500000e-01	-1.70256e-17	
801	3.852500e-08	4.499659e-01	4.500000e-01	-1.59931e-17	
802	3.857500e-08	4.499659e-01	4.500000e-01	-1.50235e-17	
803	3.862500e-08	4.499659e-01	4.500000e-01	-1.41131e-17	
804	3.867500e-08	4.499659e-01	4.500000e-01	-1.32581e-17	
805	3.872500e-08	4.499659e-01	4.500000e-01	-1.24554e-17	
806	3.877500e-08	4.499659e-01	4.500000e-01	-1.17019e-17	
807	3.882500e-08	4.499659e-01	4.500000e-01	-1.09945e-17	
808	3.887500e-08	4.499659e-01	4.500000e-01	-1.03297e-17	

Index   time            v(cell)         v(bl)           vpre#branch     
--------------------------------------------------------------------------------
809	3.892500e-08	4.499659e-01	4.500000e-01	-9.70595e-18	
810	3.897500e-08	4.499659e-01	4.500000e-01	-9.12020e-18	
811	3.902500e-08	4.499659e-01	4.500000e-01	-8.56976e-18	
812	3.907500e-08	4.499659e-01	4.500000e-01	-8.05289e-18	
813	3.912500e-08	4.499659e-01	4.500000e-01	-7.56795e-18	
814	3.917500e-08	4.499659e-01	4.500000e-01	-7.11258e-18	
815	3.922500e-08	4.499659e-01	4.500000e-01	-6.68457e-18	
816	3.927500e-08	4.499659e-01	4.500000e-01	-6.28266e-18	
817	3.932500e-08	4.499659e-01	4.500000e-01	-5.90526e-18	
818	3.937500e-08	4.499659e-01	4.500000e-01	-5.55129e-18	
819	3.942500e-08	4.499659e-01	4.500000e-01	-5.21932e-18	
820	3.947500e-08	4.499659e-01	4.500000e-01	-4.90717e-18	
821	3.952500e-08	4.499659e-01	4.500000e-01	-4.61365e-18	
822	3.957500e-08	4.499659e-01	4.500000e-01	-4.33803e-18	
823	3.962500e-08	4.499659e-01	4.500000e-01	-4.07921e-18	
824	3.967500e-08	4.499659e-01	4.500000e-01	-3.83618e-18	
825	3.972500e-08	4.499659e-01	4.500000e-01	-3.60797e-18	
826	3.977500e-08	4.499659e-01	4.500000e-01	-3.39368e-18	
827	3.982500e-08	4.499659e-01	4.500000e-01	-3.19246e-18	
828	3.987500e-08	4.499659e-01	4.500000e-01	-3.00392e-18	
829	3.992500e-08	4.499659e-01	4.500000e-01	-2.82687e-18	
830	3.996250e-08	4.499659e-01	4.500000e-01	-2.70134e-18	
831	4.000000e-08	4.499659e-01	4.500000e-01	-2.58184e-18	


Total analysis time (seconds) = 0.115364

Total elapsed time (seconds) = 0.131 

Total DRAM available = 386307.215 MB.
DRAM currently available = 19102.477 MB.
Maximum ngspice program size =  529.723 MB.
Current ngspice program size =   14.066 MB.

Shared ngspice pages =   12.242 MB.
Text (code) pages =    6.266 MB.
Stack = 0 bytes.
Library pages =   59.141 MB.

