
Note: No compatibility mode selected!


Circuit: * id-vd sweep vgs=1.0753v

Doing analysis at TEMP = 27.000000 and TNOM = 27.000000

Using SPARSE 1.3 as Direct Linear Solver

No. of Data Rows : 101
                           * id-vd sweep vgs=1.0753v
                           DC transfer characteristic  Tue Jun 23 21:17:16  2026
--------------------------------------------------------------------------------
Index   v-sweep         vd#branch       v(d)            
--------------------------------------------------------------------------------
0	0.000000e+00	-1.05478e-28	0.000000e+00	
1	9.350000e-03	-9.46679e-08	9.350000e-03	
2	1.870000e-02	-1.88377e-07	1.870000e-02	
3	2.805000e-02	-2.79931e-07	2.805000e-02	
4	3.740000e-02	-3.67670e-07	3.740000e-02	
5	4.675000e-02	-4.49251e-07	4.675000e-02	
6	5.610000e-02	-5.20972e-07	5.610000e-02	
7	6.545000e-02	-5.78797e-07	6.545000e-02	
8	7.480000e-02	-6.22315e-07	7.480000e-02	
9	8.415000e-02	-6.54934e-07	8.415000e-02	
10	9.350000e-02	-6.80239e-07	9.350000e-02	
11	1.028500e-01	-7.00645e-07	1.028500e-01	
12	1.122000e-01	-7.17640e-07	1.122000e-01	
13	1.215500e-01	-7.32153e-07	1.215500e-01	
14	1.309000e-01	-7.44788e-07	1.309000e-01	
15	1.402500e-01	-7.56634e-07	1.402500e-01	
16	1.496000e-01	-7.66510e-07	1.496000e-01	
17	1.589500e-01	-7.75453e-07	1.589500e-01	
18	1.683000e-01	-7.83624e-07	1.683000e-01	
19	1.776500e-01	-7.91140e-07	1.776500e-01	
20	1.870000e-01	-7.98096e-07	1.870000e-01	
21	1.963500e-01	-8.04565e-07	1.963500e-01	
22	2.057000e-01	-8.10610e-07	2.057000e-01	
23	2.150500e-01	-8.16280e-07	2.150500e-01	
24	2.244000e-01	-8.21618e-07	2.244000e-01	
25	2.337500e-01	-8.26659e-07	2.337500e-01	
26	2.431000e-01	-8.31435e-07	2.431000e-01	
27	2.524500e-01	-8.35970e-07	2.524500e-01	
28	2.618000e-01	-8.40288e-07	2.618000e-01	
29	2.711500e-01	-8.44407e-07	2.711500e-01	
30	2.805000e-01	-8.48345e-07	2.805000e-01	
31	2.898500e-01	-8.52116e-07	2.898500e-01	
32	2.992000e-01	-8.55734e-07	2.992000e-01	
33	3.085500e-01	-8.59211e-07	3.085500e-01	
34	3.179000e-01	-8.62556e-07	3.179000e-01	
35	3.272500e-01	-8.65779e-07	3.272500e-01	
36	3.366000e-01	-8.68889e-07	3.366000e-01	
37	3.459500e-01	-8.71893e-07	3.459500e-01	
38	3.553000e-01	-8.74798e-07	3.553000e-01	
39	3.646500e-01	-8.77610e-07	3.646500e-01	
40	3.740000e-01	-8.80335e-07	3.740000e-01	
41	3.833500e-01	-8.82978e-07	3.833500e-01	
42	3.927000e-01	-8.85543e-07	3.927000e-01	
43	4.020500e-01	-8.88036e-07	4.020500e-01	
44	4.114000e-01	-8.90459e-07	4.114000e-01	
45	4.207500e-01	-8.92817e-07	4.207500e-01	
46	4.301000e-01	-8.95113e-07	4.301000e-01	
47	4.394500e-01	-8.97350e-07	4.394500e-01	
48	4.488000e-01	-8.99530e-07	4.488000e-01	
49	4.581500e-01	-9.01658e-07	4.581500e-01	
50	4.675000e-01	-9.03735e-07	4.675000e-01	
51	4.768500e-01	-9.05763e-07	4.768500e-01	
52	4.862000e-01	-9.07745e-07	4.862000e-01	
53	4.955500e-01	-9.09682e-07	4.955500e-01	
54	5.049000e-01	-9.11578e-07	5.049000e-01	

Index   v-sweep         vd#branch       v(d)            
--------------------------------------------------------------------------------
55	5.142500e-01	-9.13432e-07	5.142500e-01	
56	5.236000e-01	-9.15248e-07	5.236000e-01	
57	5.329500e-01	-9.17026e-07	5.329500e-01	
58	5.423000e-01	-9.18769e-07	5.423000e-01	
59	5.516500e-01	-9.20477e-07	5.516500e-01	
60	5.610000e-01	-9.22152e-07	5.610000e-01	
61	5.703500e-01	-9.23795e-07	5.703500e-01	
62	5.797000e-01	-9.25407e-07	5.797000e-01	
63	5.890500e-01	-9.26990e-07	5.890500e-01	
64	5.984000e-01	-9.28544e-07	5.984000e-01	
65	6.077500e-01	-9.30071e-07	6.077500e-01	
66	6.171000e-01	-9.31571e-07	6.171000e-01	
67	6.264500e-01	-9.33045e-07	6.264500e-01	
68	6.358000e-01	-9.34494e-07	6.358000e-01	
69	6.451500e-01	-9.35920e-07	6.451500e-01	
70	6.545000e-01	-9.37322e-07	6.545000e-01	
71	6.638500e-01	-9.38701e-07	6.638500e-01	
72	6.732000e-01	-9.40059e-07	6.732000e-01	
73	6.825500e-01	-9.41396e-07	6.825500e-01	
74	6.919000e-01	-9.42712e-07	6.919000e-01	
75	7.012500e-01	-9.44008e-07	7.012500e-01	
76	7.106000e-01	-9.45284e-07	7.106000e-01	
77	7.199500e-01	-9.46543e-07	7.199500e-01	
78	7.293000e-01	-9.47782e-07	7.293000e-01	
79	7.386500e-01	-9.49004e-07	7.386500e-01	
80	7.480000e-01	-9.50209e-07	7.480000e-01	
81	7.573500e-01	-9.51397e-07	7.573500e-01	
82	7.667000e-01	-9.52569e-07	7.667000e-01	
83	7.760500e-01	-9.53725e-07	7.760500e-01	
84	7.854000e-01	-9.54866e-07	7.854000e-01	
85	7.947500e-01	-9.55991e-07	7.947500e-01	
86	8.041000e-01	-9.57102e-07	8.041000e-01	
87	8.134500e-01	-9.58199e-07	8.134500e-01	
88	8.228000e-01	-9.59281e-07	8.228000e-01	
89	8.321500e-01	-9.60350e-07	8.321500e-01	
90	8.415000e-01	-9.61406e-07	8.415000e-01	
91	8.508500e-01	-9.62449e-07	8.508500e-01	
92	8.602000e-01	-9.63479e-07	8.602000e-01	
93	8.695500e-01	-9.64497e-07	8.695500e-01	
94	8.789000e-01	-9.65503e-07	8.789000e-01	
95	8.882500e-01	-9.66497e-07	8.882500e-01	
96	8.976000e-01	-9.67480e-07	8.976000e-01	
97	9.069500e-01	-9.68452e-07	9.069500e-01	
98	9.163000e-01	-9.69412e-07	9.163000e-01	
99	9.256500e-01	-9.70362e-07	9.256500e-01	
100	9.350000e-01	-9.71301e-07	9.350000e-01	


Total analysis time (seconds) = 0.0573546

Total elapsed time (seconds) = 0.062 

Total DRAM available = 386307.215 MB.
DRAM currently available = 12819.254 MB.
Maximum ngspice program size =  529.723 MB.
Current ngspice program size =   14.105 MB.

Shared ngspice pages =   12.336 MB.
Text (code) pages =    6.266 MB.
Stack = 0 bytes.
Library pages =   59.141 MB.

