
Note: No compatibility mode selected!


Circuit: * id-vg sweep vds=0.9350v

Doing analysis at TEMP = 27.000000 and TNOM = 27.000000

Using SPARSE 1.3 as Direct Linear Solver

No. of Data Rows : 201

  Measurements for DC Analysis

ion                 =  -7.14014e-07 at=  9.35000e-01
ioff                =  -8.76634e-15

                           * id-vg sweep vds=0.9350v
                           DC transfer characteristic  Tue Jun 23 21:17:16  2026
--------------------------------------------------------------------------------
Index   v-sweep         vd#branch       
--------------------------------------------------------------------------------
0	0.000000e+00	-8.76634e-15	
1	4.675000e-03	-1.01310e-14	
2	9.350000e-03	-1.18376e-14	
3	1.402500e-02	-1.38316e-14	
4	1.870000e-02	-1.61615e-14	
5	2.337500e-02	-1.88838e-14	
6	2.805000e-02	-2.20647e-14	
7	3.272500e-02	-2.57814e-14	
8	3.740000e-02	-3.01242e-14	
9	4.207500e-02	-3.51985e-14	
10	4.675000e-02	-4.11276e-14	
11	5.142500e-02	-4.80553e-14	
12	5.610000e-02	-5.61501e-14	
13	6.077500e-02	-6.56083e-14	
14	6.545000e-02	-7.66598e-14	
15	7.012500e-02	-8.95729e-14	
16	7.480000e-02	-1.04661e-13	
17	7.947500e-02	-1.22291e-13	
18	8.415000e-02	-1.42890e-13	
19	8.882500e-02	-1.66959e-13	
20	9.350000e-02	-1.95083e-13	
21	9.817500e-02	-2.27944e-13	
22	1.028500e-01	-2.66340e-13	
23	1.075250e-01	-3.11204e-13	
24	1.122000e-01	-3.63625e-13	
25	1.168750e-01	-4.24875e-13	
26	1.215500e-01	-4.96443e-13	
27	1.262250e-01	-5.80066e-13	
28	1.309000e-01	-6.77775e-13	
29	1.355750e-01	-7.91942e-13	
30	1.402500e-01	-9.25340e-13	
31	1.449250e-01	-1.08121e-12	
32	1.496000e-01	-1.26333e-12	
33	1.542750e-01	-1.47612e-12	
34	1.589500e-01	-1.72476e-12	
35	1.636250e-01	-2.01528e-12	
36	1.683000e-01	-2.35473e-12	
37	1.729750e-01	-2.75136e-12	
38	1.776500e-01	-3.21479e-12	
39	1.823250e-01	-3.75626e-12	
40	1.870000e-01	-4.38894e-12	
41	1.916750e-01	-5.12816e-12	
42	1.963500e-01	-5.99188e-12	
43	2.010250e-01	-7.00106e-12	
44	2.057000e-01	-8.18017e-12	
45	2.103750e-01	-9.55783e-12	
46	2.150500e-01	-1.11675e-11	
47	2.197250e-01	-1.30481e-11	
48	2.244000e-01	-1.52453e-11	
49	2.290750e-01	-1.78125e-11	
50	2.337500e-01	-2.08117e-11	
51	2.384250e-01	-2.43156e-11	
52	2.431000e-01	-2.84092e-11	
53	2.477750e-01	-3.31915e-11	
54	2.524500e-01	-3.87783e-11	

Index   v-sweep         vd#branch       
--------------------------------------------------------------------------------
55	2.571250e-01	-4.53045e-11	
56	2.618000e-01	-5.29279e-11	
57	2.664750e-01	-6.18326e-11	
58	2.711500e-01	-7.22333e-11	
59	2.758250e-01	-8.43805e-11	
60	2.805000e-01	-9.85665e-11	
61	2.851750e-01	-1.16397e-10	
62	2.898500e-01	-1.35950e-10	
63	2.945250e-01	-1.58777e-10	
64	2.992000e-01	-1.85424e-10	
65	3.038750e-01	-2.16522e-10	
66	3.085500e-01	-2.52811e-10	
67	3.132250e-01	-2.95145e-10	
68	3.179000e-01	-3.44519e-10	
69	3.225750e-01	-4.02088e-10	
70	3.272500e-01	-4.69186e-10	
71	3.319250e-01	-5.47359e-10	
72	3.366000e-01	-6.38393e-10	
73	3.412750e-01	-7.44344e-10	
74	3.459500e-01	-8.67579e-10	
75	3.506250e-01	-1.01081e-09	
76	3.553000e-01	-1.17714e-09	
77	3.599750e-01	-1.37012e-09	
78	3.646500e-01	-1.59374e-09	
79	3.693250e-01	-1.85256e-09	
80	3.740000e-01	-2.15168e-09	
81	3.786750e-01	-2.49679e-09	
82	3.833500e-01	-2.89421e-09	
83	3.880250e-01	-3.35092e-09	
84	3.927000e-01	-3.87450e-09	
85	3.973750e-01	-4.47316e-09	
86	4.020500e-01	-5.15566e-09	
87	4.067250e-01	-5.93121e-09	
88	4.114000e-01	-6.80940e-09	
89	4.160750e-01	-7.79997e-09	
90	4.207500e-01	-8.91271e-09	
91	4.254250e-01	-1.01572e-08	
92	4.301000e-01	-1.15424e-08	
93	4.347750e-01	-1.30770e-08	
94	4.394500e-01	-1.47684e-08	
95	4.441250e-01	-1.66232e-08	
96	4.488000e-01	-1.86469e-08	
97	4.534750e-01	-2.08437e-08	
98	4.581500e-01	-2.32164e-08	
99	4.628250e-01	-2.57669e-08	
100	4.675000e-01	-2.84955e-08	
101	4.721750e-01	-3.14018e-08	
102	4.768500e-01	-3.44843e-08	
103	4.815250e-01	-3.77404e-08	
104	4.862000e-01	-4.11673e-08	
105	4.908750e-01	-4.47611e-08	
106	4.955500e-01	-4.85177e-08	
107	5.002250e-01	-5.24328e-08	
108	5.049000e-01	-5.65016e-08	
109	5.095750e-01	-6.07191e-08	
110	5.142500e-01	-6.50805e-08	
111	5.189250e-01	-6.95121e-08	
112	5.236000e-01	-7.41487e-08	

Index   v-sweep         vd#branch       
--------------------------------------------------------------------------------
113	5.282750e-01	-7.89141e-08	
114	5.329500e-01	-8.38034e-08	
115	5.376250e-01	-8.88119e-08	
116	5.423000e-01	-9.39350e-08	
117	5.469750e-01	-9.91682e-08	
118	5.516500e-01	-1.04507e-07	
119	5.563250e-01	-1.09948e-07	
120	5.610000e-01	-1.15487e-07	
121	5.656750e-01	-1.21119e-07	
122	5.703500e-01	-1.26843e-07	
123	5.750250e-01	-1.32653e-07	
124	5.797000e-01	-1.38547e-07	
125	5.843750e-01	-1.44522e-07	
126	5.890500e-01	-1.50574e-07	
127	5.937250e-01	-1.56702e-07	
128	5.984000e-01	-1.62903e-07	
129	6.030750e-01	-1.69174e-07	
130	6.077500e-01	-1.75512e-07	
131	6.124250e-01	-1.81916e-07	
132	6.171000e-01	-1.88384e-07	
133	6.217750e-01	-1.94913e-07	
134	6.264500e-01	-2.01501e-07	
135	6.311250e-01	-2.08147e-07	
136	6.358000e-01	-2.14850e-07	
137	6.404750e-01	-2.21607e-07	
138	6.451500e-01	-2.28417e-07	
139	6.498250e-01	-2.35278e-07	
140	6.545000e-01	-2.42189e-07	
141	6.591750e-01	-2.49149e-07	
142	6.638500e-01	-2.56156e-07	
143	6.685250e-01	-2.63210e-07	
144	6.732000e-01	-2.70308e-07	
145	6.778750e-01	-2.77449e-07	
146	6.825500e-01	-2.84633e-07	
147	6.872250e-01	-2.91859e-07	
148	6.919000e-01	-2.99124e-07	
149	6.965750e-01	-3.06430e-07	
150	7.012500e-01	-3.13773e-07	
151	7.059250e-01	-3.21154e-07	
152	7.106000e-01	-3.28571e-07	
153	7.152750e-01	-3.36023e-07	
154	7.199500e-01	-3.43510e-07	
155	7.246250e-01	-3.51031e-07	
156	7.293000e-01	-3.58585e-07	
157	7.339750e-01	-3.66171e-07	
158	7.386500e-01	-3.73788e-07	
159	7.433250e-01	-3.81436e-07	
160	7.480000e-01	-3.89113e-07	
161	7.526750e-01	-3.96820e-07	
162	7.573500e-01	-4.04554e-07	
163	7.620250e-01	-4.12317e-07	
164	7.667000e-01	-4.20106e-07	
165	7.713750e-01	-4.27922e-07	
166	7.760500e-01	-4.35763e-07	
167	7.807250e-01	-4.43630e-07	
168	7.854000e-01	-4.51520e-07	
169	7.900750e-01	-4.59435e-07	
170	7.947500e-01	-4.67373e-07	

Index   v-sweep         vd#branch       
--------------------------------------------------------------------------------
171	7.994250e-01	-4.75333e-07	
172	8.041000e-01	-4.83316e-07	
173	8.087750e-01	-4.91321e-07	
174	8.134500e-01	-4.99346e-07	
175	8.181250e-01	-5.07392e-07	
176	8.228000e-01	-5.15458e-07	
177	8.274750e-01	-5.23544e-07	
178	8.321500e-01	-5.31649e-07	
179	8.368250e-01	-5.39773e-07	
180	8.415000e-01	-5.47915e-07	
181	8.461750e-01	-5.56075e-07	
182	8.508500e-01	-5.64252e-07	
183	8.555250e-01	-5.72447e-07	
184	8.602000e-01	-5.80658e-07	
185	8.648750e-01	-5.88885e-07	
186	8.695500e-01	-5.97128e-07	
187	8.742250e-01	-6.05387e-07	
188	8.789000e-01	-6.13661e-07	
189	8.835750e-01	-6.21950e-07	
190	8.882500e-01	-6.30253e-07	
191	8.929250e-01	-6.38570e-07	
192	8.976000e-01	-6.46901e-07	
193	9.022750e-01	-6.55246e-07	
194	9.069500e-01	-6.63604e-07	
195	9.116250e-01	-6.71975e-07	
196	9.163000e-01	-6.80359e-07	
197	9.209750e-01	-6.88754e-07	
198	9.256500e-01	-6.97162e-07	
199	9.303250e-01	-7.05582e-07	
200	9.350000e-01	-7.14014e-07	


Total analysis time (seconds) = 0.109175

Total elapsed time (seconds) = 0.117 

Total DRAM available = 386307.215 MB.
DRAM currently available = 12818.762 MB.
Maximum ngspice program size =  529.719 MB.
Current ngspice program size =   14.113 MB.

Shared ngspice pages =   12.355 MB.
Text (code) pages =    6.266 MB.
Stack = 0 bytes.
Library pages =   59.137 MB.

