
Note: No compatibility mode selected!


Circuit: * mini-array n=8 layout

Doing analysis at TEMP = 27.000000 and TNOM = 27.000000

Using SPARSE 1.3 as Direct Linear Solver

Initial Transient Solution
--------------------------

Node                                   Voltage
----                                   -------
pre                                     0.4675
bl0                                     0.4675
s                                            0
b                                            0
bltap0                                  0.4675
wl0                                          0
bl1                                     0.4675
bltap1                                  0.4675
wl1                                          0
bl2                                     0.4675
bltap2                                  0.4675
wl2                                          0
bl3                                     0.4675
bltap3                                  0.4675
wl3                                          0
bl4                                     0.4675
bltap4                                  0.4675
wl4                                          0
bl5                                     0.4675
bltap5                                  0.4675
wl5                                          0
bl6                                     0.4675
bltap6                                  0.4675
wl6                                          0
bl7                                     0.4675
bltap7                                  0.4675
wl7                                          0
plate0                                       0
cell0                                        0
plate1                                  0.4675
cell1                                   0.4675
plate2                                  0.4675
cell2                                   0.4675
plate3                                  0.4675
cell3                                   0.4675
plate4                                  0.4675
cell4                                   0.4675
plate5                                  0.4675
cell5                                   0.4675
plate6                                  0.4675
cell6                                 0.467499
plate7                                  0.4675
cell7                                 0.467499
vplate7#branch                               0
vwl7#branch                                  0
vplate6#branch                               0
vwl6#branch                                  0
vplate5#branch                               0
vwl5#branch                                  0
vplate4#branch                               0
vwl4#branch                                  0
vplate3#branch                               0
vwl3#branch                                  0
vplate2#branch                               0
vwl2#branch                                  0
vplate1#branch                               0
vwl1#branch                                  0
vplate0#branch                               0
vwl0#branch                                  0
vb#branch                                    0
vs#branch                                    0
vpre#branch                                  0


No. of Data Rows : 514

  Measurements for Transient Analysis

t_bl_settle         =  5.32969e-09
i_bl_leak           =  -3.20593e-10 from=  1.50000e-08 to=  2.50000e-08

                            * mini-array n=8 layout
                            Transient Analysis  Tue Jun 23 23:54:29  2026
--------------------------------------------------------------------------------
Index   time            v(bl0)          v(bl7)          vpre#branch     
--------------------------------------------------------------------------------
0	0.000000e+00	4.675000e-01	4.675000e-01	0.000000e+00	
1	5.000000e-13	4.675000e-01	4.675000e-01	-5.42630e-22	
2	1.000000e-12	4.675000e-01	4.675000e-01	-9.30578e-22	
3	2.000000e-12	4.675000e-01	4.675000e-01	-1.58488e-21	
4	4.000000e-12	4.675000e-01	4.675000e-01	-2.67593e-21	
5	8.000000e-12	4.675000e-01	4.675000e-01	-4.84562e-21	
6	1.600000e-11	4.675000e-01	4.675000e-01	-9.11636e-21	
7	3.200000e-11	4.675000e-01	4.675000e-01	-1.77397e-20	
8	6.400000e-11	4.675000e-01	4.675000e-01	-3.51279e-20	
9	1.140000e-10	4.675000e-01	4.675000e-01	-6.21709e-20	
10	1.640000e-10	4.675000e-01	4.675000e-01	-8.90567e-20	
11	2.140000e-10	4.675000e-01	4.675000e-01	-1.15943e-19	
12	2.640000e-10	4.675000e-01	4.675000e-01	-1.42830e-19	
13	3.140000e-10	4.675000e-01	4.675000e-01	-1.69716e-19	
14	3.640000e-10	4.675000e-01	4.675000e-01	-1.96603e-19	
15	4.140000e-10	4.675000e-01	4.675000e-01	-2.23490e-19	
16	4.640000e-10	4.675000e-01	4.675000e-01	-2.50374e-19	
17	5.140000e-10	4.675000e-01	4.675000e-01	-2.77259e-19	
18	5.640000e-10	4.675000e-01	4.675000e-01	-3.04144e-19	
19	6.140000e-10	4.675000e-01	4.675000e-01	-3.31030e-19	
20	6.640000e-10	4.675000e-01	4.675000e-01	-3.57916e-19	
21	7.140000e-10	4.675000e-01	4.675000e-01	-3.84803e-19	
22	7.640000e-10	4.675000e-01	4.675000e-01	-4.11685e-19	
23	8.140000e-10	4.675000e-01	4.675000e-01	-4.38570e-19	
24	8.640000e-10	4.675000e-01	4.675000e-01	-4.65455e-19	
25	9.140000e-10	4.675000e-01	4.675000e-01	-4.92341e-19	
26	9.570000e-10	4.675000e-01	4.675000e-01	-5.15781e-19	
27	1.000000e-09	4.675000e-01	4.675000e-01	-5.39538e-19	
28	1.005000e-09	4.675508e-01	4.675375e-01	5.076081e-13	
29	1.015000e-09	4.676389e-01	4.676232e-01	1.388668e-12	
30	1.035000e-09	4.678117e-01	4.677980e-01	3.116731e-12	
31	1.075000e-09	4.681603e-01	4.681447e-01	6.602794e-12	
32	1.125000e-09	4.685939e-01	4.685802e-01	1.093942e-11	
33	1.175000e-09	4.690294e-01	4.690139e-01	1.529384e-11	
34	1.225000e-09	4.694631e-01	4.694493e-01	1.963111e-11	
35	1.275000e-09	4.698985e-01	4.698831e-01	2.398478e-11	
36	1.325000e-09	4.703322e-01	4.703184e-01	2.832237e-11	
37	1.375000e-09	4.707674e-01	4.707521e-01	3.267408e-11	
38	1.425000e-09	4.712006e-01	4.711868e-01	3.700630e-11	
39	1.475000e-09	4.716334e-01	4.716183e-01	4.133422e-11	
40	1.525000e-09	4.720598e-01	4.720462e-01	4.559758e-11	
41	1.575000e-09	4.724775e-01	4.724630e-01	4.977451e-11	
42	1.625000e-09	4.728794e-01	4.728668e-01	5.379446e-11	
43	1.675000e-09	4.732650e-01	4.732518e-01	5.764982e-11	
44	1.725000e-09	4.736295e-01	4.736181e-01	6.129523e-11	
45	1.775000e-09	4.739738e-01	4.739621e-01	6.473814e-11	
46	1.825000e-09	4.742946e-01	4.742846e-01	6.794568e-11	
47	1.875000e-09	4.745931e-01	4.745830e-01	7.093082e-11	
48	1.925000e-09	4.748668e-01	4.748584e-01	7.366751e-11	
49	1.962500e-09	4.750569e-01	4.750483e-01	7.556934e-11	
50	2.000000e-09	4.752324e-01	4.752252e-01	7.732434e-11	
51	2.005000e-09	4.752039e-01	4.752098e-01	7.703894e-11	
52	2.015000e-09	4.751597e-01	4.751680e-01	7.659713e-11	
53	2.035000e-09	4.750747e-01	4.750809e-01	7.574658e-11	
54	2.075000e-09	4.749022e-01	4.749103e-01	7.402188e-11	

Index   time            v(bl0)          v(bl7)          vpre#branch     
--------------------------------------------------------------------------------
55	2.125000e-09	4.746895e-01	4.746958e-01	7.189473e-11	
56	2.175000e-09	4.744760e-01	4.744840e-01	6.976040e-11	
57	2.225000e-09	4.742652e-01	4.742715e-01	6.765209e-11	
58	2.275000e-09	4.740538e-01	4.740616e-01	6.553773e-11	
59	2.325000e-09	4.738448e-01	4.738511e-01	6.344810e-11	
60	2.375000e-09	4.736353e-01	4.736431e-01	6.135347e-11	
61	2.425000e-09	4.734282e-01	4.734345e-01	5.928236e-11	
62	2.475000e-09	4.732207e-01	4.732283e-01	5.720721e-11	
63	2.525000e-09	4.730154e-01	4.730217e-01	5.515444e-11	
64	2.575000e-09	4.728099e-01	4.728173e-01	5.309853e-11	
65	2.625000e-09	4.726064e-01	4.726127e-01	5.106394e-11	
66	2.675000e-09	4.724027e-01	4.724101e-01	4.902703e-11	
67	2.725000e-09	4.722010e-01	4.722073e-01	4.701045e-11	
68	2.775000e-09	4.719992e-01	4.720065e-01	4.499231e-11	
69	2.825000e-09	4.717994e-01	4.718056e-01	4.299359e-11	
70	2.875000e-09	4.715994e-01	4.716066e-01	4.099399e-11	
71	2.925000e-09	4.714013e-01	4.714075e-01	3.901295e-11	
72	2.975000e-09	4.712032e-01	4.712102e-01	3.703167e-11	
73	3.025000e-09	4.710068e-01	4.710130e-01	3.506815e-11	
74	3.075000e-09	4.708105e-01	4.708175e-01	3.310496e-11	
75	3.125000e-09	4.706159e-01	4.706220e-01	3.115880e-11	
76	3.175000e-09	4.704213e-01	4.704282e-01	2.921350e-11	
77	3.225000e-09	4.702285e-01	4.702346e-01	2.728452e-11	
78	3.275000e-09	4.700357e-01	4.700425e-01	2.535689e-11	
79	3.325000e-09	4.698445e-01	4.698506e-01	2.344494e-11	
80	3.375000e-09	4.696535e-01	4.696602e-01	2.153478e-11	
81	3.425000e-09	4.694640e-01	4.694700e-01	1.963969e-11	
82	3.475000e-09	4.692747e-01	4.692813e-01	1.774679e-11	
83	3.525000e-09	4.690868e-01	4.690929e-01	1.586840e-11	
84	3.575000e-09	4.688993e-01	4.689058e-01	1.399257e-11	
85	3.625000e-09	4.687131e-01	4.687191e-01	1.213072e-11	
86	3.675000e-09	4.685272e-01	4.685336e-01	1.027175e-11	
87	3.725000e-09	4.683426e-01	4.683486e-01	8.426269e-12	
88	3.775000e-09	4.681584e-01	4.681648e-01	6.583974e-12	
89	3.825000e-09	4.679755e-01	4.679814e-01	4.754713e-12	
90	3.875000e-09	4.677929e-01	4.677992e-01	2.928903e-12	
91	3.925000e-09	4.676116e-01	4.676175e-01	1.115696e-12	
92	3.975000e-09	4.674306e-01	4.674369e-01	-6.93815e-13	
93	4.025000e-09	4.672509e-01	4.672567e-01	-2.49113e-12	
94	4.075000e-09	4.670715e-01	4.670777e-01	-4.28452e-12	
95	4.125000e-09	4.668934e-01	4.668992e-01	-6.06609e-12	
96	4.175000e-09	4.667156e-01	4.667218e-01	-7.84355e-12	
97	4.225000e-09	4.665390e-01	4.665448e-01	-9.60954e-12	
98	4.275000e-09	4.663629e-01	4.663689e-01	-1.13712e-11	
99	4.325000e-09	4.661878e-01	4.661936e-01	-1.31218e-11	
100	4.375000e-09	4.660132e-01	4.660192e-01	-1.48679e-11	
101	4.425000e-09	4.658397e-01	4.658454e-01	-1.66032e-11	
102	4.475000e-09	4.656666e-01	4.656725e-01	-1.83339e-11	
103	4.525000e-09	4.654946e-01	4.655002e-01	-2.00541e-11	
104	4.575000e-09	4.653230e-01	4.653289e-01	-2.17696e-11	
105	4.625000e-09	4.651525e-01	4.651581e-01	-2.34748e-11	
106	4.675000e-09	4.649825e-01	4.649883e-01	-2.51752e-11	
107	4.725000e-09	4.648134e-01	4.648190e-01	-2.68656e-11	
108	4.775000e-09	4.646449e-01	4.646506e-01	-2.85510e-11	
109	4.825000e-09	4.644773e-01	4.644829e-01	-3.02268e-11	
110	4.875000e-09	4.643103e-01	4.643159e-01	-3.18975e-11	
111	4.925000e-09	4.641441e-01	4.641496e-01	-3.35587e-11	
112	4.975000e-09	4.639785e-01	4.639842e-01	-3.52148e-11	

Index   time            v(bl0)          v(bl7)          vpre#branch     
--------------------------------------------------------------------------------
113	5.025000e-09	4.638138e-01	4.638193e-01	-3.68617e-11	
114	5.075000e-09	4.636497e-01	4.636552e-01	-3.85034e-11	
115	5.125000e-09	4.634864e-01	4.634918e-01	-4.01360e-11	
116	5.175000e-09	4.633237e-01	4.633292e-01	-4.17634e-11	
117	5.225000e-09	4.631618e-01	4.631672e-01	-4.33820e-11	
118	5.275000e-09	4.630005e-01	4.630059e-01	-4.49953e-11	
119	5.325000e-09	4.628400e-01	4.628453e-01	-4.65999e-11	
120	5.375000e-09	4.626801e-01	4.626855e-01	-4.81992e-11	
121	5.425000e-09	4.625210e-01	4.625263e-01	-4.97900e-11	
122	5.475000e-09	4.623624e-01	4.623678e-01	-5.13755e-11	
123	5.525000e-09	4.622047e-01	4.622100e-01	-5.29527e-11	
124	5.575000e-09	4.620475e-01	4.620529e-01	-5.45245e-11	
125	5.625000e-09	4.618912e-01	4.618964e-01	-5.60881e-11	
126	5.675000e-09	4.617354e-01	4.617406e-01	-5.76464e-11	
127	5.725000e-09	4.615803e-01	4.615855e-01	-5.91967e-11	
128	5.775000e-09	4.614258e-01	4.614311e-01	-6.07416e-11	
129	5.825000e-09	4.612721e-01	4.612773e-01	-6.22786e-11	
130	5.875000e-09	4.611190e-01	4.611241e-01	-6.38103e-11	
131	5.925000e-09	4.609666e-01	4.609717e-01	-6.53342e-11	
132	5.975000e-09	4.608147e-01	4.608199e-01	-6.68528e-11	
133	6.025000e-09	4.606636e-01	4.606687e-01	-6.83637e-11	
134	6.075000e-09	4.605131e-01	4.605182e-01	-6.98693e-11	
135	6.125000e-09	4.603633e-01	4.603683e-01	-7.13674e-11	
136	6.175000e-09	4.602140e-01	4.602190e-01	-7.28601e-11	
137	6.225000e-09	4.600654e-01	4.600704e-01	-7.43455e-11	
138	6.275000e-09	4.599174e-01	4.599224e-01	-7.58255e-11	
139	6.325000e-09	4.597702e-01	4.597751e-01	-7.72984e-11	
140	6.375000e-09	4.596234e-01	4.596284e-01	-7.87658e-11	
141	6.425000e-09	4.594774e-01	4.594823e-01	-8.02262e-11	
142	6.475000e-09	4.593319e-01	4.593368e-01	-8.16812e-11	
143	6.525000e-09	4.591871e-01	4.591919e-01	-8.31292e-11	
144	6.575000e-09	4.590428e-01	4.590477e-01	-8.45720e-11	
145	6.625000e-09	4.588992e-01	4.589040e-01	-8.60078e-11	
146	6.675000e-09	4.587562e-01	4.587610e-01	-8.74383e-11	
147	6.725000e-09	4.586138e-01	4.586185e-01	-8.88621e-11	
148	6.775000e-09	4.584719e-01	4.584767e-01	-9.02806e-11	
149	6.825000e-09	4.583308e-01	4.583355e-01	-9.16924e-11	
150	6.875000e-09	4.581901e-01	4.581948e-01	-9.30989e-11	
151	6.925000e-09	4.580501e-01	4.580548e-01	-9.44989e-11	
152	6.975000e-09	4.579106e-01	4.579153e-01	-9.58937e-11	
153	7.025000e-09	4.577718e-01	4.577765e-01	-9.72819e-11	
154	7.075000e-09	4.576335e-01	4.576382e-01	-9.86650e-11	
155	7.125000e-09	4.574958e-01	4.575004e-01	-1.00042e-10	
156	7.175000e-09	4.573587e-01	4.573633e-01	-1.01413e-10	
157	7.225000e-09	4.572222e-01	4.572267e-01	-1.02778e-10	
158	7.275000e-09	4.570862e-01	4.570907e-01	-1.04138e-10	
159	7.325000e-09	4.569508e-01	4.569553e-01	-1.05492e-10	
160	7.375000e-09	4.568159e-01	4.568204e-01	-1.06841e-10	
161	7.425000e-09	4.566817e-01	4.566861e-01	-1.08183e-10	
162	7.475000e-09	4.565479e-01	4.565524e-01	-1.09521e-10	
163	7.525000e-09	4.564148e-01	4.564192e-01	-1.10852e-10	
164	7.575000e-09	4.562821e-01	4.562866e-01	-1.12179e-10	
165	7.625000e-09	4.561501e-01	4.561545e-01	-1.13499e-10	
166	7.675000e-09	4.560185e-01	4.560230e-01	-1.14815e-10	
167	7.725000e-09	4.558876e-01	4.558920e-01	-1.16124e-10	
168	7.775000e-09	4.557571e-01	4.557615e-01	-1.17429e-10	
169	7.825000e-09	4.556273e-01	4.556316e-01	-1.18727e-10	
170	7.875000e-09	4.554979e-01	4.555022e-01	-1.20021e-10	

Index   time            v(bl0)          v(bl7)          vpre#branch     
--------------------------------------------------------------------------------
171	7.925000e-09	4.553691e-01	4.553734e-01	-1.21309e-10	
172	7.975000e-09	4.552408e-01	4.552451e-01	-1.22592e-10	
173	8.025000e-09	4.551130e-01	4.551173e-01	-1.23870e-10	
174	8.075000e-09	4.549858e-01	4.549900e-01	-1.25142e-10	
175	8.125000e-09	4.548591e-01	4.548633e-01	-1.26409e-10	
176	8.175000e-09	4.547328e-01	4.547371e-01	-1.27672e-10	
177	8.225000e-09	4.546072e-01	4.546114e-01	-1.28928e-10	
178	8.275000e-09	4.544820e-01	4.544862e-01	-1.30180e-10	
179	8.325000e-09	4.543574e-01	4.543615e-01	-1.31426e-10	
180	8.375000e-09	4.542332e-01	4.542374e-01	-1.32668e-10	
181	8.425000e-09	4.541096e-01	4.541137e-01	-1.33904e-10	
182	8.475000e-09	4.539864e-01	4.539906e-01	-1.35136e-10	
183	8.525000e-09	4.538638e-01	4.538680e-01	-1.36362e-10	
184	8.575000e-09	4.537417e-01	4.537458e-01	-1.37583e-10	
185	8.625000e-09	4.536201e-01	4.536242e-01	-1.38799e-10	
186	8.675000e-09	4.534989e-01	4.535030e-01	-1.40011e-10	
187	8.725000e-09	4.533783e-01	4.533824e-01	-1.41217e-10	
188	8.775000e-09	4.532581e-01	4.532622e-01	-1.42419e-10	
189	8.825000e-09	4.531385e-01	4.531425e-01	-1.43615e-10	
190	8.875000e-09	4.530193e-01	4.530233e-01	-1.44807e-10	
191	8.925000e-09	4.529006e-01	4.529046e-01	-1.45994e-10	
192	8.975000e-09	4.527824e-01	4.527863e-01	-1.47176e-10	
193	9.025000e-09	4.526647e-01	4.526686e-01	-1.48353e-10	
194	9.075000e-09	4.525474e-01	4.525513e-01	-1.49526e-10	
195	9.125000e-09	4.524306e-01	4.524345e-01	-1.50694e-10	
196	9.175000e-09	4.523143e-01	4.523182e-01	-1.51857e-10	
197	9.225000e-09	4.521984e-01	4.522023e-01	-1.53016e-10	
198	9.275000e-09	4.520830e-01	4.520869e-01	-1.54170e-10	
199	9.325000e-09	4.519681e-01	4.519720e-01	-1.55319e-10	
200	9.375000e-09	4.518536e-01	4.518575e-01	-1.56464e-10	
201	9.425000e-09	4.517396e-01	4.517435e-01	-1.57604e-10	
202	9.475000e-09	4.516261e-01	4.516299e-01	-1.58739e-10	
203	9.525000e-09	4.515130e-01	4.515168e-01	-1.59870e-10	
204	9.575000e-09	4.514004e-01	4.514041e-01	-1.60996e-10	
205	9.625000e-09	4.512882e-01	4.512919e-01	-1.62118e-10	
206	9.675000e-09	4.511764e-01	4.511802e-01	-1.63236e-10	
207	9.725000e-09	4.510651e-01	4.510689e-01	-1.64349e-10	
208	9.775000e-09	4.509543e-01	4.509580e-01	-1.65457e-10	
209	9.825000e-09	4.508439e-01	4.508476e-01	-1.66561e-10	
210	9.875000e-09	4.507339e-01	4.507376e-01	-1.67661e-10	
211	9.925000e-09	4.506244e-01	4.506280e-01	-1.68756e-10	
212	9.975000e-09	4.505152e-01	4.505189e-01	-1.69848e-10	
213	1.002500e-08	4.504066e-01	4.504102e-01	-1.70934e-10	
214	1.007500e-08	4.502983e-01	4.503020e-01	-1.72017e-10	
215	1.012500e-08	4.501905e-01	4.501942e-01	-1.73095e-10	
216	1.017500e-08	4.500831e-01	4.500867e-01	-1.74169e-10	
217	1.022500e-08	4.499762e-01	4.499798e-01	-1.75238e-10	
218	1.027500e-08	4.498696e-01	4.498732e-01	-1.76304e-10	
219	1.032500e-08	4.497635e-01	4.497671e-01	-1.77365e-10	
220	1.037500e-08	4.496578e-01	4.496614e-01	-1.78422e-10	
221	1.042500e-08	4.495526e-01	4.495561e-01	-1.79474e-10	
222	1.047500e-08	4.494477e-01	4.494512e-01	-1.80523e-10	
223	1.052500e-08	4.493432e-01	4.493467e-01	-1.81568e-10	
224	1.057500e-08	4.492392e-01	4.492427e-01	-1.82608e-10	
225	1.062500e-08	4.491355e-01	4.491390e-01	-1.83645e-10	
226	1.067500e-08	4.490323e-01	4.490358e-01	-1.84677e-10	
227	1.072500e-08	4.489295e-01	4.489329e-01	-1.85705e-10	
228	1.077500e-08	4.488270e-01	4.488305e-01	-1.86730e-10	

Index   time            v(bl0)          v(bl7)          vpre#branch     
--------------------------------------------------------------------------------
229	1.082500e-08	4.487250e-01	4.487284e-01	-1.87750e-10	
230	1.087500e-08	4.486234e-01	4.486268e-01	-1.88766e-10	
231	1.092500e-08	4.485221e-01	4.485255e-01	-1.89779e-10	
232	1.097500e-08	4.484213e-01	4.484247e-01	-1.90787e-10	
233	1.102500e-08	4.483208e-01	4.483242e-01	-1.91792e-10	
234	1.107500e-08	4.482208e-01	4.482241e-01	-1.92792e-10	
235	1.112500e-08	4.481211e-01	4.481245e-01	-1.93789e-10	
236	1.117500e-08	4.480218e-01	4.480252e-01	-1.94782e-10	
237	1.122500e-08	4.479229e-01	4.479262e-01	-1.95771e-10	
238	1.127500e-08	4.478244e-01	4.478277e-01	-1.96756e-10	
239	1.132500e-08	4.477263e-01	4.477296e-01	-1.97737e-10	
240	1.137500e-08	4.476285e-01	4.476318e-01	-1.98715e-10	
241	1.142500e-08	4.475311e-01	4.475344e-01	-1.99689e-10	
242	1.147500e-08	4.474341e-01	4.474374e-01	-2.00659e-10	
243	1.152500e-08	4.473375e-01	4.473407e-01	-2.01625e-10	
244	1.157500e-08	4.472412e-01	4.472445e-01	-2.02588e-10	
245	1.162500e-08	4.471454e-01	4.471486e-01	-2.03546e-10	
246	1.167500e-08	4.470498e-01	4.470530e-01	-2.04502e-10	
247	1.172500e-08	4.469547e-01	4.469579e-01	-2.05453e-10	
248	1.177500e-08	4.468599e-01	4.468631e-01	-2.06401e-10	
249	1.182500e-08	4.467655e-01	4.467686e-01	-2.07345e-10	
250	1.187500e-08	4.466714e-01	4.466746e-01	-2.08286e-10	
251	1.192500e-08	4.465777e-01	4.465808e-01	-2.09223e-10	
252	1.197500e-08	4.464843e-01	4.464875e-01	-2.10157e-10	
253	1.202500e-08	4.463914e-01	4.463945e-01	-2.11086e-10	
254	1.207500e-08	4.462987e-01	4.463018e-01	-2.12013e-10	
255	1.212500e-08	4.462064e-01	4.462095e-01	-2.12936e-10	
256	1.217500e-08	4.461145e-01	4.461176e-01	-2.13855e-10	
257	1.222500e-08	4.460229e-01	4.460260e-01	-2.14771e-10	
258	1.227500e-08	4.459317e-01	4.459348e-01	-2.15683e-10	
259	1.232500e-08	4.458408e-01	4.458439e-01	-2.16592e-10	
260	1.237500e-08	4.457503e-01	4.457533e-01	-2.17497e-10	
261	1.242500e-08	4.456601e-01	4.456631e-01	-2.18399e-10	
262	1.247500e-08	4.455702e-01	4.455732e-01	-2.19298e-10	
263	1.252500e-08	4.454807e-01	4.454837e-01	-2.20193e-10	
264	1.257500e-08	4.453915e-01	4.453945e-01	-2.21085e-10	
265	1.262500e-08	4.453027e-01	4.453056e-01	-2.21973e-10	
266	1.267500e-08	4.452141e-01	4.452171e-01	-2.22859e-10	
267	1.272500e-08	4.451260e-01	4.451289e-01	-2.23740e-10	
268	1.277500e-08	4.450381e-01	4.450411e-01	-2.24619e-10	
269	1.282500e-08	4.449506e-01	4.449535e-01	-2.25494e-10	
270	1.287500e-08	4.448634e-01	4.448663e-01	-2.26366e-10	
271	1.292500e-08	4.447766e-01	4.447795e-01	-2.27234e-10	
272	1.297500e-08	4.446900e-01	4.446929e-01	-2.28100e-10	
273	1.302500e-08	4.446038e-01	4.446067e-01	-2.28962e-10	
274	1.307500e-08	4.445179e-01	4.445208e-01	-2.29821e-10	
275	1.312500e-08	4.444323e-01	4.444352e-01	-2.30677e-10	
276	1.317500e-08	4.443471e-01	4.443500e-01	-2.31529e-10	
277	1.322500e-08	4.442622e-01	4.442650e-01	-2.32378e-10	
278	1.327500e-08	4.441775e-01	4.441804e-01	-2.33225e-10	
279	1.332500e-08	4.440933e-01	4.440961e-01	-2.34067e-10	
280	1.337500e-08	4.440093e-01	4.440121e-01	-2.34907e-10	
281	1.342500e-08	4.439256e-01	4.439284e-01	-2.35744e-10	
282	1.347500e-08	4.438422e-01	4.438450e-01	-2.36578e-10	
283	1.352500e-08	4.437592e-01	4.437620e-01	-2.37408e-10	
284	1.357500e-08	4.436764e-01	4.436792e-01	-2.38236e-10	
285	1.362500e-08	4.435940e-01	4.435968e-01	-2.39060e-10	
286	1.367500e-08	4.435118e-01	4.435146e-01	-2.39882e-10	

Index   time            v(bl0)          v(bl7)          vpre#branch     
--------------------------------------------------------------------------------
287	1.372500e-08	4.434300e-01	4.434328e-01	-2.40700e-10	
288	1.377500e-08	4.433485e-01	4.433512e-01	-2.41515e-10	
289	1.382500e-08	4.432673e-01	4.432700e-01	-2.42327e-10	
290	1.387500e-08	4.431863e-01	4.431890e-01	-2.43137e-10	
291	1.392500e-08	4.431057e-01	4.431084e-01	-2.43943e-10	
292	1.397500e-08	4.430254e-01	4.430281e-01	-2.44746e-10	
293	1.402500e-08	4.429453e-01	4.429480e-01	-2.45547e-10	
294	1.407500e-08	4.428656e-01	4.428682e-01	-2.46344e-10	
295	1.412500e-08	4.427861e-01	4.427888e-01	-2.47139e-10	
296	1.417500e-08	4.427069e-01	4.427096e-01	-2.47931e-10	
297	1.422500e-08	4.426281e-01	4.426307e-01	-2.48719e-10	
298	1.427500e-08	4.425495e-01	4.425521e-01	-2.49505e-10	
299	1.432500e-08	4.424712e-01	4.424738e-01	-2.50288e-10	
300	1.437500e-08	4.423932e-01	4.423958e-01	-2.51068e-10	
301	1.442500e-08	4.423154e-01	4.423181e-01	-2.51846e-10	
302	1.447500e-08	4.422380e-01	4.422406e-01	-2.52620e-10	
303	1.452500e-08	4.421608e-01	4.421634e-01	-2.53392e-10	
304	1.457500e-08	4.420839e-01	4.420865e-01	-2.54161e-10	
305	1.462500e-08	4.420073e-01	4.420099e-01	-2.54927e-10	
306	1.467500e-08	4.419310e-01	4.419336e-01	-2.55690e-10	
307	1.472500e-08	4.418550e-01	4.418575e-01	-2.56450e-10	
308	1.477500e-08	4.417792e-01	4.417817e-01	-2.57208e-10	
309	1.482500e-08	4.417037e-01	4.417062e-01	-2.57963e-10	
310	1.487500e-08	4.416285e-01	4.416310e-01	-2.58715e-10	
311	1.492500e-08	4.415535e-01	4.415560e-01	-2.59465e-10	
312	1.497500e-08	4.414788e-01	4.414813e-01	-2.60212e-10	
313	1.502500e-08	4.414044e-01	4.414069e-01	-2.60956e-10	
314	1.507500e-08	4.413302e-01	4.413327e-01	-2.61698e-10	
315	1.512500e-08	4.412564e-01	4.412588e-01	-2.62436e-10	
316	1.517500e-08	4.411827e-01	4.411852e-01	-2.63173e-10	
317	1.522500e-08	4.411094e-01	4.411119e-01	-2.63906e-10	
318	1.527500e-08	4.410363e-01	4.410388e-01	-2.64637e-10	
319	1.532500e-08	4.409635e-01	4.409659e-01	-2.65365e-10	
320	1.537500e-08	4.408909e-01	4.408933e-01	-2.66091e-10	
321	1.542500e-08	4.408186e-01	4.408210e-01	-2.66814e-10	
322	1.547500e-08	4.407465e-01	4.407490e-01	-2.67535e-10	
323	1.552500e-08	4.406748e-01	4.406772e-01	-2.68252e-10	
324	1.557500e-08	4.406032e-01	4.406056e-01	-2.68968e-10	
325	1.562500e-08	4.405319e-01	4.405343e-01	-2.69681e-10	
326	1.567500e-08	4.404609e-01	4.404633e-01	-2.70391e-10	
327	1.572500e-08	4.403901e-01	4.403925e-01	-2.71099e-10	
328	1.577500e-08	4.403196e-01	4.403220e-01	-2.71804e-10	
329	1.582500e-08	4.402493e-01	4.402517e-01	-2.72507e-10	
330	1.587500e-08	4.401793e-01	4.401817e-01	-2.73207e-10	
331	1.592500e-08	4.401095e-01	4.401119e-01	-2.73905e-10	
332	1.597500e-08	4.400400e-01	4.400423e-01	-2.74600e-10	
333	1.602500e-08	4.399707e-01	4.399731e-01	-2.75293e-10	
334	1.607500e-08	4.399017e-01	4.399040e-01	-2.75983e-10	
335	1.612500e-08	4.398329e-01	4.398352e-01	-2.76671e-10	
336	1.617500e-08	4.397643e-01	4.397666e-01	-2.77357e-10	
337	1.622500e-08	4.396960e-01	4.396983e-01	-2.78040e-10	
338	1.627500e-08	4.396280e-01	4.396303e-01	-2.78720e-10	
339	1.632500e-08	4.395601e-01	4.395624e-01	-2.79399e-10	
340	1.637500e-08	4.394925e-01	4.394948e-01	-2.80075e-10	
341	1.642500e-08	4.394252e-01	4.394275e-01	-2.80748e-10	
342	1.647500e-08	4.393581e-01	4.393603e-01	-2.81419e-10	
343	1.652500e-08	4.392912e-01	4.392934e-01	-2.82088e-10	
344	1.657500e-08	4.392245e-01	4.392268e-01	-2.82755e-10	

Index   time            v(bl0)          v(bl7)          vpre#branch     
--------------------------------------------------------------------------------
345	1.662500e-08	4.391581e-01	4.391604e-01	-2.83419e-10	
346	1.667500e-08	4.390919e-01	4.390942e-01	-2.84081e-10	
347	1.672500e-08	4.390260e-01	4.390282e-01	-2.84740e-10	
348	1.677500e-08	4.389603e-01	4.389625e-01	-2.85397e-10	
349	1.682500e-08	4.388948e-01	4.388970e-01	-2.86052e-10	
350	1.687500e-08	4.388295e-01	4.388317e-01	-2.86705e-10	
351	1.692500e-08	4.387645e-01	4.387666e-01	-2.87355e-10	
352	1.697500e-08	4.386996e-01	4.387018e-01	-2.88004e-10	
353	1.702500e-08	4.386351e-01	4.386372e-01	-2.88649e-10	
354	1.707500e-08	4.385707e-01	4.385729e-01	-2.89293e-10	
355	1.712500e-08	4.385066e-01	4.385087e-01	-2.89934e-10	
356	1.717500e-08	4.384426e-01	4.384448e-01	-2.90574e-10	
357	1.722500e-08	4.383789e-01	4.383811e-01	-2.91211e-10	
358	1.727500e-08	4.383155e-01	4.383176e-01	-2.91845e-10	
359	1.732500e-08	4.382522e-01	4.382543e-01	-2.92478e-10	
360	1.737500e-08	4.381892e-01	4.381913e-01	-2.93108e-10	
361	1.742500e-08	4.381263e-01	4.381284e-01	-2.93737e-10	
362	1.747500e-08	4.380637e-01	4.380658e-01	-2.94363e-10	
363	1.752500e-08	4.380013e-01	4.380034e-01	-2.94987e-10	
364	1.757500e-08	4.379392e-01	4.379412e-01	-2.95608e-10	
365	1.762500e-08	4.378772e-01	4.378793e-01	-2.96228e-10	
366	1.767500e-08	4.378154e-01	4.378175e-01	-2.96846e-10	
367	1.772500e-08	4.377539e-01	4.377560e-01	-2.97461e-10	
368	1.777500e-08	4.376926e-01	4.376946e-01	-2.98074e-10	
369	1.782500e-08	4.376315e-01	4.376335e-01	-2.98685e-10	
370	1.787500e-08	4.375705e-01	4.375726e-01	-2.99295e-10	
371	1.792500e-08	4.375098e-01	4.375119e-01	-2.99902e-10	
372	1.797500e-08	4.374493e-01	4.374514e-01	-3.00507e-10	
373	1.802500e-08	4.373891e-01	4.373911e-01	-3.01109e-10	
374	1.807500e-08	4.373290e-01	4.373310e-01	-3.01710e-10	
375	1.812500e-08	4.372691e-01	4.372711e-01	-3.02309e-10	
376	1.817500e-08	4.372094e-01	4.372114e-01	-3.02906e-10	
377	1.822500e-08	4.371500e-01	4.371519e-01	-3.03500e-10	
378	1.827500e-08	4.370907e-01	4.370927e-01	-3.04093e-10	
379	1.832500e-08	4.370316e-01	4.370336e-01	-3.04684e-10	
380	1.837500e-08	4.369727e-01	4.369747e-01	-3.05273e-10	
381	1.842500e-08	4.369141e-01	4.369160e-01	-3.05859e-10	
382	1.847500e-08	4.368556e-01	4.368576e-01	-3.06444e-10	
383	1.852500e-08	4.367973e-01	4.367993e-01	-3.07027e-10	
384	1.857500e-08	4.367392e-01	4.367412e-01	-3.07608e-10	
385	1.862500e-08	4.366814e-01	4.366833e-01	-3.08186e-10	
386	1.867500e-08	4.366237e-01	4.366256e-01	-3.08763e-10	
387	1.872500e-08	4.365662e-01	4.365681e-01	-3.09338e-10	
388	1.877500e-08	4.365089e-01	4.365108e-01	-3.09911e-10	
389	1.882500e-08	4.364518e-01	4.364537e-01	-3.10482e-10	
390	1.887500e-08	4.363948e-01	4.363968e-01	-3.11052e-10	
391	1.892500e-08	4.363381e-01	4.363400e-01	-3.11619e-10	
392	1.897500e-08	4.362816e-01	4.362835e-01	-3.12184e-10	
393	1.902500e-08	4.362252e-01	4.362271e-01	-3.12748e-10	
394	1.907500e-08	4.361691e-01	4.361710e-01	-3.13309e-10	
395	1.912500e-08	4.361131e-01	4.361150e-01	-3.13869e-10	
396	1.917500e-08	4.360573e-01	4.360592e-01	-3.14427e-10	
397	1.922500e-08	4.360017e-01	4.360036e-01	-3.14983e-10	
398	1.927500e-08	4.359463e-01	4.359482e-01	-3.15537e-10	
399	1.932500e-08	4.358911e-01	4.358929e-01	-3.16089e-10	
400	1.937500e-08	4.358360e-01	4.358379e-01	-3.16640e-10	
401	1.942500e-08	4.357812e-01	4.357830e-01	-3.17188e-10	
402	1.947500e-08	4.357265e-01	4.357283e-01	-3.17735e-10	

Index   time            v(bl0)          v(bl7)          vpre#branch     
--------------------------------------------------------------------------------
403	1.952500e-08	4.356720e-01	4.356738e-01	-3.18280e-10	
404	1.957500e-08	4.356177e-01	4.356195e-01	-3.18823e-10	
405	1.962500e-08	4.355636e-01	4.355654e-01	-3.19364e-10	
406	1.967500e-08	4.355096e-01	4.355114e-01	-3.19904e-10	
407	1.972500e-08	4.354558e-01	4.354576e-01	-3.20442e-10	
408	1.977500e-08	4.354022e-01	4.354040e-01	-3.20978e-10	
409	1.982500e-08	4.353488e-01	4.353506e-01	-3.21512e-10	
410	1.987500e-08	4.352955e-01	4.352973e-01	-3.22045e-10	
411	1.992500e-08	4.352425e-01	4.352443e-01	-3.22575e-10	
412	1.997500e-08	4.351896e-01	4.351913e-01	-3.23104e-10	
413	2.002500e-08	4.351368e-01	4.351386e-01	-3.23632e-10	
414	2.007500e-08	4.350843e-01	4.350861e-01	-3.24157e-10	
415	2.012500e-08	4.350319e-01	4.350337e-01	-3.24681e-10	
416	2.017500e-08	4.349797e-01	4.349815e-01	-3.25203e-10	
417	2.022500e-08	4.349277e-01	4.349294e-01	-3.25723e-10	
418	2.027500e-08	4.348758e-01	4.348775e-01	-3.26242e-10	
419	2.032500e-08	4.348241e-01	4.348258e-01	-3.26759e-10	
420	2.037500e-08	4.347726e-01	4.347743e-01	-3.27274e-10	
421	2.042500e-08	4.347212e-01	4.347229e-01	-3.27788e-10	
422	2.047500e-08	4.346700e-01	4.346717e-01	-3.28300e-10	
423	2.052500e-08	4.346190e-01	4.346207e-01	-3.28810e-10	
424	2.057500e-08	4.345681e-01	4.345699e-01	-3.29319e-10	
425	2.062500e-08	4.345175e-01	4.345192e-01	-3.29825e-10	
426	2.067500e-08	4.344669e-01	4.344686e-01	-3.30331e-10	
427	2.072500e-08	4.344166e-01	4.344183e-01	-3.30834e-10	
428	2.077500e-08	4.343664e-01	4.343680e-01	-3.31336e-10	
429	2.082500e-08	4.343163e-01	4.343180e-01	-3.31837e-10	
430	2.087500e-08	4.342664e-01	4.342681e-01	-3.32336e-10	
431	2.092500e-08	4.342167e-01	4.342184e-01	-3.32833e-10	
432	2.097500e-08	4.341672e-01	4.341688e-01	-3.33328e-10	
433	2.102500e-08	4.341178e-01	4.341194e-01	-3.33822e-10	
434	2.107500e-08	4.340686e-01	4.340702e-01	-3.34314e-10	
435	2.112500e-08	4.340195e-01	4.340211e-01	-3.34805e-10	
436	2.117500e-08	4.339706e-01	4.339722e-01	-3.35294e-10	
437	2.122500e-08	4.339218e-01	4.339234e-01	-3.35782e-10	
438	2.127500e-08	4.338732e-01	4.338748e-01	-3.36268e-10	
439	2.132500e-08	4.338248e-01	4.338264e-01	-3.36752e-10	
440	2.137500e-08	4.337765e-01	4.337781e-01	-3.37235e-10	
441	2.142500e-08	4.337283e-01	4.337299e-01	-3.37717e-10	
442	2.147500e-08	4.336804e-01	4.336820e-01	-3.38196e-10	
443	2.152500e-08	4.336325e-01	4.336341e-01	-3.38675e-10	
444	2.157500e-08	4.335849e-01	4.335865e-01	-3.39151e-10	
445	2.162500e-08	4.335373e-01	4.335389e-01	-3.39627e-10	
446	2.167500e-08	4.334900e-01	4.334916e-01	-3.40100e-10	
447	2.172500e-08	4.334427e-01	4.334443e-01	-3.40573e-10	
448	2.177500e-08	4.333957e-01	4.333973e-01	-3.41043e-10	
449	2.182500e-08	4.333488e-01	4.333503e-01	-3.41512e-10	
450	2.187500e-08	4.333020e-01	4.333036e-01	-3.41980e-10	
451	2.192500e-08	4.332554e-01	4.332569e-01	-3.42446e-10	
452	2.197500e-08	4.332089e-01	4.332105e-01	-3.42911e-10	
453	2.202500e-08	4.331626e-01	4.331641e-01	-3.43374e-10	
454	2.207500e-08	4.331164e-01	4.331180e-01	-3.43836e-10	
455	2.212500e-08	4.330704e-01	4.330719e-01	-3.44296e-10	
456	2.217500e-08	4.330245e-01	4.330260e-01	-3.44755e-10	
457	2.222500e-08	4.329788e-01	4.329803e-01	-3.45212e-10	
458	2.227500e-08	4.329332e-01	4.329347e-01	-3.45668e-10	
459	2.232500e-08	4.328877e-01	4.328892e-01	-3.46123e-10	
460	2.237500e-08	4.328424e-01	4.328439e-01	-3.46576e-10	

Index   time            v(bl0)          v(bl7)          vpre#branch     
--------------------------------------------------------------------------------
461	2.242500e-08	4.327972e-01	4.327988e-01	-3.47028e-10	
462	2.247500e-08	4.327522e-01	4.327537e-01	-3.47478e-10	
463	2.252500e-08	4.327073e-01	4.327088e-01	-3.47927e-10	
464	2.257500e-08	4.326626e-01	4.326641e-01	-3.48374e-10	
465	2.262500e-08	4.326180e-01	4.326195e-01	-3.48820e-10	
466	2.267500e-08	4.325735e-01	4.325750e-01	-3.49265e-10	
467	2.272500e-08	4.325292e-01	4.325307e-01	-3.49708e-10	
468	2.277500e-08	4.324851e-01	4.324865e-01	-3.50149e-10	
469	2.282500e-08	4.324410e-01	4.324425e-01	-3.50590e-10	
470	2.287500e-08	4.323971e-01	4.323986e-01	-3.51029e-10	
471	2.292500e-08	4.323534e-01	4.323548e-01	-3.51466e-10	
472	2.297500e-08	4.323097e-01	4.323112e-01	-3.51903e-10	
473	2.302500e-08	4.322662e-01	4.322677e-01	-3.52338e-10	
474	2.307500e-08	4.322229e-01	4.322243e-01	-3.52771e-10	
475	2.312500e-08	4.321797e-01	4.321811e-01	-3.53203e-10	
476	2.317500e-08	4.321366e-01	4.321380e-01	-3.53634e-10	
477	2.322500e-08	4.320936e-01	4.320951e-01	-3.54064e-10	
478	2.327500e-08	4.320508e-01	4.320523e-01	-3.54492e-10	
479	2.332500e-08	4.320081e-01	4.320096e-01	-3.54919e-10	
480	2.337500e-08	4.319656e-01	4.319670e-01	-3.55344e-10	
481	2.342500e-08	4.319232e-01	4.319246e-01	-3.55768e-10	
482	2.347500e-08	4.318809e-01	4.318823e-01	-3.56191e-10	
483	2.352500e-08	4.318387e-01	4.318401e-01	-3.56613e-10	
484	2.357500e-08	4.317967e-01	4.317981e-01	-3.57033e-10	
485	2.362500e-08	4.317548e-01	4.317562e-01	-3.57452e-10	
486	2.367500e-08	4.317130e-01	4.317144e-01	-3.57870e-10	
487	2.372500e-08	4.316714e-01	4.316728e-01	-3.58286e-10	
488	2.377500e-08	4.316299e-01	4.316313e-01	-3.58701e-10	
489	2.382500e-08	4.315885e-01	4.315899e-01	-3.59115e-10	
490	2.387500e-08	4.315473e-01	4.315487e-01	-3.59527e-10	
491	2.392500e-08	4.315061e-01	4.315075e-01	-3.59939e-10	
492	2.397500e-08	4.314651e-01	4.314665e-01	-3.60349e-10	
493	2.402500e-08	4.314243e-01	4.314256e-01	-3.60757e-10	
494	2.407500e-08	4.313835e-01	4.313849e-01	-3.61165e-10	
495	2.412500e-08	4.313429e-01	4.313443e-01	-3.61571e-10	
496	2.417500e-08	4.313024e-01	4.313038e-01	-3.61976e-10	
497	2.422500e-08	4.312620e-01	4.312634e-01	-3.62380e-10	
498	2.427500e-08	4.312218e-01	4.312231e-01	-3.62782e-10	
499	2.432500e-08	4.311817e-01	4.311830e-01	-3.63183e-10	
500	2.437500e-08	4.311417e-01	4.311430e-01	-3.63583e-10	
501	2.442500e-08	4.311018e-01	4.311031e-01	-3.63982e-10	
502	2.447500e-08	4.310620e-01	4.310634e-01	-3.64380e-10	
503	2.452500e-08	4.310224e-01	4.310237e-01	-3.64776e-10	
504	2.457500e-08	4.309829e-01	4.309842e-01	-3.65171e-10	
505	2.462500e-08	4.309435e-01	4.309448e-01	-3.65565e-10	
506	2.467500e-08	4.309042e-01	4.309055e-01	-3.65958e-10	
507	2.472500e-08	4.308651e-01	4.308664e-01	-3.66349e-10	
508	2.477500e-08	4.308260e-01	4.308273e-01	-3.66740e-10	
509	2.482500e-08	4.307871e-01	4.307884e-01	-3.67129e-10	
510	2.487500e-08	4.307483e-01	4.307496e-01	-3.67517e-10	
511	2.492500e-08	4.307096e-01	4.307109e-01	-3.67904e-10	
512	2.496250e-08	4.306807e-01	4.306820e-01	-3.68193e-10	
513	2.500000e-08	4.306518e-01	4.306531e-01	-3.68482e-10	


Total analysis time (seconds) = 0.0661448

Total elapsed time (seconds) = 0.079 

Total DRAM available = 386307.215 MB.
DRAM currently available = 2242.074 MB.
Maximum ngspice program size =  529.848 MB.
Current ngspice program size =   14.215 MB.

Shared ngspice pages =   12.262 MB.
Text (code) pages =    6.266 MB.
Stack = 0 bytes.
Library pages =   59.266 MB.

