
Note: No compatibility mode selected!


Circuit: * 1t1c ccell=30.0ff

Doing analysis at TEMP = 27.000000 and TNOM = 27.000000

Using SPARSE 1.3 as Direct Linear Solver

Initial Transient Solution
--------------------------

Node                                   Voltage
----                                   -------
pre                                      0.405
bl                                       0.405
wl                                           0
plate                                        0
s                                            0
cell                                         0
vs#branch                                    0
vpl#branch                                   0
vwl#branch                                   0
vpre#branch                                  0


No. of Data Rows : 832

  Measurements for Transient Analysis

t_write             =  1.90024e-09
t_read              =  2.27510e-08
i_hold              =  -2.81115e-11 from=  2.50000e-08 to=  3.50250e-08
q_read              =   1.81445e-18 from=  1.20000e-08 to=  2.20000e-08

                              * 1t1c ccell=30.0ff
                              Transient Analysis  Tue Jun 23 16:35:15  2026
--------------------------------------------------------------------------------
Index   time            v(cell)         v(bl)           vpre#branch     
--------------------------------------------------------------------------------
0	0.000000e+00	0.000000e+00	4.050000e-01	0.000000e+00	
1	5.000000e-13	1.578147e-12	4.050000e-01	-6.34108e-17	
2	1.000000e-12	3.156270e-12	4.050000e-01	-1.22909e-16	
3	2.000000e-12	6.312514e-12	4.050000e-01	-2.41829e-16	
4	4.000000e-12	1.262500e-11	4.050000e-01	-4.79223e-16	
5	8.000000e-12	2.524997e-11	4.049999e-01	-9.52222e-16	
6	1.600000e-11	5.049991e-11	4.049998e-01	-1.89112e-15	
7	3.200000e-11	1.009998e-10	4.049996e-01	-3.74084e-15	
8	6.400000e-11	2.019994e-10	4.049993e-01	-7.33078e-15	
9	1.140000e-10	3.598111e-10	4.049987e-01	-1.26596e-14	
10	1.640000e-10	5.176227e-10	4.049982e-01	-1.76634e-14	
11	2.140000e-10	6.754340e-10	4.049978e-01	-2.23620e-14	
12	2.640000e-10	8.332451e-10	4.049973e-01	-2.67742e-14	
13	3.140000e-10	9.910560e-10	4.049969e-01	-3.09172e-14	
14	3.640000e-10	1.148867e-09	4.049965e-01	-3.48076e-14	
15	4.140000e-10	1.306677e-09	4.049962e-01	-3.84607e-14	
16	4.640000e-10	1.464488e-09	4.049958e-01	-4.18910e-14	
17	5.140000e-10	1.622298e-09	4.049955e-01	-4.51122e-14	
18	5.640000e-10	1.780108e-09	4.049952e-01	-4.81369e-14	
19	6.140000e-10	1.937918e-09	4.049949e-01	-5.09771e-14	
20	6.640000e-10	2.095728e-09	4.049946e-01	-5.36441e-14	
21	7.140000e-10	2.253538e-09	4.049944e-01	-5.61485e-14	
22	7.640000e-10	2.411348e-09	4.049941e-01	-5.85002e-14	
23	8.140000e-10	2.569157e-09	4.049939e-01	-6.07084e-14	
24	8.640000e-10	2.726967e-09	4.049937e-01	-6.27820e-14	
25	9.140000e-10	2.884776e-09	4.049935e-01	-6.47291e-14	
26	9.570000e-10	3.020492e-09	4.049934e-01	-6.63082e-14	
27	1.000000e-09	3.156208e-09	4.049932e-01	-6.78042e-14	
28	1.005000e-09	4.048937e-03	4.049932e-01	-6.79072e-14	
29	1.015000e-09	1.214679e-02	4.049932e-01	-6.79957e-14	
30	1.035000e-09	2.834250e-02	4.049932e-01	-6.75838e-14	
31	1.075000e-09	6.073392e-02	4.049935e-01	-6.52781e-14	
32	1.125000e-09	1.012232e-01	4.049939e-01	-6.13498e-14	
33	1.175000e-09	1.417125e-01	4.049942e-01	-5.75119e-14	
34	1.225000e-09	1.822017e-01	4.049946e-01	-5.39723e-14	
35	1.275000e-09	2.226910e-01	4.049949e-01	-5.06701e-14	
36	1.325000e-09	2.631803e-01	4.049952e-01	-4.75766e-14	
37	1.375000e-09	3.036696e-01	4.049955e-01	-4.46741e-14	
38	1.425000e-09	3.441588e-01	4.049958e-01	-4.19493e-14	
39	1.475000e-09	3.846481e-01	4.049961e-01	-3.93913e-14	
40	1.525000e-09	4.251374e-01	4.049963e-01	-3.69896e-14	
41	1.575000e-09	4.656266e-01	4.049965e-01	-3.47337e-14	
42	1.625000e-09	5.061159e-01	4.049967e-01	-3.26148e-14	
43	1.675000e-09	5.466052e-01	4.049969e-01	-3.06251e-14	
44	1.725000e-09	5.870945e-01	4.049971e-01	-2.87567e-14	
45	1.775000e-09	6.275837e-01	4.049973e-01	-2.70023e-14	
46	1.825000e-09	6.680730e-01	4.049975e-01	-2.53547e-14	
47	1.875000e-09	7.085623e-01	4.049976e-01	-2.38077e-14	
48	1.925000e-09	7.490515e-01	4.049978e-01	-2.23549e-14	
49	1.962500e-09	7.794185e-01	4.049979e-01	-2.13239e-14	
50	2.000000e-09	8.097855e-01	4.049980e-01	-2.03404e-14	
51	2.005000e-09	8.097854e-01	4.049980e-01	-2.02132e-14	
52	2.015000e-09	8.097854e-01	4.049980e-01	-1.99603e-14	
53	2.035000e-09	8.097854e-01	4.049981e-01	-1.94639e-14	
54	2.075000e-09	8.097854e-01	4.049981e-01	-1.85078e-14	

Index   time            v(cell)         v(bl)           vpre#branch     
--------------------------------------------------------------------------------
55	2.125000e-09	8.097854e-01	4.049983e-01	-1.73782e-14	
56	2.175000e-09	8.097854e-01	4.049984e-01	-1.63175e-14	
57	2.225000e-09	8.097854e-01	4.049985e-01	-1.53214e-14	
58	2.275000e-09	8.097854e-01	4.049986e-01	-1.43861e-14	
59	2.325000e-09	8.097854e-01	4.049986e-01	-1.35079e-14	
60	2.375000e-09	8.097854e-01	4.049987e-01	-1.26832e-14	
61	2.425000e-09	8.097854e-01	4.049988e-01	-1.19088e-14	
62	2.475000e-09	8.097854e-01	4.049989e-01	-1.11816e-14	
63	2.525000e-09	8.097854e-01	4.049990e-01	-1.04988e-14	
64	2.575000e-09	8.097854e-01	4.049990e-01	-9.85759e-15	
65	2.625000e-09	8.097854e-01	4.049991e-01	-9.25550e-15	
66	2.675000e-09	8.097854e-01	4.049991e-01	-8.69013e-15	
67	2.725000e-09	8.097854e-01	4.049992e-01	-8.15924e-15	
68	2.775000e-09	8.097854e-01	4.049992e-01	-7.66072e-15	
69	2.825000e-09	8.097854e-01	4.049993e-01	-7.19261e-15	
70	2.875000e-09	8.097854e-01	4.049993e-01	-6.75304e-15	
71	2.925000e-09	8.097854e-01	4.049994e-01	-6.34027e-15	
72	2.975000e-09	8.097854e-01	4.049994e-01	-5.95268e-15	
73	3.025000e-09	8.097854e-01	4.049994e-01	-5.58873e-15	
74	3.075000e-09	8.097854e-01	4.049995e-01	-5.24697e-15	
75	3.125000e-09	8.097854e-01	4.049995e-01	-4.92605e-15	
76	3.175000e-09	8.097854e-01	4.049995e-01	-4.62470e-15	
77	3.225000e-09	8.097854e-01	4.049996e-01	-4.34173e-15	
78	3.275000e-09	8.097854e-01	4.049996e-01	-4.07602e-15	
79	3.325000e-09	8.097854e-01	4.049996e-01	-3.82651e-15	
80	3.375000e-09	8.097854e-01	4.049996e-01	-3.59222e-15	
81	3.425000e-09	8.097854e-01	4.049997e-01	-3.37221e-15	
82	3.475000e-09	8.097854e-01	4.049997e-01	-3.16562e-15	
83	3.525000e-09	8.097854e-01	4.049997e-01	-2.97163e-15	
84	3.575000e-09	8.097854e-01	4.049997e-01	-2.78947e-15	
85	3.625000e-09	8.097854e-01	4.049997e-01	-2.61842e-15	
86	3.675000e-09	8.097854e-01	4.049998e-01	-2.45780e-15	
87	3.725000e-09	8.097854e-01	4.049998e-01	-2.30697e-15	
88	3.775000e-09	8.097854e-01	4.049998e-01	-2.16534e-15	
89	3.825000e-09	8.097854e-01	4.049998e-01	-2.03235e-15	
90	3.875000e-09	8.097854e-01	4.049998e-01	-1.90747e-15	
91	3.925000e-09	8.097854e-01	4.049998e-01	-1.79021e-15	
92	3.975000e-09	8.097854e-01	4.049998e-01	-1.68009e-15	
93	4.025000e-09	8.097854e-01	4.049998e-01	-1.57669e-15	
94	4.075000e-09	8.097854e-01	4.049999e-01	-1.47960e-15	
95	4.125000e-09	8.097854e-01	4.049999e-01	-1.38843e-15	
96	4.175000e-09	8.097854e-01	4.049999e-01	-1.30282e-15	
97	4.225000e-09	8.097854e-01	4.049999e-01	-1.22242e-15	
98	4.275000e-09	8.097854e-01	4.049999e-01	-1.14694e-15	
99	4.325000e-09	8.097854e-01	4.049999e-01	-1.07605e-15	
100	4.375000e-09	8.097854e-01	4.049999e-01	-1.00949e-15	
101	4.425000e-09	8.097854e-01	4.049999e-01	-9.46985e-16	
102	4.475000e-09	8.097854e-01	4.049999e-01	-8.88293e-16	
103	4.525000e-09	8.097854e-01	4.049999e-01	-8.33181e-16	
104	4.575000e-09	8.097854e-01	4.049999e-01	-7.81430e-16	
105	4.625000e-09	8.097854e-01	4.049999e-01	-7.32834e-16	
106	4.675000e-09	8.097854e-01	4.049999e-01	-6.87202e-16	
107	4.725000e-09	8.097854e-01	4.049999e-01	-6.44352e-16	
108	4.775000e-09	8.097854e-01	4.049999e-01	-6.04116e-16	
109	4.825000e-09	8.097854e-01	4.049999e-01	-5.66334e-16	
110	4.875000e-09	8.097854e-01	4.049999e-01	-5.30856e-16	
111	4.925000e-09	8.097854e-01	4.050000e-01	-4.97541e-16	
112	4.975000e-09	8.097854e-01	4.050000e-01	-4.66258e-16	

Index   time            v(cell)         v(bl)           vpre#branch     
--------------------------------------------------------------------------------
113	5.025000e-09	8.097854e-01	4.050000e-01	-4.36883e-16	
114	5.075000e-09	8.097854e-01	4.050000e-01	-4.09298e-16	
115	5.125000e-09	8.097854e-01	4.050000e-01	-3.83396e-16	
116	5.175000e-09	8.097854e-01	4.050000e-01	-3.59074e-16	
117	5.225000e-09	8.097854e-01	4.050000e-01	-3.36235e-16	
118	5.275000e-09	8.097854e-01	4.050000e-01	-3.14789e-16	
119	5.325000e-09	8.097854e-01	4.050000e-01	-2.94651e-16	
120	5.375000e-09	8.097854e-01	4.050000e-01	-2.75740e-16	
121	5.425000e-09	8.097854e-01	4.050000e-01	-2.57983e-16	
122	5.475000e-09	8.097854e-01	4.050000e-01	-2.41309e-16	
123	5.525000e-09	8.097854e-01	4.050000e-01	-2.25651e-16	
124	5.575000e-09	8.097854e-01	4.050000e-01	-2.10948e-16	
125	5.625000e-09	8.097854e-01	4.050000e-01	-1.97142e-16	
126	5.675000e-09	8.097854e-01	4.050000e-01	-1.84178e-16	
127	5.725000e-09	8.097854e-01	4.050000e-01	-1.72005e-16	
128	5.775000e-09	8.097854e-01	4.050000e-01	-1.60574e-16	
129	5.825000e-09	8.097854e-01	4.050000e-01	-1.49841e-16	
130	5.875000e-09	8.097854e-01	4.050000e-01	-1.39762e-16	
131	5.925000e-09	8.097854e-01	4.050000e-01	-1.30297e-16	
132	5.975000e-09	8.097854e-01	4.050000e-01	-1.21410e-16	
133	6.025000e-09	8.097854e-01	4.050000e-01	-1.13064e-16	
134	6.075000e-09	8.097854e-01	4.050000e-01	-1.05228e-16	
135	6.125000e-09	8.097854e-01	4.050000e-01	-9.78693e-17	
136	6.175000e-09	8.097854e-01	4.050000e-01	-9.09595e-17	
137	6.225000e-09	8.097854e-01	4.050000e-01	-8.44711e-17	
138	6.275000e-09	8.097854e-01	4.050000e-01	-7.83784e-17	
139	6.325000e-09	8.097854e-01	4.050000e-01	-7.26572e-17	
140	6.375000e-09	8.097854e-01	4.050000e-01	-6.72850e-17	
141	6.425000e-09	8.097854e-01	4.050000e-01	-6.22399e-17	
142	6.475000e-09	8.097854e-01	4.050000e-01	-5.75025e-17	
143	6.525000e-09	8.097854e-01	4.050000e-01	-5.30544e-17	
144	6.575000e-09	8.097854e-01	4.050000e-01	-4.88775e-17	
145	6.625000e-09	8.097854e-01	4.050000e-01	-4.49554e-17	
146	6.675000e-09	8.097854e-01	4.050000e-01	-4.12725e-17	
147	6.725000e-09	8.097854e-01	4.050000e-01	-3.78137e-17	
148	6.775000e-09	8.097854e-01	4.050000e-01	-3.45655e-17	
149	6.825000e-09	8.097854e-01	4.050000e-01	-3.15158e-17	
150	6.875000e-09	8.097854e-01	4.050000e-01	-2.86524e-17	
151	6.925000e-09	8.097854e-01	4.050000e-01	-2.59637e-17	
152	6.962500e-09	8.097854e-01	4.050000e-01	-2.40553e-17	
153	7.000000e-09	8.097854e-01	4.050000e-01	-2.22346e-17	
154	7.005000e-09	7.895408e-01	4.050000e-01	-2.20005e-17	
155	7.015000e-09	7.490515e-01	4.050000e-01	-2.15378e-17	
156	7.035000e-09	6.680730e-01	4.050000e-01	-2.06461e-17	
157	7.067500e-09	5.364828e-01	4.050000e-01	-1.92940e-17	
158	7.100000e-09	4.048927e-01	4.050000e-01	-1.80742e-17	
159	7.105000e-09	4.048927e-01	4.050000e-01	-1.79626e-17	
160	7.115000e-09	4.048927e-01	4.050000e-01	-1.77408e-17	
161	7.135000e-09	4.048927e-01	4.050000e-01	-1.73052e-17	
162	7.175000e-09	4.048927e-01	4.050000e-01	-1.64663e-17	
163	7.225000e-09	4.048927e-01	4.050000e-01	-1.54753e-17	
164	7.275000e-09	4.048927e-01	4.050000e-01	-1.45446e-17	
165	7.325000e-09	4.048927e-01	4.050000e-01	-1.36702e-17	
166	7.375000e-09	4.048927e-01	4.050000e-01	-1.28492e-17	
167	7.425000e-09	4.048927e-01	4.050000e-01	-1.20782e-17	
168	7.475000e-09	4.048927e-01	4.050000e-01	-1.13539e-17	
169	7.525000e-09	4.048927e-01	4.050000e-01	-1.06737e-17	
170	7.575000e-09	4.048927e-01	4.050000e-01	-1.00354e-17	

Index   time            v(cell)         v(bl)           vpre#branch     
--------------------------------------------------------------------------------
171	7.625000e-09	4.048927e-01	4.050000e-01	-9.43598e-18	
172	7.675000e-09	4.048927e-01	4.050000e-01	-8.87316e-18	
173	7.725000e-09	4.048927e-01	4.050000e-01	-8.34466e-18	
174	7.775000e-09	4.048927e-01	4.050000e-01	-7.84839e-18	
175	7.825000e-09	4.048927e-01	4.050000e-01	-7.38238e-18	
176	7.875000e-09	4.048927e-01	4.050000e-01	-6.94438e-18	
177	7.925000e-09	4.048927e-01	4.050000e-01	-6.53309e-18	
178	7.975000e-09	4.048927e-01	4.050000e-01	-6.14688e-18	
179	8.025000e-09	4.048927e-01	4.050000e-01	-5.78422e-18	
180	8.075000e-09	4.048927e-01	4.050000e-01	-5.44368e-18	
181	8.125000e-09	4.048927e-01	4.050000e-01	-5.12390e-18	
182	8.175000e-09	4.048927e-01	4.050000e-01	-4.82405e-18	
183	8.225000e-09	4.048927e-01	4.050000e-01	-4.54247e-18	
184	8.275000e-09	4.048927e-01	4.050000e-01	-4.27766e-18	
185	8.325000e-09	4.048927e-01	4.050000e-01	-4.02899e-18	
186	8.375000e-09	4.048927e-01	4.050000e-01	-3.79591e-18	
187	8.425000e-09	4.048927e-01	4.050000e-01	-3.57703e-18	
188	8.475000e-09	4.048927e-01	4.050000e-01	-3.37109e-18	
189	8.525000e-09	4.048927e-01	4.050000e-01	-3.17771e-18	
190	8.575000e-09	4.048927e-01	4.050000e-01	-2.99613e-18	
191	8.625000e-09	4.048927e-01	4.050000e-01	-2.82561e-18	
192	8.675000e-09	4.048927e-01	4.050000e-01	-2.66591e-18	
193	8.725000e-09	4.048927e-01	4.050000e-01	-2.51595e-18	
194	8.775000e-09	4.048927e-01	4.050000e-01	-2.37513e-18	
195	8.825000e-09	4.048927e-01	4.050000e-01	-2.24290e-18	
196	8.875000e-09	4.048927e-01	4.050000e-01	-2.11873e-18	
197	8.925000e-09	4.048927e-01	4.050000e-01	-2.00255e-18	
198	8.975000e-09	4.048927e-01	4.050000e-01	-1.89345e-18	
199	9.025000e-09	4.048927e-01	4.050000e-01	-1.79059e-18	
200	9.075000e-09	4.048927e-01	4.050000e-01	-1.69401e-18	
201	9.125000e-09	4.048927e-01	4.050000e-01	-1.60332e-18	
202	9.175000e-09	4.048927e-01	4.050000e-01	-1.51774e-18	
203	9.225000e-09	4.048927e-01	4.050000e-01	-1.43739e-18	
204	9.275000e-09	4.048927e-01	4.050000e-01	-1.36234e-18	
205	9.325000e-09	4.048927e-01	4.050000e-01	-1.29229e-18	
206	9.375000e-09	4.048927e-01	4.050000e-01	-1.22651e-18	
207	9.425000e-09	4.048927e-01	4.050000e-01	-1.16474e-18	
208	9.475000e-09	4.048927e-01	4.050000e-01	-1.10673e-18	
209	9.525000e-09	4.048927e-01	4.050000e-01	-1.05185e-18	
210	9.575000e-09	4.048927e-01	4.050000e-01	-9.99907e-19	
211	9.625000e-09	4.048927e-01	4.050000e-01	-9.51128e-19	
212	9.675000e-09	4.048927e-01	4.050000e-01	-9.05738e-19	
213	9.725000e-09	4.048927e-01	4.050000e-01	-8.63113e-19	
214	9.775000e-09	4.048927e-01	4.050000e-01	-8.22675e-19	
215	9.825000e-09	4.048927e-01	4.050000e-01	-7.84705e-19	
216	9.875000e-09	4.048927e-01	4.050000e-01	-7.49464e-19	
217	9.925000e-09	4.048927e-01	4.050000e-01	-7.16370e-19	
218	9.975000e-09	4.048927e-01	4.050000e-01	-6.85296e-19	
219	1.002500e-08	4.048927e-01	4.050000e-01	-6.56116e-19	
220	1.007500e-08	4.048927e-01	4.050000e-01	-6.28715e-19	
221	1.012500e-08	4.048927e-01	4.050000e-01	-6.02985e-19	
222	1.017500e-08	4.048927e-01	4.050000e-01	-5.78825e-19	
223	1.022500e-08	4.048927e-01	4.050000e-01	-5.56138e-19	
224	1.027500e-08	4.048927e-01	4.050000e-01	-5.34835e-19	
225	1.032500e-08	4.048927e-01	4.050000e-01	-5.14830e-19	
226	1.037500e-08	4.048927e-01	4.050000e-01	-4.95632e-19	
227	1.042500e-08	4.048927e-01	4.050000e-01	-4.78017e-19	
228	1.047500e-08	4.048927e-01	4.050000e-01	-4.61892e-19	

Index   time            v(cell)         v(bl)           vpre#branch     
--------------------------------------------------------------------------------
229	1.052500e-08	4.048927e-01	4.050000e-01	-4.46335e-19	
230	1.057500e-08	4.048927e-01	4.050000e-01	-4.31315e-19	
231	1.062500e-08	4.048927e-01	4.050000e-01	-4.17210e-19	
232	1.067500e-08	4.048927e-01	4.050000e-01	-4.04380e-19	
233	1.072500e-08	4.048927e-01	4.050000e-01	-3.92331e-19	
234	1.077500e-08	4.048927e-01	4.050000e-01	-3.80605e-19	
235	1.082500e-08	4.048927e-01	4.050000e-01	-3.69593e-19	
236	1.087500e-08	4.048927e-01	4.050000e-01	-3.59666e-19	
237	1.092500e-08	4.048927e-01	4.050000e-01	-3.50344e-19	
238	1.096250e-08	4.048927e-01	4.050000e-01	-3.43894e-19	
239	1.100000e-08	4.048927e-01	4.050000e-01	-3.37904e-19	
240	1.100500e-08	4.048938e-01	4.090245e-01	4.024520e-11	
241	1.101500e-08	4.048959e-01	4.170232e-01	1.202325e-10	
242	1.103500e-08	4.049002e-01	4.327226e-01	2.772257e-10	
243	1.107500e-08	4.049088e-01	4.629653e-01	5.796530e-10	
244	1.112500e-08	4.049195e-01	4.986939e-01	9.369388e-10	
245	1.117500e-08	4.049303e-01	5.322436e-01	1.272436e-09	
246	1.122500e-08	4.049410e-01	5.637474e-01	1.587474e-09	
247	1.127500e-08	4.049517e-01	5.933300e-01	1.883300e-09	
248	1.132500e-08	4.049624e-01	6.211085e-01	2.161085e-09	
249	1.137500e-08	4.049732e-01	6.471930e-01	2.421930e-09	
250	1.142500e-08	4.049839e-01	6.716868e-01	2.666868e-09	
251	1.147500e-08	4.049946e-01	6.946867e-01	2.896867e-09	
252	1.152500e-08	4.050054e-01	7.162839e-01	3.112839e-09	
253	1.157500e-08	4.050161e-01	7.365633e-01	3.315633e-09	
254	1.162500e-08	4.050268e-01	7.556039e-01	3.506039e-09	
255	1.167500e-08	4.050375e-01	7.734776e-01	3.684776e-09	
256	1.172500e-08	4.050483e-01	7.902444e-01	3.852444e-09	
257	1.177500e-08	4.050590e-01	8.059401e-01	4.009401e-09	
258	1.182500e-08	4.050698e-01	8.204773e-01	4.154773e-09	
259	1.187500e-08	4.050808e-01	8.335562e-01	4.285562e-09	
260	1.192500e-08	4.050922e-01	8.442905e-01	4.392905e-09	
261	1.196250e-08	4.051014e-01	8.495029e-01	4.445029e-09	
262	1.200000e-08	4.051119e-01	8.496944e-01	4.446944e-09	
263	1.200500e-08	4.051123e-01	8.452657e-01	4.402657e-09	
264	1.201500e-08	4.051132e-01	8.364917e-01	4.314917e-09	
265	1.203500e-08	4.051149e-01	8.194321e-01	4.144321e-09	
266	1.207500e-08	4.051181e-01	7.871546e-01	3.821546e-09	
267	1.212500e-08	4.051219e-01	7.500030e-01	3.450030e-09	
268	1.217500e-08	4.051254e-01	7.160756e-01	3.110756e-09	
269	1.222500e-08	4.051287e-01	6.850583e-01	2.800583e-09	
270	1.227500e-08	4.051318e-01	6.566664e-01	2.516664e-09	
271	1.232500e-08	4.051347e-01	6.306411e-01	2.256411e-09	
272	1.237500e-08	4.051375e-01	6.067644e-01	2.017644e-09	
273	1.242500e-08	4.051401e-01	5.848426e-01	1.798426e-09	
274	1.247500e-08	4.051426e-01	5.647033e-01	1.597033e-09	
275	1.252500e-08	4.051450e-01	5.461921e-01	1.411921e-09	
276	1.257500e-08	4.051473e-01	5.291708e-01	1.241708e-09	
277	1.262500e-08	4.051495e-01	5.135155e-01	1.085155e-09	
278	1.267500e-08	4.051517e-01	4.991150e-01	9.411497e-10	
279	1.272500e-08	4.051537e-01	4.858698e-01	8.086975e-10	
280	1.277500e-08	4.051557e-01	4.736913e-01	6.869128e-10	
281	1.282500e-08	4.051576e-01	4.625014e-01	5.750140e-10	
282	1.287500e-08	4.051594e-01	4.522323e-01	4.723234e-10	
283	1.292500e-08	4.051612e-01	4.428342e-01	3.783416e-10	
284	1.297500e-08	4.051629e-01	4.342652e-01	2.926525e-10	
285	1.302500e-08	4.051646e-01	4.264953e-01	2.149526e-10	
286	1.307500e-08	4.051661e-01	4.195290e-01	1.452903e-10	

Index   time            v(cell)         v(bl)           vpre#branch     
--------------------------------------------------------------------------------
287	1.312500e-08	4.051675e-01	4.134470e-01	8.447017e-11	
288	1.317500e-08	4.051687e-01	4.086645e-01	3.664509e-11	
289	1.322500e-08	4.051694e-01	4.060511e-01	1.051120e-11	
290	1.327500e-08	4.051695e-01	4.053088e-01	3.087653e-12	
291	1.332500e-08	4.051696e-01	4.051856e-01	1.855950e-12	
292	1.337500e-08	4.051696e-01	4.051659e-01	1.658592e-12	
293	1.342500e-08	4.051696e-01	4.051628e-01	1.627934e-12	
294	1.347500e-08	4.051696e-01	4.051623e-01	1.623052e-12	
295	1.352500e-08	4.051696e-01	4.051622e-01	1.622249e-12	
296	1.357500e-08	4.051696e-01	4.051622e-01	1.622104e-12	
297	1.362500e-08	4.051696e-01	4.051622e-01	1.622055e-12	
298	1.367500e-08	4.051696e-01	4.051622e-01	1.622029e-12	
299	1.372500e-08	4.051696e-01	4.051622e-01	1.621999e-12	
300	1.377500e-08	4.051696e-01	4.051622e-01	1.621977e-12	
301	1.382500e-08	4.051696e-01	4.051622e-01	1.621948e-12	
302	1.387500e-08	4.051695e-01	4.051622e-01	1.621925e-12	
303	1.392500e-08	4.051695e-01	4.051622e-01	1.621896e-12	
304	1.397500e-08	4.051695e-01	4.051622e-01	1.621873e-12	
305	1.402500e-08	4.051695e-01	4.051622e-01	1.621844e-12	
306	1.407500e-08	4.051695e-01	4.051622e-01	1.621822e-12	
307	1.412500e-08	4.051695e-01	4.051622e-01	1.621793e-12	
308	1.417500e-08	4.051695e-01	4.051622e-01	1.621770e-12	
309	1.422500e-08	4.051695e-01	4.051622e-01	1.621741e-12	
310	1.427500e-08	4.051695e-01	4.051622e-01	1.621718e-12	
311	1.432500e-08	4.051695e-01	4.051622e-01	1.621689e-12	
312	1.437500e-08	4.051695e-01	4.051622e-01	1.621667e-12	
313	1.442500e-08	4.051695e-01	4.051622e-01	1.621638e-12	
314	1.447500e-08	4.051695e-01	4.051622e-01	1.621615e-12	
315	1.452500e-08	4.051695e-01	4.051622e-01	1.621586e-12	
316	1.457500e-08	4.051695e-01	4.051622e-01	1.621563e-12	
317	1.462500e-08	4.051695e-01	4.051622e-01	1.621534e-12	
318	1.467500e-08	4.051695e-01	4.051622e-01	1.621512e-12	
319	1.472500e-08	4.051695e-01	4.051621e-01	1.621483e-12	
320	1.477500e-08	4.051695e-01	4.051621e-01	1.621460e-12	
321	1.482500e-08	4.051695e-01	4.051621e-01	1.621431e-12	
322	1.487500e-08	4.051695e-01	4.051621e-01	1.621408e-12	
323	1.492500e-08	4.051695e-01	4.051621e-01	1.621379e-12	
324	1.497500e-08	4.051695e-01	4.051621e-01	1.621357e-12	
325	1.502500e-08	4.051695e-01	4.051621e-01	1.621328e-12	
326	1.507500e-08	4.051695e-01	4.051621e-01	1.621305e-12	
327	1.512500e-08	4.051695e-01	4.051621e-01	1.621276e-12	
328	1.517500e-08	4.051695e-01	4.051621e-01	1.621253e-12	
329	1.522500e-08	4.051695e-01	4.051621e-01	1.621224e-12	
330	1.527500e-08	4.051695e-01	4.051621e-01	1.621202e-12	
331	1.532500e-08	4.051695e-01	4.051621e-01	1.621173e-12	
332	1.537500e-08	4.051695e-01	4.051621e-01	1.621150e-12	
333	1.542500e-08	4.051695e-01	4.051621e-01	1.621121e-12	
334	1.547500e-08	4.051695e-01	4.051621e-01	1.621098e-12	
335	1.552500e-08	4.051695e-01	4.051621e-01	1.621069e-12	
336	1.557500e-08	4.051695e-01	4.051621e-01	1.621047e-12	
337	1.562500e-08	4.051695e-01	4.051621e-01	1.621018e-12	
338	1.567500e-08	4.051695e-01	4.051621e-01	1.620995e-12	
339	1.572500e-08	4.051694e-01	4.051621e-01	1.620966e-12	
340	1.577500e-08	4.051694e-01	4.051621e-01	1.620943e-12	
341	1.582500e-08	4.051694e-01	4.051621e-01	1.620914e-12	
342	1.587500e-08	4.051694e-01	4.051621e-01	1.620892e-12	
343	1.592500e-08	4.051694e-01	4.051621e-01	1.620863e-12	
344	1.597500e-08	4.051694e-01	4.051621e-01	1.620840e-12	

Index   time            v(cell)         v(bl)           vpre#branch     
--------------------------------------------------------------------------------
345	1.602500e-08	4.051694e-01	4.051621e-01	1.620811e-12	
346	1.607500e-08	4.051694e-01	4.051621e-01	1.620788e-12	
347	1.612500e-08	4.051694e-01	4.051621e-01	1.620759e-12	
348	1.617500e-08	4.051694e-01	4.051621e-01	1.620737e-12	
349	1.622500e-08	4.051694e-01	4.051621e-01	1.620708e-12	
350	1.627500e-08	4.051694e-01	4.051621e-01	1.620685e-12	
351	1.632500e-08	4.051694e-01	4.051621e-01	1.620656e-12	
352	1.637500e-08	4.051694e-01	4.051621e-01	1.620633e-12	
353	1.642500e-08	4.051694e-01	4.051621e-01	1.620605e-12	
354	1.647500e-08	4.051694e-01	4.051621e-01	1.620582e-12	
355	1.652500e-08	4.051694e-01	4.051621e-01	1.620553e-12	
356	1.657500e-08	4.051694e-01	4.051621e-01	1.620530e-12	
357	1.662500e-08	4.051694e-01	4.051621e-01	1.620501e-12	
358	1.667500e-08	4.051694e-01	4.051620e-01	1.620478e-12	
359	1.672500e-08	4.051694e-01	4.051620e-01	1.620450e-12	
360	1.677500e-08	4.051694e-01	4.051620e-01	1.620427e-12	
361	1.682500e-08	4.051694e-01	4.051620e-01	1.620398e-12	
362	1.687500e-08	4.051694e-01	4.051620e-01	1.620375e-12	
363	1.692500e-08	4.051694e-01	4.051620e-01	1.620346e-12	
364	1.697500e-08	4.051694e-01	4.051620e-01	1.620324e-12	
365	1.702500e-08	4.051694e-01	4.051620e-01	1.620295e-12	
366	1.707500e-08	4.051694e-01	4.051620e-01	1.620272e-12	
367	1.712500e-08	4.051694e-01	4.051620e-01	1.620243e-12	
368	1.717500e-08	4.051694e-01	4.051620e-01	1.620220e-12	
369	1.722500e-08	4.051694e-01	4.051620e-01	1.620192e-12	
370	1.727500e-08	4.051694e-01	4.051620e-01	1.620169e-12	
371	1.732500e-08	4.051694e-01	4.051620e-01	1.620140e-12	
372	1.737500e-08	4.051694e-01	4.051620e-01	1.620117e-12	
373	1.742500e-08	4.051694e-01	4.051620e-01	1.620088e-12	
374	1.747500e-08	4.051694e-01	4.051620e-01	1.620065e-12	
375	1.752500e-08	4.051694e-01	4.051620e-01	1.620037e-12	
376	1.757500e-08	4.051693e-01	4.051620e-01	1.620014e-12	
377	1.762500e-08	4.051693e-01	4.051620e-01	1.619985e-12	
378	1.767500e-08	4.051693e-01	4.051620e-01	1.619962e-12	
379	1.772500e-08	4.051693e-01	4.051620e-01	1.619933e-12	
380	1.777500e-08	4.051693e-01	4.051620e-01	1.619911e-12	
381	1.782500e-08	4.051693e-01	4.051620e-01	1.619882e-12	
382	1.787500e-08	4.051693e-01	4.051620e-01	1.619859e-12	
383	1.792500e-08	4.051693e-01	4.051620e-01	1.619830e-12	
384	1.797500e-08	4.051693e-01	4.051620e-01	1.619807e-12	
385	1.802500e-08	4.051693e-01	4.051620e-01	1.619779e-12	
386	1.807500e-08	4.051693e-01	4.051620e-01	1.619756e-12	
387	1.812500e-08	4.051693e-01	4.051620e-01	1.619727e-12	
388	1.817500e-08	4.051693e-01	4.051620e-01	1.619704e-12	
389	1.822500e-08	4.051693e-01	4.051620e-01	1.619675e-12	
390	1.827500e-08	4.051693e-01	4.051620e-01	1.619652e-12	
391	1.832500e-08	4.051693e-01	4.051620e-01	1.619624e-12	
392	1.837500e-08	4.051693e-01	4.051620e-01	1.619601e-12	
393	1.842500e-08	4.051693e-01	4.051620e-01	1.619572e-12	
394	1.847500e-08	4.051693e-01	4.051620e-01	1.619549e-12	
395	1.852500e-08	4.051693e-01	4.051620e-01	1.619521e-12	
396	1.857500e-08	4.051693e-01	4.051619e-01	1.619498e-12	
397	1.862500e-08	4.051693e-01	4.051619e-01	1.619469e-12	
398	1.867500e-08	4.051693e-01	4.051619e-01	1.619446e-12	
399	1.872500e-08	4.051693e-01	4.051619e-01	1.619417e-12	
400	1.877500e-08	4.051693e-01	4.051619e-01	1.619394e-12	
401	1.882500e-08	4.051693e-01	4.051619e-01	1.619366e-12	
402	1.887500e-08	4.051693e-01	4.051619e-01	1.619343e-12	

Index   time            v(cell)         v(bl)           vpre#branch     
--------------------------------------------------------------------------------
403	1.892500e-08	4.051693e-01	4.051619e-01	1.619314e-12	
404	1.897500e-08	4.051693e-01	4.051619e-01	1.619291e-12	
405	1.902500e-08	4.051693e-01	4.051619e-01	1.619263e-12	
406	1.907500e-08	4.051693e-01	4.051619e-01	1.619240e-12	
407	1.912500e-08	4.051693e-01	4.051619e-01	1.619211e-12	
408	1.917500e-08	4.051693e-01	4.051619e-01	1.619188e-12	
409	1.922500e-08	4.051693e-01	4.051619e-01	1.619159e-12	
410	1.927500e-08	4.051693e-01	4.051619e-01	1.619136e-12	
411	1.932500e-08	4.051693e-01	4.051619e-01	1.619108e-12	
412	1.937500e-08	4.051693e-01	4.051619e-01	1.619085e-12	
413	1.942500e-08	4.051692e-01	4.051619e-01	1.619056e-12	
414	1.947500e-08	4.051692e-01	4.051619e-01	1.619033e-12	
415	1.952500e-08	4.051692e-01	4.051619e-01	1.619005e-12	
416	1.957500e-08	4.051692e-01	4.051619e-01	1.618982e-12	
417	1.962500e-08	4.051692e-01	4.051619e-01	1.618953e-12	
418	1.967500e-08	4.051692e-01	4.051619e-01	1.618930e-12	
419	1.972500e-08	4.051692e-01	4.051619e-01	1.618902e-12	
420	1.977500e-08	4.051692e-01	4.051619e-01	1.618878e-12	
421	1.982500e-08	4.051692e-01	4.051619e-01	1.618850e-12	
422	1.987500e-08	4.051692e-01	4.051619e-01	1.618827e-12	
423	1.992500e-08	4.051692e-01	4.051619e-01	1.618798e-12	
424	1.997500e-08	4.051692e-01	4.051619e-01	1.618775e-12	
425	2.002500e-08	4.051692e-01	4.051619e-01	1.618747e-12	
426	2.007500e-08	4.051692e-01	4.051619e-01	1.618724e-12	
427	2.012500e-08	4.051692e-01	4.051619e-01	1.618695e-12	
428	2.017500e-08	4.051692e-01	4.051619e-01	1.618672e-12	
429	2.022500e-08	4.051692e-01	4.051619e-01	1.618644e-12	
430	2.027500e-08	4.051692e-01	4.051619e-01	1.618620e-12	
431	2.032500e-08	4.051692e-01	4.051619e-01	1.618592e-12	
432	2.037500e-08	4.051692e-01	4.051619e-01	1.618569e-12	
433	2.042500e-08	4.051692e-01	4.051619e-01	1.618541e-12	
434	2.047500e-08	4.051692e-01	4.051619e-01	1.618517e-12	
435	2.052500e-08	4.051692e-01	4.051618e-01	1.618489e-12	
436	2.057500e-08	4.051692e-01	4.051618e-01	1.618466e-12	
437	2.062500e-08	4.051692e-01	4.051618e-01	1.618437e-12	
438	2.067500e-08	4.051692e-01	4.051618e-01	1.618414e-12	
439	2.072500e-08	4.051692e-01	4.051618e-01	1.618386e-12	
440	2.077500e-08	4.051692e-01	4.051618e-01	1.618363e-12	
441	2.082500e-08	4.051692e-01	4.051618e-01	1.618334e-12	
442	2.087500e-08	4.051692e-01	4.051618e-01	1.618311e-12	
443	2.092500e-08	4.051692e-01	4.051618e-01	1.618283e-12	
444	2.097500e-08	4.051692e-01	4.051618e-01	1.618259e-12	
445	2.102500e-08	4.051692e-01	4.051618e-01	1.618231e-12	
446	2.107500e-08	4.051692e-01	4.051618e-01	1.618208e-12	
447	2.112500e-08	4.051692e-01	4.051618e-01	1.618180e-12	
448	2.117500e-08	4.051692e-01	4.051618e-01	1.618156e-12	
449	2.122500e-08	4.051692e-01	4.051618e-01	1.618128e-12	
450	2.127500e-08	4.051691e-01	4.051618e-01	1.618105e-12	
451	2.132500e-08	4.051691e-01	4.051618e-01	1.618077e-12	
452	2.137500e-08	4.051691e-01	4.051618e-01	1.618053e-12	
453	2.142500e-08	4.051691e-01	4.051618e-01	1.618025e-12	
454	2.147500e-08	4.051691e-01	4.051618e-01	1.618002e-12	
455	2.152500e-08	4.051691e-01	4.051618e-01	1.617973e-12	
456	2.157500e-08	4.051691e-01	4.051618e-01	1.617950e-12	
457	2.162500e-08	4.051691e-01	4.051618e-01	1.617922e-12	
458	2.167500e-08	4.051691e-01	4.051618e-01	1.617898e-12	
459	2.172500e-08	4.051691e-01	4.051618e-01	1.617870e-12	
460	2.177500e-08	4.051691e-01	4.051618e-01	1.617847e-12	

Index   time            v(cell)         v(bl)           vpre#branch     
--------------------------------------------------------------------------------
461	2.182500e-08	4.051691e-01	4.051618e-01	1.617819e-12	
462	2.187500e-08	4.051691e-01	4.051618e-01	1.617795e-12	
463	2.192500e-08	4.051691e-01	4.051618e-01	1.617767e-12	
464	2.196250e-08	4.051691e-01	4.051618e-01	1.617750e-12	
465	2.200000e-08	4.051691e-01	4.051618e-01	1.617729e-12	
466	2.200500e-08	4.051679e-01	4.015141e-01	-3.48590e-11	
467	2.201500e-08	4.051656e-01	3.943988e-01	-1.06012e-10	
468	2.203500e-08	4.051607e-01	3.807818e-01	-2.42182e-10	
469	2.207500e-08	4.051510e-01	3.546125e-01	-5.03875e-10	
470	2.212500e-08	4.051389e-01	3.232666e-01	-8.17334e-10	
471	2.217500e-08	4.051271e-01	2.931185e-01	-1.11881e-09	
472	2.222500e-08	4.051154e-01	2.640483e-01	-1.40952e-09	
473	2.227500e-08	4.051039e-01	2.360483e-01	-1.68952e-09	
474	2.232500e-08	4.050927e-01	2.091346e-01	-1.95865e-09	
475	2.237500e-08	4.050815e-01	1.833380e-01	-2.21662e-09	
476	2.242500e-08	4.050705e-01	1.586898e-01	-2.46310e-09	
477	2.247500e-08	4.050595e-01	1.352139e-01	-2.69786e-09	
478	2.252500e-08	4.050487e-01	1.128986e-01	-2.92101e-09	
479	2.257500e-08	4.050379e-01	9.174793e-02	-3.13252e-09	
480	2.262500e-08	4.050271e-01	7.177339e-02	-3.33227e-09	
481	2.267500e-08	4.050163e-01	5.294257e-02	-3.52057e-09	
482	2.272500e-08	4.050056e-01	3.521336e-02	-3.69787e-09	
483	2.277500e-08	4.049948e-01	1.853705e-02	-3.86463e-09	
484	2.282500e-08	4.049841e-01	2.861201e-03	-4.02139e-09	
485	2.287500e-08	4.049734e-01	-1.18680e-02	-4.16868e-09	
486	2.292500e-08	4.049627e-01	-2.57041e-02	-4.30704e-09	
487	2.296250e-08	4.049546e-01	-3.55249e-02	-4.40525e-09	
488	2.300000e-08	4.049466e-01	-4.48938e-02	-4.49894e-09	
489	2.300500e-08	4.049466e-01	-4.20815e-02	-4.47081e-09	
490	2.301500e-08	4.049466e-01	-3.64919e-02	-4.41492e-09	
491	2.303500e-08	4.049466e-01	-2.55212e-02	-4.30521e-09	
492	2.307500e-08	4.049466e-01	-4.38810e-03	-4.09388e-09	
493	2.312500e-08	4.049466e-01	2.057801e-02	-3.84422e-09	
494	2.317500e-08	4.049466e-01	4.402141e-02	-3.60979e-09	
495	2.322500e-08	4.049466e-01	6.603510e-02	-3.38965e-09	
496	2.327500e-08	4.049466e-01	8.670629e-02	-3.18294e-09	
497	2.332500e-08	4.049466e-01	1.061169e-01	-2.98883e-09	
498	2.337500e-08	4.049466e-01	1.243437e-01	-2.80656e-09	
499	2.342500e-08	4.049466e-01	1.414590e-01	-2.63541e-09	
500	2.347500e-08	4.049466e-01	1.575306e-01	-2.47469e-09	
501	2.352500e-08	4.049466e-01	1.726220e-01	-2.32378e-09	
502	2.357500e-08	4.049466e-01	1.867932e-01	-2.18207e-09	
503	2.362500e-08	4.049466e-01	2.001001e-01	-2.04900e-09	
504	2.367500e-08	4.049466e-01	2.125955e-01	-1.92404e-09	
505	2.372500e-08	4.049466e-01	2.243290e-01	-1.80671e-09	
506	2.377500e-08	4.049466e-01	2.353469e-01	-1.69653e-09	
507	2.382500e-08	4.049466e-01	2.456928e-01	-1.59307e-09	
508	2.387500e-08	4.049466e-01	2.554079e-01	-1.49592e-09	
509	2.392500e-08	4.049466e-01	2.645305e-01	-1.40470e-09	
510	2.397500e-08	4.049466e-01	2.730967e-01	-1.31903e-09	
511	2.402500e-08	4.049466e-01	2.811406e-01	-1.23859e-09	
512	2.407500e-08	4.049466e-01	2.886939e-01	-1.16306e-09	
513	2.412500e-08	4.049466e-01	2.957867e-01	-1.09213e-09	
514	2.417500e-08	4.049466e-01	3.024468e-01	-1.02553e-09	
515	2.422500e-08	4.049466e-01	3.087008e-01	-9.62992e-10	
516	2.427500e-08	4.049466e-01	3.145735e-01	-9.04265e-10	
517	2.432500e-08	4.049466e-01	3.200880e-01	-8.49120e-10	
518	2.437500e-08	4.049466e-01	3.252662e-01	-7.97338e-10	

Index   time            v(cell)         v(bl)           vpre#branch     
--------------------------------------------------------------------------------
519	2.442500e-08	4.049466e-01	3.301286e-01	-7.48714e-10	
520	2.447500e-08	4.049466e-01	3.346945e-01	-7.03055e-10	
521	2.452500e-08	4.049466e-01	3.389819e-01	-6.60181e-10	
522	2.457500e-08	4.049466e-01	3.430079e-01	-6.19921e-10	
523	2.462500e-08	4.049466e-01	3.467884e-01	-5.82116e-10	
524	2.467500e-08	4.049466e-01	3.503383e-01	-5.46617e-10	
525	2.472500e-08	4.049466e-01	3.536717e-01	-5.13283e-10	
526	2.477500e-08	4.049466e-01	3.568019e-01	-4.81981e-10	
527	2.482500e-08	4.049466e-01	3.597412e-01	-4.52588e-10	
528	2.487500e-08	4.049466e-01	3.625012e-01	-4.24988e-10	
529	2.492500e-08	4.049466e-01	3.650929e-01	-3.99071e-10	
530	2.497500e-08	4.049466e-01	3.675266e-01	-3.74734e-10	
531	2.502500e-08	4.049466e-01	3.698118e-01	-3.51882e-10	
532	2.507500e-08	4.049466e-01	3.719577e-01	-3.30423e-10	
533	2.512500e-08	4.049466e-01	3.739727e-01	-3.10273e-10	
534	2.517500e-08	4.049466e-01	3.758649e-01	-2.91351e-10	
535	2.522500e-08	4.049466e-01	3.776416e-01	-2.73584e-10	
536	2.527500e-08	4.049466e-01	3.793100e-01	-2.56900e-10	
537	2.532500e-08	4.049466e-01	3.808767e-01	-2.41233e-10	
538	2.537500e-08	4.049466e-01	3.823478e-01	-2.26522e-10	
539	2.542500e-08	4.049466e-01	3.837292e-01	-2.12708e-10	
540	2.547500e-08	4.049466e-01	3.850263e-01	-1.99737e-10	
541	2.552500e-08	4.049466e-01	3.862444e-01	-1.87556e-10	
542	2.557500e-08	4.049466e-01	3.873882e-01	-1.76118e-10	
543	2.562500e-08	4.049466e-01	3.884622e-01	-1.65378e-10	
544	2.567500e-08	4.049466e-01	3.894707e-01	-1.55293e-10	
545	2.572500e-08	4.049466e-01	3.904178e-01	-1.45822e-10	
546	2.577500e-08	4.049466e-01	3.913070e-01	-1.36930e-10	
547	2.582500e-08	4.049466e-01	3.921421e-01	-1.28579e-10	
548	2.587500e-08	4.049466e-01	3.929262e-01	-1.20738e-10	
549	2.592500e-08	4.049466e-01	3.936625e-01	-1.13375e-10	
550	2.597500e-08	4.049466e-01	3.943539e-01	-1.06461e-10	
551	2.602500e-08	4.049466e-01	3.950031e-01	-9.99689e-11	
552	2.607500e-08	4.049466e-01	3.956128e-01	-9.38725e-11	
553	2.612500e-08	4.049466e-01	3.961852e-01	-8.81478e-11	
554	2.617500e-08	4.049466e-01	3.967228e-01	-8.27723e-11	
555	2.622500e-08	4.049466e-01	3.972275e-01	-7.77246e-11	
556	2.627500e-08	4.049466e-01	3.977015e-01	-7.29847e-11	
557	2.632500e-08	4.049466e-01	3.981466e-01	-6.85339e-11	
558	2.637500e-08	4.049466e-01	3.985646e-01	-6.43545e-11	
559	2.642500e-08	4.049466e-01	3.989570e-01	-6.04299e-11	
560	2.647500e-08	4.049466e-01	3.993255e-01	-5.67447e-11	
561	2.652500e-08	4.049466e-01	3.996716e-01	-5.32842e-11	
562	2.657500e-08	4.049466e-01	3.999965e-01	-5.00348e-11	
563	2.662500e-08	4.049466e-01	4.003016e-01	-4.69835e-11	
564	2.667500e-08	4.049466e-01	4.005882e-01	-4.41183e-11	
565	2.672500e-08	4.049466e-01	4.008572e-01	-4.14279e-11	
566	2.677500e-08	4.049466e-01	4.011099e-01	-3.89015e-11	
567	2.682500e-08	4.049466e-01	4.013471e-01	-3.65291e-11	
568	2.687500e-08	4.049466e-01	4.015699e-01	-3.43015e-11	
569	2.692500e-08	4.049466e-01	4.017790e-01	-3.22096e-11	
570	2.697500e-08	4.049466e-01	4.019755e-01	-3.02454e-11	
571	2.702500e-08	4.049466e-01	4.021599e-01	-2.84009e-11	
572	2.707500e-08	4.049466e-01	4.023331e-01	-2.66690e-11	
573	2.712500e-08	4.049466e-01	4.024957e-01	-2.50426e-11	
574	2.717500e-08	4.049466e-01	4.026485e-01	-2.35154e-11	
575	2.722500e-08	4.049466e-01	4.027919e-01	-2.20814e-11	
576	2.727500e-08	4.049466e-01	4.029265e-01	-2.07348e-11	

Index   time            v(cell)         v(bl)           vpre#branch     
--------------------------------------------------------------------------------
577	2.732500e-08	4.049466e-01	4.030530e-01	-1.94703e-11	
578	2.737500e-08	4.049466e-01	4.031717e-01	-1.82830e-11	
579	2.742500e-08	4.049466e-01	4.032832e-01	-1.71680e-11	
580	2.747500e-08	4.049466e-01	4.033879e-01	-1.61211e-11	
581	2.752500e-08	4.049466e-01	4.034862e-01	-1.51379e-11	
582	2.757500e-08	4.049466e-01	4.035785e-01	-1.42148e-11	
583	2.762500e-08	4.049466e-01	4.036652e-01	-1.33479e-11	
584	2.767500e-08	4.049466e-01	4.037466e-01	-1.25339e-11	
585	2.772500e-08	4.049466e-01	4.038230e-01	-1.17696e-11	
586	2.777500e-08	4.049466e-01	4.038948e-01	-1.10518e-11	
587	2.782500e-08	4.049466e-01	4.039622e-01	-1.03778e-11	
588	2.787500e-08	4.049466e-01	4.040255e-01	-9.74497e-12	
589	2.792500e-08	4.049466e-01	4.040849e-01	-9.15069e-12	
590	2.797500e-08	4.049466e-01	4.041407e-01	-8.59265e-12	
591	2.802500e-08	4.049466e-01	4.041931e-01	-8.06865e-12	
592	2.807500e-08	4.049466e-01	4.042423e-01	-7.57659e-12	
593	2.812500e-08	4.049466e-01	4.042885e-01	-7.11455e-12	
594	2.817500e-08	4.049466e-01	4.043319e-01	-6.68068e-12	
595	2.822500e-08	4.049466e-01	4.043727e-01	-6.27327e-12	
596	2.827500e-08	4.049466e-01	4.044109e-01	-5.89071e-12	
597	2.832500e-08	4.049466e-01	4.044469e-01	-5.53148e-12	
598	2.837500e-08	4.049466e-01	4.044806e-01	-5.19415e-12	
599	2.842500e-08	4.049466e-01	4.045123e-01	-4.87739e-12	
600	2.847500e-08	4.049466e-01	4.045420e-01	-4.57995e-12	
601	2.852500e-08	4.049466e-01	4.045699e-01	-4.30065e-12	
602	2.857500e-08	4.049466e-01	4.045962e-01	-4.03839e-12	
603	2.862500e-08	4.049466e-01	4.046208e-01	-3.79211e-12	
604	2.867500e-08	4.049466e-01	4.046439e-01	-3.56086e-12	
605	2.872500e-08	4.049466e-01	4.046656e-01	-3.34371e-12	
606	2.877500e-08	4.049466e-01	4.046860e-01	-3.13980e-12	
607	2.882500e-08	4.049466e-01	4.047052e-01	-2.94832e-12	
608	2.887500e-08	4.049466e-01	4.047231e-01	-2.76852e-12	
609	2.892500e-08	4.049466e-01	4.047400e-01	-2.59969e-12	
610	2.897500e-08	4.049466e-01	4.047559e-01	-2.44115e-12	
611	2.902500e-08	4.049466e-01	4.047708e-01	-2.29228e-12	
612	2.907500e-08	4.049466e-01	4.047848e-01	-2.15249e-12	
613	2.912500e-08	4.049466e-01	4.047979e-01	-2.02123e-12	
614	2.917500e-08	4.049466e-01	4.048102e-01	-1.89797e-12	
615	2.922500e-08	4.049466e-01	4.048218e-01	-1.78222e-12	
616	2.927500e-08	4.049466e-01	4.048326e-01	-1.67354e-12	
617	2.932500e-08	4.049466e-01	4.048429e-01	-1.57148e-12	
618	2.937500e-08	4.049466e-01	4.048524e-01	-1.47565e-12	
619	2.942500e-08	4.049466e-01	4.048614e-01	-1.38566e-12	
620	2.947500e-08	4.049466e-01	4.048699e-01	-1.30116e-12	
621	2.952500e-08	4.049466e-01	4.048778e-01	-1.22181e-12	
622	2.957500e-08	4.049466e-01	4.048853e-01	-1.14730e-12	
623	2.962500e-08	4.049466e-01	4.048923e-01	-1.07733e-12	
624	2.967500e-08	4.049466e-01	4.048988e-01	-1.01163e-12	
625	2.972500e-08	4.049466e-01	4.049050e-01	-9.49940e-13	
626	2.977500e-08	4.049466e-01	4.049108e-01	-8.92010e-13	
627	2.982500e-08	4.049466e-01	4.049162e-01	-8.37612e-13	
628	2.987500e-08	4.049466e-01	4.049213e-01	-7.86532e-13	
629	2.992500e-08	4.049466e-01	4.049261e-01	-7.38567e-13	
630	2.997500e-08	4.049466e-01	4.049306e-01	-6.93527e-13	
631	3.002500e-08	4.049466e-01	4.049349e-01	-6.51233e-13	
632	3.007500e-08	4.049466e-01	4.049388e-01	-6.11519e-13	
633	3.012500e-08	4.049466e-01	4.049426e-01	-5.74227e-13	
634	3.017500e-08	4.049466e-01	4.049461e-01	-5.39208e-13	

Index   time            v(cell)         v(bl)           vpre#branch     
--------------------------------------------------------------------------------
635	3.022500e-08	4.049466e-01	4.049494e-01	-5.06326e-13	
636	3.027500e-08	4.049466e-01	4.049525e-01	-4.75448e-13	
637	3.032500e-08	4.049466e-01	4.049554e-01	-4.46454e-13	
638	3.037500e-08	4.049466e-01	4.049581e-01	-4.19228e-13	
639	3.042500e-08	4.049466e-01	4.049606e-01	-3.93662e-13	
640	3.047500e-08	4.049466e-01	4.049630e-01	-3.69655e-13	
641	3.052500e-08	4.049466e-01	4.049653e-01	-3.47113e-13	
642	3.057500e-08	4.049466e-01	4.049674e-01	-3.25945e-13	
643	3.062500e-08	4.049466e-01	4.049694e-01	-3.06068e-13	
644	3.067500e-08	4.049466e-01	4.049713e-01	-2.87403e-13	
645	3.072500e-08	4.049466e-01	4.049730e-01	-2.69876e-13	
646	3.077500e-08	4.049466e-01	4.049747e-01	-2.53418e-13	
647	3.082500e-08	4.049466e-01	4.049762e-01	-2.37964e-13	
648	3.087500e-08	4.049466e-01	4.049777e-01	-2.23452e-13	
649	3.092500e-08	4.049466e-01	4.049790e-01	-2.09825e-13	
650	3.097500e-08	4.049466e-01	4.049803e-01	-1.97029e-13	
651	3.102500e-08	4.049466e-01	4.049815e-01	-1.85014e-13	
652	3.107500e-08	4.049466e-01	4.049826e-01	-1.73731e-13	
653	3.112500e-08	4.049466e-01	4.049837e-01	-1.63137e-13	
654	3.117500e-08	4.049466e-01	4.049847e-01	-1.53188e-13	
655	3.122500e-08	4.049466e-01	4.049856e-01	-1.43846e-13	
656	3.127500e-08	4.049466e-01	4.049865e-01	-1.35074e-13	
657	3.132500e-08	4.049466e-01	4.049873e-01	-1.26837e-13	
658	3.137500e-08	4.049466e-01	4.049881e-01	-1.19102e-13	
659	3.142500e-08	4.049466e-01	4.049888e-01	-1.11839e-13	
660	3.147500e-08	4.049466e-01	4.049895e-01	-1.05018e-13	
661	3.152500e-08	4.049466e-01	4.049901e-01	-9.86140e-14	
662	3.157500e-08	4.049466e-01	4.049907e-01	-9.26002e-14	
663	3.162500e-08	4.049466e-01	4.049913e-01	-8.69532e-14	
664	3.167500e-08	4.049466e-01	4.049918e-01	-8.16505e-14	
665	3.172500e-08	4.049466e-01	4.049923e-01	-7.66712e-14	
666	3.177500e-08	4.049466e-01	4.049928e-01	-7.19956e-14	
667	3.182500e-08	4.049466e-01	4.049932e-01	-6.76051e-14	
668	3.187500e-08	4.049466e-01	4.049937e-01	-6.34823e-14	
669	3.192500e-08	4.049466e-01	4.049940e-01	-5.96110e-14	
670	3.197500e-08	4.049466e-01	4.049944e-01	-5.59757e-14	
671	3.202500e-08	4.049466e-01	4.049947e-01	-5.25621e-14	
672	3.207500e-08	4.049466e-01	4.049951e-01	-4.93567e-14	
673	3.212500e-08	4.049466e-01	4.049954e-01	-4.63468e-14	
674	3.217500e-08	4.049466e-01	4.049956e-01	-4.35204e-14	
675	3.222500e-08	4.049466e-01	4.049959e-01	-4.08664e-14	
676	3.227500e-08	4.049466e-01	4.049962e-01	-3.83743e-14	
677	3.232500e-08	4.049466e-01	4.049964e-01	-3.60341e-14	
678	3.237500e-08	4.049466e-01	4.049966e-01	-3.38366e-14	
679	3.242500e-08	4.049466e-01	4.049968e-01	-3.17732e-14	
680	3.247500e-08	4.049466e-01	4.049970e-01	-2.98356e-14	
681	3.252500e-08	4.049466e-01	4.049972e-01	-2.80161e-14	
682	3.257500e-08	4.049466e-01	4.049974e-01	-2.63076e-14	
683	3.262500e-08	4.049466e-01	4.049975e-01	-2.47033e-14	
684	3.267500e-08	4.049466e-01	4.049977e-01	-2.31968e-14	
685	3.272500e-08	4.049466e-01	4.049978e-01	-2.17822e-14	
686	3.277500e-08	4.049466e-01	4.049980e-01	-2.04538e-14	
687	3.282500e-08	4.049466e-01	4.049981e-01	-1.92065e-14	
688	3.287500e-08	4.049466e-01	4.049982e-01	-1.80352e-14	
689	3.292500e-08	4.049466e-01	4.049983e-01	-1.69354e-14	
690	3.297500e-08	4.049466e-01	4.049984e-01	-1.59026e-14	
691	3.302500e-08	4.049466e-01	4.049985e-01	-1.49329e-14	
692	3.307500e-08	4.049466e-01	4.049986e-01	-1.40222e-14	

Index   time            v(cell)         v(bl)           vpre#branch     
--------------------------------------------------------------------------------
693	3.312500e-08	4.049466e-01	4.049987e-01	-1.31671e-14	
694	3.317500e-08	4.049466e-01	4.049988e-01	-1.23641e-14	
695	3.322500e-08	4.049466e-01	4.049988e-01	-1.16101e-14	
696	3.327500e-08	4.049466e-01	4.049989e-01	-1.09021e-14	
697	3.332500e-08	4.049466e-01	4.049990e-01	-1.02373e-14	
698	3.337500e-08	4.049466e-01	4.049990e-01	-9.61298e-15	
699	3.342500e-08	4.049466e-01	4.049991e-01	-9.02676e-15	
700	3.347500e-08	4.049466e-01	4.049992e-01	-8.47628e-15	
701	3.352500e-08	4.049466e-01	4.049992e-01	-7.95938e-15	
702	3.357500e-08	4.049466e-01	4.049993e-01	-7.47400e-15	
703	3.362500e-08	4.049466e-01	4.049993e-01	-7.01821e-15	
704	3.367500e-08	4.049466e-01	4.049993e-01	-6.59023e-15	
705	3.372500e-08	4.049466e-01	4.049994e-01	-6.18834e-15	
706	3.377500e-08	4.049466e-01	4.049994e-01	-5.81096e-15	
707	3.382500e-08	4.049466e-01	4.049995e-01	-5.45660e-15	
708	3.387500e-08	4.049466e-01	4.049995e-01	-5.12384e-15	
709	3.392500e-08	4.049466e-01	4.049995e-01	-4.81138e-15	
710	3.397500e-08	4.049466e-01	4.049995e-01	-4.51797e-15	
711	3.402500e-08	4.049466e-01	4.049996e-01	-4.24246e-15	
712	3.407500e-08	4.049466e-01	4.049996e-01	-3.98374e-15	
713	3.412500e-08	4.049466e-01	4.049996e-01	-3.74081e-15	
714	3.417500e-08	4.049466e-01	4.049996e-01	-3.51269e-15	
715	3.422500e-08	4.049466e-01	4.049997e-01	-3.29848e-15	
716	3.427500e-08	4.049466e-01	4.049997e-01	-3.09733e-15	
717	3.432500e-08	4.049466e-01	4.049997e-01	-2.90845e-15	
718	3.437500e-08	4.049466e-01	4.049997e-01	-2.73109e-15	
719	3.442500e-08	4.049466e-01	4.049997e-01	-2.56455e-15	
720	3.447500e-08	4.049466e-01	4.049998e-01	-2.40816e-15	
721	3.452500e-08	4.049466e-01	4.049998e-01	-2.26131e-15	
722	3.457500e-08	4.049466e-01	4.049998e-01	-2.12341e-15	
723	3.462500e-08	4.049466e-01	4.049998e-01	-1.99392e-15	
724	3.467500e-08	4.049466e-01	4.049998e-01	-1.87233e-15	
725	3.472500e-08	4.049466e-01	4.049998e-01	-1.75816e-15	
726	3.477500e-08	4.049466e-01	4.049998e-01	-1.65095e-15	
727	3.482500e-08	4.049466e-01	4.049998e-01	-1.55027e-15	
728	3.487500e-08	4.049466e-01	4.049999e-01	-1.45574e-15	
729	3.492500e-08	4.049466e-01	4.049999e-01	-1.36697e-15	
730	3.497500e-08	4.049466e-01	4.049999e-01	-1.28361e-15	
731	3.502500e-08	4.049466e-01	4.049999e-01	-1.20534e-15	
732	3.507500e-08	4.049466e-01	4.049999e-01	-1.13184e-15	
733	3.512500e-08	4.049466e-01	4.049999e-01	-1.06282e-15	
734	3.517500e-08	4.049466e-01	4.049999e-01	-9.98013e-16	
735	3.522500e-08	4.049466e-01	4.049999e-01	-9.37156e-16	
736	3.527500e-08	4.049466e-01	4.049999e-01	-8.80011e-16	
737	3.532500e-08	4.049466e-01	4.049999e-01	-8.26351e-16	
738	3.537500e-08	4.049466e-01	4.049999e-01	-7.75964e-16	
739	3.542500e-08	4.049466e-01	4.049999e-01	-7.28649e-16	
740	3.547500e-08	4.049466e-01	4.049999e-01	-6.84219e-16	
741	3.552500e-08	4.049466e-01	4.049999e-01	-6.42498e-16	
742	3.557500e-08	4.049466e-01	4.049999e-01	-6.03322e-16	
743	3.562500e-08	4.049466e-01	4.049999e-01	-5.66536e-16	
744	3.567500e-08	4.049466e-01	4.049999e-01	-5.31992e-16	
745	3.572500e-08	4.049466e-01	4.050000e-01	-4.99556e-16	
746	3.577500e-08	4.049466e-01	4.050000e-01	-4.69097e-16	
747	3.582500e-08	4.049466e-01	4.050000e-01	-4.40495e-16	
748	3.587500e-08	4.049466e-01	4.050000e-01	-4.13638e-16	
749	3.592500e-08	4.049466e-01	4.050000e-01	-3.88419e-16	
750	3.597500e-08	4.049466e-01	4.050000e-01	-3.64737e-16	

Index   time            v(cell)         v(bl)           vpre#branch     
--------------------------------------------------------------------------------
751	3.602500e-08	4.049466e-01	4.050000e-01	-3.42500e-16	
752	3.607500e-08	4.049466e-01	4.050000e-01	-3.21619e-16	
753	3.612500e-08	4.049466e-01	4.050000e-01	-3.02011e-16	
754	3.617500e-08	4.049466e-01	4.050000e-01	-2.83600e-16	
755	3.622500e-08	4.049466e-01	4.050000e-01	-2.66310e-16	
756	3.627500e-08	4.049466e-01	4.050000e-01	-2.50075e-16	
757	3.632500e-08	4.049466e-01	4.050000e-01	-2.34831e-16	
758	3.637500e-08	4.049466e-01	4.050000e-01	-2.20516e-16	
759	3.642500e-08	4.049466e-01	4.050000e-01	-2.07073e-16	
760	3.647500e-08	4.049466e-01	4.050000e-01	-1.94451e-16	
761	3.652500e-08	4.049466e-01	4.050000e-01	-1.82598e-16	
762	3.657500e-08	4.049466e-01	4.050000e-01	-1.71469e-16	
763	3.662500e-08	4.049466e-01	4.050000e-01	-1.61018e-16	
764	3.667500e-08	4.049466e-01	4.050000e-01	-1.51204e-16	
765	3.672500e-08	4.049466e-01	4.050000e-01	-1.41989e-16	
766	3.677500e-08	4.049466e-01	4.050000e-01	-1.33336e-16	
767	3.682500e-08	4.049466e-01	4.050000e-01	-1.25210e-16	
768	3.687500e-08	4.049466e-01	4.050000e-01	-1.17580e-16	
769	3.692500e-08	4.049466e-01	4.050000e-01	-1.10415e-16	
770	3.697500e-08	4.049466e-01	4.050000e-01	-1.03686e-16	
771	3.702500e-08	4.049466e-01	4.050000e-01	-9.73683e-17	
772	3.707500e-08	4.049466e-01	4.050000e-01	-9.14360e-17	
773	3.712500e-08	4.049466e-01	4.050000e-01	-8.58658e-17	
774	3.717500e-08	4.049466e-01	4.050000e-01	-8.06354e-17	
775	3.722500e-08	4.049466e-01	4.050000e-01	-7.57239e-17	
776	3.727500e-08	4.049466e-01	4.050000e-01	-7.11119e-17	
777	3.732500e-08	4.049466e-01	4.050000e-01	-6.67812e-17	
778	3.737500e-08	4.049466e-01	4.050000e-01	-6.27141e-17	
779	3.742500e-08	4.049466e-01	4.050000e-01	-5.88951e-17	
780	3.747500e-08	4.049466e-01	4.050000e-01	-5.53094e-17	
781	3.752500e-08	4.049466e-01	4.050000e-01	-5.19420e-17	
782	3.757500e-08	4.049466e-01	4.050000e-01	-4.87799e-17	
783	3.762500e-08	4.049466e-01	4.050000e-01	-4.58110e-17	
784	3.767500e-08	4.049466e-01	4.050000e-01	-4.30228e-17	
785	3.772500e-08	4.049466e-01	4.050000e-01	-4.04042e-17	
786	3.777500e-08	4.049466e-01	4.050000e-01	-3.79457e-17	
787	3.782500e-08	4.049466e-01	4.050000e-01	-3.56376e-17	
788	3.787500e-08	4.049466e-01	4.050000e-01	-3.34702e-17	
789	3.792500e-08	4.049466e-01	4.050000e-01	-3.14350e-17	
790	3.797500e-08	4.049466e-01	4.050000e-01	-2.95235e-17	
791	3.802500e-08	4.049466e-01	4.050000e-01	-2.77285e-17	
792	3.807500e-08	4.049466e-01	4.050000e-01	-2.60435e-17	
793	3.812500e-08	4.049466e-01	4.050000e-01	-2.44612e-17	
794	3.817500e-08	4.049466e-01	4.050000e-01	-2.29753e-17	
795	3.822500e-08	4.049466e-01	4.050000e-01	-2.15801e-17	
796	3.827500e-08	4.049466e-01	4.050000e-01	-2.02696e-17	
797	3.832500e-08	4.049466e-01	4.050000e-01	-1.90390e-17	
798	3.837500e-08	4.049466e-01	4.050000e-01	-1.78838e-17	
799	3.842500e-08	4.049466e-01	4.050000e-01	-1.67991e-17	
800	3.847500e-08	4.049466e-01	4.050000e-01	-1.57806e-17	
801	3.852500e-08	4.049466e-01	4.050000e-01	-1.48241e-17	
802	3.857500e-08	4.049466e-01	4.050000e-01	-1.39256e-17	
803	3.862500e-08	4.049466e-01	4.050000e-01	-1.30819e-17	
804	3.867500e-08	4.049466e-01	4.050000e-01	-1.22900e-17	
805	3.872500e-08	4.049466e-01	4.050000e-01	-1.15464e-17	
806	3.877500e-08	4.049466e-01	4.050000e-01	-1.08478e-17	
807	3.882500e-08	4.049466e-01	4.050000e-01	-1.01917e-17	
808	3.887500e-08	4.049466e-01	4.050000e-01	-9.57609e-18	

Index   time            v(cell)         v(bl)           vpre#branch     
--------------------------------------------------------------------------------
809	3.892500e-08	4.049466e-01	4.050000e-01	-8.99802e-18	
810	3.897500e-08	4.049466e-01	4.050000e-01	-8.45478e-18	
811	3.902500e-08	4.049466e-01	4.050000e-01	-7.94467e-18	
812	3.907500e-08	4.049466e-01	4.050000e-01	-7.46608e-18	
813	3.912500e-08	4.049466e-01	4.050000e-01	-7.01668e-18	
814	3.917500e-08	4.049466e-01	4.050000e-01	-6.59427e-18	
815	3.922500e-08	4.049466e-01	4.050000e-01	-6.19762e-18	
816	3.927500e-08	4.049466e-01	4.050000e-01	-5.82516e-18	
817	3.932500e-08	4.049466e-01	4.050000e-01	-5.47542e-18	
818	3.937500e-08	4.049466e-01	4.050000e-01	-5.14700e-18	
819	3.942500e-08	4.049466e-01	4.050000e-01	-4.83861e-18	
820	3.947500e-08	4.049466e-01	4.050000e-01	-4.54903e-18	
821	3.952500e-08	4.049466e-01	4.050000e-01	-4.27711e-18	
822	3.957500e-08	4.049466e-01	4.050000e-01	-4.02218e-18	
823	3.962500e-08	4.049466e-01	4.050000e-01	-3.78280e-18	
824	3.967500e-08	4.049466e-01	4.050000e-01	-3.55801e-18	
825	3.972500e-08	4.049466e-01	4.050000e-01	-3.34652e-18	
826	3.977500e-08	4.049466e-01	4.050000e-01	-3.14793e-18	
827	3.982500e-08	4.049466e-01	4.050000e-01	-2.96186e-18	
828	3.987500e-08	4.049466e-01	4.050000e-01	-2.78714e-18	
829	3.992500e-08	4.049466e-01	4.050000e-01	-2.62308e-18	
830	3.996250e-08	4.049466e-01	4.050000e-01	-2.50660e-18	
831	4.000000e-08	4.049466e-01	4.050000e-01	-2.39549e-18	


Total analysis time (seconds) = 0.39443

Total elapsed time (seconds) = 0.407 

Total DRAM available = 386307.215 MB.
DRAM currently available = 20650.547 MB.
Maximum ngspice program size =  529.719 MB.
Current ngspice program size =   14.164 MB.

Shared ngspice pages =   12.324 MB.
Text (code) pages =    6.266 MB.
Stack = 0 bytes.
Library pages =   59.137 MB.

