
Note: No compatibility mode selected!


Circuit: * 1t1c ccell=20.0ff

Doing analysis at TEMP = 27.000000 and TNOM = 27.000000

Using SPARSE 1.3 as Direct Linear Solver

Initial Transient Solution
--------------------------

Node                                   Voltage
----                                   -------
pre                                      0.405
bl                                       0.405
wl                                           0
plate                                        0
s                                            0
cell                                         0
vs#branch                                    0
vpl#branch                                   0
vwl#branch                                   0
vpre#branch                                  0


No. of Data Rows : 832

  Measurements for Transient Analysis

t_write             =  1.90036e-09
t_read              =  2.27496e-08
i_hold              =  -2.81108e-11 from=  2.50000e-08 to=  3.50250e-08
q_read              =   1.82318e-18 from=  1.20000e-08 to=  2.20000e-08

                              * 1t1c ccell=20.0ff
                              Transient Analysis  Tue Jun 23 23:48:18  2026
--------------------------------------------------------------------------------
Index   time            v(cell)         v(bl)           vpre#branch     
--------------------------------------------------------------------------------
0	0.000000e+00	0.000000e+00	4.050000e-01	0.000000e+00	
1	5.000000e-13	2.366926e-12	4.050000e-01	-6.34108e-17	
2	1.000000e-12	4.733799e-12	4.050000e-01	-1.22909e-16	
3	2.000000e-12	9.467537e-12	4.050000e-01	-2.41829e-16	
4	4.000000e-12	1.893501e-11	4.050000e-01	-4.79223e-16	
5	8.000000e-12	3.786996e-11	4.049999e-01	-9.52222e-16	
6	1.600000e-11	7.573985e-11	4.049998e-01	-1.89112e-15	
7	3.200000e-11	1.514796e-10	4.049996e-01	-3.74084e-15	
8	6.400000e-11	3.029590e-10	4.049993e-01	-7.33078e-15	
9	1.140000e-10	5.396453e-10	4.049987e-01	-1.26596e-14	
10	1.640000e-10	7.763312e-10	4.049982e-01	-1.76634e-14	
11	2.140000e-10	1.013017e-09	4.049978e-01	-2.23620e-14	
12	2.640000e-10	1.249702e-09	4.049973e-01	-2.67742e-14	
13	3.140000e-10	1.486387e-09	4.049969e-01	-3.09172e-14	
14	3.640000e-10	1.723072e-09	4.049965e-01	-3.48076e-14	
15	4.140000e-10	1.959756e-09	4.049962e-01	-3.84607e-14	
16	4.640000e-10	2.196441e-09	4.049958e-01	-4.18910e-14	
17	5.140000e-10	2.433125e-09	4.049955e-01	-4.51122e-14	
18	5.640000e-10	2.669809e-09	4.049952e-01	-4.81369e-14	
19	6.140000e-10	2.906492e-09	4.049949e-01	-5.09771e-14	
20	6.640000e-10	3.143176e-09	4.049946e-01	-5.36441e-14	
21	7.140000e-10	3.379859e-09	4.049944e-01	-5.61485e-14	
22	7.640000e-10	3.616543e-09	4.049941e-01	-5.85002e-14	
23	8.140000e-10	3.853226e-09	4.049939e-01	-6.07084e-14	
24	8.640000e-10	4.089908e-09	4.049937e-01	-6.27820e-14	
25	9.140000e-10	4.326591e-09	4.049935e-01	-6.47291e-14	
26	9.570000e-10	4.530138e-09	4.049934e-01	-6.63082e-14	
27	1.000000e-09	4.733685e-09	4.049932e-01	-6.78042e-14	
28	1.005000e-09	4.048406e-03	4.049932e-01	-6.79072e-14	
29	1.015000e-09	1.214519e-02	4.049932e-01	-6.79957e-14	
30	1.035000e-09	2.833875e-02	4.049932e-01	-6.75840e-14	
31	1.075000e-09	6.072588e-02	4.049935e-01	-6.52786e-14	
32	1.125000e-09	1.012098e-01	4.049939e-01	-6.13504e-14	
33	1.175000e-09	1.416937e-01	4.049942e-01	-5.75126e-14	
34	1.225000e-09	1.821776e-01	4.049946e-01	-5.39729e-14	
35	1.275000e-09	2.226615e-01	4.049949e-01	-5.06707e-14	
36	1.325000e-09	2.631454e-01	4.049952e-01	-4.75772e-14	
37	1.375000e-09	3.036293e-01	4.049955e-01	-4.46746e-14	
38	1.425000e-09	3.441133e-01	4.049958e-01	-4.19498e-14	
39	1.475000e-09	3.845972e-01	4.049961e-01	-3.93918e-14	
40	1.525000e-09	4.250811e-01	4.049963e-01	-3.69901e-14	
41	1.575000e-09	4.655650e-01	4.049965e-01	-3.47341e-14	
42	1.625000e-09	5.060489e-01	4.049967e-01	-3.26152e-14	
43	1.675000e-09	5.465328e-01	4.049969e-01	-3.06255e-14	
44	1.725000e-09	5.870167e-01	4.049971e-01	-2.87571e-14	
45	1.775000e-09	6.275006e-01	4.049973e-01	-2.70026e-14	
46	1.825000e-09	6.679845e-01	4.049975e-01	-2.53551e-14	
47	1.875000e-09	7.084684e-01	4.049976e-01	-2.38080e-14	
48	1.925000e-09	7.489524e-01	4.049978e-01	-2.23552e-14	
49	1.962500e-09	7.793153e-01	4.049979e-01	-2.13242e-14	
50	2.000000e-09	8.096782e-01	4.049980e-01	-2.03407e-14	
51	2.005000e-09	8.096782e-01	4.049980e-01	-2.02134e-14	
52	2.015000e-09	8.096782e-01	4.049980e-01	-1.99605e-14	
53	2.035000e-09	8.096782e-01	4.049981e-01	-1.94642e-14	
54	2.075000e-09	8.096782e-01	4.049981e-01	-1.85080e-14	

Index   time            v(cell)         v(bl)           vpre#branch     
--------------------------------------------------------------------------------
55	2.125000e-09	8.096782e-01	4.049983e-01	-1.73784e-14	
56	2.175000e-09	8.096782e-01	4.049984e-01	-1.63177e-14	
57	2.225000e-09	8.096782e-01	4.049985e-01	-1.53216e-14	
58	2.275000e-09	8.096782e-01	4.049986e-01	-1.43863e-14	
59	2.325000e-09	8.096782e-01	4.049986e-01	-1.35080e-14	
60	2.375000e-09	8.096782e-01	4.049987e-01	-1.26833e-14	
61	2.425000e-09	8.096782e-01	4.049988e-01	-1.19089e-14	
62	2.475000e-09	8.096782e-01	4.049989e-01	-1.11817e-14	
63	2.525000e-09	8.096782e-01	4.049990e-01	-1.04989e-14	
64	2.575000e-09	8.096782e-01	4.049990e-01	-9.85771e-15	
65	2.625000e-09	8.096782e-01	4.049991e-01	-9.25562e-15	
66	2.675000e-09	8.096782e-01	4.049991e-01	-8.69024e-15	
67	2.725000e-09	8.096782e-01	4.049992e-01	-8.15934e-15	
68	2.775000e-09	8.096782e-01	4.049992e-01	-7.66082e-15	
69	2.825000e-09	8.096782e-01	4.049993e-01	-7.19269e-15	
70	2.875000e-09	8.096782e-01	4.049993e-01	-6.75312e-15	
71	2.925000e-09	8.096782e-01	4.049994e-01	-6.34035e-15	
72	2.975000e-09	8.096782e-01	4.049994e-01	-5.95275e-15	
73	3.025000e-09	8.096782e-01	4.049994e-01	-5.58880e-15	
74	3.075000e-09	8.096782e-01	4.049995e-01	-5.24703e-15	
75	3.125000e-09	8.096782e-01	4.049995e-01	-4.92611e-15	
76	3.175000e-09	8.096782e-01	4.049995e-01	-4.62476e-15	
77	3.225000e-09	8.096782e-01	4.049996e-01	-4.34179e-15	
78	3.275000e-09	8.096782e-01	4.049996e-01	-4.07607e-15	
79	3.325000e-09	8.096782e-01	4.049996e-01	-3.82656e-15	
80	3.375000e-09	8.096782e-01	4.049996e-01	-3.59226e-15	
81	3.425000e-09	8.096782e-01	4.049997e-01	-3.37225e-15	
82	3.475000e-09	8.096782e-01	4.049997e-01	-3.16566e-15	
83	3.525000e-09	8.096782e-01	4.049997e-01	-2.97166e-15	
84	3.575000e-09	8.096782e-01	4.049997e-01	-2.78950e-15	
85	3.625000e-09	8.096782e-01	4.049997e-01	-2.61845e-15	
86	3.675000e-09	8.096782e-01	4.049998e-01	-2.45782e-15	
87	3.725000e-09	8.096782e-01	4.049998e-01	-2.30700e-15	
88	3.775000e-09	8.096782e-01	4.049998e-01	-2.16537e-15	
89	3.825000e-09	8.096782e-01	4.049998e-01	-2.03238e-15	
90	3.875000e-09	8.096782e-01	4.049998e-01	-1.90749e-15	
91	3.925000e-09	8.096782e-01	4.049998e-01	-1.79023e-15	
92	3.975000e-09	8.096782e-01	4.049998e-01	-1.68011e-15	
93	4.025000e-09	8.096782e-01	4.049998e-01	-1.57671e-15	
94	4.075000e-09	8.096782e-01	4.049999e-01	-1.47962e-15	
95	4.125000e-09	8.096782e-01	4.049999e-01	-1.38844e-15	
96	4.175000e-09	8.096782e-01	4.049999e-01	-1.30283e-15	
97	4.225000e-09	8.096782e-01	4.049999e-01	-1.22244e-15	
98	4.275000e-09	8.096782e-01	4.049999e-01	-1.14695e-15	
99	4.325000e-09	8.096782e-01	4.049999e-01	-1.07606e-15	
100	4.375000e-09	8.096782e-01	4.049999e-01	-1.00950e-15	
101	4.425000e-09	8.096782e-01	4.049999e-01	-9.46995e-16	
102	4.475000e-09	8.096782e-01	4.049999e-01	-8.88303e-16	
103	4.525000e-09	8.096782e-01	4.049999e-01	-8.33190e-16	
104	4.575000e-09	8.096782e-01	4.049999e-01	-7.81437e-16	
105	4.625000e-09	8.096782e-01	4.049999e-01	-7.32840e-16	
106	4.675000e-09	8.096782e-01	4.049999e-01	-6.87208e-16	
107	4.725000e-09	8.096782e-01	4.049999e-01	-6.44358e-16	
108	4.775000e-09	8.096782e-01	4.049999e-01	-6.04121e-16	
109	4.825000e-09	8.096782e-01	4.049999e-01	-5.66338e-16	
110	4.875000e-09	8.096782e-01	4.049999e-01	-5.30859e-16	
111	4.925000e-09	8.096782e-01	4.050000e-01	-4.97545e-16	
112	4.975000e-09	8.096782e-01	4.050000e-01	-4.66261e-16	

Index   time            v(cell)         v(bl)           vpre#branch     
--------------------------------------------------------------------------------
113	5.025000e-09	8.096782e-01	4.050000e-01	-4.36885e-16	
114	5.075000e-09	8.096782e-01	4.050000e-01	-4.09300e-16	
115	5.125000e-09	8.096782e-01	4.050000e-01	-3.83399e-16	
116	5.175000e-09	8.096782e-01	4.050000e-01	-3.59076e-16	
117	5.225000e-09	8.096782e-01	4.050000e-01	-3.36238e-16	
118	5.275000e-09	8.096782e-01	4.050000e-01	-3.14791e-16	
119	5.325000e-09	8.096782e-01	4.050000e-01	-2.94653e-16	
120	5.375000e-09	8.096782e-01	4.050000e-01	-2.75743e-16	
121	5.425000e-09	8.096782e-01	4.050000e-01	-2.57985e-16	
122	5.475000e-09	8.096782e-01	4.050000e-01	-2.41310e-16	
123	5.525000e-09	8.096782e-01	4.050000e-01	-2.25653e-16	
124	5.575000e-09	8.096782e-01	4.050000e-01	-2.10950e-16	
125	5.625000e-09	8.096782e-01	4.050000e-01	-1.97145e-16	
126	5.675000e-09	8.096782e-01	4.050000e-01	-1.84181e-16	
127	5.725000e-09	8.096782e-01	4.050000e-01	-1.72008e-16	
128	5.775000e-09	8.096782e-01	4.050000e-01	-1.60576e-16	
129	5.825000e-09	8.096782e-01	4.050000e-01	-1.49842e-16	
130	5.875000e-09	8.096782e-01	4.050000e-01	-1.39763e-16	
131	5.925000e-09	8.096782e-01	4.050000e-01	-1.30298e-16	
132	5.975000e-09	8.096782e-01	4.050000e-01	-1.21411e-16	
133	6.025000e-09	8.096782e-01	4.050000e-01	-1.13066e-16	
134	6.075000e-09	8.096782e-01	4.050000e-01	-1.05229e-16	
135	6.125000e-09	8.096782e-01	4.050000e-01	-9.78707e-17	
136	6.175000e-09	8.096782e-01	4.050000e-01	-9.09609e-17	
137	6.225000e-09	8.096782e-01	4.050000e-01	-8.44720e-17	
138	6.275000e-09	8.096782e-01	4.050000e-01	-7.83789e-17	
139	6.325000e-09	8.096782e-01	4.050000e-01	-7.26578e-17	
140	6.375000e-09	8.096782e-01	4.050000e-01	-6.72855e-17	
141	6.425000e-09	8.096782e-01	4.050000e-01	-6.22405e-17	
142	6.475000e-09	8.096782e-01	4.050000e-01	-5.75031e-17	
143	6.525000e-09	8.096782e-01	4.050000e-01	-5.30550e-17	
144	6.575000e-09	8.096782e-01	4.050000e-01	-4.88782e-17	
145	6.625000e-09	8.096782e-01	4.050000e-01	-4.49561e-17	
146	6.675000e-09	8.096782e-01	4.050000e-01	-4.12732e-17	
147	6.725000e-09	8.096782e-01	4.050000e-01	-3.78149e-17	
148	6.775000e-09	8.096782e-01	4.050000e-01	-3.45671e-17	
149	6.825000e-09	8.096782e-01	4.050000e-01	-3.15173e-17	
150	6.875000e-09	8.096782e-01	4.050000e-01	-2.86539e-17	
151	6.925000e-09	8.096782e-01	4.050000e-01	-2.59652e-17	
152	6.962500e-09	8.096782e-01	4.050000e-01	-2.40568e-17	
153	7.000000e-09	8.096782e-01	4.050000e-01	-2.22361e-17	
154	7.005000e-09	7.894362e-01	4.050000e-01	-2.20019e-17	
155	7.015000e-09	7.489523e-01	4.050000e-01	-2.15392e-17	
156	7.035000e-09	6.679845e-01	4.050000e-01	-2.06479e-17	
157	7.067500e-09	5.364118e-01	4.050000e-01	-1.92960e-17	
158	7.100000e-09	4.048391e-01	4.050000e-01	-1.80764e-17	
159	7.105000e-09	4.048391e-01	4.050000e-01	-1.79655e-17	
160	7.115000e-09	4.048391e-01	4.050000e-01	-1.77450e-17	
161	7.135000e-09	4.048391e-01	4.050000e-01	-1.73125e-17	
162	7.175000e-09	4.048391e-01	4.050000e-01	-1.64795e-17	
163	7.225000e-09	4.048391e-01	4.050000e-01	-1.54953e-17	
164	7.275000e-09	4.048391e-01	4.050000e-01	-1.45712e-17	
165	7.325000e-09	4.048391e-01	4.050000e-01	-1.37031e-17	
166	7.375000e-09	4.048391e-01	4.050000e-01	-1.28879e-17	
167	7.425000e-09	4.048391e-01	4.050000e-01	-1.21228e-17	
168	7.475000e-09	4.048391e-01	4.050000e-01	-1.14048e-17	
169	7.525000e-09	4.048391e-01	4.050000e-01	-1.07302e-17	
170	7.575000e-09	4.048391e-01	4.050000e-01	-1.00963e-17	

Index   time            v(cell)         v(bl)           vpre#branch     
--------------------------------------------------------------------------------
171	7.625000e-09	4.048391e-01	4.050000e-01	-9.50107e-18	
172	7.675000e-09	4.048391e-01	4.050000e-01	-8.94214e-18	
173	7.725000e-09	4.048391e-01	4.050000e-01	-8.41770e-18	
174	7.775000e-09	4.048391e-01	4.050000e-01	-7.92524e-18	
175	7.825000e-09	4.048391e-01	4.050000e-01	-7.46240e-18	
176	7.875000e-09	4.048391e-01	4.050000e-01	-7.02778e-18	
177	7.925000e-09	4.048391e-01	4.050000e-01	-6.61967e-18	
178	7.975000e-09	4.048391e-01	4.050000e-01	-6.23645e-18	
179	8.025000e-09	4.048391e-01	4.050000e-01	-5.87660e-18	
180	8.075000e-09	4.048391e-01	4.050000e-01	-5.53869e-18	
181	8.125000e-09	4.048391e-01	4.050000e-01	-5.22139e-18	
182	8.175000e-09	4.048391e-01	4.050000e-01	-4.92344e-18	
183	8.225000e-09	4.048391e-01	4.050000e-01	-4.64365e-18	
184	8.275000e-09	4.048391e-01	4.050000e-01	-4.38093e-18	
185	8.325000e-09	4.048391e-01	4.050000e-01	-4.13465e-18	
186	8.375000e-09	4.048391e-01	4.050000e-01	-3.90338e-18	
187	8.425000e-09	4.048391e-01	4.050000e-01	-3.68581e-18	
188	8.475000e-09	4.048391e-01	4.050000e-01	-3.48150e-18	
189	8.525000e-09	4.048391e-01	4.050000e-01	-3.28965e-18	
190	8.575000e-09	4.048391e-01	4.050000e-01	-3.10950e-18	
191	8.625000e-09	4.048391e-01	4.050000e-01	-2.94033e-18	
192	8.675000e-09	4.048391e-01	4.050000e-01	-2.78149e-18	
193	8.725000e-09	4.048391e-01	4.050000e-01	-2.63233e-18	
194	8.775000e-09	4.048391e-01	4.050000e-01	-2.49226e-18	
195	8.825000e-09	4.048391e-01	4.050000e-01	-2.36074e-18	
196	8.875000e-09	4.048391e-01	4.050000e-01	-2.23724e-18	
197	8.925000e-09	4.048391e-01	4.050000e-01	-2.12127e-18	
198	8.975000e-09	4.048391e-01	4.050000e-01	-2.01237e-18	
199	9.025000e-09	4.048391e-01	4.050000e-01	-1.91053e-18	
200	9.075000e-09	4.048391e-01	4.050000e-01	-1.81490e-18	
201	9.125000e-09	4.048391e-01	4.050000e-01	-1.72468e-18	
202	9.175000e-09	4.048391e-01	4.050000e-01	-1.63997e-18	
203	9.225000e-09	4.048391e-01	4.050000e-01	-1.56043e-18	
204	9.275000e-09	4.048391e-01	4.050000e-01	-1.48573e-18	
205	9.325000e-09	4.048391e-01	4.050000e-01	-1.41559e-18	
206	9.375000e-09	4.048391e-01	4.050000e-01	-1.34973e-18	
207	9.425000e-09	4.048391e-01	4.050000e-01	-1.28788e-18	
208	9.475000e-09	4.048391e-01	4.050000e-01	-1.22981e-18	
209	9.525000e-09	4.048391e-01	4.050000e-01	-1.17528e-18	
210	9.575000e-09	4.048391e-01	4.050000e-01	-1.12407e-18	
211	9.625000e-09	4.048391e-01	4.050000e-01	-1.07598e-18	
212	9.675000e-09	4.048391e-01	4.050000e-01	-1.03083e-18	
213	9.725000e-09	4.048391e-01	4.050000e-01	-9.88843e-19	
214	9.775000e-09	4.048391e-01	4.050000e-01	-9.49418e-19	
215	9.825000e-09	4.048391e-01	4.050000e-01	-9.11983e-19	
216	9.875000e-09	4.048391e-01	4.050000e-01	-8.76833e-19	
217	9.925000e-09	4.048391e-01	4.050000e-01	-8.43826e-19	
218	9.975000e-09	4.048391e-01	4.050000e-01	-8.12831e-19	
219	1.002500e-08	4.048391e-01	4.050000e-01	-7.83726e-19	
220	1.007500e-08	4.048391e-01	4.050000e-01	-7.56395e-19	
221	1.012500e-08	4.048391e-01	4.050000e-01	-7.30732e-19	
222	1.017500e-08	4.048391e-01	4.050000e-01	-7.07048e-19	
223	1.022500e-08	4.048391e-01	4.050000e-01	-6.84808e-19	
224	1.027500e-08	4.048391e-01	4.050000e-01	-6.63509e-19	
225	1.032500e-08	4.048391e-01	4.050000e-01	-6.43510e-19	
226	1.037500e-08	4.048391e-01	4.050000e-01	-6.24729e-19	
227	1.042500e-08	4.048391e-01	4.050000e-01	-6.07094e-19	
228	1.047500e-08	4.048391e-01	4.050000e-01	-5.90949e-19	

Index   time            v(cell)         v(bl)           vpre#branch     
--------------------------------------------------------------------------------
229	1.052500e-08	4.048391e-01	4.050000e-01	-5.75788e-19	
230	1.057500e-08	4.048391e-01	4.050000e-01	-5.61139e-19	
231	1.062500e-08	4.048391e-01	4.050000e-01	-5.47797e-19	
232	1.067500e-08	4.048391e-01	4.050000e-01	-5.35268e-19	
233	1.072500e-08	4.048391e-01	4.050000e-01	-5.23089e-19	
234	1.077500e-08	4.048391e-01	4.050000e-01	-5.11653e-19	
235	1.082500e-08	4.048391e-01	4.050000e-01	-5.00914e-19	
236	1.087500e-08	4.048391e-01	4.050000e-01	-4.90831e-19	
237	1.092500e-08	4.048391e-01	4.050000e-01	-4.81777e-19	
238	1.096250e-08	4.048391e-01	4.050000e-01	-4.74982e-19	
239	1.100000e-08	4.048391e-01	4.050000e-01	-4.67818e-19	
240	1.100500e-08	4.048407e-01	4.090245e-01	4.024520e-11	
241	1.101500e-08	4.048439e-01	4.170232e-01	1.202325e-10	
242	1.103500e-08	4.048504e-01	4.327226e-01	2.772257e-10	
243	1.107500e-08	4.048632e-01	4.629653e-01	5.796530e-10	
244	1.112500e-08	4.048793e-01	4.986939e-01	9.369388e-10	
245	1.117500e-08	4.048954e-01	5.322436e-01	1.272436e-09	
246	1.122500e-08	4.049115e-01	5.637474e-01	1.587474e-09	
247	1.127500e-08	4.049276e-01	5.933300e-01	1.883300e-09	
248	1.132500e-08	4.049437e-01	6.211085e-01	2.161085e-09	
249	1.137500e-08	4.049598e-01	6.471930e-01	2.421930e-09	
250	1.142500e-08	4.049759e-01	6.716868e-01	2.666868e-09	
251	1.147500e-08	4.049919e-01	6.946867e-01	2.896867e-09	
252	1.152500e-08	4.050080e-01	7.162839e-01	3.112839e-09	
253	1.157500e-08	4.050241e-01	7.365633e-01	3.315633e-09	
254	1.162500e-08	4.050402e-01	7.556039e-01	3.506039e-09	
255	1.167500e-08	4.050563e-01	7.734776e-01	3.684776e-09	
256	1.172500e-08	4.050724e-01	7.902444e-01	3.852444e-09	
257	1.177500e-08	4.050885e-01	8.059402e-01	4.009402e-09	
258	1.182500e-08	4.051047e-01	8.204776e-01	4.154776e-09	
259	1.187500e-08	4.051212e-01	8.335573e-01	4.285573e-09	
260	1.192500e-08	4.051383e-01	8.442945e-01	4.392945e-09	
261	1.196250e-08	4.051520e-01	8.495122e-01	4.445122e-09	
262	1.200000e-08	4.051678e-01	8.497160e-01	4.447160e-09	
263	1.200500e-08	4.051684e-01	8.452896e-01	4.402896e-09	
264	1.201500e-08	4.051698e-01	8.365200e-01	4.315200e-09	
265	1.203500e-08	4.051723e-01	8.194690e-01	4.144690e-09	
266	1.207500e-08	4.051771e-01	7.872072e-01	3.822072e-09	
267	1.212500e-08	4.051828e-01	7.500730e-01	3.450730e-09	
268	1.217500e-08	4.051881e-01	7.161608e-01	3.111608e-09	
269	1.222500e-08	4.051930e-01	6.851568e-01	2.801568e-09	
270	1.227500e-08	4.051976e-01	6.567764e-01	2.517764e-09	
271	1.232500e-08	4.052020e-01	6.307612e-01	2.257612e-09	
272	1.237500e-08	4.052061e-01	6.068933e-01	2.018933e-09	
273	1.242500e-08	4.052101e-01	5.849792e-01	1.799792e-09	
274	1.247500e-08	4.052138e-01	5.648465e-01	1.598465e-09	
275	1.252500e-08	4.052174e-01	5.463411e-01	1.413411e-09	
276	1.257500e-08	4.052209e-01	5.293248e-01	1.243248e-09	
277	1.262500e-08	4.052242e-01	5.136737e-01	1.086737e-09	
278	1.267500e-08	4.052274e-01	4.992768e-01	9.427677e-10	
279	1.272500e-08	4.052304e-01	4.860345e-01	8.103454e-10	
280	1.277500e-08	4.052334e-01	4.738585e-01	6.885850e-10	
281	1.282500e-08	4.052362e-01	4.626705e-01	5.767050e-10	
282	1.287500e-08	4.052390e-01	4.524028e-01	4.740275e-10	
283	1.292500e-08	4.052417e-01	4.430052e-01	3.800520e-10	
284	1.297500e-08	4.052442e-01	4.344361e-01	2.943609e-10	
285	1.302500e-08	4.052467e-01	4.266648e-01	2.166483e-10	
286	1.307500e-08	4.052490e-01	4.196956e-01	1.469562e-10	

Index   time            v(cell)         v(bl)           vpre#branch     
--------------------------------------------------------------------------------
287	1.312500e-08	4.052511e-01	4.136068e-01	8.606756e-11	
288	1.317500e-08	4.052529e-01	4.087987e-01	3.798722e-11	
289	1.322500e-08	4.052539e-01	4.061519e-01	1.151898e-11	
290	1.327500e-08	4.052542e-01	4.053939e-01	3.939410e-12	
291	1.332500e-08	4.052542e-01	4.052674e-01	2.673504e-12	
292	1.337500e-08	4.052542e-01	4.052469e-01	2.469458e-12	
293	1.342500e-08	4.052542e-01	4.052438e-01	2.437565e-12	
294	1.347500e-08	4.052542e-01	4.052432e-01	2.432432e-12	
295	1.352500e-08	4.052542e-01	4.052432e-01	2.431557e-12	
296	1.357500e-08	4.052542e-01	4.052431e-01	2.431373e-12	
297	1.362500e-08	4.052542e-01	4.052431e-01	2.431290e-12	
298	1.367500e-08	4.052542e-01	4.052431e-01	2.431232e-12	
299	1.372500e-08	4.052542e-01	4.052431e-01	2.431170e-12	
300	1.377500e-08	4.052542e-01	4.052431e-01	2.431115e-12	
301	1.382500e-08	4.052542e-01	4.052431e-01	2.431054e-12	
302	1.387500e-08	4.052541e-01	4.052431e-01	2.430999e-12	
303	1.392500e-08	4.052541e-01	4.052431e-01	2.430938e-12	
304	1.397500e-08	4.052541e-01	4.052431e-01	2.430883e-12	
305	1.402500e-08	4.052541e-01	4.052431e-01	2.430822e-12	
306	1.407500e-08	4.052541e-01	4.052431e-01	2.430767e-12	
307	1.412500e-08	4.052541e-01	4.052431e-01	2.430705e-12	
308	1.417500e-08	4.052541e-01	4.052431e-01	2.430651e-12	
309	1.422500e-08	4.052541e-01	4.052431e-01	2.430589e-12	
310	1.427500e-08	4.052541e-01	4.052431e-01	2.430535e-12	
311	1.432500e-08	4.052541e-01	4.052430e-01	2.430473e-12	
312	1.437500e-08	4.052541e-01	4.052430e-01	2.430419e-12	
313	1.442500e-08	4.052541e-01	4.052430e-01	2.430357e-12	
314	1.447500e-08	4.052541e-01	4.052430e-01	2.430302e-12	
315	1.452500e-08	4.052541e-01	4.052430e-01	2.430241e-12	
316	1.457500e-08	4.052541e-01	4.052430e-01	2.430186e-12	
317	1.462500e-08	4.052541e-01	4.052430e-01	2.430125e-12	
318	1.467500e-08	4.052541e-01	4.052430e-01	2.430070e-12	
319	1.472500e-08	4.052540e-01	4.052430e-01	2.430009e-12	
320	1.477500e-08	4.052540e-01	4.052430e-01	2.429954e-12	
321	1.482500e-08	4.052540e-01	4.052430e-01	2.429893e-12	
322	1.487500e-08	4.052540e-01	4.052430e-01	2.429838e-12	
323	1.492500e-08	4.052540e-01	4.052430e-01	2.429777e-12	
324	1.497500e-08	4.052540e-01	4.052430e-01	2.429722e-12	
325	1.502500e-08	4.052540e-01	4.052430e-01	2.429661e-12	
326	1.507500e-08	4.052540e-01	4.052430e-01	2.429606e-12	
327	1.512500e-08	4.052540e-01	4.052430e-01	2.429545e-12	
328	1.517500e-08	4.052540e-01	4.052429e-01	2.429490e-12	
329	1.522500e-08	4.052540e-01	4.052429e-01	2.429428e-12	
330	1.527500e-08	4.052540e-01	4.052429e-01	2.429374e-12	
331	1.532500e-08	4.052540e-01	4.052429e-01	2.429312e-12	
332	1.537500e-08	4.052540e-01	4.052429e-01	2.429258e-12	
333	1.542500e-08	4.052540e-01	4.052429e-01	2.429196e-12	
334	1.547500e-08	4.052540e-01	4.052429e-01	2.429142e-12	
335	1.552500e-08	4.052539e-01	4.052429e-01	2.429080e-12	
336	1.557500e-08	4.052539e-01	4.052429e-01	2.429025e-12	
337	1.562500e-08	4.052539e-01	4.052429e-01	2.428964e-12	
338	1.567500e-08	4.052539e-01	4.052429e-01	2.428909e-12	
339	1.572500e-08	4.052539e-01	4.052429e-01	2.428848e-12	
340	1.577500e-08	4.052539e-01	4.052429e-01	2.428793e-12	
341	1.582500e-08	4.052539e-01	4.052429e-01	2.428732e-12	
342	1.587500e-08	4.052539e-01	4.052429e-01	2.428677e-12	
343	1.592500e-08	4.052539e-01	4.052429e-01	2.428616e-12	
344	1.597500e-08	4.052539e-01	4.052429e-01	2.428561e-12	

Index   time            v(cell)         v(bl)           vpre#branch     
--------------------------------------------------------------------------------
345	1.602500e-08	4.052539e-01	4.052429e-01	2.428500e-12	
346	1.607500e-08	4.052539e-01	4.052428e-01	2.428445e-12	
347	1.612500e-08	4.052539e-01	4.052428e-01	2.428384e-12	
348	1.617500e-08	4.052539e-01	4.052428e-01	2.428329e-12	
349	1.622500e-08	4.052539e-01	4.052428e-01	2.428268e-12	
350	1.627500e-08	4.052539e-01	4.052428e-01	2.428213e-12	
351	1.632500e-08	4.052539e-01	4.052428e-01	2.428152e-12	
352	1.637500e-08	4.052538e-01	4.052428e-01	2.428097e-12	
353	1.642500e-08	4.052538e-01	4.052428e-01	2.428036e-12	
354	1.647500e-08	4.052538e-01	4.052428e-01	2.427981e-12	
355	1.652500e-08	4.052538e-01	4.052428e-01	2.427920e-12	
356	1.657500e-08	4.052538e-01	4.052428e-01	2.427865e-12	
357	1.662500e-08	4.052538e-01	4.052428e-01	2.427804e-12	
358	1.667500e-08	4.052538e-01	4.052428e-01	2.427749e-12	
359	1.672500e-08	4.052538e-01	4.052428e-01	2.427688e-12	
360	1.677500e-08	4.052538e-01	4.052428e-01	2.427633e-12	
361	1.682500e-08	4.052538e-01	4.052428e-01	2.427572e-12	
362	1.687500e-08	4.052538e-01	4.052428e-01	2.427517e-12	
363	1.692500e-08	4.052538e-01	4.052427e-01	2.427456e-12	
364	1.697500e-08	4.052538e-01	4.052427e-01	2.427401e-12	
365	1.702500e-08	4.052538e-01	4.052427e-01	2.427340e-12	
366	1.707500e-08	4.052538e-01	4.052427e-01	2.427285e-12	
367	1.712500e-08	4.052538e-01	4.052427e-01	2.427224e-12	
368	1.717500e-08	4.052537e-01	4.052427e-01	2.427169e-12	
369	1.722500e-08	4.052537e-01	4.052427e-01	2.427108e-12	
370	1.727500e-08	4.052537e-01	4.052427e-01	2.427053e-12	
371	1.732500e-08	4.052537e-01	4.052427e-01	2.426992e-12	
372	1.737500e-08	4.052537e-01	4.052427e-01	2.426937e-12	
373	1.742500e-08	4.052537e-01	4.052427e-01	2.426877e-12	
374	1.747500e-08	4.052537e-01	4.052427e-01	2.426821e-12	
375	1.752500e-08	4.052537e-01	4.052427e-01	2.426761e-12	
376	1.757500e-08	4.052537e-01	4.052427e-01	2.426705e-12	
377	1.762500e-08	4.052537e-01	4.052427e-01	2.426645e-12	
378	1.767500e-08	4.052537e-01	4.052427e-01	2.426590e-12	
379	1.772500e-08	4.052537e-01	4.052427e-01	2.426529e-12	
380	1.777500e-08	4.052537e-01	4.052426e-01	2.426474e-12	
381	1.782500e-08	4.052537e-01	4.052426e-01	2.426413e-12	
382	1.787500e-08	4.052537e-01	4.052426e-01	2.426358e-12	
383	1.792500e-08	4.052537e-01	4.052426e-01	2.426297e-12	
384	1.797500e-08	4.052537e-01	4.052426e-01	2.426242e-12	
385	1.802500e-08	4.052536e-01	4.052426e-01	2.426181e-12	
386	1.807500e-08	4.052536e-01	4.052426e-01	2.426126e-12	
387	1.812500e-08	4.052536e-01	4.052426e-01	2.426065e-12	
388	1.817500e-08	4.052536e-01	4.052426e-01	2.426010e-12	
389	1.822500e-08	4.052536e-01	4.052426e-01	2.425949e-12	
390	1.827500e-08	4.052536e-01	4.052426e-01	2.425894e-12	
391	1.832500e-08	4.052536e-01	4.052426e-01	2.425833e-12	
392	1.837500e-08	4.052536e-01	4.052426e-01	2.425778e-12	
393	1.842500e-08	4.052536e-01	4.052426e-01	2.425717e-12	
394	1.847500e-08	4.052536e-01	4.052426e-01	2.425662e-12	
395	1.852500e-08	4.052536e-01	4.052426e-01	2.425602e-12	
396	1.857500e-08	4.052536e-01	4.052426e-01	2.425546e-12	
397	1.862500e-08	4.052536e-01	4.052425e-01	2.425486e-12	
398	1.867500e-08	4.052536e-01	4.052425e-01	2.425430e-12	
399	1.872500e-08	4.052536e-01	4.052425e-01	2.425370e-12	
400	1.877500e-08	4.052536e-01	4.052425e-01	2.425315e-12	
401	1.882500e-08	4.052535e-01	4.052425e-01	2.425254e-12	
402	1.887500e-08	4.052535e-01	4.052425e-01	2.425199e-12	

Index   time            v(cell)         v(bl)           vpre#branch     
--------------------------------------------------------------------------------
403	1.892500e-08	4.052535e-01	4.052425e-01	2.425138e-12	
404	1.897500e-08	4.052535e-01	4.052425e-01	2.425083e-12	
405	1.902500e-08	4.052535e-01	4.052425e-01	2.425022e-12	
406	1.907500e-08	4.052535e-01	4.052425e-01	2.424967e-12	
407	1.912500e-08	4.052535e-01	4.052425e-01	2.424906e-12	
408	1.917500e-08	4.052535e-01	4.052425e-01	2.424851e-12	
409	1.922500e-08	4.052535e-01	4.052425e-01	2.424790e-12	
410	1.927500e-08	4.052535e-01	4.052425e-01	2.424735e-12	
411	1.932500e-08	4.052535e-01	4.052425e-01	2.424675e-12	
412	1.937500e-08	4.052535e-01	4.052425e-01	2.424619e-12	
413	1.942500e-08	4.052535e-01	4.052425e-01	2.424559e-12	
414	1.947500e-08	4.052535e-01	4.052425e-01	2.424503e-12	
415	1.952500e-08	4.052535e-01	4.052424e-01	2.424443e-12	
416	1.957500e-08	4.052535e-01	4.052424e-01	2.424388e-12	
417	1.962500e-08	4.052535e-01	4.052424e-01	2.424327e-12	
418	1.967500e-08	4.052534e-01	4.052424e-01	2.424272e-12	
419	1.972500e-08	4.052534e-01	4.052424e-01	2.424211e-12	
420	1.977500e-08	4.052534e-01	4.052424e-01	2.424156e-12	
421	1.982500e-08	4.052534e-01	4.052424e-01	2.424096e-12	
422	1.987500e-08	4.052534e-01	4.052424e-01	2.424040e-12	
423	1.992500e-08	4.052534e-01	4.052424e-01	2.423980e-12	
424	1.997500e-08	4.052534e-01	4.052424e-01	2.423924e-12	
425	2.002500e-08	4.052534e-01	4.052424e-01	2.423864e-12	
426	2.007500e-08	4.052534e-01	4.052424e-01	2.423809e-12	
427	2.012500e-08	4.052534e-01	4.052424e-01	2.423748e-12	
428	2.017500e-08	4.052534e-01	4.052424e-01	2.423693e-12	
429	2.022500e-08	4.052534e-01	4.052424e-01	2.423632e-12	
430	2.027500e-08	4.052534e-01	4.052424e-01	2.423577e-12	
431	2.032500e-08	4.052534e-01	4.052424e-01	2.423517e-12	
432	2.037500e-08	4.052534e-01	4.052423e-01	2.423461e-12	
433	2.042500e-08	4.052534e-01	4.052423e-01	2.423401e-12	
434	2.047500e-08	4.052533e-01	4.052423e-01	2.423345e-12	
435	2.052500e-08	4.052533e-01	4.052423e-01	2.423285e-12	
436	2.057500e-08	4.052533e-01	4.052423e-01	2.423230e-12	
437	2.062500e-08	4.052533e-01	4.052423e-01	2.423169e-12	
438	2.067500e-08	4.052533e-01	4.052423e-01	2.423114e-12	
439	2.072500e-08	4.052533e-01	4.052423e-01	2.423053e-12	
440	2.077500e-08	4.052533e-01	4.052423e-01	2.422998e-12	
441	2.082500e-08	4.052533e-01	4.052423e-01	2.422938e-12	
442	2.087500e-08	4.052533e-01	4.052423e-01	2.422882e-12	
443	2.092500e-08	4.052533e-01	4.052423e-01	2.422822e-12	
444	2.097500e-08	4.052533e-01	4.052423e-01	2.422767e-12	
445	2.102500e-08	4.052533e-01	4.052423e-01	2.422706e-12	
446	2.107500e-08	4.052533e-01	4.052423e-01	2.422651e-12	
447	2.112500e-08	4.052533e-01	4.052423e-01	2.422591e-12	
448	2.117500e-08	4.052533e-01	4.052423e-01	2.422535e-12	
449	2.122500e-08	4.052533e-01	4.052422e-01	2.422475e-12	
450	2.127500e-08	4.052533e-01	4.052422e-01	2.422419e-12	
451	2.132500e-08	4.052532e-01	4.052422e-01	2.422359e-12	
452	2.137500e-08	4.052532e-01	4.052422e-01	2.422304e-12	
453	2.142500e-08	4.052532e-01	4.052422e-01	2.422243e-12	
454	2.147500e-08	4.052532e-01	4.052422e-01	2.422188e-12	
455	2.152500e-08	4.052532e-01	4.052422e-01	2.422128e-12	
456	2.157500e-08	4.052532e-01	4.052422e-01	2.422072e-12	
457	2.162500e-08	4.052532e-01	4.052422e-01	2.422012e-12	
458	2.167500e-08	4.052532e-01	4.052422e-01	2.421956e-12	
459	2.172500e-08	4.052532e-01	4.052422e-01	2.421896e-12	
460	2.177500e-08	4.052532e-01	4.052422e-01	2.421841e-12	

Index   time            v(cell)         v(bl)           vpre#branch     
--------------------------------------------------------------------------------
461	2.182500e-08	4.052532e-01	4.052422e-01	2.421780e-12	
462	2.187500e-08	4.052532e-01	4.052422e-01	2.421725e-12	
463	2.192500e-08	4.052532e-01	4.052422e-01	2.421665e-12	
464	2.196250e-08	4.052532e-01	4.052422e-01	2.421624e-12	
465	2.200000e-08	4.052532e-01	4.052422e-01	2.421578e-12	
466	2.200500e-08	4.052514e-01	4.015934e-01	-3.40655e-11	
467	2.201500e-08	4.052478e-01	3.944757e-01	-1.05243e-10	
468	2.203500e-08	4.052406e-01	3.808529e-01	-2.41471e-10	
469	2.207500e-08	4.052260e-01	3.546731e-01	-5.03269e-10	
470	2.212500e-08	4.052079e-01	3.233170e-01	-8.16830e-10	
471	2.217500e-08	4.051901e-01	2.931611e-01	-1.11839e-09	
472	2.222500e-08	4.051726e-01	2.640851e-01	-1.40915e-09	
473	2.227500e-08	4.051554e-01	2.360805e-01	-1.68919e-09	
474	2.232500e-08	4.051385e-01	2.091634e-01	-1.95837e-09	
475	2.237500e-08	4.051218e-01	1.833640e-01	-2.21636e-09	
476	2.242500e-08	4.051052e-01	1.587136e-01	-2.46286e-09	
477	2.247500e-08	4.050888e-01	1.352358e-01	-2.69764e-09	
478	2.252500e-08	4.050726e-01	1.129189e-01	-2.92081e-09	
479	2.257500e-08	4.050563e-01	9.176684e-02	-3.13233e-09	
480	2.262500e-08	4.050402e-01	7.179107e-02	-3.33209e-09	
481	2.267500e-08	4.050240e-01	5.295912e-02	-3.52041e-09	
482	2.272500e-08	4.050079e-01	3.522888e-02	-3.69771e-09	
483	2.277500e-08	4.049918e-01	1.855161e-02	-3.86448e-09	
484	2.282500e-08	4.049757e-01	2.874861e-03	-4.02125e-09	
485	2.287500e-08	4.049596e-01	-1.18552e-02	-4.16855e-09	
486	2.292500e-08	4.049435e-01	-2.56921e-02	-4.30692e-09	
487	2.296250e-08	4.049315e-01	-3.55134e-02	-4.40513e-09	
488	2.300000e-08	4.049194e-01	-4.48829e-02	-4.49883e-09	
489	2.300500e-08	4.049194e-01	-4.20706e-02	-4.47071e-09	
490	2.301500e-08	4.049194e-01	-3.64811e-02	-4.41481e-09	
491	2.303500e-08	4.049194e-01	-2.55107e-02	-4.30511e-09	
492	2.307500e-08	4.049194e-01	-4.37813e-03	-4.09378e-09	
493	2.312500e-08	4.049194e-01	2.058736e-02	-3.84413e-09	
494	2.317500e-08	4.049194e-01	4.403020e-02	-3.60970e-09	
495	2.322500e-08	4.049194e-01	6.604335e-02	-3.38957e-09	
496	2.327500e-08	4.049194e-01	8.671404e-02	-3.18286e-09	
497	2.332500e-08	4.049194e-01	1.061241e-01	-2.98876e-09	
498	2.337500e-08	4.049194e-01	1.243505e-01	-2.80649e-09	
499	2.342500e-08	4.049194e-01	1.414654e-01	-2.63535e-09	
500	2.347500e-08	4.049194e-01	1.575366e-01	-2.47463e-09	
501	2.352500e-08	4.049194e-01	1.726277e-01	-2.32372e-09	
502	2.357500e-08	4.049194e-01	1.867985e-01	-2.18202e-09	
503	2.362500e-08	4.049194e-01	2.001051e-01	-2.04895e-09	
504	2.367500e-08	4.049194e-01	2.126002e-01	-1.92400e-09	
505	2.372500e-08	4.049194e-01	2.243334e-01	-1.80667e-09	
506	2.377500e-08	4.049194e-01	2.353510e-01	-1.69649e-09	
507	2.382500e-08	4.049194e-01	2.456967e-01	-1.59303e-09	
508	2.387500e-08	4.049194e-01	2.554115e-01	-1.49588e-09	
509	2.392500e-08	4.049194e-01	2.645339e-01	-1.40466e-09	
510	2.397500e-08	4.049194e-01	2.731000e-01	-1.31900e-09	
511	2.402500e-08	4.049194e-01	2.811436e-01	-1.23856e-09	
512	2.407500e-08	4.049194e-01	2.886968e-01	-1.16303e-09	
513	2.412500e-08	4.049194e-01	2.957893e-01	-1.09211e-09	
514	2.417500e-08	4.049194e-01	3.024493e-01	-1.02551e-09	
515	2.422500e-08	4.049194e-01	3.087032e-01	-9.62968e-10	
516	2.427500e-08	4.049194e-01	3.145757e-01	-9.04243e-10	
517	2.432500e-08	4.049194e-01	3.200900e-01	-8.49100e-10	
518	2.437500e-08	4.049194e-01	3.252681e-01	-7.97319e-10	

Index   time            v(cell)         v(bl)           vpre#branch     
--------------------------------------------------------------------------------
519	2.442500e-08	4.049194e-01	3.301304e-01	-7.48696e-10	
520	2.447500e-08	4.049194e-01	3.346962e-01	-7.03038e-10	
521	2.452500e-08	4.049194e-01	3.389835e-01	-6.60165e-10	
522	2.457500e-08	4.049194e-01	3.430094e-01	-6.19906e-10	
523	2.462500e-08	4.049194e-01	3.467898e-01	-5.82102e-10	
524	2.467500e-08	4.049194e-01	3.503396e-01	-5.46604e-10	
525	2.472500e-08	4.049194e-01	3.536730e-01	-5.13270e-10	
526	2.477500e-08	4.049194e-01	3.568031e-01	-4.81969e-10	
527	2.482500e-08	4.049194e-01	3.597423e-01	-4.52577e-10	
528	2.487500e-08	4.049194e-01	3.625022e-01	-4.24978e-10	
529	2.492500e-08	4.049194e-01	3.650939e-01	-3.99061e-10	
530	2.497500e-08	4.049194e-01	3.675275e-01	-3.74725e-10	
531	2.502500e-08	4.049194e-01	3.698127e-01	-3.51873e-10	
532	2.507500e-08	4.049194e-01	3.719585e-01	-3.30415e-10	
533	2.512500e-08	4.049194e-01	3.739735e-01	-3.10265e-10	
534	2.517500e-08	4.049194e-01	3.758656e-01	-2.91344e-10	
535	2.522500e-08	4.049194e-01	3.776423e-01	-2.73577e-10	
536	2.527500e-08	4.049194e-01	3.793106e-01	-2.56894e-10	
537	2.532500e-08	4.049194e-01	3.808773e-01	-2.41227e-10	
538	2.537500e-08	4.049194e-01	3.823483e-01	-2.26517e-10	
539	2.542500e-08	4.049194e-01	3.837297e-01	-2.12703e-10	
540	2.547500e-08	4.049194e-01	3.850268e-01	-1.99732e-10	
541	2.552500e-08	4.049194e-01	3.862449e-01	-1.87551e-10	
542	2.557500e-08	4.049194e-01	3.873886e-01	-1.76114e-10	
543	2.562500e-08	4.049194e-01	3.884626e-01	-1.65374e-10	
544	2.567500e-08	4.049194e-01	3.894711e-01	-1.55289e-10	
545	2.572500e-08	4.049194e-01	3.904181e-01	-1.45819e-10	
546	2.577500e-08	4.049194e-01	3.913074e-01	-1.36926e-10	
547	2.582500e-08	4.049194e-01	3.921424e-01	-1.28576e-10	
548	2.587500e-08	4.049194e-01	3.929265e-01	-1.20735e-10	
549	2.592500e-08	4.049194e-01	3.936628e-01	-1.13372e-10	
550	2.597500e-08	4.049194e-01	3.943541e-01	-1.06459e-10	
551	2.602500e-08	4.049194e-01	3.950034e-01	-9.99665e-11	
552	2.607500e-08	4.049194e-01	3.956130e-01	-9.38702e-11	
553	2.612500e-08	4.049194e-01	3.961854e-01	-8.81457e-11	
554	2.617500e-08	4.049194e-01	3.967230e-01	-8.27703e-11	
555	2.622500e-08	4.049194e-01	3.972277e-01	-7.77227e-11	
556	2.627500e-08	4.049194e-01	3.977017e-01	-7.29829e-11	
557	2.632500e-08	4.049194e-01	3.981468e-01	-6.85322e-11	
558	2.637500e-08	4.049194e-01	3.985647e-01	-6.43529e-11	
559	2.642500e-08	4.049194e-01	3.989572e-01	-6.04285e-11	
560	2.647500e-08	4.049194e-01	3.993257e-01	-5.67433e-11	
561	2.652500e-08	4.049194e-01	3.996717e-01	-5.32829e-11	
562	2.657500e-08	4.049194e-01	3.999966e-01	-5.00336e-11	
563	2.662500e-08	4.049194e-01	4.003018e-01	-4.69824e-11	
564	2.667500e-08	4.049194e-01	4.005883e-01	-4.41173e-11	
565	2.672500e-08	4.049194e-01	4.008573e-01	-4.14268e-11	
566	2.677500e-08	4.049194e-01	4.011099e-01	-3.89005e-11	
567	2.682500e-08	4.049194e-01	4.013472e-01	-3.65282e-11	
568	2.687500e-08	4.049194e-01	4.015699e-01	-3.43006e-11	
569	2.692500e-08	4.049194e-01	4.017791e-01	-3.22089e-11	
570	2.697500e-08	4.049194e-01	4.019755e-01	-3.02447e-11	
571	2.702500e-08	4.049194e-01	4.021600e-01	-2.84003e-11	
572	2.707500e-08	4.049194e-01	4.023332e-01	-2.66683e-11	
573	2.712500e-08	4.049194e-01	4.024958e-01	-2.50420e-11	
574	2.717500e-08	4.049194e-01	4.026485e-01	-2.35149e-11	
575	2.722500e-08	4.049194e-01	4.027919e-01	-2.20808e-11	
576	2.727500e-08	4.049194e-01	4.029266e-01	-2.07343e-11	

Index   time            v(cell)         v(bl)           vpre#branch     
--------------------------------------------------------------------------------
577	2.732500e-08	4.049194e-01	4.030530e-01	-1.94698e-11	
578	2.737500e-08	4.049194e-01	4.031717e-01	-1.82825e-11	
579	2.742500e-08	4.049194e-01	4.032832e-01	-1.71676e-11	
580	2.747500e-08	4.049194e-01	4.033879e-01	-1.61207e-11	
581	2.752500e-08	4.049194e-01	4.034862e-01	-1.51376e-11	
582	2.757500e-08	4.049194e-01	4.035786e-01	-1.42144e-11	
583	2.762500e-08	4.049194e-01	4.036652e-01	-1.33476e-11	
584	2.767500e-08	4.049194e-01	4.037466e-01	-1.25336e-11	
585	2.772500e-08	4.049194e-01	4.038231e-01	-1.17693e-11	
586	2.777500e-08	4.049194e-01	4.038948e-01	-1.10515e-11	
587	2.782500e-08	4.049194e-01	4.039622e-01	-1.03776e-11	
588	2.787500e-08	4.049194e-01	4.040255e-01	-9.74473e-12	
589	2.792500e-08	4.049194e-01	4.040850e-01	-9.15047e-12	
590	2.797500e-08	4.049194e-01	4.041408e-01	-8.59244e-12	
591	2.802500e-08	4.049194e-01	4.041932e-01	-8.06845e-12	
592	2.807500e-08	4.049194e-01	4.042424e-01	-7.57641e-12	
593	2.812500e-08	4.049194e-01	4.042886e-01	-7.11438e-12	
594	2.817500e-08	4.049194e-01	4.043319e-01	-6.68052e-12	
595	2.822500e-08	4.049194e-01	4.043727e-01	-6.27312e-12	
596	2.827500e-08	4.049194e-01	4.044109e-01	-5.89057e-12	
597	2.832500e-08	4.049194e-01	4.044469e-01	-5.53134e-12	
598	2.837500e-08	4.049194e-01	4.044806e-01	-5.19402e-12	
599	2.842500e-08	4.049194e-01	4.045123e-01	-4.87728e-12	
600	2.847500e-08	4.049194e-01	4.045420e-01	-4.57984e-12	
601	2.852500e-08	4.049194e-01	4.045699e-01	-4.30055e-12	
602	2.857500e-08	4.049194e-01	4.045962e-01	-4.03829e-12	
603	2.862500e-08	4.049194e-01	4.046208e-01	-3.79202e-12	
604	2.867500e-08	4.049194e-01	4.046439e-01	-3.56077e-12	
605	2.872500e-08	4.049194e-01	4.046656e-01	-3.34363e-12	
606	2.877500e-08	4.049194e-01	4.046860e-01	-3.13972e-12	
607	2.882500e-08	4.049194e-01	4.047052e-01	-2.94825e-12	
608	2.887500e-08	4.049194e-01	4.047232e-01	-2.76846e-12	
609	2.892500e-08	4.049194e-01	4.047400e-01	-2.59963e-12	
610	2.897500e-08	4.049194e-01	4.047559e-01	-2.44109e-12	
611	2.902500e-08	4.049194e-01	4.047708e-01	-2.29223e-12	
612	2.907500e-08	4.049194e-01	4.047848e-01	-2.15244e-12	
613	2.912500e-08	4.049194e-01	4.047979e-01	-2.02118e-12	
614	2.917500e-08	4.049194e-01	4.048102e-01	-1.89792e-12	
615	2.922500e-08	4.049194e-01	4.048218e-01	-1.78218e-12	
616	2.927500e-08	4.049194e-01	4.048327e-01	-1.67350e-12	
617	2.932500e-08	4.049194e-01	4.048429e-01	-1.57144e-12	
618	2.937500e-08	4.049194e-01	4.048524e-01	-1.47561e-12	
619	2.942500e-08	4.049194e-01	4.048614e-01	-1.38562e-12	
620	2.947500e-08	4.049194e-01	4.048699e-01	-1.30112e-12	
621	2.952500e-08	4.049194e-01	4.048778e-01	-1.22178e-12	
622	2.957500e-08	4.049194e-01	4.048853e-01	-1.14727e-12	
623	2.962500e-08	4.049194e-01	4.048923e-01	-1.07731e-12	
624	2.967500e-08	4.049194e-01	4.048988e-01	-1.01161e-12	
625	2.972500e-08	4.049194e-01	4.049050e-01	-9.49917e-13	
626	2.977500e-08	4.049194e-01	4.049108e-01	-8.91988e-13	
627	2.982500e-08	4.049194e-01	4.049162e-01	-8.37592e-13	
628	2.987500e-08	4.049194e-01	4.049213e-01	-7.86513e-13	
629	2.992500e-08	4.049194e-01	4.049261e-01	-7.38549e-13	
630	2.997500e-08	4.049194e-01	4.049306e-01	-6.93510e-13	
631	3.002500e-08	4.049194e-01	4.049349e-01	-6.51217e-13	
632	3.007500e-08	4.049194e-01	4.049388e-01	-6.11504e-13	
633	3.012500e-08	4.049194e-01	4.049426e-01	-5.74213e-13	
634	3.017500e-08	4.049194e-01	4.049461e-01	-5.39195e-13	

Index   time            v(cell)         v(bl)           vpre#branch     
--------------------------------------------------------------------------------
635	3.022500e-08	4.049194e-01	4.049494e-01	-5.06314e-13	
636	3.027500e-08	4.049194e-01	4.049525e-01	-4.75437e-13	
637	3.032500e-08	4.049194e-01	4.049554e-01	-4.46443e-13	
638	3.037500e-08	4.049194e-01	4.049581e-01	-4.19218e-13	
639	3.042500e-08	4.049194e-01	4.049606e-01	-3.93653e-13	
640	3.047500e-08	4.049194e-01	4.049630e-01	-3.69646e-13	
641	3.052500e-08	4.049194e-01	4.049653e-01	-3.47104e-13	
642	3.057500e-08	4.049194e-01	4.049674e-01	-3.25937e-13	
643	3.062500e-08	4.049194e-01	4.049694e-01	-3.06060e-13	
644	3.067500e-08	4.049194e-01	4.049713e-01	-2.87396e-13	
645	3.072500e-08	4.049194e-01	4.049730e-01	-2.69869e-13	
646	3.077500e-08	4.049194e-01	4.049747e-01	-2.53412e-13	
647	3.082500e-08	4.049194e-01	4.049762e-01	-2.37958e-13	
648	3.087500e-08	4.049194e-01	4.049777e-01	-2.23447e-13	
649	3.092500e-08	4.049194e-01	4.049790e-01	-2.09820e-13	
650	3.097500e-08	4.049194e-01	4.049803e-01	-1.97025e-13	
651	3.102500e-08	4.049194e-01	4.049815e-01	-1.85010e-13	
652	3.107500e-08	4.049194e-01	4.049826e-01	-1.73727e-13	
653	3.112500e-08	4.049194e-01	4.049837e-01	-1.63133e-13	
654	3.117500e-08	4.049194e-01	4.049847e-01	-1.53184e-13	
655	3.122500e-08	4.049194e-01	4.049856e-01	-1.43843e-13	
656	3.127500e-08	4.049194e-01	4.049865e-01	-1.35071e-13	
657	3.132500e-08	4.049194e-01	4.049873e-01	-1.26834e-13	
658	3.137500e-08	4.049194e-01	4.049881e-01	-1.19099e-13	
659	3.142500e-08	4.049194e-01	4.049888e-01	-1.11836e-13	
660	3.147500e-08	4.049194e-01	4.049895e-01	-1.05016e-13	
661	3.152500e-08	4.049194e-01	4.049901e-01	-9.86117e-14	
662	3.157500e-08	4.049194e-01	4.049907e-01	-9.25980e-14	
663	3.162500e-08	4.049194e-01	4.049913e-01	-8.69511e-14	
664	3.167500e-08	4.049194e-01	4.049918e-01	-8.16486e-14	
665	3.172500e-08	4.049194e-01	4.049923e-01	-7.66694e-14	
666	3.177500e-08	4.049194e-01	4.049928e-01	-7.19939e-14	
667	3.182500e-08	4.049194e-01	4.049932e-01	-6.76035e-14	
668	3.187500e-08	4.049194e-01	4.049937e-01	-6.34808e-14	
669	3.192500e-08	4.049194e-01	4.049940e-01	-5.96096e-14	
670	3.197500e-08	4.049194e-01	4.049944e-01	-5.59744e-14	
671	3.202500e-08	4.049194e-01	4.049947e-01	-5.25609e-14	
672	3.207500e-08	4.049194e-01	4.049951e-01	-4.93556e-14	
673	3.212500e-08	4.049194e-01	4.049954e-01	-4.63457e-14	
674	3.217500e-08	4.049194e-01	4.049956e-01	-4.35194e-14	
675	3.222500e-08	4.049194e-01	4.049959e-01	-4.08655e-14	
676	3.227500e-08	4.049194e-01	4.049962e-01	-3.83734e-14	
677	3.232500e-08	4.049194e-01	4.049964e-01	-3.60333e-14	
678	3.237500e-08	4.049194e-01	4.049966e-01	-3.38359e-14	
679	3.242500e-08	4.049194e-01	4.049968e-01	-3.17725e-14	
680	3.247500e-08	4.049194e-01	4.049970e-01	-2.98349e-14	
681	3.252500e-08	4.049194e-01	4.049972e-01	-2.80155e-14	
682	3.257500e-08	4.049194e-01	4.049974e-01	-2.63070e-14	
683	3.262500e-08	4.049194e-01	4.049975e-01	-2.47027e-14	
684	3.267500e-08	4.049194e-01	4.049977e-01	-2.31963e-14	
685	3.272500e-08	4.049194e-01	4.049978e-01	-2.17817e-14	
686	3.277500e-08	4.049194e-01	4.049980e-01	-2.04534e-14	
687	3.282500e-08	4.049194e-01	4.049981e-01	-1.92061e-14	
688	3.287500e-08	4.049194e-01	4.049982e-01	-1.80349e-14	
689	3.292500e-08	4.049194e-01	4.049983e-01	-1.69351e-14	
690	3.297500e-08	4.049194e-01	4.049984e-01	-1.59023e-14	
691	3.302500e-08	4.049194e-01	4.049985e-01	-1.49325e-14	
692	3.307500e-08	4.049194e-01	4.049986e-01	-1.40219e-14	

Index   time            v(cell)         v(bl)           vpre#branch     
--------------------------------------------------------------------------------
693	3.312500e-08	4.049194e-01	4.049987e-01	-1.31668e-14	
694	3.317500e-08	4.049194e-01	4.049988e-01	-1.23639e-14	
695	3.322500e-08	4.049194e-01	4.049988e-01	-1.16099e-14	
696	3.327500e-08	4.049194e-01	4.049989e-01	-1.09019e-14	
697	3.332500e-08	4.049194e-01	4.049990e-01	-1.02371e-14	
698	3.337500e-08	4.049194e-01	4.049990e-01	-9.61280e-15	
699	3.342500e-08	4.049194e-01	4.049991e-01	-9.02659e-15	
700	3.347500e-08	4.049194e-01	4.049992e-01	-8.47613e-15	
701	3.352500e-08	4.049194e-01	4.049992e-01	-7.95924e-15	
702	3.357500e-08	4.049194e-01	4.049993e-01	-7.47387e-15	
703	3.362500e-08	4.049194e-01	4.049993e-01	-7.01810e-15	
704	3.367500e-08	4.049194e-01	4.049993e-01	-6.59013e-15	
705	3.372500e-08	4.049194e-01	4.049994e-01	-6.18825e-15	
706	3.377500e-08	4.049194e-01	4.049994e-01	-5.81088e-15	
707	3.382500e-08	4.049194e-01	4.049995e-01	-5.45652e-15	
708	3.387500e-08	4.049194e-01	4.049995e-01	-5.12378e-15	
709	3.392500e-08	4.049194e-01	4.049995e-01	-4.81132e-15	
710	3.397500e-08	4.049194e-01	4.049995e-01	-4.51792e-15	
711	3.402500e-08	4.049194e-01	4.049996e-01	-4.24241e-15	
712	3.407500e-08	4.049194e-01	4.049996e-01	-3.98371e-15	
713	3.412500e-08	4.049194e-01	4.049996e-01	-3.74078e-15	
714	3.417500e-08	4.049194e-01	4.049996e-01	-3.51266e-15	
715	3.422500e-08	4.049194e-01	4.049997e-01	-3.29846e-15	
716	3.427500e-08	4.049194e-01	4.049997e-01	-3.09732e-15	
717	3.432500e-08	4.049194e-01	4.049997e-01	-2.90844e-15	
718	3.437500e-08	4.049194e-01	4.049997e-01	-2.73108e-15	
719	3.442500e-08	4.049194e-01	4.049997e-01	-2.56454e-15	
720	3.447500e-08	4.049194e-01	4.049998e-01	-2.40816e-15	
721	3.452500e-08	4.049194e-01	4.049998e-01	-2.26131e-15	
722	3.457500e-08	4.049194e-01	4.049998e-01	-2.12342e-15	
723	3.462500e-08	4.049194e-01	4.049998e-01	-1.99394e-15	
724	3.467500e-08	4.049194e-01	4.049998e-01	-1.87235e-15	
725	3.472500e-08	4.049194e-01	4.049998e-01	-1.75818e-15	
726	3.477500e-08	4.049194e-01	4.049998e-01	-1.65097e-15	
727	3.482500e-08	4.049194e-01	4.049998e-01	-1.55030e-15	
728	3.487500e-08	4.049194e-01	4.049999e-01	-1.45576e-15	
729	3.492500e-08	4.049194e-01	4.049999e-01	-1.36700e-15	
730	3.497500e-08	4.049194e-01	4.049999e-01	-1.28364e-15	
731	3.502500e-08	4.049194e-01	4.049999e-01	-1.20537e-15	
732	3.507500e-08	4.049194e-01	4.049999e-01	-1.13187e-15	
733	3.512500e-08	4.049194e-01	4.049999e-01	-1.06286e-15	
734	3.517500e-08	4.049194e-01	4.049999e-01	-9.98049e-16	
735	3.522500e-08	4.049194e-01	4.049999e-01	-9.37194e-16	
736	3.527500e-08	4.049194e-01	4.049999e-01	-8.80051e-16	
737	3.532500e-08	4.049194e-01	4.049999e-01	-8.26391e-16	
738	3.537500e-08	4.049194e-01	4.049999e-01	-7.76005e-16	
739	3.542500e-08	4.049194e-01	4.049999e-01	-7.28690e-16	
740	3.547500e-08	4.049194e-01	4.049999e-01	-6.84262e-16	
741	3.552500e-08	4.049194e-01	4.049999e-01	-6.42542e-16	
742	3.557500e-08	4.049194e-01	4.049999e-01	-6.03367e-16	
743	3.562500e-08	4.049194e-01	4.049999e-01	-5.66581e-16	
744	3.567500e-08	4.049194e-01	4.049999e-01	-5.32038e-16	
745	3.572500e-08	4.049194e-01	4.050000e-01	-4.99602e-16	
746	3.577500e-08	4.049194e-01	4.050000e-01	-4.69144e-16	
747	3.582500e-08	4.049194e-01	4.050000e-01	-4.40543e-16	
748	3.587500e-08	4.049194e-01	4.050000e-01	-4.13687e-16	
749	3.592500e-08	4.049194e-01	4.050000e-01	-3.88468e-16	
750	3.597500e-08	4.049194e-01	4.050000e-01	-3.64787e-16	

Index   time            v(cell)         v(bl)           vpre#branch     
--------------------------------------------------------------------------------
751	3.602500e-08	4.049194e-01	4.050000e-01	-3.42551e-16	
752	3.607500e-08	4.049194e-01	4.050000e-01	-3.21670e-16	
753	3.612500e-08	4.049194e-01	4.050000e-01	-3.02063e-16	
754	3.617500e-08	4.049194e-01	4.050000e-01	-2.83652e-16	
755	3.622500e-08	4.049194e-01	4.050000e-01	-2.66363e-16	
756	3.627500e-08	4.049194e-01	4.050000e-01	-2.50130e-16	
757	3.632500e-08	4.049194e-01	4.050000e-01	-2.34885e-16	
758	3.637500e-08	4.049194e-01	4.050000e-01	-2.20570e-16	
759	3.642500e-08	4.049194e-01	4.050000e-01	-2.07128e-16	
760	3.647500e-08	4.049194e-01	4.050000e-01	-1.94506e-16	
761	3.652500e-08	4.049194e-01	4.050000e-01	-1.82654e-16	
762	3.657500e-08	4.049194e-01	4.050000e-01	-1.71524e-16	
763	3.662500e-08	4.049194e-01	4.050000e-01	-1.61073e-16	
764	3.667500e-08	4.049194e-01	4.050000e-01	-1.51259e-16	
765	3.672500e-08	4.049194e-01	4.050000e-01	-1.42044e-16	
766	3.677500e-08	4.049194e-01	4.050000e-01	-1.33391e-16	
767	3.682500e-08	4.049194e-01	4.050000e-01	-1.25266e-16	
768	3.687500e-08	4.049194e-01	4.050000e-01	-1.17636e-16	
769	3.692500e-08	4.049194e-01	4.050000e-01	-1.10471e-16	
770	3.697500e-08	4.049194e-01	4.050000e-01	-1.03743e-16	
771	3.702500e-08	4.049194e-01	4.050000e-01	-9.74256e-17	
772	3.707500e-08	4.049194e-01	4.050000e-01	-9.14934e-17	
773	3.712500e-08	4.049194e-01	4.050000e-01	-8.59230e-17	
774	3.717500e-08	4.049194e-01	4.050000e-01	-8.06922e-17	
775	3.722500e-08	4.049194e-01	4.050000e-01	-7.57804e-17	
776	3.727500e-08	4.049194e-01	4.050000e-01	-7.11682e-17	
777	3.732500e-08	4.049194e-01	4.050000e-01	-6.68373e-17	
778	3.737500e-08	4.049194e-01	4.050000e-01	-6.27704e-17	
779	3.742500e-08	4.049194e-01	4.050000e-01	-5.89516e-17	
780	3.747500e-08	4.049194e-01	4.050000e-01	-5.53656e-17	
781	3.752500e-08	4.049194e-01	4.050000e-01	-5.19984e-17	
782	3.757500e-08	4.049194e-01	4.050000e-01	-4.88364e-17	
783	3.762500e-08	4.049194e-01	4.050000e-01	-4.58673e-17	
784	3.767500e-08	4.049194e-01	4.050000e-01	-4.30793e-17	
785	3.772500e-08	4.049194e-01	4.050000e-01	-4.04613e-17	
786	3.777500e-08	4.049194e-01	4.050000e-01	-3.80029e-17	
787	3.782500e-08	4.049194e-01	4.050000e-01	-3.56949e-17	
788	3.787500e-08	4.049194e-01	4.050000e-01	-3.35276e-17	
789	3.792500e-08	4.049194e-01	4.050000e-01	-3.14921e-17	
790	3.797500e-08	4.049194e-01	4.050000e-01	-2.95807e-17	
791	3.802500e-08	4.049194e-01	4.050000e-01	-2.77859e-17	
792	3.807500e-08	4.049194e-01	4.050000e-01	-2.61005e-17	
793	3.812500e-08	4.049194e-01	4.050000e-01	-2.45184e-17	
794	3.817500e-08	4.049194e-01	4.050000e-01	-2.30327e-17	
795	3.822500e-08	4.049194e-01	4.050000e-01	-2.16372e-17	
796	3.827500e-08	4.049194e-01	4.050000e-01	-2.03268e-17	
797	3.832500e-08	4.049194e-01	4.050000e-01	-1.90963e-17	
798	3.837500e-08	4.049194e-01	4.050000e-01	-1.79408e-17	
799	3.842500e-08	4.049194e-01	4.050000e-01	-1.68558e-17	
800	3.847500e-08	4.049194e-01	4.050000e-01	-1.58370e-17	
801	3.852500e-08	4.049194e-01	4.050000e-01	-1.48803e-17	
802	3.857500e-08	4.049194e-01	4.050000e-01	-1.39820e-17	
803	3.862500e-08	4.049194e-01	4.050000e-01	-1.31384e-17	
804	3.867500e-08	4.049194e-01	4.050000e-01	-1.23463e-17	
805	3.872500e-08	4.049194e-01	4.050000e-01	-1.16029e-17	
806	3.877500e-08	4.049194e-01	4.050000e-01	-1.09048e-17	
807	3.882500e-08	4.049194e-01	4.050000e-01	-1.02489e-17	
808	3.887500e-08	4.049194e-01	4.050000e-01	-9.63342e-18	

Index   time            v(cell)         v(bl)           vpre#branch     
--------------------------------------------------------------------------------
809	3.892500e-08	4.049194e-01	4.050000e-01	-9.05546e-18	
810	3.897500e-08	4.049194e-01	4.050000e-01	-8.51233e-18	
811	3.902500e-08	4.049194e-01	4.050000e-01	-8.00232e-18	
812	3.907500e-08	4.049194e-01	4.050000e-01	-7.52383e-18	
813	3.912500e-08	4.049194e-01	4.050000e-01	-7.07452e-18	
814	3.917500e-08	4.049194e-01	4.050000e-01	-6.65219e-18	
815	3.922500e-08	4.049194e-01	4.050000e-01	-6.25562e-18	
816	3.927500e-08	4.049194e-01	4.050000e-01	-5.88323e-18	
817	3.932500e-08	4.049194e-01	4.050000e-01	-5.53356e-18	
818	3.937500e-08	4.049194e-01	4.050000e-01	-5.20521e-18	
819	3.942500e-08	4.049194e-01	4.050000e-01	-4.89688e-18	
820	3.947500e-08	4.049194e-01	4.050000e-01	-4.60735e-18	
821	3.952500e-08	4.049194e-01	4.050000e-01	-4.33548e-18	
822	3.957500e-08	4.049194e-01	4.050000e-01	-4.08019e-18	
823	3.962500e-08	4.049194e-01	4.050000e-01	-3.84047e-18	
824	3.967500e-08	4.049194e-01	4.050000e-01	-3.61537e-18	
825	3.972500e-08	4.049194e-01	4.050000e-01	-3.40399e-18	
826	3.977500e-08	4.049194e-01	4.050000e-01	-3.20592e-18	
827	3.982500e-08	4.049194e-01	4.050000e-01	-3.01993e-18	
828	3.987500e-08	4.049194e-01	4.050000e-01	-2.84487e-18	
829	3.992500e-08	4.049194e-01	4.050000e-01	-2.68048e-18	
830	3.996250e-08	4.049194e-01	4.050000e-01	-2.56377e-18	
831	4.000000e-08	4.049194e-01	4.050000e-01	-2.45275e-18	


Total analysis time (seconds) = 0.0628864

Total elapsed time (seconds) = 0.071 

Total DRAM available = 386307.215 MB.
DRAM currently available = 14108.504 MB.
Maximum ngspice program size =  529.723 MB.
Current ngspice program size =   14.270 MB.

Shared ngspice pages =   12.457 MB.
Text (code) pages =    6.266 MB.
Stack = 0 bytes.
Library pages =   59.141 MB.

