
Note: No compatibility mode selected!


Circuit: * id-vg sweep vds=0.4950v

Doing analysis at TEMP = 27.000000 and TNOM = 27.000000

Using SPARSE 1.3 as Direct Linear Solver

No. of Data Rows : 201

  Measurements for DC Analysis

ion                 =  -2.18673e-06 at=  9.90000e-01
ioff                =  -2.16136e-14

                           * id-vg sweep vds=0.4950v
                           DC transfer characteristic  Wed Jun 24 01:08:35  2026
--------------------------------------------------------------------------------
Index   v-sweep         vd#branch       
--------------------------------------------------------------------------------
0	0.000000e+00	-2.16136e-14	
1	4.950000e-03	-2.42419e-14	
2	9.900000e-03	-2.73765e-14	
3	1.485000e-02	-3.09165e-14	
4	1.980000e-02	-3.49141e-14	
5	2.475000e-02	-3.94287e-14	
6	2.970000e-02	-4.45270e-14	
7	3.465000e-02	-5.02846e-14	
8	3.960000e-02	-5.67867e-14	
9	4.455000e-02	-6.41295e-14	
10	4.950000e-02	-7.24218e-14	
11	5.445000e-02	-8.17864e-14	
12	5.940000e-02	-9.23618e-14	
13	6.435000e-02	-1.04305e-13	
14	6.930000e-02	-1.17792e-13	
15	7.425000e-02	-1.33023e-13	
16	7.920000e-02	-1.50223e-13	
17	8.415000e-02	-1.69648e-13	
18	8.910000e-02	-1.91585e-13	
19	9.405000e-02	-2.16357e-13	
20	9.900000e-02	-2.44334e-13	
21	1.039500e-01	-2.75927e-13	
22	1.089000e-01	-3.11606e-13	
23	1.138500e-01	-3.51898e-13	
24	1.188000e-01	-3.97400e-13	
25	1.237500e-01	-4.48786e-13	
26	1.287000e-01	-5.06817e-13	
27	1.336500e-01	-5.72351e-13	
28	1.386000e-01	-6.46358e-13	
29	1.435500e-01	-7.29936e-13	
30	1.485000e-01	-8.24320e-13	
31	1.534500e-01	-9.30908e-13	
32	1.584000e-01	-1.05128e-12	
33	1.633500e-01	-1.18721e-12	
34	1.683000e-01	-1.34073e-12	
35	1.732500e-01	-1.51409e-12	
36	1.782000e-01	-1.70986e-12	
37	1.831500e-01	-1.93096e-12	
38	1.881000e-01	-2.18064e-12	
39	1.930500e-01	-2.46260e-12	
40	1.980000e-01	-2.78102e-12	
41	2.029500e-01	-3.14062e-12	
42	2.079000e-01	-3.54670e-12	
43	2.128500e-01	-4.00530e-12	
44	2.178000e-01	-4.52319e-12	
45	2.227500e-01	-5.10805e-12	
46	2.277000e-01	-5.76852e-12	
47	2.326500e-01	-6.51439e-12	
48	2.376000e-01	-7.35670e-12	
49	2.425500e-01	-8.30791e-12	
50	2.475000e-01	-9.38210e-12	
51	2.524500e-01	-1.05952e-11	
52	2.574000e-01	-1.19651e-11	
53	2.623500e-01	-1.35121e-11	
54	2.673000e-01	-1.52591e-11	

Index   v-sweep         vd#branch       
--------------------------------------------------------------------------------
55	2.722500e-01	-1.72320e-11	
56	2.772000e-01	-1.94599e-11	
57	2.821500e-01	-2.19758e-11	
58	2.871000e-01	-2.48169e-11	
59	2.920500e-01	-2.80253e-11	
60	2.970000e-01	-3.16484e-11	
61	3.019500e-01	-3.57397e-11	
62	3.069000e-01	-4.03599e-11	
63	3.118500e-01	-4.55771e-11	
64	3.168000e-01	-5.14685e-11	
65	3.217500e-01	-5.81212e-11	
66	3.267000e-01	-6.56334e-11	
67	3.316500e-01	-7.41161e-11	
68	3.366000e-01	-8.36945e-11	
69	3.415500e-01	-9.45100e-11	
70	3.465000e-01	-1.06722e-10	
71	3.514500e-01	-1.20511e-10	
72	3.564000e-01	-1.36080e-10	
73	3.613500e-01	-1.53659e-10	
74	3.663000e-01	-1.74694e-10	
75	3.712500e-01	-1.97253e-10	
76	3.762000e-01	-2.22722e-10	
77	3.811500e-01	-2.51474e-10	
78	3.861000e-01	-2.83931e-10	
79	3.910500e-01	-3.20569e-10	
80	3.960000e-01	-3.61922e-10	
81	4.009500e-01	-4.08597e-10	
82	4.059000e-01	-4.61273e-10	
83	4.108500e-01	-5.20717e-10	
84	4.158000e-01	-5.87793e-10	
85	4.207500e-01	-6.63473e-10	
86	4.257000e-01	-7.48850e-10	
87	4.306500e-01	-8.45154e-10	
88	4.356000e-01	-9.53769e-10	
89	4.405500e-01	-1.07625e-09	
90	4.455000e-01	-1.21434e-09	
91	4.504500e-01	-1.36999e-09	
92	4.554000e-01	-1.54541e-09	
93	4.603500e-01	-1.74304e-09	
94	4.653000e-01	-1.96565e-09	
95	4.702500e-01	-2.21631e-09	
96	4.752000e-01	-2.49845e-09	
97	4.801500e-01	-2.81591e-09	
98	4.851000e-01	-3.17297e-09	
99	4.900500e-01	-3.57436e-09	
100	4.950000e-01	-4.02538e-09	
101	4.999500e-01	-4.53188e-09	
102	5.049000e-01	-5.10034e-09	
103	5.098500e-01	-5.73791e-09	
104	5.148000e-01	-6.45252e-09	
105	5.197500e-01	-7.25286e-09	
106	5.247000e-01	-8.14849e-09	
107	5.296500e-01	-9.14992e-09	
108	5.346000e-01	-1.02686e-08	
109	5.395500e-01	-1.15172e-08	
110	5.445000e-01	-1.29093e-08	
111	5.494500e-01	-1.44599e-08	
112	5.544000e-01	-1.61853e-08	

Index   v-sweep         vd#branch       
--------------------------------------------------------------------------------
113	5.593500e-01	-1.81030e-08	
114	5.643000e-01	-2.02322e-08	
115	5.692500e-01	-2.25936e-08	
116	5.742000e-01	-2.52096e-08	
117	5.791500e-01	-2.81042e-08	
118	5.841000e-01	-3.13034e-08	
119	5.890500e-01	-3.48348e-08	
120	5.940000e-01	-3.87279e-08	
121	5.989500e-01	-4.30141e-08	
122	6.039000e-01	-4.77263e-08	
123	6.088500e-01	-5.28988e-08	
124	6.138000e-01	-5.85672e-08	
125	6.187500e-01	-6.47677e-08	
126	6.237000e-01	-7.15370e-08	
127	6.286500e-01	-7.89115e-08	
128	6.336000e-01	-8.69269e-08	
129	6.385500e-01	-9.56178e-08	
130	6.435000e-01	-1.05016e-07	
131	6.484500e-01	-1.15153e-07	
132	6.534000e-01	-1.26055e-07	
133	6.583500e-01	-1.37746e-07	
134	6.633000e-01	-1.50245e-07	
135	6.682500e-01	-1.63568e-07	
136	6.732000e-01	-1.77727e-07	
137	6.781500e-01	-1.92729e-07	
138	6.831000e-01	-2.08576e-07	
139	6.880500e-01	-2.25267e-07	
140	6.930000e-01	-2.42796e-07	
141	6.979500e-01	-2.61154e-07	
142	7.029000e-01	-2.80330e-07	
143	7.078500e-01	-3.00308e-07	
144	7.128000e-01	-3.21072e-07	
145	7.177500e-01	-3.42602e-07	
146	7.227000e-01	-3.64879e-07	
147	7.276500e-01	-3.87522e-07	
148	7.326000e-01	-4.11237e-07	
149	7.375500e-01	-4.35631e-07	
150	7.425000e-01	-4.60682e-07	
151	7.474500e-01	-4.86367e-07	
152	7.524000e-01	-5.12662e-07	
153	7.573500e-01	-5.39545e-07	
154	7.623000e-01	-5.66994e-07	
155	7.672500e-01	-5.94987e-07	
156	7.722000e-01	-6.23503e-07	
157	7.771500e-01	-6.52522e-07	
158	7.821000e-01	-6.82023e-07	
159	7.870500e-01	-7.11989e-07	
160	7.920000e-01	-7.42401e-07	
161	7.969500e-01	-7.73240e-07	
162	8.019000e-01	-8.04491e-07	
163	8.068500e-01	-8.36137e-07	
164	8.118000e-01	-8.68163e-07	
165	8.167500e-01	-9.00553e-07	
166	8.217000e-01	-9.33295e-07	
167	8.266500e-01	-9.66374e-07	
168	8.316000e-01	-9.99777e-07	
169	8.365500e-01	-1.03349e-06	
170	8.415000e-01	-1.06751e-06	

Index   v-sweep         vd#branch       
--------------------------------------------------------------------------------
171	8.464500e-01	-1.10181e-06	
172	8.514000e-01	-1.13640e-06	
173	8.563500e-01	-1.17125e-06	
174	8.613000e-01	-1.20636e-06	
175	8.662500e-01	-1.24172e-06	
176	8.712000e-01	-1.27732e-06	
177	8.761500e-01	-1.31315e-06	
178	8.811000e-01	-1.34921e-06	
179	8.860500e-01	-1.38548e-06	
180	8.910000e-01	-1.42197e-06	
181	8.959500e-01	-1.45865e-06	
182	9.009000e-01	-1.49553e-06	
183	9.058500e-01	-1.53260e-06	
184	9.108000e-01	-1.56986e-06	
185	9.157500e-01	-1.60729e-06	
186	9.207000e-01	-1.64489e-06	
187	9.256500e-01	-1.68266e-06	
188	9.306000e-01	-1.72059e-06	
189	9.355500e-01	-1.75867e-06	
190	9.405000e-01	-1.79691e-06	
191	9.454500e-01	-1.83530e-06	
192	9.504000e-01	-1.87382e-06	
193	9.553500e-01	-1.91249e-06	
194	9.603000e-01	-1.95129e-06	
195	9.652500e-01	-1.99023e-06	
196	9.702000e-01	-2.02929e-06	
197	9.751500e-01	-2.06847e-06	
198	9.801000e-01	-2.10777e-06	
199	9.850500e-01	-2.14719e-06	
200	9.900000e-01	-2.18673e-06	


Total analysis time (seconds) = 0.0141308

Total elapsed time (seconds) = 0.020 

Total DRAM available = 386307.215 MB.
DRAM currently available = 7942.312 MB.
Maximum ngspice program size =  529.723 MB.
Current ngspice program size =   14.086 MB.

Shared ngspice pages =   12.324 MB.
Text (code) pages =    6.266 MB.
Stack = 0 bytes.
Library pages =   59.141 MB.

