
Note: No compatibility mode selected!


Circuit: * id-vg sweep vds=0.3375v

Warning: Model issue on line 7 :
  .model nfet bsimcmg_va type=1 bulkmod=0 bulkmod=0 igcmod=0 igbmod=0 gidl ...
unrecognized parameter (sasatcv) - ignored

Doing analysis at TEMP = 27.000000 and TNOM = 27.000000

Using SPARSE 1.3 as Direct Linear Solver

No. of Data Rows : 201

  Measurements for DC Analysis

ion                 =  -3.19391e-06 at=  6.75000e-01
ioff                =  -1.85914e-11

                           * id-vg sweep vds=0.3375v
                           DC transfer characteristic  Tue Jun 23 21:13:02  2026
--------------------------------------------------------------------------------
Index   v-sweep         vd#branch       
--------------------------------------------------------------------------------
0	0.000000e+00	-1.85914e-11	
1	3.375000e-03	-2.04525e-11	
2	6.750000e-03	-2.26059e-11	
3	1.012500e-02	-2.49859e-11	
4	1.350000e-02	-2.76165e-11	
5	1.687500e-02	-3.05241e-11	
6	2.025000e-02	-3.37377e-11	
7	2.362500e-02	-3.72896e-11	
8	2.700000e-02	-4.12154e-11	
9	3.037500e-02	-4.55544e-11	
10	3.375000e-02	-5.03501e-11	
11	3.712500e-02	-5.56506e-11	
12	4.050000e-02	-6.15089e-11	
13	4.387500e-02	-6.79837e-11	
14	4.725000e-02	-7.51400e-11	
15	5.062500e-02	-8.30493e-11	
16	5.400000e-02	-9.17908e-11	
17	5.737500e-02	-1.01452e-10	
18	6.075000e-02	-1.12130e-10	
19	6.412500e-02	-1.23931e-10	
20	6.750000e-02	-1.36973e-10	
21	7.087500e-02	-1.51387e-10	
22	7.425000e-02	-1.67317e-10	
23	7.762500e-02	-1.84922e-10	
24	8.100000e-02	-2.04378e-10	
25	8.437500e-02	-2.25879e-10	
26	8.775000e-02	-2.49639e-10	
27	9.112500e-02	-2.77193e-10	
28	9.450000e-02	-3.06344e-10	
29	9.787500e-02	-3.38558e-10	
30	1.012500e-01	-3.74153e-10	
31	1.046250e-01	-4.13485e-10	
32	1.080000e-01	-4.56945e-10	
33	1.113750e-01	-5.04963e-10	
34	1.147500e-01	-5.58016e-10	
35	1.181250e-01	-6.16629e-10	
36	1.215000e-01	-6.81382e-10	
37	1.248750e-01	-7.52915e-10	
38	1.282500e-01	-8.31933e-10	
39	1.316250e-01	-9.19214e-10	
40	1.350000e-01	-1.01561e-09	
41	1.383750e-01	-1.12208e-09	
42	1.417500e-01	-1.23965e-09	
43	1.451250e-01	-1.36948e-09	
44	1.485000e-01	-1.51282e-09	
45	1.518750e-01	-1.67107e-09	
46	1.552500e-01	-1.84575e-09	
47	1.586250e-01	-2.03854e-09	
48	1.620000e-01	-2.25129e-09	
49	1.653750e-01	-2.48604e-09	
50	1.687500e-01	-2.74499e-09	
51	1.721250e-01	-3.03060e-09	
52	1.755000e-01	-3.34555e-09	
53	1.788750e-01	-3.69275e-09	
54	1.822500e-01	-4.07543e-09	

Index   v-sweep         vd#branch       
--------------------------------------------------------------------------------
55	1.856250e-01	-4.49706e-09	
56	1.890000e-01	-4.96149e-09	
57	1.923750e-01	-5.47287e-09	
58	1.957500e-01	-6.03575e-09	
59	1.991250e-01	-6.65505e-09	
60	2.025000e-01	-7.33612e-09	
61	2.058750e-01	-8.08477e-09	
62	2.092500e-01	-8.90725e-09	
63	2.126250e-01	-9.81034e-09	
64	2.160000e-01	-1.08013e-08	
65	2.193750e-01	-1.18880e-08	
66	2.227500e-01	-1.30788e-08	
67	2.261250e-01	-1.43825e-08	
68	2.295000e-01	-1.58089e-08	
69	2.328750e-01	-1.73679e-08	
70	2.362500e-01	-1.90702e-08	
71	2.396250e-01	-2.09272e-08	
72	2.430000e-01	-2.29505e-08	
73	2.463750e-01	-2.51526e-08	
74	2.497500e-01	-2.75464e-08	
75	2.531250e-01	-3.01450e-08	
76	2.565000e-01	-3.29623e-08	
77	2.598750e-01	-3.60122e-08	
78	2.632500e-01	-3.93091e-08	
79	2.666250e-01	-4.28675e-08	
80	2.700000e-01	-4.67020e-08	
81	2.733750e-01	-5.08273e-08	
82	2.767500e-01	-5.52580e-08	
83	2.801250e-01	-6.00086e-08	
84	2.835000e-01	-6.50933e-08	
85	2.868750e-01	-7.05261e-08	
86	2.902500e-01	-7.63203e-08	
87	2.936250e-01	-8.24892e-08	
88	2.970000e-01	-8.90452e-08	
89	3.003750e-01	-9.60001e-08	
90	3.037500e-01	-1.03365e-07	
91	3.071250e-01	-1.11151e-07	
92	3.105000e-01	-1.19368e-07	
93	3.138750e-01	-1.28025e-07	
94	3.172500e-01	-1.37129e-07	
95	3.206250e-01	-1.46690e-07	
96	3.240000e-01	-1.56714e-07	
97	3.273750e-01	-1.67207e-07	
98	3.307500e-01	-1.78175e-07	
99	3.341250e-01	-1.89622e-07	
100	3.375000e-01	-2.01552e-07	
101	3.408750e-01	-2.13970e-07	
102	3.442500e-01	-2.26877e-07	
103	3.476250e-01	-2.40275e-07	
104	3.510000e-01	-2.53920e-07	
105	3.543750e-01	-2.68305e-07	
106	3.577500e-01	-2.83183e-07	
107	3.611250e-01	-2.98555e-07	
108	3.645000e-01	-3.14419e-07	
109	3.678750e-01	-3.30774e-07	
110	3.712500e-01	-3.47616e-07	
111	3.746250e-01	-3.64944e-07	
112	3.780000e-01	-3.82753e-07	

Index   v-sweep         vd#branch       
--------------------------------------------------------------------------------
113	3.813750e-01	-4.01041e-07	
114	3.847500e-01	-4.19803e-07	
115	3.881250e-01	-4.39034e-07	
116	3.915000e-01	-4.58730e-07	
117	3.948750e-01	-4.78886e-07	
118	3.982500e-01	-4.99495e-07	
119	4.016250e-01	-5.20554e-07	
120	4.050000e-01	-5.42054e-07	
121	4.083750e-01	-5.63992e-07	
122	4.117500e-01	-5.86360e-07	
123	4.151250e-01	-6.09152e-07	
124	4.185000e-01	-6.32363e-07	
125	4.218750e-01	-6.55985e-07	
126	4.252500e-01	-6.80012e-07	
127	4.286250e-01	-7.04439e-07	
128	4.320000e-01	-7.29257e-07	
129	4.353750e-01	-7.54461e-07	
130	4.387500e-01	-7.80045e-07	
131	4.421250e-01	-8.06002e-07	
132	4.455000e-01	-8.32326e-07	
133	4.488750e-01	-8.59010e-07	
134	4.522500e-01	-8.86049e-07	
135	4.556250e-01	-9.13435e-07	
136	4.590000e-01	-9.41162e-07	
137	4.623750e-01	-9.69226e-07	
138	4.657500e-01	-9.97618e-07	
139	4.691250e-01	-1.02633e-06	
140	4.725000e-01	-1.05537e-06	
141	4.758750e-01	-1.08471e-06	
142	4.792500e-01	-1.11436e-06	
143	4.826250e-01	-1.14431e-06	
144	4.860000e-01	-1.17456e-06	
145	4.893750e-01	-1.20509e-06	
146	4.927500e-01	-1.23591e-06	
147	4.961250e-01	-1.26700e-06	
148	4.995000e-01	-1.29837e-06	
149	5.028750e-01	-1.33000e-06	
150	5.062500e-01	-1.36189e-06	
151	5.096250e-01	-1.39404e-06	
152	5.130000e-01	-1.42644e-06	
153	5.163750e-01	-1.45909e-06	
154	5.197500e-01	-1.49197e-06	
155	5.231250e-01	-1.52509e-06	
156	5.265000e-01	-1.55845e-06	
157	5.298750e-01	-1.59203e-06	
158	5.332500e-01	-1.62583e-06	
159	5.366250e-01	-1.65984e-06	
160	5.400000e-01	-1.69407e-06	
161	5.433750e-01	-1.72851e-06	
162	5.467500e-01	-1.76315e-06	
163	5.501250e-01	-1.79798e-06	
164	5.535000e-01	-1.83302e-06	
165	5.568750e-01	-1.86824e-06	
166	5.602500e-01	-1.90365e-06	
167	5.636250e-01	-1.93924e-06	
168	5.670000e-01	-1.97501e-06	
169	5.703750e-01	-2.01095e-06	
170	5.737500e-01	-2.04707e-06	

Index   v-sweep         vd#branch       
--------------------------------------------------------------------------------
171	5.771250e-01	-2.08335e-06	
172	5.805000e-01	-2.11979e-06	
173	5.838750e-01	-2.15640e-06	
174	5.872500e-01	-2.19316e-06	
175	5.906250e-01	-2.23007e-06	
176	5.940000e-01	-2.26714e-06	
177	5.973750e-01	-2.30435e-06	
178	6.007500e-01	-2.34170e-06	
179	6.041250e-01	-2.37919e-06	
180	6.075000e-01	-2.41682e-06	
181	6.108750e-01	-2.45458e-06	
182	6.142500e-01	-2.49247e-06	
183	6.176250e-01	-2.53050e-06	
184	6.210000e-01	-2.56864e-06	
185	6.243750e-01	-2.60691e-06	
186	6.277500e-01	-2.64530e-06	
187	6.311250e-01	-2.68380e-06	
188	6.345000e-01	-2.72242e-06	
189	6.378750e-01	-2.76115e-06	
190	6.412500e-01	-2.79999e-06	
191	6.446250e-01	-2.83894e-06	
192	6.480000e-01	-2.87799e-06	
193	6.513750e-01	-2.91715e-06	
194	6.547500e-01	-2.95640e-06	
195	6.581250e-01	-2.99575e-06	
196	6.615000e-01	-3.03520e-06	
197	6.648750e-01	-3.07474e-06	
198	6.682500e-01	-3.11438e-06	
199	6.716250e-01	-3.15410e-06	
200	6.750000e-01	-3.19391e-06	


Total analysis time (seconds) = 0.097699

Total elapsed time (seconds) = 0.103 

Total DRAM available = 386307.215 MB.
DRAM currently available = 13220.473 MB.
Maximum ngspice program size =  529.719 MB.
Current ngspice program size =   14.066 MB.

Shared ngspice pages =   12.305 MB.
Text (code) pages =    6.266 MB.
Stack = 0 bytes.
Library pages =   59.137 MB.

