
Note: No compatibility mode selected!


Circuit: * 1t1c ccell=30.0ff

Warning: Model issue on line 7 :
  .model nfet bsimcmg_va type=1 bulkmod=0 bulkmod=0 igcmod=0 igbmod=0 gidl ...
unrecognized parameter (sasatcv) - ignored

Doing analysis at TEMP = 27.000000 and TNOM = 27.000000

Using SPARSE 1.3 as Direct Linear Solver

Initial Transient Solution
--------------------------

Node                                   Voltage
----                                   -------
pre                                     0.3375
bl                                      0.3375
wl                                           0
plate                                        0
s                                            0
cell                                         0
vs#branch                                    0
vpl#branch                                   0
vwl#branch                                   0
vpre#branch                                  0


No. of Data Rows : 832

  Measurements for Transient Analysis


Error: measure  t_read  find(AT) : out of interval
 .measure tran t_read find time when v(cell)=0.337500 cross=1 from=12n to=23n failed!

t_write             =  1.90071e-09
i_hold              =  -4.14984e-10 from=  2.50000e-08 to=  3.50250e-08
q_read              =   8.08449e-20 from=  1.20000e-08 to=  2.20000e-08

                              * 1t1c ccell=30.0ff
                              Transient Analysis  Tue Jun 23 23:48:19  2026
--------------------------------------------------------------------------------
Index   time            v(cell)         v(bl)           vpre#branch     
--------------------------------------------------------------------------------
0	0.000000e+00	0.000000e+00	3.375000e-01	0.000000e+00	
1	5.000000e-13	3.096693e-10	3.374995e-01	-5.12222e-15	
2	1.000000e-12	6.192952e-10	3.374991e-01	-9.05567e-15	
3	2.000000e-12	1.238527e-09	3.374983e-01	-1.69209e-14	
4	4.000000e-12	2.476973e-09	3.374967e-01	-3.26413e-14	
5	8.000000e-12	4.953873e-09	3.374936e-01	-6.40423e-14	
6	1.600000e-11	9.907653e-09	3.374873e-01	-1.26685e-13	
7	3.200000e-11	1.981518e-08	3.374749e-01	-2.51335e-13	
8	6.400000e-11	3.963004e-08	3.374502e-01	-4.98117e-13	
9	1.140000e-10	7.059028e-08	3.374123e-01	-8.77085e-13	
10	1.640000e-10	1.015500e-07	3.373752e-01	-1.24811e-12	
11	2.140000e-10	1.325091e-07	3.373389e-01	-1.61135e-12	
12	2.640000e-10	1.634677e-07	3.373033e-01	-1.96698e-12	
13	3.140000e-10	1.944257e-07	3.372685e-01	-2.31516e-12	
14	3.640000e-10	2.253832e-07	3.372344e-01	-2.65603e-12	
15	4.140000e-10	2.563402e-07	3.372010e-01	-2.98976e-12	
16	4.640000e-10	2.872967e-07	3.371684e-01	-3.31649e-12	
17	5.140000e-10	3.182527e-07	3.371364e-01	-3.63637e-12	
18	5.640000e-10	3.492082e-07	3.371050e-01	-3.94954e-12	
19	6.140000e-10	3.801633e-07	3.370744e-01	-4.25615e-12	
20	6.640000e-10	4.111179e-07	3.370444e-01	-4.55633e-12	
21	7.140000e-10	4.420720e-07	3.370150e-01	-4.85022e-12	
22	7.640000e-10	4.730257e-07	3.369862e-01	-5.13795e-12	
23	8.140000e-10	5.039789e-07	3.369580e-01	-5.41964e-12	
24	8.640000e-10	5.349317e-07	3.369305e-01	-5.69543e-12	
25	9.140000e-10	5.658841e-07	3.369035e-01	-5.96544e-12	
26	9.570000e-10	5.925028e-07	3.368807e-01	-6.19311e-12	
27	1.000000e-09	6.191212e-07	3.368583e-01	-6.41667e-12	
28	1.005000e-09	3.373044e-03	3.368560e-01	-6.44043e-12	
29	1.015000e-09	1.011774e-02	3.368519e-01	-6.48065e-12	
30	1.035000e-09	2.360712e-02	3.368476e-01	-6.52354e-12	
31	1.075000e-09	5.058589e-02	3.368493e-01	-6.50673e-12	
32	1.125000e-09	8.430934e-02	3.368605e-01	-6.39498e-12	
33	1.175000e-09	1.180328e-01	3.368737e-01	-6.26316e-12	
34	1.225000e-09	1.517562e-01	3.368867e-01	-6.13272e-12	
35	1.275000e-09	1.854797e-01	3.368995e-01	-6.00451e-12	
36	1.325000e-09	2.192031e-01	3.369121e-01	-5.87882e-12	
37	1.375000e-09	2.529266e-01	3.369244e-01	-5.75571e-12	
38	1.425000e-09	2.866500e-01	3.369365e-01	-5.63516e-12	
39	1.475000e-09	3.203735e-01	3.369483e-01	-5.51712e-12	
40	1.525000e-09	3.540969e-01	3.369598e-01	-5.40155e-12	
41	1.575000e-09	3.878204e-01	3.369712e-01	-5.28839e-12	
42	1.625000e-09	4.215438e-01	3.369822e-01	-5.17760e-12	
43	1.675000e-09	4.552673e-01	3.369931e-01	-5.06914e-12	
44	1.725000e-09	4.889907e-01	3.370037e-01	-4.96295e-12	
45	1.775000e-09	5.227142e-01	3.370141e-01	-4.85898e-12	
46	1.825000e-09	5.564376e-01	3.370243e-01	-4.75718e-12	
47	1.875000e-09	5.901611e-01	3.370342e-01	-4.65752e-12	
48	1.925000e-09	6.238845e-01	3.370440e-01	-4.55995e-12	
49	1.962500e-09	6.491771e-01	3.370512e-01	-4.48811e-12	
50	2.000000e-09	6.744697e-01	3.370583e-01	-4.41741e-12	
51	2.005000e-09	6.744696e-01	3.370592e-01	-4.40808e-12	
52	2.015000e-09	6.744696e-01	3.370611e-01	-4.38945e-12	
53	2.035000e-09	6.744696e-01	3.370648e-01	-4.35244e-12	
54	2.075000e-09	6.744696e-01	3.370721e-01	-4.27934e-12	

Index   time            v(cell)         v(bl)           vpre#branch     
--------------------------------------------------------------------------------
55	2.125000e-09	6.744696e-01	3.370810e-01	-4.18968e-12	
56	2.175000e-09	6.744696e-01	3.370898e-01	-4.10191e-12	
57	2.225000e-09	6.744696e-01	3.370984e-01	-4.01597e-12	
58	2.275000e-09	6.744696e-01	3.371068e-01	-3.93184e-12	
59	2.325000e-09	6.744696e-01	3.371151e-01	-3.84946e-12	
60	2.375000e-09	6.744696e-01	3.371231e-01	-3.76881e-12	
61	2.425000e-09	6.744696e-01	3.371310e-01	-3.68986e-12	
62	2.475000e-09	6.744696e-01	3.371387e-01	-3.61255e-12	
63	2.525000e-09	6.744696e-01	3.371463e-01	-3.53686e-12	
64	2.575000e-09	6.744696e-01	3.371537e-01	-3.46276e-12	
65	2.625000e-09	6.744696e-01	3.371610e-01	-3.39022e-12	
66	2.675000e-09	6.744696e-01	3.371681e-01	-3.31919e-12	
67	2.725000e-09	6.744696e-01	3.371750e-01	-3.24965e-12	
68	2.775000e-09	6.744696e-01	3.371818e-01	-3.18156e-12	
69	2.825000e-09	6.744696e-01	3.371885e-01	-3.11490e-12	
70	2.875000e-09	6.744696e-01	3.371950e-01	-3.04964e-12	
71	2.925000e-09	6.744696e-01	3.372014e-01	-2.98574e-12	
72	2.975000e-09	6.744696e-01	3.372077e-01	-2.92319e-12	
73	3.025000e-09	6.744696e-01	3.372138e-01	-2.86194e-12	
74	3.075000e-09	6.744696e-01	3.372198e-01	-2.80198e-12	
75	3.125000e-09	6.744696e-01	3.372257e-01	-2.74327e-12	
76	3.175000e-09	6.744696e-01	3.372314e-01	-2.68579e-12	
77	3.225000e-09	6.744696e-01	3.372370e-01	-2.62952e-12	
78	3.275000e-09	6.744696e-01	3.372426e-01	-2.57442e-12	
79	3.325000e-09	6.744696e-01	3.372480e-01	-2.52048e-12	
80	3.375000e-09	6.744696e-01	3.372532e-01	-2.46767e-12	
81	3.425000e-09	6.744696e-01	3.372584e-01	-2.41596e-12	
82	3.475000e-09	6.744696e-01	3.372635e-01	-2.36534e-12	
83	3.525000e-09	6.744696e-01	3.372684e-01	-2.31578e-12	
84	3.575000e-09	6.744696e-01	3.372733e-01	-2.26726e-12	
85	3.625000e-09	6.744696e-01	3.372780e-01	-2.21975e-12	
86	3.675000e-09	6.744696e-01	3.372827e-01	-2.17324e-12	
87	3.725000e-09	6.744696e-01	3.372872e-01	-2.12770e-12	
88	3.775000e-09	6.744696e-01	3.372917e-01	-2.08311e-12	
89	3.825000e-09	6.744696e-01	3.372961e-01	-2.03946e-12	
90	3.875000e-09	6.744696e-01	3.373003e-01	-1.99673e-12	
91	3.925000e-09	6.744696e-01	3.373045e-01	-1.95489e-12	
92	3.975000e-09	6.744696e-01	3.373086e-01	-1.91392e-12	
93	4.025000e-09	6.744696e-01	3.373126e-01	-1.87382e-12	
94	4.075000e-09	6.744696e-01	3.373165e-01	-1.83455e-12	
95	4.125000e-09	6.744696e-01	3.373204e-01	-1.79611e-12	
96	4.175000e-09	6.744696e-01	3.373242e-01	-1.75847e-12	
97	4.225000e-09	6.744696e-01	3.373278e-01	-1.72162e-12	
98	4.275000e-09	6.744696e-01	3.373314e-01	-1.68554e-12	
99	4.325000e-09	6.744696e-01	3.373350e-01	-1.65022e-12	
100	4.375000e-09	6.744696e-01	3.373384e-01	-1.61563e-12	
101	4.425000e-09	6.744696e-01	3.373418e-01	-1.58177e-12	
102	4.475000e-09	6.744696e-01	3.373451e-01	-1.54862e-12	
103	4.525000e-09	6.744696e-01	3.373484e-01	-1.51617e-12	
104	4.575000e-09	6.744696e-01	3.373516e-01	-1.48439e-12	
105	4.625000e-09	6.744696e-01	3.373547e-01	-1.45328e-12	
106	4.675000e-09	6.744696e-01	3.373577e-01	-1.42283e-12	
107	4.725000e-09	6.744696e-01	3.373607e-01	-1.39301e-12	
108	4.775000e-09	6.744696e-01	3.373636e-01	-1.36381e-12	
109	4.825000e-09	6.744696e-01	3.373665e-01	-1.33523e-12	
110	4.875000e-09	6.744696e-01	3.373693e-01	-1.30724e-12	
111	4.925000e-09	6.744696e-01	3.373720e-01	-1.27984e-12	
112	4.975000e-09	6.744696e-01	3.373747e-01	-1.25302e-12	

Index   time            v(cell)         v(bl)           vpre#branch     
--------------------------------------------------------------------------------
113	5.025000e-09	6.744696e-01	3.373773e-01	-1.22676e-12	
114	5.075000e-09	6.744696e-01	3.373799e-01	-1.20104e-12	
115	5.125000e-09	6.744696e-01	3.373824e-01	-1.17587e-12	
116	5.175000e-09	6.744696e-01	3.373849e-01	-1.15122e-12	
117	5.225000e-09	6.744696e-01	3.373873e-01	-1.12709e-12	
118	5.275000e-09	6.744696e-01	3.373897e-01	-1.10346e-12	
119	5.325000e-09	6.744696e-01	3.373920e-01	-1.08033e-12	
120	5.375000e-09	6.744696e-01	3.373942e-01	-1.05769e-12	
121	5.425000e-09	6.744696e-01	3.373964e-01	-1.03552e-12	
122	5.475000e-09	6.744696e-01	3.373986e-01	-1.01381e-12	
123	5.525000e-09	6.744696e-01	3.374007e-01	-9.92555e-13	
124	5.575000e-09	6.744696e-01	3.374028e-01	-9.71748e-13	
125	5.625000e-09	6.744696e-01	3.374049e-01	-9.51376e-13	
126	5.675000e-09	6.744696e-01	3.374069e-01	-9.31431e-13	
127	5.725000e-09	6.744696e-01	3.374088e-01	-9.11904e-13	
128	5.775000e-09	6.744696e-01	3.374107e-01	-8.92785e-13	
129	5.825000e-09	6.744696e-01	3.374126e-01	-8.74068e-13	
130	5.875000e-09	6.744696e-01	3.374144e-01	-8.55742e-13	
131	5.925000e-09	6.744696e-01	3.374162e-01	-8.37800e-13	
132	5.975000e-09	6.744696e-01	3.374180e-01	-8.20234e-13	
133	6.025000e-09	6.744696e-01	3.374197e-01	-8.03036e-13	
134	6.075000e-09	6.744696e-01	3.374214e-01	-7.86198e-13	
135	6.125000e-09	6.744696e-01	3.374230e-01	-7.69713e-13	
136	6.175000e-09	6.744696e-01	3.374246e-01	-7.53573e-13	
137	6.225000e-09	6.744696e-01	3.374262e-01	-7.37771e-13	
138	6.275000e-09	6.744696e-01	3.374278e-01	-7.22300e-13	
139	6.325000e-09	6.744696e-01	3.374293e-01	-7.07154e-13	
140	6.375000e-09	6.744696e-01	3.374308e-01	-6.92324e-13	
141	6.425000e-09	6.744696e-01	3.374322e-01	-6.77805e-13	
142	6.475000e-09	6.744696e-01	3.374336e-01	-6.63590e-13	
143	6.525000e-09	6.744696e-01	3.374350e-01	-6.49673e-13	
144	6.575000e-09	6.744696e-01	3.374364e-01	-6.36048e-13	
145	6.625000e-09	6.744696e-01	3.374377e-01	-6.22708e-13	
146	6.675000e-09	6.744696e-01	3.374390e-01	-6.09647e-13	
147	6.725000e-09	6.744696e-01	3.374403e-01	-5.96860e-13	
148	6.775000e-09	6.744696e-01	3.374416e-01	-5.84341e-13	
149	6.825000e-09	6.744696e-01	3.374428e-01	-5.72083e-13	
150	6.875000e-09	6.744696e-01	3.374440e-01	-5.60083e-13	
151	6.925000e-09	6.744696e-01	3.374452e-01	-5.48334e-13	
152	6.962500e-09	6.744696e-01	3.374460e-01	-5.39684e-13	
153	7.000000e-09	6.744696e-01	3.374469e-01	-5.31171e-13	
154	7.005000e-09	6.576075e-01	3.374470e-01	-5.30047e-13	
155	7.015000e-09	6.238840e-01	3.374472e-01	-5.27804e-13	
156	7.035000e-09	5.564372e-01	3.374477e-01	-5.23348e-13	
157	7.067500e-09	4.468359e-01	3.374484e-01	-5.16186e-13	
158	7.100000e-09	3.372347e-01	3.374491e-01	-5.09123e-13	
159	7.105000e-09	3.372351e-01	3.374492e-01	-5.08048e-13	
160	7.115000e-09	3.372351e-01	3.374494e-01	-5.05902e-13	
161	7.135000e-09	3.372351e-01	3.374498e-01	-5.01636e-13	
162	7.175000e-09	3.372351e-01	3.374507e-01	-4.93213e-13	
163	7.225000e-09	3.372351e-01	3.374517e-01	-4.82882e-13	
164	7.275000e-09	3.372351e-01	3.374527e-01	-4.72768e-13	
165	7.325000e-09	3.372351e-01	3.374537e-01	-4.62866e-13	
166	7.375000e-09	3.372351e-01	3.374547e-01	-4.53171e-13	
167	7.425000e-09	3.372351e-01	3.374556e-01	-4.43679e-13	
168	7.475000e-09	3.372351e-01	3.374566e-01	-4.34386e-13	
169	7.525000e-09	3.372351e-01	3.374575e-01	-4.25287e-13	
170	7.575000e-09	3.372351e-01	3.374584e-01	-4.16379e-13	

Index   time            v(cell)         v(bl)           vpre#branch     
--------------------------------------------------------------------------------
171	7.625000e-09	3.372351e-01	3.374592e-01	-4.07658e-13	
172	7.675000e-09	3.372351e-01	3.374601e-01	-3.99119e-13	
173	7.725000e-09	3.372351e-01	3.374609e-01	-3.90759e-13	
174	7.775000e-09	3.372351e-01	3.374617e-01	-3.82575e-13	
175	7.825000e-09	3.372351e-01	3.374625e-01	-3.74562e-13	
176	7.875000e-09	3.372351e-01	3.374633e-01	-3.66716e-13	
177	7.925000e-09	3.372351e-01	3.374641e-01	-3.59035e-13	
178	7.975000e-09	3.372351e-01	3.374648e-01	-3.51515e-13	
179	8.025000e-09	3.372351e-01	3.374656e-01	-3.44152e-13	
180	8.075000e-09	3.372351e-01	3.374663e-01	-3.36944e-13	
181	8.125000e-09	3.372351e-01	3.374670e-01	-3.29886e-13	
182	8.175000e-09	3.372351e-01	3.374677e-01	-3.22977e-13	
183	8.225000e-09	3.372351e-01	3.374684e-01	-3.16212e-13	
184	8.275000e-09	3.372351e-01	3.374690e-01	-3.09589e-13	
185	8.325000e-09	3.372351e-01	3.374697e-01	-3.03104e-13	
186	8.375000e-09	3.372351e-01	3.374703e-01	-2.96756e-13	
187	8.425000e-09	3.372351e-01	3.374709e-01	-2.90540e-13	
188	8.475000e-09	3.372351e-01	3.374716e-01	-2.84454e-13	
189	8.525000e-09	3.372351e-01	3.374722e-01	-2.78496e-13	
190	8.575000e-09	3.372351e-01	3.374727e-01	-2.72663e-13	
191	8.625000e-09	3.372351e-01	3.374733e-01	-2.66952e-13	
192	8.675000e-09	3.372351e-01	3.374739e-01	-2.61361e-13	
193	8.725000e-09	3.372351e-01	3.374744e-01	-2.55887e-13	
194	8.775000e-09	3.372351e-01	3.374749e-01	-2.50527e-13	
195	8.825000e-09	3.372351e-01	3.374755e-01	-2.45280e-13	
196	8.875000e-09	3.372351e-01	3.374760e-01	-2.40142e-13	
197	8.925000e-09	3.372351e-01	3.374765e-01	-2.35112e-13	
198	8.975000e-09	3.372351e-01	3.374770e-01	-2.30188e-13	
199	9.025000e-09	3.372351e-01	3.374775e-01	-2.25367e-13	
200	9.075000e-09	3.372351e-01	3.374779e-01	-2.20646e-13	
201	9.125000e-09	3.372351e-01	3.374784e-01	-2.16025e-13	
202	9.175000e-09	3.372351e-01	3.374788e-01	-2.11500e-13	
203	9.225000e-09	3.372351e-01	3.374793e-01	-2.07070e-13	
204	9.275000e-09	3.372351e-01	3.374797e-01	-2.02733e-13	
205	9.325000e-09	3.372351e-01	3.374802e-01	-1.98487e-13	
206	9.375000e-09	3.372351e-01	3.374806e-01	-1.94329e-13	
207	9.425000e-09	3.372351e-01	3.374810e-01	-1.90259e-13	
208	9.475000e-09	3.372351e-01	3.374814e-01	-1.86274e-13	
209	9.525000e-09	3.372351e-01	3.374818e-01	-1.82373e-13	
210	9.575000e-09	3.372351e-01	3.374821e-01	-1.78553e-13	
211	9.625000e-09	3.372351e-01	3.374825e-01	-1.74813e-13	
212	9.675000e-09	3.372351e-01	3.374829e-01	-1.71152e-13	
213	9.725000e-09	3.372351e-01	3.374832e-01	-1.67567e-13	
214	9.775000e-09	3.372351e-01	3.374836e-01	-1.64057e-13	
215	9.825000e-09	3.372351e-01	3.374839e-01	-1.60621e-13	
216	9.875000e-09	3.372351e-01	3.374843e-01	-1.57257e-13	
217	9.925000e-09	3.372351e-01	3.374846e-01	-1.53963e-13	
218	9.975000e-09	3.372351e-01	3.374849e-01	-1.50738e-13	
219	1.002500e-08	3.372351e-01	3.374852e-01	-1.47581e-13	
220	1.007500e-08	3.372351e-01	3.374856e-01	-1.44490e-13	
221	1.012500e-08	3.372351e-01	3.374859e-01	-1.41464e-13	
222	1.017500e-08	3.372351e-01	3.374861e-01	-1.38501e-13	
223	1.022500e-08	3.372351e-01	3.374864e-01	-1.35600e-13	
224	1.027500e-08	3.372351e-01	3.374867e-01	-1.32760e-13	
225	1.032500e-08	3.372351e-01	3.374870e-01	-1.29979e-13	
226	1.037500e-08	3.372351e-01	3.374873e-01	-1.27257e-13	
227	1.042500e-08	3.372351e-01	3.374875e-01	-1.24592e-13	
228	1.047500e-08	3.372351e-01	3.374878e-01	-1.21982e-13	

Index   time            v(cell)         v(bl)           vpre#branch     
--------------------------------------------------------------------------------
229	1.052500e-08	3.372351e-01	3.374881e-01	-1.19427e-13	
230	1.057500e-08	3.372351e-01	3.374883e-01	-1.16926e-13	
231	1.062500e-08	3.372351e-01	3.374886e-01	-1.14477e-13	
232	1.067500e-08	3.372351e-01	3.374888e-01	-1.12079e-13	
233	1.072500e-08	3.372351e-01	3.374890e-01	-1.09732e-13	
234	1.077500e-08	3.372351e-01	3.374893e-01	-1.07434e-13	
235	1.082500e-08	3.372351e-01	3.374895e-01	-1.05184e-13	
236	1.087500e-08	3.372351e-01	3.374897e-01	-1.02981e-13	
237	1.092500e-08	3.372351e-01	3.374899e-01	-1.00824e-13	
238	1.096250e-08	3.372351e-01	3.374901e-01	-9.92358e-14	
239	1.100000e-08	3.372351e-01	3.374902e-01	-9.76729e-14	
240	1.100500e-08	3.372377e-01	3.408579e-01	3.357909e-11	
241	1.101500e-08	3.372430e-01	3.475790e-01	1.007903e-10	
242	1.103500e-08	3.372536e-01	3.609363e-01	2.343628e-10	
243	1.107500e-08	3.372749e-01	3.873143e-01	4.981434e-10	
244	1.112500e-08	3.373014e-01	4.196653e-01	8.216533e-10	
245	1.117500e-08	3.373280e-01	4.513387e-01	1.138387e-09	
246	1.122500e-08	3.373545e-01	4.823486e-01	1.448486e-09	
247	1.127500e-08	3.373811e-01	5.127088e-01	1.752088e-09	
248	1.132500e-08	3.374076e-01	5.424328e-01	2.049328e-09	
249	1.137500e-08	3.374342e-01	5.715332e-01	2.340332e-09	
250	1.142500e-08	3.374607e-01	6.000215e-01	2.625215e-09	
251	1.147500e-08	3.374873e-01	6.279061e-01	2.904061e-09	
252	1.152500e-08	3.375139e-01	6.551870e-01	3.176870e-09	
253	1.157500e-08	3.375405e-01	6.818214e-01	3.443214e-09	
254	1.162500e-08	3.375674e-01	7.076916e-01	3.701916e-09	
255	1.167500e-08	3.375947e-01	7.324753e-01	3.949753e-09	
256	1.172500e-08	3.376234e-01	7.552531e-01	4.177531e-09	
257	1.177500e-08	3.376556e-01	7.735373e-01	4.360373e-09	
258	1.182500e-08	3.376975e-01	7.808515e-01	4.433515e-09	
259	1.187500e-08	3.377628e-01	7.616807e-01	4.241807e-09	
260	1.192500e-08	3.378794e-01	6.847727e-01	3.472727e-09	
261	1.196250e-08	3.380226e-01	5.640747e-01	2.265747e-09	
262	1.200000e-08	3.382152e-01	3.898842e-01	5.238420e-10	
263	1.200500e-08	3.382348e-01	3.665625e-01	2.906247e-10	
264	1.201500e-08	3.382598e-01	3.432043e-01	5.704343e-11	
265	1.203500e-08	3.382680e-01	3.368099e-01	-6.90130e-12	
266	1.207500e-08	3.382650e-01	3.391465e-01	1.646518e-11	
267	1.212500e-08	3.382668e-01	3.376885e-01	1.885156e-12	
268	1.217500e-08	3.382656e-01	3.386500e-01	1.150030e-11	
269	1.222500e-08	3.382664e-01	3.380104e-01	5.104344e-12	
270	1.227500e-08	3.382658e-01	3.384336e-01	9.335876e-12	
271	1.232500e-08	3.382661e-01	3.381504e-01	6.504142e-12	
272	1.237500e-08	3.382659e-01	3.383410e-01	8.410334e-12	
273	1.242500e-08	3.382660e-01	3.382128e-01	7.127552e-12	
274	1.247500e-08	3.382660e-01	3.383003e-01	8.003370e-12	
275	1.252500e-08	3.382660e-01	3.382399e-01	7.398743e-12	
276	1.257500e-08	3.382660e-01	3.382825e-01	7.824589e-12	
277	1.262500e-08	3.382659e-01	3.382517e-01	7.517287e-12	
278	1.267500e-08	3.382659e-01	3.382746e-01	7.745730e-12	
279	1.272500e-08	3.382659e-01	3.382569e-01	7.569441e-12	
280	1.277500e-08	3.382659e-01	3.382711e-01	7.710533e-12	
281	1.282500e-08	3.382659e-01	3.382593e-01	7.592666e-12	
282	1.287500e-08	3.382659e-01	3.382694e-01	7.694406e-12	
283	1.292500e-08	3.382659e-01	3.382603e-01	7.603266e-12	
284	1.297500e-08	3.382659e-01	3.382687e-01	7.686616e-12	
285	1.302500e-08	3.382658e-01	3.382608e-01	7.608344e-12	
286	1.307500e-08	3.382658e-01	3.382682e-01	7.682480e-12	

Index   time            v(cell)         v(bl)           vpre#branch     
--------------------------------------------------------------------------------
287	1.312500e-08	3.382658e-01	3.382611e-01	7.610997e-12	
288	1.317500e-08	3.382658e-01	3.382680e-01	7.679955e-12	
289	1.322500e-08	3.382658e-01	3.382613e-01	7.612576e-12	
290	1.327500e-08	3.382658e-01	3.382678e-01	7.678150e-12	
291	1.332500e-08	3.382658e-01	3.382614e-01	7.613668e-12	
292	1.337500e-08	3.382658e-01	3.382677e-01	7.676677e-12	
293	1.342500e-08	3.382657e-01	3.382615e-01	7.614532e-12	
294	1.347500e-08	3.382657e-01	3.382675e-01	7.675364e-12	
295	1.352500e-08	3.382657e-01	3.382615e-01	7.615280e-12	
296	1.357500e-08	3.382657e-01	3.382674e-01	7.674139e-12	
297	1.362500e-08	3.382657e-01	3.382616e-01	7.615961e-12	
298	1.367500e-08	3.382657e-01	3.382673e-01	7.672966e-12	
299	1.372500e-08	3.382657e-01	3.382617e-01	7.616599e-12	
300	1.377500e-08	3.382657e-01	3.382672e-01	7.671833e-12	
301	1.382500e-08	3.382656e-01	3.382617e-01	7.617203e-12	
302	1.387500e-08	3.382656e-01	3.382671e-01	7.670730e-12	
303	1.392500e-08	3.382656e-01	3.382618e-01	7.617777e-12	
304	1.397500e-08	3.382656e-01	3.382670e-01	7.669656e-12	
305	1.402500e-08	3.382656e-01	3.382618e-01	7.618325e-12	
306	1.407500e-08	3.382656e-01	3.382669e-01	7.668608e-12	
307	1.412500e-08	3.382656e-01	3.382619e-01	7.618848e-12	
308	1.417500e-08	3.382656e-01	3.382668e-01	7.667585e-12	
309	1.422500e-08	3.382655e-01	3.382619e-01	7.619347e-12	
310	1.427500e-08	3.382655e-01	3.382667e-01	7.666586e-12	
311	1.432500e-08	3.382655e-01	3.382620e-01	7.619823e-12	
312	1.437500e-08	3.382655e-01	3.382666e-01	7.665609e-12	
313	1.442500e-08	3.382655e-01	3.382620e-01	7.620276e-12	
314	1.447500e-08	3.382655e-01	3.382665e-01	7.664655e-12	
315	1.452500e-08	3.382655e-01	3.382621e-01	7.620708e-12	
316	1.457500e-08	3.382655e-01	3.382664e-01	7.663722e-12	
317	1.462500e-08	3.382654e-01	3.382621e-01	7.621119e-12	
318	1.467500e-08	3.382654e-01	3.382663e-01	7.662811e-12	
319	1.472500e-08	3.382654e-01	3.382622e-01	7.621509e-12	
320	1.477500e-08	3.382654e-01	3.382662e-01	7.661919e-12	
321	1.482500e-08	3.382654e-01	3.382622e-01	7.621880e-12	
322	1.487500e-08	3.382654e-01	3.382661e-01	7.661047e-12	
323	1.492500e-08	3.382654e-01	3.382622e-01	7.622232e-12	
324	1.497500e-08	3.382654e-01	3.382660e-01	7.660195e-12	
325	1.502500e-08	3.382653e-01	3.382623e-01	7.622565e-12	
326	1.507500e-08	3.382653e-01	3.382659e-01	7.659360e-12	
327	1.512500e-08	3.382653e-01	3.382623e-01	7.622881e-12	
328	1.517500e-08	3.382653e-01	3.382659e-01	7.658544e-12	
329	1.522500e-08	3.382653e-01	3.382623e-01	7.623179e-12	
330	1.527500e-08	3.382653e-01	3.382658e-01	7.657744e-12	
331	1.532500e-08	3.382652e-01	3.382623e-01	7.623460e-12	
332	1.537500e-08	3.382653e-01	3.382657e-01	7.656962e-12	
333	1.542500e-08	3.382652e-01	3.382624e-01	7.623724e-12	
334	1.547500e-08	3.382652e-01	3.382656e-01	7.656196e-12	
335	1.552500e-08	3.382652e-01	3.382624e-01	7.623973e-12	
336	1.557500e-08	3.382652e-01	3.382655e-01	7.655445e-12	
337	1.562500e-08	3.382652e-01	3.382624e-01	7.624207e-12	
338	1.567500e-08	3.382652e-01	3.382655e-01	7.654710e-12	
339	1.572500e-08	3.382651e-01	3.382624e-01	7.624425e-12	
340	1.577500e-08	3.382652e-01	3.382654e-01	7.653990e-12	
341	1.582500e-08	3.382651e-01	3.382625e-01	7.624630e-12	
342	1.587500e-08	3.382651e-01	3.382653e-01	7.653283e-12	
343	1.592500e-08	3.382651e-01	3.382625e-01	7.624820e-12	
344	1.597500e-08	3.382651e-01	3.382653e-01	7.652591e-12	

Index   time            v(cell)         v(bl)           vpre#branch     
--------------------------------------------------------------------------------
345	1.602500e-08	3.382651e-01	3.382625e-01	7.624996e-12	
346	1.607500e-08	3.382651e-01	3.382652e-01	7.651913e-12	
347	1.612500e-08	3.382650e-01	3.382625e-01	7.625160e-12	
348	1.617500e-08	3.382650e-01	3.382651e-01	7.651247e-12	
349	1.622500e-08	3.382650e-01	3.382625e-01	7.625311e-12	
350	1.627500e-08	3.382650e-01	3.382651e-01	7.650594e-12	
351	1.632500e-08	3.382650e-01	3.382625e-01	7.625449e-12	
352	1.637500e-08	3.382650e-01	3.382650e-01	7.649953e-12	
353	1.642500e-08	3.382650e-01	3.382626e-01	7.625575e-12	
354	1.647500e-08	3.382650e-01	3.382649e-01	7.649325e-12	
355	1.652500e-08	3.382649e-01	3.382626e-01	7.625690e-12	
356	1.657500e-08	3.382649e-01	3.382649e-01	7.648707e-12	
357	1.662500e-08	3.382649e-01	3.382626e-01	7.625793e-12	
358	1.667500e-08	3.382649e-01	3.382648e-01	7.648101e-12	
359	1.672500e-08	3.382649e-01	3.382626e-01	7.625886e-12	
360	1.677500e-08	3.382649e-01	3.382648e-01	7.647506e-12	
361	1.682500e-08	3.382649e-01	3.382626e-01	7.625968e-12	
362	1.687500e-08	3.382649e-01	3.382647e-01	7.646921e-12	
363	1.692500e-08	3.382648e-01	3.382626e-01	7.626040e-12	
364	1.697500e-08	3.382648e-01	3.382646e-01	7.646347e-12	
365	1.702500e-08	3.382648e-01	3.382626e-01	7.626101e-12	
366	1.707500e-08	3.382648e-01	3.382646e-01	7.645782e-12	
367	1.712500e-08	3.382648e-01	3.382626e-01	7.626154e-12	
368	1.717500e-08	3.382648e-01	3.382645e-01	7.645227e-12	
369	1.722500e-08	3.382648e-01	3.382626e-01	7.626196e-12	
370	1.727500e-08	3.382648e-01	3.382645e-01	7.644681e-12	
371	1.732500e-08	3.382647e-01	3.382626e-01	7.626230e-12	
372	1.737500e-08	3.382647e-01	3.382644e-01	7.644144e-12	
373	1.742500e-08	3.382647e-01	3.382626e-01	7.626255e-12	
374	1.747500e-08	3.382647e-01	3.382644e-01	7.643616e-12	
375	1.752500e-08	3.382647e-01	3.382626e-01	7.626271e-12	
376	1.757500e-08	3.382647e-01	3.382643e-01	7.643096e-12	
377	1.762500e-08	3.382647e-01	3.382626e-01	7.626279e-12	
378	1.767500e-08	3.382647e-01	3.382643e-01	7.642585e-12	
379	1.772500e-08	3.382646e-01	3.382626e-01	7.626280e-12	
380	1.777500e-08	3.382646e-01	3.382642e-01	7.642081e-12	
381	1.782500e-08	3.382646e-01	3.382626e-01	7.626272e-12	
382	1.787500e-08	3.382646e-01	3.382642e-01	7.641585e-12	
383	1.792500e-08	3.382646e-01	3.382626e-01	7.626257e-12	
384	1.797500e-08	3.382646e-01	3.382641e-01	7.641097e-12	
385	1.802500e-08	3.382646e-01	3.382626e-01	7.626234e-12	
386	1.807500e-08	3.382646e-01	3.382641e-01	7.640615e-12	
387	1.812500e-08	3.382645e-01	3.382626e-01	7.626205e-12	
388	1.817500e-08	3.382645e-01	3.382640e-01	7.640141e-12	
389	1.822500e-08	3.382645e-01	3.382626e-01	7.626169e-12	
390	1.827500e-08	3.382645e-01	3.382640e-01	7.639674e-12	
391	1.832500e-08	3.382645e-01	3.382626e-01	7.626126e-12	
392	1.837500e-08	3.382645e-01	3.382639e-01	7.639213e-12	
393	1.842500e-08	3.382645e-01	3.382626e-01	7.626076e-12	
394	1.847500e-08	3.382645e-01	3.382639e-01	7.638758e-12	
395	1.852500e-08	3.382644e-01	3.382626e-01	7.626020e-12	
396	1.857500e-08	3.382644e-01	3.382638e-01	7.638310e-12	
397	1.862500e-08	3.382644e-01	3.382626e-01	7.625959e-12	
398	1.867500e-08	3.382644e-01	3.382638e-01	7.637868e-12	
399	1.872500e-08	3.382644e-01	3.382626e-01	7.625891e-12	
400	1.877500e-08	3.382644e-01	3.382637e-01	7.637431e-12	
401	1.882500e-08	3.382644e-01	3.382626e-01	7.625818e-12	
402	1.887500e-08	3.382644e-01	3.382637e-01	7.637000e-12	

Index   time            v(cell)         v(bl)           vpre#branch     
--------------------------------------------------------------------------------
403	1.892500e-08	3.382643e-01	3.382626e-01	7.625739e-12	
404	1.897500e-08	3.382643e-01	3.382637e-01	7.636575e-12	
405	1.902500e-08	3.382643e-01	3.382626e-01	7.625655e-12	
406	1.907500e-08	3.382643e-01	3.382636e-01	7.636155e-12	
407	1.912500e-08	3.382643e-01	3.382626e-01	7.625566e-12	
408	1.917500e-08	3.382643e-01	3.382636e-01	7.635739e-12	
409	1.922500e-08	3.382643e-01	3.382625e-01	7.625472e-12	
410	1.927500e-08	3.382643e-01	3.382635e-01	7.635329e-12	
411	1.932500e-08	3.382642e-01	3.382625e-01	7.625372e-12	
412	1.937500e-08	3.382642e-01	3.382635e-01	7.634924e-12	
413	1.942500e-08	3.382642e-01	3.382625e-01	7.625268e-12	
414	1.947500e-08	3.382642e-01	3.382635e-01	7.634524e-12	
415	1.952500e-08	3.382642e-01	3.382625e-01	7.625160e-12	
416	1.957500e-08	3.382642e-01	3.382634e-01	7.634128e-12	
417	1.962500e-08	3.382642e-01	3.382625e-01	7.625047e-12	
418	1.967500e-08	3.382642e-01	3.382634e-01	7.633736e-12	
419	1.972500e-08	3.382641e-01	3.382625e-01	7.624930e-12	
420	1.977500e-08	3.382641e-01	3.382633e-01	7.633348e-12	
421	1.982500e-08	3.382641e-01	3.382625e-01	7.624809e-12	
422	1.987500e-08	3.382641e-01	3.382633e-01	7.632965e-12	
423	1.992500e-08	3.382641e-01	3.382625e-01	7.624683e-12	
424	1.997500e-08	3.382641e-01	3.382633e-01	7.632586e-12	
425	2.002500e-08	3.382641e-01	3.382625e-01	7.624554e-12	
426	2.007500e-08	3.382641e-01	3.382632e-01	7.632210e-12	
427	2.012500e-08	3.382640e-01	3.382624e-01	7.624421e-12	
428	2.017500e-08	3.382640e-01	3.382632e-01	7.631839e-12	
429	2.022500e-08	3.382640e-01	3.382624e-01	7.624284e-12	
430	2.027500e-08	3.382640e-01	3.382631e-01	7.631471e-12	
431	2.032500e-08	3.382640e-01	3.382624e-01	7.624144e-12	
432	2.037500e-08	3.382640e-01	3.382631e-01	7.631106e-12	
433	2.042500e-08	3.382640e-01	3.382624e-01	7.624000e-12	
434	2.047500e-08	3.382640e-01	3.382631e-01	7.630745e-12	
435	2.052500e-08	3.382639e-01	3.382624e-01	7.623853e-12	
436	2.057500e-08	3.382639e-01	3.382630e-01	7.630387e-12	
437	2.062500e-08	3.382639e-01	3.382624e-01	7.623703e-12	
438	2.067500e-08	3.382639e-01	3.382630e-01	7.630033e-12	
439	2.072500e-08	3.382639e-01	3.382624e-01	7.623549e-12	
440	2.077500e-08	3.382639e-01	3.382630e-01	7.629681e-12	
441	2.082500e-08	3.382639e-01	3.382623e-01	7.623393e-12	
442	2.087500e-08	3.382639e-01	3.382629e-01	7.629333e-12	
443	2.092500e-08	3.382638e-01	3.382623e-01	7.623233e-12	
444	2.097500e-08	3.382638e-01	3.382629e-01	7.628988e-12	
445	2.102500e-08	3.382638e-01	3.382623e-01	7.623071e-12	
446	2.107500e-08	3.382638e-01	3.382629e-01	7.628645e-12	
447	2.112500e-08	3.382638e-01	3.382623e-01	7.622906e-12	
448	2.117500e-08	3.382638e-01	3.382628e-01	7.628305e-12	
449	2.122500e-08	3.382638e-01	3.382623e-01	7.622738e-12	
450	2.127500e-08	3.382638e-01	3.382628e-01	7.627968e-12	
451	2.132500e-08	3.382637e-01	3.382623e-01	7.622568e-12	
452	2.137500e-08	3.382637e-01	3.382628e-01	7.627633e-12	
453	2.142500e-08	3.382637e-01	3.382622e-01	7.622395e-12	
454	2.147500e-08	3.382637e-01	3.382627e-01	7.627301e-12	
455	2.152500e-08	3.382637e-01	3.382622e-01	7.622219e-12	
456	2.157500e-08	3.382637e-01	3.382627e-01	7.626971e-12	
457	2.162500e-08	3.382637e-01	3.382622e-01	7.622041e-12	
458	2.167500e-08	3.382636e-01	3.382627e-01	7.626644e-12	
459	2.172500e-08	3.382636e-01	3.382622e-01	7.621861e-12	
460	2.177500e-08	3.382636e-01	3.382626e-01	7.626319e-12	

Index   time            v(cell)         v(bl)           vpre#branch     
--------------------------------------------------------------------------------
461	2.182500e-08	3.382636e-01	3.382622e-01	7.621679e-12	
462	2.187500e-08	3.382636e-01	3.382626e-01	7.625996e-12	
463	2.192500e-08	3.382636e-01	3.382621e-01	7.621495e-12	
464	2.196250e-08	3.382636e-01	3.382626e-01	7.625696e-12	
465	2.200000e-08	3.382636e-01	3.382621e-01	7.621393e-12	
466	2.200500e-08	3.382579e-01	3.362433e-01	-1.25668e-11	
467	2.201500e-08	3.382442e-01	3.340152e-01	-3.48476e-11	
468	2.203500e-08	3.382132e-01	3.332123e-01	-4.28767e-11	
469	2.207500e-08	3.381563e-01	3.310577e-01	-6.44234e-11	
470	2.212500e-08	3.380952e-01	3.261768e-01	-1.13232e-10	
471	2.217500e-08	3.380438e-01	3.172094e-01	-2.02906e-10	
472	2.222500e-08	3.380000e-01	3.029942e-01	-3.45058e-10	
473	2.227500e-08	3.379613e-01	2.842044e-01	-5.32956e-10	
474	2.232500e-08	3.379259e-01	2.622157e-01	-7.52843e-10	
475	2.237500e-08	3.378926e-01	2.383604e-01	-9.91396e-10	
476	2.242500e-08	3.378607e-01	2.134833e-01	-1.24017e-09	
477	2.247500e-08	3.378298e-01	1.878804e-01	-1.49620e-09	
478	2.252500e-08	3.377998e-01	1.618497e-01	-1.75650e-09	
479	2.257500e-08	3.377704e-01	1.355951e-01	-2.01905e-09	
480	2.262500e-08	3.377415e-01	1.092636e-01	-2.28236e-09	
481	2.267500e-08	3.377130e-01	8.296537e-02	-2.54535e-09	
482	2.272500e-08	3.376849e-01	5.676140e-02	-2.80739e-09	
483	2.277500e-08	3.376571e-01	3.072486e-02	-3.06775e-09	
484	2.282500e-08	3.376296e-01	4.958571e-03	-3.32541e-09	
485	2.287500e-08	3.376023e-01	-2.05134e-02	-3.58013e-09	
486	2.292500e-08	3.375751e-01	-4.56734e-02	-3.83173e-09	
487	2.296250e-08	3.375548e-01	-6.43038e-02	-4.01804e-09	
488	2.300000e-08	3.375346e-01	-8.27166e-02	-4.20217e-09	
489	2.300500e-08	3.375345e-01	-8.17843e-02	-4.19284e-09	
490	2.301500e-08	3.375344e-01	-7.99261e-02	-4.17426e-09	
491	2.303500e-08	3.375343e-01	-7.62476e-02	-4.13748e-09	
492	2.307500e-08	3.375340e-01	-6.90295e-02	-4.06529e-09	
493	2.312500e-08	3.375338e-01	-6.02465e-02	-3.97747e-09	
494	2.317500e-08	3.375336e-01	-5.17089e-02	-3.89209e-09	
495	2.322500e-08	3.375335e-01	-4.33962e-02	-3.80896e-09	
496	2.327500e-08	3.375334e-01	-3.52927e-02	-3.72793e-09	
497	2.332500e-08	3.375333e-01	-2.73875e-02	-3.64887e-09	
498	2.337500e-08	3.375333e-01	-1.96698e-02	-3.57170e-09	
499	2.342500e-08	3.375332e-01	-1.21290e-02	-3.49629e-09	
500	2.347500e-08	3.375332e-01	-4.75795e-03	-3.42258e-09	
501	2.352500e-08	3.375331e-01	2.449334e-03	-3.35051e-09	
502	2.357500e-08	3.375331e-01	9.498294e-03	-3.28002e-09	
503	2.362500e-08	3.375331e-01	1.639377e-02	-3.21106e-09	
504	2.367500e-08	3.375331e-01	2.314018e-02	-3.14360e-09	
505	2.372500e-08	3.375331e-01	2.974155e-02	-3.07758e-09	
506	2.377500e-08	3.375331e-01	3.620167e-02	-3.01298e-09	
507	2.382500e-08	3.375330e-01	4.252406e-02	-2.94976e-09	
508	2.387500e-08	3.375330e-01	4.871207e-02	-2.88788e-09	
509	2.392500e-08	3.375330e-01	5.476888e-02	-2.82731e-09	
510	2.397500e-08	3.375330e-01	6.069753e-02	-2.76802e-09	
511	2.402500e-08	3.375330e-01	6.650094e-02	-2.70999e-09	
512	2.407500e-08	3.375330e-01	7.218191e-02	-2.65318e-09	
513	2.412500e-08	3.375330e-01	7.774317e-02	-2.59757e-09	
514	2.417500e-08	3.375330e-01	8.318735e-02	-2.54313e-09	
515	2.422500e-08	3.375330e-01	8.851699e-02	-2.48983e-09	
516	2.427500e-08	3.375330e-01	9.373459e-02	-2.43765e-09	
517	2.432500e-08	3.375330e-01	9.884255e-02	-2.38657e-09	
518	2.437500e-08	3.375330e-01	1.038432e-01	-2.33657e-09	

Index   time            v(cell)         v(bl)           vpre#branch     
--------------------------------------------------------------------------------
519	2.442500e-08	3.375330e-01	1.087389e-01	-2.28761e-09	
520	2.447500e-08	3.375330e-01	1.135319e-01	-2.23968e-09	
521	2.452500e-08	3.375330e-01	1.182242e-01	-2.19276e-09	
522	2.457500e-08	3.375330e-01	1.228181e-01	-2.14682e-09	
523	2.462500e-08	3.375330e-01	1.273157e-01	-2.10184e-09	
524	2.467500e-08	3.375330e-01	1.317190e-01	-2.05781e-09	
525	2.472500e-08	3.375330e-01	1.360299e-01	-2.01470e-09	
526	2.477500e-08	3.375330e-01	1.402505e-01	-1.97250e-09	
527	2.482500e-08	3.375330e-01	1.443826e-01	-1.93117e-09	
528	2.487500e-08	3.375330e-01	1.484281e-01	-1.89072e-09	
529	2.492500e-08	3.375330e-01	1.523888e-01	-1.85111e-09	
530	2.497500e-08	3.375330e-01	1.562665e-01	-1.81234e-09	
531	2.502500e-08	3.375330e-01	1.600629e-01	-1.77437e-09	
532	2.507500e-08	3.375330e-01	1.637797e-01	-1.73720e-09	
533	2.512500e-08	3.375330e-01	1.674187e-01	-1.70081e-09	
534	2.517500e-08	3.375330e-01	1.709815e-01	-1.66519e-09	
535	2.522500e-08	3.375330e-01	1.744696e-01	-1.63030e-09	
536	2.527500e-08	3.375330e-01	1.778846e-01	-1.59615e-09	
537	2.532500e-08	3.375330e-01	1.812280e-01	-1.56272e-09	
538	2.537500e-08	3.375330e-01	1.845015e-01	-1.52999e-09	
539	2.542500e-08	3.375330e-01	1.877063e-01	-1.49794e-09	
540	2.547500e-08	3.375330e-01	1.908440e-01	-1.46656e-09	
541	2.552500e-08	3.375330e-01	1.939159e-01	-1.43584e-09	
542	2.557500e-08	3.375330e-01	1.969235e-01	-1.40576e-09	
543	2.562500e-08	3.375330e-01	1.998681e-01	-1.37632e-09	
544	2.567500e-08	3.375330e-01	2.027511e-01	-1.34749e-09	
545	2.572500e-08	3.375330e-01	2.055736e-01	-1.31926e-09	
546	2.577500e-08	3.375330e-01	2.083370e-01	-1.29163e-09	
547	2.582500e-08	3.375330e-01	2.110425e-01	-1.26458e-09	
548	2.587500e-08	3.375330e-01	2.136913e-01	-1.23809e-09	
549	2.592500e-08	3.375330e-01	2.162847e-01	-1.21215e-09	
550	2.597500e-08	3.375330e-01	2.188237e-01	-1.18676e-09	
551	2.602500e-08	3.375330e-01	2.213095e-01	-1.16190e-09	
552	2.607500e-08	3.375330e-01	2.237433e-01	-1.13757e-09	
553	2.612500e-08	3.375330e-01	2.261261e-01	-1.11374e-09	
554	2.617500e-08	3.375330e-01	2.284589e-01	-1.09041e-09	
555	2.622500e-08	3.375330e-01	2.307429e-01	-1.06757e-09	
556	2.627500e-08	3.375330e-01	2.329791e-01	-1.04521e-09	
557	2.632500e-08	3.375330e-01	2.351684e-01	-1.02332e-09	
558	2.637500e-08	3.375330e-01	2.373119e-01	-1.00188e-09	
559	2.642500e-08	3.375330e-01	2.394104e-01	-9.80896e-10	
560	2.647500e-08	3.375330e-01	2.414651e-01	-9.60349e-10	
561	2.652500e-08	3.375330e-01	2.434766e-01	-9.40234e-10	
562	2.657500e-08	3.375330e-01	2.454461e-01	-9.20539e-10	
563	2.662500e-08	3.375330e-01	2.473742e-01	-9.01258e-10	
564	2.667500e-08	3.375330e-01	2.492620e-01	-8.82380e-10	
565	2.672500e-08	3.375330e-01	2.511103e-01	-8.63897e-10	
566	2.677500e-08	3.375330e-01	2.529198e-01	-8.45802e-10	
567	2.682500e-08	3.375330e-01	2.546914e-01	-8.28086e-10	
568	2.687500e-08	3.375330e-01	2.564259e-01	-8.10741e-10	
569	2.692500e-08	3.375330e-01	2.581241e-01	-7.93759e-10	
570	2.697500e-08	3.375330e-01	2.597868e-01	-7.77132e-10	
571	2.702500e-08	3.375330e-01	2.614145e-01	-7.60855e-10	
572	2.707500e-08	3.375330e-01	2.630082e-01	-7.44918e-10	
573	2.712500e-08	3.375330e-01	2.645685e-01	-7.29315e-10	
574	2.717500e-08	3.375330e-01	2.660962e-01	-7.14038e-10	
575	2.722500e-08	3.375330e-01	2.675918e-01	-6.99082e-10	
576	2.727500e-08	3.375330e-01	2.690561e-01	-6.84439e-10	

Index   time            v(cell)         v(bl)           vpre#branch     
--------------------------------------------------------------------------------
577	2.732500e-08	3.375330e-01	2.704897e-01	-6.70103e-10	
578	2.737500e-08	3.375330e-01	2.718933e-01	-6.56067e-10	
579	2.742500e-08	3.375330e-01	2.732676e-01	-6.42324e-10	
580	2.747500e-08	3.375330e-01	2.746130e-01	-6.28870e-10	
581	2.752500e-08	3.375330e-01	2.759302e-01	-6.15698e-10	
582	2.757500e-08	3.375330e-01	2.772199e-01	-6.02801e-10	
583	2.762500e-08	3.375330e-01	2.784825e-01	-5.90175e-10	
584	2.767500e-08	3.375330e-01	2.797187e-01	-5.77813e-10	
585	2.772500e-08	3.375330e-01	2.809290e-01	-5.65710e-10	
586	2.777500e-08	3.375330e-01	2.821139e-01	-5.53861e-10	
587	2.782500e-08	3.375330e-01	2.832740e-01	-5.42260e-10	
588	2.787500e-08	3.375330e-01	2.844098e-01	-5.30902e-10	
589	2.792500e-08	3.375330e-01	2.855219e-01	-5.19781e-10	
590	2.797500e-08	3.375330e-01	2.866106e-01	-5.08894e-10	
591	2.802500e-08	3.375330e-01	2.876765e-01	-4.98235e-10	
592	2.807500e-08	3.375330e-01	2.887201e-01	-4.87799e-10	
593	2.812500e-08	3.375330e-01	2.897419e-01	-4.77581e-10	
594	2.817500e-08	3.375330e-01	2.907422e-01	-4.67578e-10	
595	2.822500e-08	3.375330e-01	2.917216e-01	-4.57784e-10	
596	2.827500e-08	3.375330e-01	2.926805e-01	-4.48195e-10	
597	2.832500e-08	3.375330e-01	2.936193e-01	-4.38807e-10	
598	2.837500e-08	3.375330e-01	2.945384e-01	-4.29616e-10	
599	2.842500e-08	3.375330e-01	2.954383e-01	-4.20617e-10	
600	2.847500e-08	3.375330e-01	2.963193e-01	-4.11807e-10	
601	2.852500e-08	3.375330e-01	2.971819e-01	-4.03181e-10	
602	2.857500e-08	3.375330e-01	2.980264e-01	-3.94736e-10	
603	2.862500e-08	3.375330e-01	2.988532e-01	-3.86468e-10	
604	2.867500e-08	3.375330e-01	2.996627e-01	-3.78373e-10	
605	2.872500e-08	3.375330e-01	3.004553e-01	-3.70447e-10	
606	2.877500e-08	3.375330e-01	3.012312e-01	-3.62688e-10	
607	2.882500e-08	3.375330e-01	3.019909e-01	-3.55091e-10	
608	2.887500e-08	3.375330e-01	3.027347e-01	-3.47653e-10	
609	2.892500e-08	3.375330e-01	3.034629e-01	-3.40371e-10	
610	2.897500e-08	3.375330e-01	3.041758e-01	-3.33242e-10	
611	2.902500e-08	3.375330e-01	3.048738e-01	-3.26262e-10	
612	2.907500e-08	3.375330e-01	3.055572e-01	-3.19428e-10	
613	2.912500e-08	3.375330e-01	3.062263e-01	-3.12737e-10	
614	2.917500e-08	3.375330e-01	3.068813e-01	-3.06187e-10	
615	2.922500e-08	3.375330e-01	3.075227e-01	-2.99773e-10	
616	2.927500e-08	3.375330e-01	3.081506e-01	-2.93494e-10	
617	2.932500e-08	3.375330e-01	3.087653e-01	-2.87347e-10	
618	2.937500e-08	3.375330e-01	3.093672e-01	-2.81328e-10	
619	2.942500e-08	3.375330e-01	3.099565e-01	-2.75435e-10	
620	2.947500e-08	3.375330e-01	3.105334e-01	-2.69666e-10	
621	2.952500e-08	3.375330e-01	3.110983e-01	-2.64017e-10	
622	2.957500e-08	3.375330e-01	3.116513e-01	-2.58487e-10	
623	2.962500e-08	3.375330e-01	3.121927e-01	-2.53073e-10	
624	2.967500e-08	3.375330e-01	3.127228e-01	-2.47772e-10	
625	2.972500e-08	3.375330e-01	3.132418e-01	-2.42582e-10	
626	2.977500e-08	3.375330e-01	3.137499e-01	-2.37501e-10	
627	2.982500e-08	3.375330e-01	3.142473e-01	-2.32527e-10	
628	2.987500e-08	3.375330e-01	3.147344e-01	-2.27656e-10	
629	2.992500e-08	3.375330e-01	3.152112e-01	-2.22888e-10	
630	2.997500e-08	3.375330e-01	3.156781e-01	-2.18219e-10	
631	3.002500e-08	3.375330e-01	3.161352e-01	-2.13648e-10	
632	3.007500e-08	3.375330e-01	3.165827e-01	-2.09173e-10	
633	3.012500e-08	3.375330e-01	3.170208e-01	-2.04792e-10	
634	3.017500e-08	3.375330e-01	3.174498e-01	-2.00502e-10	

Index   time            v(cell)         v(bl)           vpre#branch     
--------------------------------------------------------------------------------
635	3.022500e-08	3.375330e-01	3.178698e-01	-1.96302e-10	
636	3.027500e-08	3.375330e-01	3.182809e-01	-1.92191e-10	
637	3.032500e-08	3.375330e-01	3.186835e-01	-1.88165e-10	
638	3.037500e-08	3.375330e-01	3.190776e-01	-1.84224e-10	
639	3.042500e-08	3.375330e-01	3.194635e-01	-1.80365e-10	
640	3.047500e-08	3.375330e-01	3.198413e-01	-1.76587e-10	
641	3.052500e-08	3.375330e-01	3.202112e-01	-1.72888e-10	
642	3.057500e-08	3.375330e-01	3.205733e-01	-1.69267e-10	
643	3.062500e-08	3.375330e-01	3.209279e-01	-1.65721e-10	
644	3.067500e-08	3.375330e-01	3.212750e-01	-1.62250e-10	
645	3.072500e-08	3.375330e-01	3.216148e-01	-1.58852e-10	
646	3.077500e-08	3.375330e-01	3.219476e-01	-1.55524e-10	
647	3.082500e-08	3.375330e-01	3.222733e-01	-1.52267e-10	
648	3.087500e-08	3.375330e-01	3.225923e-01	-1.49077e-10	
649	3.092500e-08	3.375330e-01	3.229045e-01	-1.45955e-10	
650	3.097500e-08	3.375330e-01	3.232102e-01	-1.42898e-10	
651	3.102500e-08	3.375330e-01	3.235096e-01	-1.39904e-10	
652	3.107500e-08	3.375330e-01	3.238026e-01	-1.36974e-10	
653	3.112500e-08	3.375330e-01	3.240895e-01	-1.34105e-10	
654	3.117500e-08	3.375330e-01	3.243704e-01	-1.31296e-10	
655	3.122500e-08	3.375330e-01	3.246454e-01	-1.28546e-10	
656	3.127500e-08	3.375330e-01	3.249147e-01	-1.25853e-10	
657	3.132500e-08	3.375330e-01	3.251783e-01	-1.23217e-10	
658	3.137500e-08	3.375330e-01	3.254364e-01	-1.20636e-10	
659	3.142500e-08	3.375330e-01	3.256891e-01	-1.18109e-10	
660	3.147500e-08	3.375330e-01	3.259364e-01	-1.15636e-10	
661	3.152500e-08	3.375330e-01	3.261787e-01	-1.13213e-10	
662	3.157500e-08	3.375330e-01	3.264158e-01	-1.10842e-10	
663	3.162500e-08	3.375330e-01	3.266480e-01	-1.08520e-10	
664	3.167500e-08	3.375330e-01	3.268753e-01	-1.06247e-10	
665	3.172500e-08	3.375330e-01	3.270978e-01	-1.04022e-10	
666	3.177500e-08	3.375330e-01	3.273157e-01	-1.01843e-10	
667	3.182500e-08	3.375330e-01	3.275290e-01	-9.97098e-11	
668	3.187500e-08	3.375330e-01	3.277379e-01	-9.76213e-11	
669	3.192500e-08	3.375330e-01	3.279424e-01	-9.55765e-11	
670	3.197500e-08	3.375330e-01	3.281425e-01	-9.35745e-11	
671	3.202500e-08	3.375330e-01	3.283385e-01	-9.16145e-11	
672	3.207500e-08	3.375330e-01	3.285304e-01	-8.96956e-11	
673	3.212500e-08	3.375330e-01	3.287183e-01	-8.78168e-11	
674	3.217500e-08	3.375330e-01	3.289023e-01	-8.59774e-11	
675	3.222500e-08	3.375330e-01	3.290823e-01	-8.41765e-11	
676	3.227500e-08	3.375330e-01	3.292587e-01	-8.24133e-11	
677	3.232500e-08	3.375330e-01	3.294313e-01	-8.06871e-11	
678	3.237500e-08	3.375330e-01	3.296003e-01	-7.89970e-11	
679	3.242500e-08	3.375330e-01	3.297658e-01	-7.73424e-11	
680	3.247500e-08	3.375330e-01	3.299278e-01	-7.57223e-11	
681	3.252500e-08	3.375330e-01	3.300864e-01	-7.41363e-11	
682	3.257500e-08	3.375330e-01	3.302417e-01	-7.25834e-11	
683	3.262500e-08	3.375330e-01	3.303937e-01	-7.10631e-11	
684	3.267500e-08	3.375330e-01	3.305425e-01	-6.95746e-11	
685	3.272500e-08	3.375330e-01	3.306883e-01	-6.81173e-11	
686	3.277500e-08	3.375330e-01	3.308310e-01	-6.66905e-11	
687	3.282500e-08	3.375330e-01	3.309706e-01	-6.52936e-11	
688	3.287500e-08	3.375330e-01	3.311074e-01	-6.39259e-11	
689	3.292500e-08	3.375330e-01	3.312413e-01	-6.25869e-11	
690	3.297500e-08	3.375330e-01	3.313724e-01	-6.12760e-11	
691	3.302500e-08	3.375330e-01	3.315007e-01	-5.99925e-11	
692	3.307500e-08	3.375330e-01	3.316264e-01	-5.87359e-11	

Index   time            v(cell)         v(bl)           vpre#branch     
--------------------------------------------------------------------------------
693	3.312500e-08	3.375330e-01	3.317494e-01	-5.75056e-11	
694	3.317500e-08	3.375330e-01	3.318699e-01	-5.63011e-11	
695	3.322500e-08	3.375330e-01	3.319878e-01	-5.51218e-11	
696	3.327500e-08	3.375330e-01	3.321033e-01	-5.39672e-11	
697	3.332500e-08	3.375330e-01	3.322163e-01	-5.28368e-11	
698	3.337500e-08	3.375330e-01	3.323270e-01	-5.17301e-11	
699	3.342500e-08	3.375330e-01	3.324353e-01	-5.06466e-11	
700	3.347500e-08	3.375330e-01	3.325414e-01	-4.95857e-11	
701	3.352500e-08	3.375330e-01	3.326453e-01	-4.85471e-11	
702	3.357500e-08	3.375330e-01	3.327470e-01	-4.75302e-11	
703	3.362500e-08	3.375330e-01	3.328465e-01	-4.65347e-11	
704	3.367500e-08	3.375330e-01	3.329440e-01	-4.55600e-11	
705	3.372500e-08	3.375330e-01	3.330394e-01	-4.46057e-11	
706	3.377500e-08	3.375330e-01	3.331329e-01	-4.36713e-11	
707	3.382500e-08	3.375330e-01	3.332243e-01	-4.27566e-11	
708	3.387500e-08	3.375330e-01	3.333139e-01	-4.18610e-11	
709	3.392500e-08	3.375330e-01	3.334016e-01	-4.09842e-11	
710	3.397500e-08	3.375330e-01	3.334874e-01	-4.01257e-11	
711	3.402500e-08	3.375330e-01	3.335715e-01	-3.92853e-11	
712	3.407500e-08	3.375330e-01	3.336538e-01	-3.84624e-11	
713	3.412500e-08	3.375330e-01	3.337343e-01	-3.76568e-11	
714	3.417500e-08	3.375330e-01	3.338132e-01	-3.68680e-11	
715	3.422500e-08	3.375330e-01	3.338904e-01	-3.60958e-11	
716	3.427500e-08	3.375330e-01	3.339660e-01	-3.53397e-11	
717	3.432500e-08	3.375330e-01	3.340401e-01	-3.45995e-11	
718	3.437500e-08	3.375330e-01	3.341125e-01	-3.38748e-11	
719	3.442500e-08	3.375330e-01	3.341835e-01	-3.31652e-11	
720	3.447500e-08	3.375330e-01	3.342529e-01	-3.24705e-11	
721	3.452500e-08	3.375330e-01	3.343210e-01	-3.17904e-11	
722	3.457500e-08	3.375330e-01	3.343875e-01	-3.11245e-11	
723	3.462500e-08	3.375330e-01	3.344527e-01	-3.04726e-11	
724	3.467500e-08	3.375330e-01	3.345166e-01	-2.98343e-11	
725	3.472500e-08	3.375330e-01	3.345791e-01	-2.92094e-11	
726	3.477500e-08	3.375330e-01	3.346402e-01	-2.85976e-11	
727	3.482500e-08	3.375330e-01	3.347001e-01	-2.79986e-11	
728	3.487500e-08	3.375330e-01	3.347588e-01	-2.74121e-11	
729	3.492500e-08	3.375330e-01	3.348162e-01	-2.68379e-11	
730	3.497500e-08	3.375330e-01	3.348724e-01	-2.62758e-11	
731	3.502500e-08	3.375330e-01	3.349275e-01	-2.57254e-11	
732	3.507500e-08	3.375330e-01	3.349813e-01	-2.51866e-11	
733	3.512500e-08	3.375330e-01	3.350341e-01	-2.46590e-11	
734	3.517500e-08	3.375330e-01	3.350857e-01	-2.41425e-11	
735	3.522500e-08	3.375330e-01	3.351363e-01	-2.36368e-11	
736	3.527500e-08	3.375330e-01	3.351858e-01	-2.31417e-11	
737	3.532500e-08	3.375330e-01	3.352343e-01	-2.26570e-11	
738	3.537500e-08	3.375330e-01	3.352818e-01	-2.21824e-11	
739	3.542500e-08	3.375330e-01	3.353282e-01	-2.17178e-11	
740	3.547500e-08	3.375330e-01	3.353737e-01	-2.12629e-11	
741	3.552500e-08	3.375330e-01	3.354182e-01	-2.08175e-11	
742	3.557500e-08	3.375330e-01	3.354619e-01	-2.03815e-11	
743	3.562500e-08	3.375330e-01	3.355045e-01	-1.99546e-11	
744	3.567500e-08	3.375330e-01	3.355463e-01	-1.95366e-11	
745	3.572500e-08	3.375330e-01	3.355873e-01	-1.91274e-11	
746	3.577500e-08	3.375330e-01	3.356273e-01	-1.87267e-11	
747	3.582500e-08	3.375330e-01	3.356666e-01	-1.83345e-11	
748	3.587500e-08	3.375330e-01	3.357050e-01	-1.79504e-11	
749	3.592500e-08	3.375330e-01	3.357426e-01	-1.75745e-11	
750	3.597500e-08	3.375330e-01	3.357794e-01	-1.72063e-11	

Index   time            v(cell)         v(bl)           vpre#branch     
--------------------------------------------------------------------------------
751	3.602500e-08	3.375330e-01	3.358154e-01	-1.68459e-11	
752	3.607500e-08	3.375330e-01	3.358507e-01	-1.64931e-11	
753	3.612500e-08	3.375330e-01	3.358852e-01	-1.61476e-11	
754	3.617500e-08	3.375330e-01	3.359191e-01	-1.58094e-11	
755	3.622500e-08	3.375330e-01	3.359522e-01	-1.54782e-11	
756	3.627500e-08	3.375330e-01	3.359846e-01	-1.51540e-11	
757	3.632500e-08	3.375330e-01	3.360163e-01	-1.48366e-11	
758	3.637500e-08	3.375330e-01	3.360474e-01	-1.45259e-11	
759	3.642500e-08	3.375330e-01	3.360778e-01	-1.42216e-11	
760	3.647500e-08	3.375330e-01	3.361076e-01	-1.39237e-11	
761	3.652500e-08	3.375330e-01	3.361368e-01	-1.36321e-11	
762	3.657500e-08	3.375330e-01	3.361653e-01	-1.33465e-11	
763	3.662500e-08	3.375330e-01	3.361933e-01	-1.30670e-11	
764	3.667500e-08	3.375330e-01	3.362207e-01	-1.27933e-11	
765	3.672500e-08	3.375330e-01	3.362475e-01	-1.25253e-11	
766	3.677500e-08	3.375330e-01	3.362737e-01	-1.22629e-11	
767	3.682500e-08	3.375330e-01	3.362994e-01	-1.20061e-11	
768	3.687500e-08	3.375330e-01	3.363245e-01	-1.17546e-11	
769	3.692500e-08	3.375330e-01	3.363492e-01	-1.15084e-11	
770	3.697500e-08	3.375330e-01	3.363733e-01	-1.12673e-11	
771	3.702500e-08	3.375330e-01	3.363969e-01	-1.10313e-11	
772	3.707500e-08	3.375330e-01	3.364200e-01	-1.08003e-11	
773	3.712500e-08	3.375330e-01	3.364426e-01	-1.05740e-11	
774	3.717500e-08	3.375330e-01	3.364647e-01	-1.03526e-11	
775	3.722500e-08	3.375330e-01	3.364864e-01	-1.01357e-11	
776	3.727500e-08	3.375330e-01	3.365077e-01	-9.92342e-12	
777	3.732500e-08	3.375330e-01	3.365284e-01	-9.71556e-12	
778	3.737500e-08	3.375330e-01	3.365488e-01	-9.51206e-12	
779	3.742500e-08	3.375330e-01	3.365687e-01	-9.31282e-12	
780	3.747500e-08	3.375330e-01	3.365882e-01	-9.11775e-12	
781	3.752500e-08	3.375330e-01	3.366073e-01	-8.92677e-12	
782	3.757500e-08	3.375330e-01	3.366260e-01	-8.73979e-12	
783	3.762500e-08	3.375330e-01	3.366443e-01	-8.55673e-12	
784	3.767500e-08	3.375330e-01	3.366623e-01	-8.37750e-12	
785	3.772500e-08	3.375330e-01	3.366798e-01	-8.20202e-12	
786	3.777500e-08	3.375330e-01	3.366970e-01	-8.03022e-12	
787	3.782500e-08	3.375330e-01	3.367138e-01	-7.86202e-12	
788	3.787500e-08	3.375330e-01	3.367303e-01	-7.69734e-12	
789	3.792500e-08	3.375330e-01	3.367464e-01	-7.53611e-12	
790	3.797500e-08	3.375330e-01	3.367622e-01	-7.37826e-12	
791	3.802500e-08	3.375330e-01	3.367776e-01	-7.22372e-12	
792	3.807500e-08	3.375330e-01	3.367928e-01	-7.07241e-12	
793	3.812500e-08	3.375330e-01	3.368076e-01	-6.92427e-12	
794	3.817500e-08	3.375330e-01	3.368221e-01	-6.77923e-12	
795	3.822500e-08	3.375330e-01	3.368363e-01	-6.63724e-12	
796	3.827500e-08	3.375330e-01	3.368502e-01	-6.49821e-12	
797	3.832500e-08	3.375330e-01	3.368638e-01	-6.36210e-12	
798	3.837500e-08	3.375330e-01	3.368771e-01	-6.22884e-12	
799	3.842500e-08	3.375330e-01	3.368902e-01	-6.09837e-12	
800	3.847500e-08	3.375330e-01	3.369029e-01	-5.97063e-12	
801	3.852500e-08	3.375330e-01	3.369154e-01	-5.84557e-12	
802	3.857500e-08	3.375330e-01	3.369277e-01	-5.72313e-12	
803	3.862500e-08	3.375330e-01	3.369397e-01	-5.60325e-12	
804	3.867500e-08	3.375330e-01	3.369514e-01	-5.48589e-12	
805	3.872500e-08	3.375330e-01	3.369629e-01	-5.37098e-12	
806	3.877500e-08	3.375330e-01	3.369742e-01	-5.25848e-12	
807	3.882500e-08	3.375330e-01	3.369852e-01	-5.14834e-12	
808	3.887500e-08	3.375330e-01	3.369960e-01	-5.04050e-12	

Index   time            v(cell)         v(bl)           vpre#branch     
--------------------------------------------------------------------------------
809	3.892500e-08	3.375330e-01	3.370065e-01	-4.93492e-12	
810	3.897500e-08	3.375330e-01	3.370168e-01	-4.83155e-12	
811	3.902500e-08	3.375330e-01	3.370270e-01	-4.73035e-12	
812	3.907500e-08	3.375330e-01	3.370369e-01	-4.63127e-12	
813	3.912500e-08	3.375330e-01	3.370466e-01	-4.53426e-12	
814	3.917500e-08	3.375330e-01	3.370561e-01	-4.43929e-12	
815	3.922500e-08	3.375330e-01	3.370654e-01	-4.34630e-12	
816	3.927500e-08	3.375330e-01	3.370745e-01	-4.25527e-12	
817	3.932500e-08	3.375330e-01	3.370834e-01	-4.16613e-12	
818	3.937500e-08	3.375330e-01	3.370921e-01	-4.07887e-12	
819	3.942500e-08	3.375330e-01	3.371007e-01	-3.99343e-12	
820	3.947500e-08	3.375330e-01	3.371090e-01	-3.90979e-12	
821	3.952500e-08	3.375330e-01	3.371172e-01	-3.82789e-12	
822	3.957500e-08	3.375330e-01	3.371252e-01	-3.74771e-12	
823	3.962500e-08	3.375330e-01	3.371331e-01	-3.66921e-12	
824	3.967500e-08	3.375330e-01	3.371408e-01	-3.59236e-12	
825	3.972500e-08	3.375330e-01	3.371483e-01	-3.51711e-12	
826	3.977500e-08	3.375330e-01	3.371557e-01	-3.44344e-12	
827	3.982500e-08	3.375330e-01	3.371629e-01	-3.37132e-12	
828	3.987500e-08	3.375330e-01	3.371699e-01	-3.30070e-12	
829	3.992500e-08	3.375330e-01	3.371768e-01	-3.23157e-12	
830	3.996250e-08	3.375330e-01	3.371819e-01	-3.18067e-12	
831	4.000000e-08	3.375330e-01	3.371869e-01	-3.13057e-12	


Total analysis time (seconds) = 0.0568236

Total elapsed time (seconds) = 0.066 

Total DRAM available = 386307.215 MB.
DRAM currently available = 14103.336 MB.
Maximum ngspice program size =  529.719 MB.
Current ngspice program size =   14.172 MB.

Shared ngspice pages =   12.355 MB.
Text (code) pages =    6.266 MB.
Stack = 0 bytes.
Library pages =   59.137 MB.

