
Note: No compatibility mode selected!


Circuit: * 1t1c ccell=10.0ff

Doing analysis at TEMP = 27.000000 and TNOM = 27.000000

Using SPARSE 1.3 as Direct Linear Solver

Initial Transient Solution
--------------------------

Node                                   Voltage
----                                   -------
pre                                     0.3825
bl                                      0.3825
wl                                           0
plate                                        0
b                                            0
s                                            0
cell                                         0
vs#branch                                    0
vb#branch                                    0
vpl#branch                                   0
vwl#branch                                   0
vpre#branch                                  0


No. of Data Rows : 832

  Measurements for Transient Analysis

t_write             =  1.90054e-09
t_read              =  2.27482e-08
i_hold              =  -7.21438e-12 from=  2.50000e-08 to=  3.50250e-08
q_read              =   8.77792e-19 from=  1.20000e-08 to=  2.20000e-08

                              * 1t1c ccell=10.0ff
                              Transient Analysis  Tue Jun 23 16:35:10  2026
--------------------------------------------------------------------------------
Index   time            v(cell)         v(bl)           vpre#branch     
--------------------------------------------------------------------------------
0	0.000000e+00	0.000000e+00	3.825000e-01	0.000000e+00	
1	5.000000e-13	4.001169e-13	3.825000e-01	-1.00586e-17	
2	1.000000e-12	8.001811e-13	3.825000e-01	-1.67683e-17	
3	2.000000e-12	1.600274e-12	3.825000e-01	-3.01765e-17	
4	4.000000e-12	3.200419e-12	3.825000e-01	-5.69255e-17	
5	8.000000e-12	6.400727e-12	3.825000e-01	-1.10155e-16	
6	1.600000e-11	1.280133e-11	3.825000e-01	-2.15547e-16	
7	3.200000e-11	2.560255e-11	3.825000e-01	-4.22140e-16	
8	6.400000e-11	5.120497e-11	3.824999e-01	-8.19104e-16	
9	1.140000e-10	9.120876e-11	3.824999e-01	-1.39836e-15	
10	1.640000e-10	1.312126e-10	3.824998e-01	-1.93093e-15	
11	2.140000e-10	1.712163e-10	3.824998e-01	-2.42057e-15	
12	2.640000e-10	2.112201e-10	3.824997e-01	-2.87075e-15	
13	3.140000e-10	2.512239e-10	3.824997e-01	-3.28463e-15	
14	3.640000e-10	2.912277e-10	3.824996e-01	-3.66516e-15	
15	4.140000e-10	3.312315e-10	3.824996e-01	-4.01501e-15	
16	4.640000e-10	3.712353e-10	3.824996e-01	-4.33667e-15	
17	5.140000e-10	4.112391e-10	3.824995e-01	-4.63239e-15	
18	5.640000e-10	4.512429e-10	3.824995e-01	-4.90428e-15	
19	6.140000e-10	4.912466e-10	3.824995e-01	-5.15426e-15	
20	6.640000e-10	5.312504e-10	3.824995e-01	-5.38408e-15	
21	7.140000e-10	5.712542e-10	3.824994e-01	-5.59538e-15	
22	7.640000e-10	6.112580e-10	3.824994e-01	-5.78965e-15	
23	8.140000e-10	6.512618e-10	3.824994e-01	-5.96826e-15	
24	8.640000e-10	6.912656e-10	3.824994e-01	-6.13248e-15	
25	9.140000e-10	7.312694e-10	3.824994e-01	-6.28345e-15	
26	9.570000e-10	7.656726e-10	3.824994e-01	-6.40350e-15	
27	1.000000e-09	8.000759e-10	3.824993e-01	-6.51518e-15	
28	1.005000e-09	3.822834e-03	3.824993e-01	-6.53699e-15	
29	1.015000e-09	1.146829e-02	3.824993e-01	-6.56409e-15	
30	1.035000e-09	2.675919e-02	3.824993e-01	-6.53612e-15	
31	1.075000e-09	5.734100e-02	3.824994e-01	-6.27584e-15	
32	1.125000e-09	9.556824e-02	3.824994e-01	-5.80713e-15	
33	1.175000e-09	1.337955e-01	3.824995e-01	-5.34095e-15	
34	1.225000e-09	1.720227e-01	3.824995e-01	-4.91105e-15	
35	1.275000e-09	2.102500e-01	3.824995e-01	-4.51539e-15	
36	1.325000e-09	2.484773e-01	3.824996e-01	-4.15214e-15	
37	1.375000e-09	2.867045e-01	3.824996e-01	-3.81860e-15	
38	1.425000e-09	3.249318e-01	3.824996e-01	-3.51188e-15	
39	1.475000e-09	3.631590e-01	3.824997e-01	-3.22980e-15	
40	1.525000e-09	4.013863e-01	3.824997e-01	-2.97012e-15	
41	1.575000e-09	4.396135e-01	3.824997e-01	-2.73039e-15	
42	1.625000e-09	4.778408e-01	3.824997e-01	-2.50905e-15	
43	1.675000e-09	5.160680e-01	3.824998e-01	-2.30565e-15	
44	1.725000e-09	5.542953e-01	3.824998e-01	-2.11861e-15	
45	1.775000e-09	5.925225e-01	3.824998e-01	-1.94662e-15	
46	1.825000e-09	6.307498e-01	3.824998e-01	-1.78847e-15	
47	1.875000e-09	6.689770e-01	3.824998e-01	-1.64305e-15	
48	1.925000e-09	7.072043e-01	3.824998e-01	-1.50934e-15	
49	1.962500e-09	7.358747e-01	3.824999e-01	-1.41619e-15	
50	2.000000e-09	7.645452e-01	3.824999e-01	-1.32872e-15	
51	2.005000e-09	7.645451e-01	3.824999e-01	-1.31751e-15	
52	2.015000e-09	7.645450e-01	3.824999e-01	-1.29530e-15	
53	2.035000e-09	7.645451e-01	3.824999e-01	-1.25196e-15	
54	2.075000e-09	7.645450e-01	3.824999e-01	-1.16952e-15	

Index   time            v(cell)         v(bl)           vpre#branch     
--------------------------------------------------------------------------------
55	2.125000e-09	7.645451e-01	3.824999e-01	-1.07395e-15	
56	2.175000e-09	7.645450e-01	3.824999e-01	-9.86080e-16	
57	2.225000e-09	7.645451e-01	3.824999e-01	-9.05292e-16	
58	2.275000e-09	7.645450e-01	3.824999e-01	-8.31017e-16	
59	2.325000e-09	7.645451e-01	3.824999e-01	-7.62728e-16	
60	2.375000e-09	7.645450e-01	3.824999e-01	-6.99944e-16	
61	2.425000e-09	7.645451e-01	3.824999e-01	-6.42220e-16	
62	2.475000e-09	7.645450e-01	3.824999e-01	-5.89149e-16	
63	2.525000e-09	7.645451e-01	3.824999e-01	-5.40356e-16	
64	2.575000e-09	7.645450e-01	3.825000e-01	-4.95496e-16	
65	2.625000e-09	7.645451e-01	3.825000e-01	-4.54252e-16	
66	2.675000e-09	7.645450e-01	3.825000e-01	-4.16332e-16	
67	2.725000e-09	7.645451e-01	3.825000e-01	-3.81469e-16	
68	2.775000e-09	7.645450e-01	3.825000e-01	-3.49416e-16	
69	2.825000e-09	7.645451e-01	3.825000e-01	-3.19947e-16	
70	2.875000e-09	7.645450e-01	3.825000e-01	-2.92853e-16	
71	2.925000e-09	7.645451e-01	3.825000e-01	-2.67943e-16	
72	2.975000e-09	7.645450e-01	3.825000e-01	-2.45040e-16	
73	3.025000e-09	7.645451e-01	3.825000e-01	-2.23984e-16	
74	3.075000e-09	7.645450e-01	3.825000e-01	-2.04625e-16	
75	3.125000e-09	7.645451e-01	3.825000e-01	-1.86827e-16	
76	3.175000e-09	7.645450e-01	3.825000e-01	-1.70463e-16	
77	3.225000e-09	7.645451e-01	3.825000e-01	-1.55418e-16	
78	3.275000e-09	7.645450e-01	3.825000e-01	-1.41586e-16	
79	3.325000e-09	7.645451e-01	3.825000e-01	-1.28868e-16	
80	3.375000e-09	7.645450e-01	3.825000e-01	-1.17176e-16	
81	3.425000e-09	7.645451e-01	3.825000e-01	-1.06426e-16	
82	3.475000e-09	7.645450e-01	3.825000e-01	-9.65431e-17	
83	3.525000e-09	7.645451e-01	3.825000e-01	-8.74565e-17	
84	3.575000e-09	7.645450e-01	3.825000e-01	-7.91023e-17	
85	3.625000e-09	7.645451e-01	3.825000e-01	-7.14215e-17	
86	3.675000e-09	7.645450e-01	3.825000e-01	-6.43598e-17	
87	3.725000e-09	7.645451e-01	3.825000e-01	-5.78673e-17	
88	3.775000e-09	7.645450e-01	3.825000e-01	-5.18981e-17	
89	3.825000e-09	7.645451e-01	3.825000e-01	-4.64101e-17	
90	3.875000e-09	7.645450e-01	3.825000e-01	-4.13644e-17	
91	3.925000e-09	7.645451e-01	3.825000e-01	-3.67255e-17	
92	3.975000e-09	7.645450e-01	3.825000e-01	-3.24604e-17	
93	4.025000e-09	7.645451e-01	3.825000e-01	-2.85392e-17	
94	4.075000e-09	7.645450e-01	3.825000e-01	-2.49340e-17	
95	4.125000e-09	7.645451e-01	3.825000e-01	-2.16194e-17	
96	4.175000e-09	7.645450e-01	3.825000e-01	-1.85720e-17	
97	4.225000e-09	7.645451e-01	3.825000e-01	-1.57702e-17	
98	4.275000e-09	7.645450e-01	3.825000e-01	-1.31942e-17	
99	4.325000e-09	7.645451e-01	3.825000e-01	-1.08259e-17	
100	4.375000e-09	7.645450e-01	3.825000e-01	-8.64846e-18	
101	4.425000e-09	7.645451e-01	3.825000e-01	-6.64657e-18	
102	4.475000e-09	7.645450e-01	3.825000e-01	-4.80604e-18	
103	4.525000e-09	7.645451e-01	3.825000e-01	-3.11380e-18	
104	4.575000e-09	7.645450e-01	3.825000e-01	-1.55796e-18	
105	4.625000e-09	7.645451e-01	3.825000e-01	-1.27596e-19	
106	4.675000e-09	7.645450e-01	3.825000e-01	1.187472e-18	
107	4.725000e-09	7.645451e-01	3.825000e-01	2.396542e-18	
108	4.775000e-09	7.645450e-01	3.825000e-01	3.508154e-18	
109	4.825000e-09	7.645451e-01	3.825000e-01	4.530165e-18	
110	4.875000e-09	7.645450e-01	3.825000e-01	5.469796e-18	
111	4.925000e-09	7.645451e-01	3.825000e-01	6.333688e-18	
112	4.975000e-09	7.645450e-01	3.825000e-01	7.127947e-18	

Index   time            v(cell)         v(bl)           vpre#branch     
--------------------------------------------------------------------------------
113	5.025000e-09	7.645451e-01	3.825000e-01	7.858185e-18	
114	5.075000e-09	7.645450e-01	3.825000e-01	8.529564e-18	
115	5.125000e-09	7.645451e-01	3.825000e-01	9.146826e-18	
116	5.175000e-09	7.645450e-01	3.825000e-01	9.714332e-18	
117	5.225000e-09	7.645451e-01	3.825000e-01	1.023609e-17	
118	5.275000e-09	7.645450e-01	3.825000e-01	1.071580e-17	
119	5.325000e-09	7.645451e-01	3.825000e-01	1.115684e-17	
120	5.375000e-09	7.645450e-01	3.825000e-01	1.156233e-17	
121	5.425000e-09	7.645451e-01	3.825000e-01	1.193513e-17	
122	5.475000e-09	7.645450e-01	3.825000e-01	1.227789e-17	
123	5.525000e-09	7.645451e-01	3.825000e-01	1.259301e-17	
124	5.575000e-09	7.645450e-01	3.825000e-01	1.288274e-17	
125	5.625000e-09	7.645451e-01	3.825000e-01	1.314912e-17	
126	5.675000e-09	7.645450e-01	3.825000e-01	1.339402e-17	
127	5.725000e-09	7.645451e-01	3.825000e-01	1.361918e-17	
128	5.775000e-09	7.645450e-01	3.825000e-01	1.382620e-17	
129	5.825000e-09	7.645451e-01	3.825000e-01	1.401652e-17	
130	5.875000e-09	7.645450e-01	3.825000e-01	1.419151e-17	
131	5.925000e-09	7.645451e-01	3.825000e-01	1.435239e-17	
132	5.975000e-09	7.645450e-01	3.825000e-01	1.450030e-17	
133	6.025000e-09	7.645451e-01	3.825000e-01	1.463629e-17	
134	6.075000e-09	7.645450e-01	3.825000e-01	1.476132e-17	
135	6.125000e-09	7.645451e-01	3.825000e-01	1.487627e-17	
136	6.175000e-09	7.645450e-01	3.825000e-01	1.498196e-17	
137	6.225000e-09	7.645451e-01	3.825000e-01	1.507913e-17	
138	6.275000e-09	7.645450e-01	3.825000e-01	1.516846e-17	
139	6.325000e-09	7.645451e-01	3.825000e-01	1.525059e-17	
140	6.375000e-09	7.645450e-01	3.825000e-01	1.532611e-17	
141	6.425000e-09	7.645450e-01	3.825000e-01	1.539553e-17	
142	6.475000e-09	7.645450e-01	3.825000e-01	1.545936e-17	
143	6.525000e-09	7.645450e-01	3.825000e-01	1.551805e-17	
144	6.575000e-09	7.645450e-01	3.825000e-01	1.557200e-17	
145	6.625000e-09	7.645450e-01	3.825000e-01	1.562161e-17	
146	6.675000e-09	7.645450e-01	3.825000e-01	1.566722e-17	
147	6.725000e-09	7.645450e-01	3.825000e-01	1.570915e-17	
148	6.775000e-09	7.645450e-01	3.825000e-01	1.574770e-17	
149	6.825000e-09	7.645450e-01	3.825000e-01	1.578314e-17	
150	6.875000e-09	7.645450e-01	3.825000e-01	1.581573e-17	
151	6.925000e-09	7.645450e-01	3.825000e-01	1.584569e-17	
152	6.962500e-09	7.645450e-01	3.825000e-01	1.586656e-17	
153	7.000000e-09	7.645450e-01	3.825000e-01	1.588616e-17	
154	7.005000e-09	7.454309e-01	3.825000e-01	1.588707e-17	
155	7.015000e-09	7.072036e-01	3.825000e-01	1.588719e-17	
156	7.035000e-09	6.307491e-01	3.825000e-01	1.587735e-17	
157	7.067500e-09	5.065105e-01	3.825000e-01	1.582543e-17	
158	7.100000e-09	3.822720e-01	3.825000e-01	1.569032e-17	
159	7.105000e-09	3.822725e-01	3.825000e-01	1.556262e-17	
160	7.115000e-09	3.822725e-01	3.825000e-01	1.530084e-17	
161	7.135000e-09	3.822725e-01	3.825000e-01	1.478661e-17	
162	7.175000e-09	3.822725e-01	3.825000e-01	1.380587e-17	
163	7.225000e-09	3.822725e-01	3.825000e-01	1.267070e-17	
164	7.275000e-09	3.822725e-01	3.825000e-01	1.162552e-17	
165	7.325000e-09	3.822725e-01	3.825000e-01	1.066601e-17	
166	7.375000e-09	3.822725e-01	3.825000e-01	9.782423e-18	
167	7.425000e-09	3.822725e-01	3.825000e-01	8.971479e-18	
168	7.475000e-09	3.822725e-01	3.825000e-01	8.224494e-18	
169	7.525000e-09	3.822725e-01	3.825000e-01	7.539080e-18	
170	7.575000e-09	3.822725e-01	3.825000e-01	6.907583e-18	

Index   time            v(cell)         v(bl)           vpre#branch     
--------------------------------------------------------------------------------
171	7.625000e-09	3.822725e-01	3.825000e-01	6.328378e-18	
172	7.675000e-09	3.822725e-01	3.825000e-01	5.794537e-18	
173	7.725000e-09	3.822725e-01	3.825000e-01	5.304953e-18	
174	7.775000e-09	3.822725e-01	3.825000e-01	4.853634e-18	
175	7.825000e-09	3.822725e-01	3.825000e-01	4.439837e-18	
176	7.875000e-09	3.822725e-01	3.825000e-01	4.058199e-18	
177	7.925000e-09	3.822725e-01	3.825000e-01	3.708600e-18	
178	7.975000e-09	3.822725e-01	3.825000e-01	3.385983e-18	
179	8.025000e-09	3.822725e-01	3.825000e-01	3.090463e-18	
180	8.075000e-09	3.822725e-01	3.825000e-01	2.817687e-18	
181	8.125000e-09	3.822725e-01	3.825000e-01	2.567993e-18	
182	8.175000e-09	3.822725e-01	3.825000e-01	2.337411e-18	
183	8.225000e-09	3.822725e-01	3.825000e-01	2.126465e-18	
184	8.275000e-09	3.822725e-01	3.825000e-01	1.931434e-18	
185	8.325000e-09	3.822725e-01	3.825000e-01	1.753114e-18	
186	8.375000e-09	3.822725e-01	3.825000e-01	1.588258e-18	
187	8.425000e-09	3.822725e-01	3.825000e-01	1.437618e-18	
188	8.475000e-09	3.822725e-01	3.825000e-01	1.298121e-18	
189	8.525000e-09	3.822725e-01	3.825000e-01	1.170759e-18	
190	8.575000e-09	3.822725e-01	3.825000e-01	1.052802e-18	
191	8.625000e-09	3.822725e-01	3.825000e-01	9.452714e-19	
192	8.675000e-09	3.822725e-01	3.825000e-01	8.455721e-19	
193	8.725000e-09	3.822725e-01	3.825000e-01	7.547039e-19	
194	8.775000e-09	3.822725e-01	3.825000e-01	6.703083e-19	
195	8.825000e-09	3.822725e-01	3.825000e-01	5.935914e-19	
196	8.875000e-09	3.822725e-01	3.825000e-01	5.222099e-19	
197	8.925000e-09	3.822725e-01	3.825000e-01	4.573589e-19	
198	8.975000e-09	3.822725e-01	3.825000e-01	3.969706e-19	
199	9.025000e-09	3.822725e-01	3.825000e-01	3.421914e-19	
200	9.075000e-09	3.822725e-01	3.825000e-01	2.911676e-19	
201	9.125000e-09	3.822725e-01	3.825000e-01	2.450167e-19	
202	9.175000e-09	3.822725e-01	3.825000e-01	2.018370e-19	
203	9.225000e-09	3.822725e-01	3.825000e-01	1.627974e-19	
204	9.275000e-09	3.822725e-01	3.825000e-01	1.262542e-19	
205	9.325000e-09	3.822725e-01	3.825000e-01	9.334237e-20	
206	9.375000e-09	3.822725e-01	3.825000e-01	6.233964e-20	
207	9.425000e-09	3.822725e-01	3.825000e-01	3.449178e-20	
208	9.475000e-09	3.822725e-01	3.825000e-01	8.311511e-21	
209	9.525000e-09	3.822725e-01	3.825000e-01	-1.51291e-20	
210	9.575000e-09	3.822725e-01	3.825000e-01	-3.73497e-20	
211	9.625000e-09	3.822725e-01	3.825000e-01	-5.71954e-20	
212	9.675000e-09	3.822725e-01	3.825000e-01	-7.59459e-20	
213	9.725000e-09	3.822725e-01	3.825000e-01	-9.26277e-20	
214	9.775000e-09	3.822725e-01	3.825000e-01	-1.08531e-19	
215	9.825000e-09	3.822725e-01	3.825000e-01	-1.22548e-19	
216	9.875000e-09	3.822725e-01	3.825000e-01	-1.36012e-19	
217	9.925000e-09	3.822725e-01	3.825000e-01	-1.47950e-19	
218	9.975000e-09	3.822725e-01	3.825000e-01	-1.59427e-19	
219	1.002500e-08	3.822725e-01	3.825000e-01	-1.69438e-19	
220	1.007500e-08	3.822725e-01	3.825000e-01	-1.79157e-19	
221	1.012500e-08	3.822725e-01	3.825000e-01	-1.87643e-19	
222	1.017500e-08	3.822725e-01	3.825000e-01	-1.95884e-19	
223	1.022500e-08	3.822725e-01	3.825000e-01	-2.02965e-19	
224	1.027500e-08	3.822725e-01	3.825000e-01	-2.09964e-19	
225	1.032500e-08	3.822725e-01	3.825000e-01	-2.16008e-19	
226	1.037500e-08	3.822725e-01	3.825000e-01	-2.22016e-19	
227	1.042500e-08	3.822725e-01	3.825000e-01	-2.27100e-19	
228	1.047500e-08	3.822725e-01	3.825000e-01	-2.32206e-19	

Index   time            v(cell)         v(bl)           vpre#branch     
--------------------------------------------------------------------------------
229	1.052500e-08	3.822725e-01	3.825000e-01	-2.36427e-19	
230	1.057500e-08	3.822725e-01	3.825000e-01	-2.40721e-19	
231	1.062500e-08	3.822725e-01	3.825000e-01	-2.44195e-19	
232	1.067500e-08	3.822725e-01	3.825000e-01	-2.47704e-19	
233	1.072500e-08	3.822725e-01	3.825000e-01	-2.50627e-19	
234	1.077500e-08	3.822725e-01	3.825000e-01	-2.53695e-19	
235	1.082500e-08	3.822725e-01	3.825000e-01	-2.56146e-19	
236	1.087500e-08	3.822725e-01	3.825000e-01	-2.58814e-19	
237	1.092500e-08	3.822725e-01	3.825000e-01	-2.60929e-19	
238	1.096250e-08	3.822725e-01	3.825000e-01	-2.62665e-19	
239	1.100000e-08	3.822725e-01	3.825000e-01	-2.63943e-19	
240	1.100500e-08	3.822747e-01	3.862916e-01	3.791557e-11	
241	1.101500e-08	3.822792e-01	3.938115e-01	1.131151e-10	
242	1.103500e-08	3.822883e-01	4.084787e-01	2.597872e-10	
243	1.107500e-08	3.823065e-01	4.363829e-01	5.388292e-10	
244	1.112500e-08	3.823293e-01	4.687328e-01	8.623280e-10	
245	1.117500e-08	3.823520e-01	4.984751e-01	1.159751e-09	
246	1.122500e-08	3.823748e-01	5.258201e-01	1.433201e-09	
247	1.127500e-08	3.823975e-01	5.509609e-01	1.684609e-09	
248	1.132500e-08	3.824203e-01	5.740752e-01	1.915752e-09	
249	1.137500e-08	3.824430e-01	5.953265e-01	2.128265e-09	
250	1.142500e-08	3.824658e-01	6.148647e-01	2.323647e-09	
251	1.147500e-08	3.824885e-01	6.328281e-01	2.503281e-09	
252	1.152500e-08	3.825113e-01	6.493435e-01	2.668435e-09	
253	1.157500e-08	3.825340e-01	6.645276e-01	2.820276e-09	
254	1.162500e-08	3.825568e-01	6.784874e-01	2.959874e-09	
255	1.167500e-08	3.825795e-01	6.913206e-01	3.088206e-09	
256	1.172500e-08	3.826023e-01	7.031146e-01	3.206146e-09	
257	1.177500e-08	3.826250e-01	7.139333e-01	3.314333e-09	
258	1.182500e-08	3.826479e-01	7.237922e-01	3.412922e-09	
259	1.187500e-08	3.826712e-01	7.325490e-01	3.500490e-09	
260	1.192500e-08	3.826959e-01	7.395051e-01	3.570051e-09	
261	1.196250e-08	3.827170e-01	7.423413e-01	3.598413e-09	
262	1.200000e-08	3.827441e-01	7.401405e-01	3.576405e-09	
263	1.200500e-08	3.827456e-01	7.350897e-01	3.525897e-09	
264	1.201500e-08	3.827481e-01	7.250154e-01	3.425154e-09	
265	1.203500e-08	3.827531e-01	7.053933e-01	3.228933e-09	
266	1.207500e-08	3.827631e-01	6.682292e-01	2.857292e-09	
267	1.212500e-08	3.827753e-01	6.254567e-01	2.429567e-09	
268	1.217500e-08	3.827873e-01	5.865254e-01	2.040254e-09	
269	1.222500e-08	3.827990e-01	5.511337e-01	1.686337e-09	
270	1.227500e-08	3.828105e-01	5.190523e-01	1.365523e-09	
271	1.232500e-08	3.828216e-01	4.900588e-01	1.075588e-09	
272	1.237500e-08	3.828324e-01	4.640000e-01	8.149997e-10	
273	1.242500e-08	3.828428e-01	4.407545e-01	5.825453e-10	
274	1.247500e-08	3.828525e-01	4.203351e-01	3.783514e-10	
275	1.252500e-08	3.828614e-01	4.030333e-01	2.053326e-10	
276	1.257500e-08	3.828683e-01	3.906032e-01	8.103249e-11	
277	1.262500e-08	3.828719e-01	3.849650e-01	2.464950e-11	
278	1.267500e-08	3.828732e-01	3.832140e-01	7.139622e-12	
279	1.272500e-08	3.828733e-01	3.829090e-01	4.090379e-12	
280	1.277500e-08	3.828734e-01	3.828632e-01	3.632099e-12	
281	1.282500e-08	3.828733e-01	3.828557e-01	3.556930e-12	
282	1.287500e-08	3.828733e-01	3.828557e-01	3.557305e-12	
283	1.292500e-08	3.828733e-01	3.828546e-01	3.545697e-12	
284	1.297500e-08	3.828733e-01	3.828555e-01	3.555052e-12	
285	1.302500e-08	3.828733e-01	3.828545e-01	3.545324e-12	
286	1.307500e-08	3.828733e-01	3.828554e-01	3.554459e-12	

Index   time            v(cell)         v(bl)           vpre#branch     
--------------------------------------------------------------------------------
287	1.312500e-08	3.828732e-01	3.828545e-01	3.545191e-12	
288	1.317500e-08	3.828732e-01	3.828554e-01	3.553913e-12	
289	1.322500e-08	3.828732e-01	3.828545e-01	3.545055e-12	
290	1.327500e-08	3.828732e-01	3.828553e-01	3.553378e-12	
291	1.332500e-08	3.828732e-01	3.828545e-01	3.544910e-12	
292	1.337500e-08	3.828732e-01	3.828553e-01	3.552852e-12	
293	1.342500e-08	3.828731e-01	3.828545e-01	3.544757e-12	
294	1.347500e-08	3.828731e-01	3.828552e-01	3.552334e-12	
295	1.352500e-08	3.828731e-01	3.828545e-01	3.544595e-12	
296	1.357500e-08	3.828731e-01	3.828552e-01	3.551824e-12	
297	1.362500e-08	3.828731e-01	3.828544e-01	3.544425e-12	
298	1.367500e-08	3.828731e-01	3.828551e-01	3.551323e-12	
299	1.372500e-08	3.828730e-01	3.828544e-01	3.544248e-12	
300	1.377500e-08	3.828730e-01	3.828551e-01	3.550829e-12	
301	1.382500e-08	3.828730e-01	3.828544e-01	3.544064e-12	
302	1.387500e-08	3.828730e-01	3.828550e-01	3.550342e-12	
303	1.392500e-08	3.828730e-01	3.828544e-01	3.543874e-12	
304	1.397500e-08	3.828729e-01	3.828550e-01	3.549861e-12	
305	1.402500e-08	3.828729e-01	3.828544e-01	3.543676e-12	
306	1.407500e-08	3.828729e-01	3.828549e-01	3.549388e-12	
307	1.412500e-08	3.828729e-01	3.828543e-01	3.543473e-12	
308	1.417500e-08	3.828729e-01	3.828549e-01	3.548920e-12	
309	1.422500e-08	3.828729e-01	3.828543e-01	3.543263e-12	
310	1.427500e-08	3.828728e-01	3.828548e-01	3.548458e-12	
311	1.432500e-08	3.828728e-01	3.828543e-01	3.543048e-12	
312	1.437500e-08	3.828728e-01	3.828548e-01	3.548003e-12	
313	1.442500e-08	3.828728e-01	3.828543e-01	3.542828e-12	
314	1.447500e-08	3.828728e-01	3.828548e-01	3.547552e-12	
315	1.452500e-08	3.828727e-01	3.828543e-01	3.542602e-12	
316	1.457500e-08	3.828727e-01	3.828547e-01	3.547107e-12	
317	1.462500e-08	3.828727e-01	3.828542e-01	3.542371e-12	
318	1.467500e-08	3.828727e-01	3.828547e-01	3.546666e-12	
319	1.472500e-08	3.828727e-01	3.828542e-01	3.542136e-12	
320	1.477500e-08	3.828727e-01	3.828546e-01	3.546231e-12	
321	1.482500e-08	3.828726e-01	3.828542e-01	3.541896e-12	
322	1.487500e-08	3.828726e-01	3.828546e-01	3.545799e-12	
323	1.492500e-08	3.828726e-01	3.828542e-01	3.541652e-12	
324	1.497500e-08	3.828726e-01	3.828545e-01	3.545372e-12	
325	1.502500e-08	3.828726e-01	3.828541e-01	3.541404e-12	
326	1.507500e-08	3.828726e-01	3.828545e-01	3.544950e-12	
327	1.512500e-08	3.828725e-01	3.828541e-01	3.541152e-12	
328	1.517500e-08	3.828725e-01	3.828545e-01	3.544531e-12	
329	1.522500e-08	3.828725e-01	3.828541e-01	3.540896e-12	
330	1.527500e-08	3.828725e-01	3.828544e-01	3.544116e-12	
331	1.532500e-08	3.828725e-01	3.828541e-01	3.540637e-12	
332	1.537500e-08	3.828725e-01	3.828544e-01	3.543704e-12	
333	1.542500e-08	3.828724e-01	3.828540e-01	3.540374e-12	
334	1.547500e-08	3.828724e-01	3.828543e-01	3.543296e-12	
335	1.552500e-08	3.828724e-01	3.828540e-01	3.540108e-12	
336	1.557500e-08	3.828724e-01	3.828543e-01	3.542891e-12	
337	1.562500e-08	3.828724e-01	3.828540e-01	3.539838e-12	
338	1.567500e-08	3.828723e-01	3.828542e-01	3.542489e-12	
339	1.572500e-08	3.828723e-01	3.828540e-01	3.539566e-12	
340	1.577500e-08	3.828723e-01	3.828542e-01	3.542091e-12	
341	1.582500e-08	3.828723e-01	3.828539e-01	3.539291e-12	
342	1.587500e-08	3.828723e-01	3.828542e-01	3.541695e-12	
343	1.592500e-08	3.828723e-01	3.828539e-01	3.539013e-12	
344	1.597500e-08	3.828722e-01	3.828541e-01	3.541302e-12	

Index   time            v(cell)         v(bl)           vpre#branch     
--------------------------------------------------------------------------------
345	1.602500e-08	3.828722e-01	3.828539e-01	3.538733e-12	
346	1.607500e-08	3.828722e-01	3.828541e-01	3.540911e-12	
347	1.612500e-08	3.828722e-01	3.828538e-01	3.538450e-12	
348	1.617500e-08	3.828722e-01	3.828541e-01	3.540523e-12	
349	1.622500e-08	3.828721e-01	3.828538e-01	3.538165e-12	
350	1.627500e-08	3.828721e-01	3.828540e-01	3.540137e-12	
351	1.632500e-08	3.828721e-01	3.828538e-01	3.537878e-12	
352	1.637500e-08	3.828721e-01	3.828540e-01	3.539754e-12	
353	1.642500e-08	3.828721e-01	3.828538e-01	3.537588e-12	
354	1.647500e-08	3.828721e-01	3.828539e-01	3.539372e-12	
355	1.652500e-08	3.828720e-01	3.828537e-01	3.537297e-12	
356	1.657500e-08	3.828720e-01	3.828539e-01	3.538993e-12	
357	1.662500e-08	3.828720e-01	3.828537e-01	3.537003e-12	
358	1.667500e-08	3.828720e-01	3.828539e-01	3.538616e-12	
359	1.672500e-08	3.828720e-01	3.828537e-01	3.536708e-12	
360	1.677500e-08	3.828720e-01	3.828538e-01	3.538241e-12	
361	1.682500e-08	3.828719e-01	3.828536e-01	3.536411e-12	
362	1.687500e-08	3.828719e-01	3.828538e-01	3.537867e-12	
363	1.692500e-08	3.828719e-01	3.828536e-01	3.536112e-12	
364	1.697500e-08	3.828719e-01	3.828537e-01	3.537495e-12	
365	1.702500e-08	3.828719e-01	3.828536e-01	3.535811e-12	
366	1.707500e-08	3.828719e-01	3.828537e-01	3.537125e-12	
367	1.712500e-08	3.828718e-01	3.828536e-01	3.535509e-12	
368	1.717500e-08	3.828718e-01	3.828537e-01	3.536757e-12	
369	1.722500e-08	3.828718e-01	3.828535e-01	3.535206e-12	
370	1.727500e-08	3.828718e-01	3.828536e-01	3.536390e-12	
371	1.732500e-08	3.828718e-01	3.828535e-01	3.534901e-12	
372	1.737500e-08	3.828717e-01	3.828536e-01	3.536024e-12	
373	1.742500e-08	3.828717e-01	3.828535e-01	3.534595e-12	
374	1.747500e-08	3.828717e-01	3.828536e-01	3.535660e-12	
375	1.752500e-08	3.828717e-01	3.828534e-01	3.534287e-12	
376	1.757500e-08	3.828717e-01	3.828535e-01	3.535297e-12	
377	1.762500e-08	3.828717e-01	3.828534e-01	3.533979e-12	
378	1.767500e-08	3.828716e-01	3.828535e-01	3.534935e-12	
379	1.772500e-08	3.828716e-01	3.828534e-01	3.533669e-12	
380	1.777500e-08	3.828716e-01	3.828535e-01	3.534575e-12	
381	1.782500e-08	3.828716e-01	3.828533e-01	3.533358e-12	
382	1.787500e-08	3.828716e-01	3.828534e-01	3.534216e-12	
383	1.792500e-08	3.828715e-01	3.828533e-01	3.533045e-12	
384	1.797500e-08	3.828715e-01	3.828534e-01	3.533858e-12	
385	1.802500e-08	3.828715e-01	3.828533e-01	3.532732e-12	
386	1.807500e-08	3.828715e-01	3.828534e-01	3.533501e-12	
387	1.812500e-08	3.828715e-01	3.828532e-01	3.532418e-12	
388	1.817500e-08	3.828715e-01	3.828533e-01	3.533144e-12	
389	1.822500e-08	3.828714e-01	3.828532e-01	3.532103e-12	
390	1.827500e-08	3.828714e-01	3.828533e-01	3.532789e-12	
391	1.832500e-08	3.828714e-01	3.828532e-01	3.531787e-12	
392	1.837500e-08	3.828714e-01	3.828532e-01	3.532435e-12	
393	1.842500e-08	3.828714e-01	3.828531e-01	3.531471e-12	
394	1.847500e-08	3.828714e-01	3.828532e-01	3.532082e-12	
395	1.852500e-08	3.828713e-01	3.828531e-01	3.531153e-12	
396	1.857500e-08	3.828713e-01	3.828532e-01	3.531729e-12	
397	1.862500e-08	3.828713e-01	3.828531e-01	3.530835e-12	
398	1.867500e-08	3.828713e-01	3.828531e-01	3.531378e-12	
399	1.872500e-08	3.828713e-01	3.828531e-01	3.530516e-12	
400	1.877500e-08	3.828713e-01	3.828531e-01	3.531027e-12	
401	1.882500e-08	3.828712e-01	3.828530e-01	3.530196e-12	
402	1.887500e-08	3.828712e-01	3.828531e-01	3.530677e-12	

Index   time            v(cell)         v(bl)           vpre#branch     
--------------------------------------------------------------------------------
403	1.892500e-08	3.828712e-01	3.828530e-01	3.529876e-12	
404	1.897500e-08	3.828712e-01	3.828530e-01	3.530327e-12	
405	1.902500e-08	3.828712e-01	3.828530e-01	3.529555e-12	
406	1.907500e-08	3.828711e-01	3.828530e-01	3.529978e-12	
407	1.912500e-08	3.828711e-01	3.828529e-01	3.529233e-12	
408	1.917500e-08	3.828711e-01	3.828530e-01	3.529630e-12	
409	1.922500e-08	3.828711e-01	3.828529e-01	3.528911e-12	
410	1.927500e-08	3.828711e-01	3.828529e-01	3.529283e-12	
411	1.932500e-08	3.828711e-01	3.828529e-01	3.528588e-12	
412	1.937500e-08	3.828710e-01	3.828529e-01	3.528936e-12	
413	1.942500e-08	3.828710e-01	3.828528e-01	3.528265e-12	
414	1.947500e-08	3.828710e-01	3.828529e-01	3.528590e-12	
415	1.952500e-08	3.828710e-01	3.828528e-01	3.527941e-12	
416	1.957500e-08	3.828710e-01	3.828528e-01	3.528244e-12	
417	1.962500e-08	3.828710e-01	3.828528e-01	3.527617e-12	
418	1.967500e-08	3.828709e-01	3.828528e-01	3.527898e-12	
419	1.972500e-08	3.828709e-01	3.828527e-01	3.527293e-12	
420	1.977500e-08	3.828709e-01	3.828528e-01	3.527554e-12	
421	1.982500e-08	3.828709e-01	3.828527e-01	3.526967e-12	
422	1.987500e-08	3.828709e-01	3.828527e-01	3.527209e-12	
423	1.992500e-08	3.828708e-01	3.828527e-01	3.526642e-12	
424	1.997500e-08	3.828708e-01	3.828527e-01	3.526866e-12	
425	2.002500e-08	3.828708e-01	3.828526e-01	3.526316e-12	
426	2.007500e-08	3.828708e-01	3.828527e-01	3.526522e-12	
427	2.012500e-08	3.828708e-01	3.828526e-01	3.525990e-12	
428	2.017500e-08	3.828708e-01	3.828526e-01	3.526179e-12	
429	2.022500e-08	3.828707e-01	3.828526e-01	3.525663e-12	
430	2.027500e-08	3.828707e-01	3.828526e-01	3.525837e-12	
431	2.032500e-08	3.828707e-01	3.828525e-01	3.525337e-12	
432	2.037500e-08	3.828707e-01	3.828525e-01	3.525495e-12	
433	2.042500e-08	3.828707e-01	3.828525e-01	3.525009e-12	
434	2.047500e-08	3.828707e-01	3.828525e-01	3.525153e-12	
435	2.052500e-08	3.828706e-01	3.828525e-01	3.524682e-12	
436	2.057500e-08	3.828706e-01	3.828525e-01	3.524811e-12	
437	2.062500e-08	3.828706e-01	3.828524e-01	3.524354e-12	
438	2.067500e-08	3.828706e-01	3.828524e-01	3.524470e-12	
439	2.072500e-08	3.828706e-01	3.828524e-01	3.524026e-12	
440	2.077500e-08	3.828705e-01	3.828524e-01	3.524129e-12	
441	2.082500e-08	3.828705e-01	3.828524e-01	3.523698e-12	
442	2.087500e-08	3.828705e-01	3.828524e-01	3.523789e-12	
443	2.092500e-08	3.828705e-01	3.828523e-01	3.523369e-12	
444	2.097500e-08	3.828705e-01	3.828523e-01	3.523449e-12	
445	2.102500e-08	3.828705e-01	3.828523e-01	3.523040e-12	
446	2.107500e-08	3.828704e-01	3.828523e-01	3.523109e-12	
447	2.112500e-08	3.828704e-01	3.828523e-01	3.522711e-12	
448	2.117500e-08	3.828704e-01	3.828523e-01	3.522769e-12	
449	2.122500e-08	3.828704e-01	3.828522e-01	3.522382e-12	
450	2.127500e-08	3.828704e-01	3.828522e-01	3.522430e-12	
451	2.132500e-08	3.828704e-01	3.828522e-01	3.522053e-12	
452	2.137500e-08	3.828703e-01	3.828522e-01	3.522091e-12	
453	2.142500e-08	3.828703e-01	3.828522e-01	3.521723e-12	
454	2.147500e-08	3.828703e-01	3.828522e-01	3.521752e-12	
455	2.152500e-08	3.828703e-01	3.828521e-01	3.521393e-12	
456	2.157500e-08	3.828703e-01	3.828521e-01	3.521413e-12	
457	2.162500e-08	3.828702e-01	3.828521e-01	3.521063e-12	
458	2.167500e-08	3.828702e-01	3.828521e-01	3.521075e-12	
459	2.172500e-08	3.828702e-01	3.828521e-01	3.520733e-12	
460	2.177500e-08	3.828702e-01	3.828521e-01	3.520737e-12	

Index   time            v(cell)         v(bl)           vpre#branch     
--------------------------------------------------------------------------------
461	2.182500e-08	3.828702e-01	3.828520e-01	3.520403e-12	
462	2.187500e-08	3.828702e-01	3.828520e-01	3.520399e-12	
463	2.192500e-08	3.828701e-01	3.828520e-01	3.520072e-12	
464	2.196250e-08	3.828701e-01	3.828520e-01	3.520102e-12	
465	2.200000e-08	3.828701e-01	3.828520e-01	3.519827e-12	
466	2.200500e-08	3.828672e-01	3.793469e-01	-3.15314e-11	
467	2.201500e-08	3.828609e-01	3.733835e-01	-9.11653e-11	
468	2.203500e-08	3.828484e-01	3.622794e-01	-2.02206e-10	
469	2.207500e-08	3.828242e-01	3.407783e-01	-4.17217e-10	
470	2.212500e-08	3.827956e-01	3.141449e-01	-6.83551e-10	
471	2.217500e-08	3.827687e-01	2.877994e-01	-9.47006e-10	
472	2.222500e-08	3.827430e-01	2.620782e-01	-1.20422e-09	
473	2.227500e-08	3.827183e-01	2.372969e-01	-1.45203e-09	
474	2.232500e-08	3.826943e-01	2.136977e-01	-1.68802e-09	
475	2.237500e-08	3.826708e-01	1.914444e-01	-1.91056e-09	
476	2.242500e-08	3.826475e-01	1.706262e-01	-2.11874e-09	
477	2.247500e-08	3.826245e-01	1.511950e-01	-2.31305e-09	
478	2.252500e-08	3.826016e-01	1.331601e-01	-2.49340e-09	
479	2.257500e-08	3.825789e-01	1.165585e-01	-2.65941e-09	
480	2.262500e-08	3.825561e-01	1.012915e-01	-2.81209e-09	
481	2.267500e-08	3.825333e-01	8.725713e-02	-2.95243e-09	
482	2.272500e-08	3.825106e-01	7.435702e-02	-3.08143e-09	
483	2.277500e-08	3.824878e-01	6.249896e-02	-3.20001e-09	
484	2.282500e-08	3.824651e-01	5.159808e-02	-3.30902e-09	
485	2.287500e-08	3.824423e-01	4.157661e-02	-3.40923e-09	
486	2.292500e-08	3.824196e-01	3.236328e-02	-3.50137e-09	
487	2.296250e-08	3.824025e-01	2.594574e-02	-3.56554e-09	
488	2.300000e-08	3.823854e-01	1.992017e-02	-3.62580e-09	
489	2.300500e-08	3.823853e-01	2.294011e-02	-3.59560e-09	
490	2.301500e-08	3.823853e-01	2.892967e-02	-3.53570e-09	
491	2.303500e-08	3.823853e-01	4.061196e-02	-3.41888e-09	
492	2.307500e-08	3.823853e-01	6.283736e-02	-3.19663e-09	
493	2.312500e-08	3.823853e-01	8.860370e-02	-2.93896e-09	
494	2.317500e-08	3.823853e-01	1.122932e-01	-2.70207e-09	
495	2.322500e-08	3.823853e-01	1.340731e-01	-2.48427e-09	
496	2.327500e-08	3.823853e-01	1.540975e-01	-2.28402e-09	
497	2.332500e-08	3.823853e-01	1.725079e-01	-2.09992e-09	
498	2.337500e-08	3.823853e-01	1.894342e-01	-1.93066e-09	
499	2.342500e-08	3.823853e-01	2.049963e-01	-1.77504e-09	
500	2.347500e-08	3.823853e-01	2.193039e-01	-1.63196e-09	
501	2.352500e-08	3.823853e-01	2.324583e-01	-1.50042e-09	
502	2.357500e-08	3.823853e-01	2.445524e-01	-1.37948e-09	
503	2.362500e-08	3.823853e-01	2.556716e-01	-1.26828e-09	
504	2.367500e-08	3.823853e-01	2.658946e-01	-1.16605e-09	
505	2.372500e-08	3.823853e-01	2.752936e-01	-1.07206e-09	
506	2.377500e-08	3.823853e-01	2.839349e-01	-9.85651e-10	
507	2.382500e-08	3.823853e-01	2.918797e-01	-9.06203e-10	
508	2.387500e-08	3.823853e-01	2.991842e-01	-8.33158e-10	
509	2.392500e-08	3.823853e-01	3.058998e-01	-7.66002e-10	
510	2.397500e-08	3.823853e-01	3.120742e-01	-7.04258e-10	
511	2.402500e-08	3.823853e-01	3.177508e-01	-6.47492e-10	
512	2.407500e-08	3.823853e-01	3.229699e-01	-5.95301e-10	
513	2.412500e-08	3.823853e-01	3.277683e-01	-5.47317e-10	
514	2.417500e-08	3.823853e-01	3.321800e-01	-5.03200e-10	
515	2.422500e-08	3.823853e-01	3.362360e-01	-4.62640e-10	
516	2.427500e-08	3.823853e-01	3.399651e-01	-4.25349e-10	
517	2.432500e-08	3.823853e-01	3.433936e-01	-3.91064e-10	
518	2.437500e-08	3.823853e-01	3.465458e-01	-3.59542e-10	

Index   time            v(cell)         v(bl)           vpre#branch     
--------------------------------------------------------------------------------
519	2.442500e-08	3.823853e-01	3.494439e-01	-3.30561e-10	
520	2.447500e-08	3.823853e-01	3.521083e-01	-3.03917e-10	
521	2.452500e-08	3.823853e-01	3.545581e-01	-2.79419e-10	
522	2.457500e-08	3.823853e-01	3.568103e-01	-2.56897e-10	
523	2.462500e-08	3.823853e-01	3.588810e-01	-2.36190e-10	
524	2.467500e-08	3.823853e-01	3.607848e-01	-2.17152e-10	
525	2.472500e-08	3.823853e-01	3.625352e-01	-1.99648e-10	
526	2.477500e-08	3.823853e-01	3.641444e-01	-1.83556e-10	
527	2.482500e-08	3.823853e-01	3.656240e-01	-1.68760e-10	
528	2.487500e-08	3.823853e-01	3.669843e-01	-1.55157e-10	
529	2.492500e-08	3.823853e-01	3.682349e-01	-1.42651e-10	
530	2.497500e-08	3.823853e-01	3.693847e-01	-1.31153e-10	
531	2.502500e-08	3.823853e-01	3.704419e-01	-1.20581e-10	
532	2.507500e-08	3.823853e-01	3.714138e-01	-1.10862e-10	
533	2.512500e-08	3.823853e-01	3.723074e-01	-1.01926e-10	
534	2.517500e-08	3.823853e-01	3.731290e-01	-9.37099e-11	
535	2.522500e-08	3.823853e-01	3.738844e-01	-8.61564e-11	
536	2.527500e-08	3.823853e-01	3.745788e-01	-7.92118e-11	
537	2.532500e-08	3.823853e-01	3.752173e-01	-7.28270e-11	
538	2.537500e-08	3.823853e-01	3.758043e-01	-6.69568e-11	
539	2.542500e-08	3.823853e-01	3.763440e-01	-6.15597e-11	
540	2.547500e-08	3.823853e-01	3.768402e-01	-5.65977e-11	
541	2.552500e-08	3.823853e-01	3.772964e-01	-5.20357e-11	
542	2.557500e-08	3.823853e-01	3.777159e-01	-4.78413e-11	
543	2.562500e-08	3.823853e-01	3.781015e-01	-4.39851e-11	
544	2.567500e-08	3.823853e-01	3.784560e-01	-4.04397e-11	
545	2.572500e-08	3.823853e-01	3.787820e-01	-3.71801e-11	
546	2.577500e-08	3.823853e-01	3.790817e-01	-3.41832e-11	
547	2.582500e-08	3.823853e-01	3.793572e-01	-3.14278e-11	
548	2.587500e-08	3.823853e-01	3.796105e-01	-2.88946e-11	
549	2.592500e-08	3.823853e-01	3.798434e-01	-2.65656e-11	
550	2.597500e-08	3.823853e-01	3.800576e-01	-2.44242e-11	
551	2.602500e-08	3.823853e-01	3.802544e-01	-2.24555e-11	
552	2.607500e-08	3.823853e-01	3.804354e-01	-2.06455e-11	
553	2.612500e-08	3.823853e-01	3.806019e-01	-1.89814e-11	
554	2.617500e-08	3.823853e-01	3.807549e-01	-1.74514e-11	
555	2.622500e-08	3.823853e-01	3.808955e-01	-1.60447e-11	
556	2.627500e-08	3.823853e-01	3.810249e-01	-1.47514e-11	
557	2.632500e-08	3.823853e-01	3.811438e-01	-1.35624e-11	
558	2.637500e-08	3.823853e-01	3.812531e-01	-1.24692e-11	
559	2.642500e-08	3.823853e-01	3.813536e-01	-1.14641e-11	
560	2.647500e-08	3.823853e-01	3.814460e-01	-1.05401e-11	
561	2.652500e-08	3.823853e-01	3.815310e-01	-9.69049e-12	
562	2.657500e-08	3.823853e-01	3.816091e-01	-8.90939e-12	
563	2.662500e-08	3.823853e-01	3.816809e-01	-8.19125e-12	
564	2.667500e-08	3.823853e-01	3.817469e-01	-7.53099e-12	
565	2.672500e-08	3.823853e-01	3.818076e-01	-6.92396e-12	
566	2.677500e-08	3.823853e-01	3.818634e-01	-6.36585e-12	
567	2.682500e-08	3.823853e-01	3.819147e-01	-5.85274e-12	
568	2.687500e-08	3.823853e-01	3.819619e-01	-5.38098e-12	
569	2.692500e-08	3.823853e-01	3.820053e-01	-4.94724e-12	
570	2.697500e-08	3.823853e-01	3.820452e-01	-4.54847e-12	
571	2.702500e-08	3.823853e-01	3.820818e-01	-4.18184e-12	
572	2.707500e-08	3.823853e-01	3.821155e-01	-3.84477e-12	
573	2.712500e-08	3.823853e-01	3.821465e-01	-3.53486e-12	
574	2.717500e-08	3.823853e-01	3.821750e-01	-3.24993e-12	
575	2.722500e-08	3.823853e-01	3.822012e-01	-2.98797e-12	
576	2.727500e-08	3.823853e-01	3.822253e-01	-2.74713e-12	

Index   time            v(cell)         v(bl)           vpre#branch     
--------------------------------------------------------------------------------
577	2.732500e-08	3.823853e-01	3.822474e-01	-2.52570e-12	
578	2.737500e-08	3.823853e-01	3.822678e-01	-2.32211e-12	
579	2.742500e-08	3.823853e-01	3.822865e-01	-2.13494e-12	
580	2.747500e-08	3.823853e-01	3.823037e-01	-1.96285e-12	
581	2.752500e-08	3.823853e-01	3.823195e-01	-1.80464e-12	
582	2.757500e-08	3.823853e-01	3.823341e-01	-1.65918e-12	
583	2.762500e-08	3.823853e-01	3.823475e-01	-1.52544e-12	
584	2.767500e-08	3.823853e-01	3.823598e-01	-1.40248e-12	
585	2.772500e-08	3.823853e-01	3.823711e-01	-1.28943e-12	
586	2.777500e-08	3.823853e-01	3.823815e-01	-1.18550e-12	
587	2.782500e-08	3.823853e-01	3.823910e-01	-1.08994e-12	
588	2.787500e-08	3.823853e-01	3.823998e-01	-1.00209e-12	
589	2.792500e-08	3.823853e-01	3.824079e-01	-9.21315e-13	
590	2.797500e-08	3.823853e-01	3.824153e-01	-8.47052e-13	
591	2.802500e-08	3.823853e-01	3.824221e-01	-7.78776e-13	
592	2.807500e-08	3.823853e-01	3.824284e-01	-7.16003e-13	
593	2.812500e-08	3.823853e-01	3.824342e-01	-6.58289e-13	
594	2.817500e-08	3.823853e-01	3.824395e-01	-6.05228e-13	
595	2.822500e-08	3.823853e-01	3.824444e-01	-5.56444e-13	
596	2.827500e-08	3.823853e-01	3.824488e-01	-5.11592e-13	
597	2.832500e-08	3.823853e-01	3.824530e-01	-4.70355e-13	
598	2.837500e-08	3.823853e-01	3.824568e-01	-4.32442e-13	
599	2.842500e-08	3.823853e-01	3.824602e-01	-3.97585e-13	
600	2.847500e-08	3.823853e-01	3.824634e-01	-3.65538e-13	
601	2.852500e-08	3.823853e-01	3.824664e-01	-3.36074e-13	
602	2.857500e-08	3.823853e-01	3.824691e-01	-3.08985e-13	
603	2.862500e-08	3.823853e-01	3.824716e-01	-2.84079e-13	
604	2.867500e-08	3.823853e-01	3.824739e-01	-2.61181e-13	
605	2.872500e-08	3.823853e-01	3.824760e-01	-2.40129e-13	
606	2.877500e-08	3.823853e-01	3.824779e-01	-2.20773e-13	
607	2.882500e-08	3.823853e-01	3.824797e-01	-2.02978e-13	
608	2.887500e-08	3.823853e-01	3.824813e-01	-1.86617e-13	
609	2.892500e-08	3.823853e-01	3.824828e-01	-1.71575e-13	
610	2.897500e-08	3.823853e-01	3.824842e-01	-1.57745e-13	
611	2.902500e-08	3.823853e-01	3.824855e-01	-1.45030e-13	
612	2.907500e-08	3.823853e-01	3.824867e-01	-1.33340e-13	
613	2.912500e-08	3.823853e-01	3.824877e-01	-1.22592e-13	
614	2.917500e-08	3.823853e-01	3.824887e-01	-1.12710e-13	
615	2.922500e-08	3.823853e-01	3.824896e-01	-1.03625e-13	
616	2.927500e-08	3.823853e-01	3.824905e-01	-9.52727e-14	
617	2.932500e-08	3.823853e-01	3.824912e-01	-8.75933e-14	
618	2.937500e-08	3.823853e-01	3.824919e-01	-8.05329e-14	
619	2.942500e-08	3.823853e-01	3.824926e-01	-7.40416e-14	
620	2.947500e-08	3.823853e-01	3.824932e-01	-6.80735e-14	
621	2.952500e-08	3.823853e-01	3.824937e-01	-6.25864e-14	
622	2.957500e-08	3.823853e-01	3.824942e-01	-5.75417e-14	
623	2.962500e-08	3.823853e-01	3.824947e-01	-5.29035e-14	
624	2.967500e-08	3.823853e-01	3.824951e-01	-4.86393e-14	
625	2.972500e-08	3.823853e-01	3.824955e-01	-4.47187e-14	
626	2.977500e-08	3.823853e-01	3.824959e-01	-4.11142e-14	
627	2.982500e-08	3.823853e-01	3.824962e-01	-3.78002e-14	
628	2.987500e-08	3.823853e-01	3.824965e-01	-3.47533e-14	
629	2.992500e-08	3.823853e-01	3.824968e-01	-3.19521e-14	
630	2.997500e-08	3.823853e-01	3.824971e-01	-2.93766e-14	
631	3.002500e-08	3.823853e-01	3.824973e-01	-2.70087e-14	
632	3.007500e-08	3.823853e-01	3.824975e-01	-2.48317e-14	
633	3.012500e-08	3.823853e-01	3.824977e-01	-2.28301e-14	
634	3.017500e-08	3.823853e-01	3.824979e-01	-2.09899e-14	

Index   time            v(cell)         v(bl)           vpre#branch     
--------------------------------------------------------------------------------
635	3.022500e-08	3.823853e-01	3.824981e-01	-1.92981e-14	
636	3.027500e-08	3.823853e-01	3.824982e-01	-1.77426e-14	
637	3.032500e-08	3.823853e-01	3.824984e-01	-1.63124e-14	
638	3.037500e-08	3.823853e-01	3.824985e-01	-1.49976e-14	
639	3.042500e-08	3.823853e-01	3.824986e-01	-1.37887e-14	
640	3.047500e-08	3.823853e-01	3.824987e-01	-1.26773e-14	
641	3.052500e-08	3.823853e-01	3.824988e-01	-1.16554e-14	
642	3.057500e-08	3.823853e-01	3.824989e-01	-1.07160e-14	
643	3.062500e-08	3.823853e-01	3.824990e-01	-9.85223e-15	
644	3.067500e-08	3.823853e-01	3.824991e-01	-9.05810e-15	
645	3.072500e-08	3.823853e-01	3.824992e-01	-8.32799e-15	
646	3.077500e-08	3.823853e-01	3.824992e-01	-7.65672e-15	
647	3.082500e-08	3.823853e-01	3.824993e-01	-7.03957e-15	
648	3.087500e-08	3.823853e-01	3.824994e-01	-6.47216e-15	
649	3.092500e-08	3.823853e-01	3.824994e-01	-5.95048e-15	
650	3.097500e-08	3.823853e-01	3.824995e-01	-5.47085e-15	
651	3.102500e-08	3.823853e-01	3.824995e-01	-5.02989e-15	
652	3.107500e-08	3.823853e-01	3.824995e-01	-4.62447e-15	
653	3.112500e-08	3.823853e-01	3.824996e-01	-4.25173e-15	
654	3.117500e-08	3.823853e-01	3.824996e-01	-3.90903e-15	
655	3.122500e-08	3.823853e-01	3.824996e-01	-3.59395e-15	
656	3.127500e-08	3.823853e-01	3.824997e-01	-3.30427e-15	
657	3.132500e-08	3.823853e-01	3.824997e-01	-3.03795e-15	
658	3.137500e-08	3.823853e-01	3.824997e-01	-2.79308e-15	
659	3.142500e-08	3.823853e-01	3.824997e-01	-2.56796e-15	
660	3.147500e-08	3.823853e-01	3.824998e-01	-2.36098e-15	
661	3.152500e-08	3.823853e-01	3.824998e-01	-2.17069e-15	
662	3.157500e-08	3.823853e-01	3.824998e-01	-1.99573e-15	
663	3.162500e-08	3.823853e-01	3.824998e-01	-1.83488e-15	
664	3.167500e-08	3.823853e-01	3.824998e-01	-1.68699e-15	
665	3.172500e-08	3.823853e-01	3.824998e-01	-1.55102e-15	
666	3.177500e-08	3.823853e-01	3.824999e-01	-1.42601e-15	
667	3.182500e-08	3.823853e-01	3.824999e-01	-1.31108e-15	
668	3.187500e-08	3.823853e-01	3.824999e-01	-1.20541e-15	
669	3.192500e-08	3.823853e-01	3.824999e-01	-1.10826e-15	
670	3.197500e-08	3.823853e-01	3.824999e-01	-1.01894e-15	
671	3.202500e-08	3.823853e-01	3.824999e-01	-9.36824e-16	
672	3.207500e-08	3.823853e-01	3.824999e-01	-8.61323e-16	
673	3.212500e-08	3.823853e-01	3.824999e-01	-7.91908e-16	
674	3.217500e-08	3.823853e-01	3.824999e-01	-7.28088e-16	
675	3.222500e-08	3.823853e-01	3.824999e-01	-6.69412e-16	
676	3.227500e-08	3.823853e-01	3.824999e-01	-6.15466e-16	
677	3.232500e-08	3.823853e-01	3.824999e-01	-5.65868e-16	
678	3.237500e-08	3.823853e-01	3.824999e-01	-5.20268e-16	
679	3.242500e-08	3.823853e-01	3.825000e-01	-4.78344e-16	
680	3.247500e-08	3.823853e-01	3.825000e-01	-4.39799e-16	
681	3.252500e-08	3.823853e-01	3.825000e-01	-4.04361e-16	
682	3.257500e-08	3.823853e-01	3.825000e-01	-3.71779e-16	
683	3.262500e-08	3.823853e-01	3.825000e-01	-3.41824e-16	
684	3.267500e-08	3.823853e-01	3.825000e-01	-3.14283e-16	
685	3.272500e-08	3.823853e-01	3.825000e-01	-2.88962e-16	
686	3.277500e-08	3.823853e-01	3.825000e-01	-2.65682e-16	
687	3.282500e-08	3.823853e-01	3.825000e-01	-2.44278e-16	
688	3.287500e-08	3.823853e-01	3.825000e-01	-2.24600e-16	
689	3.292500e-08	3.823853e-01	3.825000e-01	-2.06508e-16	
690	3.297500e-08	3.823853e-01	3.825000e-01	-1.89874e-16	
691	3.302500e-08	3.823853e-01	3.825000e-01	-1.74581e-16	
692	3.307500e-08	3.823853e-01	3.825000e-01	-1.60521e-16	

Index   time            v(cell)         v(bl)           vpre#branch     
--------------------------------------------------------------------------------
693	3.312500e-08	3.823853e-01	3.825000e-01	-1.47594e-16	
694	3.317500e-08	3.823853e-01	3.825000e-01	-1.35709e-16	
695	3.322500e-08	3.823853e-01	3.825000e-01	-1.24782e-16	
696	3.327500e-08	3.823853e-01	3.825000e-01	-1.14735e-16	
697	3.332500e-08	3.823853e-01	3.825000e-01	-1.05499e-16	
698	3.337500e-08	3.823853e-01	3.825000e-01	-9.70068e-17	
699	3.342500e-08	3.823853e-01	3.825000e-01	-8.91993e-17	
700	3.347500e-08	3.823853e-01	3.825000e-01	-8.20211e-17	
701	3.352500e-08	3.823853e-01	3.825000e-01	-7.54215e-17	
702	3.357500e-08	3.823853e-01	3.825000e-01	-6.93539e-17	
703	3.362500e-08	3.823853e-01	3.825000e-01	-6.37754e-17	
704	3.367500e-08	3.823853e-01	3.825000e-01	-5.86465e-17	
705	3.372500e-08	3.823853e-01	3.825000e-01	-5.39310e-17	
706	3.377500e-08	3.823853e-01	3.825000e-01	-4.95957e-17	
707	3.382500e-08	3.823853e-01	3.825000e-01	-4.56098e-17	
708	3.387500e-08	3.823853e-01	3.825000e-01	-4.19451e-17	
709	3.392500e-08	3.823853e-01	3.825000e-01	-3.85759e-17	
710	3.397500e-08	3.823853e-01	3.825000e-01	-3.54782e-17	
711	3.402500e-08	3.823853e-01	3.825000e-01	-3.26302e-17	
712	3.407500e-08	3.823853e-01	3.825000e-01	-3.00117e-17	
713	3.412500e-08	3.823853e-01	3.825000e-01	-2.76043e-17	
714	3.417500e-08	3.823853e-01	3.825000e-01	-2.53909e-17	
715	3.422500e-08	3.823853e-01	3.825000e-01	-2.33559e-17	
716	3.427500e-08	3.823853e-01	3.825000e-01	-2.14849e-17	
717	3.432500e-08	3.823853e-01	3.825000e-01	-1.97648e-17	
718	3.437500e-08	3.823853e-01	3.825000e-01	-1.81834e-17	
719	3.442500e-08	3.823853e-01	3.825000e-01	-1.67294e-17	
720	3.447500e-08	3.823853e-01	3.825000e-01	-1.53927e-17	
721	3.452500e-08	3.823853e-01	3.825000e-01	-1.41637e-17	
722	3.457500e-08	3.823853e-01	3.825000e-01	-1.30337e-17	
723	3.462500e-08	3.823853e-01	3.825000e-01	-1.19948e-17	
724	3.467500e-08	3.823853e-01	3.825000e-01	-1.10397e-17	
725	3.472500e-08	3.823853e-01	3.825000e-01	-1.01615e-17	
726	3.477500e-08	3.823853e-01	3.825000e-01	-9.35416e-18	
727	3.482500e-08	3.823853e-01	3.825000e-01	-8.61188e-18	
728	3.487500e-08	3.823853e-01	3.825000e-01	-7.92949e-18	
729	3.492500e-08	3.823853e-01	3.825000e-01	-7.30213e-18	
730	3.497500e-08	3.823853e-01	3.825000e-01	-6.72526e-18	
731	3.502500e-08	3.823853e-01	3.825000e-01	-6.19490e-18	
732	3.507500e-08	3.823853e-01	3.825000e-01	-5.70728e-18	
733	3.512500e-08	3.823853e-01	3.825000e-01	-5.25897e-18	
734	3.517500e-08	3.823853e-01	3.825000e-01	-4.84679e-18	
735	3.522500e-08	3.823853e-01	3.825000e-01	-4.46777e-18	
736	3.527500e-08	3.823853e-01	3.825000e-01	-4.11930e-18	
737	3.532500e-08	3.823853e-01	3.825000e-01	-3.79899e-18	
738	3.537500e-08	3.823853e-01	3.825000e-01	-3.50449e-18	
739	3.542500e-08	3.823853e-01	3.825000e-01	-3.23374e-18	
740	3.547500e-08	3.823853e-01	3.825000e-01	-2.98480e-18	
741	3.552500e-08	3.823853e-01	3.825000e-01	-2.75587e-18	
742	3.557500e-08	3.823853e-01	3.825000e-01	-2.54538e-18	
743	3.562500e-08	3.823853e-01	3.825000e-01	-2.35194e-18	
744	3.567500e-08	3.823853e-01	3.825000e-01	-2.17408e-18	
745	3.572500e-08	3.823853e-01	3.825000e-01	-2.01049e-18	
746	3.577500e-08	3.823853e-01	3.825000e-01	-1.86016e-18	
747	3.582500e-08	3.823853e-01	3.825000e-01	-1.72196e-18	
748	3.587500e-08	3.823853e-01	3.825000e-01	-1.59483e-18	
749	3.592500e-08	3.823853e-01	3.825000e-01	-1.47795e-18	
750	3.597500e-08	3.823853e-01	3.825000e-01	-1.37055e-18	

Index   time            v(cell)         v(bl)           vpre#branch     
--------------------------------------------------------------------------------
751	3.602500e-08	3.823853e-01	3.825000e-01	-1.27182e-18	
752	3.607500e-08	3.823853e-01	3.825000e-01	-1.18097e-18	
753	3.612500e-08	3.823853e-01	3.825000e-01	-1.09745e-18	
754	3.617500e-08	3.823853e-01	3.825000e-01	-1.02073e-18	
755	3.622500e-08	3.823853e-01	3.825000e-01	-9.50120e-19	
756	3.627500e-08	3.823853e-01	3.825000e-01	-8.85207e-19	
757	3.632500e-08	3.823853e-01	3.825000e-01	-8.25594e-19	
758	3.637500e-08	3.823853e-01	3.825000e-01	-7.70717e-19	
759	3.642500e-08	3.823853e-01	3.825000e-01	-7.20263e-19	
760	3.647500e-08	3.823853e-01	3.825000e-01	-6.73944e-19	
761	3.652500e-08	3.823853e-01	3.825000e-01	-6.31359e-19	
762	3.657500e-08	3.823853e-01	3.825000e-01	-5.92136e-19	
763	3.662500e-08	3.823853e-01	3.825000e-01	-5.56078e-19	
764	3.667500e-08	3.823853e-01	3.825000e-01	-5.22924e-19	
765	3.672500e-08	3.823853e-01	3.825000e-01	-4.92374e-19	
766	3.677500e-08	3.823853e-01	3.825000e-01	-4.64287e-19	
767	3.682500e-08	3.823853e-01	3.825000e-01	-4.38466e-19	
768	3.687500e-08	3.823853e-01	3.825000e-01	-4.14724e-19	
769	3.692500e-08	3.823853e-01	3.825000e-01	-3.92966e-19	
770	3.697500e-08	3.823853e-01	3.825000e-01	-3.72960e-19	
771	3.702500e-08	3.823853e-01	3.825000e-01	-3.54568e-19	
772	3.707500e-08	3.823853e-01	3.825000e-01	-3.37725e-19	
773	3.712500e-08	3.823853e-01	3.825000e-01	-3.22172e-19	
774	3.717500e-08	3.823853e-01	3.825000e-01	-3.07803e-19	
775	3.722500e-08	3.823853e-01	3.825000e-01	-2.94595e-19	
776	3.727500e-08	3.823853e-01	3.825000e-01	-2.82516e-19	
777	3.732500e-08	3.823853e-01	3.825000e-01	-2.71415e-19	
778	3.737500e-08	3.823853e-01	3.825000e-01	-2.61205e-19	
779	3.742500e-08	3.823853e-01	3.825000e-01	-2.51889e-19	
780	3.747500e-08	3.823853e-01	3.825000e-01	-2.43253e-19	
781	3.752500e-08	3.823853e-01	3.825000e-01	-2.35316e-19	
782	3.757500e-08	3.823853e-01	3.825000e-01	-2.28018e-19	
783	3.762500e-08	3.823853e-01	3.825000e-01	-2.21309e-19	
784	3.767500e-08	3.823853e-01	3.825000e-01	-2.15139e-19	
785	3.772500e-08	3.823853e-01	3.825000e-01	-2.09468e-19	
786	3.777500e-08	3.823853e-01	3.825000e-01	-2.04320e-19	
787	3.782500e-08	3.823853e-01	3.825000e-01	-1.99590e-19	
788	3.787500e-08	3.823853e-01	3.825000e-01	-1.95172e-19	
789	3.792500e-08	3.823853e-01	3.825000e-01	-1.91111e-19	
790	3.797500e-08	3.823853e-01	3.825000e-01	-1.87375e-19	
791	3.802500e-08	3.823853e-01	3.825000e-01	-1.83874e-19	
792	3.807500e-08	3.823853e-01	3.825000e-01	-1.80722e-19	
793	3.812500e-08	3.823853e-01	3.825000e-01	-1.77823e-19	
794	3.817500e-08	3.823853e-01	3.825000e-01	-1.75157e-19	
795	3.822500e-08	3.823853e-01	3.825000e-01	-1.72709e-19	
796	3.827500e-08	3.823853e-01	3.825000e-01	-1.70440e-19	
797	3.832500e-08	3.823853e-01	3.825000e-01	-1.68425e-19	
798	3.837500e-08	3.823853e-01	3.825000e-01	-1.66501e-19	
799	3.842500e-08	3.823853e-01	3.825000e-01	-1.64735e-19	
800	3.847500e-08	3.823853e-01	3.825000e-01	-1.63109e-19	
801	3.852500e-08	3.823853e-01	3.825000e-01	-1.61619e-19	
802	3.857500e-08	3.823853e-01	3.825000e-01	-1.60312e-19	
803	3.862500e-08	3.823853e-01	3.825000e-01	-1.59045e-19	
804	3.867500e-08	3.823853e-01	3.825000e-01	-1.57879e-19	
805	3.872500e-08	3.823853e-01	3.825000e-01	-1.56806e-19	
806	3.877500e-08	3.823853e-01	3.825000e-01	-1.55821e-19	
807	3.882500e-08	3.823853e-01	3.825000e-01	-1.54914e-19	
808	3.887500e-08	3.823853e-01	3.825000e-01	-1.54082e-19	

Index   time            v(cell)         v(bl)           vpre#branch     
--------------------------------------------------------------------------------
809	3.892500e-08	3.823853e-01	3.825000e-01	-1.53315e-19	
810	3.897500e-08	3.823853e-01	3.825000e-01	-1.52610e-19	
811	3.902500e-08	3.823853e-01	3.825000e-01	-1.51962e-19	
812	3.907500e-08	3.823853e-01	3.825000e-01	-1.51298e-19	
813	3.912500e-08	3.823853e-01	3.825000e-01	-1.50757e-19	
814	3.917500e-08	3.823853e-01	3.825000e-01	-1.50326e-19	
815	3.922500e-08	3.823853e-01	3.825000e-01	-1.49931e-19	
816	3.927500e-08	3.823853e-01	3.825000e-01	-1.49497e-19	
817	3.932500e-08	3.823853e-01	3.825000e-01	-1.49103e-19	
818	3.937500e-08	3.823853e-01	3.825000e-01	-1.48737e-19	
819	3.942500e-08	3.823853e-01	3.825000e-01	-1.48402e-19	
820	3.947500e-08	3.823853e-01	3.825000e-01	-1.48160e-19	
821	3.952500e-08	3.823853e-01	3.825000e-01	-1.47940e-19	
822	3.957500e-08	3.823853e-01	3.825000e-01	-1.47738e-19	
823	3.962500e-08	3.823853e-01	3.825000e-01	-1.47553e-19	
824	3.967500e-08	3.823853e-01	3.825000e-01	-1.47381e-19	
825	3.972500e-08	3.823853e-01	3.825000e-01	-1.47224e-19	
826	3.977500e-08	3.823853e-01	3.825000e-01	-1.47080e-19	
827	3.982500e-08	3.823853e-01	3.825000e-01	-1.46946e-19	
828	3.987500e-08	3.823853e-01	3.825000e-01	-1.46754e-19	
829	3.992500e-08	3.823853e-01	3.825000e-01	-1.46581e-19	
830	3.996250e-08	3.823853e-01	3.825000e-01	-1.46535e-19	
831	4.000000e-08	3.823853e-01	3.825000e-01	-1.46529e-19	


Total analysis time (seconds) = 0.484045

Total elapsed time (seconds) = 0.497 

Total DRAM available = 386307.215 MB.
DRAM currently available = 20766.141 MB.
Maximum ngspice program size =  529.719 MB.
Current ngspice program size =   14.203 MB.

Shared ngspice pages =   12.375 MB.
Text (code) pages =    6.266 MB.
Stack = 0 bytes.
Library pages =   59.137 MB.

