
Note: No compatibility mode selected!


Circuit: * wl switching transient

Doing analysis at TEMP = 27.000000 and TNOM = 27.000000

Using SPARSE 1.3 as Direct Linear Solver

Initial Transient Solution
--------------------------

Node                                   Voltage
----                                   -------
b                                            0
d                                       0.3825
g                                            0
s                                            0
vg#branch                                    0
vd#branch                         -8.00552e-15
vs#branch                          8.00552e-15
vb#branch                                    0


No. of Data Rows : 217
                            * wl switching transient
                            Transient Analysis  Wed Jun 24 01:03:44  2026
--------------------------------------------------------------------------------
Index   time            v(g)            vg#branch       
--------------------------------------------------------------------------------
0	0.000000e+00	0.000000e+00	0.000000e+00	
1	1.000000e-12	0.000000e+00	-3.02553e-22	
2	2.000000e-12	0.000000e+00	5.444798e-22	
3	4.000000e-12	0.000000e+00	-7.26070e-22	
4	8.000000e-12	0.000000e+00	1.119273e-21	
5	1.600000e-11	0.000000e+00	-9.22671e-22	
6	3.200000e-11	0.000000e+00	9.680325e-22	
7	6.400000e-11	0.000000e+00	-9.18882e-22	
8	1.280000e-10	0.000000e+00	9.037526e-22	
9	2.280000e-10	0.000000e+00	-8.99141e-22	
10	3.280000e-10	0.000000e+00	8.809512e-22	
11	4.280000e-10	0.000000e+00	-8.79289e-22	
12	5.280000e-10	0.000000e+00	8.610989e-22	
13	6.280000e-10	0.000000e+00	-8.66054e-22	
14	7.280000e-10	0.000000e+00	8.478640e-22	
15	8.280000e-10	0.000000e+00	-8.46202e-22	
16	9.140000e-10	0.000000e+00	8.332255e-22	
17	1.000000e-09	0.000000e+00	-8.27753e-22	
18	1.010000e-09	7.650000e-03	-8.88362e-09	
19	1.030000e-09	2.295000e-02	-9.31461e-09	
20	1.070000e-09	5.355000e-02	-8.89950e-09	
21	1.150000e-09	1.147500e-01	-9.30696e-09	
22	1.250000e-09	1.912500e-01	-8.90442e-09	
23	1.350000e-09	2.677500e-01	-9.33746e-09	
24	1.450000e-09	3.442500e-01	-9.34175e-09	
25	1.550000e-09	4.207500e-01	-1.38873e-08	
26	1.650000e-09	4.972500e-01	-3.01711e-08	
27	1.750000e-09	5.737500e-01	-4.02127e-08	
28	1.850000e-09	6.502500e-01	-4.52867e-08	
29	1.925000e-09	7.076250e-01	-4.77574e-08	
30	2.000000e-09	7.650000e-01	-4.96224e-08	
31	2.010000e-09	7.650000e-01	-7.01203e-09	
32	2.030000e-09	7.650000e-01	4.954528e-09	
33	2.070000e-09	7.650000e-01	-4.17088e-09	
34	2.150000e-09	7.650000e-01	3.828200e-09	
35	2.250000e-09	7.650000e-01	-3.57465e-09	
36	2.350000e-09	7.650000e-01	3.338192e-09	
37	2.450000e-09	7.650000e-01	-3.11754e-09	
38	2.550000e-09	7.650000e-01	2.911748e-09	
39	2.650000e-09	7.650000e-01	-2.71971e-09	
40	2.750000e-09	7.650000e-01	2.540597e-09	
41	2.850000e-09	7.650000e-01	-2.37346e-09	
42	2.950000e-09	7.650000e-01	2.217551e-09	
43	3.050000e-09	7.650000e-01	-2.07207e-09	
44	3.150000e-09	7.650000e-01	1.936356e-09	
45	3.250000e-09	7.650000e-01	-1.80971e-09	
46	3.350000e-09	7.650000e-01	1.691571e-09	
47	3.450000e-09	7.650000e-01	-1.58132e-09	
48	3.550000e-09	7.650000e-01	1.478462e-09	
49	3.650000e-09	7.650000e-01	-1.38247e-09	
50	3.750000e-09	7.650000e-01	1.292914e-09	
51	3.850000e-09	7.650000e-01	-1.20933e-09	
52	3.950000e-09	7.650000e-01	1.131345e-09	
53	4.050000e-09	7.650000e-01	-1.05856e-09	
54	4.150000e-09	7.650000e-01	9.906375e-10	

Index   time            v(g)            vg#branch       
--------------------------------------------------------------------------------
55	4.250000e-09	7.650000e-01	-9.27244e-10	
56	4.350000e-09	7.650000e-01	8.680826e-10	
57	4.450000e-09	7.650000e-01	-8.12861e-10	
58	4.550000e-09	7.650000e-01	7.613221e-10	
59	4.650000e-09	7.650000e-01	-7.13212e-10	
60	4.750000e-09	7.650000e-01	6.683045e-10	
61	4.850000e-09	7.650000e-01	-6.26381e-10	
62	4.950000e-09	7.650000e-01	5.872454e-10	
63	5.050000e-09	7.650000e-01	-5.50706e-10	
64	5.150000e-09	7.650000e-01	5.165925e-10	
65	5.250000e-09	7.650000e-01	-4.84739e-10	
66	5.350000e-09	7.650000e-01	4.549952e-10	
67	5.450000e-09	7.650000e-01	-4.27219e-10	
68	5.550000e-09	7.650000e-01	4.012786e-10	
69	5.650000e-09	7.650000e-01	-3.77051e-10	
70	5.750000e-09	7.650000e-01	3.544207e-10	
71	5.850000e-09	7.650000e-01	-3.33281e-10	
72	5.950000e-09	7.650000e-01	3.135321e-10	
73	6.050000e-09	7.650000e-01	-2.95080e-10	
74	6.150000e-09	7.650000e-01	2.778393e-10	
75	6.250000e-09	7.650000e-01	-2.61727e-10	
76	6.350000e-09	7.650000e-01	2.466693e-10	
77	6.450000e-09	7.650000e-01	-2.32594e-10	
78	6.550000e-09	7.650000e-01	2.194365e-10	
79	6.650000e-09	7.650000e-01	-2.07135e-10	
80	6.750000e-09	7.650000e-01	1.956315e-10	
81	6.850000e-09	7.650000e-01	-1.84873e-10	
82	6.950000e-09	7.650000e-01	1.748110e-10	
83	7.050000e-09	7.650000e-01	-1.65397e-10	
84	7.150000e-09	7.650000e-01	1.565896e-10	
85	7.250000e-09	7.650000e-01	-1.48347e-10	
86	7.350000e-09	7.650000e-01	1.406315e-10	
87	7.450000e-09	7.650000e-01	-1.33408e-10	
88	7.550000e-09	7.650000e-01	1.266449e-10	
89	7.650000e-09	7.650000e-01	-1.20310e-10	
90	7.750000e-09	7.650000e-01	1.143759e-10	
91	7.850000e-09	7.650000e-01	-1.08815e-10	
92	7.950000e-09	7.650000e-01	1.036033e-10	
93	8.050000e-09	7.650000e-01	-9.87170e-11	
94	8.150000e-09	7.650000e-01	9.413484e-11	
95	8.250000e-09	7.650000e-01	-8.98365e-11	
96	8.350000e-09	7.650000e-01	8.580318e-11	
97	8.450000e-09	7.650000e-01	-8.20174e-11	
98	8.550000e-09	7.650000e-01	7.846267e-11	
99	8.650000e-09	7.650000e-01	-7.51238e-11	
100	8.750000e-09	7.650000e-01	7.198655e-11	
101	8.850000e-09	7.650000e-01	-6.90376e-11	
102	8.950000e-09	7.650000e-01	6.626453e-11	
103	9.050000e-09	7.650000e-01	-6.36558e-11	
104	9.150000e-09	7.650000e-01	6.120058e-11	
105	9.250000e-09	7.650000e-01	-5.88888e-11	
106	9.350000e-09	7.650000e-01	5.671115e-11	
107	9.450000e-09	7.650000e-01	-5.46588e-11	
108	9.550000e-09	7.650000e-01	5.272348e-11	
109	9.650000e-09	7.650000e-01	-5.08977e-11	
110	9.750000e-09	7.650000e-01	4.917425e-11	
111	9.850000e-09	7.650000e-01	-4.75465e-11	
112	9.925000e-09	7.650000e-01	4.551399e-11	

Index   time            v(g)            vg#branch       
--------------------------------------------------------------------------------
113	1.000000e-08	7.650000e-01	-4.36272e-11	
114	1.001000e-08	7.650000e-01	-3.00581e-12	
115	1.003000e-08	7.650000e-01	2.315888e-12	
116	1.007000e-08	7.650000e-01	-2.04899e-12	
117	1.015000e-08	7.650000e-01	1.931040e-12	
118	1.025000e-08	7.650000e-01	-1.84325e-12	
119	1.035000e-08	7.650000e-01	1.760865e-12	
120	1.045000e-08	7.650000e-01	-1.68353e-12	
121	1.055000e-08	7.650000e-01	1.610908e-12	
122	1.065000e-08	7.650000e-01	-1.54269e-12	
123	1.075000e-08	7.650000e-01	1.478584e-12	
124	1.085000e-08	7.650000e-01	-1.41832e-12	
125	1.095000e-08	7.650000e-01	1.361645e-12	
126	1.105000e-08	7.650000e-01	-1.30832e-12	
127	1.115000e-08	7.650000e-01	1.258132e-12	
128	1.125000e-08	7.650000e-01	-1.21087e-12	
129	1.135000e-08	7.650000e-01	1.166341e-12	
130	1.145000e-08	7.650000e-01	-1.12437e-12	
131	1.155000e-08	7.650000e-01	1.084788e-12	
132	1.165000e-08	7.650000e-01	-1.04744e-12	
133	1.175000e-08	7.650000e-01	1.012181e-12	
134	1.185000e-08	7.650000e-01	-9.78876e-13	
135	1.195000e-08	7.650000e-01	9.473968e-13	
136	1.205000e-08	7.650000e-01	-9.17627e-13	
137	1.215000e-08	7.650000e-01	8.894551e-13	
138	1.225000e-08	7.650000e-01	-8.62779e-13	
139	1.235000e-08	7.650000e-01	8.375036e-13	
140	1.245000e-08	7.650000e-01	-8.13538e-13	
141	1.255000e-08	7.650000e-01	7.907997e-13	
142	1.265000e-08	7.650000e-01	-7.69210e-13	
143	1.275000e-08	7.650000e-01	7.486965e-13	
144	1.285000e-08	7.650000e-01	-7.29191e-13	
145	1.295000e-08	7.650000e-01	7.106304e-13	
146	1.305000e-08	7.650000e-01	-6.92955e-13	
147	1.315000e-08	7.650000e-01	6.761103e-13	
148	1.325000e-08	7.650000e-01	-6.60044e-13	
149	1.335000e-08	7.650000e-01	6.447083e-13	
150	1.345000e-08	7.650000e-01	-6.30058e-13	
151	1.355000e-08	7.650000e-01	6.160512e-13	
152	1.365000e-08	7.650000e-01	-6.02649e-13	
153	1.375000e-08	7.650000e-01	5.898137e-13	
154	1.385000e-08	7.650000e-01	-5.77512e-13	
155	1.395000e-08	7.650000e-01	5.657120e-13	
156	1.405000e-08	7.650000e-01	-5.54383e-13	
157	1.415000e-08	7.650000e-01	5.434985e-13	
158	1.425000e-08	7.650000e-01	-5.33031e-13	
159	1.435000e-08	7.650000e-01	5.229571e-13	
160	1.445000e-08	7.650000e-01	-5.13254e-13	
161	1.455000e-08	7.650000e-01	5.038993e-13	
162	1.465000e-08	7.650000e-01	-4.94874e-13	
163	1.475000e-08	7.650000e-01	4.861600e-13	
164	1.485000e-08	7.650000e-01	-4.77739e-13	
165	1.495000e-08	7.650000e-01	4.695954e-13	
166	1.505000e-08	7.650000e-01	-4.61713e-13	
167	1.515000e-08	7.650000e-01	4.540793e-13	
168	1.525000e-08	7.650000e-01	-4.46680e-13	
169	1.535000e-08	7.650000e-01	4.395018e-13	
170	1.545000e-08	7.650000e-01	-4.32534e-13	

Index   time            v(g)            vg#branch       
--------------------------------------------------------------------------------
171	1.555000e-08	7.650000e-01	4.257661e-13	
172	1.565000e-08	7.650000e-01	-4.19187e-13	
173	1.575000e-08	7.650000e-01	4.127879e-13	
174	1.585000e-08	7.650000e-01	-4.06559e-13	
175	1.595000e-08	7.650000e-01	4.004929e-13	
176	1.605000e-08	7.650000e-01	-3.94581e-13	
177	1.615000e-08	7.650000e-01	3.888162e-13	
178	1.625000e-08	7.650000e-01	-3.83191e-13	
179	1.635000e-08	7.650000e-01	3.777004e-13	
180	1.645000e-08	7.650000e-01	-3.72337e-13	
181	1.655000e-08	7.650000e-01	3.670955e-13	
182	1.665000e-08	7.650000e-01	-3.61970e-13	
183	1.675000e-08	7.650000e-01	3.569569e-13	
184	1.685000e-08	7.650000e-01	-3.52050e-13	
185	1.695000e-08	7.650000e-01	3.472458e-13	
186	1.705000e-08	7.650000e-01	-3.42540e-13	
187	1.715000e-08	7.650000e-01	3.379277e-13	
188	1.725000e-08	7.650000e-01	-3.33406e-13	
189	1.735000e-08	7.650000e-01	3.289720e-13	
190	1.745000e-08	7.650000e-01	-3.24622e-13	
191	1.755000e-08	7.650000e-01	3.203518e-13	
192	1.765000e-08	7.650000e-01	-3.16160e-13	
193	1.775000e-08	7.650000e-01	3.120430e-13	
194	1.785000e-08	7.650000e-01	-3.07999e-13	
195	1.795000e-08	7.650000e-01	3.040243e-13	
196	1.805000e-08	7.650000e-01	-3.00118e-13	
197	1.815000e-08	7.650000e-01	2.962768e-13	
198	1.825000e-08	7.650000e-01	-2.92499e-13	
199	1.835000e-08	7.650000e-01	2.887835e-13	
200	1.845000e-08	7.650000e-01	-2.85127e-13	
201	1.855000e-08	7.650000e-01	2.815291e-13	
202	1.865000e-08	7.650000e-01	-2.77987e-13	
203	1.875000e-08	7.650000e-01	2.745000e-13	
204	1.885000e-08	7.650000e-01	-2.71066e-13	
205	1.895000e-08	7.650000e-01	2.676839e-13	
206	1.905000e-08	7.650000e-01	-2.64352e-13	
207	1.915000e-08	7.650000e-01	2.610698e-13	
208	1.925000e-08	7.650000e-01	-2.57835e-13	
209	1.935000e-08	7.650000e-01	2.546476e-13	
210	1.945000e-08	7.650000e-01	-2.51506e-13	
211	1.955000e-08	7.650000e-01	2.484081e-13	
212	1.965000e-08	7.650000e-01	-2.45354e-13	
213	1.975000e-08	7.650000e-01	2.423431e-13	
214	1.985000e-08	7.650000e-01	-2.39374e-13	
215	1.992500e-08	7.650000e-01	2.354776e-13	
216	2.000000e-08	7.650000e-01	-2.31652e-13	


Total analysis time (seconds) = 0.015319

Total elapsed time (seconds) = 0.021 

Total DRAM available = 386307.215 MB.
DRAM currently available = 9430.402 MB.
Maximum ngspice program size =  529.723 MB.
Current ngspice program size =   14.129 MB.

Shared ngspice pages =   12.371 MB.
Text (code) pages =    6.266 MB.
Stack = 0 bytes.
Library pages =   59.141 MB.

