
Note: No compatibility mode selected!


Circuit: * 1t1c ccell=30.0ff

Doing analysis at TEMP = 27.000000 and TNOM = 27.000000

Using SPARSE 1.3 as Direct Linear Solver

Initial Transient Solution
--------------------------

Node                                   Voltage
----                                   -------
pre                                     0.3825
bl                                      0.3825
wl                                           0
plate                                        0
b                                            0
s                                            0
cell                                         0
vs#branch                                    0
vb#branch                                    0
vpl#branch                                   0
vwl#branch                                   0
vpre#branch                                  0


No. of Data Rows : 832

  Measurements for Transient Analysis

t_write             =  1.90018e-09
t_read              =  2.27539e-08
i_hold              =  -7.21475e-12 from=  2.50000e-08 to=  3.50250e-08
q_read              =   8.52581e-19 from=  1.20000e-08 to=  2.20000e-08

                              * 1t1c ccell=30.0ff
                              Transient Analysis  Wed Jun 24 01:03:47  2026
--------------------------------------------------------------------------------
Index   time            v(cell)         v(bl)           vpre#branch     
--------------------------------------------------------------------------------
0	0.000000e+00	0.000000e+00	3.825000e-01	0.000000e+00	
1	5.000000e-13	1.334077e-13	3.825000e-01	-1.00586e-17	
2	1.000000e-12	2.668094e-13	3.825000e-01	-1.67683e-17	
3	2.000000e-12	5.336091e-13	3.825000e-01	-3.01765e-17	
4	4.000000e-12	1.067204e-12	3.825000e-01	-5.69255e-17	
5	8.000000e-12	2.134395e-12	3.825000e-01	-1.10155e-16	
6	1.600000e-11	4.268777e-12	3.825000e-01	-2.15547e-16	
7	3.200000e-11	8.537541e-12	3.825000e-01	-4.22140e-16	
8	6.400000e-11	1.707507e-11	3.824999e-01	-8.19104e-16	
9	1.140000e-10	3.041495e-11	3.824999e-01	-1.39836e-15	
10	1.640000e-10	4.375484e-11	3.824998e-01	-1.93093e-15	
11	2.140000e-10	5.709472e-11	3.824998e-01	-2.42057e-15	
12	2.640000e-10	7.043461e-11	3.824997e-01	-2.87075e-15	
13	3.140000e-10	8.377450e-11	3.824997e-01	-3.28463e-15	
14	3.640000e-10	9.711438e-11	3.824996e-01	-3.66516e-15	
15	4.140000e-10	1.104543e-10	3.824996e-01	-4.01501e-15	
16	4.640000e-10	1.237942e-10	3.824996e-01	-4.33667e-15	
17	5.140000e-10	1.371340e-10	3.824995e-01	-4.63240e-15	
18	5.640000e-10	1.504739e-10	3.824995e-01	-4.90429e-15	
19	6.140000e-10	1.638138e-10	3.824995e-01	-5.15426e-15	
20	6.640000e-10	1.771537e-10	3.824995e-01	-5.38408e-15	
21	7.140000e-10	1.904936e-10	3.824994e-01	-5.59538e-15	
22	7.640000e-10	2.038335e-10	3.824994e-01	-5.78965e-15	
23	8.140000e-10	2.171733e-10	3.824994e-01	-5.96826e-15	
24	8.640000e-10	2.305132e-10	3.824994e-01	-6.13248e-15	
25	9.140000e-10	2.438531e-10	3.824994e-01	-6.28345e-15	
26	9.570000e-10	2.553254e-10	3.824994e-01	-6.40350e-15	
27	1.000000e-09	2.667977e-10	3.824993e-01	-6.51519e-15	
28	1.005000e-09	3.824278e-03	3.824993e-01	-6.53699e-15	
29	1.015000e-09	1.147276e-02	3.824993e-01	-6.56409e-15	
30	1.035000e-09	2.676973e-02	3.824993e-01	-6.53611e-15	
31	1.075000e-09	5.736366e-02	3.824994e-01	-6.27575e-15	
32	1.125000e-09	9.560607e-02	3.824994e-01	-5.80697e-15	
33	1.175000e-09	1.338485e-01	3.824995e-01	-5.34078e-15	
34	1.225000e-09	1.720909e-01	3.824995e-01	-4.91090e-15	
35	1.275000e-09	2.103333e-01	3.824995e-01	-4.51524e-15	
36	1.325000e-09	2.485757e-01	3.824996e-01	-4.15201e-15	
37	1.375000e-09	2.868181e-01	3.824996e-01	-3.81847e-15	
38	1.425000e-09	3.250606e-01	3.824996e-01	-3.51177e-15	
39	1.475000e-09	3.633030e-01	3.824997e-01	-3.22969e-15	
40	1.525000e-09	4.015454e-01	3.824997e-01	-2.97002e-15	
41	1.575000e-09	4.397878e-01	3.824997e-01	-2.73029e-15	
42	1.625000e-09	4.780302e-01	3.824997e-01	-2.50897e-15	
43	1.675000e-09	5.162726e-01	3.824998e-01	-2.30557e-15	
44	1.725000e-09	5.545150e-01	3.824998e-01	-2.11854e-15	
45	1.775000e-09	5.927575e-01	3.824998e-01	-1.94656e-15	
46	1.825000e-09	6.309999e-01	3.824998e-01	-1.78841e-15	
47	1.875000e-09	6.692423e-01	3.824998e-01	-1.64300e-15	
48	1.925000e-09	7.074847e-01	3.824998e-01	-1.50929e-15	
49	1.962500e-09	7.361665e-01	3.824999e-01	-1.41614e-15	
50	2.000000e-09	7.648483e-01	3.824999e-01	-1.32867e-15	
51	2.005000e-09	7.648483e-01	3.824999e-01	-1.31747e-15	
52	2.015000e-09	7.648483e-01	3.824999e-01	-1.29525e-15	
53	2.035000e-09	7.648483e-01	3.824999e-01	-1.25192e-15	
54	2.075000e-09	7.648483e-01	3.824999e-01	-1.16948e-15	

Index   time            v(cell)         v(bl)           vpre#branch     
--------------------------------------------------------------------------------
55	2.125000e-09	7.648483e-01	3.824999e-01	-1.07391e-15	
56	2.175000e-09	7.648483e-01	3.824999e-01	-9.86046e-16	
57	2.225000e-09	7.648483e-01	3.824999e-01	-9.05261e-16	
58	2.275000e-09	7.648483e-01	3.824999e-01	-8.30988e-16	
59	2.325000e-09	7.648483e-01	3.824999e-01	-7.62701e-16	
60	2.375000e-09	7.648483e-01	3.824999e-01	-6.99919e-16	
61	2.425000e-09	7.648483e-01	3.824999e-01	-6.42197e-16	
62	2.475000e-09	7.648483e-01	3.824999e-01	-5.89128e-16	
63	2.525000e-09	7.648483e-01	3.824999e-01	-5.40337e-16	
64	2.575000e-09	7.648483e-01	3.825000e-01	-4.95478e-16	
65	2.625000e-09	7.648483e-01	3.825000e-01	-4.54236e-16	
66	2.675000e-09	7.648483e-01	3.825000e-01	-4.16317e-16	
67	2.725000e-09	7.648483e-01	3.825000e-01	-3.81455e-16	
68	2.775000e-09	7.648483e-01	3.825000e-01	-3.49403e-16	
69	2.825000e-09	7.648483e-01	3.825000e-01	-3.19935e-16	
70	2.875000e-09	7.648483e-01	3.825000e-01	-2.92842e-16	
71	2.925000e-09	7.648483e-01	3.825000e-01	-2.67932e-16	
72	2.975000e-09	7.648483e-01	3.825000e-01	-2.45031e-16	
73	3.025000e-09	7.648483e-01	3.825000e-01	-2.23975e-16	
74	3.075000e-09	7.648483e-01	3.825000e-01	-2.04617e-16	
75	3.125000e-09	7.648483e-01	3.825000e-01	-1.86819e-16	
76	3.175000e-09	7.648483e-01	3.825000e-01	-1.70455e-16	
77	3.225000e-09	7.648483e-01	3.825000e-01	-1.55411e-16	
78	3.275000e-09	7.648483e-01	3.825000e-01	-1.41579e-16	
79	3.325000e-09	7.648483e-01	3.825000e-01	-1.28862e-16	
80	3.375000e-09	7.648483e-01	3.825000e-01	-1.17171e-16	
81	3.425000e-09	7.648483e-01	3.825000e-01	-1.06421e-16	
82	3.475000e-09	7.648483e-01	3.825000e-01	-9.65382e-17	
83	3.525000e-09	7.648483e-01	3.825000e-01	-8.74519e-17	
84	3.575000e-09	7.648483e-01	3.825000e-01	-7.90980e-17	
85	3.625000e-09	7.648483e-01	3.825000e-01	-7.14174e-17	
86	3.675000e-09	7.648483e-01	3.825000e-01	-6.43559e-17	
87	3.725000e-09	7.648483e-01	3.825000e-01	-5.78637e-17	
88	3.775000e-09	7.648483e-01	3.825000e-01	-5.18947e-17	
89	3.825000e-09	7.648483e-01	3.825000e-01	-4.64068e-17	
90	3.875000e-09	7.648483e-01	3.825000e-01	-4.13613e-17	
91	3.925000e-09	7.648483e-01	3.825000e-01	-3.67225e-17	
92	3.975000e-09	7.648483e-01	3.825000e-01	-3.24577e-17	
93	4.025000e-09	7.648483e-01	3.825000e-01	-2.85366e-17	
94	4.075000e-09	7.648483e-01	3.825000e-01	-2.49316e-17	
95	4.125000e-09	7.648483e-01	3.825000e-01	-2.16171e-17	
96	4.175000e-09	7.648483e-01	3.825000e-01	-1.85699e-17	
97	4.225000e-09	7.648483e-01	3.825000e-01	-1.57681e-17	
98	4.275000e-09	7.648483e-01	3.825000e-01	-1.31922e-17	
99	4.325000e-09	7.648483e-01	3.825000e-01	-1.08241e-17	
100	4.375000e-09	7.648483e-01	3.825000e-01	-8.64676e-18	
101	4.425000e-09	7.648483e-01	3.825000e-01	-6.64489e-18	
102	4.475000e-09	7.648483e-01	3.825000e-01	-4.80438e-18	
103	4.525000e-09	7.648483e-01	3.825000e-01	-3.11229e-18	
104	4.575000e-09	7.648483e-01	3.825000e-01	-1.55659e-18	
105	4.625000e-09	7.648483e-01	3.825000e-01	-1.26294e-19	
106	4.675000e-09	7.648483e-01	3.825000e-01	1.188716e-18	
107	4.725000e-09	7.648483e-01	3.825000e-01	2.397733e-18	
108	4.775000e-09	7.648483e-01	3.825000e-01	3.509296e-18	
109	4.825000e-09	7.648483e-01	3.825000e-01	4.531333e-18	
110	4.875000e-09	7.648483e-01	3.825000e-01	5.470987e-18	
111	4.925000e-09	7.648483e-01	3.825000e-01	6.334831e-18	
112	4.975000e-09	7.648483e-01	3.825000e-01	7.129115e-18	

Index   time            v(cell)         v(bl)           vpre#branch     
--------------------------------------------------------------------------------
113	5.025000e-09	7.648483e-01	3.825000e-01	7.859374e-18	
114	5.075000e-09	7.648483e-01	3.825000e-01	8.530703e-18	
115	5.125000e-09	7.648483e-01	3.825000e-01	9.147919e-18	
116	5.175000e-09	7.648483e-01	3.825000e-01	9.715384e-18	
117	5.225000e-09	7.648483e-01	3.825000e-01	1.023711e-17	
118	5.275000e-09	7.648483e-01	3.825000e-01	1.071678e-17	
119	5.325000e-09	7.648483e-01	3.825000e-01	1.115779e-17	
120	5.375000e-09	7.648483e-01	3.825000e-01	1.156325e-17	
121	5.425000e-09	7.648483e-01	3.825000e-01	1.193603e-17	
122	5.475000e-09	7.648483e-01	3.825000e-01	1.227876e-17	
123	5.525000e-09	7.648483e-01	3.825000e-01	1.259386e-17	
124	5.575000e-09	7.648483e-01	3.825000e-01	1.288357e-17	
125	5.625000e-09	7.648483e-01	3.825000e-01	1.314999e-17	
126	5.675000e-09	7.648483e-01	3.825000e-01	1.339494e-17	
127	5.725000e-09	7.648483e-01	3.825000e-01	1.362007e-17	
128	5.775000e-09	7.648483e-01	3.825000e-01	1.382713e-17	
129	5.825000e-09	7.648483e-01	3.825000e-01	1.401757e-17	
130	5.875000e-09	7.648483e-01	3.825000e-01	1.419258e-17	
131	5.925000e-09	7.648483e-01	3.825000e-01	1.435349e-17	
132	5.975000e-09	7.648483e-01	3.825000e-01	1.450150e-17	
133	6.025000e-09	7.648483e-01	3.825000e-01	1.463751e-17	
134	6.075000e-09	7.648483e-01	3.825000e-01	1.476256e-17	
135	6.125000e-09	7.648483e-01	3.825000e-01	1.487752e-17	
136	6.175000e-09	7.648483e-01	3.825000e-01	1.498315e-17	
137	6.225000e-09	7.648483e-01	3.825000e-01	1.508027e-17	
138	6.275000e-09	7.648483e-01	3.825000e-01	1.516956e-17	
139	6.325000e-09	7.648483e-01	3.825000e-01	1.525172e-17	
140	6.375000e-09	7.648483e-01	3.825000e-01	1.532726e-17	
141	6.425000e-09	7.648483e-01	3.825000e-01	1.539664e-17	
142	6.475000e-09	7.648483e-01	3.825000e-01	1.546050e-17	
143	6.525000e-09	7.648483e-01	3.825000e-01	1.551927e-17	
144	6.575000e-09	7.648483e-01	3.825000e-01	1.557325e-17	
145	6.625000e-09	7.648483e-01	3.825000e-01	1.562280e-17	
146	6.675000e-09	7.648483e-01	3.825000e-01	1.566836e-17	
147	6.725000e-09	7.648483e-01	3.825000e-01	1.571031e-17	
148	6.775000e-09	7.648483e-01	3.825000e-01	1.574888e-17	
149	6.825000e-09	7.648483e-01	3.825000e-01	1.578435e-17	
150	6.875000e-09	7.648483e-01	3.825000e-01	1.581702e-17	
151	6.925000e-09	7.648483e-01	3.825000e-01	1.584699e-17	
152	6.962500e-09	7.648483e-01	3.825000e-01	1.586782e-17	
153	7.000000e-09	7.648483e-01	3.825000e-01	1.588737e-17	
154	7.005000e-09	7.457269e-01	3.825000e-01	1.588828e-17	
155	7.015000e-09	7.074845e-01	3.825000e-01	1.588841e-17	
156	7.035000e-09	6.309997e-01	3.825000e-01	1.587858e-17	
157	7.067500e-09	5.067118e-01	3.825000e-01	1.582664e-17	
158	7.100000e-09	3.824240e-01	3.825000e-01	1.569161e-17	
159	7.105000e-09	3.824241e-01	3.825000e-01	1.556538e-17	
160	7.115000e-09	3.824242e-01	3.825000e-01	1.530403e-17	
161	7.135000e-09	3.824241e-01	3.825000e-01	1.479601e-17	
162	7.175000e-09	3.824242e-01	3.825000e-01	1.382712e-17	
163	7.225000e-09	3.824241e-01	3.825000e-01	1.270561e-17	
164	7.275000e-09	3.824242e-01	3.825000e-01	1.167295e-17	
165	7.325000e-09	3.824241e-01	3.825000e-01	1.072501e-17	
166	7.375000e-09	3.824242e-01	3.825000e-01	9.852091e-18	
167	7.425000e-09	3.824241e-01	3.825000e-01	9.051000e-18	
168	7.475000e-09	3.824242e-01	3.825000e-01	8.312977e-18	
169	7.525000e-09	3.824241e-01	3.825000e-01	7.635771e-18	
170	7.575000e-09	3.824242e-01	3.825000e-01	7.011918e-18	

Index   time            v(cell)         v(bl)           vpre#branch     
--------------------------------------------------------------------------------
171	7.625000e-09	3.824241e-01	3.825000e-01	6.439672e-18	
172	7.675000e-09	3.824242e-01	3.825000e-01	5.912200e-18	
173	7.725000e-09	3.824241e-01	3.825000e-01	5.428494e-18	
174	7.775000e-09	3.824242e-01	3.825000e-01	4.982554e-18	
175	7.825000e-09	3.824241e-01	3.825000e-01	4.573818e-18	
176	7.875000e-09	3.824242e-01	3.825000e-01	4.196808e-18	
177	7.925000e-09	3.824241e-01	3.825000e-01	3.851375e-18	
178	7.975000e-09	3.824242e-01	3.825000e-01	3.532633e-18	
179	8.025000e-09	3.824241e-01	3.825000e-01	3.240706e-18	
180	8.075000e-09	3.824241e-01	3.825000e-01	2.971208e-18	
181	8.125000e-09	3.824241e-01	3.825000e-01	2.724437e-18	
182	8.175000e-09	3.824241e-01	3.825000e-01	2.496510e-18	
183	8.225000e-09	3.824241e-01	3.825000e-01	2.288082e-18	
184	8.275000e-09	3.824241e-01	3.825000e-01	2.095412e-18	
185	8.325000e-09	3.824241e-01	3.825000e-01	1.919168e-18	
186	8.375000e-09	3.824241e-01	3.825000e-01	1.756136e-18	
187	8.425000e-09	3.824241e-01	3.825000e-01	1.607267e-18	
188	8.475000e-09	3.824241e-01	3.825000e-01	1.469446e-18	
189	8.525000e-09	3.824241e-01	3.825000e-01	1.343646e-18	
190	8.575000e-09	3.824241e-01	3.825000e-01	1.227090e-18	
191	8.625000e-09	3.824241e-01	3.825000e-01	1.120820e-18	
192	8.675000e-09	3.824241e-01	3.825000e-01	1.022260e-18	
193	8.725000e-09	3.824241e-01	3.825000e-01	9.325287e-19	
194	8.775000e-09	3.824241e-01	3.825000e-01	8.491787e-19	
195	8.825000e-09	3.824241e-01	3.825000e-01	7.733800e-19	
196	8.875000e-09	3.824241e-01	3.825000e-01	7.028570e-19	
197	8.925000e-09	3.824241e-01	3.825000e-01	6.387638e-19	
198	8.975000e-09	3.824241e-01	3.825000e-01	5.790554e-19	
199	9.025000e-09	3.824241e-01	3.825000e-01	5.249230e-19	
200	9.075000e-09	3.824241e-01	3.825000e-01	4.744741e-19	
201	9.125000e-09	3.824241e-01	3.825000e-01	4.288055e-19	
202	9.175000e-09	3.824241e-01	3.825000e-01	3.861205e-19	
203	9.225000e-09	3.824241e-01	3.825000e-01	3.476739e-19	
204	9.275000e-09	3.824241e-01	3.825000e-01	3.116635e-19	
205	9.325000e-09	3.824241e-01	3.825000e-01	2.792041e-19	
206	9.375000e-09	3.824241e-01	3.825000e-01	2.486058e-19	
207	9.425000e-09	3.824241e-01	3.825000e-01	2.210938e-19	
208	9.475000e-09	3.824241e-01	3.825000e-01	1.951915e-19	
209	9.525000e-09	3.824241e-01	3.825000e-01	1.720039e-19	
210	9.575000e-09	3.824241e-01	3.825000e-01	1.501258e-19	
211	9.625000e-09	3.824241e-01	3.825000e-01	1.305572e-19	
212	9.675000e-09	3.824241e-01	3.825000e-01	1.119804e-19	
213	9.725000e-09	3.824241e-01	3.825000e-01	9.547153e-20	
214	9.775000e-09	3.824241e-01	3.825000e-01	7.968148e-20	
215	9.825000e-09	3.824241e-01	3.825000e-01	6.572694e-20	
216	9.875000e-09	3.824241e-01	3.825000e-01	5.234399e-20	
217	9.925000e-09	3.824241e-01	3.825000e-01	4.061870e-20	
218	9.975000e-09	3.824241e-01	3.825000e-01	2.934010e-20	
219	1.002500e-08	3.824241e-01	3.825000e-01	1.945363e-20	
220	1.007500e-08	3.824241e-01	3.825000e-01	9.822770e-21	
221	1.012500e-08	3.824241e-01	3.825000e-01	1.498851e-21	
222	1.017500e-08	3.824241e-01	3.825000e-01	-6.60586e-21	
223	1.022500e-08	3.824241e-01	3.825000e-01	-1.36857e-20	
224	1.027500e-08	3.824241e-01	3.825000e-01	-2.06241e-20	
225	1.032500e-08	3.824241e-01	3.825000e-01	-2.65153e-20	
226	1.037500e-08	3.824241e-01	3.825000e-01	-3.23940e-20	
227	1.042500e-08	3.824241e-01	3.825000e-01	-3.74167e-20	
228	1.047500e-08	3.824241e-01	3.825000e-01	-4.24766e-20	

Index   time            v(cell)         v(bl)           vpre#branch     
--------------------------------------------------------------------------------
229	1.052500e-08	3.824241e-01	3.825000e-01	-4.66952e-20	
230	1.057500e-08	3.824241e-01	3.825000e-01	-5.09279e-20	
231	1.062500e-08	3.824241e-01	3.825000e-01	-5.43565e-20	
232	1.067500e-08	3.824241e-01	3.825000e-01	-5.79126e-20	
233	1.072500e-08	3.824241e-01	3.825000e-01	-6.08565e-20	
234	1.077500e-08	3.824241e-01	3.825000e-01	-6.39328e-20	
235	1.082500e-08	3.824241e-01	3.825000e-01	-6.63291e-20	
236	1.087500e-08	3.824241e-01	3.825000e-01	-6.88893e-20	
237	1.092500e-08	3.824241e-01	3.825000e-01	-7.08803e-20	
238	1.096250e-08	3.824241e-01	3.825000e-01	-7.26339e-20	
239	1.100000e-08	3.824241e-01	3.825000e-01	-7.39293e-20	
240	1.100500e-08	3.824249e-01	3.862916e-01	3.791557e-11	
241	1.101500e-08	3.824264e-01	3.938115e-01	1.131151e-10	
242	1.103500e-08	3.824294e-01	4.084787e-01	2.597872e-10	
243	1.107500e-08	3.824355e-01	4.363829e-01	5.388292e-10	
244	1.112500e-08	3.824431e-01	4.687328e-01	8.623280e-10	
245	1.117500e-08	3.824507e-01	4.984751e-01	1.159751e-09	
246	1.122500e-08	3.824582e-01	5.258201e-01	1.433201e-09	
247	1.127500e-08	3.824658e-01	5.509609e-01	1.684609e-09	
248	1.132500e-08	3.824734e-01	5.740752e-01	1.915752e-09	
249	1.137500e-08	3.824810e-01	5.953265e-01	2.128265e-09	
250	1.142500e-08	3.824886e-01	6.148647e-01	2.323647e-09	
251	1.147500e-08	3.824962e-01	6.328281e-01	2.503281e-09	
252	1.152500e-08	3.825038e-01	6.493435e-01	2.668435e-09	
253	1.157500e-08	3.825113e-01	6.645276e-01	2.820276e-09	
254	1.162500e-08	3.825189e-01	6.784874e-01	2.959874e-09	
255	1.167500e-08	3.825265e-01	6.913206e-01	3.088206e-09	
256	1.172500e-08	3.825341e-01	7.031145e-01	3.206145e-09	
257	1.177500e-08	3.825417e-01	7.139333e-01	3.314333e-09	
258	1.182500e-08	3.825493e-01	7.237918e-01	3.412918e-09	
259	1.187500e-08	3.825571e-01	7.325471e-01	3.500471e-09	
260	1.192500e-08	3.825653e-01	7.394969e-01	3.569969e-09	
261	1.196250e-08	3.825724e-01	7.423194e-01	3.598194e-09	
262	1.200000e-08	3.825814e-01	7.400803e-01	3.575803e-09	
263	1.200500e-08	3.825819e-01	7.350194e-01	3.525194e-09	
264	1.201500e-08	3.825828e-01	7.249246e-01	3.424246e-09	
265	1.203500e-08	3.825844e-01	7.052620e-01	3.227620e-09	
266	1.207500e-08	3.825878e-01	6.680195e-01	2.855195e-09	
267	1.212500e-08	3.825919e-01	6.251538e-01	2.426538e-09	
268	1.217500e-08	3.825959e-01	5.861351e-01	2.036351e-09	
269	1.222500e-08	3.825999e-01	5.506621e-01	1.681621e-09	
270	1.227500e-08	3.826037e-01	5.185059e-01	1.360059e-09	
271	1.232500e-08	3.826074e-01	4.894450e-01	1.069450e-09	
272	1.237500e-08	3.826111e-01	4.633279e-01	8.082790e-10	
273	1.242500e-08	3.826145e-01	4.400362e-01	5.753624e-10	
274	1.247500e-08	3.826178e-01	4.195898e-01	3.708980e-10	
275	1.252500e-08	3.826208e-01	4.023051e-01	1.980506e-10	
276	1.257500e-08	3.826230e-01	3.900474e-01	7.547390e-11	
277	1.262500e-08	3.826242e-01	3.845970e-01	2.097044e-11	
278	1.267500e-08	3.826246e-01	3.829464e-01	4.463686e-12	
279	1.272500e-08	3.826247e-01	3.826669e-01	1.669247e-12	
280	1.277500e-08	3.826247e-01	3.826259e-01	1.259113e-12	
281	1.282500e-08	3.826247e-01	3.826191e-01	1.190740e-12	
282	1.287500e-08	3.826247e-01	3.826193e-01	1.193114e-12	
283	1.292500e-08	3.826247e-01	3.826181e-01	1.181258e-12	
284	1.297500e-08	3.826247e-01	3.826191e-01	1.191391e-12	
285	1.302500e-08	3.826247e-01	3.826181e-01	1.181238e-12	
286	1.307500e-08	3.826247e-01	3.826191e-01	1.191090e-12	

Index   time            v(cell)         v(bl)           vpre#branch     
--------------------------------------------------------------------------------
287	1.312500e-08	3.826247e-01	3.826181e-01	1.181419e-12	
288	1.317500e-08	3.826247e-01	3.826191e-01	1.190831e-12	
289	1.322500e-08	3.826247e-01	3.826182e-01	1.181595e-12	
290	1.327500e-08	3.826247e-01	3.826191e-01	1.190582e-12	
291	1.332500e-08	3.826247e-01	3.826182e-01	1.181761e-12	
292	1.337500e-08	3.826247e-01	3.826190e-01	1.190344e-12	
293	1.342500e-08	3.826247e-01	3.826182e-01	1.181918e-12	
294	1.347500e-08	3.826247e-01	3.826190e-01	1.190114e-12	
295	1.352500e-08	3.826247e-01	3.826182e-01	1.182066e-12	
296	1.357500e-08	3.826247e-01	3.826190e-01	1.189893e-12	
297	1.362500e-08	3.826247e-01	3.826182e-01	1.182206e-12	
298	1.367500e-08	3.826247e-01	3.826190e-01	1.189680e-12	
299	1.372500e-08	3.826247e-01	3.826182e-01	1.182338e-12	
300	1.377500e-08	3.826247e-01	3.826189e-01	1.189475e-12	
301	1.382500e-08	3.826247e-01	3.826182e-01	1.182463e-12	
302	1.387500e-08	3.826247e-01	3.826189e-01	1.189278e-12	
303	1.392500e-08	3.826247e-01	3.826183e-01	1.182580e-12	
304	1.397500e-08	3.826247e-01	3.826189e-01	1.189088e-12	
305	1.402500e-08	3.826246e-01	3.826183e-01	1.182690e-12	
306	1.407500e-08	3.826246e-01	3.826189e-01	1.188905e-12	
307	1.412500e-08	3.826246e-01	3.826183e-01	1.182794e-12	
308	1.417500e-08	3.826246e-01	3.826189e-01	1.188728e-12	
309	1.422500e-08	3.826246e-01	3.826183e-01	1.182891e-12	
310	1.427500e-08	3.826246e-01	3.826189e-01	1.188558e-12	
311	1.432500e-08	3.826246e-01	3.826183e-01	1.182983e-12	
312	1.437500e-08	3.826246e-01	3.826188e-01	1.188393e-12	
313	1.442500e-08	3.826246e-01	3.826183e-01	1.183068e-12	
314	1.447500e-08	3.826246e-01	3.826188e-01	1.188235e-12	
315	1.452500e-08	3.826246e-01	3.826183e-01	1.183148e-12	
316	1.457500e-08	3.826246e-01	3.826188e-01	1.188082e-12	
317	1.462500e-08	3.826246e-01	3.826183e-01	1.183223e-12	
318	1.467500e-08	3.826246e-01	3.826188e-01	1.187934e-12	
319	1.472500e-08	3.826246e-01	3.826183e-01	1.183293e-12	
320	1.477500e-08	3.826246e-01	3.826188e-01	1.187791e-12	
321	1.482500e-08	3.826246e-01	3.826183e-01	1.183358e-12	
322	1.487500e-08	3.826246e-01	3.826188e-01	1.187653e-12	
323	1.492500e-08	3.826246e-01	3.826183e-01	1.183418e-12	
324	1.497500e-08	3.826246e-01	3.826188e-01	1.187519e-12	
325	1.502500e-08	3.826246e-01	3.826183e-01	1.183474e-12	
326	1.507500e-08	3.826246e-01	3.826187e-01	1.187390e-12	
327	1.512500e-08	3.826246e-01	3.826184e-01	1.183526e-12	
328	1.517500e-08	3.826246e-01	3.826187e-01	1.187264e-12	
329	1.522500e-08	3.826246e-01	3.826184e-01	1.183573e-12	
330	1.527500e-08	3.826246e-01	3.826187e-01	1.187143e-12	
331	1.532500e-08	3.826246e-01	3.826184e-01	1.183617e-12	
332	1.537500e-08	3.826246e-01	3.826187e-01	1.187026e-12	
333	1.542500e-08	3.826246e-01	3.826184e-01	1.183657e-12	
334	1.547500e-08	3.826246e-01	3.826187e-01	1.186912e-12	
335	1.552500e-08	3.826246e-01	3.826184e-01	1.183694e-12	
336	1.557500e-08	3.826246e-01	3.826187e-01	1.186801e-12	
337	1.562500e-08	3.826246e-01	3.826184e-01	1.183727e-12	
338	1.567500e-08	3.826246e-01	3.826187e-01	1.186694e-12	
339	1.572500e-08	3.826246e-01	3.826184e-01	1.183758e-12	
340	1.577500e-08	3.826246e-01	3.826187e-01	1.186590e-12	
341	1.582500e-08	3.826246e-01	3.826184e-01	1.183785e-12	
342	1.587500e-08	3.826246e-01	3.826186e-01	1.186489e-12	
343	1.592500e-08	3.826246e-01	3.826184e-01	1.183809e-12	
344	1.597500e-08	3.826246e-01	3.826186e-01	1.186391e-12	

Index   time            v(cell)         v(bl)           vpre#branch     
--------------------------------------------------------------------------------
345	1.602500e-08	3.826246e-01	3.826184e-01	1.183831e-12	
346	1.607500e-08	3.826246e-01	3.826186e-01	1.186295e-12	
347	1.612500e-08	3.826246e-01	3.826184e-01	1.183849e-12	
348	1.617500e-08	3.826246e-01	3.826186e-01	1.186203e-12	
349	1.622500e-08	3.826246e-01	3.826184e-01	1.183866e-12	
350	1.627500e-08	3.826246e-01	3.826186e-01	1.186112e-12	
351	1.632500e-08	3.826246e-01	3.826184e-01	1.183880e-12	
352	1.637500e-08	3.826246e-01	3.826186e-01	1.186024e-12	
353	1.642500e-08	3.826246e-01	3.826184e-01	1.183891e-12	
354	1.647500e-08	3.826246e-01	3.826186e-01	1.185939e-12	
355	1.652500e-08	3.826245e-01	3.826184e-01	1.183901e-12	
356	1.657500e-08	3.826245e-01	3.826186e-01	1.185855e-12	
357	1.662500e-08	3.826245e-01	3.826184e-01	1.183908e-12	
358	1.667500e-08	3.826245e-01	3.826186e-01	1.185774e-12	
359	1.672500e-08	3.826245e-01	3.826184e-01	1.183913e-12	
360	1.677500e-08	3.826245e-01	3.826186e-01	1.185694e-12	
361	1.682500e-08	3.826245e-01	3.826184e-01	1.183917e-12	
362	1.687500e-08	3.826245e-01	3.826186e-01	1.185617e-12	
363	1.692500e-08	3.826245e-01	3.826184e-01	1.183918e-12	
364	1.697500e-08	3.826245e-01	3.826186e-01	1.185541e-12	
365	1.702500e-08	3.826245e-01	3.826184e-01	1.183918e-12	
366	1.707500e-08	3.826245e-01	3.826185e-01	1.185467e-12	
367	1.712500e-08	3.826245e-01	3.826184e-01	1.183916e-12	
368	1.717500e-08	3.826245e-01	3.826185e-01	1.185394e-12	
369	1.722500e-08	3.826245e-01	3.826184e-01	1.183912e-12	
370	1.727500e-08	3.826245e-01	3.826185e-01	1.185323e-12	
371	1.732500e-08	3.826245e-01	3.826184e-01	1.183907e-12	
372	1.737500e-08	3.826245e-01	3.826185e-01	1.185254e-12	
373	1.742500e-08	3.826245e-01	3.826184e-01	1.183901e-12	
374	1.747500e-08	3.826245e-01	3.826185e-01	1.185186e-12	
375	1.752500e-08	3.826245e-01	3.826184e-01	1.183893e-12	
376	1.757500e-08	3.826245e-01	3.826185e-01	1.185120e-12	
377	1.762500e-08	3.826245e-01	3.826184e-01	1.183884e-12	
378	1.767500e-08	3.826245e-01	3.826185e-01	1.185054e-12	
379	1.772500e-08	3.826245e-01	3.826184e-01	1.183873e-12	
380	1.777500e-08	3.826245e-01	3.826185e-01	1.184990e-12	
381	1.782500e-08	3.826245e-01	3.826184e-01	1.183861e-12	
382	1.787500e-08	3.826245e-01	3.826185e-01	1.184928e-12	
383	1.792500e-08	3.826245e-01	3.826184e-01	1.183849e-12	
384	1.797500e-08	3.826245e-01	3.826185e-01	1.184866e-12	
385	1.802500e-08	3.826245e-01	3.826184e-01	1.183835e-12	
386	1.807500e-08	3.826245e-01	3.826185e-01	1.184805e-12	
387	1.812500e-08	3.826245e-01	3.826184e-01	1.183820e-12	
388	1.817500e-08	3.826245e-01	3.826185e-01	1.184746e-12	
389	1.822500e-08	3.826245e-01	3.826184e-01	1.183804e-12	
390	1.827500e-08	3.826245e-01	3.826185e-01	1.184687e-12	
391	1.832500e-08	3.826245e-01	3.826184e-01	1.183786e-12	
392	1.837500e-08	3.826245e-01	3.826185e-01	1.184630e-12	
393	1.842500e-08	3.826245e-01	3.826184e-01	1.183769e-12	
394	1.847500e-08	3.826245e-01	3.826185e-01	1.184573e-12	
395	1.852500e-08	3.826245e-01	3.826184e-01	1.183750e-12	
396	1.857500e-08	3.826245e-01	3.826185e-01	1.184517e-12	
397	1.862500e-08	3.826245e-01	3.826184e-01	1.183730e-12	
398	1.867500e-08	3.826245e-01	3.826184e-01	1.184462e-12	
399	1.872500e-08	3.826245e-01	3.826184e-01	1.183710e-12	
400	1.877500e-08	3.826245e-01	3.826184e-01	1.184408e-12	
401	1.882500e-08	3.826245e-01	3.826184e-01	1.183688e-12	
402	1.887500e-08	3.826245e-01	3.826184e-01	1.184354e-12	

Index   time            v(cell)         v(bl)           vpre#branch     
--------------------------------------------------------------------------------
403	1.892500e-08	3.826245e-01	3.826184e-01	1.183666e-12	
404	1.897500e-08	3.826245e-01	3.826184e-01	1.184302e-12	
405	1.902500e-08	3.826245e-01	3.826184e-01	1.183644e-12	
406	1.907500e-08	3.826244e-01	3.826184e-01	1.184250e-12	
407	1.912500e-08	3.826244e-01	3.826184e-01	1.183620e-12	
408	1.917500e-08	3.826244e-01	3.826184e-01	1.184198e-12	
409	1.922500e-08	3.826244e-01	3.826184e-01	1.183597e-12	
410	1.927500e-08	3.826244e-01	3.826184e-01	1.184147e-12	
411	1.932500e-08	3.826244e-01	3.826184e-01	1.183572e-12	
412	1.937500e-08	3.826244e-01	3.826184e-01	1.184097e-12	
413	1.942500e-08	3.826244e-01	3.826184e-01	1.183547e-12	
414	1.947500e-08	3.826244e-01	3.826184e-01	1.184048e-12	
415	1.952500e-08	3.826244e-01	3.826184e-01	1.183521e-12	
416	1.957500e-08	3.826244e-01	3.826184e-01	1.183999e-12	
417	1.962500e-08	3.826244e-01	3.826183e-01	1.183495e-12	
418	1.967500e-08	3.826244e-01	3.826184e-01	1.183950e-12	
419	1.972500e-08	3.826244e-01	3.826183e-01	1.183468e-12	
420	1.977500e-08	3.826244e-01	3.826184e-01	1.183902e-12	
421	1.982500e-08	3.826244e-01	3.826183e-01	1.183441e-12	
422	1.987500e-08	3.826244e-01	3.826184e-01	1.183854e-12	
423	1.992500e-08	3.826244e-01	3.826183e-01	1.183413e-12	
424	1.997500e-08	3.826244e-01	3.826184e-01	1.183807e-12	
425	2.002500e-08	3.826244e-01	3.826183e-01	1.183385e-12	
426	2.007500e-08	3.826244e-01	3.826184e-01	1.183761e-12	
427	2.012500e-08	3.826244e-01	3.826183e-01	1.183357e-12	
428	2.017500e-08	3.826244e-01	3.826184e-01	1.183714e-12	
429	2.022500e-08	3.826244e-01	3.826183e-01	1.183328e-12	
430	2.027500e-08	3.826244e-01	3.826184e-01	1.183669e-12	
431	2.032500e-08	3.826244e-01	3.826183e-01	1.183298e-12	
432	2.037500e-08	3.826244e-01	3.826184e-01	1.183623e-12	
433	2.042500e-08	3.826244e-01	3.826183e-01	1.183269e-12	
434	2.047500e-08	3.826244e-01	3.826184e-01	1.183578e-12	
435	2.052500e-08	3.826244e-01	3.826183e-01	1.183239e-12	
436	2.057500e-08	3.826244e-01	3.826184e-01	1.183533e-12	
437	2.062500e-08	3.826244e-01	3.826183e-01	1.183208e-12	
438	2.067500e-08	3.826244e-01	3.826183e-01	1.183489e-12	
439	2.072500e-08	3.826244e-01	3.826183e-01	1.183178e-12	
440	2.077500e-08	3.826244e-01	3.826183e-01	1.183444e-12	
441	2.082500e-08	3.826244e-01	3.826183e-01	1.183147e-12	
442	2.087500e-08	3.826244e-01	3.826183e-01	1.183401e-12	
443	2.092500e-08	3.826244e-01	3.826183e-01	1.183115e-12	
444	2.097500e-08	3.826244e-01	3.826183e-01	1.183357e-12	
445	2.102500e-08	3.826244e-01	3.826183e-01	1.183084e-12	
446	2.107500e-08	3.826244e-01	3.826183e-01	1.183314e-12	
447	2.112500e-08	3.826244e-01	3.826183e-01	1.183052e-12	
448	2.117500e-08	3.826244e-01	3.826183e-01	1.183271e-12	
449	2.122500e-08	3.826244e-01	3.826183e-01	1.183020e-12	
450	2.127500e-08	3.826244e-01	3.826183e-01	1.183228e-12	
451	2.132500e-08	3.826244e-01	3.826183e-01	1.182987e-12	
452	2.137500e-08	3.826244e-01	3.826183e-01	1.183185e-12	
453	2.142500e-08	3.826244e-01	3.826183e-01	1.182955e-12	
454	2.147500e-08	3.826244e-01	3.826183e-01	1.183143e-12	
455	2.152500e-08	3.826244e-01	3.826183e-01	1.182922e-12	
456	2.157500e-08	3.826243e-01	3.826183e-01	1.183101e-12	
457	2.162500e-08	3.826243e-01	3.826183e-01	1.182889e-12	
458	2.167500e-08	3.826243e-01	3.826183e-01	1.183059e-12	
459	2.172500e-08	3.826243e-01	3.826183e-01	1.182856e-12	
460	2.177500e-08	3.826243e-01	3.826183e-01	1.183017e-12	

Index   time            v(cell)         v(bl)           vpre#branch     
--------------------------------------------------------------------------------
461	2.182500e-08	3.826243e-01	3.826183e-01	1.182822e-12	
462	2.187500e-08	3.826243e-01	3.826183e-01	1.182976e-12	
463	2.192500e-08	3.826243e-01	3.826183e-01	1.182789e-12	
464	2.196250e-08	3.826243e-01	3.826183e-01	1.182939e-12	
465	2.200000e-08	3.826243e-01	3.826183e-01	1.182766e-12	
466	2.200500e-08	3.826234e-01	3.791139e-01	-3.38605e-11	
467	2.201500e-08	3.826212e-01	3.731605e-01	-9.33949e-11	
468	2.203500e-08	3.826171e-01	3.620803e-01	-2.04197e-10	
469	2.207500e-08	3.826090e-01	3.406209e-01	-4.18791e-10	
470	2.212500e-08	3.825994e-01	3.140244e-01	-6.84756e-10	
471	2.217500e-08	3.825905e-01	2.877030e-01	-9.47970e-10	
472	2.222500e-08	3.825819e-01	2.619979e-01	-1.20502e-09	
473	2.227500e-08	3.825737e-01	2.372279e-01	-1.45272e-09	
474	2.232500e-08	3.825656e-01	2.136370e-01	-1.68863e-09	
475	2.237500e-08	3.825578e-01	1.913901e-01	-1.91110e-09	
476	2.242500e-08	3.825501e-01	1.705770e-01	-2.11923e-09	
477	2.247500e-08	3.825424e-01	1.511500e-01	-2.31350e-09	
478	2.252500e-08	3.825348e-01	1.331187e-01	-2.49381e-09	
479	2.257500e-08	3.825272e-01	1.165204e-01	-2.65980e-09	
480	2.262500e-08	3.825196e-01	1.012564e-01	-2.81244e-09	
481	2.267500e-08	3.825120e-01	8.722487e-02	-2.95275e-09	
482	2.272500e-08	3.825044e-01	7.432735e-02	-3.08173e-09	
483	2.277500e-08	3.824968e-01	6.247168e-02	-3.20028e-09	
484	2.282500e-08	3.824892e-01	5.157300e-02	-3.30927e-09	
485	2.287500e-08	3.824816e-01	4.155354e-02	-3.40946e-09	
486	2.292500e-08	3.824740e-01	3.234207e-02	-3.50158e-09	
487	2.296250e-08	3.824684e-01	2.592582e-02	-3.56574e-09	
488	2.300000e-08	3.824627e-01	1.990147e-02	-3.62599e-09	
489	2.300500e-08	3.824626e-01	2.292157e-02	-3.59578e-09	
490	2.301500e-08	3.824626e-01	2.891144e-02	-3.53589e-09	
491	2.303500e-08	3.824626e-01	4.059433e-02	-3.41906e-09	
492	2.307500e-08	3.824626e-01	6.282088e-02	-3.19679e-09	
493	2.312500e-08	3.824626e-01	8.858855e-02	-2.93911e-09	
494	2.317500e-08	3.824626e-01	1.122792e-01	-2.70221e-09	
495	2.322500e-08	3.824626e-01	1.340603e-01	-2.48440e-09	
496	2.327500e-08	3.824626e-01	1.540857e-01	-2.28414e-09	
497	2.332500e-08	3.824626e-01	1.724970e-01	-2.10003e-09	
498	2.337500e-08	3.824626e-01	1.894243e-01	-1.93076e-09	
499	2.342500e-08	3.824626e-01	2.049871e-01	-1.77513e-09	
500	2.347500e-08	3.824626e-01	2.192955e-01	-1.63204e-09	
501	2.352500e-08	3.824626e-01	2.324506e-01	-1.50049e-09	
502	2.357500e-08	3.824626e-01	2.445453e-01	-1.37955e-09	
503	2.362500e-08	3.824626e-01	2.556651e-01	-1.26835e-09	
504	2.367500e-08	3.824626e-01	2.658886e-01	-1.16611e-09	
505	2.372500e-08	3.824626e-01	2.752880e-01	-1.07212e-09	
506	2.377500e-08	3.824626e-01	2.839298e-01	-9.85702e-10	
507	2.382500e-08	3.824626e-01	2.918751e-01	-9.06249e-10	
508	2.387500e-08	3.824626e-01	2.991799e-01	-8.33201e-10	
509	2.392500e-08	3.824626e-01	3.058959e-01	-7.66041e-10	
510	2.397500e-08	3.824626e-01	3.120705e-01	-7.04295e-10	
511	2.402500e-08	3.824626e-01	3.177475e-01	-6.47525e-10	
512	2.407500e-08	3.824626e-01	3.229668e-01	-5.95332e-10	
513	2.412500e-08	3.824626e-01	3.277655e-01	-5.47345e-10	
514	2.417500e-08	3.824626e-01	3.321774e-01	-5.03226e-10	
515	2.422500e-08	3.824626e-01	3.362336e-01	-4.62664e-10	
516	2.427500e-08	3.824626e-01	3.399629e-01	-4.25371e-10	
517	2.432500e-08	3.824626e-01	3.433916e-01	-3.91084e-10	
518	2.437500e-08	3.824626e-01	3.465439e-01	-3.59561e-10	

Index   time            v(cell)         v(bl)           vpre#branch     
--------------------------------------------------------------------------------
519	2.442500e-08	3.824626e-01	3.494422e-01	-3.30578e-10	
520	2.447500e-08	3.824626e-01	3.521068e-01	-3.03932e-10	
521	2.452500e-08	3.824626e-01	3.545566e-01	-2.79434e-10	
522	2.457500e-08	3.824626e-01	3.568090e-01	-2.56910e-10	
523	2.462500e-08	3.824626e-01	3.588798e-01	-2.36202e-10	
524	2.467500e-08	3.824626e-01	3.607837e-01	-2.17163e-10	
525	2.472500e-08	3.824626e-01	3.625341e-01	-1.99659e-10	
526	2.477500e-08	3.824626e-01	3.641435e-01	-1.83565e-10	
527	2.482500e-08	3.824626e-01	3.656231e-01	-1.68769e-10	
528	2.487500e-08	3.824626e-01	3.669835e-01	-1.55165e-10	
529	2.492500e-08	3.824626e-01	3.682342e-01	-1.42658e-10	
530	2.497500e-08	3.824626e-01	3.693841e-01	-1.31159e-10	
531	2.502500e-08	3.824626e-01	3.704413e-01	-1.20587e-10	
532	2.507500e-08	3.824626e-01	3.714133e-01	-1.10867e-10	
533	2.512500e-08	3.824626e-01	3.723069e-01	-1.01931e-10	
534	2.517500e-08	3.824626e-01	3.731285e-01	-9.37147e-11	
535	2.522500e-08	3.824626e-01	3.738839e-01	-8.61609e-11	
536	2.527500e-08	3.824626e-01	3.745784e-01	-7.92159e-11	
537	2.532500e-08	3.824626e-01	3.752169e-01	-7.28307e-11	
538	2.537500e-08	3.824626e-01	3.758040e-01	-6.69602e-11	
539	2.542500e-08	3.824626e-01	3.763437e-01	-6.15629e-11	
540	2.547500e-08	3.824626e-01	3.768399e-01	-5.66006e-11	
541	2.552500e-08	3.824626e-01	3.772962e-01	-5.20383e-11	
542	2.557500e-08	3.824626e-01	3.777156e-01	-4.78438e-11	
543	2.562500e-08	3.824626e-01	3.781013e-01	-4.39874e-11	
544	2.567500e-08	3.824626e-01	3.784558e-01	-4.04418e-11	
545	2.572500e-08	3.824626e-01	3.787818e-01	-3.71820e-11	
546	2.577500e-08	3.824626e-01	3.790815e-01	-3.41849e-11	
547	2.582500e-08	3.824626e-01	3.793571e-01	-3.14295e-11	
548	2.587500e-08	3.824626e-01	3.796104e-01	-2.88961e-11	
549	2.592500e-08	3.824626e-01	3.798433e-01	-2.65669e-11	
550	2.597500e-08	3.824626e-01	3.800574e-01	-2.44255e-11	
551	2.602500e-08	3.824626e-01	3.802543e-01	-2.24567e-11	
552	2.607500e-08	3.824626e-01	3.804353e-01	-2.06466e-11	
553	2.612500e-08	3.824626e-01	3.806018e-01	-1.89824e-11	
554	2.617500e-08	3.824626e-01	3.807548e-01	-1.74523e-11	
555	2.622500e-08	3.824626e-01	3.808954e-01	-1.60456e-11	
556	2.627500e-08	3.824626e-01	3.810248e-01	-1.47522e-11	
557	2.632500e-08	3.824626e-01	3.811437e-01	-1.35631e-11	
558	2.637500e-08	3.824626e-01	3.812530e-01	-1.24699e-11	
559	2.642500e-08	3.824626e-01	3.813535e-01	-1.14647e-11	
560	2.647500e-08	3.824626e-01	3.814459e-01	-1.05406e-11	
561	2.652500e-08	3.824626e-01	3.815309e-01	-9.69099e-12	
562	2.657500e-08	3.824626e-01	3.816090e-01	-8.90985e-12	
563	2.662500e-08	3.824626e-01	3.816808e-01	-8.19167e-12	
564	2.667500e-08	3.824626e-01	3.817469e-01	-7.53138e-12	
565	2.672500e-08	3.824626e-01	3.818076e-01	-6.92432e-12	
566	2.677500e-08	3.824626e-01	3.818634e-01	-6.36618e-12	
567	2.682500e-08	3.824626e-01	3.819147e-01	-5.85304e-12	
568	2.687500e-08	3.824626e-01	3.819619e-01	-5.38126e-12	
569	2.692500e-08	3.824626e-01	3.820053e-01	-4.94750e-12	
570	2.697500e-08	3.824626e-01	3.820451e-01	-4.54871e-12	
571	2.702500e-08	3.824626e-01	3.820818e-01	-4.18206e-12	
572	2.707500e-08	3.824626e-01	3.821155e-01	-3.84497e-12	
573	2.712500e-08	3.824626e-01	3.821465e-01	-3.53504e-12	
574	2.717500e-08	3.824626e-01	3.821750e-01	-3.25010e-12	
575	2.722500e-08	3.824626e-01	3.822012e-01	-2.98813e-12	
576	2.727500e-08	3.824626e-01	3.822253e-01	-2.74727e-12	

Index   time            v(cell)         v(bl)           vpre#branch     
--------------------------------------------------------------------------------
577	2.732500e-08	3.824626e-01	3.822474e-01	-2.52583e-12	
578	2.737500e-08	3.824626e-01	3.822678e-01	-2.32223e-12	
579	2.742500e-08	3.824626e-01	3.822865e-01	-2.13505e-12	
580	2.747500e-08	3.824626e-01	3.823037e-01	-1.96295e-12	
581	2.752500e-08	3.824626e-01	3.823195e-01	-1.80473e-12	
582	2.757500e-08	3.824626e-01	3.823341e-01	-1.65926e-12	
583	2.762500e-08	3.824626e-01	3.823474e-01	-1.52552e-12	
584	2.767500e-08	3.824626e-01	3.823597e-01	-1.40255e-12	
585	2.772500e-08	3.824626e-01	3.823710e-01	-1.28950e-12	
586	2.777500e-08	3.824626e-01	3.823814e-01	-1.18556e-12	
587	2.782500e-08	3.824626e-01	3.823910e-01	-1.09000e-12	
588	2.787500e-08	3.824626e-01	3.823998e-01	-1.00214e-12	
589	2.792500e-08	3.824626e-01	3.824079e-01	-9.21362e-13	
590	2.797500e-08	3.824626e-01	3.824153e-01	-8.47096e-13	
591	2.802500e-08	3.824626e-01	3.824221e-01	-7.78816e-13	
592	2.807500e-08	3.824626e-01	3.824284e-01	-7.16040e-13	
593	2.812500e-08	3.824626e-01	3.824342e-01	-6.58323e-13	
594	2.817500e-08	3.824626e-01	3.824395e-01	-6.05259e-13	
595	2.822500e-08	3.824626e-01	3.824444e-01	-5.56472e-13	
596	2.827500e-08	3.824626e-01	3.824488e-01	-5.11618e-13	
597	2.832500e-08	3.824626e-01	3.824530e-01	-4.70379e-13	
598	2.837500e-08	3.824626e-01	3.824568e-01	-4.32464e-13	
599	2.842500e-08	3.824626e-01	3.824602e-01	-3.97606e-13	
600	2.847500e-08	3.824626e-01	3.824634e-01	-3.65557e-13	
601	2.852500e-08	3.824626e-01	3.824664e-01	-3.36091e-13	
602	2.857500e-08	3.824626e-01	3.824691e-01	-3.09001e-13	
603	2.862500e-08	3.824626e-01	3.824716e-01	-2.84094e-13	
604	2.867500e-08	3.824626e-01	3.824739e-01	-2.61194e-13	
605	2.872500e-08	3.824626e-01	3.824760e-01	-2.40141e-13	
606	2.877500e-08	3.824626e-01	3.824779e-01	-2.20784e-13	
607	2.882500e-08	3.824626e-01	3.824797e-01	-2.02988e-13	
608	2.887500e-08	3.824626e-01	3.824813e-01	-1.86626e-13	
609	2.892500e-08	3.824626e-01	3.824828e-01	-1.71583e-13	
610	2.897500e-08	3.824626e-01	3.824842e-01	-1.57753e-13	
611	2.902500e-08	3.824626e-01	3.824855e-01	-1.45037e-13	
612	2.907500e-08	3.824626e-01	3.824867e-01	-1.33347e-13	
613	2.912500e-08	3.824626e-01	3.824877e-01	-1.22598e-13	
614	2.917500e-08	3.824626e-01	3.824887e-01	-1.12716e-13	
615	2.922500e-08	3.824626e-01	3.824896e-01	-1.03631e-13	
616	2.927500e-08	3.824626e-01	3.824905e-01	-9.52776e-14	
617	2.932500e-08	3.824626e-01	3.824912e-01	-8.75977e-14	
618	2.937500e-08	3.824626e-01	3.824919e-01	-8.05369e-14	
619	2.942500e-08	3.824626e-01	3.824926e-01	-7.40453e-14	
620	2.947500e-08	3.824626e-01	3.824932e-01	-6.80769e-14	
621	2.952500e-08	3.824626e-01	3.824937e-01	-6.25896e-14	
622	2.957500e-08	3.824626e-01	3.824942e-01	-5.75445e-14	
623	2.962500e-08	3.824626e-01	3.824947e-01	-5.29062e-14	
624	2.967500e-08	3.824626e-01	3.824951e-01	-4.86417e-14	
625	2.972500e-08	3.824626e-01	3.824955e-01	-4.47209e-14	
626	2.977500e-08	3.824626e-01	3.824959e-01	-4.11162e-14	
627	2.982500e-08	3.824626e-01	3.824962e-01	-3.78021e-14	
628	2.987500e-08	3.824626e-01	3.824965e-01	-3.47550e-14	
629	2.992500e-08	3.824626e-01	3.824968e-01	-3.19536e-14	
630	2.997500e-08	3.824626e-01	3.824971e-01	-2.93780e-14	
631	3.002500e-08	3.824626e-01	3.824973e-01	-2.70100e-14	
632	3.007500e-08	3.824626e-01	3.824975e-01	-2.48329e-14	
633	3.012500e-08	3.824626e-01	3.824977e-01	-2.28312e-14	
634	3.017500e-08	3.824626e-01	3.824979e-01	-2.09909e-14	

Index   time            v(cell)         v(bl)           vpre#branch     
--------------------------------------------------------------------------------
635	3.022500e-08	3.824626e-01	3.824981e-01	-1.92990e-14	
636	3.027500e-08	3.824626e-01	3.824982e-01	-1.77434e-14	
637	3.032500e-08	3.824626e-01	3.824984e-01	-1.63132e-14	
638	3.037500e-08	3.824626e-01	3.824985e-01	-1.49983e-14	
639	3.042500e-08	3.824626e-01	3.824986e-01	-1.37893e-14	
640	3.047500e-08	3.824626e-01	3.824987e-01	-1.26778e-14	
641	3.052500e-08	3.824626e-01	3.824988e-01	-1.16560e-14	
642	3.057500e-08	3.824626e-01	3.824989e-01	-1.07164e-14	
643	3.062500e-08	3.824626e-01	3.824990e-01	-9.85264e-15	
644	3.067500e-08	3.824626e-01	3.824991e-01	-9.05847e-15	
645	3.072500e-08	3.824626e-01	3.824992e-01	-8.32832e-15	
646	3.077500e-08	3.824626e-01	3.824992e-01	-7.65702e-15	
647	3.082500e-08	3.824626e-01	3.824993e-01	-7.03983e-15	
648	3.087500e-08	3.824626e-01	3.824994e-01	-6.47239e-15	
649	3.092500e-08	3.824626e-01	3.824994e-01	-5.95069e-15	
650	3.097500e-08	3.824626e-01	3.824995e-01	-5.47104e-15	
651	3.102500e-08	3.824626e-01	3.824995e-01	-5.03005e-15	
652	3.107500e-08	3.824626e-01	3.824995e-01	-4.62461e-15	
653	3.112500e-08	3.824626e-01	3.824996e-01	-4.25185e-15	
654	3.117500e-08	3.824626e-01	3.824996e-01	-3.90913e-15	
655	3.122500e-08	3.824626e-01	3.824996e-01	-3.59404e-15	
656	3.127500e-08	3.824626e-01	3.824997e-01	-3.30435e-15	
657	3.132500e-08	3.824626e-01	3.824997e-01	-3.03800e-15	
658	3.137500e-08	3.824626e-01	3.824997e-01	-2.79313e-15	
659	3.142500e-08	3.824626e-01	3.824997e-01	-2.56799e-15	
660	3.147500e-08	3.824626e-01	3.824998e-01	-2.36101e-15	
661	3.152500e-08	3.824626e-01	3.824998e-01	-2.17070e-15	
662	3.157500e-08	3.824626e-01	3.824998e-01	-1.99574e-15	
663	3.162500e-08	3.824626e-01	3.824998e-01	-1.83487e-15	
664	3.167500e-08	3.824626e-01	3.824998e-01	-1.68698e-15	
665	3.172500e-08	3.824626e-01	3.824998e-01	-1.55100e-15	
666	3.177500e-08	3.824626e-01	3.824999e-01	-1.42599e-15	
667	3.182500e-08	3.824626e-01	3.824999e-01	-1.31105e-15	
668	3.187500e-08	3.824626e-01	3.824999e-01	-1.20538e-15	
669	3.192500e-08	3.824626e-01	3.824999e-01	-1.10822e-15	
670	3.197500e-08	3.824626e-01	3.824999e-01	-1.01890e-15	
671	3.202500e-08	3.824626e-01	3.824999e-01	-9.36775e-16	
672	3.207500e-08	3.824626e-01	3.824999e-01	-8.61270e-16	
673	3.212500e-08	3.824626e-01	3.824999e-01	-7.91851e-16	
674	3.217500e-08	3.824626e-01	3.824999e-01	-7.28028e-16	
675	3.222500e-08	3.824626e-01	3.824999e-01	-6.69350e-16	
676	3.227500e-08	3.824626e-01	3.824999e-01	-6.15401e-16	
677	3.232500e-08	3.824626e-01	3.824999e-01	-5.65800e-16	
678	3.237500e-08	3.824626e-01	3.824999e-01	-5.20198e-16	
679	3.242500e-08	3.824626e-01	3.825000e-01	-4.78272e-16	
680	3.247500e-08	3.824626e-01	3.825000e-01	-4.39724e-16	
681	3.252500e-08	3.824626e-01	3.825000e-01	-4.04284e-16	
682	3.257500e-08	3.824626e-01	3.825000e-01	-3.71701e-16	
683	3.262500e-08	3.824626e-01	3.825000e-01	-3.41744e-16	
684	3.267500e-08	3.824626e-01	3.825000e-01	-3.14202e-16	
685	3.272500e-08	3.824626e-01	3.825000e-01	-2.88879e-16	
686	3.277500e-08	3.824626e-01	3.825000e-01	-2.65598e-16	
687	3.282500e-08	3.824626e-01	3.825000e-01	-2.44194e-16	
688	3.287500e-08	3.824626e-01	3.825000e-01	-2.24514e-16	
689	3.292500e-08	3.824626e-01	3.825000e-01	-2.06421e-16	
690	3.297500e-08	3.824626e-01	3.825000e-01	-1.89786e-16	
691	3.302500e-08	3.824626e-01	3.825000e-01	-1.74493e-16	
692	3.307500e-08	3.824626e-01	3.825000e-01	-1.60432e-16	

Index   time            v(cell)         v(bl)           vpre#branch     
--------------------------------------------------------------------------------
693	3.312500e-08	3.824626e-01	3.825000e-01	-1.47504e-16	
694	3.317500e-08	3.824626e-01	3.825000e-01	-1.35618e-16	
695	3.322500e-08	3.824626e-01	3.825000e-01	-1.24690e-16	
696	3.327500e-08	3.824626e-01	3.825000e-01	-1.14644e-16	
697	3.332500e-08	3.824626e-01	3.825000e-01	-1.05407e-16	
698	3.337500e-08	3.824626e-01	3.825000e-01	-9.69145e-17	
699	3.342500e-08	3.824626e-01	3.825000e-01	-8.91067e-17	
700	3.347500e-08	3.824626e-01	3.825000e-01	-8.19282e-17	
701	3.352500e-08	3.824626e-01	3.825000e-01	-7.53283e-17	
702	3.357500e-08	3.824626e-01	3.825000e-01	-6.92603e-17	
703	3.362500e-08	3.824626e-01	3.825000e-01	-6.36815e-17	
704	3.367500e-08	3.824626e-01	3.825000e-01	-5.85523e-17	
705	3.372500e-08	3.824626e-01	3.825000e-01	-5.38365e-17	
706	3.377500e-08	3.824626e-01	3.825000e-01	-4.95009e-17	
707	3.382500e-08	3.824626e-01	3.825000e-01	-4.55148e-17	
708	3.387500e-08	3.824626e-01	3.825000e-01	-4.18500e-17	
709	3.392500e-08	3.824626e-01	3.825000e-01	-3.84806e-17	
710	3.397500e-08	3.824626e-01	3.825000e-01	-3.53828e-17	
711	3.402500e-08	3.824626e-01	3.825000e-01	-3.25347e-17	
712	3.407500e-08	3.824626e-01	3.825000e-01	-2.99161e-17	
713	3.412500e-08	3.824626e-01	3.825000e-01	-2.75086e-17	
714	3.417500e-08	3.824626e-01	3.825000e-01	-2.52952e-17	
715	3.422500e-08	3.824626e-01	3.825000e-01	-2.32602e-17	
716	3.427500e-08	3.824626e-01	3.825000e-01	-2.13892e-17	
717	3.432500e-08	3.824626e-01	3.825000e-01	-1.96689e-17	
718	3.437500e-08	3.824626e-01	3.825000e-01	-1.80874e-17	
719	3.442500e-08	3.824626e-01	3.825000e-01	-1.66334e-17	
720	3.447500e-08	3.824626e-01	3.825000e-01	-1.52965e-17	
721	3.452500e-08	3.824626e-01	3.825000e-01	-1.40674e-17	
722	3.457500e-08	3.824626e-01	3.825000e-01	-1.29374e-17	
723	3.462500e-08	3.824626e-01	3.825000e-01	-1.18985e-17	
724	3.467500e-08	3.824626e-01	3.825000e-01	-1.09432e-17	
725	3.472500e-08	3.824626e-01	3.825000e-01	-1.00650e-17	
726	3.477500e-08	3.824626e-01	3.825000e-01	-9.25755e-18	
727	3.482500e-08	3.824626e-01	3.825000e-01	-8.51519e-18	
728	3.487500e-08	3.824626e-01	3.825000e-01	-7.83266e-18	
729	3.492500e-08	3.824626e-01	3.825000e-01	-7.20515e-18	
730	3.497500e-08	3.824626e-01	3.825000e-01	-6.62827e-18	
731	3.502500e-08	3.824626e-01	3.825000e-01	-6.09790e-18	
732	3.507500e-08	3.824626e-01	3.825000e-01	-5.61027e-18	
733	3.512500e-08	3.824626e-01	3.825000e-01	-5.16195e-18	
734	3.517500e-08	3.824626e-01	3.825000e-01	-4.74976e-18	
735	3.522500e-08	3.824626e-01	3.825000e-01	-4.37080e-18	
736	3.527500e-08	3.824626e-01	3.825000e-01	-4.02238e-18	
737	3.532500e-08	3.824626e-01	3.825000e-01	-3.70205e-18	
738	3.537500e-08	3.824626e-01	3.825000e-01	-3.40754e-18	
739	3.542500e-08	3.824626e-01	3.825000e-01	-3.13677e-18	
740	3.547500e-08	3.824626e-01	3.825000e-01	-2.88782e-18	
741	3.552500e-08	3.824626e-01	3.825000e-01	-2.65894e-18	
742	3.557500e-08	3.824626e-01	3.825000e-01	-2.44851e-18	
743	3.562500e-08	3.824626e-01	3.825000e-01	-2.25504e-18	
744	3.567500e-08	3.824626e-01	3.825000e-01	-2.07710e-18	
745	3.572500e-08	3.824626e-01	3.825000e-01	-1.91350e-18	
746	3.577500e-08	3.824626e-01	3.825000e-01	-1.76308e-18	
747	3.582500e-08	3.824626e-01	3.825000e-01	-1.62480e-18	
748	3.587500e-08	3.824626e-01	3.825000e-01	-1.49772e-18	
749	3.592500e-08	3.824626e-01	3.825000e-01	-1.38089e-18	
750	3.597500e-08	3.824626e-01	3.825000e-01	-1.27348e-18	

Index   time            v(cell)         v(bl)           vpre#branch     
--------------------------------------------------------------------------------
751	3.602500e-08	3.824626e-01	3.825000e-01	-1.17472e-18	
752	3.607500e-08	3.824626e-01	3.825000e-01	-1.08392e-18	
753	3.612500e-08	3.824626e-01	3.825000e-01	-1.00045e-18	
754	3.617500e-08	3.824626e-01	3.825000e-01	-9.23697e-19	
755	3.622500e-08	3.824626e-01	3.825000e-01	-8.53138e-19	
756	3.627500e-08	3.824626e-01	3.825000e-01	-7.88262e-19	
757	3.632500e-08	3.824626e-01	3.825000e-01	-7.28618e-19	
758	3.637500e-08	3.824626e-01	3.825000e-01	-6.73778e-19	
759	3.642500e-08	3.824626e-01	3.825000e-01	-6.23361e-19	
760	3.647500e-08	3.824626e-01	3.825000e-01	-5.77007e-19	
761	3.652500e-08	3.824626e-01	3.825000e-01	-5.34392e-19	
762	3.657500e-08	3.824626e-01	3.825000e-01	-4.95140e-19	
763	3.662500e-08	3.824626e-01	3.825000e-01	-4.59053e-19	
764	3.667500e-08	3.824626e-01	3.825000e-01	-4.25943e-19	
765	3.672500e-08	3.824626e-01	3.825000e-01	-3.95502e-19	
766	3.677500e-08	3.824626e-01	3.825000e-01	-3.67513e-19	
767	3.682500e-08	3.824626e-01	3.825000e-01	-3.41785e-19	
768	3.687500e-08	3.824626e-01	3.825000e-01	-3.18126e-19	
769	3.692500e-08	3.824626e-01	3.825000e-01	-2.96376e-19	
770	3.697500e-08	3.824626e-01	3.825000e-01	-2.76378e-19	
771	3.702500e-08	3.824626e-01	3.825000e-01	-2.57993e-19	
772	3.707500e-08	3.824626e-01	3.825000e-01	-2.41089e-19	
773	3.712500e-08	3.824626e-01	3.825000e-01	-2.25547e-19	
774	3.717500e-08	3.824626e-01	3.825000e-01	-2.11190e-19	
775	3.722500e-08	3.824626e-01	3.825000e-01	-1.97990e-19	
776	3.727500e-08	3.824626e-01	3.825000e-01	-1.85853e-19	
777	3.732500e-08	3.824626e-01	3.825000e-01	-1.74698e-19	
778	3.737500e-08	3.824626e-01	3.825000e-01	-1.64510e-19	
779	3.742500e-08	3.824626e-01	3.825000e-01	-1.55142e-19	
780	3.747500e-08	3.824626e-01	3.825000e-01	-1.46529e-19	
781	3.752500e-08	3.824626e-01	3.825000e-01	-1.38609e-19	
782	3.757500e-08	3.824626e-01	3.825000e-01	-1.31329e-19	
783	3.762500e-08	3.824626e-01	3.825000e-01	-1.24636e-19	
784	3.767500e-08	3.824626e-01	3.825000e-01	-1.18414e-19	
785	3.772500e-08	3.824626e-01	3.825000e-01	-1.12694e-19	
786	3.777500e-08	3.824626e-01	3.825000e-01	-1.07434e-19	
787	3.782500e-08	3.824626e-01	3.825000e-01	-1.02600e-19	
788	3.787500e-08	3.824626e-01	3.825000e-01	-9.82227e-20	
789	3.792500e-08	3.824626e-01	3.825000e-01	-9.41431e-20	
790	3.797500e-08	3.824626e-01	3.825000e-01	-9.03951e-20	
791	3.802500e-08	3.824626e-01	3.825000e-01	-8.70153e-20	
792	3.807500e-08	3.824626e-01	3.825000e-01	-8.39100e-20	
793	3.812500e-08	3.824626e-01	3.825000e-01	-8.10538e-20	
794	3.817500e-08	3.824626e-01	3.825000e-01	-7.84283e-20	
795	3.822500e-08	3.824626e-01	3.825000e-01	-7.60162e-20	
796	3.827500e-08	3.824626e-01	3.825000e-01	-7.37969e-20	
797	3.832500e-08	3.824626e-01	3.825000e-01	-7.17571e-20	
798	3.837500e-08	3.824626e-01	3.825000e-01	-6.98810e-20	
799	3.842500e-08	3.824626e-01	3.825000e-01	-6.81564e-20	
800	3.847500e-08	3.824626e-01	3.825000e-01	-6.65707e-20	
801	3.852500e-08	3.824626e-01	3.825000e-01	-6.51132e-20	
802	3.857500e-08	3.824626e-01	3.825000e-01	-6.37723e-20	
803	3.862500e-08	3.824626e-01	3.825000e-01	-6.24703e-20	
804	3.867500e-08	3.824626e-01	3.825000e-01	-6.12759e-20	
805	3.872500e-08	3.824626e-01	3.825000e-01	-6.02444e-20	
806	3.877500e-08	3.824626e-01	3.825000e-01	-5.92956e-20	
807	3.882500e-08	3.824626e-01	3.825000e-01	-5.84254e-20	
808	3.887500e-08	3.824626e-01	3.825000e-01	-5.76247e-20	

Index   time            v(cell)         v(bl)           vpre#branch     
--------------------------------------------------------------------------------
809	3.892500e-08	3.824626e-01	3.825000e-01	-5.68893e-20	
810	3.897500e-08	3.824626e-01	3.825000e-01	-5.62111e-20	
811	3.902500e-08	3.824626e-01	3.825000e-01	-5.55874e-20	
812	3.907500e-08	3.824626e-01	3.825000e-01	-5.50150e-20	
813	3.912500e-08	3.824626e-01	3.825000e-01	-5.44905e-20	
814	3.917500e-08	3.824626e-01	3.825000e-01	-5.40058e-20	
815	3.922500e-08	3.824626e-01	3.825000e-01	-5.35633e-20	
816	3.927500e-08	3.824626e-01	3.825000e-01	-5.31546e-20	
817	3.932500e-08	3.824626e-01	3.825000e-01	-5.27783e-20	
818	3.937500e-08	3.824626e-01	3.825000e-01	-5.24317e-20	
819	3.942500e-08	3.824626e-01	3.825000e-01	-5.21124e-20	
820	3.947500e-08	3.824626e-01	3.825000e-01	-5.18187e-20	
821	3.952500e-08	3.824626e-01	3.825000e-01	-5.15491e-20	
822	3.957500e-08	3.824626e-01	3.825000e-01	-5.13009e-20	
823	3.962500e-08	3.824626e-01	3.825000e-01	-5.10734e-20	
824	3.967500e-08	3.824626e-01	3.825000e-01	-5.08633e-20	
825	3.972500e-08	3.824626e-01	3.825000e-01	-5.06044e-20	
826	3.977500e-08	3.824626e-01	3.825000e-01	-5.03654e-20	
827	3.982500e-08	3.824626e-01	3.825000e-01	-5.02140e-20	
828	3.987500e-08	3.824626e-01	3.825000e-01	-5.00734e-20	
829	3.992500e-08	3.824626e-01	3.825000e-01	-4.98765e-20	
830	3.996250e-08	3.824626e-01	3.825000e-01	-4.97309e-20	
831	4.000000e-08	3.824626e-01	3.825000e-01	-4.95953e-20	


Total analysis time (seconds) = 0.0537038

Total elapsed time (seconds) = 0.062 

Total DRAM available = 386307.215 MB.
DRAM currently available = 9423.746 MB.
Maximum ngspice program size =  529.719 MB.
Current ngspice program size =   14.156 MB.

Shared ngspice pages =   12.336 MB.
Text (code) pages =    6.266 MB.
Stack = 0 bytes.
Library pages =   59.137 MB.

