
Note: No compatibility mode selected!


Circuit: * 1t1c ccell=10.0ff

Doing analysis at TEMP = 125.000000 and TNOM = 27.000000

Using SPARSE 1.3 as Direct Linear Solver

Initial Transient Solution
--------------------------

Node                                   Voltage
----                                   -------
pre                                      0.405
bl                                       0.405
wl                                           0
plate                                        0
s                                            0
cell                                         0
vs#branch                                    0
vpl#branch                                   0
vwl#branch                                   0
vpre#branch                                  0


No. of Data Rows : 832

  Measurements for Transient Analysis

t_write             =  1.90071e-09
t_read              =  2.28567e-08
i_hold              =  -2.65876e-11 from=  2.50000e-08 to=  3.50250e-08
q_read              =   6.76341e-19 from=  1.20000e-08 to=  2.20000e-08

                              * 1t1c ccell=10.0ff
                              Transient Analysis  Wed Jun 24 01:12:30  2026
--------------------------------------------------------------------------------
Index   time            v(cell)         v(bl)           vpre#branch     
--------------------------------------------------------------------------------
0	0.000000e+00	0.000000e+00	4.050000e-01	0.000000e+00	
1	5.000000e-13	2.628244e-10	4.049996e-01	-3.58874e-15	
2	1.000000e-12	5.256335e-10	4.049993e-01	-6.89317e-15	
3	2.000000e-12	1.051249e-09	4.049987e-01	-1.34979e-14	
4	4.000000e-12	2.102477e-09	4.049973e-01	-2.66823e-14	
5	8.000000e-12	4.204924e-09	4.049947e-01	-5.29519e-14	
6	1.600000e-11	8.409782e-09	4.049895e-01	-1.05096e-13	
7	3.200000e-11	1.681935e-08	4.049792e-01	-2.07824e-13	
8	6.400000e-11	3.363792e-08	4.049593e-01	-4.07191e-13	
9	1.140000e-10	5.991549e-08	4.049297e-01	-7.03108e-13	
10	1.640000e-10	8.619138e-08	4.049019e-01	-9.80959e-13	
11	2.140000e-10	1.124657e-07	4.048758e-01	-1.24185e-12	
12	2.640000e-10	1.387385e-07	4.048513e-01	-1.48681e-12	
13	3.140000e-10	1.650099e-07	4.048283e-01	-1.71681e-12	
14	3.640000e-10	1.912800e-07	4.048067e-01	-1.93277e-12	
15	4.140000e-10	2.175489e-07	4.047864e-01	-2.13555e-12	
16	4.640000e-10	2.438167e-07	4.047674e-01	-2.32595e-12	
17	5.140000e-10	2.700833e-07	4.047495e-01	-2.50472e-12	
18	5.640000e-10	2.963489e-07	4.047327e-01	-2.67258e-12	
19	6.140000e-10	3.226136e-07	4.047170e-01	-2.83019e-12	
20	6.640000e-10	3.488773e-07	4.047022e-01	-2.97818e-12	
21	7.140000e-10	3.751402e-07	4.046883e-01	-3.11713e-12	
22	7.640000e-10	4.014023e-07	4.046752e-01	-3.24760e-12	
23	8.140000e-10	4.276637e-07	4.046630e-01	-3.37011e-12	
24	8.640000e-10	4.539244e-07	4.046515e-01	-3.48513e-12	
25	9.140000e-10	4.801844e-07	4.046407e-01	-3.59313e-12	
26	9.570000e-10	5.027675e-07	4.046319e-01	-3.68072e-12	
27	1.000000e-09	5.253501e-07	4.046236e-01	-3.76369e-12	
28	1.005000e-09	4.047338e-03	4.046230e-01	-3.77031e-12	
29	1.015000e-09	1.214091e-02	4.046222e-01	-3.77849e-12	
30	1.035000e-09	2.832805e-02	4.046232e-01	-3.76824e-12	
31	1.075000e-09	6.070232e-02	4.046327e-01	-3.67283e-12	
32	1.125000e-09	1.011702e-01	4.046516e-01	-3.48425e-12	
33	1.175000e-09	1.416380e-01	4.046719e-01	-3.28122e-12	
34	1.225000e-09	1.821058e-01	4.046915e-01	-3.08498e-12	
35	1.275000e-09	2.225737e-01	4.047102e-01	-2.89840e-12	
36	1.325000e-09	2.630415e-01	4.047278e-01	-2.72227e-12	
37	1.375000e-09	3.035093e-01	4.047443e-01	-2.55651e-12	
38	1.425000e-09	3.439772e-01	4.047599e-01	-2.40070e-12	
39	1.475000e-09	3.844450e-01	4.047746e-01	-2.25433e-12	
40	1.525000e-09	4.249128e-01	4.047883e-01	-2.11686e-12	
41	1.575000e-09	4.653807e-01	4.048012e-01	-1.98773e-12	
42	1.625000e-09	5.058485e-01	4.048134e-01	-1.86644e-12	
43	1.675000e-09	5.463163e-01	4.048247e-01	-1.75255e-12	
44	1.725000e-09	5.867842e-01	4.048354e-01	-1.64559e-12	
45	1.775000e-09	6.272520e-01	4.048455e-01	-1.54514e-12	
46	1.825000e-09	6.677198e-01	4.048549e-01	-1.45081e-12	
47	1.875000e-09	7.081877e-01	4.048638e-01	-1.36221e-12	
48	1.925000e-09	7.486555e-01	4.048721e-01	-1.27901e-12	
49	1.962500e-09	7.790064e-01	4.048780e-01	-1.21995e-12	
50	2.000000e-09	8.093572e-01	4.048836e-01	-1.16360e-12	
51	2.005000e-09	8.093572e-01	4.048844e-01	-1.15631e-12	
52	2.015000e-09	8.093572e-01	4.048858e-01	-1.14182e-12	
53	2.035000e-09	8.093572e-01	4.048887e-01	-1.11338e-12	
54	2.075000e-09	8.093572e-01	4.048941e-01	-1.05859e-12	

Index   time            v(cell)         v(bl)           vpre#branch     
--------------------------------------------------------------------------------
55	2.125000e-09	8.093572e-01	4.049006e-01	-9.93869e-13	
56	2.175000e-09	8.093572e-01	4.049067e-01	-9.33091e-13	
57	2.225000e-09	8.093572e-01	4.049124e-01	-8.76020e-13	
58	2.275000e-09	8.093572e-01	4.049178e-01	-8.22429e-13	
59	2.325000e-09	8.093572e-01	4.049228e-01	-7.72106e-13	
60	2.375000e-09	8.093572e-01	4.049275e-01	-7.24852e-13	
61	2.425000e-09	8.093572e-01	4.049320e-01	-6.80480e-13	
62	2.475000e-09	8.093572e-01	4.049361e-01	-6.38814e-13	
63	2.525000e-09	8.093572e-01	4.049400e-01	-5.99688e-13	
64	2.575000e-09	8.093572e-01	4.049437e-01	-5.62949e-13	
65	2.625000e-09	8.093572e-01	4.049472e-01	-5.28450e-13	
66	2.675000e-09	8.093572e-01	4.049504e-01	-4.96055e-13	
67	2.725000e-09	8.093572e-01	4.049534e-01	-4.65635e-13	
68	2.775000e-09	8.093572e-01	4.049563e-01	-4.37071e-13	
69	2.825000e-09	8.093572e-01	4.049590e-01	-4.10248e-13	
70	2.875000e-09	8.093572e-01	4.049615e-01	-3.85061e-13	
71	2.925000e-09	8.093572e-01	4.049639e-01	-3.61410e-13	
72	2.975000e-09	8.093572e-01	4.049661e-01	-3.39202e-13	
73	3.025000e-09	8.093572e-01	4.049682e-01	-3.18348e-13	
74	3.075000e-09	8.093572e-01	4.049701e-01	-2.98765e-13	
75	3.125000e-09	8.093572e-01	4.049720e-01	-2.80377e-13	
76	3.175000e-09	8.093572e-01	4.049737e-01	-2.63110e-13	
77	3.225000e-09	8.093572e-01	4.049753e-01	-2.46896e-13	
78	3.275000e-09	8.093572e-01	4.049768e-01	-2.31671e-13	
79	3.325000e-09	8.093572e-01	4.049783e-01	-2.17374e-13	
80	3.375000e-09	8.093572e-01	4.049796e-01	-2.03949e-13	
81	3.425000e-09	8.093572e-01	4.049809e-01	-1.91343e-13	
82	3.475000e-09	8.093572e-01	4.049820e-01	-1.79506e-13	
83	3.525000e-09	8.093572e-01	4.049832e-01	-1.68390e-13	
84	3.575000e-09	8.093572e-01	4.049842e-01	-1.57952e-13	
85	3.625000e-09	8.093572e-01	4.049852e-01	-1.48151e-13	
86	3.675000e-09	8.093572e-01	4.049861e-01	-1.38948e-13	
87	3.725000e-09	8.093572e-01	4.049870e-01	-1.30306e-13	
88	3.775000e-09	8.093572e-01	4.049878e-01	-1.22190e-13	
89	3.825000e-09	8.093572e-01	4.049885e-01	-1.14570e-13	
90	3.875000e-09	8.093572e-01	4.049893e-01	-1.07415e-13	
91	3.925000e-09	8.093572e-01	4.049899e-01	-1.00695e-13	
92	3.975000e-09	8.093572e-01	4.049906e-01	-9.43858e-14	
93	4.025000e-09	8.093572e-01	4.049912e-01	-8.84611e-14	
94	4.075000e-09	8.093572e-01	4.049917e-01	-8.28977e-14	
95	4.125000e-09	8.093572e-01	4.049922e-01	-7.76736e-14	
96	4.175000e-09	8.093572e-01	4.049927e-01	-7.27681e-14	
97	4.225000e-09	8.093572e-01	4.049932e-01	-6.81617e-14	
98	4.275000e-09	8.093572e-01	4.049936e-01	-6.38362e-14	
99	4.325000e-09	8.093572e-01	4.049940e-01	-5.97745e-14	
100	4.375000e-09	8.093572e-01	4.049944e-01	-5.59605e-14	
101	4.425000e-09	8.093572e-01	4.049948e-01	-5.23791e-14	
102	4.475000e-09	8.093572e-01	4.049951e-01	-4.90161e-14	
103	4.525000e-09	8.093572e-01	4.049954e-01	-4.58582e-14	
104	4.575000e-09	8.093572e-01	4.049957e-01	-4.28928e-14	
105	4.625000e-09	8.093572e-01	4.049960e-01	-4.01083e-14	
106	4.675000e-09	8.093572e-01	4.049963e-01	-3.74936e-14	
107	4.725000e-09	8.093572e-01	4.049965e-01	-3.50383e-14	
108	4.775000e-09	8.093572e-01	4.049967e-01	-3.27328e-14	
109	4.825000e-09	8.093572e-01	4.049969e-01	-3.05679e-14	
110	4.875000e-09	8.093572e-01	4.049971e-01	-2.85350e-14	
111	4.925000e-09	8.093572e-01	4.049973e-01	-2.66260e-14	
112	4.975000e-09	8.093572e-01	4.049975e-01	-2.48335e-14	

Index   time            v(cell)         v(bl)           vpre#branch     
--------------------------------------------------------------------------------
113	5.025000e-09	8.093572e-01	4.049977e-01	-2.31503e-14	
114	5.075000e-09	8.093572e-01	4.049978e-01	-2.15698e-14	
115	5.125000e-09	8.093572e-01	4.049980e-01	-2.00856e-14	
116	5.175000e-09	8.093572e-01	4.049981e-01	-1.86919e-14	
117	5.225000e-09	8.093572e-01	4.049983e-01	-1.73832e-14	
118	5.275000e-09	8.093572e-01	4.049984e-01	-1.61544e-14	
119	5.325000e-09	8.093572e-01	4.049985e-01	-1.50004e-14	
120	5.375000e-09	8.093572e-01	4.049986e-01	-1.39169e-14	
121	5.425000e-09	8.093572e-01	4.049987e-01	-1.28994e-14	
122	5.475000e-09	8.093572e-01	4.049988e-01	-1.19440e-14	
123	5.525000e-09	8.093572e-01	4.049989e-01	-1.10468e-14	
124	5.575000e-09	8.093572e-01	4.049990e-01	-1.02043e-14	
125	5.625000e-09	8.093572e-01	4.049991e-01	-9.41326e-15	
126	5.675000e-09	8.093572e-01	4.049991e-01	-8.67042e-15	
127	5.725000e-09	8.093572e-01	4.049992e-01	-7.97288e-15	
128	5.775000e-09	8.093572e-01	4.049993e-01	-7.31788e-15	
129	5.825000e-09	8.093572e-01	4.049993e-01	-6.70283e-15	
130	5.875000e-09	8.093572e-01	4.049994e-01	-6.12528e-15	
131	5.925000e-09	8.093572e-01	4.049994e-01	-5.58295e-15	
132	5.975000e-09	8.093572e-01	4.049995e-01	-5.07369e-15	
133	6.025000e-09	8.093572e-01	4.049995e-01	-4.59549e-15	
134	6.075000e-09	8.093572e-01	4.049996e-01	-4.14645e-15	
135	6.125000e-09	8.093572e-01	4.049996e-01	-3.72480e-15	
136	6.175000e-09	8.093572e-01	4.049997e-01	-3.32886e-15	
137	6.225000e-09	8.093572e-01	4.049997e-01	-2.95706e-15	
138	6.275000e-09	8.093572e-01	4.049997e-01	-2.60794e-15	
139	6.325000e-09	8.093572e-01	4.049998e-01	-2.28011e-15	
140	6.375000e-09	8.093572e-01	4.049998e-01	-1.97227e-15	
141	6.425000e-09	8.093572e-01	4.049998e-01	-1.68320e-15	
142	6.475000e-09	8.093572e-01	4.049999e-01	-1.41176e-15	
143	6.525000e-09	8.093572e-01	4.049999e-01	-1.15688e-15	
144	6.575000e-09	8.093572e-01	4.049999e-01	-9.17534e-16	
145	6.625000e-09	8.093572e-01	4.049999e-01	-6.92788e-16	
146	6.675000e-09	8.093572e-01	4.050000e-01	-4.81747e-16	
147	6.725000e-09	8.093572e-01	4.050000e-01	-2.83576e-16	
148	6.775000e-09	8.093572e-01	4.050000e-01	-9.74895e-17	
149	6.825000e-09	8.093572e-01	4.050000e-01	7.724794e-17	
150	6.875000e-09	8.093572e-01	4.050000e-01	2.413296e-16	
151	6.925000e-09	8.093572e-01	4.050000e-01	3.954054e-16	
152	6.962500e-09	8.093572e-01	4.050001e-01	5.047484e-16	
153	7.000000e-09	8.093572e-01	4.050001e-01	6.090524e-16	
154	7.005000e-09	7.891232e-01	4.050001e-01	6.215634e-16	
155	7.015000e-09	7.486553e-01	4.050001e-01	6.446247e-16	
156	7.035000e-09	6.677197e-01	4.050001e-01	6.799000e-16	
157	7.067500e-09	5.361992e-01	4.050001e-01	7.119545e-16	
158	7.100000e-09	4.046787e-01	4.050001e-01	7.214678e-16	
159	7.105000e-09	4.046789e-01	4.050001e-01	7.167404e-16	
160	7.115000e-09	4.046789e-01	4.050001e-01	7.073420e-16	
161	7.135000e-09	4.046789e-01	4.050001e-01	6.888951e-16	
162	7.175000e-09	4.046789e-01	4.050001e-01	6.533598e-16	
163	7.225000e-09	4.046789e-01	4.050001e-01	6.113788e-16	
164	7.275000e-09	4.046789e-01	4.050001e-01	5.719578e-16	
165	7.325000e-09	4.046789e-01	4.050001e-01	5.349405e-16	
166	7.375000e-09	4.046789e-01	4.050001e-01	5.001808e-16	
167	7.425000e-09	4.046789e-01	4.050000e-01	4.675412e-16	
168	7.475000e-09	4.046789e-01	4.050000e-01	4.368922e-16	
169	7.525000e-09	4.046789e-01	4.050000e-01	4.081124e-16	
170	7.575000e-09	4.046789e-01	4.050000e-01	3.810877e-16	

Index   time            v(cell)         v(bl)           vpre#branch     
--------------------------------------------------------------------------------
171	7.625000e-09	4.046789e-01	4.050000e-01	3.557106e-16	
172	7.675000e-09	4.046789e-01	4.050000e-01	3.318807e-16	
173	7.725000e-09	4.046789e-01	4.050000e-01	3.095041e-16	
174	7.775000e-09	4.046789e-01	4.050000e-01	2.884923e-16	
175	7.825000e-09	4.046789e-01	4.050000e-01	2.687617e-16	
176	7.875000e-09	4.046789e-01	4.050000e-01	2.502345e-16	
177	7.925000e-09	4.046789e-01	4.050000e-01	2.328367e-16	
178	7.975000e-09	4.046789e-01	4.050000e-01	2.165000e-16	
179	8.025000e-09	4.046789e-01	4.050000e-01	2.011599e-16	
180	8.075000e-09	4.046789e-01	4.050000e-01	1.867553e-16	
181	8.125000e-09	4.046789e-01	4.050000e-01	1.732292e-16	
182	8.175000e-09	4.046789e-01	4.050000e-01	1.605280e-16	
183	8.225000e-09	4.046789e-01	4.050000e-01	1.486014e-16	
184	8.275000e-09	4.046789e-01	4.050000e-01	1.374022e-16	
185	8.325000e-09	4.046789e-01	4.050000e-01	1.268860e-16	
186	8.375000e-09	4.046789e-01	4.050000e-01	1.170111e-16	
187	8.425000e-09	4.046789e-01	4.050000e-01	1.077379e-16	
188	8.475000e-09	4.046789e-01	4.050000e-01	9.903031e-17	
189	8.525000e-09	4.046789e-01	4.050000e-01	9.085369e-17	
190	8.575000e-09	4.046789e-01	4.050000e-01	8.317575e-17	
191	8.625000e-09	4.046789e-01	4.050000e-01	7.596608e-17	
192	8.675000e-09	4.046789e-01	4.050000e-01	6.919612e-17	
193	8.725000e-09	4.046789e-01	4.050000e-01	6.283939e-17	
194	8.775000e-09	4.046789e-01	4.050000e-01	5.687036e-17	
195	8.825000e-09	4.046789e-01	4.050000e-01	5.126489e-17	
196	8.875000e-09	4.046789e-01	4.050000e-01	4.600130e-17	
197	8.925000e-09	4.046789e-01	4.050000e-01	4.105908e-17	
198	8.975000e-09	4.046789e-01	4.050000e-01	3.641829e-17	
199	9.025000e-09	4.046789e-01	4.050000e-01	3.206006e-17	
200	9.075000e-09	4.046789e-01	4.050000e-01	2.796765e-17	
201	9.125000e-09	4.046789e-01	4.050000e-01	2.412478e-17	
202	9.175000e-09	4.046789e-01	4.050000e-01	2.051588e-17	
203	9.225000e-09	4.046789e-01	4.050000e-01	1.712710e-17	
204	9.275000e-09	4.046789e-01	4.050000e-01	1.394544e-17	
205	9.325000e-09	4.046789e-01	4.050000e-01	1.095776e-17	
206	9.375000e-09	4.046789e-01	4.050000e-01	8.152329e-18	
207	9.425000e-09	4.046789e-01	4.050000e-01	5.517942e-18	
208	9.475000e-09	4.046789e-01	4.050000e-01	3.044246e-18	
209	9.525000e-09	4.046789e-01	4.050000e-01	7.213693e-19	
210	9.575000e-09	4.046789e-01	4.050000e-01	-1.46023e-18	
211	9.625000e-09	4.046789e-01	4.050000e-01	-3.50882e-18	
212	9.675000e-09	4.046789e-01	4.050000e-01	-5.43203e-18	
213	9.725000e-09	4.046789e-01	4.050000e-01	-7.23799e-18	
214	9.775000e-09	4.046789e-01	4.050000e-01	-8.93420e-18	
215	9.825000e-09	4.046789e-01	4.050000e-01	-1.05270e-17	
216	9.875000e-09	4.046789e-01	4.050000e-01	-1.20226e-17	
217	9.925000e-09	4.046789e-01	4.050000e-01	-1.34271e-17	
218	9.975000e-09	4.046789e-01	4.050000e-01	-1.47454e-17	
219	1.002500e-08	4.046789e-01	4.050000e-01	-1.59834e-17	
220	1.007500e-08	4.046789e-01	4.050000e-01	-1.71463e-17	
221	1.012500e-08	4.046789e-01	4.050000e-01	-1.82382e-17	
222	1.017500e-08	4.046789e-01	4.050000e-01	-1.92631e-17	
223	1.022500e-08	4.046789e-01	4.050000e-01	-2.02255e-17	
224	1.027500e-08	4.046789e-01	4.050000e-01	-2.11296e-17	
225	1.032500e-08	4.046789e-01	4.050000e-01	-2.19786e-17	
226	1.037500e-08	4.046789e-01	4.050000e-01	-2.27754e-17	
227	1.042500e-08	4.046789e-01	4.050000e-01	-2.35236e-17	
228	1.047500e-08	4.046789e-01	4.050000e-01	-2.42266e-17	

Index   time            v(cell)         v(bl)           vpre#branch     
--------------------------------------------------------------------------------
229	1.052500e-08	4.046789e-01	4.050000e-01	-2.48867e-17	
230	1.057500e-08	4.046789e-01	4.050000e-01	-2.55062e-17	
231	1.062500e-08	4.046789e-01	4.050000e-01	-2.60880e-17	
232	1.067500e-08	4.046789e-01	4.050000e-01	-2.66342e-17	
233	1.072500e-08	4.046789e-01	4.050000e-01	-2.71472e-17	
234	1.077500e-08	4.046789e-01	4.050000e-01	-2.76289e-17	
235	1.082500e-08	4.046789e-01	4.050000e-01	-2.80812e-17	
236	1.087500e-08	4.046789e-01	4.050000e-01	-2.85059e-17	
237	1.092500e-08	4.046789e-01	4.050000e-01	-2.89047e-17	
238	1.096250e-08	4.046789e-01	4.050000e-01	-2.91876e-17	
239	1.100000e-08	4.046789e-01	4.050000e-01	-2.94577e-17	
240	1.100500e-08	4.046821e-01	4.090245e-01	4.024465e-11	
241	1.101500e-08	4.046885e-01	4.170231e-01	1.202309e-10	
242	1.103500e-08	4.047014e-01	4.327222e-01	2.772222e-10	
243	1.107500e-08	4.047271e-01	4.629646e-01	5.796458e-10	
244	1.112500e-08	4.047593e-01	4.986927e-01	9.369274e-10	
245	1.117500e-08	4.047914e-01	5.322421e-01	1.272421e-09	
246	1.122500e-08	4.048236e-01	5.637454e-01	1.587454e-09	
247	1.127500e-08	4.048558e-01	5.933274e-01	1.883274e-09	
248	1.132500e-08	4.048879e-01	6.211049e-01	2.161049e-09	
249	1.137500e-08	4.049201e-01	6.471875e-01	2.421875e-09	
250	1.142500e-08	4.049523e-01	6.716770e-01	2.666770e-09	
251	1.147500e-08	4.049845e-01	6.946676e-01	2.896676e-09	
252	1.152500e-08	4.050166e-01	7.162440e-01	3.112440e-09	
253	1.157500e-08	4.050488e-01	7.364771e-01	3.314771e-09	
254	1.162500e-08	4.050811e-01	7.554155e-01	3.504155e-09	
255	1.167500e-08	4.051135e-01	7.730253e-01	3.680253e-09	
256	1.172500e-08	4.051462e-01	7.891802e-01	3.841802e-09	
257	1.177500e-08	4.051796e-01	8.035582e-01	3.985582e-09	
258	1.182500e-08	4.052144e-01	8.153457e-01	4.103457e-09	
259	1.187500e-08	4.052521e-01	8.227505e-01	4.177505e-09	
260	1.192500e-08	4.052962e-01	8.220314e-01	4.170314e-09	
261	1.196250e-08	4.053369e-01	8.122630e-01	4.072630e-09	
262	1.200000e-08	4.053889e-01	7.889821e-01	3.839821e-09	
263	1.200500e-08	4.053935e-01	7.808429e-01	3.758429e-09	
264	1.201500e-08	4.054025e-01	7.648185e-01	3.598185e-09	
265	1.203500e-08	4.054199e-01	7.342371e-01	3.292371e-09	
266	1.207500e-08	4.054523e-01	6.783628e-01	2.733628e-09	
267	1.212500e-08	4.054887e-01	6.172228e-01	2.122228e-09	
268	1.217500e-08	4.055214e-01	5.643628e-01	1.593628e-09	
269	1.222500e-08	4.055509e-01	5.185553e-01	1.135553e-09	
270	1.227500e-08	4.055777e-01	4.789177e-01	7.391772e-10	
271	1.232500e-08	4.056018e-01	4.450027e-01	4.000272e-10	
272	1.237500e-08	4.056221e-01	4.178313e-01	1.283134e-10	
273	1.242500e-08	4.056313e-01	4.058442e-01	8.441805e-12	
274	1.247500e-08	4.056315e-01	4.055591e-01	5.590683e-12	
275	1.252500e-08	4.056314e-01	4.056360e-01	6.360329e-12	
276	1.257500e-08	4.056314e-01	4.056156e-01	6.155837e-12	
277	1.262500e-08	4.056313e-01	4.056211e-01	6.211235e-12	
278	1.267500e-08	4.056313e-01	4.056196e-01	6.195861e-12	
279	1.272500e-08	4.056313e-01	4.056200e-01	6.199632e-12	
280	1.277500e-08	4.056312e-01	4.056198e-01	6.198238e-12	
281	1.282500e-08	4.056312e-01	4.056198e-01	6.198215e-12	
282	1.287500e-08	4.056312e-01	4.056198e-01	6.197850e-12	
283	1.292500e-08	4.056311e-01	4.056198e-01	6.197548e-12	
284	1.297500e-08	4.056311e-01	4.056197e-01	6.197258e-12	
285	1.302500e-08	4.056311e-01	4.056197e-01	6.196936e-12	
286	1.307500e-08	4.056311e-01	4.056197e-01	6.196652e-12	

Index   time            v(cell)         v(bl)           vpre#branch     
--------------------------------------------------------------------------------
287	1.312500e-08	4.056310e-01	4.056196e-01	6.196328e-12	
288	1.317500e-08	4.056310e-01	4.056196e-01	6.196044e-12	
289	1.322500e-08	4.056310e-01	4.056196e-01	6.195721e-12	
290	1.327500e-08	4.056309e-01	4.056195e-01	6.195437e-12	
291	1.332500e-08	4.056309e-01	4.056195e-01	6.195114e-12	
292	1.337500e-08	4.056309e-01	4.056195e-01	6.194830e-12	
293	1.342500e-08	4.056308e-01	4.056195e-01	6.194507e-12	
294	1.347500e-08	4.056308e-01	4.056194e-01	6.194223e-12	
295	1.352500e-08	4.056308e-01	4.056194e-01	6.193900e-12	
296	1.357500e-08	4.056307e-01	4.056194e-01	6.193615e-12	
297	1.362500e-08	4.056307e-01	4.056193e-01	6.193293e-12	
298	1.367500e-08	4.056307e-01	4.056193e-01	6.193008e-12	
299	1.372500e-08	4.056307e-01	4.056193e-01	6.192686e-12	
300	1.377500e-08	4.056306e-01	4.056192e-01	6.192401e-12	
301	1.382500e-08	4.056306e-01	4.056192e-01	6.192079e-12	
302	1.387500e-08	4.056306e-01	4.056192e-01	6.191794e-12	
303	1.392500e-08	4.056305e-01	4.056191e-01	6.191472e-12	
304	1.397500e-08	4.056305e-01	4.056191e-01	6.191187e-12	
305	1.402500e-08	4.056305e-01	4.056191e-01	6.190865e-12	
306	1.407500e-08	4.056304e-01	4.056191e-01	6.190580e-12	
307	1.412500e-08	4.056304e-01	4.056190e-01	6.190258e-12	
308	1.417500e-08	4.056304e-01	4.056190e-01	6.189974e-12	
309	1.422500e-08	4.056303e-01	4.056190e-01	6.189652e-12	
310	1.427500e-08	4.056303e-01	4.056189e-01	6.189367e-12	
311	1.432500e-08	4.056303e-01	4.056189e-01	6.189045e-12	
312	1.437500e-08	4.056303e-01	4.056189e-01	6.188760e-12	
313	1.442500e-08	4.056302e-01	4.056188e-01	6.188439e-12	
314	1.447500e-08	4.056302e-01	4.056188e-01	6.188153e-12	
315	1.452500e-08	4.056302e-01	4.056188e-01	6.187832e-12	
316	1.457500e-08	4.056301e-01	4.056188e-01	6.187547e-12	
317	1.462500e-08	4.056301e-01	4.056187e-01	6.187226e-12	
318	1.467500e-08	4.056301e-01	4.056187e-01	6.186940e-12	
319	1.472500e-08	4.056300e-01	4.056187e-01	6.186619e-12	
320	1.477500e-08	4.056300e-01	4.056186e-01	6.186334e-12	
321	1.482500e-08	4.056300e-01	4.056186e-01	6.186013e-12	
322	1.487500e-08	4.056299e-01	4.056186e-01	6.185727e-12	
323	1.492500e-08	4.056299e-01	4.056185e-01	6.185407e-12	
324	1.497500e-08	4.056299e-01	4.056185e-01	6.185121e-12	
325	1.502500e-08	4.056299e-01	4.056185e-01	6.184800e-12	
326	1.507500e-08	4.056298e-01	4.056185e-01	6.184515e-12	
327	1.512500e-08	4.056298e-01	4.056184e-01	6.184194e-12	
328	1.517500e-08	4.056298e-01	4.056184e-01	6.183909e-12	
329	1.522500e-08	4.056297e-01	4.056184e-01	6.183588e-12	
330	1.527500e-08	4.056297e-01	4.056183e-01	6.183302e-12	
331	1.532500e-08	4.056297e-01	4.056183e-01	6.182982e-12	
332	1.537500e-08	4.056296e-01	4.056183e-01	6.182696e-12	
333	1.542500e-08	4.056296e-01	4.056182e-01	6.182376e-12	
334	1.547500e-08	4.056296e-01	4.056182e-01	6.182090e-12	
335	1.552500e-08	4.056295e-01	4.056182e-01	6.181770e-12	
336	1.557500e-08	4.056295e-01	4.056181e-01	6.181484e-12	
337	1.562500e-08	4.056295e-01	4.056181e-01	6.181165e-12	
338	1.567500e-08	4.056295e-01	4.056181e-01	6.180878e-12	
339	1.572500e-08	4.056294e-01	4.056181e-01	6.180559e-12	
340	1.577500e-08	4.056294e-01	4.056180e-01	6.180272e-12	
341	1.582500e-08	4.056294e-01	4.056180e-01	6.179953e-12	
342	1.587500e-08	4.056293e-01	4.056180e-01	6.179667e-12	
343	1.592500e-08	4.056293e-01	4.056179e-01	6.179347e-12	
344	1.597500e-08	4.056293e-01	4.056179e-01	6.179061e-12	

Index   time            v(cell)         v(bl)           vpre#branch     
--------------------------------------------------------------------------------
345	1.602500e-08	4.056292e-01	4.056179e-01	6.178742e-12	
346	1.607500e-08	4.056292e-01	4.056178e-01	6.178455e-12	
347	1.612500e-08	4.056292e-01	4.056178e-01	6.178136e-12	
348	1.617500e-08	4.056291e-01	4.056178e-01	6.177850e-12	
349	1.622500e-08	4.056291e-01	4.056178e-01	6.177531e-12	
350	1.627500e-08	4.056291e-01	4.056177e-01	6.177244e-12	
351	1.632500e-08	4.056290e-01	4.056177e-01	6.176925e-12	
352	1.637500e-08	4.056290e-01	4.056177e-01	6.176638e-12	
353	1.642500e-08	4.056290e-01	4.056176e-01	6.176320e-12	
354	1.647500e-08	4.056290e-01	4.056176e-01	6.176033e-12	
355	1.652500e-08	4.056289e-01	4.056176e-01	6.175715e-12	
356	1.657500e-08	4.056289e-01	4.056175e-01	6.175428e-12	
357	1.662500e-08	4.056289e-01	4.056175e-01	6.175109e-12	
358	1.667500e-08	4.056288e-01	4.056175e-01	6.174822e-12	
359	1.672500e-08	4.056288e-01	4.056175e-01	6.174504e-12	
360	1.677500e-08	4.056288e-01	4.056174e-01	6.174217e-12	
361	1.682500e-08	4.056287e-01	4.056174e-01	6.173899e-12	
362	1.687500e-08	4.056287e-01	4.056174e-01	6.173612e-12	
363	1.692500e-08	4.056287e-01	4.056173e-01	6.173294e-12	
364	1.697500e-08	4.056286e-01	4.056173e-01	6.173007e-12	
365	1.702500e-08	4.056286e-01	4.056173e-01	6.172689e-12	
366	1.707500e-08	4.056286e-01	4.056172e-01	6.172402e-12	
367	1.712500e-08	4.056286e-01	4.056172e-01	6.172084e-12	
368	1.717500e-08	4.056285e-01	4.056172e-01	6.171797e-12	
369	1.722500e-08	4.056285e-01	4.056171e-01	6.171479e-12	
370	1.727500e-08	4.056285e-01	4.056171e-01	6.171192e-12	
371	1.732500e-08	4.056284e-01	4.056171e-01	6.170874e-12	
372	1.737500e-08	4.056284e-01	4.056171e-01	6.170587e-12	
373	1.742500e-08	4.056284e-01	4.056170e-01	6.170269e-12	
374	1.747500e-08	4.056283e-01	4.056170e-01	6.169982e-12	
375	1.752500e-08	4.056283e-01	4.056170e-01	6.169665e-12	
376	1.757500e-08	4.056283e-01	4.056169e-01	6.169377e-12	
377	1.762500e-08	4.056282e-01	4.056169e-01	6.169060e-12	
378	1.767500e-08	4.056282e-01	4.056169e-01	6.168772e-12	
379	1.772500e-08	4.056282e-01	4.056168e-01	6.168455e-12	
380	1.777500e-08	4.056282e-01	4.056168e-01	6.168168e-12	
381	1.782500e-08	4.056281e-01	4.056168e-01	6.167851e-12	
382	1.787500e-08	4.056281e-01	4.056168e-01	6.167563e-12	
383	1.792500e-08	4.056281e-01	4.056167e-01	6.167246e-12	
384	1.797500e-08	4.056280e-01	4.056167e-01	6.166958e-12	
385	1.802500e-08	4.056280e-01	4.056167e-01	6.166642e-12	
386	1.807500e-08	4.056280e-01	4.056166e-01	6.166354e-12	
387	1.812500e-08	4.056279e-01	4.056166e-01	6.166038e-12	
388	1.817500e-08	4.056279e-01	4.056166e-01	6.165749e-12	
389	1.822500e-08	4.056279e-01	4.056165e-01	6.165433e-12	
390	1.827500e-08	4.056278e-01	4.056165e-01	6.165145e-12	
391	1.832500e-08	4.056278e-01	4.056165e-01	6.164829e-12	
392	1.837500e-08	4.056278e-01	4.056165e-01	6.164541e-12	
393	1.842500e-08	4.056278e-01	4.056164e-01	6.164225e-12	
394	1.847500e-08	4.056277e-01	4.056164e-01	6.163936e-12	
395	1.852500e-08	4.056277e-01	4.056164e-01	6.163621e-12	
396	1.857500e-08	4.056277e-01	4.056163e-01	6.163332e-12	
397	1.862500e-08	4.056276e-01	4.056163e-01	6.163017e-12	
398	1.867500e-08	4.056276e-01	4.056163e-01	6.162728e-12	
399	1.872500e-08	4.056276e-01	4.056162e-01	6.162413e-12	
400	1.877500e-08	4.056275e-01	4.056162e-01	6.162124e-12	
401	1.882500e-08	4.056275e-01	4.056162e-01	6.161809e-12	
402	1.887500e-08	4.056275e-01	4.056162e-01	6.161520e-12	

Index   time            v(cell)         v(bl)           vpre#branch     
--------------------------------------------------------------------------------
403	1.892500e-08	4.056274e-01	4.056161e-01	6.161205e-12	
404	1.897500e-08	4.056274e-01	4.056161e-01	6.160916e-12	
405	1.902500e-08	4.056274e-01	4.056161e-01	6.160601e-12	
406	1.907500e-08	4.056274e-01	4.056160e-01	6.160312e-12	
407	1.912500e-08	4.056273e-01	4.056160e-01	6.159997e-12	
408	1.917500e-08	4.056273e-01	4.056160e-01	6.159708e-12	
409	1.922500e-08	4.056273e-01	4.056159e-01	6.159393e-12	
410	1.927500e-08	4.056272e-01	4.056159e-01	6.159105e-12	
411	1.932500e-08	4.056272e-01	4.056159e-01	6.158790e-12	
412	1.937500e-08	4.056272e-01	4.056159e-01	6.158501e-12	
413	1.942500e-08	4.056271e-01	4.056158e-01	6.158186e-12	
414	1.947500e-08	4.056271e-01	4.056158e-01	6.157897e-12	
415	1.952500e-08	4.056271e-01	4.056158e-01	6.157583e-12	
416	1.957500e-08	4.056270e-01	4.056157e-01	6.157294e-12	
417	1.962500e-08	4.056270e-01	4.056157e-01	6.156979e-12	
418	1.967500e-08	4.056270e-01	4.056157e-01	6.156690e-12	
419	1.972500e-08	4.056270e-01	4.056156e-01	6.156376e-12	
420	1.977500e-08	4.056269e-01	4.056156e-01	6.156087e-12	
421	1.982500e-08	4.056269e-01	4.056156e-01	6.155772e-12	
422	1.987500e-08	4.056269e-01	4.056155e-01	6.155483e-12	
423	1.992500e-08	4.056268e-01	4.056155e-01	6.155169e-12	
424	1.997500e-08	4.056268e-01	4.056155e-01	6.154880e-12	
425	2.002500e-08	4.056268e-01	4.056155e-01	6.154566e-12	
426	2.007500e-08	4.056267e-01	4.056154e-01	6.154276e-12	
427	2.012500e-08	4.056267e-01	4.056154e-01	6.153962e-12	
428	2.017500e-08	4.056267e-01	4.056154e-01	6.153673e-12	
429	2.022500e-08	4.056266e-01	4.056153e-01	6.153359e-12	
430	2.027500e-08	4.056266e-01	4.056153e-01	6.153070e-12	
431	2.032500e-08	4.056266e-01	4.056153e-01	6.152756e-12	
432	2.037500e-08	4.056266e-01	4.056152e-01	6.152467e-12	
433	2.042500e-08	4.056265e-01	4.056152e-01	6.152153e-12	
434	2.047500e-08	4.056265e-01	4.056152e-01	6.151864e-12	
435	2.052500e-08	4.056265e-01	4.056152e-01	6.151550e-12	
436	2.057500e-08	4.056264e-01	4.056151e-01	6.151261e-12	
437	2.062500e-08	4.056264e-01	4.056151e-01	6.150947e-12	
438	2.067500e-08	4.056264e-01	4.056151e-01	6.150658e-12	
439	2.072500e-08	4.056263e-01	4.056150e-01	6.150345e-12	
440	2.077500e-08	4.056263e-01	4.056150e-01	6.150055e-12	
441	2.082500e-08	4.056263e-01	4.056150e-01	6.149742e-12	
442	2.087500e-08	4.056262e-01	4.056149e-01	6.149452e-12	
443	2.092500e-08	4.056262e-01	4.056149e-01	6.149139e-12	
444	2.097500e-08	4.056262e-01	4.056149e-01	6.148849e-12	
445	2.102500e-08	4.056262e-01	4.056149e-01	6.148536e-12	
446	2.107500e-08	4.056261e-01	4.056148e-01	6.148247e-12	
447	2.112500e-08	4.056261e-01	4.056148e-01	6.147934e-12	
448	2.117500e-08	4.056261e-01	4.056148e-01	6.147644e-12	
449	2.122500e-08	4.056260e-01	4.056147e-01	6.147331e-12	
450	2.127500e-08	4.056260e-01	4.056147e-01	6.147041e-12	
451	2.132500e-08	4.056260e-01	4.056147e-01	6.146729e-12	
452	2.137500e-08	4.056259e-01	4.056146e-01	6.146439e-12	
453	2.142500e-08	4.056259e-01	4.056146e-01	6.146126e-12	
454	2.147500e-08	4.056259e-01	4.056146e-01	6.145836e-12	
455	2.152500e-08	4.056259e-01	4.056146e-01	6.145524e-12	
456	2.157500e-08	4.056258e-01	4.056145e-01	6.145234e-12	
457	2.162500e-08	4.056258e-01	4.056145e-01	6.144922e-12	
458	2.167500e-08	4.056258e-01	4.056145e-01	6.144632e-12	
459	2.172500e-08	4.056257e-01	4.056144e-01	6.144319e-12	
460	2.177500e-08	4.056257e-01	4.056144e-01	6.144029e-12	

Index   time            v(cell)         v(bl)           vpre#branch     
--------------------------------------------------------------------------------
461	2.182500e-08	4.056257e-01	4.056144e-01	6.143717e-12	
462	2.187500e-08	4.056256e-01	4.056143e-01	6.143427e-12	
463	2.192500e-08	4.056256e-01	4.056143e-01	6.143115e-12	
464	2.196250e-08	4.056256e-01	4.056143e-01	6.142900e-12	
465	2.200000e-08	4.056256e-01	4.056143e-01	6.142663e-12	
466	2.200500e-08	4.056216e-01	4.025407e-01	-2.45930e-11	
467	2.201500e-08	4.056130e-01	3.972905e-01	-7.70948e-11	
468	2.203500e-08	4.055941e-01	3.889149e-01	-1.60851e-10	
469	2.207500e-08	4.055569e-01	3.721455e-01	-3.28545e-10	
470	2.212500e-08	4.055129e-01	3.492227e-01	-5.57773e-10	
471	2.217500e-08	4.054714e-01	3.246932e-01	-8.03068e-10	
472	2.222500e-08	4.054319e-01	2.993550e-01	-1.05645e-09	
473	2.227500e-08	4.053938e-01	2.737594e-01	-1.31241e-09	
474	2.232500e-08	4.053569e-01	2.482713e-01	-1.56729e-09	
475	2.237500e-08	4.053209e-01	2.231456e-01	-1.81854e-09	
476	2.242500e-08	4.052858e-01	1.985686e-01	-2.06431e-09	
477	2.247500e-08	4.052514e-01	1.746808e-01	-2.30319e-09	
478	2.252500e-08	4.052174e-01	1.515890e-01	-2.53411e-09	
479	2.257500e-08	4.051840e-01	1.293737e-01	-2.75626e-09	
480	2.262500e-08	4.051508e-01	1.080927e-01	-2.96907e-09	
481	2.267500e-08	4.051180e-01	8.778332e-02	-3.17217e-09	
482	2.272500e-08	4.050853e-01	6.844479e-02	-3.36555e-09	
483	2.277500e-08	4.050529e-01	5.008645e-02	-3.54914e-09	
484	2.282500e-08	4.050205e-01	3.272307e-02	-3.72277e-09	
485	2.287500e-08	4.049882e-01	1.633121e-02	-3.88669e-09	
486	2.292500e-08	4.049559e-01	8.855031e-04	-4.04114e-09	
487	2.296250e-08	4.049317e-01	-1.01018e-02	-4.15102e-09	
488	2.300000e-08	4.049076e-01	-2.06025e-02	-4.25602e-09	
489	2.300500e-08	4.049075e-01	-1.79374e-02	-4.22937e-09	
490	2.301500e-08	4.049075e-01	-1.26411e-02	-4.17641e-09	
491	2.303500e-08	4.049075e-01	-2.24867e-03	-4.07249e-09	
492	2.307500e-08	4.049075e-01	1.776222e-02	-3.87238e-09	
493	2.312500e-08	4.049075e-01	4.139224e-02	-3.63608e-09	
494	2.317500e-08	4.049075e-01	6.357508e-02	-3.41425e-09	
495	2.322500e-08	4.049075e-01	8.440194e-02	-3.20598e-09	
496	2.327500e-08	4.049075e-01	1.039567e-01	-3.01043e-09	
497	2.332500e-08	4.049075e-01	1.223177e-01	-2.82682e-09	
498	2.337500e-08	4.049075e-01	1.395582e-01	-2.65442e-09	
499	2.342500e-08	4.049075e-01	1.557468e-01	-2.49253e-09	
500	2.347500e-08	4.049075e-01	1.709478e-01	-2.34052e-09	
501	2.352500e-08	4.049075e-01	1.852216e-01	-2.19778e-09	
502	2.357500e-08	4.049075e-01	1.986247e-01	-2.06375e-09	
503	2.362500e-08	4.049075e-01	2.112104e-01	-1.93790e-09	
504	2.367500e-08	4.049075e-01	2.230284e-01	-1.81972e-09	
505	2.372500e-08	4.049075e-01	2.341257e-01	-1.70874e-09	
506	2.377500e-08	4.049075e-01	2.445462e-01	-1.60454e-09	
507	2.382500e-08	4.049075e-01	2.543312e-01	-1.50669e-09	
508	2.387500e-08	4.049075e-01	2.635195e-01	-1.41480e-09	
509	2.392500e-08	4.049075e-01	2.721474e-01	-1.32853e-09	
510	2.397500e-08	4.049075e-01	2.802492e-01	-1.24751e-09	
511	2.402500e-08	4.049075e-01	2.878568e-01	-1.17143e-09	
512	2.407500e-08	4.049075e-01	2.950006e-01	-1.09999e-09	
513	2.412500e-08	4.049075e-01	3.017087e-01	-1.03291e-09	
514	2.417500e-08	4.049075e-01	3.080077e-01	-9.69923e-10	
515	2.422500e-08	4.049075e-01	3.139225e-01	-9.10775e-10	
516	2.427500e-08	4.049075e-01	3.194767e-01	-8.55233e-10	
517	2.432500e-08	4.049075e-01	3.246921e-01	-8.03079e-10	
518	2.437500e-08	4.049075e-01	3.295895e-01	-7.54105e-10	

Index   time            v(cell)         v(bl)           vpre#branch     
--------------------------------------------------------------------------------
519	2.442500e-08	4.049075e-01	3.341882e-01	-7.08118e-10	
520	2.447500e-08	4.049075e-01	3.385065e-01	-6.64935e-10	
521	2.452500e-08	4.049075e-01	3.425615e-01	-6.24385e-10	
522	2.457500e-08	4.049075e-01	3.463692e-01	-5.86308e-10	
523	2.462500e-08	4.049075e-01	3.499446e-01	-5.50554e-10	
524	2.467500e-08	4.049075e-01	3.533020e-01	-5.16980e-10	
525	2.472500e-08	4.049075e-01	3.564547e-01	-4.85453e-10	
526	2.477500e-08	4.049075e-01	3.594151e-01	-4.55849e-10	
527	2.482500e-08	4.049075e-01	3.621950e-01	-4.28050e-10	
528	2.487500e-08	4.049075e-01	3.648054e-01	-4.01946e-10	
529	2.492500e-08	4.049075e-01	3.672566e-01	-3.77434e-10	
530	2.497500e-08	4.049075e-01	3.695583e-01	-3.54417e-10	
531	2.502500e-08	4.049075e-01	3.717196e-01	-3.32804e-10	
532	2.507500e-08	4.049075e-01	3.737491e-01	-3.12509e-10	
533	2.512500e-08	4.049075e-01	3.756549e-01	-2.93451e-10	
534	2.517500e-08	4.049075e-01	3.774444e-01	-2.75556e-10	
535	2.522500e-08	4.049075e-01	3.791248e-01	-2.58752e-10	
536	2.527500e-08	4.049075e-01	3.807028e-01	-2.42972e-10	
537	2.532500e-08	4.049075e-01	3.821845e-01	-2.28155e-10	
538	2.537500e-08	4.049075e-01	3.835758e-01	-2.14242e-10	
539	2.542500e-08	4.049075e-01	3.848823e-01	-2.01177e-10	
540	2.547500e-08	4.049075e-01	3.861092e-01	-1.88908e-10	
541	2.552500e-08	4.049075e-01	3.872612e-01	-1.77388e-10	
542	2.557500e-08	4.049075e-01	3.883429e-01	-1.66571e-10	
543	2.562500e-08	4.049075e-01	3.893587e-01	-1.56413e-10	
544	2.567500e-08	4.049075e-01	3.903126e-01	-1.46874e-10	
545	2.572500e-08	4.049075e-01	3.912083e-01	-1.37917e-10	
546	2.577500e-08	4.049075e-01	3.920493e-01	-1.29507e-10	
547	2.582500e-08	4.049075e-01	3.928391e-01	-1.21609e-10	
548	2.587500e-08	4.049075e-01	3.935807e-01	-1.14193e-10	
549	2.592500e-08	4.049075e-01	3.942771e-01	-1.07229e-10	
550	2.597500e-08	4.049075e-01	3.949310e-01	-1.00690e-10	
551	2.602500e-08	4.049075e-01	3.955450e-01	-9.45497e-11	
552	2.607500e-08	4.049075e-01	3.961216e-01	-8.87838e-11	
553	2.612500e-08	4.049075e-01	3.966631e-01	-8.33695e-11	
554	2.617500e-08	4.049075e-01	3.971715e-01	-7.82854e-11	
555	2.622500e-08	4.049075e-01	3.976489e-01	-7.35113e-11	
556	2.627500e-08	4.049075e-01	3.980972e-01	-6.90284e-11	
557	2.632500e-08	4.049075e-01	3.985181e-01	-6.48188e-11	
558	2.637500e-08	4.049075e-01	3.989134e-01	-6.08660e-11	
559	2.642500e-08	4.049075e-01	3.992846e-01	-5.71542e-11	
560	2.647500e-08	4.049075e-01	3.996331e-01	-5.36688e-11	
561	2.652500e-08	4.049075e-01	3.999604e-01	-5.03959e-11	
562	2.657500e-08	4.049075e-01	4.002677e-01	-4.73226e-11	
563	2.662500e-08	4.049075e-01	4.005563e-01	-4.44367e-11	
564	2.667500e-08	4.049075e-01	4.008273e-01	-4.17268e-11	
565	2.672500e-08	4.049075e-01	4.010818e-01	-3.91822e-11	
566	2.677500e-08	4.049075e-01	4.013207e-01	-3.67928e-11	
567	2.682500e-08	4.049075e-01	4.015451e-01	-3.45490e-11	
568	2.687500e-08	4.049075e-01	4.017558e-01	-3.24421e-11	
569	2.692500e-08	4.049075e-01	4.019536e-01	-3.04637e-11	
570	2.697500e-08	4.049075e-01	4.021394e-01	-2.86059e-11	
571	2.702500e-08	4.049075e-01	4.023139e-01	-2.68615e-11	
572	2.707500e-08	4.049075e-01	4.024777e-01	-2.52234e-11	
573	2.712500e-08	4.049075e-01	4.026315e-01	-2.36852e-11	
574	2.717500e-08	4.049075e-01	4.027759e-01	-2.22408e-11	
575	2.722500e-08	4.049075e-01	4.029116e-01	-2.08845e-11	
576	2.727500e-08	4.049075e-01	4.030389e-01	-1.96109e-11	

Index   time            v(cell)         v(bl)           vpre#branch     
--------------------------------------------------------------------------------
577	2.732500e-08	4.049075e-01	4.031585e-01	-1.84149e-11	
578	2.737500e-08	4.049075e-01	4.032708e-01	-1.72919e-11	
579	2.742500e-08	4.049075e-01	4.033763e-01	-1.62374e-11	
580	2.747500e-08	4.049075e-01	4.034753e-01	-1.52472e-11	
581	2.752500e-08	4.049075e-01	4.035683e-01	-1.43174e-11	
582	2.757500e-08	4.049075e-01	4.036556e-01	-1.34443e-11	
583	2.762500e-08	4.049075e-01	4.037376e-01	-1.26244e-11	
584	2.767500e-08	4.049075e-01	4.038145e-01	-1.18545e-11	
585	2.772500e-08	4.049075e-01	4.038868e-01	-1.11316e-11	
586	2.777500e-08	4.049075e-01	4.039547e-01	-1.04528e-11	
587	2.782500e-08	4.049075e-01	4.040185e-01	-9.81534e-12	
588	2.787500e-08	4.049075e-01	4.040783e-01	-9.21677e-12	
589	2.792500e-08	4.049075e-01	4.041345e-01	-8.65470e-12	
590	2.797500e-08	4.049075e-01	4.041873e-01	-8.12691e-12	
591	2.802500e-08	4.049075e-01	4.042369e-01	-7.63131e-12	
592	2.807500e-08	4.049075e-01	4.042834e-01	-7.16593e-12	
593	2.812500e-08	4.049075e-01	4.043271e-01	-6.72893e-12	
594	2.817500e-08	4.049075e-01	4.043681e-01	-6.31858e-12	
595	2.822500e-08	4.049075e-01	4.044067e-01	-5.93326e-12	
596	2.827500e-08	4.049075e-01	4.044429e-01	-5.57143e-12	
597	2.832500e-08	4.049075e-01	4.044768e-01	-5.23167e-12	
598	2.837500e-08	4.049075e-01	4.045087e-01	-4.91262e-12	
599	2.842500e-08	4.049075e-01	4.045387e-01	-4.61304e-12	
600	2.847500e-08	4.049075e-01	4.045668e-01	-4.33172e-12	
601	2.852500e-08	4.049075e-01	4.045932e-01	-4.06756e-12	
602	2.857500e-08	4.049075e-01	4.046180e-01	-3.81951e-12	
603	2.862500e-08	4.049075e-01	4.046413e-01	-3.58659e-12	
604	2.867500e-08	4.049075e-01	4.046632e-01	-3.36786e-12	
605	2.872500e-08	4.049075e-01	4.046838e-01	-3.16248e-12	
606	2.877500e-08	4.049075e-01	4.047030e-01	-2.96963e-12	
607	2.882500e-08	4.049075e-01	4.047211e-01	-2.78853e-12	
608	2.887500e-08	4.049075e-01	4.047382e-01	-2.61848e-12	
609	2.892500e-08	4.049075e-01	4.047541e-01	-2.45880e-12	
610	2.897500e-08	4.049075e-01	4.047691e-01	-2.30885e-12	
611	2.902500e-08	4.049075e-01	4.047832e-01	-2.16805e-12	
612	2.907500e-08	4.049075e-01	4.047964e-01	-2.03584e-12	
613	2.912500e-08	4.049075e-01	4.048088e-01	-1.91169e-12	
614	2.917500e-08	4.049075e-01	4.048205e-01	-1.79511e-12	
615	2.922500e-08	4.049075e-01	4.048314e-01	-1.68564e-12	
616	2.927500e-08	4.049075e-01	4.048417e-01	-1.58284e-12	
617	2.932500e-08	4.049075e-01	4.048514e-01	-1.48632e-12	
618	2.937500e-08	4.049075e-01	4.048604e-01	-1.39568e-12	
619	2.942500e-08	4.049075e-01	4.048689e-01	-1.31056e-12	
620	2.947500e-08	4.049075e-01	4.048769e-01	-1.23064e-12	
621	2.952500e-08	4.049075e-01	4.048844e-01	-1.15560e-12	
622	2.957500e-08	4.049075e-01	4.048915e-01	-1.08512e-12	
623	2.962500e-08	4.049075e-01	4.048981e-01	-1.01895e-12	
624	2.967500e-08	4.049075e-01	4.049043e-01	-9.56813e-13	
625	2.972500e-08	4.049075e-01	4.049102e-01	-8.98464e-13	
626	2.977500e-08	4.049075e-01	4.049156e-01	-8.43674e-13	
627	2.982500e-08	4.049075e-01	4.049208e-01	-7.92224e-13	
628	2.987500e-08	4.049075e-01	4.049256e-01	-7.43913e-13	
629	2.992500e-08	4.049075e-01	4.049301e-01	-6.98547e-13	
630	2.997500e-08	4.049075e-01	4.049344e-01	-6.55948e-13	
631	3.002500e-08	4.049075e-01	4.049384e-01	-6.15947e-13	
632	3.007500e-08	4.049075e-01	4.049422e-01	-5.78386e-13	
633	3.012500e-08	4.049075e-01	4.049457e-01	-5.43115e-13	
634	3.017500e-08	4.049075e-01	4.049490e-01	-5.09994e-13	

Index   time            v(cell)         v(bl)           vpre#branch     
--------------------------------------------------------------------------------
635	3.022500e-08	4.049075e-01	4.049521e-01	-4.78894e-13	
636	3.027500e-08	4.049075e-01	4.049550e-01	-4.49690e-13	
637	3.032500e-08	4.049075e-01	4.049578e-01	-4.22267e-13	
638	3.037500e-08	4.049075e-01	4.049603e-01	-3.96517e-13	
639	3.042500e-08	4.049075e-01	4.049628e-01	-3.72337e-13	
640	3.047500e-08	4.049075e-01	4.049650e-01	-3.49631e-13	
641	3.052500e-08	4.049075e-01	4.049672e-01	-3.28310e-13	
642	3.057500e-08	4.049075e-01	4.049692e-01	-3.08289e-13	
643	3.062500e-08	4.049075e-01	4.049711e-01	-2.89490e-13	
644	3.067500e-08	4.049075e-01	4.049728e-01	-2.71836e-13	
645	3.072500e-08	4.049075e-01	4.049745e-01	-2.55260e-13	
646	3.077500e-08	4.049075e-01	4.049760e-01	-2.39694e-13	
647	3.082500e-08	4.049075e-01	4.049775e-01	-2.25077e-13	
648	3.087500e-08	4.049075e-01	4.049789e-01	-2.11352e-13	
649	3.092500e-08	4.049075e-01	4.049802e-01	-1.98464e-13	
650	3.097500e-08	4.049075e-01	4.049814e-01	-1.86361e-13	
651	3.102500e-08	4.049075e-01	4.049825e-01	-1.74997e-13	
652	3.107500e-08	4.049075e-01	4.049836e-01	-1.64326e-13	
653	3.112500e-08	4.049075e-01	4.049846e-01	-1.54305e-13	
654	3.117500e-08	4.049075e-01	4.049855e-01	-1.44896e-13	
655	3.122500e-08	4.049075e-01	4.049864e-01	-1.36060e-13	
656	3.127500e-08	4.049075e-01	4.049872e-01	-1.27764e-13	
657	3.132500e-08	4.049075e-01	4.049880e-01	-1.19973e-13	
658	3.137500e-08	4.049075e-01	4.049887e-01	-1.12657e-13	
659	3.142500e-08	4.049075e-01	4.049894e-01	-1.05788e-13	
660	3.147500e-08	4.049075e-01	4.049901e-01	-9.93369e-14	
661	3.152500e-08	4.049075e-01	4.049907e-01	-9.32796e-14	
662	3.157500e-08	4.049075e-01	4.049912e-01	-8.75918e-14	
663	3.162500e-08	4.049075e-01	4.049918e-01	-8.22508e-14	
664	3.167500e-08	4.049075e-01	4.049923e-01	-7.72355e-14	
665	3.172500e-08	4.049075e-01	4.049927e-01	-7.25261e-14	
666	3.177500e-08	4.049075e-01	4.049932e-01	-6.81038e-14	
667	3.182500e-08	4.049075e-01	4.049936e-01	-6.39513e-14	
668	3.187500e-08	4.049075e-01	4.049940e-01	-6.00519e-14	
669	3.192500e-08	4.049075e-01	4.049944e-01	-5.63904e-14	
670	3.197500e-08	4.049075e-01	4.049947e-01	-5.29522e-14	
671	3.202500e-08	4.049075e-01	4.049950e-01	-4.97236e-14	
672	3.207500e-08	4.049075e-01	4.049953e-01	-4.66919e-14	
673	3.212500e-08	4.049075e-01	4.049956e-01	-4.38451e-14	
674	3.217500e-08	4.049075e-01	4.049959e-01	-4.11719e-14	
675	3.222500e-08	4.049075e-01	4.049961e-01	-3.86617e-14	
676	3.227500e-08	4.049075e-01	4.049964e-01	-3.63047e-14	
677	3.232500e-08	4.049075e-01	4.049966e-01	-3.40913e-14	
678	3.237500e-08	4.049075e-01	4.049968e-01	-3.20129e-14	
679	3.242500e-08	4.049075e-01	4.049970e-01	-3.00613e-14	
680	3.247500e-08	4.049075e-01	4.049972e-01	-2.82287e-14	
681	3.252500e-08	4.049075e-01	4.049973e-01	-2.65078e-14	
682	3.257500e-08	4.049075e-01	4.049975e-01	-2.48919e-14	
683	3.262500e-08	4.049075e-01	4.049977e-01	-2.33745e-14	
684	3.267500e-08	4.049075e-01	4.049978e-01	-2.19497e-14	
685	3.272500e-08	4.049075e-01	4.049979e-01	-2.06118e-14	
686	3.277500e-08	4.049075e-01	4.049981e-01	-1.93554e-14	
687	3.282500e-08	4.049075e-01	4.049982e-01	-1.81757e-14	
688	3.287500e-08	4.049075e-01	4.049983e-01	-1.70679e-14	
689	3.292500e-08	4.049075e-01	4.049984e-01	-1.60276e-14	
690	3.297500e-08	4.049075e-01	4.049985e-01	-1.50508e-14	
691	3.302500e-08	4.049075e-01	4.049986e-01	-1.41336e-14	
692	3.307500e-08	4.049075e-01	4.049987e-01	-1.32723e-14	

Index   time            v(cell)         v(bl)           vpre#branch     
--------------------------------------------------------------------------------
693	3.312500e-08	4.049075e-01	4.049988e-01	-1.24635e-14	
694	3.317500e-08	4.049075e-01	4.049988e-01	-1.17041e-14	
695	3.322500e-08	4.049075e-01	4.049989e-01	-1.09910e-14	
696	3.327500e-08	4.049075e-01	4.049990e-01	-1.03213e-14	
697	3.332500e-08	4.049075e-01	4.049990e-01	-9.69250e-15	
698	3.337500e-08	4.049075e-01	4.049991e-01	-9.10204e-15	
699	3.342500e-08	4.049075e-01	4.049991e-01	-8.54759e-15	
700	3.347500e-08	4.049075e-01	4.049992e-01	-8.02694e-15	
701	3.352500e-08	4.049075e-01	4.049992e-01	-7.53805e-15	
702	3.357500e-08	4.049075e-01	4.049993e-01	-7.07897e-15	
703	3.362500e-08	4.049075e-01	4.049993e-01	-6.64789e-15	
704	3.367500e-08	4.049075e-01	4.049994e-01	-6.24310e-15	
705	3.372500e-08	4.049075e-01	4.049994e-01	-5.86299e-15	
706	3.377500e-08	4.049075e-01	4.049994e-01	-5.50606e-15	
707	3.382500e-08	4.049075e-01	4.049995e-01	-5.17090e-15	
708	3.387500e-08	4.049075e-01	4.049995e-01	-4.85618e-15	
709	3.392500e-08	4.049075e-01	4.049995e-01	-4.56065e-15	
710	3.397500e-08	4.049075e-01	4.049996e-01	-4.28314e-15	
711	3.402500e-08	4.049075e-01	4.049996e-01	-4.02255e-15	
712	3.407500e-08	4.049075e-01	4.049996e-01	-3.77786e-15	
713	3.412500e-08	4.049075e-01	4.049996e-01	-3.54809e-15	
714	3.417500e-08	4.049075e-01	4.049997e-01	-3.33233e-15	
715	3.422500e-08	4.049075e-01	4.049997e-01	-3.12973e-15	
716	3.427500e-08	4.049075e-01	4.049997e-01	-2.93948e-15	
717	3.432500e-08	4.049075e-01	4.049997e-01	-2.76084e-15	
718	3.437500e-08	4.049075e-01	4.049997e-01	-2.59309e-15	
719	3.442500e-08	4.049075e-01	4.049998e-01	-2.43557e-15	
720	3.447500e-08	4.049075e-01	4.049998e-01	-2.28766e-15	
721	3.452500e-08	4.049075e-01	4.049998e-01	-2.14876e-15	
722	3.457500e-08	4.049075e-01	4.049998e-01	-2.01834e-15	
723	3.462500e-08	4.049075e-01	4.049998e-01	-1.89587e-15	
724	3.467500e-08	4.049075e-01	4.049998e-01	-1.78087e-15	
725	3.472500e-08	4.049075e-01	4.049998e-01	-1.67288e-15	
726	3.477500e-08	4.049075e-01	4.049998e-01	-1.57148e-15	
727	3.482500e-08	4.049075e-01	4.049999e-01	-1.47626e-15	
728	3.487500e-08	4.049075e-01	4.049999e-01	-1.38685e-15	
729	3.492500e-08	4.049075e-01	4.049999e-01	-1.30289e-15	
730	3.497500e-08	4.049075e-01	4.049999e-01	-1.22405e-15	
731	3.502500e-08	4.049075e-01	4.049999e-01	-1.15002e-15	
732	3.507500e-08	4.049075e-01	4.049999e-01	-1.08050e-15	
733	3.512500e-08	4.049075e-01	4.049999e-01	-1.01522e-15	
734	3.517500e-08	4.049075e-01	4.049999e-01	-9.53927e-16	
735	3.522500e-08	4.049075e-01	4.049999e-01	-8.96368e-16	
736	3.527500e-08	4.049075e-01	4.049999e-01	-8.42319e-16	
737	3.532500e-08	4.049075e-01	4.049999e-01	-7.91567e-16	
738	3.537500e-08	4.049075e-01	4.049999e-01	-7.43909e-16	
739	3.542500e-08	4.049075e-01	4.049999e-01	-6.99158e-16	
740	3.547500e-08	4.049075e-01	4.049999e-01	-6.57136e-16	
741	3.552500e-08	4.049075e-01	4.049999e-01	-6.17676e-16	
742	3.557500e-08	4.049075e-01	4.049999e-01	-5.80623e-16	
743	3.562500e-08	4.049075e-01	4.049999e-01	-5.45830e-16	
744	3.567500e-08	4.049075e-01	4.049999e-01	-5.13158e-16	
745	3.572500e-08	4.049075e-01	4.050000e-01	-4.82479e-16	
746	3.577500e-08	4.049075e-01	4.050000e-01	-4.53671e-16	
747	3.582500e-08	4.049075e-01	4.050000e-01	-4.26619e-16	
748	3.587500e-08	4.049075e-01	4.050000e-01	-4.01217e-16	
749	3.592500e-08	4.049075e-01	4.050000e-01	-3.77365e-16	
750	3.597500e-08	4.049075e-01	4.050000e-01	-3.54966e-16	

Index   time            v(cell)         v(bl)           vpre#branch     
--------------------------------------------------------------------------------
751	3.602500e-08	4.049075e-01	4.050000e-01	-3.33934e-16	
752	3.607500e-08	4.049075e-01	4.050000e-01	-3.14185e-16	
753	3.612500e-08	4.049075e-01	4.050000e-01	-2.95639e-16	
754	3.617500e-08	4.049075e-01	4.050000e-01	-2.78225e-16	
755	3.622500e-08	4.049075e-01	4.050000e-01	-2.61873e-16	
756	3.627500e-08	4.049075e-01	4.050000e-01	-2.46517e-16	
757	3.632500e-08	4.049075e-01	4.050000e-01	-2.32098e-16	
758	3.637500e-08	4.049075e-01	4.050000e-01	-2.18558e-16	
759	3.642500e-08	4.049075e-01	4.050000e-01	-2.05845e-16	
760	3.647500e-08	4.049075e-01	4.050000e-01	-1.93907e-16	
761	3.652500e-08	4.049075e-01	4.050000e-01	-1.82696e-16	
762	3.657500e-08	4.049075e-01	4.050000e-01	-1.72169e-16	
763	3.662500e-08	4.049075e-01	4.050000e-01	-1.62284e-16	
764	3.667500e-08	4.049075e-01	4.050000e-01	-1.53003e-16	
765	3.672500e-08	4.049075e-01	4.050000e-01	-1.44287e-16	
766	3.677500e-08	4.049075e-01	4.050000e-01	-1.36103e-16	
767	3.682500e-08	4.049075e-01	4.050000e-01	-1.28417e-16	
768	3.687500e-08	4.049075e-01	4.050000e-01	-1.21201e-16	
769	3.692500e-08	4.049075e-01	4.050000e-01	-1.14424e-16	
770	3.697500e-08	4.049075e-01	4.050000e-01	-1.08061e-16	
771	3.702500e-08	4.049075e-01	4.050000e-01	-1.02085e-16	
772	3.707500e-08	4.049075e-01	4.050000e-01	-9.64740e-17	
773	3.712500e-08	4.049075e-01	4.050000e-01	-9.12051e-17	
774	3.717500e-08	4.049075e-01	4.050000e-01	-8.62579e-17	
775	3.722500e-08	4.049075e-01	4.050000e-01	-8.16123e-17	
776	3.727500e-08	4.049075e-01	4.050000e-01	-7.72501e-17	
777	3.732500e-08	4.049075e-01	4.050000e-01	-7.31539e-17	
778	3.737500e-08	4.049075e-01	4.050000e-01	-6.93076e-17	
779	3.742500e-08	4.049075e-01	4.050000e-01	-6.56957e-17	
780	3.747500e-08	4.049075e-01	4.050000e-01	-6.23043e-17	
781	3.752500e-08	4.049075e-01	4.050000e-01	-5.91196e-17	
782	3.757500e-08	4.049075e-01	4.050000e-01	-5.61288e-17	
783	3.762500e-08	4.049075e-01	4.050000e-01	-5.33207e-17	
784	3.767500e-08	4.049075e-01	4.050000e-01	-5.06839e-17	
785	3.772500e-08	4.049075e-01	4.050000e-01	-4.82079e-17	
786	3.777500e-08	4.049075e-01	4.050000e-01	-4.58829e-17	
787	3.782500e-08	4.049075e-01	4.050000e-01	-4.36993e-17	
788	3.787500e-08	4.049075e-01	4.050000e-01	-4.16490e-17	
789	3.792500e-08	4.049075e-01	4.050000e-01	-3.97236e-17	
790	3.797500e-08	4.049075e-01	4.050000e-01	-3.79157e-17	
791	3.802500e-08	4.049075e-01	4.050000e-01	-3.62180e-17	
792	3.807500e-08	4.049075e-01	4.050000e-01	-3.46238e-17	
793	3.812500e-08	4.049075e-01	4.050000e-01	-3.31273e-17	
794	3.817500e-08	4.049075e-01	4.050000e-01	-3.17221e-17	
795	3.822500e-08	4.049075e-01	4.050000e-01	-3.04021e-17	
796	3.827500e-08	4.049075e-01	4.050000e-01	-2.91626e-17	
797	3.832500e-08	4.049075e-01	4.050000e-01	-2.79987e-17	
798	3.837500e-08	4.049075e-01	4.050000e-01	-2.69058e-17	
799	3.842500e-08	4.049075e-01	4.050000e-01	-2.58796e-17	
800	3.847500e-08	4.049075e-01	4.050000e-01	-2.49159e-17	
801	3.852500e-08	4.049075e-01	4.050000e-01	-2.40110e-17	
802	3.857500e-08	4.049075e-01	4.050000e-01	-2.31617e-17	
803	3.862500e-08	4.049075e-01	4.050000e-01	-2.23641e-17	
804	3.867500e-08	4.049075e-01	4.050000e-01	-2.16149e-17	
805	3.872500e-08	4.049075e-01	4.050000e-01	-2.09113e-17	
806	3.877500e-08	4.049075e-01	4.050000e-01	-2.02506e-17	
807	3.882500e-08	4.049075e-01	4.050000e-01	-1.96302e-17	
808	3.887500e-08	4.049075e-01	4.050000e-01	-1.90476e-17	

Index   time            v(cell)         v(bl)           vpre#branch     
--------------------------------------------------------------------------------
809	3.892500e-08	4.049075e-01	4.050000e-01	-1.85006e-17	
810	3.897500e-08	4.049075e-01	4.050000e-01	-1.79869e-17	
811	3.902500e-08	4.049075e-01	4.050000e-01	-1.75045e-17	
812	3.907500e-08	4.049075e-01	4.050000e-01	-1.70516e-17	
813	3.912500e-08	4.049075e-01	4.050000e-01	-1.66263e-17	
814	3.917500e-08	4.049075e-01	4.050000e-01	-1.62269e-17	
815	3.922500e-08	4.049075e-01	4.050000e-01	-1.58519e-17	
816	3.927500e-08	4.049075e-01	4.050000e-01	-1.54997e-17	
817	3.932500e-08	4.049075e-01	4.050000e-01	-1.51691e-17	
818	3.937500e-08	4.049075e-01	4.050000e-01	-1.48586e-17	
819	3.942500e-08	4.049075e-01	4.050000e-01	-1.45670e-17	
820	3.947500e-08	4.049075e-01	4.050000e-01	-1.42932e-17	
821	3.952500e-08	4.049075e-01	4.050000e-01	-1.40361e-17	
822	3.957500e-08	4.049075e-01	4.050000e-01	-1.37947e-17	
823	3.962500e-08	4.049075e-01	4.050000e-01	-1.35680e-17	
824	3.967500e-08	4.049075e-01	4.050000e-01	-1.33551e-17	
825	3.972500e-08	4.049075e-01	4.050000e-01	-1.31552e-17	
826	3.977500e-08	4.049075e-01	4.050000e-01	-1.29679e-17	
827	3.982500e-08	4.049075e-01	4.050000e-01	-1.27921e-17	
828	3.987500e-08	4.049075e-01	4.050000e-01	-1.26265e-17	
829	3.992500e-08	4.049075e-01	4.050000e-01	-1.24711e-17	
830	3.996250e-08	4.049075e-01	4.050000e-01	-1.23606e-17	
831	4.000000e-08	4.049075e-01	4.050000e-01	-1.22554e-17	


Total analysis time (seconds) = 0.0512712

Total elapsed time (seconds) = 0.060 

Total DRAM available = 386307.215 MB.
DRAM currently available = 7559.375 MB.
Maximum ngspice program size =  529.723 MB.
Current ngspice program size =   14.289 MB.

Shared ngspice pages =   12.465 MB.
Text (code) pages =    6.266 MB.
Stack = 0 bytes.
Library pages =   59.141 MB.

