
Note: No compatibility mode selected!


Circuit: * 1t1c ccell=20.0ff

Warning: Model issue on line 7 :
  .model nfet bsimcmg_va type=1 bulkmod=0 bulkmod=0 igcmod=0 igbmod=0 gidl ...
unrecognized parameter (sasatcv) - ignored

Doing analysis at TEMP = 85.000000 and TNOM = 27.000000

Using SPARSE 1.3 as Direct Linear Solver

Initial Transient Solution
--------------------------

Node                                   Voltage
----                                   -------
pre                                      0.375
bl                                       0.375
wl                                           0
plate                                        0
s                                            0
cell                                         0
vs#branch                                    0
vpl#branch                                   0
vwl#branch                                   0
vpre#branch                                  0


No. of Data Rows : 832

  Measurements for Transient Analysis


Error: measure  t_read  find(AT) : out of interval
 .measure tran t_read find time when v(cell)=0.375000 cross=1 from=12n to=23n failed!

t_write             =  1.90105e-09
i_hold              =  -4.01789e-10 from=  2.50000e-08 to=  3.50250e-08
q_read              =   1.41697e-19 from=  1.20000e-08 to=  2.20000e-08

                              * 1t1c ccell=20.0ff
                              Transient Analysis  Tue Jun 23 16:38:57  2026
--------------------------------------------------------------------------------
Index   time            v(cell)         v(bl)           vpre#branch     
--------------------------------------------------------------------------------
0	0.000000e+00	0.000000e+00	3.750000e-01	0.000000e+00	
1	5.000000e-13	4.938317e-09	3.749945e-01	-5.54796e-14	
2	1.000000e-12	9.875538e-09	3.749903e-01	-9.73091e-14	
3	2.000000e-12	1.974943e-08	3.749819e-01	-1.80950e-13	
4	4.000000e-12	3.949665e-08	3.749652e-01	-3.48125e-13	
5	8.000000e-12	7.899092e-08	3.749318e-01	-6.82047e-13	
6	1.600000e-11	1.579774e-07	3.748652e-01	-1.34818e-12	
7	3.200000e-11	3.159436e-07	3.747326e-01	-2.67365e-12	
8	6.400000e-11	6.318473e-07	3.744702e-01	-5.29759e-12	
9	1.140000e-10	1.125373e-06	3.740674e-01	-9.32645e-12	
10	1.640000e-10	1.618808e-06	3.736730e-01	-1.32702e-11	
11	2.140000e-10	2.112156e-06	3.732869e-01	-1.71306e-11	
12	2.640000e-10	2.605418e-06	3.729091e-01	-2.09094e-11	
13	3.140000e-10	3.098595e-06	3.725392e-01	-2.46083e-11	
14	3.640000e-10	3.591689e-06	3.721771e-01	-2.82291e-11	
15	4.140000e-10	4.084702e-06	3.718227e-01	-3.17733e-11	
16	4.640000e-10	4.577635e-06	3.714757e-01	-3.52426e-11	
17	5.140000e-10	5.070490e-06	3.711361e-01	-3.86386e-11	
18	5.640000e-10	5.563268e-06	3.708037e-01	-4.19629e-11	
19	6.140000e-10	6.055970e-06	3.704783e-01	-4.52169e-11	
20	6.640000e-10	6.548599e-06	3.701598e-01	-4.84020e-11	
21	7.140000e-10	7.041155e-06	3.698480e-01	-5.15199e-11	
22	7.640000e-10	7.533640e-06	3.695428e-01	-5.45719e-11	
23	8.140000e-10	8.026055e-06	3.692441e-01	-5.75593e-11	
24	8.640000e-10	8.518402e-06	3.689516e-01	-6.04836e-11	
25	9.140000e-10	9.010681e-06	3.686654e-01	-6.33461e-11	
26	9.570000e-10	9.433988e-06	3.684241e-01	-6.57594e-11	
27	1.000000e-09	9.857247e-06	3.681871e-01	-6.81287e-11	
28	1.005000e-09	3.755614e-03	3.681618e-01	-6.83817e-11	
29	1.015000e-09	1.124685e-02	3.681185e-01	-6.88150e-11	
30	1.035000e-09	2.622925e-02	3.680696e-01	-6.93037e-11	
31	1.075000e-09	5.619399e-02	3.680608e-01	-6.93920e-11	
32	1.125000e-09	9.364983e-02	3.681338e-01	-6.86618e-11	
33	1.175000e-09	1.311056e-01	3.682556e-01	-6.74444e-11	
34	1.225000e-09	1.685614e-01	3.683942e-01	-6.60582e-11	
35	1.275000e-09	2.060172e-01	3.685316e-01	-6.46844e-11	
36	1.325000e-09	2.434729e-01	3.686667e-01	-6.33332e-11	
37	1.375000e-09	2.809287e-01	3.687992e-01	-6.20079e-11	
38	1.425000e-09	3.183844e-01	3.689291e-01	-6.07095e-11	
39	1.475000e-09	3.558402e-01	3.690562e-01	-5.94379e-11	
40	1.525000e-09	3.932960e-01	3.691807e-01	-5.81927e-11	
41	1.575000e-09	4.307517e-01	3.693027e-01	-5.69734e-11	
42	1.625000e-09	4.682075e-01	3.694220e-01	-5.57797e-11	
43	1.675000e-09	5.056633e-01	3.695389e-01	-5.46110e-11	
44	1.725000e-09	5.431190e-01	3.696533e-01	-5.34667e-11	
45	1.775000e-09	5.805748e-01	3.697654e-01	-5.23464e-11	
46	1.825000e-09	6.180306e-01	3.698750e-01	-5.12496e-11	
47	1.875000e-09	6.554863e-01	3.699824e-01	-5.01757e-11	
48	1.925000e-09	6.929421e-01	3.700876e-01	-4.91244e-11	
49	1.962500e-09	7.210339e-01	3.701650e-01	-4.83503e-11	
50	2.000000e-09	7.491257e-01	3.702412e-01	-4.75884e-11	
51	2.005000e-09	7.491256e-01	3.702512e-01	-4.74879e-11	
52	2.015000e-09	7.491256e-01	3.702713e-01	-4.72872e-11	
53	2.035000e-09	7.491256e-01	3.703112e-01	-4.68883e-11	
54	2.075000e-09	7.491256e-01	3.703899e-01	-4.61006e-11	

Index   time            v(cell)         v(bl)           vpre#branch     
--------------------------------------------------------------------------------
55	2.125000e-09	7.491256e-01	3.704865e-01	-4.51346e-11	
56	2.175000e-09	7.491256e-01	3.705811e-01	-4.41888e-11	
57	2.225000e-09	7.491256e-01	3.706737e-01	-4.32628e-11	
58	2.275000e-09	7.491256e-01	3.707644e-01	-4.23562e-11	
59	2.325000e-09	7.491256e-01	3.708531e-01	-4.14686e-11	
60	2.375000e-09	7.491256e-01	3.709400e-01	-4.05996e-11	
61	2.425000e-09	7.491256e-01	3.710251e-01	-3.97488e-11	
62	2.475000e-09	7.491256e-01	3.711084e-01	-3.89158e-11	
63	2.525000e-09	7.491256e-01	3.711900e-01	-3.81003e-11	
64	2.575000e-09	7.491256e-01	3.712698e-01	-3.73019e-11	
65	2.625000e-09	7.491256e-01	3.713480e-01	-3.65201e-11	
66	2.675000e-09	7.491256e-01	3.714245e-01	-3.57548e-11	
67	2.725000e-09	7.491256e-01	3.714995e-01	-3.50055e-11	
68	2.775000e-09	7.491256e-01	3.715728e-01	-3.42718e-11	
69	2.825000e-09	7.491256e-01	3.716446e-01	-3.35536e-11	
70	2.875000e-09	7.491256e-01	3.717150e-01	-3.28504e-11	
71	2.925000e-09	7.491256e-01	3.717838e-01	-3.21619e-11	
72	2.975000e-09	7.491256e-01	3.718512e-01	-3.14878e-11	
73	3.025000e-09	7.491256e-01	3.719172e-01	-3.08279e-11	
74	3.075000e-09	7.491256e-01	3.719818e-01	-3.01818e-11	
75	3.125000e-09	7.491256e-01	3.720451e-01	-2.95492e-11	
76	3.175000e-09	7.491256e-01	3.721070e-01	-2.89299e-11	
77	3.225000e-09	7.491256e-01	3.721676e-01	-2.83235e-11	
78	3.275000e-09	7.491256e-01	3.722270e-01	-2.77298e-11	
79	3.325000e-09	7.491256e-01	3.722851e-01	-2.71486e-11	
80	3.375000e-09	7.491256e-01	3.723420e-01	-2.65796e-11	
81	3.425000e-09	7.491256e-01	3.723978e-01	-2.60224e-11	
82	3.475000e-09	7.491256e-01	3.724523e-01	-2.54770e-11	
83	3.525000e-09	7.491256e-01	3.725057e-01	-2.49430e-11	
84	3.575000e-09	7.491256e-01	3.725580e-01	-2.44201e-11	
85	3.625000e-09	7.491256e-01	3.726092e-01	-2.39082e-11	
86	3.675000e-09	7.491256e-01	3.726593e-01	-2.34070e-11	
87	3.725000e-09	7.491256e-01	3.727084e-01	-2.29164e-11	
88	3.775000e-09	7.491256e-01	3.727564e-01	-2.24360e-11	
89	3.825000e-09	7.491256e-01	3.728034e-01	-2.19656e-11	
90	3.875000e-09	7.491256e-01	3.728495e-01	-2.15052e-11	
91	3.925000e-09	7.491256e-01	3.728946e-01	-2.10543e-11	
92	3.975000e-09	7.491256e-01	3.729387e-01	-2.06129e-11	
93	4.025000e-09	7.491256e-01	3.729819e-01	-2.01808e-11	
94	4.075000e-09	7.491256e-01	3.730242e-01	-1.97577e-11	
95	4.125000e-09	7.491256e-01	3.730657e-01	-1.93435e-11	
96	4.175000e-09	7.491256e-01	3.731062e-01	-1.89379e-11	
97	4.225000e-09	7.491256e-01	3.731459e-01	-1.85409e-11	
98	4.275000e-09	7.491256e-01	3.731848e-01	-1.81521e-11	
99	4.325000e-09	7.491256e-01	3.732228e-01	-1.77715e-11	
100	4.375000e-09	7.491256e-01	3.732601e-01	-1.73989e-11	
101	4.425000e-09	7.491256e-01	3.732966e-01	-1.70341e-11	
102	4.475000e-09	7.491256e-01	3.733323e-01	-1.66769e-11	
103	4.525000e-09	7.491256e-01	3.733673e-01	-1.63272e-11	
104	4.575000e-09	7.491256e-01	3.734015e-01	-1.59848e-11	
105	4.625000e-09	7.491256e-01	3.734350e-01	-1.56496e-11	
106	4.675000e-09	7.491256e-01	3.734679e-01	-1.53214e-11	
107	4.725000e-09	7.491256e-01	3.735000e-01	-1.50001e-11	
108	4.775000e-09	7.491256e-01	3.735314e-01	-1.46855e-11	
109	4.825000e-09	7.491256e-01	3.735622e-01	-1.43776e-11	
110	4.875000e-09	7.491256e-01	3.735924e-01	-1.40760e-11	
111	4.925000e-09	7.491256e-01	3.736219e-01	-1.37808e-11	
112	4.975000e-09	7.491256e-01	3.736508e-01	-1.34918e-11	

Index   time            v(cell)         v(bl)           vpre#branch     
--------------------------------------------------------------------------------
113	5.025000e-09	7.491256e-01	3.736791e-01	-1.32088e-11	
114	5.075000e-09	7.491256e-01	3.737068e-01	-1.29317e-11	
115	5.125000e-09	7.491256e-01	3.737340e-01	-1.26605e-11	
116	5.175000e-09	7.491256e-01	3.737605e-01	-1.23949e-11	
117	5.225000e-09	7.491256e-01	3.737865e-01	-1.21349e-11	
118	5.275000e-09	7.491256e-01	3.738120e-01	-1.18804e-11	
119	5.325000e-09	7.491256e-01	3.738369e-01	-1.16311e-11	
120	5.375000e-09	7.491256e-01	3.738613e-01	-1.13871e-11	
121	5.425000e-09	7.491256e-01	3.738852e-01	-1.11482e-11	
122	5.475000e-09	7.491256e-01	3.739086e-01	-1.09143e-11	
123	5.525000e-09	7.491256e-01	3.739315e-01	-1.06854e-11	
124	5.575000e-09	7.491256e-01	3.739539e-01	-1.04612e-11	
125	5.625000e-09	7.491256e-01	3.739758e-01	-1.02417e-11	
126	5.675000e-09	7.491256e-01	3.739973e-01	-1.00268e-11	
127	5.725000e-09	7.491256e-01	3.740184e-01	-9.81636e-12	
128	5.775000e-09	7.491256e-01	3.740390e-01	-9.61037e-12	
129	5.825000e-09	7.491256e-01	3.740591e-01	-9.40869e-12	
130	5.875000e-09	7.491256e-01	3.740789e-01	-9.21124e-12	
131	5.925000e-09	7.491256e-01	3.740982e-01	-9.01792e-12	
132	5.975000e-09	7.491256e-01	3.741171e-01	-8.82866e-12	
133	6.025000e-09	7.491256e-01	3.741357e-01	-8.64335e-12	
134	6.075000e-09	7.491256e-01	3.741538e-01	-8.46193e-12	
135	6.125000e-09	7.491256e-01	3.741716e-01	-8.28431e-12	
136	6.175000e-09	7.491256e-01	3.741890e-01	-8.11041e-12	
137	6.225000e-09	7.491256e-01	3.742060e-01	-7.94015e-12	
138	6.275000e-09	7.491256e-01	3.742227e-01	-7.77346e-12	
139	6.325000e-09	7.491256e-01	3.742390e-01	-7.61026e-12	
140	6.375000e-09	7.491256e-01	3.742550e-01	-7.45048e-12	
141	6.425000e-09	7.491256e-01	3.742706e-01	-7.29405e-12	
142	6.475000e-09	7.491256e-01	3.742859e-01	-7.14089e-12	
143	6.525000e-09	7.491256e-01	3.743009e-01	-6.99094e-12	
144	6.575000e-09	7.491256e-01	3.743156e-01	-6.84413e-12	
145	6.625000e-09	7.491256e-01	3.743300e-01	-6.70040e-12	
146	6.675000e-09	7.491256e-01	3.743440e-01	-6.55967e-12	
147	6.725000e-09	7.491256e-01	3.743578e-01	-6.42190e-12	
148	6.775000e-09	7.491256e-01	3.743713e-01	-6.28701e-12	
149	6.825000e-09	7.491256e-01	3.743845e-01	-6.15495e-12	
150	6.875000e-09	7.491256e-01	3.743974e-01	-6.02565e-12	
151	6.925000e-09	7.491256e-01	3.744101e-01	-5.89906e-12	
152	6.962500e-09	7.491256e-01	3.744194e-01	-5.80586e-12	
153	7.000000e-09	7.491256e-01	3.744286e-01	-5.71414e-12	
154	7.005000e-09	7.303970e-01	3.744298e-01	-5.70203e-12	
155	7.015000e-09	6.929412e-01	3.744322e-01	-5.67786e-12	
156	7.035000e-09	6.180297e-01	3.744370e-01	-5.62985e-12	
157	7.067500e-09	4.962984e-01	3.744447e-01	-5.55270e-12	
158	7.100000e-09	3.745672e-01	3.744523e-01	-5.47663e-12	
159	7.105000e-09	3.745679e-01	3.744535e-01	-5.46507e-12	
160	7.115000e-09	3.745680e-01	3.744558e-01	-5.44198e-12	
161	7.135000e-09	3.745679e-01	3.744604e-01	-5.39609e-12	
162	7.175000e-09	3.745680e-01	3.744695e-01	-5.30548e-12	
163	7.225000e-09	3.745679e-01	3.744806e-01	-5.19435e-12	
164	7.275000e-09	3.745680e-01	3.744914e-01	-5.08555e-12	
165	7.325000e-09	3.745679e-01	3.745021e-01	-4.97903e-12	
166	7.375000e-09	3.745680e-01	3.745125e-01	-4.87474e-12	
167	7.425000e-09	3.745679e-01	3.745227e-01	-4.77263e-12	
168	7.475000e-09	3.745680e-01	3.745327e-01	-4.67267e-12	
169	7.525000e-09	3.745679e-01	3.745425e-01	-4.57479e-12	
170	7.575000e-09	3.745680e-01	3.745521e-01	-4.47897e-12	

Index   time            v(cell)         v(bl)           vpre#branch     
--------------------------------------------------------------------------------
171	7.625000e-09	3.745679e-01	3.745615e-01	-4.38515e-12	
172	7.675000e-09	3.745680e-01	3.745707e-01	-4.29330e-12	
173	7.725000e-09	3.745679e-01	3.745797e-01	-4.20338e-12	
174	7.775000e-09	3.745680e-01	3.745885e-01	-4.11533e-12	
175	7.825000e-09	3.745679e-01	3.745971e-01	-4.02913e-12	
176	7.875000e-09	3.745680e-01	3.746055e-01	-3.94474e-12	
177	7.925000e-09	3.745679e-01	3.746138e-01	-3.86212e-12	
178	7.975000e-09	3.745680e-01	3.746219e-01	-3.78122e-12	
179	8.025000e-09	3.745679e-01	3.746298e-01	-3.70202e-12	
180	8.075000e-09	3.745680e-01	3.746376e-01	-3.62448e-12	
181	8.125000e-09	3.745679e-01	3.746451e-01	-3.54856e-12	
182	8.175000e-09	3.745680e-01	3.746526e-01	-3.47424e-12	
183	8.225000e-09	3.745679e-01	3.746599e-01	-3.40147e-12	
184	8.275000e-09	3.745680e-01	3.746670e-01	-3.33022e-12	
185	8.325000e-09	3.745679e-01	3.746740e-01	-3.26047e-12	
186	8.375000e-09	3.745680e-01	3.746808e-01	-3.19218e-12	
187	8.425000e-09	3.745679e-01	3.746875e-01	-3.12531e-12	
188	8.475000e-09	3.745680e-01	3.746940e-01	-3.05985e-12	
189	8.525000e-09	3.745679e-01	3.747004e-01	-2.99576e-12	
190	8.575000e-09	3.745680e-01	3.747067e-01	-2.93302e-12	
191	8.625000e-09	3.745679e-01	3.747128e-01	-2.87158e-12	
192	8.675000e-09	3.745680e-01	3.747189e-01	-2.81144e-12	
193	8.725000e-09	3.745679e-01	3.747247e-01	-2.75255e-12	
194	8.775000e-09	3.745680e-01	3.747305e-01	-2.69490e-12	
195	8.825000e-09	3.745679e-01	3.747362e-01	-2.63845e-12	
196	8.875000e-09	3.745680e-01	3.747417e-01	-2.58319e-12	
197	8.925000e-09	3.745679e-01	3.747471e-01	-2.52909e-12	
198	8.975000e-09	3.745680e-01	3.747524e-01	-2.47612e-12	
199	9.025000e-09	3.745679e-01	3.747576e-01	-2.42425e-12	
200	9.075000e-09	3.745680e-01	3.747627e-01	-2.37348e-12	
201	9.125000e-09	3.745679e-01	3.747676e-01	-2.32377e-12	
202	9.175000e-09	3.745680e-01	3.747725e-01	-2.27509e-12	
203	9.225000e-09	3.745679e-01	3.747773e-01	-2.22744e-12	
204	9.275000e-09	3.745680e-01	3.747819e-01	-2.18079e-12	
205	9.325000e-09	3.745679e-01	3.747865e-01	-2.13511e-12	
206	9.375000e-09	3.745680e-01	3.747910e-01	-2.09040e-12	
207	9.425000e-09	3.745679e-01	3.747953e-01	-2.04661e-12	
208	9.475000e-09	3.745680e-01	3.747996e-01	-2.00375e-12	
209	9.525000e-09	3.745679e-01	3.748038e-01	-1.96178e-12	
210	9.575000e-09	3.745680e-01	3.748079e-01	-1.92069e-12	
211	9.625000e-09	3.745679e-01	3.748120e-01	-1.88046e-12	
212	9.675000e-09	3.745680e-01	3.748159e-01	-1.84108e-12	
213	9.725000e-09	3.745679e-01	3.748197e-01	-1.80252e-12	
214	9.775000e-09	3.745680e-01	3.748235e-01	-1.76477e-12	
215	9.825000e-09	3.745679e-01	3.748272e-01	-1.72781e-12	
216	9.875000e-09	3.745680e-01	3.748308e-01	-1.69162e-12	
217	9.925000e-09	3.745679e-01	3.748344e-01	-1.65619e-12	
218	9.975000e-09	3.745680e-01	3.748378e-01	-1.62150e-12	
219	1.002500e-08	3.745679e-01	3.748412e-01	-1.58754e-12	
220	1.007500e-08	3.745680e-01	3.748446e-01	-1.55429e-12	
221	1.012500e-08	3.745679e-01	3.748478e-01	-1.52174e-12	
222	1.017500e-08	3.745680e-01	3.748510e-01	-1.48987e-12	
223	1.022500e-08	3.745679e-01	3.748541e-01	-1.45867e-12	
224	1.027500e-08	3.745680e-01	3.748572e-01	-1.42812e-12	
225	1.032500e-08	3.745679e-01	3.748602e-01	-1.39821e-12	
226	1.037500e-08	3.745680e-01	3.748631e-01	-1.36892e-12	
227	1.042500e-08	3.745679e-01	3.748660e-01	-1.34025e-12	
228	1.047500e-08	3.745680e-01	3.748688e-01	-1.31218e-12	

Index   time            v(cell)         v(bl)           vpre#branch     
--------------------------------------------------------------------------------
229	1.052500e-08	3.745679e-01	3.748715e-01	-1.28470e-12	
230	1.057500e-08	3.745680e-01	3.748742e-01	-1.25780e-12	
231	1.062500e-08	3.745679e-01	3.748769e-01	-1.23146e-12	
232	1.067500e-08	3.745680e-01	3.748794e-01	-1.20567e-12	
233	1.072500e-08	3.745679e-01	3.748820e-01	-1.18042e-12	
234	1.077500e-08	3.745680e-01	3.748844e-01	-1.15569e-12	
235	1.082500e-08	3.745679e-01	3.748869e-01	-1.13149e-12	
236	1.087500e-08	3.745680e-01	3.748892e-01	-1.10780e-12	
237	1.092500e-08	3.745679e-01	3.748915e-01	-1.08460e-12	
238	1.096250e-08	3.745680e-01	3.748932e-01	-1.06752e-12	
239	1.100000e-08	3.745679e-01	3.748949e-01	-1.05070e-12	
240	1.100500e-08	3.745722e-01	3.786370e-01	3.636972e-11	
241	1.101500e-08	3.745811e-01	3.861052e-01	1.110525e-10	
242	1.103500e-08	3.745988e-01	4.009473e-01	2.594734e-10	
243	1.107500e-08	3.746341e-01	4.302577e-01	5.525766e-10	
244	1.112500e-08	3.746784e-01	4.662048e-01	9.120479e-10	
245	1.117500e-08	3.747226e-01	5.013987e-01	1.263987e-09	
246	1.122500e-08	3.747669e-01	5.358548e-01	1.608548e-09	
247	1.127500e-08	3.748111e-01	5.695875e-01	1.945875e-09	
248	1.132500e-08	3.748553e-01	6.026090e-01	2.276090e-09	
249	1.137500e-08	3.748996e-01	6.349269e-01	2.599269e-09	
250	1.142500e-08	3.749439e-01	6.665373e-01	2.915373e-09	
251	1.147500e-08	3.749883e-01	6.973785e-01	3.223785e-09	
252	1.152500e-08	3.750332e-01	7.272987e-01	3.522987e-09	
253	1.157500e-08	3.750789e-01	7.559147e-01	3.809147e-09	
254	1.162500e-08	3.751269e-01	7.822026e-01	4.072026e-09	
255	1.167500e-08	3.751808e-01	8.035718e-01	4.285718e-09	
256	1.172500e-08	3.752492e-01	8.136905e-01	4.386905e-09	
257	1.177500e-08	3.753513e-01	7.981331e-01	4.231331e-09	
258	1.182500e-08	3.755251e-01	7.284767e-01	3.534767e-09	
259	1.187500e-08	3.758229e-01	5.651519e-01	1.901519e-09	
260	1.192500e-08	3.761586e-01	3.929538e-01	1.795375e-10	
261	1.196250e-08	3.763003e-01	3.761482e-01	1.148195e-11	
262	1.200000e-08	3.764064e-01	3.814406e-01	6.440605e-11	
263	1.200500e-08	3.764137e-01	3.783973e-01	3.397318e-11	
264	1.201500e-08	3.764194e-01	3.760003e-01	1.000258e-11	
265	1.203500e-08	3.764179e-01	3.766298e-01	1.629787e-11	
266	1.207500e-08	3.764187e-01	3.762614e-01	1.261437e-11	
267	1.212500e-08	3.764180e-01	3.765363e-01	1.536298e-11	
268	1.217500e-08	3.764185e-01	3.763246e-01	1.324608e-11	
269	1.222500e-08	3.764181e-01	3.764880e-01	1.487952e-11	
270	1.227500e-08	3.764184e-01	3.763621e-01	1.362063e-11	
271	1.232500e-08	3.764181e-01	3.764591e-01	1.459097e-11	
272	1.237500e-08	3.764182e-01	3.763843e-01	1.384298e-11	
273	1.242500e-08	3.764181e-01	3.764419e-01	1.441878e-11	
274	1.247500e-08	3.764181e-01	3.763975e-01	1.397492e-11	
275	1.252500e-08	3.764180e-01	3.764316e-01	1.431596e-11	
276	1.257500e-08	3.764180e-01	3.764053e-01	1.405311e-11	
277	1.262500e-08	3.764180e-01	3.764254e-01	1.425447e-11	
278	1.267500e-08	3.764180e-01	3.764099e-01	1.409933e-11	
279	1.272500e-08	3.764179e-01	3.764218e-01	1.421760e-11	
280	1.277500e-08	3.764179e-01	3.764127e-01	1.412652e-11	
281	1.282500e-08	3.764178e-01	3.764195e-01	1.419539e-11	
282	1.287500e-08	3.764178e-01	3.764142e-01	1.414240e-11	
283	1.292500e-08	3.764178e-01	3.764182e-01	1.418191e-11	
284	1.297500e-08	3.764177e-01	3.764152e-01	1.415155e-11	
285	1.302500e-08	3.764177e-01	3.764174e-01	1.417362e-11	
286	1.307500e-08	3.764177e-01	3.764157e-01	1.415668e-11	

Index   time            v(cell)         v(bl)           vpre#branch     
--------------------------------------------------------------------------------
287	1.312500e-08	3.764176e-01	3.764168e-01	1.416842e-11	
288	1.317500e-08	3.764176e-01	3.764159e-01	1.415943e-11	
289	1.322500e-08	3.764176e-01	3.764165e-01	1.416506e-11	
290	1.327500e-08	3.764175e-01	3.764161e-01	1.416076e-11	
291	1.332500e-08	3.764175e-01	3.764163e-01	1.416280e-11	
292	1.337500e-08	3.764175e-01	3.764161e-01	1.416125e-11	
293	1.342500e-08	3.764174e-01	3.764161e-01	1.416119e-11	
294	1.347500e-08	3.764174e-01	3.764161e-01	1.416124e-11	
295	1.352500e-08	3.764173e-01	3.764160e-01	1.415996e-11	
296	1.357500e-08	3.764173e-01	3.764161e-01	1.416092e-11	
297	1.362500e-08	3.764173e-01	3.764159e-01	1.415897e-11	
298	1.367500e-08	3.764172e-01	3.764160e-01	1.416043e-11	
299	1.372500e-08	3.764172e-01	3.764158e-01	1.415811e-11	
300	1.377500e-08	3.764172e-01	3.764160e-01	1.415984e-11	
301	1.382500e-08	3.764171e-01	3.764157e-01	1.415733e-11	
302	1.387500e-08	3.764171e-01	3.764159e-01	1.415919e-11	
303	1.392500e-08	3.764171e-01	3.764157e-01	1.415659e-11	
304	1.397500e-08	3.764170e-01	3.764158e-01	1.415849e-11	
305	1.402500e-08	3.764170e-01	3.764156e-01	1.415589e-11	
306	1.407500e-08	3.764170e-01	3.764158e-01	1.415778e-11	
307	1.412500e-08	3.764169e-01	3.764155e-01	1.415520e-11	
308	1.417500e-08	3.764169e-01	3.764157e-01	1.415706e-11	
309	1.422500e-08	3.764168e-01	3.764155e-01	1.415452e-11	
310	1.427500e-08	3.764168e-01	3.764156e-01	1.415633e-11	
311	1.432500e-08	3.764168e-01	3.764154e-01	1.415384e-11	
312	1.437500e-08	3.764167e-01	3.764156e-01	1.415559e-11	
313	1.442500e-08	3.764167e-01	3.764153e-01	1.415317e-11	
314	1.447500e-08	3.764167e-01	3.764155e-01	1.415486e-11	
315	1.452500e-08	3.764166e-01	3.764152e-01	1.415250e-11	
316	1.457500e-08	3.764166e-01	3.764154e-01	1.415412e-11	
317	1.462500e-08	3.764166e-01	3.764152e-01	1.415183e-11	
318	1.467500e-08	3.764165e-01	3.764153e-01	1.415338e-11	
319	1.472500e-08	3.764165e-01	3.764151e-01	1.415116e-11	
320	1.477500e-08	3.764165e-01	3.764153e-01	1.415265e-11	
321	1.482500e-08	3.764164e-01	3.764150e-01	1.415048e-11	
322	1.487500e-08	3.764164e-01	3.764152e-01	1.415191e-11	
323	1.492500e-08	3.764164e-01	3.764150e-01	1.414981e-11	
324	1.497500e-08	3.764163e-01	3.764151e-01	1.415118e-11	
325	1.502500e-08	3.764163e-01	3.764149e-01	1.414913e-11	
326	1.507500e-08	3.764163e-01	3.764150e-01	1.415045e-11	
327	1.512500e-08	3.764162e-01	3.764148e-01	1.414846e-11	
328	1.517500e-08	3.764162e-01	3.764150e-01	1.414972e-11	
329	1.522500e-08	3.764161e-01	3.764148e-01	1.414778e-11	
330	1.527500e-08	3.764161e-01	3.764149e-01	1.414899e-11	
331	1.532500e-08	3.764161e-01	3.764147e-01	1.414711e-11	
332	1.537500e-08	3.764160e-01	3.764148e-01	1.414826e-11	
333	1.542500e-08	3.764160e-01	3.764146e-01	1.414643e-11	
334	1.547500e-08	3.764160e-01	3.764148e-01	1.414753e-11	
335	1.552500e-08	3.764159e-01	3.764146e-01	1.414575e-11	
336	1.557500e-08	3.764159e-01	3.764147e-01	1.414680e-11	
337	1.562500e-08	3.764159e-01	3.764145e-01	1.414507e-11	
338	1.567500e-08	3.764158e-01	3.764146e-01	1.414607e-11	
339	1.572500e-08	3.764158e-01	3.764144e-01	1.414439e-11	
340	1.577500e-08	3.764158e-01	3.764145e-01	1.414535e-11	
341	1.582500e-08	3.764157e-01	3.764144e-01	1.414371e-11	
342	1.587500e-08	3.764157e-01	3.764145e-01	1.414462e-11	
343	1.592500e-08	3.764157e-01	3.764143e-01	1.414303e-11	
344	1.597500e-08	3.764156e-01	3.764144e-01	1.414389e-11	

Index   time            v(cell)         v(bl)           vpre#branch     
--------------------------------------------------------------------------------
345	1.602500e-08	3.764156e-01	3.764142e-01	1.414234e-11	
346	1.607500e-08	3.764155e-01	3.764143e-01	1.414317e-11	
347	1.612500e-08	3.764155e-01	3.764142e-01	1.414166e-11	
348	1.617500e-08	3.764155e-01	3.764142e-01	1.414245e-11	
349	1.622500e-08	3.764154e-01	3.764141e-01	1.414098e-11	
350	1.627500e-08	3.764154e-01	3.764142e-01	1.414172e-11	
351	1.632500e-08	3.764154e-01	3.764140e-01	1.414029e-11	
352	1.637500e-08	3.764153e-01	3.764141e-01	1.414100e-11	
353	1.642500e-08	3.764153e-01	3.764140e-01	1.413961e-11	
354	1.647500e-08	3.764153e-01	3.764140e-01	1.414028e-11	
355	1.652500e-08	3.764152e-01	3.764139e-01	1.413892e-11	
356	1.657500e-08	3.764152e-01	3.764140e-01	1.413956e-11	
357	1.662500e-08	3.764152e-01	3.764138e-01	1.413824e-11	
358	1.667500e-08	3.764151e-01	3.764139e-01	1.413884e-11	
359	1.672500e-08	3.764151e-01	3.764138e-01	1.413755e-11	
360	1.677500e-08	3.764151e-01	3.764138e-01	1.413812e-11	
361	1.682500e-08	3.764150e-01	3.764137e-01	1.413686e-11	
362	1.687500e-08	3.764150e-01	3.764137e-01	1.413740e-11	
363	1.692500e-08	3.764149e-01	3.764136e-01	1.413617e-11	
364	1.697500e-08	3.764149e-01	3.764137e-01	1.413668e-11	
365	1.702500e-08	3.764149e-01	3.764135e-01	1.413549e-11	
366	1.707500e-08	3.764148e-01	3.764136e-01	1.413597e-11	
367	1.712500e-08	3.764148e-01	3.764135e-01	1.413480e-11	
368	1.717500e-08	3.764148e-01	3.764135e-01	1.413525e-11	
369	1.722500e-08	3.764147e-01	3.764134e-01	1.413411e-11	
370	1.727500e-08	3.764147e-01	3.764135e-01	1.413453e-11	
371	1.732500e-08	3.764147e-01	3.764133e-01	1.413342e-11	
372	1.737500e-08	3.764146e-01	3.764134e-01	1.413382e-11	
373	1.742500e-08	3.764146e-01	3.764133e-01	1.413273e-11	
374	1.747500e-08	3.764146e-01	3.764133e-01	1.413310e-11	
375	1.752500e-08	3.764145e-01	3.764132e-01	1.413204e-11	
376	1.757500e-08	3.764145e-01	3.764132e-01	1.413239e-11	
377	1.762500e-08	3.764145e-01	3.764131e-01	1.413135e-11	
378	1.767500e-08	3.764144e-01	3.764132e-01	1.413167e-11	
379	1.772500e-08	3.764144e-01	3.764131e-01	1.413066e-11	
380	1.777500e-08	3.764144e-01	3.764131e-01	1.413096e-11	
381	1.782500e-08	3.764143e-01	3.764130e-01	1.412996e-11	
382	1.787500e-08	3.764143e-01	3.764130e-01	1.413024e-11	
383	1.792500e-08	3.764142e-01	3.764129e-01	1.412927e-11	
384	1.797500e-08	3.764142e-01	3.764130e-01	1.412953e-11	
385	1.802500e-08	3.764142e-01	3.764129e-01	1.412858e-11	
386	1.807500e-08	3.764141e-01	3.764129e-01	1.412882e-11	
387	1.812500e-08	3.764141e-01	3.764128e-01	1.412789e-11	
388	1.817500e-08	3.764141e-01	3.764128e-01	1.412810e-11	
389	1.822500e-08	3.764140e-01	3.764127e-01	1.412719e-11	
390	1.827500e-08	3.764140e-01	3.764127e-01	1.412739e-11	
391	1.832500e-08	3.764140e-01	3.764127e-01	1.412650e-11	
392	1.837500e-08	3.764139e-01	3.764127e-01	1.412668e-11	
393	1.842500e-08	3.764139e-01	3.764126e-01	1.412581e-11	
394	1.847500e-08	3.764139e-01	3.764126e-01	1.412597e-11	
395	1.852500e-08	3.764138e-01	3.764125e-01	1.412511e-11	
396	1.857500e-08	3.764138e-01	3.764125e-01	1.412526e-11	
397	1.862500e-08	3.764138e-01	3.764124e-01	1.412442e-11	
398	1.867500e-08	3.764137e-01	3.764125e-01	1.412455e-11	
399	1.872500e-08	3.764137e-01	3.764124e-01	1.412373e-11	
400	1.877500e-08	3.764136e-01	3.764124e-01	1.412384e-11	
401	1.882500e-08	3.764136e-01	3.764123e-01	1.412303e-11	
402	1.887500e-08	3.764136e-01	3.764123e-01	1.412313e-11	

Index   time            v(cell)         v(bl)           vpre#branch     
--------------------------------------------------------------------------------
403	1.892500e-08	3.764135e-01	3.764122e-01	1.412234e-11	
404	1.897500e-08	3.764135e-01	3.764122e-01	1.412242e-11	
405	1.902500e-08	3.764135e-01	3.764122e-01	1.412164e-11	
406	1.907500e-08	3.764134e-01	3.764122e-01	1.412171e-11	
407	1.912500e-08	3.764134e-01	3.764121e-01	1.412095e-11	
408	1.917500e-08	3.764134e-01	3.764121e-01	1.412100e-11	
409	1.922500e-08	3.764133e-01	3.764120e-01	1.412025e-11	
410	1.927500e-08	3.764133e-01	3.764120e-01	1.412029e-11	
411	1.932500e-08	3.764133e-01	3.764120e-01	1.411955e-11	
412	1.937500e-08	3.764132e-01	3.764120e-01	1.411958e-11	
413	1.942500e-08	3.764132e-01	3.764119e-01	1.411886e-11	
414	1.947500e-08	3.764132e-01	3.764119e-01	1.411887e-11	
415	1.952500e-08	3.764131e-01	3.764118e-01	1.411816e-11	
416	1.957500e-08	3.764131e-01	3.764118e-01	1.411816e-11	
417	1.962500e-08	3.764130e-01	3.764117e-01	1.411747e-11	
418	1.967500e-08	3.764130e-01	3.764117e-01	1.411745e-11	
419	1.972500e-08	3.764130e-01	3.764117e-01	1.411677e-11	
420	1.977500e-08	3.764129e-01	3.764117e-01	1.411675e-11	
421	1.982500e-08	3.764129e-01	3.764116e-01	1.411607e-11	
422	1.987500e-08	3.764129e-01	3.764116e-01	1.411604e-11	
423	1.992500e-08	3.764128e-01	3.764115e-01	1.411538e-11	
424	1.997500e-08	3.764128e-01	3.764115e-01	1.411533e-11	
425	2.002500e-08	3.764128e-01	3.764115e-01	1.411468e-11	
426	2.007500e-08	3.764127e-01	3.764115e-01	1.411462e-11	
427	2.012500e-08	3.764127e-01	3.764114e-01	1.411398e-11	
428	2.017500e-08	3.764127e-01	3.764114e-01	1.411392e-11	
429	2.022500e-08	3.764126e-01	3.764113e-01	1.411329e-11	
430	2.027500e-08	3.764126e-01	3.764113e-01	1.411321e-11	
431	2.032500e-08	3.764126e-01	3.764113e-01	1.411259e-11	
432	2.037500e-08	3.764125e-01	3.764113e-01	1.411250e-11	
433	2.042500e-08	3.764125e-01	3.764112e-01	1.411189e-11	
434	2.047500e-08	3.764125e-01	3.764112e-01	1.411180e-11	
435	2.052500e-08	3.764124e-01	3.764111e-01	1.411119e-11	
436	2.057500e-08	3.764124e-01	3.764111e-01	1.411109e-11	
437	2.062500e-08	3.764123e-01	3.764110e-01	1.411050e-11	
438	2.067500e-08	3.764123e-01	3.764110e-01	1.411038e-11	
439	2.072500e-08	3.764123e-01	3.764110e-01	1.410980e-11	
440	2.077500e-08	3.764122e-01	3.764110e-01	1.410968e-11	
441	2.082500e-08	3.764122e-01	3.764109e-01	1.410910e-11	
442	2.087500e-08	3.764122e-01	3.764109e-01	1.410897e-11	
443	2.092500e-08	3.764121e-01	3.764108e-01	1.410840e-11	
444	2.097500e-08	3.764121e-01	3.764108e-01	1.410827e-11	
445	2.102500e-08	3.764121e-01	3.764108e-01	1.410771e-11	
446	2.107500e-08	3.764120e-01	3.764108e-01	1.410756e-11	
447	2.112500e-08	3.764120e-01	3.764107e-01	1.410701e-11	
448	2.117500e-08	3.764120e-01	3.764107e-01	1.410686e-11	
449	2.122500e-08	3.764119e-01	3.764106e-01	1.410631e-11	
450	2.127500e-08	3.764119e-01	3.764106e-01	1.410615e-11	
451	2.132500e-08	3.764119e-01	3.764106e-01	1.410561e-11	
452	2.137500e-08	3.764118e-01	3.764105e-01	1.410545e-11	
453	2.142500e-08	3.764118e-01	3.764105e-01	1.410491e-11	
454	2.147500e-08	3.764118e-01	3.764105e-01	1.410474e-11	
455	2.152500e-08	3.764117e-01	3.764104e-01	1.410421e-11	
456	2.157500e-08	3.764117e-01	3.764104e-01	1.410404e-11	
457	2.162500e-08	3.764116e-01	3.764104e-01	1.410352e-11	
458	2.167500e-08	3.764116e-01	3.764103e-01	1.410333e-11	
459	2.172500e-08	3.764116e-01	3.764103e-01	1.410282e-11	
460	2.177500e-08	3.764115e-01	3.764103e-01	1.410263e-11	

Index   time            v(cell)         v(bl)           vpre#branch     
--------------------------------------------------------------------------------
461	2.182500e-08	3.764115e-01	3.764102e-01	1.410212e-11	
462	2.187500e-08	3.764115e-01	3.764102e-01	1.410193e-11	
463	2.192500e-08	3.764114e-01	3.764101e-01	1.410142e-11	
464	2.196250e-08	3.764114e-01	3.764101e-01	1.410131e-11	
465	2.200000e-08	3.764114e-01	3.764101e-01	1.410090e-11	
466	2.200500e-08	3.763998e-01	3.745931e-01	-4.06947e-12	
467	2.201500e-08	3.763714e-01	3.730182e-01	-1.98179e-11	
468	2.203500e-08	3.763086e-01	3.730123e-01	-1.98766e-11	
469	2.207500e-08	3.761924e-01	3.717387e-01	-3.26133e-11	
470	2.212500e-08	3.760604e-01	3.700159e-01	-4.98413e-11	
471	2.217500e-08	3.759465e-01	3.664137e-01	-8.58626e-11	
472	2.222500e-08	3.758484e-01	3.604559e-01	-1.45441e-10	
473	2.227500e-08	3.757648e-01	3.498958e-01	-2.51042e-10	
474	2.232500e-08	3.756922e-01	3.340357e-01	-4.09643e-10	
475	2.237500e-08	3.756276e-01	3.134856e-01	-6.15144e-10	
476	2.242500e-08	3.755681e-01	2.895333e-01	-8.54667e-10	
477	2.247500e-08	3.755120e-01	2.635070e-01	-1.11493e-09	
478	2.252500e-08	3.754584e-01	2.362900e-01	-1.38710e-09	
479	2.257500e-08	3.754065e-01	2.082288e-01	-1.66771e-09	
480	2.262500e-08	3.753561e-01	1.796540e-01	-1.95346e-09	
481	2.267500e-08	3.753067e-01	1.507942e-01	-2.24206e-09	
482	2.272500e-08	3.752582e-01	1.218151e-01	-2.53185e-09	
483	2.277500e-08	3.752106e-01	9.281024e-02	-2.82190e-09	
484	2.282500e-08	3.751635e-01	6.388313e-02	-3.11117e-09	
485	2.287500e-08	3.751170e-01	3.514724e-02	-3.39853e-09	
486	2.292500e-08	3.750708e-01	6.684094e-03	-3.68316e-09	
487	2.296250e-08	3.750365e-01	-1.44631e-02	-3.89463e-09	
488	2.300000e-08	3.750023e-01	-3.54329e-02	-4.10433e-09	
489	2.300500e-08	3.750021e-01	-3.44686e-02	-4.09469e-09	
490	2.301500e-08	3.750018e-01	-3.25487e-02	-4.07549e-09	
491	2.303500e-08	3.750014e-01	-2.87603e-02	-4.03760e-09	
492	2.307500e-08	3.750006e-01	-2.13684e-02	-3.96368e-09	
493	2.312500e-08	3.749999e-01	-1.24406e-02	-3.87441e-09	
494	2.317500e-08	3.749993e-01	-3.82399e-03	-3.78824e-09	
495	2.322500e-08	3.749988e-01	4.515634e-03	-3.70484e-09	
496	2.327500e-08	3.749984e-01	1.260476e-02	-3.62395e-09	
497	2.332500e-08	3.749980e-01	2.046443e-02	-3.54536e-09	
498	2.337500e-08	3.749978e-01	2.811161e-02	-3.46888e-09	
499	2.342500e-08	3.749975e-01	3.555819e-02	-3.39442e-09	
500	2.347500e-08	3.749973e-01	4.281619e-02	-3.32184e-09	
501	2.352500e-08	3.749972e-01	4.989775e-02	-3.25102e-09	
502	2.357500e-08	3.749971e-01	5.681101e-02	-3.18189e-09	
503	2.362500e-08	3.749970e-01	6.356308e-02	-3.11437e-09	
504	2.367500e-08	3.749969e-01	7.016020e-02	-3.04840e-09	
505	2.372500e-08	3.749968e-01	7.660795e-02	-2.98392e-09	
506	2.377500e-08	3.749967e-01	8.291134e-02	-2.92089e-09	
507	2.382500e-08	3.749967e-01	8.907494e-02	-2.85925e-09	
508	2.387500e-08	3.749966e-01	9.510294e-02	-2.79897e-09	
509	2.392500e-08	3.749966e-01	1.009992e-01	-2.74001e-09	
510	2.397500e-08	3.749965e-01	1.067674e-01	-2.68233e-09	
511	2.402500e-08	3.749965e-01	1.124108e-01	-2.62589e-09	
512	2.407500e-08	3.749965e-01	1.179327e-01	-2.57067e-09	
513	2.412500e-08	3.749965e-01	1.233362e-01	-2.51664e-09	
514	2.417500e-08	3.749964e-01	1.286241e-01	-2.46376e-09	
515	2.422500e-08	3.749964e-01	1.337991e-01	-2.41201e-09	
516	2.427500e-08	3.749964e-01	1.388640e-01	-2.36136e-09	
517	2.432500e-08	3.749964e-01	1.438213e-01	-2.31179e-09	
518	2.437500e-08	3.749964e-01	1.486734e-01	-2.26327e-09	

Index   time            v(cell)         v(bl)           vpre#branch     
--------------------------------------------------------------------------------
519	2.442500e-08	3.749964e-01	1.534228e-01	-2.21577e-09	
520	2.447500e-08	3.749964e-01	1.580716e-01	-2.16928e-09	
521	2.452500e-08	3.749964e-01	1.626223e-01	-2.12378e-09	
522	2.457500e-08	3.749964e-01	1.670769e-01	-2.07923e-09	
523	2.462500e-08	3.749964e-01	1.714375e-01	-2.03562e-09	
524	2.467500e-08	3.749963e-01	1.757062e-01	-1.99294e-09	
525	2.472500e-08	3.749963e-01	1.798850e-01	-1.95115e-09	
526	2.477500e-08	3.749963e-01	1.839759e-01	-1.91024e-09	
527	2.482500e-08	3.749963e-01	1.879806e-01	-1.87019e-09	
528	2.487500e-08	3.749963e-01	1.919011e-01	-1.83099e-09	
529	2.492500e-08	3.749963e-01	1.957392e-01	-1.79261e-09	
530	2.497500e-08	3.749963e-01	1.994967e-01	-1.75503e-09	
531	2.502500e-08	3.749963e-01	2.031752e-01	-1.71825e-09	
532	2.507500e-08	3.749963e-01	2.067764e-01	-1.68224e-09	
533	2.512500e-08	3.749963e-01	2.103020e-01	-1.64698e-09	
534	2.517500e-08	3.749963e-01	2.137535e-01	-1.61246e-09	
535	2.522500e-08	3.749963e-01	2.171327e-01	-1.57867e-09	
536	2.527500e-08	3.749963e-01	2.204409e-01	-1.54559e-09	
537	2.532500e-08	3.749963e-01	2.236797e-01	-1.51320e-09	
538	2.537500e-08	3.749963e-01	2.268505e-01	-1.48149e-09	
539	2.542500e-08	3.749963e-01	2.299548e-01	-1.45045e-09	
540	2.547500e-08	3.749963e-01	2.329940e-01	-1.42006e-09	
541	2.552500e-08	3.749963e-01	2.359695e-01	-1.39031e-09	
542	2.557500e-08	3.749963e-01	2.388826e-01	-1.36117e-09	
543	2.562500e-08	3.749963e-01	2.417345e-01	-1.33265e-09	
544	2.567500e-08	3.749963e-01	2.445267e-01	-1.30473e-09	
545	2.572500e-08	3.749963e-01	2.472604e-01	-1.27740e-09	
546	2.577500e-08	3.749963e-01	2.499367e-01	-1.25063e-09	
547	2.582500e-08	3.749963e-01	2.525569e-01	-1.22443e-09	
548	2.587500e-08	3.749963e-01	2.551222e-01	-1.19878e-09	
549	2.592500e-08	3.749963e-01	2.576337e-01	-1.17366e-09	
550	2.597500e-08	3.749963e-01	2.600926e-01	-1.14907e-09	
551	2.602500e-08	3.749963e-01	2.624999e-01	-1.12500e-09	
552	2.607500e-08	3.749963e-01	2.648568e-01	-1.10143e-09	
553	2.612500e-08	3.749963e-01	2.671643e-01	-1.07836e-09	
554	2.617500e-08	3.749963e-01	2.694235e-01	-1.05577e-09	
555	2.622500e-08	3.749963e-01	2.716352e-01	-1.03365e-09	
556	2.627500e-08	3.749963e-01	2.738007e-01	-1.01199e-09	
557	2.632500e-08	3.749963e-01	2.759207e-01	-9.90793e-10	
558	2.637500e-08	3.749963e-01	2.779964e-01	-9.70036e-10	
559	2.642500e-08	3.749963e-01	2.800285e-01	-9.49715e-10	
560	2.647500e-08	3.749963e-01	2.820181e-01	-9.29819e-10	
561	2.652500e-08	3.749963e-01	2.839660e-01	-9.10340e-10	
562	2.657500e-08	3.749963e-01	2.858730e-01	-8.91270e-10	
563	2.662500e-08	3.749963e-01	2.877401e-01	-8.72599e-10	
564	2.667500e-08	3.749963e-01	2.895681e-01	-8.54319e-10	
565	2.672500e-08	3.749963e-01	2.913578e-01	-8.36422e-10	
566	2.677500e-08	3.749963e-01	2.931099e-01	-8.18901e-10	
567	2.682500e-08	3.749963e-01	2.948254e-01	-8.01746e-10	
568	2.687500e-08	3.749963e-01	2.965049e-01	-7.84951e-10	
569	2.692500e-08	3.749963e-01	2.981493e-01	-7.68507e-10	
570	2.697500e-08	3.749963e-01	2.997592e-01	-7.52408e-10	
571	2.702500e-08	3.749963e-01	3.013353e-01	-7.36647e-10	
572	2.707500e-08	3.749963e-01	3.028785e-01	-7.21215e-10	
573	2.712500e-08	3.749963e-01	3.043893e-01	-7.06107e-10	
574	2.717500e-08	3.749963e-01	3.058684e-01	-6.91316e-10	
575	2.722500e-08	3.749963e-01	3.073166e-01	-6.76834e-10	
576	2.727500e-08	3.749963e-01	3.087344e-01	-6.62656e-10	

Index   time            v(cell)         v(bl)           vpre#branch     
--------------------------------------------------------------------------------
577	2.732500e-08	3.749963e-01	3.101226e-01	-6.48774e-10	
578	2.737500e-08	3.749963e-01	3.114816e-01	-6.35184e-10	
579	2.742500e-08	3.749963e-01	3.128122e-01	-6.21878e-10	
580	2.747500e-08	3.749963e-01	3.141149e-01	-6.08851e-10	
581	2.752500e-08	3.749963e-01	3.153903e-01	-5.96097e-10	
582	2.757500e-08	3.749963e-01	3.166390e-01	-5.83610e-10	
583	2.762500e-08	3.749963e-01	3.178615e-01	-5.71385e-10	
584	2.767500e-08	3.749963e-01	3.190584e-01	-5.59416e-10	
585	2.772500e-08	3.749963e-01	3.202303e-01	-5.47697e-10	
586	2.777500e-08	3.749963e-01	3.213776e-01	-5.36224e-10	
587	2.782500e-08	3.749963e-01	3.225008e-01	-5.24992e-10	
588	2.787500e-08	3.749963e-01	3.236006e-01	-5.13994e-10	
589	2.792500e-08	3.749963e-01	3.246773e-01	-5.03227e-10	
590	2.797500e-08	3.749963e-01	3.257314e-01	-4.92686e-10	
591	2.802500e-08	3.749963e-01	3.267635e-01	-4.82365e-10	
592	2.807500e-08	3.749963e-01	3.277739e-01	-4.72261e-10	
593	2.812500e-08	3.749963e-01	3.287632e-01	-4.62368e-10	
594	2.817500e-08	3.749963e-01	3.297317e-01	-4.52683e-10	
595	2.822500e-08	3.749963e-01	3.306800e-01	-4.43200e-10	
596	2.827500e-08	3.749963e-01	3.316084e-01	-4.33916e-10	
597	2.832500e-08	3.749963e-01	3.325173e-01	-4.24827e-10	
598	2.837500e-08	3.749963e-01	3.334072e-01	-4.15928e-10	
599	2.842500e-08	3.749963e-01	3.342785e-01	-4.07215e-10	
600	2.847500e-08	3.749963e-01	3.351315e-01	-3.98685e-10	
601	2.852500e-08	3.749963e-01	3.359666e-01	-3.90334e-10	
602	2.857500e-08	3.749963e-01	3.367843e-01	-3.82157e-10	
603	2.862500e-08	3.749963e-01	3.375848e-01	-3.74152e-10	
604	2.867500e-08	3.749963e-01	3.383686e-01	-3.66314e-10	
605	2.872500e-08	3.749963e-01	3.391359e-01	-3.58641e-10	
606	2.877500e-08	3.749963e-01	3.398872e-01	-3.51128e-10	
607	2.882500e-08	3.749963e-01	3.406227e-01	-3.43773e-10	
608	2.887500e-08	3.749963e-01	3.413428e-01	-3.36572e-10	
609	2.892500e-08	3.749963e-01	3.420478e-01	-3.29522e-10	
610	2.897500e-08	3.749963e-01	3.427381e-01	-3.22619e-10	
611	2.902500e-08	3.749963e-01	3.434139e-01	-3.15861e-10	
612	2.907500e-08	3.749963e-01	3.440755e-01	-3.09245e-10	
613	2.912500e-08	3.749963e-01	3.447233e-01	-3.02767e-10	
614	2.917500e-08	3.749963e-01	3.453575e-01	-2.96425e-10	
615	2.922500e-08	3.749963e-01	3.459785e-01	-2.90215e-10	
616	2.927500e-08	3.749963e-01	3.465864e-01	-2.84136e-10	
617	2.932500e-08	3.749963e-01	3.471816e-01	-2.78184e-10	
618	2.937500e-08	3.749963e-01	3.477643e-01	-2.72357e-10	
619	2.942500e-08	3.749963e-01	3.483348e-01	-2.66652e-10	
620	2.947500e-08	3.749963e-01	3.488934e-01	-2.61066e-10	
621	2.952500e-08	3.749963e-01	3.494402e-01	-2.55598e-10	
622	2.957500e-08	3.749963e-01	3.499756e-01	-2.50244e-10	
623	2.962500e-08	3.749963e-01	3.504998e-01	-2.45002e-10	
624	2.967500e-08	3.749963e-01	3.510130e-01	-2.39870e-10	
625	2.972500e-08	3.749963e-01	3.515155e-01	-2.34845e-10	
626	2.977500e-08	3.749963e-01	3.520074e-01	-2.29926e-10	
627	2.982500e-08	3.749963e-01	3.524891e-01	-2.25109e-10	
628	2.987500e-08	3.749963e-01	3.529606e-01	-2.20394e-10	
629	2.992500e-08	3.749963e-01	3.534223e-01	-2.15777e-10	
630	2.997500e-08	3.749963e-01	3.538743e-01	-2.11257e-10	
631	3.002500e-08	3.749963e-01	3.543168e-01	-2.06832e-10	
632	3.007500e-08	3.749963e-01	3.547501e-01	-2.02499e-10	
633	3.012500e-08	3.749963e-01	3.551742e-01	-1.98258e-10	
634	3.017500e-08	3.749963e-01	3.555895e-01	-1.94105e-10	

Index   time            v(cell)         v(bl)           vpre#branch     
--------------------------------------------------------------------------------
635	3.022500e-08	3.749963e-01	3.559961e-01	-1.90039e-10	
636	3.027500e-08	3.749963e-01	3.563942e-01	-1.86058e-10	
637	3.032500e-08	3.749963e-01	3.567839e-01	-1.82161e-10	
638	3.037500e-08	3.749963e-01	3.571655e-01	-1.78345e-10	
639	3.042500e-08	3.749963e-01	3.575391e-01	-1.74609e-10	
640	3.047500e-08	3.749963e-01	3.579049e-01	-1.70951e-10	
641	3.052500e-08	3.749963e-01	3.582630e-01	-1.67370e-10	
642	3.057500e-08	3.749963e-01	3.586136e-01	-1.63864e-10	
643	3.062500e-08	3.749963e-01	3.589568e-01	-1.60432e-10	
644	3.067500e-08	3.749963e-01	3.592929e-01	-1.57071e-10	
645	3.072500e-08	3.749963e-01	3.596219e-01	-1.53781e-10	
646	3.077500e-08	3.749963e-01	3.599440e-01	-1.50560e-10	
647	3.082500e-08	3.749963e-01	3.602594e-01	-1.47406e-10	
648	3.087500e-08	3.749963e-01	3.605682e-01	-1.44318e-10	
649	3.092500e-08	3.749963e-01	3.608705e-01	-1.41295e-10	
650	3.097500e-08	3.749963e-01	3.611664e-01	-1.38336e-10	
651	3.102500e-08	3.749963e-01	3.614562e-01	-1.35438e-10	
652	3.107500e-08	3.749963e-01	3.617399e-01	-1.32601e-10	
653	3.112500e-08	3.749963e-01	3.620177e-01	-1.29823e-10	
654	3.117500e-08	3.749963e-01	3.622896e-01	-1.27104e-10	
655	3.122500e-08	3.749963e-01	3.625559e-01	-1.24441e-10	
656	3.127500e-08	3.749963e-01	3.628165e-01	-1.21835e-10	
657	3.132500e-08	3.749963e-01	3.630718e-01	-1.19282e-10	
658	3.137500e-08	3.749963e-01	3.633216e-01	-1.16784e-10	
659	3.142500e-08	3.749963e-01	3.635662e-01	-1.14338e-10	
660	3.147500e-08	3.749963e-01	3.638058e-01	-1.11942e-10	
661	3.152500e-08	3.749963e-01	3.640402e-01	-1.09598e-10	
662	3.157500e-08	3.749963e-01	3.642698e-01	-1.07302e-10	
663	3.162500e-08	3.749963e-01	3.644946e-01	-1.05054e-10	
664	3.167500e-08	3.749963e-01	3.647146e-01	-1.02854e-10	
665	3.172500e-08	3.749963e-01	3.649301e-01	-1.00699e-10	
666	3.177500e-08	3.749963e-01	3.651410e-01	-9.85897e-11	
667	3.182500e-08	3.749963e-01	3.653475e-01	-9.65246e-11	
668	3.187500e-08	3.749963e-01	3.655497e-01	-9.45027e-11	
669	3.192500e-08	3.749963e-01	3.657477e-01	-9.25231e-11	
670	3.197500e-08	3.749963e-01	3.659415e-01	-9.05850e-11	
671	3.202500e-08	3.749963e-01	3.661312e-01	-8.86875e-11	
672	3.207500e-08	3.749963e-01	3.663170e-01	-8.68298e-11	
673	3.212500e-08	3.749963e-01	3.664989e-01	-8.50109e-11	
674	3.217500e-08	3.749963e-01	3.666770e-01	-8.32302e-11	
675	3.222500e-08	3.749963e-01	3.668513e-01	-8.14868e-11	
676	3.227500e-08	3.749963e-01	3.670220e-01	-7.97798e-11	
677	3.232500e-08	3.749963e-01	3.671891e-01	-7.81087e-11	
678	3.237500e-08	3.749963e-01	3.673527e-01	-7.64725e-11	
679	3.242500e-08	3.749963e-01	3.675129e-01	-7.48707e-11	
680	3.247500e-08	3.749963e-01	3.676698e-01	-7.33023e-11	
681	3.252500e-08	3.749963e-01	3.678233e-01	-7.17669e-11	
682	3.257500e-08	3.749963e-01	3.679736e-01	-7.02635e-11	
683	3.262500e-08	3.749963e-01	3.681208e-01	-6.87917e-11	
684	3.267500e-08	3.749963e-01	3.682649e-01	-6.73507e-11	
685	3.272500e-08	3.749963e-01	3.684060e-01	-6.59399e-11	
686	3.277500e-08	3.749963e-01	3.685441e-01	-6.45587e-11	
687	3.282500e-08	3.749963e-01	3.686794e-01	-6.32064e-11	
688	3.287500e-08	3.749963e-01	3.688118e-01	-6.18824e-11	
689	3.292500e-08	3.749963e-01	3.689414e-01	-6.05861e-11	
690	3.297500e-08	3.749963e-01	3.690683e-01	-5.93170e-11	
691	3.302500e-08	3.749963e-01	3.691926e-01	-5.80745e-11	
692	3.307500e-08	3.749963e-01	3.693142e-01	-5.68580e-11	

Index   time            v(cell)         v(bl)           vpre#branch     
--------------------------------------------------------------------------------
693	3.312500e-08	3.749963e-01	3.694333e-01	-5.56670e-11	
694	3.317500e-08	3.749963e-01	3.695499e-01	-5.45009e-11	
695	3.322500e-08	3.749963e-01	3.696641e-01	-5.33593e-11	
696	3.327500e-08	3.749963e-01	3.697758e-01	-5.22416e-11	
697	3.332500e-08	3.749963e-01	3.698853e-01	-5.11473e-11	
698	3.337500e-08	3.749963e-01	3.699924e-01	-5.00759e-11	
699	3.342500e-08	3.749963e-01	3.700973e-01	-4.90269e-11	
700	3.347500e-08	3.749963e-01	3.702000e-01	-4.80000e-11	
701	3.352500e-08	3.749963e-01	3.703005e-01	-4.69945e-11	
702	3.357500e-08	3.749963e-01	3.703990e-01	-4.60101e-11	
703	3.362500e-08	3.749963e-01	3.704954e-01	-4.50463e-11	
704	3.367500e-08	3.749963e-01	3.705897e-01	-4.41027e-11	
705	3.372500e-08	3.749963e-01	3.706821e-01	-4.31789e-11	
706	3.377500e-08	3.749963e-01	3.707726e-01	-4.22744e-11	
707	3.382500e-08	3.749963e-01	3.708611e-01	-4.13889e-11	
708	3.387500e-08	3.749963e-01	3.709478e-01	-4.05219e-11	
709	3.392500e-08	3.749963e-01	3.710327e-01	-3.96731e-11	
710	3.397500e-08	3.749963e-01	3.711158e-01	-3.88421e-11	
711	3.402500e-08	3.749963e-01	3.711972e-01	-3.80285e-11	
712	3.407500e-08	3.749963e-01	3.712768e-01	-3.72319e-11	
713	3.412500e-08	3.749963e-01	3.713548e-01	-3.64520e-11	
714	3.417500e-08	3.749963e-01	3.714312e-01	-3.56884e-11	
715	3.422500e-08	3.749963e-01	3.715059e-01	-3.49408e-11	
716	3.427500e-08	3.749963e-01	3.715791e-01	-3.42089e-11	
717	3.432500e-08	3.749963e-01	3.716508e-01	-3.34924e-11	
718	3.437500e-08	3.749963e-01	3.717209e-01	-3.27908e-11	
719	3.442500e-08	3.749963e-01	3.717896e-01	-3.21039e-11	
720	3.447500e-08	3.749963e-01	3.718569e-01	-3.14314e-11	
721	3.452500e-08	3.749963e-01	3.719227e-01	-3.07730e-11	
722	3.457500e-08	3.749963e-01	3.719872e-01	-3.01284e-11	
723	3.462500e-08	3.749963e-01	3.720503e-01	-2.94973e-11	
724	3.467500e-08	3.749963e-01	3.721121e-01	-2.88795e-11	
725	3.472500e-08	3.749963e-01	3.721725e-01	-2.82745e-11	
726	3.477500e-08	3.749963e-01	3.722318e-01	-2.76823e-11	
727	3.482500e-08	3.749963e-01	3.722898e-01	-2.71024e-11	
728	3.487500e-08	3.749963e-01	3.723465e-01	-2.65347e-11	
729	3.492500e-08	3.749963e-01	3.724021e-01	-2.59789e-11	
730	3.497500e-08	3.749963e-01	3.724565e-01	-2.54347e-11	
731	3.502500e-08	3.749963e-01	3.725098e-01	-2.49019e-11	
732	3.507500e-08	3.749963e-01	3.725620e-01	-2.43803e-11	
733	3.512500e-08	3.749963e-01	3.726130e-01	-2.38696e-11	
734	3.517500e-08	3.749963e-01	3.726630e-01	-2.33696e-11	
735	3.522500e-08	3.749963e-01	3.727120e-01	-2.28801e-11	
736	3.527500e-08	3.749963e-01	3.727599e-01	-2.24008e-11	
737	3.532500e-08	3.749963e-01	3.728068e-01	-2.19316e-11	
738	3.537500e-08	3.749963e-01	3.728528e-01	-2.14722e-11	
739	3.542500e-08	3.749963e-01	3.728978e-01	-2.10224e-11	
740	3.547500e-08	3.749963e-01	3.729418e-01	-2.05820e-11	
741	3.552500e-08	3.749963e-01	3.729849e-01	-2.01509e-11	
742	3.557500e-08	3.749963e-01	3.730271e-01	-1.97288e-11	
743	3.562500e-08	3.749963e-01	3.730684e-01	-1.93155e-11	
744	3.567500e-08	3.749963e-01	3.731089e-01	-1.89109e-11	
745	3.572500e-08	3.749963e-01	3.731485e-01	-1.85148e-11	
746	3.577500e-08	3.749963e-01	3.731873e-01	-1.81270e-11	
747	3.582500e-08	3.749963e-01	3.732253e-01	-1.77473e-11	
748	3.587500e-08	3.749963e-01	3.732624e-01	-1.73755e-11	
749	3.592500e-08	3.749963e-01	3.732988e-01	-1.70115e-11	
750	3.597500e-08	3.749963e-01	3.733345e-01	-1.66552e-11	

Index   time            v(cell)         v(bl)           vpre#branch     
--------------------------------------------------------------------------------
751	3.602500e-08	3.749963e-01	3.733694e-01	-1.63063e-11	
752	3.607500e-08	3.749963e-01	3.734035e-01	-1.59648e-11	
753	3.612500e-08	3.749963e-01	3.734370e-01	-1.56303e-11	
754	3.617500e-08	3.749963e-01	3.734697e-01	-1.53029e-11	
755	3.622500e-08	3.749963e-01	3.735018e-01	-1.49824e-11	
756	3.627500e-08	3.749963e-01	3.735331e-01	-1.46685e-11	
757	3.632500e-08	3.749963e-01	3.735639e-01	-1.43613e-11	
758	3.637500e-08	3.749963e-01	3.735940e-01	-1.40605e-11	
759	3.642500e-08	3.749963e-01	3.736234e-01	-1.37659e-11	
760	3.647500e-08	3.749963e-01	3.736522e-01	-1.34776e-11	
761	3.652500e-08	3.749963e-01	3.736805e-01	-1.31953e-11	
762	3.657500e-08	3.749963e-01	3.737081e-01	-1.29189e-11	
763	3.662500e-08	3.749963e-01	3.737352e-01	-1.26482e-11	
764	3.667500e-08	3.749963e-01	3.737617e-01	-1.23833e-11	
765	3.672500e-08	3.749963e-01	3.737876e-01	-1.21239e-11	
766	3.677500e-08	3.749963e-01	3.738130e-01	-1.18699e-11	
767	3.682500e-08	3.749963e-01	3.738379e-01	-1.16213e-11	
768	3.687500e-08	3.749963e-01	3.738622e-01	-1.13779e-11	
769	3.692500e-08	3.749963e-01	3.738860e-01	-1.11395e-11	
770	3.697500e-08	3.749963e-01	3.739094e-01	-1.09062e-11	
771	3.702500e-08	3.749963e-01	3.739322e-01	-1.06777e-11	
772	3.707500e-08	3.749963e-01	3.739546e-01	-1.04541e-11	
773	3.712500e-08	3.749963e-01	3.739765e-01	-1.02351e-11	
774	3.717500e-08	3.749963e-01	3.739979e-01	-1.00207e-11	
775	3.722500e-08	3.749963e-01	3.740189e-01	-9.81080e-12	
776	3.727500e-08	3.749963e-01	3.740395e-01	-9.60529e-12	
777	3.732500e-08	3.749963e-01	3.740596e-01	-9.40409e-12	
778	3.737500e-08	3.749963e-01	3.740793e-01	-9.20710e-12	
779	3.742500e-08	3.749963e-01	3.740986e-01	-9.01424e-12	
780	3.747500e-08	3.749963e-01	3.741175e-01	-8.82542e-12	
781	3.752500e-08	3.749963e-01	3.741359e-01	-8.64055e-12	
782	3.757500e-08	3.749963e-01	3.741540e-01	-8.45956e-12	
783	3.762500e-08	3.749963e-01	3.741718e-01	-8.28236e-12	
784	3.767500e-08	3.749963e-01	3.741891e-01	-8.10887e-12	
785	3.772500e-08	3.749963e-01	3.742061e-01	-7.93901e-12	
786	3.777500e-08	3.749963e-01	3.742227e-01	-7.77271e-12	
787	3.782500e-08	3.749963e-01	3.742390e-01	-7.60990e-12	
788	3.787500e-08	3.749963e-01	3.742550e-01	-7.45049e-12	
789	3.792500e-08	3.749963e-01	3.742706e-01	-7.29443e-12	
790	3.797500e-08	3.749963e-01	3.742858e-01	-7.14163e-12	
791	3.802500e-08	3.749963e-01	3.743008e-01	-6.99203e-12	
792	3.807500e-08	3.749963e-01	3.743154e-01	-6.84557e-12	
793	3.812500e-08	3.749963e-01	3.743298e-01	-6.70218e-12	
794	3.817500e-08	3.749963e-01	3.743438e-01	-6.56179e-12	
795	3.822500e-08	3.749963e-01	3.743576e-01	-6.42434e-12	
796	3.827500e-08	3.749963e-01	3.743710e-01	-6.28977e-12	
797	3.832500e-08	3.749963e-01	3.743842e-01	-6.15801e-12	
798	3.837500e-08	3.749963e-01	3.743971e-01	-6.02902e-12	
799	3.842500e-08	3.749963e-01	3.744097e-01	-5.90273e-12	
800	3.847500e-08	3.749963e-01	3.744221e-01	-5.77909e-12	
801	3.852500e-08	3.749963e-01	3.744342e-01	-5.65803e-12	
802	3.857500e-08	3.749963e-01	3.744460e-01	-5.53951e-12	
803	3.862500e-08	3.749963e-01	3.744577e-01	-5.42348e-12	
804	3.867500e-08	3.749963e-01	3.744690e-01	-5.30987e-12	
805	3.872500e-08	3.749963e-01	3.744801e-01	-5.19865e-12	
806	3.877500e-08	3.749963e-01	3.744910e-01	-5.08975e-12	
807	3.882500e-08	3.749963e-01	3.745017e-01	-4.98314e-12	
808	3.887500e-08	3.749963e-01	3.745121e-01	-4.87875e-12	

Index   time            v(cell)         v(bl)           vpre#branch     
--------------------------------------------------------------------------------
809	3.892500e-08	3.749963e-01	3.745223e-01	-4.77656e-12	
810	3.897500e-08	3.749963e-01	3.745323e-01	-4.67650e-12	
811	3.902500e-08	3.749963e-01	3.745421e-01	-4.57854e-12	
812	3.907500e-08	3.749963e-01	3.745517e-01	-4.48264e-12	
813	3.912500e-08	3.749963e-01	3.745611e-01	-4.38874e-12	
814	3.917500e-08	3.749963e-01	3.745703e-01	-4.29681e-12	
815	3.922500e-08	3.749963e-01	3.745793e-01	-4.20680e-12	
816	3.927500e-08	3.749963e-01	3.745881e-01	-4.11868e-12	
817	3.932500e-08	3.749963e-01	3.745968e-01	-4.03241e-12	
818	3.937500e-08	3.749963e-01	3.746052e-01	-3.94794e-12	
819	3.942500e-08	3.749963e-01	3.746135e-01	-3.86525e-12	
820	3.947500e-08	3.749963e-01	3.746216e-01	-3.78428e-12	
821	3.952500e-08	3.749963e-01	3.746295e-01	-3.70501e-12	
822	3.957500e-08	3.749963e-01	3.746373e-01	-3.62740e-12	
823	3.962500e-08	3.749963e-01	3.746449e-01	-3.55142e-12	
824	3.967500e-08	3.749963e-01	3.746523e-01	-3.47703e-12	
825	3.972500e-08	3.749963e-01	3.746596e-01	-3.40419e-12	
826	3.977500e-08	3.749963e-01	3.746667e-01	-3.33289e-12	
827	3.982500e-08	3.749963e-01	3.746737e-01	-3.26307e-12	
828	3.987500e-08	3.749963e-01	3.746805e-01	-3.19472e-12	
829	3.992500e-08	3.749963e-01	3.746872e-01	-3.12780e-12	
830	3.996250e-08	3.749963e-01	3.746921e-01	-3.07853e-12	
831	4.000000e-08	3.749963e-01	3.746970e-01	-3.03004e-12	


Total analysis time (seconds) = 0.278634

Total elapsed time (seconds) = 0.292 

Total DRAM available = 386307.215 MB.
DRAM currently available = 21726.227 MB.
Maximum ngspice program size =  529.719 MB.
Current ngspice program size =   14.242 MB.

Shared ngspice pages =   12.414 MB.
Text (code) pages =    6.266 MB.
Stack = 0 bytes.
Library pages =   59.137 MB.

