
Note: No compatibility mode selected!


Circuit: * id-vg sweep vds=0.7500v

Warning: Model issue on line 7 :
  .model nfet bsimcmg_va type=1 bulkmod=0 bulkmod=0 igcmod=0 igbmod=0 gidl ...
unrecognized parameter (sasatcv) - ignored

Doing analysis at TEMP = 85.000000 and TNOM = 27.000000

Using SPARSE 1.3 as Direct Linear Solver

No. of Data Rows : 201

  Measurements for DC Analysis

ion                 =  -4.87907e-06 at=  7.50000e-01
ioff                =  -2.22122e-10

                           * id-vg sweep vds=0.7500v
                           DC transfer characteristic  Wed Jun 24 01:05:45  2026
--------------------------------------------------------------------------------
Index   v-sweep         vd#branch       
--------------------------------------------------------------------------------
0	0.000000e+00	-2.22122e-10	
1	3.750000e-03	-2.42783e-10	
2	7.500000e-03	-2.66448e-10	
3	1.125000e-02	-2.92418e-10	
4	1.500000e-02	-3.20916e-10	
5	1.875000e-02	-3.53624e-10	
6	2.250000e-02	-3.88081e-10	
7	2.625000e-02	-4.25890e-10	
8	3.000000e-02	-4.67377e-10	
9	3.375000e-02	-5.12900e-10	
10	3.750000e-02	-5.62849e-10	
11	4.125000e-02	-6.17653e-10	
12	4.500000e-02	-6.77783e-10	
13	4.875000e-02	-7.43754e-10	
14	5.250000e-02	-8.16130e-10	
15	5.625000e-02	-8.95530e-10	
16	6.000000e-02	-9.82632e-10	
17	6.375000e-02	-1.07818e-09	
18	6.750000e-02	-1.18298e-09	
19	7.125000e-02	-1.29793e-09	
20	7.500000e-02	-1.42401e-09	
21	7.875000e-02	-1.56227e-09	
22	8.250000e-02	-1.71389e-09	
23	8.625000e-02	-1.88014e-09	
24	9.000000e-02	-2.06242e-09	
25	9.375000e-02	-2.26225e-09	
26	9.750000e-02	-2.48130e-09	
27	1.012500e-01	-2.72139e-09	
28	1.050000e-01	-2.98450e-09	
29	1.087500e-01	-3.27280e-09	
30	1.125000e-01	-3.58866e-09	
31	1.162500e-01	-3.93465e-09	
32	1.200000e-01	-4.31357e-09	
33	1.237500e-01	-4.72847e-09	
34	1.275000e-01	-5.18267e-09	
35	1.312500e-01	-5.67977e-09	
36	1.350000e-01	-6.22369e-09	
37	1.387500e-01	-6.81866e-09	
38	1.425000e-01	-7.46926e-09	
39	1.462500e-01	-8.18048e-09	
40	1.500000e-01	-8.95766e-09	
41	1.537500e-01	-9.80660e-09	
42	1.575000e-01	-1.07335e-08	
43	1.612500e-01	-1.17451e-08	
44	1.650000e-01	-1.28486e-08	
45	1.687500e-01	-1.40516e-08	
46	1.725000e-01	-1.53624e-08	
47	1.762500e-01	-1.67897e-08	
48	1.800000e-01	-1.83430e-08	
49	1.837500e-01	-2.00320e-08	
50	1.875000e-01	-2.18673e-08	
51	1.912500e-01	-2.38600e-08	
52	1.950000e-01	-2.60215e-08	
53	1.987500e-01	-2.83643e-08	
54	2.025000e-01	-3.09008e-08	

Index   v-sweep         vd#branch       
--------------------------------------------------------------------------------
55	2.062500e-01	-3.36445e-08	
56	2.100000e-01	-3.66091e-08	
57	2.137500e-01	-3.98087e-08	
58	2.175000e-01	-4.32580e-08	
59	2.212500e-01	-4.69718e-08	
60	2.250000e-01	-5.09655e-08	
61	2.287500e-01	-5.52545e-08	
62	2.325000e-01	-5.98545e-08	
63	2.362500e-01	-6.47810e-08	
64	2.400000e-01	-7.00499e-08	
65	2.437500e-01	-7.56768e-08	
66	2.475000e-01	-8.16772e-08	
67	2.512500e-01	-8.80663e-08	
68	2.550000e-01	-9.48592e-08	
69	2.587500e-01	-1.02070e-07	
70	2.625000e-01	-1.09714e-07	
71	2.662500e-01	-1.17804e-07	
72	2.700000e-01	-1.26353e-07	
73	2.737500e-01	-1.35374e-07	
74	2.775000e-01	-1.44880e-07	
75	2.812500e-01	-1.54880e-07	
76	2.850000e-01	-1.65386e-07	
77	2.887500e-01	-1.76408e-07	
78	2.925000e-01	-1.87956e-07	
79	2.962500e-01	-2.00037e-07	
80	3.000000e-01	-2.12660e-07	
81	3.037500e-01	-2.25832e-07	
82	3.075000e-01	-2.39560e-07	
83	3.112500e-01	-2.53849e-07	
84	3.150000e-01	-2.68705e-07	
85	3.187500e-01	-2.84131e-07	
86	3.225000e-01	-2.99845e-07	
87	3.262500e-01	-3.16424e-07	
88	3.300000e-01	-3.33584e-07	
89	3.337500e-01	-3.51327e-07	
90	3.375000e-01	-3.69655e-07	
91	3.412500e-01	-3.88567e-07	
92	3.450000e-01	-4.08064e-07	
93	3.487500e-01	-4.28146e-07	
94	3.525000e-01	-4.48811e-07	
95	3.562500e-01	-4.70058e-07	
96	3.600000e-01	-4.91885e-07	
97	3.637500e-01	-5.14288e-07	
98	3.675000e-01	-5.37265e-07	
99	3.712500e-01	-5.60812e-07	
100	3.750000e-01	-5.84926e-07	
101	3.787500e-01	-6.09602e-07	
102	3.825000e-01	-6.34835e-07	
103	3.862500e-01	-6.60620e-07	
104	3.900000e-01	-6.86953e-07	
105	3.937500e-01	-7.13828e-07	
106	3.975000e-01	-7.41238e-07	
107	4.012500e-01	-7.69179e-07	
108	4.050000e-01	-7.97644e-07	
109	4.087500e-01	-8.26628e-07	
110	4.125000e-01	-8.56123e-07	
111	4.162500e-01	-8.86124e-07	
112	4.200000e-01	-9.16625e-07	

Index   v-sweep         vd#branch       
--------------------------------------------------------------------------------
113	4.237500e-01	-9.47618e-07	
114	4.275000e-01	-9.79097e-07	
115	4.312500e-01	-1.01106e-06	
116	4.350000e-01	-1.04349e-06	
117	4.387500e-01	-1.07639e-06	
118	4.425000e-01	-1.10975e-06	
119	4.462500e-01	-1.14356e-06	
120	4.500000e-01	-1.17782e-06	
121	4.537500e-01	-1.21252e-06	
122	4.575000e-01	-1.24765e-06	
123	4.612500e-01	-1.28322e-06	
124	4.650000e-01	-1.31920e-06	
125	4.687500e-01	-1.35560e-06	
126	4.725000e-01	-1.39240e-06	
127	4.762500e-01	-1.42961e-06	
128	4.800000e-01	-1.46722e-06	
129	4.837500e-01	-1.50521e-06	
130	4.875000e-01	-1.54359e-06	
131	4.912500e-01	-1.58234e-06	
132	4.950000e-01	-1.62147e-06	
133	4.987500e-01	-1.66096e-06	
134	5.025000e-01	-1.70081e-06	
135	5.062500e-01	-1.74101e-06	
136	5.100000e-01	-1.78156e-06	
137	5.137500e-01	-1.82246e-06	
138	5.175000e-01	-1.86368e-06	
139	5.212500e-01	-1.90524e-06	
140	5.250000e-01	-1.94712e-06	
141	5.287500e-01	-1.98932e-06	
142	5.325000e-01	-2.03183e-06	
143	5.362500e-01	-2.07465e-06	
144	5.400000e-01	-2.11777e-06	
145	5.437500e-01	-2.16119e-06	
146	5.475000e-01	-2.20490e-06	
147	5.512500e-01	-2.24889e-06	
148	5.550000e-01	-2.29317e-06	
149	5.587500e-01	-2.33772e-06	
150	5.625000e-01	-2.38254e-06	
151	5.662500e-01	-2.42763e-06	
152	5.700000e-01	-2.47298e-06	
153	5.737500e-01	-2.51858e-06	
154	5.775000e-01	-2.56444e-06	
155	5.812500e-01	-2.61054e-06	
156	5.850000e-01	-2.65689e-06	
157	5.887500e-01	-2.70347e-06	
158	5.925000e-01	-2.75029e-06	
159	5.962500e-01	-2.79733e-06	
160	6.000000e-01	-2.84460e-06	
161	6.037500e-01	-2.89209e-06	
162	6.075000e-01	-2.93979e-06	
163	6.112500e-01	-2.98771e-06	
164	6.150000e-01	-3.03584e-06	
165	6.187500e-01	-3.08417e-06	
166	6.225000e-01	-3.13270e-06	
167	6.262500e-01	-3.18143e-06	
168	6.300000e-01	-3.23035e-06	
169	6.337500e-01	-3.27946e-06	
170	6.375000e-01	-3.32876e-06	

Index   v-sweep         vd#branch       
--------------------------------------------------------------------------------
171	6.412500e-01	-3.37824e-06	
172	6.450000e-01	-3.42789e-06	
173	6.487500e-01	-3.47773e-06	
174	6.525000e-01	-3.52773e-06	
175	6.562500e-01	-3.57791e-06	
176	6.600000e-01	-3.62825e-06	
177	6.637500e-01	-3.67876e-06	
178	6.675000e-01	-3.72942e-06	
179	6.712500e-01	-3.78024e-06	
180	6.750000e-01	-3.83122e-06	
181	6.787500e-01	-3.88234e-06	
182	6.825000e-01	-3.93362e-06	
183	6.862500e-01	-3.98504e-06	
184	6.900000e-01	-4.03660e-06	
185	6.937500e-01	-4.08831e-06	
186	6.975000e-01	-4.14015e-06	
187	7.012500e-01	-4.19212e-06	
188	7.050000e-01	-4.24423e-06	
189	7.087500e-01	-4.29647e-06	
190	7.125000e-01	-4.34884e-06	
191	7.162500e-01	-4.40134e-06	
192	7.200000e-01	-4.45395e-06	
193	7.237500e-01	-4.50669e-06	
194	7.275000e-01	-4.55955e-06	
195	7.312500e-01	-4.61252e-06	
196	7.350000e-01	-4.66561e-06	
197	7.387500e-01	-4.71881e-06	
198	7.425000e-01	-4.77212e-06	
199	7.462500e-01	-4.82554e-06	
200	7.500000e-01	-4.87907e-06	


Total analysis time (seconds) = 0.0130288

Total elapsed time (seconds) = 0.019 

Total DRAM available = 386307.215 MB.
DRAM currently available = 8611.613 MB.
Maximum ngspice program size =  529.719 MB.
Current ngspice program size =   14.023 MB.

Shared ngspice pages =   12.270 MB.
Text (code) pages =    6.266 MB.
Stack = 0 bytes.
Library pages =   59.137 MB.

