
Note: No compatibility mode selected!


Circuit: * 1t1c ccell=30.0ff

Warning: Model issue on line 7 :
  .model nfet bsimcmg_va type=1 bulkmod=0 bulkmod=0 igcmod=0 igbmod=0 gidl ...
unrecognized parameter (sasatcv) - ignored

Doing analysis at TEMP = 85.000000 and TNOM = 27.000000

Using SPARSE 1.3 as Direct Linear Solver

Initial Transient Solution
--------------------------

Node                                   Voltage
----                                   -------
pre                                      0.375
bl                                       0.375
wl                                           0
plate                                        0
s                                            0
cell                                         0
vs#branch                                    0
vpl#branch                                   0
vwl#branch                                   0
vpre#branch                                  0


No. of Data Rows : 832

  Measurements for Transient Analysis


Error: measure  t_read  find(AT) : out of interval
 .measure tran t_read find time when v(cell)=0.375000 cross=1 from=12n to=23n failed!

t_write             =  1.90070e-09
i_hold              =  -4.01807e-10 from=  2.50000e-08 to=  3.50250e-08
q_read              =   9.47937e-20 from=  1.20000e-08 to=  2.20000e-08

                              * 1t1c ccell=30.0ff
                              Transient Analysis  Tue Jun 23 23:50:50  2026
--------------------------------------------------------------------------------
Index   time            v(cell)         v(bl)           vpre#branch     
--------------------------------------------------------------------------------
0	0.000000e+00	0.000000e+00	3.750000e-01	0.000000e+00	
1	5.000000e-13	3.293189e-09	3.749945e-01	-5.54796e-14	
2	1.000000e-12	6.585888e-09	3.749903e-01	-9.73091e-14	
3	2.000000e-12	1.317104e-08	3.749819e-01	-1.80950e-13	
4	4.000000e-12	2.634106e-08	3.749652e-01	-3.48125e-13	
5	8.000000e-12	5.268093e-08	3.749318e-01	-6.82047e-13	
6	1.600000e-11	1.053594e-07	3.748652e-01	-1.34818e-12	
7	3.200000e-11	2.107118e-07	3.747326e-01	-2.67365e-12	
8	6.400000e-11	4.213981e-07	3.744702e-01	-5.29760e-12	
9	1.140000e-10	7.505469e-07	3.740674e-01	-9.32649e-12	
10	1.640000e-10	1.079637e-06	3.736730e-01	-1.32703e-11	
11	2.140000e-10	1.408671e-06	3.732869e-01	-1.71307e-11	
12	2.640000e-10	1.737648e-06	3.729090e-01	-2.09096e-11	
13	3.140000e-10	2.066570e-06	3.725391e-01	-2.46086e-11	
14	3.640000e-10	2.395438e-06	3.721771e-01	-2.82295e-11	
15	4.140000e-10	2.724253e-06	3.718226e-01	-3.17739e-11	
16	4.640000e-10	3.053017e-06	3.714757e-01	-3.52433e-11	
17	5.140000e-10	3.381729e-06	3.711361e-01	-3.86395e-11	
18	5.640000e-10	3.710392e-06	3.708036e-01	-4.19639e-11	
19	6.140000e-10	4.039006e-06	3.704782e-01	-4.52180e-11	
20	6.640000e-10	4.367571e-06	3.701597e-01	-4.84034e-11	
21	7.140000e-10	4.696090e-06	3.698478e-01	-5.15215e-11	
22	7.640000e-10	5.024563e-06	3.695426e-01	-5.45737e-11	
23	8.140000e-10	5.352990e-06	3.692439e-01	-5.75614e-11	
24	8.640000e-10	5.681373e-06	3.689514e-01	-6.04859e-11	
25	9.140000e-10	6.009713e-06	3.686651e-01	-6.33487e-11	
26	9.570000e-10	6.292051e-06	3.684238e-01	-6.57622e-11	
27	1.000000e-09	6.574358e-06	3.681868e-01	-6.81317e-11	
28	1.005000e-09	3.753744e-03	3.681615e-01	-6.83847e-11	
29	1.015000e-09	1.124790e-02	3.681182e-01	-6.88180e-11	
30	1.035000e-09	2.623616e-02	3.680693e-01	-6.93066e-11	
31	1.075000e-09	5.621265e-02	3.680606e-01	-6.93945e-11	
32	1.125000e-09	9.368319e-02	3.681336e-01	-6.86638e-11	
33	1.175000e-09	1.311537e-01	3.682554e-01	-6.74461e-11	
34	1.225000e-09	1.686242e-01	3.683940e-01	-6.60597e-11	
35	1.275000e-09	2.060947e-01	3.685314e-01	-6.46859e-11	
36	1.325000e-09	2.435652e-01	3.686665e-01	-6.33346e-11	
37	1.375000e-09	2.810357e-01	3.687991e-01	-6.20093e-11	
38	1.425000e-09	3.185062e-01	3.689289e-01	-6.07109e-11	
39	1.475000e-09	3.559767e-01	3.690561e-01	-5.94393e-11	
40	1.525000e-09	3.934472e-01	3.691806e-01	-5.81940e-11	
41	1.575000e-09	4.309177e-01	3.693025e-01	-5.69747e-11	
42	1.625000e-09	4.683882e-01	3.694219e-01	-5.57809e-11	
43	1.675000e-09	5.058587e-01	3.695388e-01	-5.46122e-11	
44	1.725000e-09	5.433292e-01	3.696532e-01	-5.34679e-11	
45	1.775000e-09	5.807997e-01	3.697652e-01	-5.23476e-11	
46	1.825000e-09	6.182702e-01	3.698749e-01	-5.12507e-11	
47	1.875000e-09	6.557407e-01	3.699823e-01	-5.01769e-11	
48	1.925000e-09	6.932112e-01	3.700875e-01	-4.91255e-11	
49	1.962500e-09	7.213141e-01	3.701649e-01	-4.83514e-11	
50	2.000000e-09	7.494169e-01	3.702410e-01	-4.75895e-11	
51	2.005000e-09	7.494168e-01	3.702511e-01	-4.74889e-11	
52	2.015000e-09	7.494168e-01	3.702712e-01	-4.72882e-11	
53	2.035000e-09	7.494168e-01	3.703111e-01	-4.68894e-11	
54	2.075000e-09	7.494168e-01	3.703898e-01	-4.61017e-11	

Index   time            v(cell)         v(bl)           vpre#branch     
--------------------------------------------------------------------------------
55	2.125000e-09	7.494168e-01	3.704864e-01	-4.51356e-11	
56	2.175000e-09	7.494168e-01	3.705810e-01	-4.41898e-11	
57	2.225000e-09	7.494168e-01	3.706736e-01	-4.32638e-11	
58	2.275000e-09	7.494168e-01	3.707643e-01	-4.23572e-11	
59	2.325000e-09	7.494168e-01	3.708530e-01	-4.14696e-11	
60	2.375000e-09	7.494168e-01	3.709399e-01	-4.06005e-11	
61	2.425000e-09	7.494168e-01	3.710250e-01	-3.97497e-11	
62	2.475000e-09	7.494168e-01	3.711083e-01	-3.89167e-11	
63	2.525000e-09	7.494168e-01	3.711899e-01	-3.81012e-11	
64	2.575000e-09	7.494168e-01	3.712697e-01	-3.73027e-11	
65	2.625000e-09	7.494168e-01	3.713479e-01	-3.65210e-11	
66	2.675000e-09	7.494168e-01	3.714244e-01	-3.57556e-11	
67	2.725000e-09	7.494168e-01	3.714994e-01	-3.50063e-11	
68	2.775000e-09	7.494168e-01	3.715727e-01	-3.42726e-11	
69	2.825000e-09	7.494168e-01	3.716446e-01	-3.35543e-11	
70	2.875000e-09	7.494168e-01	3.717149e-01	-3.28511e-11	
71	2.925000e-09	7.494168e-01	3.717837e-01	-3.21626e-11	
72	2.975000e-09	7.494168e-01	3.718511e-01	-3.14885e-11	
73	3.025000e-09	7.494168e-01	3.719171e-01	-3.08286e-11	
74	3.075000e-09	7.494168e-01	3.719818e-01	-3.01825e-11	
75	3.125000e-09	7.494168e-01	3.720450e-01	-2.95499e-11	
76	3.175000e-09	7.494168e-01	3.721069e-01	-2.89305e-11	
77	3.225000e-09	7.494168e-01	3.721676e-01	-2.83241e-11	
78	3.275000e-09	7.494168e-01	3.722270e-01	-2.77305e-11	
79	3.325000e-09	7.494168e-01	3.722851e-01	-2.71492e-11	
80	3.375000e-09	7.494168e-01	3.723420e-01	-2.65802e-11	
81	3.425000e-09	7.494168e-01	3.723977e-01	-2.60230e-11	
82	3.475000e-09	7.494168e-01	3.724522e-01	-2.54776e-11	
83	3.525000e-09	7.494168e-01	3.725056e-01	-2.49435e-11	
84	3.575000e-09	7.494168e-01	3.725579e-01	-2.44207e-11	
85	3.625000e-09	7.494168e-01	3.726091e-01	-2.39088e-11	
86	3.675000e-09	7.494168e-01	3.726592e-01	-2.34076e-11	
87	3.725000e-09	7.494168e-01	3.727083e-01	-2.29169e-11	
88	3.775000e-09	7.494168e-01	3.727564e-01	-2.24365e-11	
89	3.825000e-09	7.494168e-01	3.728034e-01	-2.19661e-11	
90	3.875000e-09	7.494168e-01	3.728494e-01	-2.15056e-11	
91	3.925000e-09	7.494168e-01	3.728945e-01	-2.10548e-11	
92	3.975000e-09	7.494168e-01	3.729387e-01	-2.06134e-11	
93	4.025000e-09	7.494168e-01	3.729819e-01	-2.01812e-11	
94	4.075000e-09	7.494168e-01	3.730242e-01	-1.97581e-11	
95	4.125000e-09	7.494168e-01	3.730656e-01	-1.93439e-11	
96	4.175000e-09	7.494168e-01	3.731062e-01	-1.89383e-11	
97	4.225000e-09	7.494168e-01	3.731459e-01	-1.85413e-11	
98	4.275000e-09	7.494168e-01	3.731847e-01	-1.81525e-11	
99	4.325000e-09	7.494168e-01	3.732228e-01	-1.77719e-11	
100	4.375000e-09	7.494168e-01	3.732601e-01	-1.73993e-11	
101	4.425000e-09	7.494168e-01	3.732966e-01	-1.70344e-11	
102	4.475000e-09	7.494168e-01	3.733323e-01	-1.66773e-11	
103	4.525000e-09	7.494168e-01	3.733672e-01	-1.63275e-11	
104	4.575000e-09	7.494168e-01	3.734015e-01	-1.59852e-11	
105	4.625000e-09	7.494168e-01	3.734350e-01	-1.56500e-11	
106	4.675000e-09	7.494168e-01	3.734678e-01	-1.53218e-11	
107	4.725000e-09	7.494168e-01	3.735000e-01	-1.50005e-11	
108	4.775000e-09	7.494168e-01	3.735314e-01	-1.46859e-11	
109	4.825000e-09	7.494168e-01	3.735622e-01	-1.43779e-11	
110	4.875000e-09	7.494168e-01	3.735924e-01	-1.40763e-11	
111	4.925000e-09	7.494168e-01	3.736219e-01	-1.37811e-11	
112	4.975000e-09	7.494168e-01	3.736508e-01	-1.34921e-11	

Index   time            v(cell)         v(bl)           vpre#branch     
--------------------------------------------------------------------------------
113	5.025000e-09	7.494168e-01	3.736791e-01	-1.32091e-11	
114	5.075000e-09	7.494168e-01	3.737068e-01	-1.29320e-11	
115	5.125000e-09	7.494168e-01	3.737339e-01	-1.26608e-11	
116	5.175000e-09	7.494168e-01	3.737605e-01	-1.23952e-11	
117	5.225000e-09	7.494168e-01	3.737865e-01	-1.21352e-11	
118	5.275000e-09	7.494168e-01	3.738119e-01	-1.18806e-11	
119	5.325000e-09	7.494168e-01	3.738369e-01	-1.16314e-11	
120	5.375000e-09	7.494168e-01	3.738613e-01	-1.13874e-11	
121	5.425000e-09	7.494168e-01	3.738852e-01	-1.11485e-11	
122	5.475000e-09	7.494168e-01	3.739085e-01	-1.09146e-11	
123	5.525000e-09	7.494168e-01	3.739314e-01	-1.06856e-11	
124	5.575000e-09	7.494168e-01	3.739539e-01	-1.04614e-11	
125	5.625000e-09	7.494168e-01	3.739758e-01	-1.02419e-11	
126	5.675000e-09	7.494168e-01	3.739973e-01	-1.00270e-11	
127	5.725000e-09	7.494168e-01	3.740183e-01	-9.81658e-12	
128	5.775000e-09	7.494168e-01	3.740389e-01	-9.61058e-12	
129	5.825000e-09	7.494168e-01	3.740591e-01	-9.40890e-12	
130	5.875000e-09	7.494168e-01	3.740789e-01	-9.21144e-12	
131	5.925000e-09	7.494168e-01	3.740982e-01	-9.01812e-12	
132	5.975000e-09	7.494168e-01	3.741171e-01	-8.82885e-12	
133	6.025000e-09	7.494168e-01	3.741356e-01	-8.64355e-12	
134	6.075000e-09	7.494168e-01	3.741538e-01	-8.46212e-12	
135	6.125000e-09	7.494168e-01	3.741716e-01	-8.28449e-12	
136	6.175000e-09	7.494168e-01	3.741889e-01	-8.11059e-12	
137	6.225000e-09	7.494168e-01	3.742060e-01	-7.94033e-12	
138	6.275000e-09	7.494168e-01	3.742226e-01	-7.77363e-12	
139	6.325000e-09	7.494168e-01	3.742390e-01	-7.61043e-12	
140	6.375000e-09	7.494168e-01	3.742549e-01	-7.45065e-12	
141	6.425000e-09	7.494168e-01	3.742706e-01	-7.29421e-12	
142	6.475000e-09	7.494168e-01	3.742859e-01	-7.14105e-12	
143	6.525000e-09	7.494168e-01	3.743009e-01	-6.99109e-12	
144	6.575000e-09	7.494168e-01	3.743156e-01	-6.84428e-12	
145	6.625000e-09	7.494168e-01	3.743299e-01	-6.70055e-12	
146	6.675000e-09	7.494168e-01	3.743440e-01	-6.55982e-12	
147	6.725000e-09	7.494168e-01	3.743578e-01	-6.42204e-12	
148	6.775000e-09	7.494168e-01	3.743713e-01	-6.28715e-12	
149	6.825000e-09	7.494168e-01	3.743845e-01	-6.15508e-12	
150	6.875000e-09	7.494168e-01	3.743974e-01	-6.02578e-12	
151	6.925000e-09	7.494168e-01	3.744101e-01	-5.89919e-12	
152	6.962500e-09	7.494168e-01	3.744194e-01	-5.80599e-12	
153	7.000000e-09	7.494168e-01	3.744286e-01	-5.71426e-12	
154	7.005000e-09	7.306811e-01	3.744298e-01	-5.70215e-12	
155	7.015000e-09	6.932106e-01	3.744322e-01	-5.67799e-12	
156	7.035000e-09	6.182696e-01	3.744370e-01	-5.62997e-12	
157	7.067500e-09	4.964905e-01	3.744447e-01	-5.55282e-12	
158	7.100000e-09	3.747114e-01	3.744523e-01	-5.47675e-12	
159	7.105000e-09	3.747118e-01	3.744535e-01	-5.46519e-12	
160	7.115000e-09	3.747119e-01	3.744558e-01	-5.44210e-12	
161	7.135000e-09	3.747118e-01	3.744604e-01	-5.39621e-12	
162	7.175000e-09	3.747119e-01	3.744694e-01	-5.30560e-12	
163	7.225000e-09	3.747118e-01	3.744806e-01	-5.19446e-12	
164	7.275000e-09	3.747119e-01	3.744914e-01	-5.08566e-12	
165	7.325000e-09	3.747118e-01	3.745021e-01	-4.97913e-12	
166	7.375000e-09	3.747119e-01	3.745125e-01	-4.87484e-12	
167	7.425000e-09	3.747118e-01	3.745227e-01	-4.77273e-12	
168	7.475000e-09	3.747119e-01	3.745327e-01	-4.67276e-12	
169	7.525000e-09	3.747118e-01	3.745425e-01	-4.57488e-12	
170	7.575000e-09	3.747119e-01	3.745521e-01	-4.47905e-12	

Index   time            v(cell)         v(bl)           vpre#branch     
--------------------------------------------------------------------------------
171	7.625000e-09	3.747118e-01	3.745615e-01	-4.38523e-12	
172	7.675000e-09	3.747119e-01	3.745707e-01	-4.29338e-12	
173	7.725000e-09	3.747118e-01	3.745797e-01	-4.20345e-12	
174	7.775000e-09	3.747119e-01	3.745885e-01	-4.11540e-12	
175	7.825000e-09	3.747118e-01	3.745971e-01	-4.02920e-12	
176	7.875000e-09	3.747119e-01	3.746055e-01	-3.94481e-12	
177	7.925000e-09	3.747118e-01	3.746138e-01	-3.86218e-12	
178	7.975000e-09	3.747119e-01	3.746219e-01	-3.78128e-12	
179	8.025000e-09	3.747118e-01	3.746298e-01	-3.70208e-12	
180	8.075000e-09	3.747119e-01	3.746375e-01	-3.62453e-12	
181	8.125000e-09	3.747118e-01	3.746451e-01	-3.54861e-12	
182	8.175000e-09	3.747119e-01	3.746526e-01	-3.47428e-12	
183	8.225000e-09	3.747118e-01	3.746598e-01	-3.40151e-12	
184	8.275000e-09	3.747119e-01	3.746670e-01	-3.33026e-12	
185	8.325000e-09	3.747118e-01	3.746739e-01	-3.26051e-12	
186	8.375000e-09	3.747119e-01	3.746808e-01	-3.19221e-12	
187	8.425000e-09	3.747118e-01	3.746875e-01	-3.12535e-12	
188	8.475000e-09	3.747119e-01	3.746940e-01	-3.05989e-12	
189	8.525000e-09	3.747118e-01	3.747004e-01	-2.99579e-12	
190	8.575000e-09	3.747119e-01	3.747067e-01	-2.93304e-12	
191	8.625000e-09	3.747118e-01	3.747128e-01	-2.87161e-12	
192	8.675000e-09	3.747119e-01	3.747189e-01	-2.81146e-12	
193	8.725000e-09	3.747118e-01	3.747247e-01	-2.75257e-12	
194	8.775000e-09	3.747119e-01	3.747305e-01	-2.69492e-12	
195	8.825000e-09	3.747118e-01	3.747362e-01	-2.63847e-12	
196	8.875000e-09	3.747119e-01	3.747417e-01	-2.58321e-12	
197	8.925000e-09	3.747118e-01	3.747471e-01	-2.52910e-12	
198	8.975000e-09	3.747119e-01	3.747524e-01	-2.47612e-12	
199	9.025000e-09	3.747118e-01	3.747576e-01	-2.42426e-12	
200	9.075000e-09	3.747119e-01	3.747627e-01	-2.37348e-12	
201	9.125000e-09	3.747118e-01	3.747676e-01	-2.32377e-12	
202	9.175000e-09	3.747119e-01	3.747725e-01	-2.27510e-12	
203	9.225000e-09	3.747118e-01	3.747773e-01	-2.22744e-12	
204	9.275000e-09	3.747119e-01	3.747819e-01	-2.18079e-12	
205	9.325000e-09	3.747118e-01	3.747865e-01	-2.13511e-12	
206	9.375000e-09	3.747119e-01	3.747910e-01	-2.09039e-12	
207	9.425000e-09	3.747118e-01	3.747953e-01	-2.04661e-12	
208	9.475000e-09	3.747119e-01	3.747996e-01	-2.00374e-12	
209	9.525000e-09	3.747118e-01	3.748038e-01	-1.96177e-12	
210	9.575000e-09	3.747119e-01	3.748079e-01	-1.92068e-12	
211	9.625000e-09	3.747118e-01	3.748120e-01	-1.88045e-12	
212	9.675000e-09	3.747119e-01	3.748159e-01	-1.84107e-12	
213	9.725000e-09	3.747118e-01	3.748197e-01	-1.80250e-12	
214	9.775000e-09	3.747119e-01	3.748235e-01	-1.76475e-12	
215	9.825000e-09	3.747118e-01	3.748272e-01	-1.72779e-12	
216	9.875000e-09	3.747119e-01	3.748308e-01	-1.69160e-12	
217	9.925000e-09	3.747118e-01	3.748344e-01	-1.65617e-12	
218	9.975000e-09	3.747119e-01	3.748379e-01	-1.62148e-12	
219	1.002500e-08	3.747118e-01	3.748412e-01	-1.58752e-12	
220	1.007500e-08	3.747119e-01	3.748446e-01	-1.55427e-12	
221	1.012500e-08	3.747118e-01	3.748478e-01	-1.52171e-12	
222	1.017500e-08	3.747119e-01	3.748510e-01	-1.48984e-12	
223	1.022500e-08	3.747118e-01	3.748541e-01	-1.45864e-12	
224	1.027500e-08	3.747119e-01	3.748572e-01	-1.42809e-12	
225	1.032500e-08	3.747118e-01	3.748602e-01	-1.39818e-12	
226	1.037500e-08	3.747119e-01	3.748631e-01	-1.36889e-12	
227	1.042500e-08	3.747118e-01	3.748660e-01	-1.34022e-12	
228	1.047500e-08	3.747119e-01	3.748688e-01	-1.31215e-12	

Index   time            v(cell)         v(bl)           vpre#branch     
--------------------------------------------------------------------------------
229	1.052500e-08	3.747118e-01	3.748715e-01	-1.28467e-12	
230	1.057500e-08	3.747119e-01	3.748742e-01	-1.25776e-12	
231	1.062500e-08	3.747118e-01	3.748769e-01	-1.23142e-12	
232	1.067500e-08	3.747119e-01	3.748794e-01	-1.20563e-12	
233	1.072500e-08	3.747118e-01	3.748820e-01	-1.18038e-12	
234	1.077500e-08	3.747119e-01	3.748844e-01	-1.15566e-12	
235	1.082500e-08	3.747118e-01	3.748869e-01	-1.13145e-12	
236	1.087500e-08	3.747119e-01	3.748892e-01	-1.10775e-12	
237	1.092500e-08	3.747118e-01	3.748915e-01	-1.08455e-12	
238	1.096250e-08	3.747119e-01	3.748933e-01	-1.06747e-12	
239	1.100000e-08	3.747118e-01	3.748949e-01	-1.05066e-12	
240	1.100500e-08	3.747147e-01	3.786370e-01	3.636976e-11	
241	1.101500e-08	3.747206e-01	3.861053e-01	1.110525e-10	
242	1.103500e-08	3.747324e-01	4.009473e-01	2.594734e-10	
243	1.107500e-08	3.747560e-01	4.302577e-01	5.525766e-10	
244	1.112500e-08	3.747855e-01	4.662048e-01	9.120480e-10	
245	1.117500e-08	3.748150e-01	5.013987e-01	1.263987e-09	
246	1.122500e-08	3.748445e-01	5.358548e-01	1.608548e-09	
247	1.127500e-08	3.748740e-01	5.695875e-01	1.945875e-09	
248	1.132500e-08	3.749035e-01	6.026090e-01	2.276090e-09	
249	1.137500e-08	3.749330e-01	6.349270e-01	2.599270e-09	
250	1.142500e-08	3.749626e-01	6.665373e-01	2.915373e-09	
251	1.147500e-08	3.749922e-01	6.973786e-01	3.223786e-09	
252	1.152500e-08	3.750221e-01	7.272987e-01	3.522987e-09	
253	1.157500e-08	3.750526e-01	7.559141e-01	3.809141e-09	
254	1.162500e-08	3.750847e-01	7.821994e-01	4.071994e-09	
255	1.167500e-08	3.751206e-01	8.035589e-01	4.285589e-09	
256	1.172500e-08	3.751662e-01	8.136450e-01	4.386450e-09	
257	1.177500e-08	3.752345e-01	7.979832e-01	4.229832e-09	
258	1.182500e-08	3.753507e-01	7.280192e-01	3.530192e-09	
259	1.187500e-08	3.755499e-01	5.639666e-01	1.889666e-09	
260	1.192500e-08	3.757737e-01	3.922941e-01	1.729412e-10	
261	1.196250e-08	3.758680e-01	3.757582e-01	7.581675e-12	
262	1.200000e-08	3.759390e-01	3.809454e-01	5.945380e-11	
263	1.200500e-08	3.759439e-01	3.779140e-01	2.914044e-11	
264	1.201500e-08	3.759477e-01	3.755297e-01	5.296969e-12	
265	1.203500e-08	3.759467e-01	3.761590e-01	1.158981e-11	
266	1.207500e-08	3.759473e-01	3.757903e-01	7.902914e-12	
267	1.212500e-08	3.759468e-01	3.760656e-01	1.065618e-11	
268	1.217500e-08	3.759471e-01	3.758535e-01	8.534796e-12	
269	1.222500e-08	3.759468e-01	3.760173e-01	1.017298e-11	
270	1.227500e-08	3.759470e-01	3.758910e-01	8.910059e-12	
271	1.232500e-08	3.759469e-01	3.759884e-01	9.884413e-12	
272	1.237500e-08	3.759470e-01	3.759133e-01	9.133255e-12	
273	1.242500e-08	3.759469e-01	3.759712e-01	9.712158e-12	
274	1.247500e-08	3.759469e-01	3.759266e-01	9.266014e-12	
275	1.252500e-08	3.759468e-01	3.759609e-01	9.609338e-12	
276	1.257500e-08	3.759469e-01	3.759345e-01	9.344943e-12	
277	1.262500e-08	3.759468e-01	3.759548e-01	9.547937e-12	
278	1.267500e-08	3.759468e-01	3.759392e-01	9.391816e-12	
279	1.272500e-08	3.759468e-01	3.759511e-01	9.511236e-12	
280	1.277500e-08	3.759468e-01	3.759420e-01	9.419594e-12	
281	1.282500e-08	3.759468e-01	3.759489e-01	9.489258e-12	
282	1.287500e-08	3.759468e-01	3.759436e-01	9.435995e-12	
283	1.292500e-08	3.759467e-01	3.759476e-01	9.476056e-12	
284	1.297500e-08	3.759467e-01	3.759446e-01	9.445618e-12	
285	1.302500e-08	3.759467e-01	3.759468e-01	9.468085e-12	
286	1.307500e-08	3.759467e-01	3.759451e-01	9.451203e-12	

Index   time            v(cell)         v(bl)           vpre#branch     
--------------------------------------------------------------------------------
287	1.312500e-08	3.759467e-01	3.759463e-01	9.463230e-12	
288	1.317500e-08	3.759467e-01	3.759454e-01	9.454383e-12	
289	1.322500e-08	3.759466e-01	3.759460e-01	9.460231e-12	
290	1.327500e-08	3.759466e-01	3.759456e-01	9.456129e-12	
291	1.332500e-08	3.759466e-01	3.759458e-01	9.458339e-12	
292	1.337500e-08	3.759466e-01	3.759457e-01	9.457022e-12	
293	1.342500e-08	3.759466e-01	3.759457e-01	9.457104e-12	
294	1.347500e-08	3.759466e-01	3.759457e-01	9.457407e-12	
295	1.352500e-08	3.759465e-01	3.759456e-01	9.456261e-12	
296	1.357500e-08	3.759465e-01	3.759457e-01	9.457490e-12	
297	1.362500e-08	3.759465e-01	3.759456e-01	9.455651e-12	
298	1.367500e-08	3.759465e-01	3.759457e-01	9.457394e-12	
299	1.372500e-08	3.759465e-01	3.759455e-01	9.455179e-12	
300	1.377500e-08	3.759465e-01	3.759457e-01	9.457192e-12	
301	1.382500e-08	3.759465e-01	3.759455e-01	9.454789e-12	
302	1.387500e-08	3.759464e-01	3.759457e-01	9.456927e-12	
303	1.392500e-08	3.759464e-01	3.759454e-01	9.454447e-12	
304	1.397500e-08	3.759464e-01	3.759457e-01	9.456625e-12	
305	1.402500e-08	3.759464e-01	3.759454e-01	9.454133e-12	
306	1.407500e-08	3.759464e-01	3.759456e-01	9.456303e-12	
307	1.412500e-08	3.759464e-01	3.759454e-01	9.453835e-12	
308	1.417500e-08	3.759463e-01	3.759456e-01	9.455967e-12	
309	1.422500e-08	3.759463e-01	3.759454e-01	9.453546e-12	
310	1.427500e-08	3.759463e-01	3.759456e-01	9.455626e-12	
311	1.432500e-08	3.759463e-01	3.759453e-01	9.453262e-12	
312	1.437500e-08	3.759463e-01	3.759455e-01	9.455280e-12	
313	1.442500e-08	3.759463e-01	3.759453e-01	9.452980e-12	
314	1.447500e-08	3.759462e-01	3.759455e-01	9.454933e-12	
315	1.452500e-08	3.759462e-01	3.759453e-01	9.452699e-12	
316	1.457500e-08	3.759462e-01	3.759455e-01	9.454586e-12	
317	1.462500e-08	3.759462e-01	3.759452e-01	9.452419e-12	
318	1.467500e-08	3.759462e-01	3.759454e-01	9.454239e-12	
319	1.472500e-08	3.759462e-01	3.759452e-01	9.452138e-12	
320	1.477500e-08	3.759462e-01	3.759454e-01	9.453893e-12	
321	1.482500e-08	3.759461e-01	3.759452e-01	9.451856e-12	
322	1.487500e-08	3.759461e-01	3.759454e-01	9.453547e-12	
323	1.492500e-08	3.759461e-01	3.759452e-01	9.451574e-12	
324	1.497500e-08	3.759461e-01	3.759453e-01	9.453202e-12	
325	1.502500e-08	3.759461e-01	3.759451e-01	9.451290e-12	
326	1.507500e-08	3.759461e-01	3.759453e-01	9.452858e-12	
327	1.512500e-08	3.759460e-01	3.759451e-01	9.451006e-12	
328	1.517500e-08	3.759460e-01	3.759453e-01	9.452515e-12	
329	1.522500e-08	3.759460e-01	3.759451e-01	9.450720e-12	
330	1.527500e-08	3.759460e-01	3.759452e-01	9.452173e-12	
331	1.532500e-08	3.759460e-01	3.759450e-01	9.450434e-12	
332	1.537500e-08	3.759460e-01	3.759452e-01	9.451832e-12	
333	1.542500e-08	3.759459e-01	3.759450e-01	9.450147e-12	
334	1.547500e-08	3.759459e-01	3.759451e-01	9.451492e-12	
335	1.552500e-08	3.759459e-01	3.759450e-01	9.449859e-12	
336	1.557500e-08	3.759459e-01	3.759451e-01	9.451153e-12	
337	1.562500e-08	3.759459e-01	3.759450e-01	9.449570e-12	
338	1.567500e-08	3.759459e-01	3.759451e-01	9.450815e-12	
339	1.572500e-08	3.759459e-01	3.759449e-01	9.449280e-12	
340	1.577500e-08	3.759458e-01	3.759450e-01	9.450477e-12	
341	1.582500e-08	3.759458e-01	3.759449e-01	9.448990e-12	
342	1.587500e-08	3.759458e-01	3.759450e-01	9.450141e-12	
343	1.592500e-08	3.759458e-01	3.759449e-01	9.448699e-12	
344	1.597500e-08	3.759458e-01	3.759450e-01	9.449805e-12	

Index   time            v(cell)         v(bl)           vpre#branch     
--------------------------------------------------------------------------------
345	1.602500e-08	3.759458e-01	3.759448e-01	9.448407e-12	
346	1.607500e-08	3.759457e-01	3.759449e-01	9.449470e-12	
347	1.612500e-08	3.759457e-01	3.759448e-01	9.448114e-12	
348	1.617500e-08	3.759457e-01	3.759449e-01	9.449135e-12	
349	1.622500e-08	3.759457e-01	3.759448e-01	9.447820e-12	
350	1.627500e-08	3.759457e-01	3.759449e-01	9.448802e-12	
351	1.632500e-08	3.759457e-01	3.759448e-01	9.447526e-12	
352	1.637500e-08	3.759457e-01	3.759448e-01	9.448469e-12	
353	1.642500e-08	3.759456e-01	3.759447e-01	9.447231e-12	
354	1.647500e-08	3.759456e-01	3.759448e-01	9.448136e-12	
355	1.652500e-08	3.759456e-01	3.759447e-01	9.446936e-12	
356	1.657500e-08	3.759456e-01	3.759448e-01	9.447805e-12	
357	1.662500e-08	3.759456e-01	3.759447e-01	9.446640e-12	
358	1.667500e-08	3.759456e-01	3.759447e-01	9.447474e-12	
359	1.672500e-08	3.759455e-01	3.759446e-01	9.446343e-12	
360	1.677500e-08	3.759455e-01	3.759447e-01	9.447143e-12	
361	1.682500e-08	3.759455e-01	3.759446e-01	9.446046e-12	
362	1.687500e-08	3.759455e-01	3.759447e-01	9.446813e-12	
363	1.692500e-08	3.759455e-01	3.759446e-01	9.445748e-12	
364	1.697500e-08	3.759455e-01	3.759446e-01	9.446484e-12	
365	1.702500e-08	3.759454e-01	3.759445e-01	9.445450e-12	
366	1.707500e-08	3.759454e-01	3.759446e-01	9.446155e-12	
367	1.712500e-08	3.759454e-01	3.759445e-01	9.445151e-12	
368	1.717500e-08	3.759454e-01	3.759446e-01	9.445827e-12	
369	1.722500e-08	3.759454e-01	3.759445e-01	9.444851e-12	
370	1.727500e-08	3.759454e-01	3.759445e-01	9.445499e-12	
371	1.732500e-08	3.759454e-01	3.759445e-01	9.444552e-12	
372	1.737500e-08	3.759453e-01	3.759445e-01	9.445172e-12	
373	1.742500e-08	3.759453e-01	3.759444e-01	9.444251e-12	
374	1.747500e-08	3.759453e-01	3.759445e-01	9.444845e-12	
375	1.752500e-08	3.759453e-01	3.759444e-01	9.443951e-12	
376	1.757500e-08	3.759453e-01	3.759445e-01	9.444519e-12	
377	1.762500e-08	3.759453e-01	3.759444e-01	9.443649e-12	
378	1.767500e-08	3.759452e-01	3.759444e-01	9.444193e-12	
379	1.772500e-08	3.759452e-01	3.759443e-01	9.443348e-12	
380	1.777500e-08	3.759452e-01	3.759444e-01	9.443868e-12	
381	1.782500e-08	3.759452e-01	3.759443e-01	9.443046e-12	
382	1.787500e-08	3.759452e-01	3.759444e-01	9.443543e-12	
383	1.792500e-08	3.759452e-01	3.759443e-01	9.442744e-12	
384	1.797500e-08	3.759451e-01	3.759443e-01	9.443218e-12	
385	1.802500e-08	3.759451e-01	3.759442e-01	9.442441e-12	
386	1.807500e-08	3.759451e-01	3.759443e-01	9.442894e-12	
387	1.812500e-08	3.759451e-01	3.759442e-01	9.442138e-12	
388	1.817500e-08	3.759451e-01	3.759443e-01	9.442570e-12	
389	1.822500e-08	3.759451e-01	3.759442e-01	9.441834e-12	
390	1.827500e-08	3.759451e-01	3.759442e-01	9.442247e-12	
391	1.832500e-08	3.759450e-01	3.759442e-01	9.441531e-12	
392	1.837500e-08	3.759450e-01	3.759442e-01	9.441924e-12	
393	1.842500e-08	3.759450e-01	3.759441e-01	9.441227e-12	
394	1.847500e-08	3.759450e-01	3.759442e-01	9.441601e-12	
395	1.852500e-08	3.759450e-01	3.759441e-01	9.440922e-12	
396	1.857500e-08	3.759450e-01	3.759441e-01	9.441278e-12	
397	1.862500e-08	3.759449e-01	3.759441e-01	9.440618e-12	
398	1.867500e-08	3.759449e-01	3.759441e-01	9.440956e-12	
399	1.872500e-08	3.759449e-01	3.759440e-01	9.440313e-12	
400	1.877500e-08	3.759449e-01	3.759441e-01	9.440634e-12	
401	1.882500e-08	3.759449e-01	3.759440e-01	9.440007e-12	
402	1.887500e-08	3.759449e-01	3.759440e-01	9.440313e-12	

Index   time            v(cell)         v(bl)           vpre#branch     
--------------------------------------------------------------------------------
403	1.892500e-08	3.759448e-01	3.759440e-01	9.439702e-12	
404	1.897500e-08	3.759448e-01	3.759440e-01	9.439991e-12	
405	1.902500e-08	3.759448e-01	3.759439e-01	9.439396e-12	
406	1.907500e-08	3.759448e-01	3.759440e-01	9.439670e-12	
407	1.912500e-08	3.759448e-01	3.759439e-01	9.439090e-12	
408	1.917500e-08	3.759448e-01	3.759439e-01	9.439350e-12	
409	1.922500e-08	3.759448e-01	3.759439e-01	9.438784e-12	
410	1.927500e-08	3.759447e-01	3.759439e-01	9.439029e-12	
411	1.932500e-08	3.759447e-01	3.759438e-01	9.438477e-12	
412	1.937500e-08	3.759447e-01	3.759439e-01	9.438709e-12	
413	1.942500e-08	3.759447e-01	3.759438e-01	9.438170e-12	
414	1.947500e-08	3.759447e-01	3.759438e-01	9.438389e-12	
415	1.952500e-08	3.759447e-01	3.759438e-01	9.437863e-12	
416	1.957500e-08	3.759446e-01	3.759438e-01	9.438069e-12	
417	1.962500e-08	3.759446e-01	3.759438e-01	9.437556e-12	
418	1.967500e-08	3.759446e-01	3.759438e-01	9.437750e-12	
419	1.972500e-08	3.759446e-01	3.759437e-01	9.437249e-12	
420	1.977500e-08	3.759446e-01	3.759437e-01	9.437430e-12	
421	1.982500e-08	3.759446e-01	3.759437e-01	9.436941e-12	
422	1.987500e-08	3.759446e-01	3.759437e-01	9.437111e-12	
423	1.992500e-08	3.759445e-01	3.759437e-01	9.436634e-12	
424	1.997500e-08	3.759445e-01	3.759437e-01	9.436792e-12	
425	2.002500e-08	3.759445e-01	3.759436e-01	9.436326e-12	
426	2.007500e-08	3.759445e-01	3.759436e-01	9.436474e-12	
427	2.012500e-08	3.759445e-01	3.759436e-01	9.436017e-12	
428	2.017500e-08	3.759445e-01	3.759436e-01	9.436155e-12	
429	2.022500e-08	3.759444e-01	3.759436e-01	9.435709e-12	
430	2.027500e-08	3.759444e-01	3.759436e-01	9.435837e-12	
431	2.032500e-08	3.759444e-01	3.759435e-01	9.435401e-12	
432	2.037500e-08	3.759444e-01	3.759436e-01	9.435519e-12	
433	2.042500e-08	3.759444e-01	3.759435e-01	9.435092e-12	
434	2.047500e-08	3.759444e-01	3.759435e-01	9.435201e-12	
435	2.052500e-08	3.759443e-01	3.759435e-01	9.434783e-12	
436	2.057500e-08	3.759443e-01	3.759435e-01	9.434883e-12	
437	2.062500e-08	3.759443e-01	3.759434e-01	9.434475e-12	
438	2.067500e-08	3.759443e-01	3.759435e-01	9.434565e-12	
439	2.072500e-08	3.759443e-01	3.759434e-01	9.434166e-12	
440	2.077500e-08	3.759443e-01	3.759434e-01	9.434248e-12	
441	2.082500e-08	3.759443e-01	3.759434e-01	9.433856e-12	
442	2.087500e-08	3.759442e-01	3.759434e-01	9.433931e-12	
443	2.092500e-08	3.759442e-01	3.759434e-01	9.433547e-12	
444	2.097500e-08	3.759442e-01	3.759434e-01	9.433614e-12	
445	2.102500e-08	3.759442e-01	3.759433e-01	9.433238e-12	
446	2.107500e-08	3.759442e-01	3.759433e-01	9.433297e-12	
447	2.112500e-08	3.759442e-01	3.759433e-01	9.432928e-12	
448	2.117500e-08	3.759441e-01	3.759433e-01	9.432980e-12	
449	2.122500e-08	3.759441e-01	3.759433e-01	9.432618e-12	
450	2.127500e-08	3.759441e-01	3.759433e-01	9.432663e-12	
451	2.132500e-08	3.759441e-01	3.759432e-01	9.432309e-12	
452	2.137500e-08	3.759441e-01	3.759432e-01	9.432346e-12	
453	2.142500e-08	3.759441e-01	3.759432e-01	9.431999e-12	
454	2.147500e-08	3.759441e-01	3.759432e-01	9.432030e-12	
455	2.152500e-08	3.759440e-01	3.759432e-01	9.431689e-12	
456	2.157500e-08	3.759440e-01	3.759432e-01	9.431713e-12	
457	2.162500e-08	3.759440e-01	3.759431e-01	9.431379e-12	
458	2.167500e-08	3.759440e-01	3.759431e-01	9.431397e-12	
459	2.172500e-08	3.759440e-01	3.759431e-01	9.431069e-12	
460	2.177500e-08	3.759440e-01	3.759431e-01	9.431081e-12	

Index   time            v(cell)         v(bl)           vpre#branch     
--------------------------------------------------------------------------------
461	2.182500e-08	3.759439e-01	3.759431e-01	9.430758e-12	
462	2.187500e-08	3.759439e-01	3.759431e-01	9.430765e-12	
463	2.192500e-08	3.759439e-01	3.759430e-01	9.430448e-12	
464	2.196250e-08	3.759439e-01	3.759430e-01	9.430488e-12	
465	2.200000e-08	3.759439e-01	3.759430e-01	9.430217e-12	
466	2.200500e-08	3.759361e-01	3.741311e-01	-8.68947e-12	
467	2.201500e-08	3.759172e-01	3.725687e-01	-2.43132e-11	
468	2.203500e-08	3.758752e-01	3.725860e-01	-2.41401e-11	
469	2.207500e-08	3.757975e-01	3.713530e-01	-3.64696e-11	
470	2.212500e-08	3.757094e-01	3.696825e-01	-5.31750e-11	
471	2.217500e-08	3.756333e-01	3.661295e-01	-8.87055e-11	
472	2.222500e-08	3.755677e-01	3.602271e-01	-1.47729e-10	
473	2.227500e-08	3.755119e-01	3.497212e-01	-2.52788e-10	
474	2.232500e-08	3.754634e-01	3.339081e-01	-4.10919e-10	
475	2.237500e-08	3.754203e-01	3.133912e-01	-6.16088e-10	
476	2.242500e-08	3.753806e-01	2.894604e-01	-8.55396e-10	
477	2.247500e-08	3.753432e-01	2.634484e-01	-1.11552e-09	
478	2.252500e-08	3.753074e-01	2.362412e-01	-1.38759e-09	
479	2.257500e-08	3.752728e-01	2.081872e-01	-1.66813e-09	
480	2.262500e-08	3.752391e-01	1.796177e-01	-1.95382e-09	
481	2.267500e-08	3.752062e-01	1.507620e-01	-2.24238e-09	
482	2.272500e-08	3.751739e-01	1.217860e-01	-2.53214e-09	
483	2.277500e-08	3.751421e-01	9.278352e-02	-2.82216e-09	
484	2.282500e-08	3.751107e-01	6.385834e-02	-3.11142e-09	
485	2.287500e-08	3.750797e-01	3.512403e-02	-3.39876e-09	
486	2.292500e-08	3.750489e-01	6.662209e-03	-3.68338e-09	
487	2.296250e-08	3.750260e-01	-1.44842e-02	-3.89484e-09	
488	2.300000e-08	3.750032e-01	-3.54532e-02	-4.10453e-09	
489	2.300500e-08	3.750030e-01	-3.44888e-02	-4.09489e-09	
490	2.301500e-08	3.750029e-01	-3.25687e-02	-4.07569e-09	
491	2.303500e-08	3.750026e-01	-2.87800e-02	-4.03780e-09	
492	2.307500e-08	3.750021e-01	-2.13875e-02	-3.96387e-09	
493	2.312500e-08	3.750016e-01	-1.24590e-02	-3.87459e-09	
494	2.317500e-08	3.750012e-01	-3.84173e-03	-3.78842e-09	
495	2.322500e-08	3.750008e-01	4.498446e-03	-3.70502e-09	
496	2.327500e-08	3.750006e-01	1.258807e-02	-3.62412e-09	
497	2.332500e-08	3.750004e-01	2.044820e-02	-3.54552e-09	
498	2.337500e-08	3.750002e-01	2.809582e-02	-3.46904e-09	
499	2.342500e-08	3.750000e-01	3.554279e-02	-3.39457e-09	
500	2.347500e-08	3.749999e-01	4.280117e-02	-3.32199e-09	
501	2.352500e-08	3.749998e-01	4.988309e-02	-3.25117e-09	
502	2.357500e-08	3.749997e-01	5.679670e-02	-3.18203e-09	
503	2.362500e-08	3.749996e-01	6.354910e-02	-3.11451e-09	
504	2.367500e-08	3.749996e-01	7.014654e-02	-3.04853e-09	
505	2.372500e-08	3.749995e-01	7.659460e-02	-2.98405e-09	
506	2.377500e-08	3.749995e-01	8.289829e-02	-2.92102e-09	
507	2.382500e-08	3.749994e-01	8.906217e-02	-2.85938e-09	
508	2.387500e-08	3.749994e-01	9.509045e-02	-2.79910e-09	
509	2.392500e-08	3.749994e-01	1.009870e-01	-2.74013e-09	
510	2.397500e-08	3.749994e-01	1.067554e-01	-2.68245e-09	
511	2.402500e-08	3.749993e-01	1.123991e-01	-2.62601e-09	
512	2.407500e-08	3.749993e-01	1.179213e-01	-2.57079e-09	
513	2.412500e-08	3.749993e-01	1.233250e-01	-2.51675e-09	
514	2.417500e-08	3.749993e-01	1.286131e-01	-2.46387e-09	
515	2.422500e-08	3.749993e-01	1.337884e-01	-2.41212e-09	
516	2.427500e-08	3.749993e-01	1.388535e-01	-2.36147e-09	
517	2.432500e-08	3.749993e-01	1.438110e-01	-2.31189e-09	
518	2.437500e-08	3.749993e-01	1.486633e-01	-2.26337e-09	

Index   time            v(cell)         v(bl)           vpre#branch     
--------------------------------------------------------------------------------
519	2.442500e-08	3.749993e-01	1.534129e-01	-2.21587e-09	
520	2.447500e-08	3.749992e-01	1.580620e-01	-2.16938e-09	
521	2.452500e-08	3.749992e-01	1.626129e-01	-2.12387e-09	
522	2.457500e-08	3.749992e-01	1.670677e-01	-2.07932e-09	
523	2.462500e-08	3.749992e-01	1.714285e-01	-2.03572e-09	
524	2.467500e-08	3.749992e-01	1.756974e-01	-1.99303e-09	
525	2.472500e-08	3.749992e-01	1.798764e-01	-1.95124e-09	
526	2.477500e-08	3.749992e-01	1.839674e-01	-1.91033e-09	
527	2.482500e-08	3.749992e-01	1.879723e-01	-1.87028e-09	
528	2.487500e-08	3.749992e-01	1.918930e-01	-1.83107e-09	
529	2.492500e-08	3.749992e-01	1.957313e-01	-1.79269e-09	
530	2.497500e-08	3.749992e-01	1.994889e-01	-1.75511e-09	
531	2.502500e-08	3.749992e-01	2.031675e-01	-1.71832e-09	
532	2.507500e-08	3.749992e-01	2.067689e-01	-1.68231e-09	
533	2.512500e-08	3.749992e-01	2.102947e-01	-1.64705e-09	
534	2.517500e-08	3.749992e-01	2.137464e-01	-1.61254e-09	
535	2.522500e-08	3.749992e-01	2.171257e-01	-1.57874e-09	
536	2.527500e-08	3.749992e-01	2.204340e-01	-1.54566e-09	
537	2.532500e-08	3.749992e-01	2.236730e-01	-1.51327e-09	
538	2.537500e-08	3.749992e-01	2.268439e-01	-1.48156e-09	
539	2.542500e-08	3.749992e-01	2.299484e-01	-1.45052e-09	
540	2.547500e-08	3.749992e-01	2.329877e-01	-1.42012e-09	
541	2.552500e-08	3.749992e-01	2.359633e-01	-1.39037e-09	
542	2.557500e-08	3.749992e-01	2.388765e-01	-1.36123e-09	
543	2.562500e-08	3.749992e-01	2.417286e-01	-1.33271e-09	
544	2.567500e-08	3.749992e-01	2.445209e-01	-1.30479e-09	
545	2.572500e-08	3.749992e-01	2.472547e-01	-1.27745e-09	
546	2.577500e-08	3.749992e-01	2.499311e-01	-1.25069e-09	
547	2.582500e-08	3.749992e-01	2.525515e-01	-1.22449e-09	
548	2.587500e-08	3.749992e-01	2.551169e-01	-1.19883e-09	
549	2.592500e-08	3.749992e-01	2.576285e-01	-1.17371e-09	
550	2.597500e-08	3.749992e-01	2.600875e-01	-1.14912e-09	
551	2.602500e-08	3.749992e-01	2.624950e-01	-1.12505e-09	
552	2.607500e-08	3.749992e-01	2.648519e-01	-1.10148e-09	
553	2.612500e-08	3.749992e-01	2.671595e-01	-1.07840e-09	
554	2.617500e-08	3.749992e-01	2.694188e-01	-1.05581e-09	
555	2.622500e-08	3.749992e-01	2.716307e-01	-1.03369e-09	
556	2.627500e-08	3.749992e-01	2.737962e-01	-1.01204e-09	
557	2.632500e-08	3.749992e-01	2.759163e-01	-9.90837e-10	
558	2.637500e-08	3.749992e-01	2.779921e-01	-9.70079e-10	
559	2.642500e-08	3.749992e-01	2.800243e-01	-9.49757e-10	
560	2.647500e-08	3.749992e-01	2.820140e-01	-9.29860e-10	
561	2.652500e-08	3.749992e-01	2.839619e-01	-9.10381e-10	
562	2.657500e-08	3.749992e-01	2.858691e-01	-8.91309e-10	
563	2.662500e-08	3.749992e-01	2.877362e-01	-8.72638e-10	
564	2.667500e-08	3.749992e-01	2.895643e-01	-8.54357e-10	
565	2.672500e-08	3.749992e-01	2.913541e-01	-8.36459e-10	
566	2.677500e-08	3.749992e-01	2.931063e-01	-8.18937e-10	
567	2.682500e-08	3.749992e-01	2.948219e-01	-8.01781e-10	
568	2.687500e-08	3.749992e-01	2.965015e-01	-7.84985e-10	
569	2.692500e-08	3.749992e-01	2.981459e-01	-7.68541e-10	
570	2.697500e-08	3.749992e-01	2.997558e-01	-7.52442e-10	
571	2.702500e-08	3.749992e-01	3.013321e-01	-7.36679e-10	
572	2.707500e-08	3.749992e-01	3.028753e-01	-7.21247e-10	
573	2.712500e-08	3.749992e-01	3.043861e-01	-7.06139e-10	
574	2.717500e-08	3.749992e-01	3.058654e-01	-6.91346e-10	
575	2.722500e-08	3.749992e-01	3.073136e-01	-6.76864e-10	
576	2.727500e-08	3.749992e-01	3.087315e-01	-6.62685e-10	

Index   time            v(cell)         v(bl)           vpre#branch     
--------------------------------------------------------------------------------
577	2.732500e-08	3.749992e-01	3.101197e-01	-6.48803e-10	
578	2.737500e-08	3.749992e-01	3.114788e-01	-6.35212e-10	
579	2.742500e-08	3.749992e-01	3.128094e-01	-6.21906e-10	
580	2.747500e-08	3.749992e-01	3.141122e-01	-6.08878e-10	
581	2.752500e-08	3.749992e-01	3.153877e-01	-5.96123e-10	
582	2.757500e-08	3.749992e-01	3.166364e-01	-5.83636e-10	
583	2.762500e-08	3.749992e-01	3.178590e-01	-5.71410e-10	
584	2.767500e-08	3.749992e-01	3.190560e-01	-5.59440e-10	
585	2.772500e-08	3.749992e-01	3.202279e-01	-5.47721e-10	
586	2.777500e-08	3.749992e-01	3.213752e-01	-5.36248e-10	
587	2.782500e-08	3.749992e-01	3.224985e-01	-5.25015e-10	
588	2.787500e-08	3.749992e-01	3.235983e-01	-5.14017e-10	
589	2.792500e-08	3.749992e-01	3.246750e-01	-5.03250e-10	
590	2.797500e-08	3.749992e-01	3.257292e-01	-4.92708e-10	
591	2.802500e-08	3.749992e-01	3.267613e-01	-4.82387e-10	
592	2.807500e-08	3.749992e-01	3.277718e-01	-4.72282e-10	
593	2.812500e-08	3.749992e-01	3.287611e-01	-4.62389e-10	
594	2.817500e-08	3.749992e-01	3.297297e-01	-4.52703e-10	
595	2.822500e-08	3.749992e-01	3.306780e-01	-4.43220e-10	
596	2.827500e-08	3.749992e-01	3.316065e-01	-4.33935e-10	
597	2.832500e-08	3.749992e-01	3.325154e-01	-4.24846e-10	
598	2.837500e-08	3.749992e-01	3.334054e-01	-4.15946e-10	
599	2.842500e-08	3.749992e-01	3.342767e-01	-4.07233e-10	
600	2.847500e-08	3.749992e-01	3.351297e-01	-3.98703e-10	
601	2.852500e-08	3.749992e-01	3.359649e-01	-3.90351e-10	
602	2.857500e-08	3.749992e-01	3.367826e-01	-3.82174e-10	
603	2.862500e-08	3.749992e-01	3.375832e-01	-3.74168e-10	
604	2.867500e-08	3.749992e-01	3.383669e-01	-3.66331e-10	
605	2.872500e-08	3.749992e-01	3.391343e-01	-3.58657e-10	
606	2.877500e-08	3.749992e-01	3.398856e-01	-3.51144e-10	
607	2.882500e-08	3.749992e-01	3.406212e-01	-3.43788e-10	
608	2.887500e-08	3.749992e-01	3.413413e-01	-3.36587e-10	
609	2.892500e-08	3.749992e-01	3.420464e-01	-3.29536e-10	
610	2.897500e-08	3.749992e-01	3.427367e-01	-3.22633e-10	
611	2.902500e-08	3.749992e-01	3.434125e-01	-3.15875e-10	
612	2.907500e-08	3.749992e-01	3.440742e-01	-3.09258e-10	
613	2.912500e-08	3.749992e-01	3.447220e-01	-3.02780e-10	
614	2.917500e-08	3.749992e-01	3.453562e-01	-2.96438e-10	
615	2.922500e-08	3.749992e-01	3.459772e-01	-2.90228e-10	
616	2.927500e-08	3.749992e-01	3.465851e-01	-2.84149e-10	
617	2.932500e-08	3.749992e-01	3.471803e-01	-2.78197e-10	
618	2.937500e-08	3.749992e-01	3.477631e-01	-2.72369e-10	
619	2.942500e-08	3.749992e-01	3.483336e-01	-2.66664e-10	
620	2.947500e-08	3.749992e-01	3.488922e-01	-2.61078e-10	
621	2.952500e-08	3.749992e-01	3.494391e-01	-2.55609e-10	
622	2.957500e-08	3.749992e-01	3.499745e-01	-2.50255e-10	
623	2.962500e-08	3.749992e-01	3.504987e-01	-2.45013e-10	
624	2.967500e-08	3.749992e-01	3.510120e-01	-2.39880e-10	
625	2.972500e-08	3.749992e-01	3.515145e-01	-2.34855e-10	
626	2.977500e-08	3.749992e-01	3.520064e-01	-2.29936e-10	
627	2.982500e-08	3.749992e-01	3.524881e-01	-2.25119e-10	
628	2.987500e-08	3.749992e-01	3.529596e-01	-2.20404e-10	
629	2.992500e-08	3.749992e-01	3.534213e-01	-2.15787e-10	
630	2.997500e-08	3.749992e-01	3.538733e-01	-2.11267e-10	
631	3.002500e-08	3.749992e-01	3.543159e-01	-2.06841e-10	
632	3.007500e-08	3.749992e-01	3.547492e-01	-2.02508e-10	
633	3.012500e-08	3.749992e-01	3.551734e-01	-1.98266e-10	
634	3.017500e-08	3.749992e-01	3.555887e-01	-1.94113e-10	

Index   time            v(cell)         v(bl)           vpre#branch     
--------------------------------------------------------------------------------
635	3.022500e-08	3.749992e-01	3.559953e-01	-1.90047e-10	
636	3.027500e-08	3.749992e-01	3.563934e-01	-1.86066e-10	
637	3.032500e-08	3.749992e-01	3.567831e-01	-1.82169e-10	
638	3.037500e-08	3.749992e-01	3.571647e-01	-1.78353e-10	
639	3.042500e-08	3.749992e-01	3.575383e-01	-1.74617e-10	
640	3.047500e-08	3.749992e-01	3.579041e-01	-1.70959e-10	
641	3.052500e-08	3.749992e-01	3.582622e-01	-1.67378e-10	
642	3.057500e-08	3.749992e-01	3.586128e-01	-1.63872e-10	
643	3.062500e-08	3.749992e-01	3.589561e-01	-1.60439e-10	
644	3.067500e-08	3.749992e-01	3.592922e-01	-1.57078e-10	
645	3.072500e-08	3.749992e-01	3.596212e-01	-1.53788e-10	
646	3.077500e-08	3.749992e-01	3.599433e-01	-1.50567e-10	
647	3.082500e-08	3.749992e-01	3.602587e-01	-1.47413e-10	
648	3.087500e-08	3.749992e-01	3.605675e-01	-1.44325e-10	
649	3.092500e-08	3.749992e-01	3.608698e-01	-1.41302e-10	
650	3.097500e-08	3.749992e-01	3.611658e-01	-1.38342e-10	
651	3.102500e-08	3.749992e-01	3.614556e-01	-1.35444e-10	
652	3.107500e-08	3.749992e-01	3.617393e-01	-1.32607e-10	
653	3.112500e-08	3.749992e-01	3.620171e-01	-1.29829e-10	
654	3.117500e-08	3.749992e-01	3.622891e-01	-1.27109e-10	
655	3.122500e-08	3.749992e-01	3.625553e-01	-1.24447e-10	
656	3.127500e-08	3.749992e-01	3.628160e-01	-1.21840e-10	
657	3.132500e-08	3.749992e-01	3.630712e-01	-1.19288e-10	
658	3.137500e-08	3.749992e-01	3.633211e-01	-1.16789e-10	
659	3.142500e-08	3.749992e-01	3.635657e-01	-1.14343e-10	
660	3.147500e-08	3.749992e-01	3.638053e-01	-1.11947e-10	
661	3.152500e-08	3.749992e-01	3.640398e-01	-1.09602e-10	
662	3.157500e-08	3.749992e-01	3.642693e-01	-1.07307e-10	
663	3.162500e-08	3.749992e-01	3.644941e-01	-1.05059e-10	
664	3.167500e-08	3.749992e-01	3.647142e-01	-1.02858e-10	
665	3.172500e-08	3.749992e-01	3.649296e-01	-1.00704e-10	
666	3.177500e-08	3.749992e-01	3.651406e-01	-9.85941e-11	
667	3.182500e-08	3.749992e-01	3.653471e-01	-9.65289e-11	
668	3.187500e-08	3.749992e-01	3.655493e-01	-9.45068e-11	
669	3.192500e-08	3.749992e-01	3.657473e-01	-9.25272e-11	
670	3.197500e-08	3.749992e-01	3.659411e-01	-9.05890e-11	
671	3.202500e-08	3.749992e-01	3.661309e-01	-8.86914e-11	
672	3.207500e-08	3.749992e-01	3.663166e-01	-8.68336e-11	
673	3.212500e-08	3.749992e-01	3.664985e-01	-8.50147e-11	
674	3.217500e-08	3.749992e-01	3.666766e-01	-8.32339e-11	
675	3.222500e-08	3.749992e-01	3.668510e-01	-8.14904e-11	
676	3.227500e-08	3.749992e-01	3.670217e-01	-7.97834e-11	
677	3.232500e-08	3.749992e-01	3.671888e-01	-7.81121e-11	
678	3.237500e-08	3.749992e-01	3.673524e-01	-7.64759e-11	
679	3.242500e-08	3.749992e-01	3.675126e-01	-7.48740e-11	
680	3.247500e-08	3.749992e-01	3.676694e-01	-7.33056e-11	
681	3.252500e-08	3.749992e-01	3.678230e-01	-7.17700e-11	
682	3.257500e-08	3.749992e-01	3.679733e-01	-7.02667e-11	
683	3.262500e-08	3.749992e-01	3.681205e-01	-6.87948e-11	
684	3.267500e-08	3.749992e-01	3.682646e-01	-6.73537e-11	
685	3.272500e-08	3.749992e-01	3.684057e-01	-6.59429e-11	
686	3.277500e-08	3.749992e-01	3.685438e-01	-6.45615e-11	
687	3.282500e-08	3.749992e-01	3.686791e-01	-6.32092e-11	
688	3.287500e-08	3.749992e-01	3.688115e-01	-6.18851e-11	
689	3.292500e-08	3.749992e-01	3.689411e-01	-6.05888e-11	
690	3.297500e-08	3.749992e-01	3.690680e-01	-5.93196e-11	
691	3.302500e-08	3.749992e-01	3.691923e-01	-5.80771e-11	
692	3.307500e-08	3.749992e-01	3.693139e-01	-5.68605e-11	

Index   time            v(cell)         v(bl)           vpre#branch     
--------------------------------------------------------------------------------
693	3.312500e-08	3.749992e-01	3.694331e-01	-5.56695e-11	
694	3.317500e-08	3.749992e-01	3.695497e-01	-5.45033e-11	
695	3.322500e-08	3.749992e-01	3.696638e-01	-5.33617e-11	
696	3.327500e-08	3.749992e-01	3.697756e-01	-5.22439e-11	
697	3.332500e-08	3.749992e-01	3.698850e-01	-5.11495e-11	
698	3.337500e-08	3.749992e-01	3.699922e-01	-5.00781e-11	
699	3.342500e-08	3.749992e-01	3.700971e-01	-4.90291e-11	
700	3.347500e-08	3.749992e-01	3.701998e-01	-4.80021e-11	
701	3.352500e-08	3.749992e-01	3.703003e-01	-4.69966e-11	
702	3.357500e-08	3.749992e-01	3.703988e-01	-4.60121e-11	
703	3.362500e-08	3.749992e-01	3.704952e-01	-4.50483e-11	
704	3.367500e-08	3.749992e-01	3.705895e-01	-4.41047e-11	
705	3.372500e-08	3.749992e-01	3.706819e-01	-4.31808e-11	
706	3.377500e-08	3.749992e-01	3.707724e-01	-4.22763e-11	
707	3.382500e-08	3.749992e-01	3.708609e-01	-4.13908e-11	
708	3.387500e-08	3.749992e-01	3.709476e-01	-4.05237e-11	
709	3.392500e-08	3.749992e-01	3.710325e-01	-3.96749e-11	
710	3.397500e-08	3.749992e-01	3.711156e-01	-3.88438e-11	
711	3.402500e-08	3.749992e-01	3.711970e-01	-3.80301e-11	
712	3.407500e-08	3.749992e-01	3.712766e-01	-3.72335e-11	
713	3.412500e-08	3.749992e-01	3.713546e-01	-3.64536e-11	
714	3.417500e-08	3.749992e-01	3.714310e-01	-3.56900e-11	
715	3.422500e-08	3.749992e-01	3.715058e-01	-3.49424e-11	
716	3.427500e-08	3.749992e-01	3.715790e-01	-3.42105e-11	
717	3.432500e-08	3.749992e-01	3.716506e-01	-3.34938e-11	
718	3.437500e-08	3.749992e-01	3.717208e-01	-3.27922e-11	
719	3.442500e-08	3.749992e-01	3.717895e-01	-3.21053e-11	
720	3.447500e-08	3.749992e-01	3.718567e-01	-3.14328e-11	
721	3.452500e-08	3.749992e-01	3.719226e-01	-3.07744e-11	
722	3.457500e-08	3.749992e-01	3.719870e-01	-3.01298e-11	
723	3.462500e-08	3.749992e-01	3.720501e-01	-2.94986e-11	
724	3.467500e-08	3.749992e-01	3.721119e-01	-2.88807e-11	
725	3.472500e-08	3.749992e-01	3.721724e-01	-2.82758e-11	
726	3.477500e-08	3.749992e-01	3.722317e-01	-2.76835e-11	
727	3.482500e-08	3.749992e-01	3.722896e-01	-2.71036e-11	
728	3.487500e-08	3.749992e-01	3.723464e-01	-2.65358e-11	
729	3.492500e-08	3.749992e-01	3.724020e-01	-2.59800e-11	
730	3.497500e-08	3.749992e-01	3.724564e-01	-2.54358e-11	
731	3.502500e-08	3.749992e-01	3.725097e-01	-2.49030e-11	
732	3.507500e-08	3.749992e-01	3.725619e-01	-2.43813e-11	
733	3.512500e-08	3.749992e-01	3.726129e-01	-2.38706e-11	
734	3.517500e-08	3.749992e-01	3.726629e-01	-2.33706e-11	
735	3.522500e-08	3.749992e-01	3.727119e-01	-2.28811e-11	
736	3.527500e-08	3.749992e-01	3.727598e-01	-2.24018e-11	
737	3.532500e-08	3.749992e-01	3.728067e-01	-2.19325e-11	
738	3.537500e-08	3.749992e-01	3.728527e-01	-2.14731e-11	
739	3.542500e-08	3.749992e-01	3.728977e-01	-2.10233e-11	
740	3.547500e-08	3.749992e-01	3.729417e-01	-2.05829e-11	
741	3.552500e-08	3.749992e-01	3.729848e-01	-2.01518e-11	
742	3.557500e-08	3.749992e-01	3.730270e-01	-1.97297e-11	
743	3.562500e-08	3.749992e-01	3.730684e-01	-1.93164e-11	
744	3.567500e-08	3.749992e-01	3.731088e-01	-1.89118e-11	
745	3.572500e-08	3.749992e-01	3.731484e-01	-1.85156e-11	
746	3.577500e-08	3.749992e-01	3.731872e-01	-1.81278e-11	
747	3.582500e-08	3.749992e-01	3.732252e-01	-1.77480e-11	
748	3.587500e-08	3.749992e-01	3.732624e-01	-1.73763e-11	
749	3.592500e-08	3.749992e-01	3.732988e-01	-1.70123e-11	
750	3.597500e-08	3.749992e-01	3.733344e-01	-1.66559e-11	

Index   time            v(cell)         v(bl)           vpre#branch     
--------------------------------------------------------------------------------
751	3.602500e-08	3.749992e-01	3.733693e-01	-1.63070e-11	
752	3.607500e-08	3.749992e-01	3.734035e-01	-1.59655e-11	
753	3.612500e-08	3.749992e-01	3.734369e-01	-1.56310e-11	
754	3.617500e-08	3.749992e-01	3.734696e-01	-1.53036e-11	
755	3.622500e-08	3.749992e-01	3.735017e-01	-1.49830e-11	
756	3.627500e-08	3.749992e-01	3.735331e-01	-1.46692e-11	
757	3.632500e-08	3.749992e-01	3.735638e-01	-1.43619e-11	
758	3.637500e-08	3.749992e-01	3.735939e-01	-1.40611e-11	
759	3.642500e-08	3.749992e-01	3.736233e-01	-1.37665e-11	
760	3.647500e-08	3.749992e-01	3.736522e-01	-1.34782e-11	
761	3.652500e-08	3.749992e-01	3.736804e-01	-1.31958e-11	
762	3.657500e-08	3.749992e-01	3.737081e-01	-1.29194e-11	
763	3.662500e-08	3.749992e-01	3.737351e-01	-1.26488e-11	
764	3.667500e-08	3.749992e-01	3.737616e-01	-1.23838e-11	
765	3.672500e-08	3.749992e-01	3.737876e-01	-1.21244e-11	
766	3.677500e-08	3.749992e-01	3.738130e-01	-1.18705e-11	
767	3.682500e-08	3.749992e-01	3.738378e-01	-1.16218e-11	
768	3.687500e-08	3.749992e-01	3.738622e-01	-1.13784e-11	
769	3.692500e-08	3.749992e-01	3.738860e-01	-1.11400e-11	
770	3.697500e-08	3.749992e-01	3.739093e-01	-1.09067e-11	
771	3.702500e-08	3.749992e-01	3.739322e-01	-1.06782e-11	
772	3.707500e-08	3.749992e-01	3.739545e-01	-1.04545e-11	
773	3.712500e-08	3.749992e-01	3.739764e-01	-1.02356e-11	
774	3.717500e-08	3.749992e-01	3.739979e-01	-1.00211e-11	
775	3.722500e-08	3.749992e-01	3.740189e-01	-9.81123e-12	
776	3.727500e-08	3.749992e-01	3.740394e-01	-9.60572e-12	
777	3.732500e-08	3.749992e-01	3.740595e-01	-9.40451e-12	
778	3.737500e-08	3.749992e-01	3.740792e-01	-9.20751e-12	
779	3.742500e-08	3.749992e-01	3.740985e-01	-9.01464e-12	
780	3.747500e-08	3.749992e-01	3.741174e-01	-8.82581e-12	
781	3.752500e-08	3.749992e-01	3.741359e-01	-8.64094e-12	
782	3.757500e-08	3.749992e-01	3.741540e-01	-8.45993e-12	
783	3.762500e-08	3.749992e-01	3.741717e-01	-8.28272e-12	
784	3.767500e-08	3.749992e-01	3.741891e-01	-8.10923e-12	
785	3.772500e-08	3.749992e-01	3.742061e-01	-7.93936e-12	
786	3.777500e-08	3.749992e-01	3.742227e-01	-7.77306e-12	
787	3.782500e-08	3.749992e-01	3.742390e-01	-7.61023e-12	
788	3.787500e-08	3.749992e-01	3.742549e-01	-7.45082e-12	
789	3.792500e-08	3.749992e-01	3.742705e-01	-7.29475e-12	
790	3.797500e-08	3.749992e-01	3.742858e-01	-7.14195e-12	
791	3.802500e-08	3.749992e-01	3.743008e-01	-6.99234e-12	
792	3.807500e-08	3.749992e-01	3.743154e-01	-6.84587e-12	
793	3.812500e-08	3.749992e-01	3.743298e-01	-6.70247e-12	
794	3.817500e-08	3.749992e-01	3.743438e-01	-6.56208e-12	
795	3.822500e-08	3.749992e-01	3.743575e-01	-6.42462e-12	
796	3.827500e-08	3.749992e-01	3.743710e-01	-6.29004e-12	
797	3.832500e-08	3.749992e-01	3.743842e-01	-6.15829e-12	
798	3.837500e-08	3.749992e-01	3.743971e-01	-6.02929e-12	
799	3.842500e-08	3.749992e-01	3.744097e-01	-5.90299e-12	
800	3.847500e-08	3.749992e-01	3.744221e-01	-5.77934e-12	
801	3.852500e-08	3.749992e-01	3.744342e-01	-5.65828e-12	
802	3.857500e-08	3.749992e-01	3.744460e-01	-5.53976e-12	
803	3.862500e-08	3.749992e-01	3.744576e-01	-5.42372e-12	
804	3.867500e-08	3.749992e-01	3.744690e-01	-5.31011e-12	
805	3.872500e-08	3.749992e-01	3.744801e-01	-5.19888e-12	
806	3.877500e-08	3.749992e-01	3.744910e-01	-5.08997e-12	
807	3.882500e-08	3.749992e-01	3.745017e-01	-4.98335e-12	
808	3.887500e-08	3.749992e-01	3.745121e-01	-4.87897e-12	

Index   time            v(cell)         v(bl)           vpre#branch     
--------------------------------------------------------------------------------
809	3.892500e-08	3.749992e-01	3.745223e-01	-4.77677e-12	
810	3.897500e-08	3.749992e-01	3.745323e-01	-4.67671e-12	
811	3.902500e-08	3.749992e-01	3.745421e-01	-4.57875e-12	
812	3.907500e-08	3.749992e-01	3.745517e-01	-4.48284e-12	
813	3.912500e-08	3.749992e-01	3.745611e-01	-4.38893e-12	
814	3.917500e-08	3.749992e-01	3.745703e-01	-4.29700e-12	
815	3.922500e-08	3.749992e-01	3.745793e-01	-4.20699e-12	
816	3.927500e-08	3.749992e-01	3.745881e-01	-4.11886e-12	
817	3.932500e-08	3.749992e-01	3.745967e-01	-4.03259e-12	
818	3.937500e-08	3.749992e-01	3.746052e-01	-3.94812e-12	
819	3.942500e-08	3.749992e-01	3.746135e-01	-3.86541e-12	
820	3.947500e-08	3.749992e-01	3.746216e-01	-3.78445e-12	
821	3.952500e-08	3.749992e-01	3.746295e-01	-3.70517e-12	
822	3.957500e-08	3.749992e-01	3.746372e-01	-3.62756e-12	
823	3.962500e-08	3.749992e-01	3.746448e-01	-3.55157e-12	
824	3.967500e-08	3.749992e-01	3.746523e-01	-3.47718e-12	
825	3.972500e-08	3.749992e-01	3.746596e-01	-3.40434e-12	
826	3.977500e-08	3.749992e-01	3.746667e-01	-3.33303e-12	
827	3.982500e-08	3.749992e-01	3.746737e-01	-3.26321e-12	
828	3.987500e-08	3.749992e-01	3.746805e-01	-3.19486e-12	
829	3.992500e-08	3.749992e-01	3.746872e-01	-3.12794e-12	
830	3.996250e-08	3.749992e-01	3.746921e-01	-3.07867e-12	
831	4.000000e-08	3.749992e-01	3.746970e-01	-3.03017e-12	


Total analysis time (seconds) = 0.0594948

Total elapsed time (seconds) = 0.073 

Total DRAM available = 386307.215 MB.
DRAM currently available = 2177.031 MB.
Maximum ngspice program size =  529.723 MB.
Current ngspice program size =   14.066 MB.

Shared ngspice pages =   12.242 MB.
Text (code) pages =    6.266 MB.
Stack = 0 bytes.
Library pages =   59.141 MB.

