
Note: No compatibility mode selected!


Circuit: * id-vg sweep vds=0.9000v

Doing analysis at TEMP = 85.000000 and TNOM = 27.000000

Using SPARSE 1.3 as Direct Linear Solver

No. of Data Rows : 201

  Measurements for DC Analysis

ion                 =  -2.05456e-06 at=  9.00000e-01
ioff                =  -2.13905e-12

                           * id-vg sweep vds=0.9000v
                           DC transfer characteristic  Tue Jun 23 16:38:26  2026
--------------------------------------------------------------------------------
Index   v-sweep         vd#branch       
--------------------------------------------------------------------------------
0	0.000000e+00	-2.13905e-12	
1	4.500000e-03	-2.33167e-12	
2	9.000000e-03	-2.55138e-12	
3	1.350000e-02	-2.79179e-12	
4	1.800000e-02	-3.05485e-12	
5	2.250000e-02	-3.34270e-12	
6	2.700000e-02	-3.65767e-12	
7	3.150000e-02	-4.00232e-12	
8	3.600000e-02	-4.37945e-12	
9	4.050000e-02	-4.79211e-12	
10	4.500000e-02	-5.24365e-12	
11	4.950000e-02	-5.73774e-12	
12	5.400000e-02	-6.27839e-12	
13	5.850000e-02	-6.86997e-12	
14	6.300000e-02	-7.51730e-12	
15	6.750000e-02	-8.22562e-12	
16	7.200000e-02	-9.00067e-12	
17	7.650000e-02	-9.84876e-12	
18	8.100000e-02	-1.07767e-11	
19	8.550000e-02	-1.17922e-11	
20	9.000000e-02	-1.29033e-11	
21	9.450000e-02	-1.41190e-11	
22	9.900000e-02	-1.54493e-11	
23	1.035000e-01	-1.69050e-11	
24	1.080000e-01	-1.84978e-11	
25	1.125000e-01	-2.02406e-11	
26	1.170000e-01	-2.21477e-11	
27	1.215000e-01	-2.42344e-11	
28	1.260000e-01	-2.65176e-11	
29	1.305000e-01	-2.90160e-11	
30	1.350000e-01	-3.17497e-11	
31	1.395000e-01	-3.47409e-11	
32	1.440000e-01	-3.80139e-11	
33	1.485000e-01	-4.15952e-11	
34	1.530000e-01	-4.55137e-11	
35	1.575000e-01	-4.98014e-11	
36	1.620000e-01	-5.44928e-11	
37	1.665000e-01	-5.96261e-11	
38	1.710000e-01	-6.52427e-11	
39	1.755000e-01	-7.13883e-11	
40	1.800000e-01	-7.81125e-11	
41	1.845000e-01	-8.54697e-11	
42	1.890000e-01	-9.35197e-11	
43	1.935000e-01	-1.02327e-10	
44	1.980000e-01	-1.11964e-10	
45	2.025000e-01	-1.22508e-10	
46	2.070000e-01	-1.34044e-10	
47	2.115000e-01	-1.46665e-10	
48	2.160000e-01	-1.60474e-10	
49	2.205000e-01	-1.75582e-10	
50	2.250000e-01	-1.92111e-10	
51	2.295000e-01	-2.10194e-10	
52	2.340000e-01	-2.29978e-10	
53	2.385000e-01	-2.51621e-10	
54	2.430000e-01	-2.75298e-10	

Index   v-sweep         vd#branch       
--------------------------------------------------------------------------------
55	2.475000e-01	-3.01200e-10	
56	2.520000e-01	-3.29534e-10	
57	2.565000e-01	-3.61905e-10	
58	2.610000e-01	-3.95938e-10	
59	2.655000e-01	-4.33166e-10	
60	2.700000e-01	-4.73885e-10	
61	2.745000e-01	-5.18421e-10	
62	2.790000e-01	-5.67132e-10	
63	2.835000e-01	-6.20404e-10	
64	2.880000e-01	-6.78664e-10	
65	2.925000e-01	-7.42375e-10	
66	2.970000e-01	-8.12042e-10	
67	3.015000e-01	-8.88218e-10	
68	3.060000e-01	-9.71505e-10	
69	3.105000e-01	-1.06256e-09	
70	3.150000e-01	-1.16210e-09	
71	3.195000e-01	-1.27091e-09	
72	3.240000e-01	-1.38983e-09	
73	3.285000e-01	-1.51980e-09	
74	3.330000e-01	-1.66183e-09	
75	3.375000e-01	-1.81700e-09	
76	3.420000e-01	-1.98653e-09	
77	3.465000e-01	-2.17170e-09	
78	3.510000e-01	-2.37394e-09	
79	3.555000e-01	-2.59478e-09	
80	3.600000e-01	-2.83588e-09	
81	3.645000e-01	-3.09905e-09	
82	3.690000e-01	-3.38624e-09	
83	3.735000e-01	-3.69959e-09	
84	3.780000e-01	-4.04138e-09	
85	3.825000e-01	-4.41410e-09	
86	3.870000e-01	-4.82042e-09	
87	3.915000e-01	-5.26325e-09	
88	3.960000e-01	-5.74570e-09	
89	4.005000e-01	-6.27112e-09	
90	4.050000e-01	-6.84312e-09	
91	4.095000e-01	-7.46560e-09	
92	4.140000e-01	-8.14269e-09	
93	4.185000e-01	-8.87887e-09	
94	4.230000e-01	-9.67890e-09	
95	4.275000e-01	-1.05479e-08	
96	4.320000e-01	-1.14912e-08	
97	4.365000e-01	-1.25148e-08	
98	4.410000e-01	-1.36246e-08	
99	4.455000e-01	-1.48274e-08	
100	4.500000e-01	-1.61300e-08	
101	4.545000e-01	-1.75398e-08	
102	4.590000e-01	-1.90646e-08	
103	4.635000e-01	-2.07126e-08	
104	4.680000e-01	-2.24926e-08	
105	4.725000e-01	-2.44138e-08	
106	4.770000e-01	-2.64858e-08	
107	4.815000e-01	-2.87190e-08	
108	4.860000e-01	-3.11240e-08	
109	4.905000e-01	-3.37122e-08	
110	4.950000e-01	-3.64955e-08	
111	4.995000e-01	-3.94866e-08	
112	5.040000e-01	-4.26986e-08	

Index   v-sweep         vd#branch       
--------------------------------------------------------------------------------
113	5.085000e-01	-4.61453e-08	
114	5.130000e-01	-4.98413e-08	
115	5.175000e-01	-5.38017e-08	
116	5.220000e-01	-5.80424e-08	
117	5.265000e-01	-6.25799e-08	
118	5.310000e-01	-6.74314e-08	
119	5.355000e-01	-7.26146e-08	
120	5.400000e-01	-7.81477e-08	
121	5.445000e-01	-8.40495e-08	
122	5.490000e-01	-9.03388e-08	
123	5.535000e-01	-9.70351e-08	
124	5.580000e-01	-1.04157e-07	
125	5.625000e-01	-1.11725e-07	
126	5.670000e-01	-1.19757e-07	
127	5.715000e-01	-1.28273e-07	
128	5.760000e-01	-1.37289e-07	
129	5.805000e-01	-1.46823e-07	
130	5.850000e-01	-1.56893e-07	
131	5.895000e-01	-1.67512e-07	
132	5.940000e-01	-1.78695e-07	
133	5.985000e-01	-1.90455e-07	
134	6.030000e-01	-2.02803e-07	
135	6.075000e-01	-2.15749e-07	
136	6.120000e-01	-2.29301e-07	
137	6.165000e-01	-2.43465e-07	
138	6.210000e-01	-2.58245e-07	
139	6.255000e-01	-2.73645e-07	
140	6.300000e-01	-2.89666e-07	
141	6.345000e-01	-3.06307e-07	
142	6.390000e-01	-3.23257e-07	
143	6.435000e-01	-3.41132e-07	
144	6.480000e-01	-3.59618e-07	
145	6.525000e-01	-3.78707e-07	
146	6.570000e-01	-3.98393e-07	
147	6.615000e-01	-4.18668e-07	
148	6.660000e-01	-4.39521e-07	
149	6.705000e-01	-4.60943e-07	
150	6.750000e-01	-4.82923e-07	
151	6.795000e-01	-5.05451e-07	
152	6.840000e-01	-5.28513e-07	
153	6.885000e-01	-5.52099e-07	
154	6.930000e-01	-5.76196e-07	
155	6.975000e-01	-6.00792e-07	
156	7.020000e-01	-6.25874e-07	
157	7.065000e-01	-6.51430e-07	
158	7.110000e-01	-6.77448e-07	
159	7.155000e-01	-7.03914e-07	
160	7.200000e-01	-7.30818e-07	
161	7.245000e-01	-7.58146e-07	
162	7.290000e-01	-7.85886e-07	
163	7.335000e-01	-8.14028e-07	
164	7.380000e-01	-8.42560e-07	
165	7.425000e-01	-8.71470e-07	
166	7.470000e-01	-9.00748e-07	
167	7.515000e-01	-9.30383e-07	
168	7.560000e-01	-9.60364e-07	
169	7.605000e-01	-9.90682e-07	
170	7.650000e-01	-1.02133e-06	

Index   v-sweep         vd#branch       
--------------------------------------------------------------------------------
171	7.695000e-01	-1.05229e-06	
172	7.740000e-01	-1.08356e-06	
173	7.785000e-01	-1.11512e-06	
174	7.830000e-01	-1.14698e-06	
175	7.875000e-01	-1.17912e-06	
176	7.920000e-01	-1.21154e-06	
177	7.965000e-01	-1.24422e-06	
178	8.010000e-01	-1.27715e-06	
179	8.055000e-01	-1.31034e-06	
180	8.100000e-01	-1.34378e-06	
181	8.145000e-01	-1.37745e-06	
182	8.190000e-01	-1.41134e-06	
183	8.235000e-01	-1.44547e-06	
184	8.280000e-01	-1.47981e-06	
185	8.325000e-01	-1.51436e-06	
186	8.370000e-01	-1.54912e-06	
187	8.415000e-01	-1.58408e-06	
188	8.460000e-01	-1.61923e-06	
189	8.505000e-01	-1.65458e-06	
190	8.550000e-01	-1.69011e-06	
191	8.595000e-01	-1.72581e-06	
192	8.640000e-01	-1.76170e-06	
193	8.685000e-01	-1.79775e-06	
194	8.730000e-01	-1.83397e-06	
195	8.775000e-01	-1.87036e-06	
196	8.820000e-01	-1.90690e-06	
197	8.865000e-01	-1.94359e-06	
198	8.910000e-01	-1.98044e-06	
199	8.955000e-01	-2.01743e-06	
200	9.000000e-01	-2.05456e-06	


Total analysis time (seconds) = 0.173643

Total elapsed time (seconds) = 0.182 

Total DRAM available = 386307.215 MB.
DRAM currently available = 21839.457 MB.
Maximum ngspice program size =  529.719 MB.
Current ngspice program size =   14.199 MB.

Shared ngspice pages =   12.441 MB.
Text (code) pages =    6.266 MB.
Stack = 0 bytes.
Library pages =   59.137 MB.

