
Note: No compatibility mode selected!


Circuit: * 1t1c ccell=20.0ff

Doing analysis at TEMP = 85.000000 and TNOM = 27.000000

Using SPARSE 1.3 as Direct Linear Solver

Initial Transient Solution
--------------------------

Node                                   Voltage
----                                   -------
pre                                       0.45
bl                                        0.45
wl                                           0
plate                                        0
s                                            0
cell                                         0
vs#branch                                    0
vpl#branch                                   0
vwl#branch                                   0
vpre#branch                                  0


No. of Data Rows : 832

  Measurements for Transient Analysis

t_write             =  1.90036e-09
t_read              =  2.28553e-08
i_hold              =  -3.03286e-11 from=  2.50000e-08 to=  3.50250e-08
q_read              =   9.75020e-19 from=  1.20000e-08 to=  2.20000e-08

                              * 1t1c ccell=20.0ff
                              Transient Analysis  Wed Jun 24 01:05:45  2026
--------------------------------------------------------------------------------
Index   time            v(cell)         v(bl)           vpre#branch     
--------------------------------------------------------------------------------
0	0.000000e+00	0.000000e+00	4.500000e-01	0.000000e+00	
1	5.000000e-13	1.948654e-11	4.499999e-01	-5.35506e-16	
2	1.000000e-12	3.897247e-11	4.499999e-01	-1.02532e-15	
3	2.000000e-12	7.794423e-11	4.499998e-01	-2.00433e-15	
4	4.000000e-12	1.558877e-10	4.499996e-01	-3.95867e-15	
5	8.000000e-12	3.117746e-10	4.499992e-01	-7.85262e-15	
6	1.600000e-11	6.235478e-10	4.499984e-01	-1.55820e-14	
7	3.200000e-11	1.247093e-09	4.499969e-01	-3.08098e-14	
8	6.400000e-11	2.494176e-09	4.499940e-01	-6.03637e-14	
9	1.140000e-10	4.442726e-09	4.499896e-01	-1.04232e-13	
10	1.640000e-10	6.391256e-09	4.499855e-01	-1.45425e-13	
11	2.140000e-10	8.339768e-09	4.499816e-01	-1.84105e-13	
12	2.640000e-10	1.028826e-08	4.499780e-01	-2.20426e-13	
13	3.140000e-10	1.223674e-08	4.499745e-01	-2.54532e-13	
14	3.640000e-10	1.418520e-08	4.499713e-01	-2.86558e-13	
15	4.140000e-10	1.613365e-08	4.499683e-01	-3.16630e-13	
16	4.640000e-10	1.808208e-08	4.499655e-01	-3.44868e-13	
17	5.140000e-10	2.003051e-08	4.499629e-01	-3.71383e-13	
18	5.640000e-10	2.197892e-08	4.499604e-01	-3.96282e-13	
19	6.140000e-10	2.392731e-08	4.499580e-01	-4.19662e-13	
20	6.640000e-10	2.587570e-08	4.499558e-01	-4.41615e-13	
21	7.140000e-10	2.782408e-08	4.499538e-01	-4.62230e-13	
22	7.640000e-10	2.977245e-08	4.499518e-01	-4.81587e-13	
23	8.140000e-10	3.172081e-08	4.499500e-01	-4.99764e-13	
24	8.640000e-10	3.366916e-08	4.499483e-01	-5.16832e-13	
25	9.140000e-10	3.561750e-08	4.499467e-01	-5.32859e-13	
26	9.570000e-10	3.729307e-08	4.499454e-01	-5.45857e-13	
27	1.000000e-09	3.896864e-08	4.499442e-01	-5.58171e-13	
28	1.005000e-09	4.498268e-03	4.499441e-01	-5.59064e-13	
29	1.015000e-09	1.349469e-02	4.499440e-01	-5.59950e-13	
30	1.035000e-09	3.148754e-02	4.499443e-01	-5.57148e-13	
31	1.075000e-09	6.747324e-02	4.499460e-01	-5.39596e-13	
32	1.125000e-09	1.124554e-01	4.499492e-01	-5.08409e-13	
33	1.175000e-09	1.574375e-01	4.499523e-01	-4.77089e-13	
34	1.225000e-09	2.024196e-01	4.499552e-01	-4.47867e-13	
35	1.275000e-09	2.474017e-01	4.499579e-01	-4.20504e-13	
36	1.325000e-09	2.923839e-01	4.499605e-01	-3.94841e-13	
37	1.375000e-09	3.373660e-01	4.499629e-01	-3.70755e-13	
38	1.425000e-09	3.823481e-01	4.499652e-01	-3.48143e-13	
39	1.475000e-09	4.273302e-01	4.499673e-01	-3.26912e-13	
40	1.525000e-09	4.723123e-01	4.499693e-01	-3.06975e-13	
41	1.575000e-09	5.172945e-01	4.499712e-01	-2.88254e-13	
42	1.625000e-09	5.622766e-01	4.499729e-01	-2.70675e-13	
43	1.675000e-09	6.072587e-01	4.499746e-01	-2.54167e-13	
44	1.725000e-09	6.522408e-01	4.499761e-01	-2.38665e-13	
45	1.775000e-09	6.972230e-01	4.499776e-01	-2.24109e-13	
46	1.825000e-09	7.422051e-01	4.499790e-01	-2.10440e-13	
47	1.875000e-09	7.871872e-01	4.499802e-01	-1.97604e-13	
48	1.925000e-09	8.321693e-01	4.499814e-01	-1.85550e-13	
49	1.962500e-09	8.659059e-01	4.499823e-01	-1.76996e-13	
50	2.000000e-09	8.996425e-01	4.499831e-01	-1.68835e-13	
51	2.005000e-09	8.996425e-01	4.499832e-01	-1.67779e-13	
52	2.015000e-09	8.996425e-01	4.499834e-01	-1.65681e-13	
53	2.035000e-09	8.996425e-01	4.499838e-01	-1.61563e-13	
54	2.075000e-09	8.996425e-01	4.499846e-01	-1.53629e-13	

Index   time            v(cell)         v(bl)           vpre#branch     
--------------------------------------------------------------------------------
55	2.125000e-09	8.996425e-01	4.499856e-01	-1.44256e-13	
56	2.175000e-09	8.996425e-01	4.499865e-01	-1.35454e-13	
57	2.225000e-09	8.996425e-01	4.499873e-01	-1.27190e-13	
58	2.275000e-09	8.996425e-01	4.499881e-01	-1.19429e-13	
59	2.325000e-09	8.996425e-01	4.499888e-01	-1.12142e-13	
60	2.375000e-09	8.996425e-01	4.499895e-01	-1.05299e-13	
61	2.425000e-09	8.996425e-01	4.499901e-01	-9.88729e-14	
62	2.475000e-09	8.996425e-01	4.499907e-01	-9.28391e-14	
63	2.525000e-09	8.996425e-01	4.499913e-01	-8.71732e-14	
64	2.575000e-09	8.996425e-01	4.499918e-01	-8.18528e-14	
65	2.625000e-09	8.996425e-01	4.499923e-01	-7.68569e-14	
66	2.675000e-09	8.996425e-01	4.499928e-01	-7.21656e-14	
67	2.725000e-09	8.996425e-01	4.499932e-01	-6.77605e-14	
68	2.775000e-09	8.996425e-01	4.499936e-01	-6.36239e-14	
69	2.825000e-09	8.996425e-01	4.499940e-01	-5.97396e-14	
70	2.875000e-09	8.996425e-01	4.499944e-01	-5.60922e-14	
71	2.925000e-09	8.996425e-01	4.499947e-01	-5.26672e-14	
72	2.975000e-09	8.996425e-01	4.499951e-01	-4.94511e-14	
73	3.025000e-09	8.996425e-01	4.499954e-01	-4.64311e-14	
74	3.075000e-09	8.996425e-01	4.499956e-01	-4.35953e-14	
75	3.125000e-09	8.996425e-01	4.499959e-01	-4.09324e-14	
76	3.175000e-09	8.996425e-01	4.499962e-01	-3.84318e-14	
77	3.225000e-09	8.996425e-01	4.499964e-01	-3.60838e-14	
78	3.275000e-09	8.996425e-01	4.499966e-01	-3.38790e-14	
79	3.325000e-09	8.996425e-01	4.499968e-01	-3.18086e-14	
80	3.375000e-09	8.996425e-01	4.499970e-01	-2.98645e-14	
81	3.425000e-09	8.996425e-01	4.499972e-01	-2.80389e-14	
82	3.475000e-09	8.996425e-01	4.499974e-01	-2.63247e-14	
83	3.525000e-09	8.996425e-01	4.499975e-01	-2.47150e-14	
84	3.575000e-09	8.996425e-01	4.499977e-01	-2.32034e-14	
85	3.625000e-09	8.996425e-01	4.499978e-01	-2.17841e-14	
86	3.675000e-09	8.996425e-01	4.499980e-01	-2.04513e-14	
87	3.725000e-09	8.996425e-01	4.499981e-01	-1.91997e-14	
88	3.775000e-09	8.996425e-01	4.499982e-01	-1.80245e-14	
89	3.825000e-09	8.996425e-01	4.499983e-01	-1.69210e-14	
90	3.875000e-09	8.996425e-01	4.499984e-01	-1.58847e-14	
91	3.925000e-09	8.996425e-01	4.499985e-01	-1.49117e-14	
92	3.975000e-09	8.996425e-01	4.499986e-01	-1.39980e-14	
93	4.025000e-09	8.996425e-01	4.499987e-01	-1.31400e-14	
94	4.075000e-09	8.996425e-01	4.499988e-01	-1.23343e-14	
95	4.125000e-09	8.996425e-01	4.499988e-01	-1.15778e-14	
96	4.175000e-09	8.996425e-01	4.499989e-01	-1.08674e-14	
97	4.225000e-09	8.996425e-01	4.499990e-01	-1.02003e-14	
98	4.275000e-09	8.996425e-01	4.499990e-01	-9.57387e-15	
99	4.325000e-09	8.996425e-01	4.499991e-01	-8.98566e-15	
100	4.375000e-09	8.996425e-01	4.499992e-01	-8.43333e-15	
101	4.425000e-09	8.996425e-01	4.499992e-01	-7.91468e-15	
102	4.475000e-09	8.996425e-01	4.499993e-01	-7.42766e-15	
103	4.525000e-09	8.996425e-01	4.499993e-01	-6.97033e-15	
104	4.575000e-09	8.996425e-01	4.499993e-01	-6.54090e-15	
105	4.625000e-09	8.996425e-01	4.499994e-01	-6.13765e-15	
106	4.675000e-09	8.996425e-01	4.499994e-01	-5.75900e-15	
107	4.725000e-09	8.996425e-01	4.499995e-01	-5.40343e-15	
108	4.775000e-09	8.996425e-01	4.499995e-01	-5.06955e-15	
109	4.825000e-09	8.996425e-01	4.499995e-01	-4.75603e-15	
110	4.875000e-09	8.996425e-01	4.499996e-01	-4.46163e-15	
111	4.925000e-09	8.996425e-01	4.499996e-01	-4.18518e-15	
112	4.975000e-09	8.996425e-01	4.499996e-01	-3.92559e-15	

Index   time            v(cell)         v(bl)           vpre#branch     
--------------------------------------------------------------------------------
113	5.025000e-09	8.996425e-01	4.499996e-01	-3.68183e-15	
114	5.075000e-09	8.996425e-01	4.499997e-01	-3.45294e-15	
115	5.125000e-09	8.996425e-01	4.499997e-01	-3.23800e-15	
116	5.175000e-09	8.996425e-01	4.499997e-01	-3.03617e-15	
117	5.225000e-09	8.996425e-01	4.499997e-01	-2.84665e-15	
118	5.275000e-09	8.996425e-01	4.499997e-01	-2.66869e-15	
119	5.325000e-09	8.996425e-01	4.499997e-01	-2.50158e-15	
120	5.375000e-09	8.996425e-01	4.499998e-01	-2.34466e-15	
121	5.425000e-09	8.996425e-01	4.499998e-01	-2.19731e-15	
122	5.475000e-09	8.996425e-01	4.499998e-01	-2.05894e-15	
123	5.525000e-09	8.996425e-01	4.499998e-01	-1.92901e-15	
124	5.575000e-09	8.996425e-01	4.499998e-01	-1.80701e-15	
125	5.625000e-09	8.996425e-01	4.499998e-01	-1.69244e-15	
126	5.675000e-09	8.996425e-01	4.499998e-01	-1.58487e-15	
127	5.725000e-09	8.996425e-01	4.499999e-01	-1.48385e-15	
128	5.775000e-09	8.996425e-01	4.499999e-01	-1.38899e-15	
129	5.825000e-09	8.996425e-01	4.499999e-01	-1.29992e-15	
130	5.875000e-09	8.996425e-01	4.499999e-01	-1.21628e-15	
131	5.925000e-09	8.996425e-01	4.499999e-01	-1.13774e-15	
132	5.975000e-09	8.996425e-01	4.499999e-01	-1.06399e-15	
133	6.025000e-09	8.996425e-01	4.499999e-01	-9.94735e-16	
134	6.075000e-09	8.996425e-01	4.499999e-01	-9.29705e-16	
135	6.125000e-09	8.996425e-01	4.499999e-01	-8.68641e-16	
136	6.175000e-09	8.996425e-01	4.499999e-01	-8.11301e-16	
137	6.225000e-09	8.996425e-01	4.499999e-01	-7.57458e-16	
138	6.275000e-09	8.996425e-01	4.499999e-01	-7.06898e-16	
139	6.325000e-09	8.996425e-01	4.499999e-01	-6.59421e-16	
140	6.375000e-09	8.996425e-01	4.499999e-01	-6.14839e-16	
141	6.425000e-09	8.996425e-01	4.499999e-01	-5.72976e-16	
142	6.475000e-09	8.996425e-01	4.499999e-01	-5.33666e-16	
143	6.525000e-09	8.996425e-01	4.500000e-01	-4.96753e-16	
144	6.575000e-09	8.996425e-01	4.500000e-01	-4.62091e-16	
145	6.625000e-09	8.996425e-01	4.500000e-01	-4.29544e-16	
146	6.675000e-09	8.996425e-01	4.500000e-01	-3.98981e-16	
147	6.725000e-09	8.996425e-01	4.500000e-01	-3.70282e-16	
148	6.775000e-09	8.996425e-01	4.500000e-01	-3.43333e-16	
149	6.825000e-09	8.996425e-01	4.500000e-01	-3.18027e-16	
150	6.875000e-09	8.996425e-01	4.500000e-01	-2.94265e-16	
151	6.925000e-09	8.996425e-01	4.500000e-01	-2.71951e-16	
152	6.962500e-09	8.996425e-01	4.500000e-01	-2.56116e-16	
153	7.000000e-09	8.996425e-01	4.500000e-01	-2.41010e-16	
154	7.005000e-09	8.771513e-01	4.500000e-01	-2.39087e-16	
155	7.015000e-09	8.321692e-01	4.500000e-01	-2.35322e-16	
156	7.035000e-09	7.422050e-01	4.500000e-01	-2.28238e-16	
157	7.067500e-09	5.960131e-01	4.500000e-01	-2.17781e-16	
158	7.100000e-09	4.498212e-01	4.500000e-01	-2.08302e-16	
159	7.105000e-09	4.498213e-01	4.500000e-01	-2.07003e-16	
160	7.115000e-09	4.498213e-01	4.500000e-01	-2.04422e-16	
161	7.135000e-09	4.498213e-01	4.500000e-01	-1.99355e-16	
162	7.175000e-09	4.498213e-01	4.500000e-01	-1.89595e-16	
163	7.225000e-09	4.498213e-01	4.500000e-01	-1.78065e-16	
164	7.275000e-09	4.498213e-01	4.500000e-01	-1.67237e-16	
165	7.325000e-09	4.498213e-01	4.500000e-01	-1.57070e-16	
166	7.375000e-09	4.498213e-01	4.500000e-01	-1.47523e-16	
167	7.425000e-09	4.498213e-01	4.500000e-01	-1.38558e-16	
168	7.475000e-09	4.498213e-01	4.500000e-01	-1.30140e-16	
169	7.525000e-09	4.498213e-01	4.500000e-01	-1.22235e-16	
170	7.575000e-09	4.498213e-01	4.500000e-01	-1.14812e-16	

Index   time            v(cell)         v(bl)           vpre#branch     
--------------------------------------------------------------------------------
171	7.625000e-09	4.498213e-01	4.500000e-01	-1.07842e-16	
172	7.675000e-09	4.498213e-01	4.500000e-01	-1.01297e-16	
173	7.725000e-09	4.498213e-01	4.500000e-01	-9.51506e-17	
174	7.775000e-09	4.498213e-01	4.500000e-01	-8.93794e-17	
175	7.825000e-09	4.498213e-01	4.500000e-01	-8.39602e-17	
176	7.875000e-09	4.498213e-01	4.500000e-01	-7.88714e-17	
177	7.925000e-09	4.498213e-01	4.500000e-01	-7.40930e-17	
178	7.975000e-09	4.498213e-01	4.500000e-01	-6.96059e-17	
179	8.025000e-09	4.498213e-01	4.500000e-01	-6.53925e-17	
180	8.075000e-09	4.498213e-01	4.500000e-01	-6.14361e-17	
181	8.125000e-09	4.498213e-01	4.500000e-01	-5.77209e-17	
182	8.175000e-09	4.498213e-01	4.500000e-01	-5.42322e-17	
183	8.225000e-09	4.498213e-01	4.500000e-01	-5.09563e-17	
184	8.275000e-09	4.498213e-01	4.500000e-01	-4.78802e-17	
185	8.325000e-09	4.498213e-01	4.500000e-01	-4.49917e-17	
186	8.375000e-09	4.498213e-01	4.500000e-01	-4.22793e-17	
187	8.425000e-09	4.498213e-01	4.500000e-01	-3.97323e-17	
188	8.475000e-09	4.498213e-01	4.500000e-01	-3.73407e-17	
189	8.525000e-09	4.498213e-01	4.500000e-01	-3.50949e-17	
190	8.575000e-09	4.498213e-01	4.500000e-01	-3.29860e-17	
191	8.625000e-09	4.498213e-01	4.500000e-01	-3.10058e-17	
192	8.675000e-09	4.498213e-01	4.500000e-01	-2.91463e-17	
193	8.725000e-09	4.498213e-01	4.500000e-01	-2.74002e-17	
194	8.775000e-09	4.498213e-01	4.500000e-01	-2.57605e-17	
195	8.825000e-09	4.498213e-01	4.500000e-01	-2.42209e-17	
196	8.875000e-09	4.498213e-01	4.500000e-01	-2.27752e-17	
197	8.925000e-09	4.498213e-01	4.500000e-01	-2.14176e-17	
198	8.975000e-09	4.498213e-01	4.500000e-01	-2.01428e-17	
199	9.025000e-09	4.498213e-01	4.500000e-01	-1.89458e-17	
200	9.075000e-09	4.498213e-01	4.500000e-01	-1.78217e-17	
201	9.125000e-09	4.498213e-01	4.500000e-01	-1.67662e-17	
202	9.175000e-09	4.498213e-01	4.500000e-01	-1.57751e-17	
203	9.225000e-09	4.498213e-01	4.500000e-01	-1.48444e-17	
204	9.275000e-09	4.498213e-01	4.500000e-01	-1.39705e-17	
205	9.325000e-09	4.498213e-01	4.500000e-01	-1.31498e-17	
206	9.375000e-09	4.498213e-01	4.500000e-01	-1.23792e-17	
207	9.425000e-09	4.498213e-01	4.500000e-01	-1.16556e-17	
208	9.475000e-09	4.498213e-01	4.500000e-01	-1.09761e-17	
209	9.525000e-09	4.498213e-01	4.500000e-01	-1.03381e-17	
210	9.575000e-09	4.498213e-01	4.500000e-01	-9.73895e-18	
211	9.625000e-09	4.498213e-01	4.500000e-01	-9.17636e-18	
212	9.675000e-09	4.498213e-01	4.500000e-01	-8.64807e-18	
213	9.725000e-09	4.498213e-01	4.500000e-01	-8.15199e-18	
214	9.775000e-09	4.498213e-01	4.500000e-01	-7.68617e-18	
215	9.825000e-09	4.498213e-01	4.500000e-01	-7.24876e-18	
216	9.875000e-09	4.498213e-01	4.500000e-01	-6.83802e-18	
217	9.925000e-09	4.498213e-01	4.500000e-01	-6.45233e-18	
218	9.975000e-09	4.498213e-01	4.500000e-01	-6.09015e-18	
219	1.002500e-08	4.498213e-01	4.500000e-01	-5.75007e-18	
220	1.007500e-08	4.498213e-01	4.500000e-01	-5.43072e-18	
221	1.012500e-08	4.498213e-01	4.500000e-01	-5.13085e-18	
222	1.017500e-08	4.498213e-01	4.500000e-01	-4.84926e-18	
223	1.022500e-08	4.498213e-01	4.500000e-01	-4.58485e-18	
224	1.027500e-08	4.498213e-01	4.500000e-01	-4.33656e-18	
225	1.032500e-08	4.498213e-01	4.500000e-01	-4.10342e-18	
226	1.037500e-08	4.498213e-01	4.500000e-01	-3.88449e-18	
227	1.042500e-08	4.498213e-01	4.500000e-01	-3.67891e-18	
228	1.047500e-08	4.498213e-01	4.500000e-01	-3.48586e-18	

Index   time            v(cell)         v(bl)           vpre#branch     
--------------------------------------------------------------------------------
229	1.052500e-08	4.498213e-01	4.500000e-01	-3.30459e-18	
230	1.057500e-08	4.498213e-01	4.500000e-01	-3.13438e-18	
231	1.062500e-08	4.498213e-01	4.500000e-01	-2.97454e-18	
232	1.067500e-08	4.498213e-01	4.500000e-01	-2.82445e-18	
233	1.072500e-08	4.498213e-01	4.500000e-01	-2.68352e-18	
234	1.077500e-08	4.498213e-01	4.500000e-01	-2.55117e-18	
235	1.082500e-08	4.498213e-01	4.500000e-01	-2.42690e-18	
236	1.087500e-08	4.498213e-01	4.500000e-01	-2.31021e-18	
237	1.092500e-08	4.498213e-01	4.500000e-01	-2.20063e-18	
238	1.096250e-08	4.498213e-01	4.500000e-01	-2.12290e-18	
239	1.100000e-08	4.498213e-01	4.500000e-01	-2.04851e-18	
240	1.100500e-08	4.498230e-01	4.544716e-01	4.471611e-11	
241	1.101500e-08	4.498266e-01	4.633589e-01	1.335893e-10	
242	1.103500e-08	4.498338e-01	4.808023e-01	3.080234e-10	
243	1.107500e-08	4.498481e-01	5.144048e-01	6.440483e-10	
244	1.112500e-08	4.498659e-01	5.541027e-01	1.041027e-09	
245	1.117500e-08	4.498838e-01	5.913796e-01	1.413796e-09	
246	1.122500e-08	4.499017e-01	6.263833e-01	1.763833e-09	
247	1.127500e-08	4.499196e-01	6.592525e-01	2.092525e-09	
248	1.132500e-08	4.499375e-01	6.901171e-01	2.401171e-09	
249	1.137500e-08	4.499553e-01	7.190995e-01	2.690995e-09	
250	1.142500e-08	4.499732e-01	7.463142e-01	2.963142e-09	
251	1.147500e-08	4.499911e-01	7.718686e-01	3.218686e-09	
252	1.152500e-08	4.500090e-01	7.958628e-01	3.458628e-09	
253	1.157500e-08	4.500268e-01	8.183887e-01	3.683887e-09	
254	1.162500e-08	4.500447e-01	8.395274e-01	3.895274e-09	
255	1.167500e-08	4.500626e-01	8.593410e-01	4.093410e-09	
256	1.172500e-08	4.500806e-01	8.778141e-01	4.278141e-09	
257	1.177500e-08	4.500987e-01	8.948140e-01	4.448140e-09	
258	1.182500e-08	4.501171e-01	9.099131e-01	4.599131e-09	
259	1.187500e-08	4.501365e-01	9.218667e-01	4.718667e-09	
260	1.192500e-08	4.501582e-01	9.274684e-01	4.774684e-09	
261	1.196250e-08	4.501777e-01	9.235280e-01	4.735280e-09	
262	1.200000e-08	4.502029e-01	9.058521e-01	4.558521e-09	
263	1.200500e-08	4.502049e-01	8.979214e-01	4.479214e-09	
264	1.201500e-08	4.502089e-01	8.822903e-01	4.322903e-09	
265	1.203500e-08	4.502166e-01	8.523605e-01	4.023605e-09	
266	1.207500e-08	4.502310e-01	7.973243e-01	3.473243e-09	
267	1.212500e-08	4.502472e-01	7.365046e-01	2.865046e-09	
268	1.217500e-08	4.502619e-01	6.833043e-01	2.333043e-09	
269	1.222500e-08	4.502752e-01	6.365890e-01	1.865890e-09	
270	1.227500e-08	4.502874e-01	5.954730e-01	1.454730e-09	
271	1.232500e-08	4.502986e-01	5.592215e-01	1.092215e-09	
272	1.237500e-08	4.503090e-01	5.272653e-01	7.726534e-10	
273	1.242500e-08	4.503185e-01	4.992505e-01	4.925050e-10	
274	1.247500e-08	4.503272e-01	4.751336e-01	2.513364e-10	
275	1.252500e-08	4.503341e-01	4.565593e-01	6.559259e-11	
276	1.257500e-08	4.503367e-01	4.498686e-01	-1.31359e-12	
277	1.262500e-08	4.503365e-01	4.504547e-01	4.546945e-12	
278	1.267500e-08	4.503366e-01	4.502949e-01	2.949174e-12	
279	1.272500e-08	4.503365e-01	4.503399e-01	3.399383e-12	
280	1.277500e-08	4.503365e-01	4.503279e-01	3.278604e-12	
281	1.282500e-08	4.503365e-01	4.503311e-01	3.311418e-12	
282	1.287500e-08	4.503365e-01	4.503302e-01	3.302429e-12	
283	1.292500e-08	4.503365e-01	4.503305e-01	3.304750e-12	
284	1.297500e-08	4.503365e-01	4.503304e-01	3.304035e-12	
285	1.302500e-08	4.503365e-01	4.503304e-01	3.304107e-12	
286	1.307500e-08	4.503365e-01	4.503304e-01	3.304004e-12	

Index   time            v(cell)         v(bl)           vpre#branch     
--------------------------------------------------------------------------------
287	1.312500e-08	4.503365e-01	4.503304e-01	3.303910e-12	
288	1.317500e-08	4.503365e-01	4.503304e-01	3.303851e-12	
289	1.322500e-08	4.503364e-01	4.503304e-01	3.303745e-12	
290	1.327500e-08	4.503364e-01	4.503304e-01	3.303690e-12	
291	1.332500e-08	4.503364e-01	4.503304e-01	3.303583e-12	
292	1.337500e-08	4.503364e-01	4.503304e-01	3.303528e-12	
293	1.342500e-08	4.503364e-01	4.503303e-01	3.303421e-12	
294	1.347500e-08	4.503364e-01	4.503303e-01	3.303365e-12	
295	1.352500e-08	4.503364e-01	4.503303e-01	3.303259e-12	
296	1.357500e-08	4.503364e-01	4.503303e-01	3.303203e-12	
297	1.362500e-08	4.503364e-01	4.503303e-01	3.303097e-12	
298	1.367500e-08	4.503364e-01	4.503303e-01	3.303041e-12	
299	1.372500e-08	4.503364e-01	4.503303e-01	3.302936e-12	
300	1.377500e-08	4.503364e-01	4.503303e-01	3.302879e-12	
301	1.382500e-08	4.503363e-01	4.503303e-01	3.302774e-12	
302	1.387500e-08	4.503363e-01	4.503303e-01	3.302717e-12	
303	1.392500e-08	4.503363e-01	4.503303e-01	3.302612e-12	
304	1.397500e-08	4.503363e-01	4.503303e-01	3.302555e-12	
305	1.402500e-08	4.503363e-01	4.503302e-01	3.302450e-12	
306	1.407500e-08	4.503363e-01	4.503302e-01	3.302393e-12	
307	1.412500e-08	4.503363e-01	4.503302e-01	3.302288e-12	
308	1.417500e-08	4.503363e-01	4.503302e-01	3.302231e-12	
309	1.422500e-08	4.503363e-01	4.503302e-01	3.302126e-12	
310	1.427500e-08	4.503363e-01	4.503302e-01	3.302069e-12	
311	1.432500e-08	4.503363e-01	4.503302e-01	3.301964e-12	
312	1.437500e-08	4.503363e-01	4.503302e-01	3.301907e-12	
313	1.442500e-08	4.503362e-01	4.503302e-01	3.301802e-12	
314	1.447500e-08	4.503362e-01	4.503302e-01	3.301744e-12	
315	1.452500e-08	4.503362e-01	4.503302e-01	3.301640e-12	
316	1.457500e-08	4.503362e-01	4.503302e-01	3.301582e-12	
317	1.462500e-08	4.503362e-01	4.503301e-01	3.301478e-12	
318	1.467500e-08	4.503362e-01	4.503301e-01	3.301420e-12	
319	1.472500e-08	4.503362e-01	4.503301e-01	3.301317e-12	
320	1.477500e-08	4.503362e-01	4.503301e-01	3.301258e-12	
321	1.482500e-08	4.503362e-01	4.503301e-01	3.301155e-12	
322	1.487500e-08	4.503362e-01	4.503301e-01	3.301096e-12	
323	1.492500e-08	4.503362e-01	4.503301e-01	3.300993e-12	
324	1.497500e-08	4.503362e-01	4.503301e-01	3.300934e-12	
325	1.502500e-08	4.503361e-01	4.503301e-01	3.300831e-12	
326	1.507500e-08	4.503361e-01	4.503301e-01	3.300772e-12	
327	1.512500e-08	4.503361e-01	4.503301e-01	3.300669e-12	
328	1.517500e-08	4.503361e-01	4.503301e-01	3.300610e-12	
329	1.522500e-08	4.503361e-01	4.503301e-01	3.300507e-12	
330	1.527500e-08	4.503361e-01	4.503300e-01	3.300448e-12	
331	1.532500e-08	4.503361e-01	4.503300e-01	3.300346e-12	
332	1.537500e-08	4.503361e-01	4.503300e-01	3.300286e-12	
333	1.542500e-08	4.503361e-01	4.503300e-01	3.300184e-12	
334	1.547500e-08	4.503361e-01	4.503300e-01	3.300124e-12	
335	1.552500e-08	4.503361e-01	4.503300e-01	3.300022e-12	
336	1.557500e-08	4.503361e-01	4.503300e-01	3.299962e-12	
337	1.562500e-08	4.503361e-01	4.503300e-01	3.299860e-12	
338	1.567500e-08	4.503360e-01	4.503300e-01	3.299801e-12	
339	1.572500e-08	4.503360e-01	4.503300e-01	3.299698e-12	
340	1.577500e-08	4.503360e-01	4.503300e-01	3.299639e-12	
341	1.582500e-08	4.503360e-01	4.503300e-01	3.299537e-12	
342	1.587500e-08	4.503360e-01	4.503299e-01	3.299477e-12	
343	1.592500e-08	4.503360e-01	4.503299e-01	3.299375e-12	
344	1.597500e-08	4.503360e-01	4.503299e-01	3.299315e-12	

Index   time            v(cell)         v(bl)           vpre#branch     
--------------------------------------------------------------------------------
345	1.602500e-08	4.503360e-01	4.503299e-01	3.299213e-12	
346	1.607500e-08	4.503360e-01	4.503299e-01	3.299153e-12	
347	1.612500e-08	4.503360e-01	4.503299e-01	3.299051e-12	
348	1.617500e-08	4.503360e-01	4.503299e-01	3.298991e-12	
349	1.622500e-08	4.503360e-01	4.503299e-01	3.298890e-12	
350	1.627500e-08	4.503359e-01	4.503299e-01	3.298829e-12	
351	1.632500e-08	4.503359e-01	4.503299e-01	3.298728e-12	
352	1.637500e-08	4.503359e-01	4.503299e-01	3.298667e-12	
353	1.642500e-08	4.503359e-01	4.503299e-01	3.298566e-12	
354	1.647500e-08	4.503359e-01	4.503299e-01	3.298505e-12	
355	1.652500e-08	4.503359e-01	4.503298e-01	3.298404e-12	
356	1.657500e-08	4.503359e-01	4.503298e-01	3.298343e-12	
357	1.662500e-08	4.503359e-01	4.503298e-01	3.298243e-12	
358	1.667500e-08	4.503359e-01	4.503298e-01	3.298182e-12	
359	1.672500e-08	4.503359e-01	4.503298e-01	3.298081e-12	
360	1.677500e-08	4.503359e-01	4.503298e-01	3.298020e-12	
361	1.682500e-08	4.503359e-01	4.503298e-01	3.297919e-12	
362	1.687500e-08	4.503358e-01	4.503298e-01	3.297858e-12	
363	1.692500e-08	4.503358e-01	4.503298e-01	3.297758e-12	
364	1.697500e-08	4.503358e-01	4.503298e-01	3.297696e-12	
365	1.702500e-08	4.503358e-01	4.503298e-01	3.297596e-12	
366	1.707500e-08	4.503358e-01	4.503298e-01	3.297534e-12	
367	1.712500e-08	4.503358e-01	4.503297e-01	3.297434e-12	
368	1.717500e-08	4.503358e-01	4.503297e-01	3.297372e-12	
369	1.722500e-08	4.503358e-01	4.503297e-01	3.297272e-12	
370	1.727500e-08	4.503358e-01	4.503297e-01	3.297211e-12	
371	1.732500e-08	4.503358e-01	4.503297e-01	3.297111e-12	
372	1.737500e-08	4.503358e-01	4.503297e-01	3.297049e-12	
373	1.742500e-08	4.503358e-01	4.503297e-01	3.296949e-12	
374	1.747500e-08	4.503357e-01	4.503297e-01	3.296887e-12	
375	1.752500e-08	4.503357e-01	4.503297e-01	3.296787e-12	
376	1.757500e-08	4.503357e-01	4.503297e-01	3.296725e-12	
377	1.762500e-08	4.503357e-01	4.503297e-01	3.296626e-12	
378	1.767500e-08	4.503357e-01	4.503297e-01	3.296563e-12	
379	1.772500e-08	4.503357e-01	4.503296e-01	3.296464e-12	
380	1.777500e-08	4.503357e-01	4.503296e-01	3.296402e-12	
381	1.782500e-08	4.503357e-01	4.503296e-01	3.296303e-12	
382	1.787500e-08	4.503357e-01	4.503296e-01	3.296240e-12	
383	1.792500e-08	4.503357e-01	4.503296e-01	3.296141e-12	
384	1.797500e-08	4.503357e-01	4.503296e-01	3.296078e-12	
385	1.802500e-08	4.503357e-01	4.503296e-01	3.295979e-12	
386	1.807500e-08	4.503356e-01	4.503296e-01	3.295916e-12	
387	1.812500e-08	4.503356e-01	4.503296e-01	3.295818e-12	
388	1.817500e-08	4.503356e-01	4.503296e-01	3.295755e-12	
389	1.822500e-08	4.503356e-01	4.503296e-01	3.295656e-12	
390	1.827500e-08	4.503356e-01	4.503296e-01	3.295593e-12	
391	1.832500e-08	4.503356e-01	4.503295e-01	3.295495e-12	
392	1.837500e-08	4.503356e-01	4.503295e-01	3.295431e-12	
393	1.842500e-08	4.503356e-01	4.503295e-01	3.295333e-12	
394	1.847500e-08	4.503356e-01	4.503295e-01	3.295269e-12	
395	1.852500e-08	4.503356e-01	4.503295e-01	3.295171e-12	
396	1.857500e-08	4.503356e-01	4.503295e-01	3.295108e-12	
397	1.862500e-08	4.503356e-01	4.503295e-01	3.295010e-12	
398	1.867500e-08	4.503355e-01	4.503295e-01	3.294946e-12	
399	1.872500e-08	4.503355e-01	4.503295e-01	3.294848e-12	
400	1.877500e-08	4.503355e-01	4.503295e-01	3.294784e-12	
401	1.882500e-08	4.503355e-01	4.503295e-01	3.294687e-12	
402	1.887500e-08	4.503355e-01	4.503295e-01	3.294623e-12	

Index   time            v(cell)         v(bl)           vpre#branch     
--------------------------------------------------------------------------------
403	1.892500e-08	4.503355e-01	4.503295e-01	3.294525e-12	
404	1.897500e-08	4.503355e-01	4.503294e-01	3.294461e-12	
405	1.902500e-08	4.503355e-01	4.503294e-01	3.294364e-12	
406	1.907500e-08	4.503355e-01	4.503294e-01	3.294299e-12	
407	1.912500e-08	4.503355e-01	4.503294e-01	3.294202e-12	
408	1.917500e-08	4.503355e-01	4.503294e-01	3.294138e-12	
409	1.922500e-08	4.503355e-01	4.503294e-01	3.294041e-12	
410	1.927500e-08	4.503354e-01	4.503294e-01	3.293976e-12	
411	1.932500e-08	4.503354e-01	4.503294e-01	3.293879e-12	
412	1.937500e-08	4.503354e-01	4.503294e-01	3.293814e-12	
413	1.942500e-08	4.503354e-01	4.503294e-01	3.293718e-12	
414	1.947500e-08	4.503354e-01	4.503294e-01	3.293653e-12	
415	1.952500e-08	4.503354e-01	4.503294e-01	3.293556e-12	
416	1.957500e-08	4.503354e-01	4.503293e-01	3.293491e-12	
417	1.962500e-08	4.503354e-01	4.503293e-01	3.293395e-12	
418	1.967500e-08	4.503354e-01	4.503293e-01	3.293330e-12	
419	1.972500e-08	4.503354e-01	4.503293e-01	3.293233e-12	
420	1.977500e-08	4.503354e-01	4.503293e-01	3.293168e-12	
421	1.982500e-08	4.503354e-01	4.503293e-01	3.293072e-12	
422	1.987500e-08	4.503354e-01	4.503293e-01	3.293006e-12	
423	1.992500e-08	4.503353e-01	4.503293e-01	3.292910e-12	
424	1.997500e-08	4.503353e-01	4.503293e-01	3.292845e-12	
425	2.002500e-08	4.503353e-01	4.503293e-01	3.292749e-12	
426	2.007500e-08	4.503353e-01	4.503293e-01	3.292683e-12	
427	2.012500e-08	4.503353e-01	4.503293e-01	3.292587e-12	
428	2.017500e-08	4.503353e-01	4.503293e-01	3.292522e-12	
429	2.022500e-08	4.503353e-01	4.503292e-01	3.292426e-12	
430	2.027500e-08	4.503353e-01	4.503292e-01	3.292360e-12	
431	2.032500e-08	4.503353e-01	4.503292e-01	3.292264e-12	
432	2.037500e-08	4.503353e-01	4.503292e-01	3.292199e-12	
433	2.042500e-08	4.503353e-01	4.503292e-01	3.292103e-12	
434	2.047500e-08	4.503353e-01	4.503292e-01	3.292037e-12	
435	2.052500e-08	4.503352e-01	4.503292e-01	3.291941e-12	
436	2.057500e-08	4.503352e-01	4.503292e-01	3.291875e-12	
437	2.062500e-08	4.503352e-01	4.503292e-01	3.291780e-12	
438	2.067500e-08	4.503352e-01	4.503292e-01	3.291714e-12	
439	2.072500e-08	4.503352e-01	4.503292e-01	3.291619e-12	
440	2.077500e-08	4.503352e-01	4.503292e-01	3.291552e-12	
441	2.082500e-08	4.503352e-01	4.503291e-01	3.291457e-12	
442	2.087500e-08	4.503352e-01	4.503291e-01	3.291391e-12	
443	2.092500e-08	4.503352e-01	4.503291e-01	3.291296e-12	
444	2.097500e-08	4.503352e-01	4.503291e-01	3.291229e-12	
445	2.102500e-08	4.503352e-01	4.503291e-01	3.291134e-12	
446	2.107500e-08	4.503352e-01	4.503291e-01	3.291068e-12	
447	2.112500e-08	4.503351e-01	4.503291e-01	3.290973e-12	
448	2.117500e-08	4.503351e-01	4.503291e-01	3.290906e-12	
449	2.122500e-08	4.503351e-01	4.503291e-01	3.290812e-12	
450	2.127500e-08	4.503351e-01	4.503291e-01	3.290745e-12	
451	2.132500e-08	4.503351e-01	4.503291e-01	3.290650e-12	
452	2.137500e-08	4.503351e-01	4.503291e-01	3.290583e-12	
453	2.142500e-08	4.503351e-01	4.503290e-01	3.290489e-12	
454	2.147500e-08	4.503351e-01	4.503290e-01	3.290422e-12	
455	2.152500e-08	4.503351e-01	4.503290e-01	3.290328e-12	
456	2.157500e-08	4.503351e-01	4.503290e-01	3.290261e-12	
457	2.162500e-08	4.503351e-01	4.503290e-01	3.290166e-12	
458	2.167500e-08	4.503351e-01	4.503290e-01	3.290099e-12	
459	2.172500e-08	4.503350e-01	4.503290e-01	3.290005e-12	
460	2.177500e-08	4.503350e-01	4.503290e-01	3.289938e-12	

Index   time            v(cell)         v(bl)           vpre#branch     
--------------------------------------------------------------------------------
461	2.182500e-08	4.503350e-01	4.503290e-01	3.289843e-12	
462	2.187500e-08	4.503350e-01	4.503290e-01	3.289776e-12	
463	2.192500e-08	4.503350e-01	4.503290e-01	3.289682e-12	
464	2.196250e-08	4.503350e-01	4.503290e-01	3.289635e-12	
465	2.200000e-08	4.503350e-01	4.503290e-01	3.289561e-12	
466	2.200500e-08	4.503328e-01	4.468598e-01	-3.14020e-11	
467	2.201500e-08	4.503282e-01	4.405277e-01	-9.47235e-11	
468	2.203500e-08	4.503185e-01	4.292626e-01	-2.07374e-10	
469	2.207500e-08	4.502995e-01	4.067292e-01	-4.32708e-10	
470	2.212500e-08	4.502768e-01	3.775508e-01	-7.24492e-10	
471	2.217500e-08	4.502551e-01	3.476416e-01	-1.02358e-09	
472	2.222500e-08	4.502342e-01	3.175647e-01	-1.32435e-09	
473	2.227500e-08	4.502140e-01	2.877252e-01	-1.62275e-09	
474	2.232500e-08	4.501943e-01	2.584094e-01	-1.91591e-09	
475	2.237500e-08	4.501750e-01	2.298274e-01	-2.20173e-09	
476	2.242500e-08	4.501561e-01	2.021381e-01	-2.47862e-09	
477	2.247500e-08	4.501375e-01	1.754621e-01	-2.74538e-09	
478	2.252500e-08	4.501191e-01	1.498879e-01	-3.00112e-09	
479	2.257500e-08	4.501008e-01	1.254752e-01	-3.24525e-09	
480	2.262500e-08	4.500827e-01	1.022579e-01	-3.47742e-09	
481	2.267500e-08	4.500647e-01	8.022639e-02	-3.69774e-09	
482	2.272500e-08	4.500467e-01	5.937820e-02	-3.90622e-09	
483	2.277500e-08	4.500287e-01	3.971342e-02	-4.10287e-09	
484	2.282500e-08	4.500108e-01	2.119154e-02	-4.28808e-09	
485	2.287500e-08	4.499929e-01	3.764303e-03	-4.46236e-09	
486	2.292500e-08	4.499750e-01	-1.26212e-02	-4.62621e-09	
487	2.296250e-08	4.499616e-01	-2.42573e-02	-4.74257e-09	
488	2.300000e-08	4.499482e-01	-3.53612e-02	-4.85361e-09	
489	2.300500e-08	4.499482e-01	-3.23263e-02	-4.82326e-09	
490	2.301500e-08	4.499482e-01	-2.62947e-02	-4.76295e-09	
491	2.303500e-08	4.499482e-01	-1.44569e-02	-4.64457e-09	
492	2.307500e-08	4.499482e-01	8.344738e-03	-4.41655e-09	
493	2.312500e-08	4.499482e-01	3.528011e-02	-4.14720e-09	
494	2.317500e-08	4.499482e-01	6.057177e-02	-3.89428e-09	
495	2.322500e-08	4.499482e-01	8.432062e-02	-3.65679e-09	
496	2.327500e-08	4.499482e-01	1.066209e-01	-3.43379e-09	
497	2.332500e-08	4.499482e-01	1.275612e-01	-3.22439e-09	
498	2.337500e-08	4.499482e-01	1.472243e-01	-3.02776e-09	
499	2.342500e-08	4.499482e-01	1.656883e-01	-2.84312e-09	
500	2.347500e-08	4.499482e-01	1.830263e-01	-2.66974e-09	
501	2.352500e-08	4.499482e-01	1.993070e-01	-2.50693e-09	
502	2.357500e-08	4.499482e-01	2.145948e-01	-2.35405e-09	
503	2.362500e-08	4.499482e-01	2.289503e-01	-2.21050e-09	
504	2.367500e-08	4.499482e-01	2.424304e-01	-2.07570e-09	
505	2.372500e-08	4.499482e-01	2.550885e-01	-1.94912e-09	
506	2.377500e-08	4.499482e-01	2.669746e-01	-1.83025e-09	
507	2.382500e-08	4.499482e-01	2.781359e-01	-1.71864e-09	
508	2.387500e-08	4.499482e-01	2.886165e-01	-1.61383e-09	
509	2.392500e-08	4.499482e-01	2.984580e-01	-1.51542e-09	
510	2.397500e-08	4.499482e-01	3.076994e-01	-1.42301e-09	
511	2.402500e-08	4.499482e-01	3.163772e-01	-1.33623e-09	
512	2.407500e-08	4.499482e-01	3.245258e-01	-1.25474e-09	
513	2.412500e-08	4.499482e-01	3.321775e-01	-1.17823e-09	
514	2.417500e-08	4.499482e-01	3.393625e-01	-1.10637e-09	
515	2.422500e-08	4.499482e-01	3.461094e-01	-1.03891e-09	
516	2.427500e-08	4.499482e-01	3.524449e-01	-9.75551e-10	
517	2.432500e-08	4.499482e-01	3.583940e-01	-9.16060e-10	
518	2.437500e-08	4.499482e-01	3.639803e-01	-8.60197e-10	

Index   time            v(cell)         v(bl)           vpre#branch     
--------------------------------------------------------------------------------
519	2.442500e-08	4.499482e-01	3.692260e-01	-8.07740e-10	
520	2.447500e-08	4.499482e-01	3.741518e-01	-7.58482e-10	
521	2.452500e-08	4.499482e-01	3.787772e-01	-7.12228e-10	
522	2.457500e-08	4.499482e-01	3.831205e-01	-6.68795e-10	
523	2.462500e-08	4.499482e-01	3.871989e-01	-6.28011e-10	
524	2.467500e-08	4.499482e-01	3.910287e-01	-5.89713e-10	
525	2.472500e-08	4.499482e-01	3.946249e-01	-5.53751e-10	
526	2.477500e-08	4.499482e-01	3.980018e-01	-5.19982e-10	
527	2.482500e-08	4.499482e-01	4.011727e-01	-4.88273e-10	
528	2.487500e-08	4.499482e-01	4.041503e-01	-4.58497e-10	
529	2.492500e-08	4.499482e-01	4.069463e-01	-4.30537e-10	
530	2.497500e-08	4.499482e-01	4.095718e-01	-4.04282e-10	
531	2.502500e-08	4.499482e-01	4.120372e-01	-3.79628e-10	
532	2.507500e-08	4.499482e-01	4.143523e-01	-3.56477e-10	
533	2.512500e-08	4.499482e-01	4.165261e-01	-3.34739e-10	
534	2.517500e-08	4.499482e-01	4.185674e-01	-3.14326e-10	
535	2.522500e-08	4.499482e-01	4.204843e-01	-2.95157e-10	
536	2.527500e-08	4.499482e-01	4.222842e-01	-2.77158e-10	
537	2.532500e-08	4.499482e-01	4.239744e-01	-2.60256e-10	
538	2.537500e-08	4.499482e-01	4.255615e-01	-2.44385e-10	
539	2.542500e-08	4.499482e-01	4.270518e-01	-2.29482e-10	
540	2.547500e-08	4.499482e-01	4.284512e-01	-2.15488e-10	
541	2.552500e-08	4.499482e-01	4.297653e-01	-2.02347e-10	
542	2.557500e-08	4.499482e-01	4.309993e-01	-1.90007e-10	
543	2.562500e-08	4.499482e-01	4.321580e-01	-1.78420e-10	
544	2.567500e-08	4.499482e-01	4.332460e-01	-1.67540e-10	
545	2.572500e-08	4.499482e-01	4.342677e-01	-1.57323e-10	
546	2.577500e-08	4.499482e-01	4.352271e-01	-1.47729e-10	
547	2.582500e-08	4.499482e-01	4.361280e-01	-1.38720e-10	
548	2.587500e-08	4.499482e-01	4.369739e-01	-1.30261e-10	
549	2.592500e-08	4.499482e-01	4.377683e-01	-1.22317e-10	
550	2.597500e-08	4.499482e-01	4.385142e-01	-1.14858e-10	
551	2.602500e-08	4.499482e-01	4.392146e-01	-1.07854e-10	
552	2.607500e-08	4.499482e-01	4.398723e-01	-1.01277e-10	
553	2.612500e-08	4.499482e-01	4.404899e-01	-9.51006e-11	
554	2.617500e-08	4.499482e-01	4.410699e-01	-8.93011e-11	
555	2.622500e-08	4.499482e-01	4.416145e-01	-8.38554e-11	
556	2.627500e-08	4.499482e-01	4.421258e-01	-7.87417e-11	
557	2.632500e-08	4.499482e-01	4.426060e-01	-7.39399e-11	
558	2.637500e-08	4.499482e-01	4.430569e-01	-6.94308e-11	
559	2.642500e-08	4.499482e-01	4.434803e-01	-6.51968e-11	
560	2.647500e-08	4.499482e-01	4.438779e-01	-6.12210e-11	
561	2.652500e-08	4.499482e-01	4.442512e-01	-5.74876e-11	
562	2.657500e-08	4.499482e-01	4.446018e-01	-5.39819e-11	
563	2.662500e-08	4.499482e-01	4.449310e-01	-5.06899e-11	
564	2.667500e-08	4.499482e-01	4.452401e-01	-4.75988e-11	
565	2.672500e-08	4.499482e-01	4.455304e-01	-4.46961e-11	
566	2.677500e-08	4.499482e-01	4.458030e-01	-4.19704e-11	
567	2.682500e-08	4.499482e-01	4.460589e-01	-3.94110e-11	
568	2.687500e-08	4.499482e-01	4.462992e-01	-3.70076e-11	
569	2.692500e-08	4.499482e-01	4.465249e-01	-3.47508e-11	
570	2.697500e-08	4.499482e-01	4.467368e-01	-3.26316e-11	
571	2.702500e-08	4.499482e-01	4.469358e-01	-3.06417e-11	
572	2.707500e-08	4.499482e-01	4.471227e-01	-2.87731e-11	
573	2.712500e-08	4.499482e-01	4.472982e-01	-2.70185e-11	
574	2.717500e-08	4.499482e-01	4.474629e-01	-2.53708e-11	
575	2.722500e-08	4.499482e-01	4.476176e-01	-2.38236e-11	
576	2.727500e-08	4.499482e-01	4.477629e-01	-2.23708e-11	

Index   time            v(cell)         v(bl)           vpre#branch     
--------------------------------------------------------------------------------
577	2.732500e-08	4.499482e-01	4.478993e-01	-2.10066e-11	
578	2.737500e-08	4.499482e-01	4.480274e-01	-1.97256e-11	
579	2.742500e-08	4.499482e-01	4.481477e-01	-1.85227e-11	
580	2.747500e-08	4.499482e-01	4.482607e-01	-1.73931e-11	
581	2.752500e-08	4.499482e-01	4.483668e-01	-1.63325e-11	
582	2.757500e-08	4.499482e-01	4.484664e-01	-1.53365e-11	
583	2.762500e-08	4.499482e-01	4.485599e-01	-1.44012e-11	
584	2.767500e-08	4.499482e-01	4.486477e-01	-1.35230e-11	
585	2.772500e-08	4.499482e-01	4.487302e-01	-1.26983e-11	
586	2.777500e-08	4.499482e-01	4.488076e-01	-1.19240e-11	
587	2.782500e-08	4.499482e-01	4.488803e-01	-1.11968e-11	
588	2.787500e-08	4.499482e-01	4.489486e-01	-1.05140e-11	
589	2.792500e-08	4.499482e-01	4.490127e-01	-9.87284e-12	
590	2.797500e-08	4.499482e-01	4.490729e-01	-9.27078e-12	
591	2.802500e-08	4.499482e-01	4.491295e-01	-8.70543e-12	
592	2.807500e-08	4.499482e-01	4.491825e-01	-8.17455e-12	
593	2.812500e-08	4.499482e-01	4.492324e-01	-7.67605e-12	
594	2.817500e-08	4.499482e-01	4.492792e-01	-7.20795e-12	
595	2.822500e-08	4.499482e-01	4.493232e-01	-6.76839e-12	
596	2.827500e-08	4.499482e-01	4.493644e-01	-6.35564e-12	
597	2.832500e-08	4.499482e-01	4.494032e-01	-5.96806e-12	
598	2.837500e-08	4.499482e-01	4.494396e-01	-5.60412e-12	
599	2.842500e-08	4.499482e-01	4.494738e-01	-5.26236e-12	
600	2.847500e-08	4.499482e-01	4.495059e-01	-4.94145e-12	
601	2.852500e-08	4.499482e-01	4.495360e-01	-4.64011e-12	
602	2.857500e-08	4.499482e-01	4.495643e-01	-4.35715e-12	
603	2.862500e-08	4.499482e-01	4.495909e-01	-4.09144e-12	
604	2.867500e-08	4.499482e-01	4.496158e-01	-3.84194e-12	
605	2.872500e-08	4.499482e-01	4.496392e-01	-3.60765e-12	
606	2.877500e-08	4.499482e-01	4.496612e-01	-3.38765e-12	
607	2.882500e-08	4.499482e-01	4.496819e-01	-3.18106e-12	
608	2.887500e-08	4.499482e-01	4.497013e-01	-2.98707e-12	
609	2.892500e-08	4.499482e-01	4.497195e-01	-2.80491e-12	
610	2.897500e-08	4.499482e-01	4.497366e-01	-2.63386e-12	
611	2.902500e-08	4.499482e-01	4.497527e-01	-2.47325e-12	
612	2.907500e-08	4.499482e-01	4.497678e-01	-2.32242e-12	
613	2.912500e-08	4.499482e-01	4.497819e-01	-2.18080e-12	
614	2.917500e-08	4.499482e-01	4.497952e-01	-2.04781e-12	
615	2.922500e-08	4.499482e-01	4.498077e-01	-1.92293e-12	
616	2.927500e-08	4.499482e-01	4.498194e-01	-1.80566e-12	
617	2.932500e-08	4.499482e-01	4.498304e-01	-1.69555e-12	
618	2.937500e-08	4.499482e-01	4.498408e-01	-1.59215e-12	
619	2.942500e-08	4.499482e-01	4.498505e-01	-1.49506e-12	
620	2.947500e-08	4.499482e-01	4.498596e-01	-1.40389e-12	
621	2.952500e-08	4.499482e-01	4.498682e-01	-1.31827e-12	
622	2.957500e-08	4.499482e-01	4.498762e-01	-1.23788e-12	
623	2.962500e-08	4.499482e-01	4.498838e-01	-1.16239e-12	
624	2.967500e-08	4.499482e-01	4.498908e-01	-1.09151e-12	
625	2.972500e-08	4.499482e-01	4.498975e-01	-1.02495e-12	
626	2.977500e-08	4.499482e-01	4.499038e-01	-9.62444e-13	
627	2.982500e-08	4.499482e-01	4.499096e-01	-9.03752e-13	
628	2.987500e-08	4.499482e-01	4.499151e-01	-8.48639e-13	
629	2.992500e-08	4.499482e-01	4.499203e-01	-7.96887e-13	
630	2.997500e-08	4.499482e-01	4.499252e-01	-7.48291e-13	
631	3.002500e-08	4.499482e-01	4.499297e-01	-7.02659e-13	
632	3.007500e-08	4.499482e-01	4.499340e-01	-6.59809e-13	
633	3.012500e-08	4.499482e-01	4.499380e-01	-6.19573e-13	
634	3.017500e-08	4.499482e-01	4.499418e-01	-5.81790e-13	

Index   time            v(cell)         v(bl)           vpre#branch     
--------------------------------------------------------------------------------
635	3.022500e-08	4.499482e-01	4.499454e-01	-5.46311e-13	
636	3.027500e-08	4.499482e-01	4.499487e-01	-5.12996e-13	
637	3.032500e-08	4.499482e-01	4.499518e-01	-4.81712e-13	
638	3.037500e-08	4.499482e-01	4.499548e-01	-4.52337e-13	
639	3.042500e-08	4.499482e-01	4.499575e-01	-4.24752e-13	
640	3.047500e-08	4.499482e-01	4.499601e-01	-3.98850e-13	
641	3.052500e-08	4.499482e-01	4.499625e-01	-3.74527e-13	
642	3.057500e-08	4.499482e-01	4.499648e-01	-3.51688e-13	
643	3.062500e-08	4.499482e-01	4.499670e-01	-3.30241e-13	
644	3.067500e-08	4.499482e-01	4.499690e-01	-3.10102e-13	
645	3.072500e-08	4.499482e-01	4.499709e-01	-2.91192e-13	
646	3.077500e-08	4.499482e-01	4.499727e-01	-2.73434e-13	
647	3.082500e-08	4.499482e-01	4.499743e-01	-2.56760e-13	
648	3.087500e-08	4.499482e-01	4.499759e-01	-2.41102e-13	
649	3.092500e-08	4.499482e-01	4.499774e-01	-2.26399e-13	
650	3.097500e-08	4.499482e-01	4.499787e-01	-2.12593e-13	
651	3.102500e-08	4.499482e-01	4.499800e-01	-1.99628e-13	
652	3.107500e-08	4.499482e-01	4.499813e-01	-1.87455e-13	
653	3.112500e-08	4.499482e-01	4.499824e-01	-1.76023e-13	
654	3.117500e-08	4.499482e-01	4.499835e-01	-1.65289e-13	
655	3.122500e-08	4.499482e-01	4.499845e-01	-1.55209e-13	
656	3.127500e-08	4.499482e-01	4.499854e-01	-1.45744e-13	
657	3.132500e-08	4.499482e-01	4.499863e-01	-1.36857e-13	
658	3.137500e-08	4.499482e-01	4.499871e-01	-1.28511e-13	
659	3.142500e-08	4.499482e-01	4.499879e-01	-1.20674e-13	
660	3.147500e-08	4.499482e-01	4.499887e-01	-1.13315e-13	
661	3.152500e-08	4.499482e-01	4.499894e-01	-1.06405e-13	
662	3.157500e-08	4.499482e-01	4.499900e-01	-9.99160e-14	
663	3.162500e-08	4.499482e-01	4.499906e-01	-9.38229e-14	
664	3.167500e-08	4.499482e-01	4.499912e-01	-8.81014e-14	
665	3.172500e-08	4.499482e-01	4.499917e-01	-8.27288e-14	
666	3.177500e-08	4.499482e-01	4.499922e-01	-7.76838e-14	
667	3.182500e-08	4.499482e-01	4.499927e-01	-7.29465e-14	
668	3.187500e-08	4.499482e-01	4.499932e-01	-6.84981e-14	
669	3.192500e-08	4.499482e-01	4.499936e-01	-6.43209e-14	
670	3.197500e-08	4.499482e-01	4.499940e-01	-6.03985e-14	
671	3.202500e-08	4.499482e-01	4.499943e-01	-5.67153e-14	
672	3.207500e-08	4.499482e-01	4.499947e-01	-5.32567e-14	
673	3.212500e-08	4.499482e-01	4.499950e-01	-5.00090e-14	
674	3.217500e-08	4.499482e-01	4.499953e-01	-4.69594e-14	
675	3.222500e-08	4.499482e-01	4.499956e-01	-4.40957e-14	
676	3.227500e-08	4.499482e-01	4.499959e-01	-4.14066e-14	
677	3.232500e-08	4.499482e-01	4.499961e-01	-3.88816e-14	
678	3.237500e-08	4.499482e-01	4.499963e-01	-3.65105e-14	
679	3.242500e-08	4.499482e-01	4.499966e-01	-3.42840e-14	
680	3.247500e-08	4.499482e-01	4.499968e-01	-3.21933e-14	
681	3.252500e-08	4.499482e-01	4.499970e-01	-3.02301e-14	
682	3.257500e-08	4.499482e-01	4.499972e-01	-2.83866e-14	
683	3.262500e-08	4.499482e-01	4.499973e-01	-2.66556e-14	
684	3.267500e-08	4.499482e-01	4.499975e-01	-2.50301e-14	
685	3.272500e-08	4.499482e-01	4.499976e-01	-2.35037e-14	
686	3.277500e-08	4.499482e-01	4.499978e-01	-2.20704e-14	
687	3.282500e-08	4.499482e-01	4.499979e-01	-2.07245e-14	
688	3.287500e-08	4.499482e-01	4.499981e-01	-1.94607e-14	
689	3.292500e-08	4.499482e-01	4.499982e-01	-1.82739e-14	
690	3.297500e-08	4.499482e-01	4.499983e-01	-1.71596e-14	
691	3.302500e-08	4.499482e-01	4.499984e-01	-1.61131e-14	
692	3.307500e-08	4.499482e-01	4.499985e-01	-1.51305e-14	

Index   time            v(cell)         v(bl)           vpre#branch     
--------------------------------------------------------------------------------
693	3.312500e-08	4.499482e-01	4.499986e-01	-1.42079e-14	
694	3.317500e-08	4.499482e-01	4.499987e-01	-1.33414e-14	
695	3.322500e-08	4.499482e-01	4.499987e-01	-1.25279e-14	
696	3.327500e-08	4.499482e-01	4.499988e-01	-1.17639e-14	
697	3.332500e-08	4.499482e-01	4.499989e-01	-1.10465e-14	
698	3.337500e-08	4.499482e-01	4.499990e-01	-1.03729e-14	
699	3.342500e-08	4.499482e-01	4.499990e-01	-9.74033e-15	
700	3.347500e-08	4.499482e-01	4.499991e-01	-9.14636e-15	
701	3.352500e-08	4.499482e-01	4.499991e-01	-8.58860e-15	
702	3.357500e-08	4.499482e-01	4.499992e-01	-8.06486e-15	
703	3.362500e-08	4.499482e-01	4.499992e-01	-7.57306e-15	
704	3.367500e-08	4.499482e-01	4.499993e-01	-7.11124e-15	
705	3.372500e-08	4.499482e-01	4.499993e-01	-6.67760e-15	
706	3.377500e-08	4.499482e-01	4.499994e-01	-6.27039e-15	
707	3.382500e-08	4.499482e-01	4.499994e-01	-5.88802e-15	
708	3.387500e-08	4.499482e-01	4.499994e-01	-5.52896e-15	
709	3.392500e-08	4.499482e-01	4.499995e-01	-5.19180e-15	
710	3.397500e-08	4.499482e-01	4.499995e-01	-4.87521e-15	
711	3.402500e-08	4.499482e-01	4.499995e-01	-4.57792e-15	
712	3.407500e-08	4.499482e-01	4.499996e-01	-4.29875e-15	
713	3.412500e-08	4.499482e-01	4.499996e-01	-4.03662e-15	
714	3.417500e-08	4.499482e-01	4.499996e-01	-3.79046e-15	
715	3.422500e-08	4.499482e-01	4.499996e-01	-3.55932e-15	
716	3.427500e-08	4.499482e-01	4.499997e-01	-3.34228e-15	
717	3.432500e-08	4.499482e-01	4.499997e-01	-3.13847e-15	
718	3.437500e-08	4.499482e-01	4.499997e-01	-2.94709e-15	
719	3.442500e-08	4.499482e-01	4.499997e-01	-2.76737e-15	
720	3.447500e-08	4.499482e-01	4.499997e-01	-2.59862e-15	
721	3.452500e-08	4.499482e-01	4.499998e-01	-2.44016e-15	
722	3.457500e-08	4.499482e-01	4.499998e-01	-2.29137e-15	
723	3.462500e-08	4.499482e-01	4.499998e-01	-2.15164e-15	
724	3.467500e-08	4.499482e-01	4.499998e-01	-2.02044e-15	
725	3.472500e-08	4.499482e-01	4.499998e-01	-1.89724e-15	
726	3.477500e-08	4.499482e-01	4.499998e-01	-1.78155e-15	
727	3.482500e-08	4.499482e-01	4.499998e-01	-1.67292e-15	
728	3.487500e-08	4.499482e-01	4.499998e-01	-1.57091e-15	
729	3.492500e-08	4.499482e-01	4.499999e-01	-1.47512e-15	
730	3.497500e-08	4.499482e-01	4.499999e-01	-1.38517e-15	
731	3.502500e-08	4.499482e-01	4.499999e-01	-1.30071e-15	
732	3.507500e-08	4.499482e-01	4.499999e-01	-1.22140e-15	
733	3.512500e-08	4.499482e-01	4.499999e-01	-1.14692e-15	
734	3.517500e-08	4.499482e-01	4.499999e-01	-1.07699e-15	
735	3.522500e-08	4.499482e-01	4.499999e-01	-1.01132e-15	
736	3.527500e-08	4.499482e-01	4.499999e-01	-9.49660e-16	
737	3.532500e-08	4.499482e-01	4.499999e-01	-8.91757e-16	
738	3.537500e-08	4.499482e-01	4.499999e-01	-8.37384e-16	
739	3.542500e-08	4.499482e-01	4.499999e-01	-7.86328e-16	
740	3.547500e-08	4.499482e-01	4.499999e-01	-7.38384e-16	
741	3.552500e-08	4.499482e-01	4.499999e-01	-6.93365e-16	
742	3.557500e-08	4.499482e-01	4.499999e-01	-6.51091e-16	
743	3.562500e-08	4.499482e-01	4.499999e-01	-6.11395e-16	
744	3.567500e-08	4.499482e-01	4.499999e-01	-5.74120e-16	
745	3.572500e-08	4.499482e-01	4.499999e-01	-5.39118e-16	
746	3.577500e-08	4.499482e-01	4.499999e-01	-5.06250e-16	
747	3.582500e-08	4.499482e-01	4.500000e-01	-4.75387e-16	
748	3.587500e-08	4.499482e-01	4.500000e-01	-4.46406e-16	
749	3.592500e-08	4.499482e-01	4.500000e-01	-4.19192e-16	
750	3.597500e-08	4.499482e-01	4.500000e-01	-3.93638e-16	

Index   time            v(cell)         v(bl)           vpre#branch     
--------------------------------------------------------------------------------
751	3.602500e-08	4.499482e-01	4.500000e-01	-3.69642e-16	
752	3.607500e-08	4.499482e-01	4.500000e-01	-3.47110e-16	
753	3.612500e-08	4.499482e-01	4.500000e-01	-3.25951e-16	
754	3.617500e-08	4.499482e-01	4.500000e-01	-3.06084e-16	
755	3.622500e-08	4.499482e-01	4.500000e-01	-2.87428e-16	
756	3.627500e-08	4.499482e-01	4.500000e-01	-2.69909e-16	
757	3.632500e-08	4.499482e-01	4.500000e-01	-2.53458e-16	
758	3.637500e-08	4.499482e-01	4.500000e-01	-2.38010e-16	
759	3.642500e-08	4.499482e-01	4.500000e-01	-2.23505e-16	
760	3.647500e-08	4.499482e-01	4.500000e-01	-2.09884e-16	
761	3.652500e-08	4.499482e-01	4.500000e-01	-1.97094e-16	
762	3.657500e-08	4.499482e-01	4.500000e-01	-1.85083e-16	
763	3.662500e-08	4.499482e-01	4.500000e-01	-1.73806e-16	
764	3.667500e-08	4.499482e-01	4.500000e-01	-1.63216e-16	
765	3.672500e-08	4.499482e-01	4.500000e-01	-1.53272e-16	
766	3.677500e-08	4.499482e-01	4.500000e-01	-1.43934e-16	
767	3.682500e-08	4.499482e-01	4.500000e-01	-1.35165e-16	
768	3.687500e-08	4.499482e-01	4.500000e-01	-1.26932e-16	
769	3.692500e-08	4.499482e-01	4.500000e-01	-1.19200e-16	
770	3.697500e-08	4.499482e-01	4.500000e-01	-1.11940e-16	
771	3.702500e-08	4.499482e-01	4.500000e-01	-1.05122e-16	
772	3.707500e-08	4.499482e-01	4.500000e-01	-9.87206e-17	
773	3.712500e-08	4.499482e-01	4.500000e-01	-9.27097e-17	
774	3.717500e-08	4.499482e-01	4.500000e-01	-8.70654e-17	
775	3.722500e-08	4.499482e-01	4.500000e-01	-8.17653e-17	
776	3.727500e-08	4.499482e-01	4.500000e-01	-7.67884e-17	
777	3.732500e-08	4.499482e-01	4.500000e-01	-7.21145e-17	
778	3.737500e-08	4.499482e-01	4.500000e-01	-6.77262e-17	
779	3.742500e-08	4.499482e-01	4.500000e-01	-6.36054e-17	
780	3.747500e-08	4.499482e-01	4.500000e-01	-5.97359e-17	
781	3.752500e-08	4.499482e-01	4.500000e-01	-5.61024e-17	
782	3.757500e-08	4.499482e-01	4.500000e-01	-5.26900e-17	
783	3.762500e-08	4.499482e-01	4.500000e-01	-4.94858e-17	
784	3.767500e-08	4.499482e-01	4.500000e-01	-4.64769e-17	
785	3.772500e-08	4.499482e-01	4.500000e-01	-4.36516e-17	
786	3.777500e-08	4.499482e-01	4.500000e-01	-4.09985e-17	
787	3.782500e-08	4.499482e-01	4.500000e-01	-3.85072e-17	
788	3.787500e-08	4.499482e-01	4.500000e-01	-3.61678e-17	
789	3.792500e-08	4.499482e-01	4.500000e-01	-3.39711e-17	
790	3.797500e-08	4.499482e-01	4.500000e-01	-3.19084e-17	
791	3.802500e-08	4.499482e-01	4.500000e-01	-2.99715e-17	
792	3.807500e-08	4.499482e-01	4.500000e-01	-2.81526e-17	
793	3.812500e-08	4.499482e-01	4.500000e-01	-2.64447e-17	
794	3.817500e-08	4.499482e-01	4.500000e-01	-2.48410e-17	
795	3.822500e-08	4.499482e-01	4.500000e-01	-2.33350e-17	
796	3.827500e-08	4.499482e-01	4.500000e-01	-2.19209e-17	
797	3.832500e-08	4.499482e-01	4.500000e-01	-2.05930e-17	
798	3.837500e-08	4.499482e-01	4.500000e-01	-1.93461e-17	
799	3.842500e-08	4.499482e-01	4.500000e-01	-1.81752e-17	
800	3.847500e-08	4.499482e-01	4.500000e-01	-1.70757e-17	
801	3.852500e-08	4.499482e-01	4.500000e-01	-1.60433e-17	
802	3.857500e-08	4.499482e-01	4.500000e-01	-1.50739e-17	
803	3.862500e-08	4.499482e-01	4.500000e-01	-1.41635e-17	
804	3.867500e-08	4.499482e-01	4.500000e-01	-1.33087e-17	
805	3.872500e-08	4.499482e-01	4.500000e-01	-1.25060e-17	
806	3.877500e-08	4.499482e-01	4.500000e-01	-1.17522e-17	
807	3.882500e-08	4.499482e-01	4.500000e-01	-1.10445e-17	
808	3.887500e-08	4.499482e-01	4.500000e-01	-1.03798e-17	

Index   time            v(cell)         v(bl)           vpre#branch     
--------------------------------------------------------------------------------
809	3.892500e-08	4.499482e-01	4.500000e-01	-9.75575e-18	
810	3.897500e-08	4.499482e-01	4.500000e-01	-9.17013e-18	
811	3.902500e-08	4.499482e-01	4.500000e-01	-8.62022e-18	
812	3.907500e-08	4.499482e-01	4.500000e-01	-8.10344e-18	
813	3.912500e-08	4.499482e-01	4.500000e-01	-7.61817e-18	
814	3.917500e-08	4.499482e-01	4.500000e-01	-7.16249e-18	
815	3.922500e-08	4.499482e-01	4.500000e-01	-6.73460e-18	
816	3.927500e-08	4.499482e-01	4.500000e-01	-6.33281e-18	
817	3.932500e-08	4.499482e-01	4.500000e-01	-5.95551e-18	
818	3.937500e-08	4.499482e-01	4.500000e-01	-5.60123e-18	
819	3.942500e-08	4.499482e-01	4.500000e-01	-5.26855e-18	
820	3.947500e-08	4.499482e-01	4.500000e-01	-4.95615e-18	
821	3.952500e-08	4.499482e-01	4.500000e-01	-4.66281e-18	
822	3.957500e-08	4.499482e-01	4.500000e-01	-4.38736e-18	
823	3.962500e-08	4.499482e-01	4.500000e-01	-4.12870e-18	
824	3.967500e-08	4.499482e-01	4.500000e-01	-3.88623e-18	
825	3.972500e-08	4.499482e-01	4.500000e-01	-3.65855e-18	
826	3.977500e-08	4.499482e-01	4.500000e-01	-3.44434e-18	
827	3.982500e-08	4.499482e-01	4.500000e-01	-3.24319e-18	
828	3.987500e-08	4.499482e-01	4.500000e-01	-3.05431e-18	
829	3.992500e-08	4.499482e-01	4.500000e-01	-2.87695e-18	
830	3.996250e-08	4.499482e-01	4.500000e-01	-2.75118e-18	
831	4.000000e-08	4.499482e-01	4.500000e-01	-2.63146e-18	


Total analysis time (seconds) = 0.0521914

Total elapsed time (seconds) = 0.061 

Total DRAM available = 386307.215 MB.
DRAM currently available = 8580.113 MB.
Maximum ngspice program size =  529.719 MB.
Current ngspice program size =   14.121 MB.

Shared ngspice pages =   12.309 MB.
Text (code) pages =    6.266 MB.
Stack = 0 bytes.
Library pages =   59.137 MB.

