
Note: No compatibility mode selected!


Circuit: * id-vd sweep vgs=1.0350v

Doing analysis at TEMP = -40.000000 and TNOM = 27.000000

Using SPARSE 1.3 as Direct Linear Solver

No. of Data Rows : 101
                           * id-vd sweep vgs=1.0350v
                           DC transfer characteristic  Tue Jun 23 16:45:04  2026
--------------------------------------------------------------------------------
Index   v-sweep         vd#branch       v(d)            
--------------------------------------------------------------------------------
0	0.000000e+00	0.000000e+00	0.000000e+00	
1	9.000000e-03	-9.76736e-07	9.000000e-03	
2	1.800000e-02	-1.59239e-06	1.800000e-02	
3	2.700000e-02	-1.81351e-06	2.700000e-02	
4	3.600000e-02	-1.93062e-06	3.600000e-02	
5	4.500000e-02	-2.01020e-06	4.500000e-02	
6	5.400000e-02	-2.07024e-06	5.400000e-02	
7	6.300000e-02	-2.11847e-06	6.300000e-02	
8	7.200000e-02	-2.15883e-06	7.200000e-02	
9	8.100000e-02	-2.19359e-06	8.100000e-02	
10	9.000000e-02	-2.22607e-06	9.000000e-02	
11	9.900000e-02	-2.25300e-06	9.900000e-02	
12	1.080000e-01	-2.27749e-06	1.080000e-01	
13	1.170000e-01	-2.29995e-06	1.170000e-01	
14	1.260000e-01	-2.32074e-06	1.260000e-01	
15	1.350000e-01	-2.34010e-06	1.350000e-01	
16	1.440000e-01	-2.35824e-06	1.440000e-01	
17	1.530000e-01	-2.37532e-06	1.530000e-01	
18	1.620000e-01	-2.39148e-06	1.620000e-01	
19	1.710000e-01	-2.40682e-06	1.710000e-01	
20	1.800000e-01	-2.42144e-06	1.800000e-01	
21	1.890000e-01	-2.43541e-06	1.890000e-01	
22	1.980000e-01	-2.44880e-06	1.980000e-01	
23	2.070000e-01	-2.46166e-06	2.070000e-01	
24	2.160000e-01	-2.47404e-06	2.160000e-01	
25	2.250000e-01	-2.48599e-06	2.250000e-01	
26	2.340000e-01	-2.49754e-06	2.340000e-01	
27	2.430000e-01	-2.50872e-06	2.430000e-01	
28	2.520000e-01	-2.51956e-06	2.520000e-01	
29	2.610000e-01	-2.53009e-06	2.610000e-01	
30	2.700000e-01	-2.54033e-06	2.700000e-01	
31	2.790000e-01	-2.55030e-06	2.790000e-01	
32	2.880000e-01	-2.56002e-06	2.880000e-01	
33	2.970000e-01	-2.56950e-06	2.970000e-01	
34	3.060000e-01	-2.57876e-06	3.060000e-01	
35	3.150000e-01	-2.58781e-06	3.150000e-01	
36	3.240000e-01	-2.59667e-06	3.240000e-01	
37	3.330000e-01	-2.60535e-06	3.330000e-01	
38	3.420000e-01	-2.61385e-06	3.420000e-01	
39	3.510000e-01	-2.62219e-06	3.510000e-01	
40	3.600000e-01	-2.63037e-06	3.600000e-01	
41	3.690000e-01	-2.63841e-06	3.690000e-01	
42	3.780000e-01	-2.64631e-06	3.780000e-01	
43	3.870000e-01	-2.65407e-06	3.870000e-01	
44	3.960000e-01	-2.66171e-06	3.960000e-01	
45	4.050000e-01	-2.66923e-06	4.050000e-01	
46	4.140000e-01	-2.67664e-06	4.140000e-01	
47	4.230000e-01	-2.68393e-06	4.230000e-01	
48	4.320000e-01	-2.69112e-06	4.320000e-01	
49	4.410000e-01	-2.69822e-06	4.410000e-01	
50	4.500000e-01	-2.70521e-06	4.500000e-01	
51	4.590000e-01	-2.71211e-06	4.590000e-01	
52	4.680000e-01	-2.71893e-06	4.680000e-01	
53	4.770000e-01	-2.72566e-06	4.770000e-01	
54	4.860000e-01	-2.73231e-06	4.860000e-01	

Index   v-sweep         vd#branch       v(d)            
--------------------------------------------------------------------------------
55	4.950000e-01	-2.73888e-06	4.950000e-01	
56	5.040000e-01	-2.74538e-06	5.040000e-01	
57	5.130000e-01	-2.75180e-06	5.130000e-01	
58	5.220000e-01	-2.75816e-06	5.220000e-01	
59	5.310000e-01	-2.76445e-06	5.310000e-01	
60	5.400000e-01	-2.77067e-06	5.400000e-01	
61	5.490000e-01	-2.77683e-06	5.490000e-01	
62	5.580000e-01	-2.78293e-06	5.580000e-01	
63	5.670000e-01	-2.78897e-06	5.670000e-01	
64	5.760000e-01	-2.79496e-06	5.760000e-01	
65	5.850000e-01	-2.80089e-06	5.850000e-01	
66	5.940000e-01	-2.80677e-06	5.940000e-01	
67	6.030000e-01	-2.81259e-06	6.030000e-01	
68	6.120000e-01	-2.81837e-06	6.120000e-01	
69	6.210000e-01	-2.82410e-06	6.210000e-01	
70	6.300000e-01	-2.82978e-06	6.300000e-01	
71	6.390000e-01	-2.83542e-06	6.390000e-01	
72	6.480000e-01	-2.84101e-06	6.480000e-01	
73	6.570000e-01	-2.84657e-06	6.570000e-01	
74	6.660000e-01	-2.85207e-06	6.660000e-01	
75	6.750000e-01	-2.85754e-06	6.750000e-01	
76	6.840000e-01	-2.86297e-06	6.840000e-01	
77	6.930000e-01	-2.86837e-06	6.930000e-01	
78	7.020000e-01	-2.87372e-06	7.020000e-01	
79	7.110000e-01	-2.87904e-06	7.110000e-01	
80	7.200000e-01	-2.88432e-06	7.200000e-01	
81	7.290000e-01	-2.88957e-06	7.290000e-01	
82	7.380000e-01	-2.89479e-06	7.380000e-01	
83	7.470000e-01	-2.89997e-06	7.470000e-01	
84	7.560000e-01	-2.90513e-06	7.560000e-01	
85	7.650000e-01	-2.91025e-06	7.650000e-01	
86	7.740000e-01	-2.91534e-06	7.740000e-01	
87	7.830000e-01	-2.92040e-06	7.830000e-01	
88	7.920000e-01	-2.92544e-06	7.920000e-01	
89	8.010000e-01	-2.93044e-06	8.010000e-01	
90	8.100000e-01	-2.93542e-06	8.100000e-01	
91	8.190000e-01	-2.94037e-06	8.190000e-01	
92	8.280000e-01	-2.94530e-06	8.280000e-01	
93	8.370000e-01	-2.95020e-06	8.370000e-01	
94	8.460000e-01	-2.95507e-06	8.460000e-01	
95	8.550000e-01	-2.95992e-06	8.550000e-01	
96	8.640000e-01	-2.96475e-06	8.640000e-01	
97	8.730000e-01	-2.96955e-06	8.730000e-01	
98	8.820000e-01	-2.97434e-06	8.820000e-01	
99	8.910000e-01	-2.97909e-06	8.910000e-01	
100	9.000000e-01	-2.98383e-06	9.000000e-01	


Total analysis time (seconds) = 0.185365

Total elapsed time (seconds) = 0.194 

Total DRAM available = 386307.215 MB.
DRAM currently available = 19421.684 MB.
Maximum ngspice program size =  529.723 MB.
Current ngspice program size =   14.078 MB.

Shared ngspice pages =   12.312 MB.
Text (code) pages =    6.266 MB.
Stack = 0 bytes.
Library pages =   59.141 MB.

