
Note: No compatibility mode selected!


Circuit: * 1t1c ccell=20.0ff

Doing analysis at TEMP = -40.000000 and TNOM = 27.000000

Using SPARSE 1.3 as Direct Linear Solver

Initial Transient Solution
--------------------------

Node                                   Voltage
----                                   -------
pre                                       0.45
bl                                        0.45
wl                                           0
plate                                        0
s                                            0
cell                                         0
vs#branch                                    0
vpl#branch                                   0
vwl#branch                                   0
vpre#branch                                  0


No. of Data Rows : 832

  Measurements for Transient Analysis

t_write             =  1.90036e-09
t_read              =  2.25808e-08
i_hold              =  -3.18843e-11 from=  2.50000e-08 to=  3.50250e-08
q_read              =   3.45038e-18 from=  1.20000e-08 to=  2.20000e-08

                              * 1t1c ccell=20.0ff
                              Transient Analysis  Tue Jun 23 23:56:55  2026
--------------------------------------------------------------------------------
Index   time            v(cell)         v(bl)           vpre#branch     
--------------------------------------------------------------------------------
0	0.000000e+00	0.000000e+00	4.500000e-01	0.000000e+00	
1	5.000000e-13	6.087086e-15	4.500000e-01	-1.62142e-19	
2	1.000000e-12	1.217404e-14	4.500000e-01	-3.15140e-19	
3	2.000000e-12	2.434795e-14	4.500000e-01	-6.20933e-19	
4	4.000000e-12	4.869575e-14	4.500000e-01	-1.23139e-18	
5	8.000000e-12	9.739136e-14	4.500000e-01	-2.44775e-18	
6	1.600000e-11	1.947826e-13	4.500000e-01	-4.86208e-18	
7	3.200000e-11	3.895650e-13	4.500000e-01	-9.61863e-18	
8	6.400000e-11	7.791299e-13	4.500000e-01	-1.88505e-17	
9	1.140000e-10	1.387825e-12	4.500000e-01	-3.25537e-17	
10	1.640000e-10	1.996520e-12	4.500000e-01	-4.54210e-17	
11	2.140000e-10	2.605215e-12	4.500000e-01	-5.75036e-17	
12	2.640000e-10	3.213910e-12	4.500000e-01	-6.88489e-17	
13	3.140000e-10	3.822605e-12	4.500000e-01	-7.95024e-17	
14	3.640000e-10	4.431300e-12	4.500000e-01	-8.95066e-17	
15	4.140000e-10	5.039995e-12	4.500000e-01	-9.89007e-17	
16	4.640000e-10	5.648690e-12	4.500000e-01	-1.07722e-16	
17	5.140000e-10	6.257386e-12	4.500000e-01	-1.16005e-16	
18	5.640000e-10	6.866081e-12	4.500000e-01	-1.23783e-16	
19	6.140000e-10	7.474776e-12	4.500000e-01	-1.31086e-16	
20	6.640000e-10	8.083471e-12	4.500000e-01	-1.37945e-16	
21	7.140000e-10	8.692166e-12	4.500000e-01	-1.44385e-16	
22	7.640000e-10	9.300861e-12	4.500000e-01	-1.50432e-16	
23	8.140000e-10	9.909556e-12	4.500000e-01	-1.56111e-16	
24	8.640000e-10	1.051825e-11	4.500000e-01	-1.61443e-16	
25	9.140000e-10	1.112695e-11	4.500000e-01	-1.66450e-16	
26	9.570000e-10	1.165042e-11	4.500000e-01	-1.70511e-16	
27	1.000000e-09	1.217390e-11	4.500000e-01	-1.74359e-16	
28	1.005000e-09	4.498223e-03	4.500000e-01	-1.74554e-16	
29	1.015000e-09	1.349465e-02	4.500000e-01	-1.74541e-16	
30	1.035000e-09	3.148750e-02	4.500000e-01	-1.72638e-16	
31	1.075000e-09	6.747319e-02	4.500000e-01	-1.64943e-16	
32	1.125000e-09	1.124553e-01	4.500000e-01	-1.53788e-16	
33	1.175000e-09	1.574374e-01	4.500000e-01	-1.44300e-16	
34	1.225000e-09	2.024196e-01	4.500000e-01	-1.36087e-16	
35	1.275000e-09	2.474017e-01	4.500000e-01	-1.28348e-16	
36	1.325000e-09	2.923838e-01	4.500000e-01	-1.21054e-16	
37	1.375000e-09	3.373659e-01	4.500000e-01	-1.14174e-16	
38	1.425000e-09	3.823481e-01	4.500000e-01	-1.07680e-16	
39	1.475000e-09	4.273302e-01	4.500000e-01	-1.01539e-16	
40	1.525000e-09	4.723123e-01	4.500000e-01	-9.56814e-17	
41	1.575000e-09	5.172944e-01	4.500000e-01	-8.97375e-17	
42	1.625000e-09	5.622765e-01	4.500000e-01	-8.37730e-17	
43	1.675000e-09	6.072587e-01	4.500000e-01	-7.81565e-17	
44	1.725000e-09	6.522408e-01	4.500000e-01	-7.28543e-17	
45	1.775000e-09	6.972229e-01	4.500000e-01	-6.78490e-17	
46	1.825000e-09	7.422050e-01	4.500000e-01	-6.31238e-17	
47	1.875000e-09	7.871872e-01	4.500000e-01	-5.86620e-17	
48	1.925000e-09	8.321693e-01	4.500000e-01	-5.44476e-17	
49	1.962500e-09	8.659059e-01	4.500000e-01	-5.14409e-17	
50	2.000000e-09	8.996425e-01	4.500000e-01	-4.85595e-17	
51	2.005000e-09	8.996425e-01	4.500000e-01	-4.81858e-17	
52	2.015000e-09	8.996425e-01	4.500000e-01	-4.74431e-17	
53	2.035000e-09	8.996425e-01	4.500000e-01	-4.59855e-17	
54	2.075000e-09	8.996425e-01	4.500000e-01	-4.31772e-17	

Index   time            v(cell)         v(bl)           vpre#branch     
--------------------------------------------------------------------------------
55	2.125000e-09	8.996425e-01	4.500000e-01	-3.98595e-17	
56	2.175000e-09	8.996425e-01	4.500000e-01	-3.67447e-17	
57	2.225000e-09	8.996425e-01	4.500000e-01	-3.38195e-17	
58	2.275000e-09	8.996425e-01	4.500000e-01	-3.10726e-17	
59	2.325000e-09	8.996425e-01	4.500000e-01	-2.84937e-17	
60	2.375000e-09	8.996425e-01	4.500000e-01	-2.60720e-17	
61	2.425000e-09	8.996425e-01	4.500000e-01	-2.37977e-17	
62	2.475000e-09	8.996425e-01	4.500000e-01	-2.16615e-17	
63	2.525000e-09	8.996425e-01	4.500000e-01	-1.96561e-17	
64	2.575000e-09	8.996425e-01	4.500000e-01	-1.77730e-17	
65	2.625000e-09	8.996425e-01	4.500000e-01	-1.60047e-17	
66	2.675000e-09	8.996425e-01	4.500000e-01	-1.43447e-17	
67	2.725000e-09	8.996425e-01	4.500000e-01	-1.27859e-17	
68	2.775000e-09	8.996425e-01	4.500000e-01	-1.13221e-17	
69	2.825000e-09	8.996425e-01	4.500000e-01	-9.94763e-18	
70	2.875000e-09	8.996425e-01	4.500000e-01	-8.65697e-18	
71	2.925000e-09	8.996425e-01	4.500000e-01	-7.44502e-18	
72	2.975000e-09	8.996425e-01	4.500000e-01	-6.30698e-18	
73	3.025000e-09	8.996425e-01	4.500000e-01	-5.23793e-18	
74	3.075000e-09	8.996425e-01	4.500000e-01	-4.23366e-18	
75	3.125000e-09	8.996425e-01	4.500000e-01	-3.29104e-18	
76	3.175000e-09	8.996425e-01	4.500000e-01	-2.40632e-18	
77	3.225000e-09	8.996425e-01	4.500000e-01	-1.57556e-18	
78	3.275000e-09	8.996425e-01	4.500000e-01	-7.95455e-19	
79	3.325000e-09	8.996425e-01	4.500000e-01	-6.25125e-20	
80	3.375000e-09	8.996425e-01	4.500000e-01	6.261451e-19	
81	3.425000e-09	8.996425e-01	4.500000e-01	1.272807e-18	
82	3.475000e-09	8.996425e-01	4.500000e-01	1.879620e-18	
83	3.525000e-09	8.996425e-01	4.500000e-01	2.449429e-18	
84	3.575000e-09	8.996425e-01	4.500000e-01	2.984487e-18	
85	3.625000e-09	8.996425e-01	4.500000e-01	3.486917e-18	
86	3.675000e-09	8.996425e-01	4.500000e-01	3.958707e-18	
87	3.725000e-09	8.996425e-01	4.500000e-01	4.401313e-18	
88	3.775000e-09	8.996425e-01	4.500000e-01	4.816927e-18	
89	3.825000e-09	8.996425e-01	4.500000e-01	5.207195e-18	
90	3.875000e-09	8.996425e-01	4.500000e-01	5.574074e-18	
91	3.925000e-09	8.996425e-01	4.500000e-01	5.918581e-18	
92	3.975000e-09	8.996425e-01	4.500000e-01	6.241663e-18	
93	4.025000e-09	8.996425e-01	4.500000e-01	6.545045e-18	
94	4.075000e-09	8.996425e-01	4.500000e-01	6.830341e-18	
95	4.125000e-09	8.996425e-01	4.500000e-01	7.098648e-18	
96	4.175000e-09	8.996425e-01	4.500000e-01	7.350182e-18	
97	4.225000e-09	8.996425e-01	4.500000e-01	7.585963e-18	
98	4.275000e-09	8.996425e-01	4.500000e-01	7.807366e-18	
99	4.325000e-09	8.996425e-01	4.500000e-01	8.015268e-18	
100	4.375000e-09	8.996425e-01	4.500000e-01	8.210490e-18	
101	4.425000e-09	8.996425e-01	4.500000e-01	8.393805e-18	
102	4.475000e-09	8.996425e-01	4.500000e-01	8.565942e-18	
103	4.525000e-09	8.996425e-01	4.500000e-01	8.727995e-18	
104	4.575000e-09	8.996425e-01	4.500000e-01	8.880168e-18	
105	4.625000e-09	8.996425e-01	4.500000e-01	9.022645e-18	
106	4.675000e-09	8.996425e-01	4.500000e-01	9.156848e-18	
107	4.725000e-09	8.996425e-01	4.500000e-01	9.282866e-18	
108	4.775000e-09	8.996425e-01	4.500000e-01	9.400785e-18	
109	4.825000e-09	8.996425e-01	4.500000e-01	9.511513e-18	
110	4.875000e-09	8.996425e-01	4.500000e-01	9.615490e-18	
111	4.925000e-09	8.996425e-01	4.500000e-01	9.713537e-18	
112	4.975000e-09	8.996425e-01	4.500000e-01	9.806019e-18	

Index   time            v(cell)         v(bl)           vpre#branch     
--------------------------------------------------------------------------------
113	5.025000e-09	8.996425e-01	4.500000e-01	9.892447e-18	
114	5.075000e-09	8.996425e-01	4.500000e-01	9.973607e-18	
115	5.125000e-09	8.996425e-01	4.500000e-01	1.004982e-17	
116	5.175000e-09	8.996425e-01	4.500000e-01	1.012096e-17	
117	5.225000e-09	8.996425e-01	4.500000e-01	1.018819e-17	
118	5.275000e-09	8.996425e-01	4.500000e-01	1.025172e-17	
119	5.325000e-09	8.996425e-01	4.500000e-01	1.031097e-17	
120	5.375000e-09	8.996425e-01	4.500000e-01	1.036619e-17	
121	5.425000e-09	8.996425e-01	4.500000e-01	1.041805e-17	
122	5.475000e-09	8.996425e-01	4.500000e-01	1.046674e-17	
123	5.525000e-09	8.996425e-01	4.500000e-01	1.051246e-17	
124	5.575000e-09	8.996425e-01	4.500000e-01	1.055581e-17	
125	5.625000e-09	8.996425e-01	4.500000e-01	1.059651e-17	
126	5.675000e-09	8.996425e-01	4.500000e-01	1.063432e-17	
127	5.725000e-09	8.996425e-01	4.500000e-01	1.066983e-17	
128	5.775000e-09	8.996425e-01	4.500000e-01	1.070358e-17	
129	5.825000e-09	8.996425e-01	4.500000e-01	1.073527e-17	
130	5.875000e-09	8.996425e-01	4.500000e-01	1.076503e-17	
131	5.925000e-09	8.996425e-01	4.500000e-01	1.079339e-17	
132	5.975000e-09	8.996425e-01	4.500000e-01	1.081960e-17	
133	6.025000e-09	8.996425e-01	4.500000e-01	1.084381e-17	
134	6.075000e-09	8.996425e-01	4.500000e-01	1.086653e-17	
135	6.125000e-09	8.996425e-01	4.500000e-01	1.088829e-17	
136	6.175000e-09	8.996425e-01	4.500000e-01	1.090913e-17	
137	6.225000e-09	8.996425e-01	4.500000e-01	1.092829e-17	
138	6.275000e-09	8.996425e-01	4.500000e-01	1.094586e-17	
139	6.325000e-09	8.996425e-01	4.500000e-01	1.096237e-17	
140	6.375000e-09	8.996425e-01	4.500000e-01	1.097828e-17	
141	6.425000e-09	8.996425e-01	4.500000e-01	1.099322e-17	
142	6.475000e-09	8.996425e-01	4.500000e-01	1.100725e-17	
143	6.525000e-09	8.996425e-01	4.500000e-01	1.102042e-17	
144	6.575000e-09	8.996425e-01	4.500000e-01	1.103238e-17	
145	6.625000e-09	8.996425e-01	4.500000e-01	1.104361e-17	
146	6.675000e-09	8.996425e-01	4.500000e-01	1.105415e-17	
147	6.725000e-09	8.996425e-01	4.500000e-01	1.106405e-17	
148	6.775000e-09	8.996425e-01	4.500000e-01	1.107376e-17	
149	6.825000e-09	8.996425e-01	4.500000e-01	1.108288e-17	
150	6.875000e-09	8.996425e-01	4.500000e-01	1.109144e-17	
151	6.925000e-09	8.996425e-01	4.500000e-01	1.109948e-17	
152	6.962500e-09	8.996425e-01	4.500000e-01	1.110548e-17	
153	7.000000e-09	8.996425e-01	4.500000e-01	1.111143e-17	
154	7.005000e-09	8.771513e-01	4.500000e-01	1.111089e-17	
155	7.015000e-09	8.321692e-01	4.500000e-01	1.110739e-17	
156	7.035000e-09	7.422050e-01	4.500000e-01	1.108606e-17	
157	7.067500e-09	5.960131e-01	4.500000e-01	1.100977e-17	
158	7.100000e-09	4.498212e-01	4.500000e-01	1.087368e-17	
159	7.105000e-09	4.498212e-01	4.500000e-01	1.080350e-17	
160	7.115000e-09	4.498212e-01	4.500000e-01	1.066420e-17	
161	7.135000e-09	4.498212e-01	4.500000e-01	1.039087e-17	
162	7.175000e-09	4.498212e-01	4.500000e-01	9.863977e-18	
163	7.225000e-09	4.498212e-01	4.500000e-01	9.241306e-18	
164	7.275000e-09	4.498212e-01	4.500000e-01	8.657074e-18	
165	7.325000e-09	4.498212e-01	4.500000e-01	8.108470e-18	
166	7.375000e-09	4.498212e-01	4.500000e-01	7.592908e-18	
167	7.425000e-09	4.498212e-01	4.500000e-01	7.108788e-18	
168	7.475000e-09	4.498212e-01	4.500000e-01	6.654190e-18	
169	7.525000e-09	4.498212e-01	4.500000e-01	6.227733e-18	
170	7.575000e-09	4.498212e-01	4.500000e-01	5.827693e-18	

Index   time            v(cell)         v(bl)           vpre#branch     
--------------------------------------------------------------------------------
171	7.625000e-09	4.498212e-01	4.500000e-01	5.451638e-18	
172	7.675000e-09	4.498212e-01	4.500000e-01	5.098512e-18	
173	7.725000e-09	4.498212e-01	4.500000e-01	4.766921e-18	
174	7.775000e-09	4.498212e-01	4.500000e-01	4.455139e-18	
175	7.825000e-09	4.498212e-01	4.500000e-01	4.162371e-18	
176	7.875000e-09	4.498212e-01	4.500000e-01	3.887456e-18	
177	7.925000e-09	4.498212e-01	4.500000e-01	3.629305e-18	
178	7.975000e-09	4.498212e-01	4.500000e-01	3.387310e-18	
179	8.025000e-09	4.498212e-01	4.500000e-01	3.160073e-18	
180	8.075000e-09	4.498212e-01	4.500000e-01	2.946694e-18	
181	8.125000e-09	4.498212e-01	4.500000e-01	2.746741e-18	
182	8.175000e-09	4.498212e-01	4.500000e-01	2.558981e-18	
183	8.225000e-09	4.498212e-01	4.500000e-01	2.382259e-18	
184	8.275000e-09	4.498212e-01	4.500000e-01	2.216313e-18	
185	8.325000e-09	4.498212e-01	4.500000e-01	2.060571e-18	
186	8.375000e-09	4.498212e-01	4.500000e-01	1.914327e-18	
187	8.425000e-09	4.498212e-01	4.500000e-01	1.777003e-18	
188	8.475000e-09	4.498212e-01	4.500000e-01	1.647639e-18	
189	8.525000e-09	4.498212e-01	4.500000e-01	1.526166e-18	
190	8.575000e-09	4.498212e-01	4.500000e-01	1.412510e-18	
191	8.625000e-09	4.498212e-01	4.500000e-01	1.305787e-18	
192	8.675000e-09	4.498212e-01	4.500000e-01	1.205572e-18	
193	8.725000e-09	4.498212e-01	4.500000e-01	1.111469e-18	
194	8.775000e-09	4.498212e-01	4.500000e-01	1.023104e-18	
195	8.825000e-09	4.498212e-01	4.500000e-01	9.401296e-19	
196	8.875000e-09	4.498212e-01	4.500000e-01	8.617998e-19	
197	8.925000e-09	4.498212e-01	4.500000e-01	7.882494e-19	
198	8.975000e-09	4.498212e-01	4.500000e-01	7.195942e-19	
199	9.025000e-09	4.498212e-01	4.500000e-01	6.551279e-19	
200	9.075000e-09	4.498212e-01	4.500000e-01	5.945923e-19	
201	9.125000e-09	4.498212e-01	4.500000e-01	5.377509e-19	
202	9.175000e-09	4.498212e-01	4.500000e-01	4.843746e-19	
203	9.225000e-09	4.498212e-01	4.500000e-01	4.342533e-19	
204	9.275000e-09	4.498212e-01	4.500000e-01	3.871900e-19	
205	9.325000e-09	4.498212e-01	4.500000e-01	3.429987e-19	
206	9.375000e-09	4.498212e-01	4.500000e-01	3.010846e-19	
207	9.425000e-09	4.498212e-01	4.500000e-01	2.617290e-19	
208	9.475000e-09	4.498212e-01	4.500000e-01	2.251850e-19	
209	9.525000e-09	4.498212e-01	4.500000e-01	1.908678e-19	
210	9.575000e-09	4.498212e-01	4.500000e-01	1.586433e-19	
211	9.625000e-09	4.498212e-01	4.500000e-01	1.283859e-19	
212	9.675000e-09	4.498212e-01	4.500000e-01	9.997222e-20	
213	9.725000e-09	4.498212e-01	4.500000e-01	7.329317e-20	
214	9.775000e-09	4.498212e-01	4.500000e-01	4.823869e-20	
215	9.825000e-09	4.498212e-01	4.500000e-01	2.471368e-20	
216	9.875000e-09	4.498212e-01	4.500000e-01	2.209399e-21	
217	9.925000e-09	4.498212e-01	4.500000e-01	-1.89234e-20	
218	9.975000e-09	4.498212e-01	4.500000e-01	-3.87650e-20	
219	1.002500e-08	4.498212e-01	4.500000e-01	-5.73972e-20	
220	1.007500e-08	4.498212e-01	4.500000e-01	-7.44818e-20	
221	1.012500e-08	4.498212e-01	4.500000e-01	-9.05225e-20	
222	1.017500e-08	4.498212e-01	4.500000e-01	-1.05585e-19	
223	1.022500e-08	4.498212e-01	4.500000e-01	-1.19729e-19	
224	1.027500e-08	4.498212e-01	4.500000e-01	-1.33011e-19	
225	1.032500e-08	4.498212e-01	4.500000e-01	-1.45481e-19	
226	1.037500e-08	4.498212e-01	4.500000e-01	-1.57194e-19	
227	1.042500e-08	4.498212e-01	4.500000e-01	-1.68190e-19	
228	1.047500e-08	4.498212e-01	4.500000e-01	-1.78518e-19	

Index   time            v(cell)         v(bl)           vpre#branch     
--------------------------------------------------------------------------------
229	1.052500e-08	4.498212e-01	4.500000e-01	-1.88214e-19	
230	1.057500e-08	4.498212e-01	4.500000e-01	-1.97734e-19	
231	1.062500e-08	4.498212e-01	4.500000e-01	-2.06669e-19	
232	1.067500e-08	4.498212e-01	4.500000e-01	-2.15063e-19	
233	1.072500e-08	4.498212e-01	4.500000e-01	-2.22943e-19	
234	1.077500e-08	4.498212e-01	4.500000e-01	-2.29931e-19	
235	1.082500e-08	4.498212e-01	4.500000e-01	-2.36492e-19	
236	1.087500e-08	4.498212e-01	4.500000e-01	-2.42652e-19	
237	1.092500e-08	4.498212e-01	4.500000e-01	-2.48434e-19	
238	1.096250e-08	4.498212e-01	4.500000e-01	-2.53400e-19	
239	1.100000e-08	4.498212e-01	4.500000e-01	-2.58117e-19	
240	1.100500e-08	4.498230e-01	4.544717e-01	4.471705e-11	
241	1.101500e-08	4.498266e-01	4.633592e-01	1.335921e-10	
242	1.103500e-08	4.498337e-01	4.808030e-01	3.080297e-10	
243	1.107500e-08	4.498480e-01	5.144061e-01	6.440612e-10	
244	1.112500e-08	4.498659e-01	5.541047e-01	1.041047e-09	
245	1.117500e-08	4.498838e-01	5.913823e-01	1.413823e-09	
246	1.122500e-08	4.499017e-01	6.263866e-01	1.763866e-09	
247	1.127500e-08	4.499195e-01	6.592562e-01	2.092562e-09	
248	1.132500e-08	4.499374e-01	6.901213e-01	2.401213e-09	
249	1.137500e-08	4.499553e-01	7.191041e-01	2.691041e-09	
250	1.142500e-08	4.499732e-01	7.463195e-01	2.963195e-09	
251	1.147500e-08	4.499911e-01	7.718752e-01	3.218752e-09	
252	1.152500e-08	4.500089e-01	7.958725e-01	3.458725e-09	
253	1.157500e-08	4.500268e-01	8.184062e-01	3.684062e-09	
254	1.162500e-08	4.500447e-01	8.395658e-01	3.895658e-09	
255	1.167500e-08	4.500626e-01	8.594350e-01	4.094350e-09	
256	1.172500e-08	4.500804e-01	8.780922e-01	4.280922e-09	
257	1.177500e-08	4.500983e-01	8.956105e-01	4.456105e-09	
258	1.182500e-08	4.501162e-01	9.120554e-01	4.620554e-09	
259	1.187500e-08	4.501341e-01	9.274748e-01	4.774748e-09	
260	1.192500e-08	4.501520e-01	9.417724e-01	4.917724e-09	
261	1.196250e-08	4.501657e-01	9.515100e-01	5.015100e-09	
262	1.200000e-08	4.501798e-01	9.596589e-01	5.096589e-09	
263	1.200500e-08	4.501799e-01	9.561272e-01	5.061272e-09	
264	1.201500e-08	4.501802e-01	9.491135e-01	4.991135e-09	
265	1.203500e-08	4.501808e-01	9.353793e-01	4.853793e-09	
266	1.207500e-08	4.501818e-01	9.090406e-01	4.590406e-09	
267	1.212500e-08	4.501830e-01	8.781250e-01	4.281250e-09	
268	1.217500e-08	4.501841e-01	8.492914e-01	3.992914e-09	
269	1.222500e-08	4.501851e-01	8.223882e-01	3.723882e-09	
270	1.227500e-08	4.501861e-01	7.972781e-01	3.472781e-09	
271	1.232500e-08	4.501871e-01	7.738348e-01	3.238348e-09	
272	1.237500e-08	4.501879e-01	7.519420e-01	3.019420e-09	
273	1.242500e-08	4.501888e-01	7.314925e-01	2.814925e-09	
274	1.247500e-08	4.501896e-01	7.123871e-01	2.623871e-09	
275	1.252500e-08	4.501903e-01	6.945342e-01	2.445342e-09	
276	1.257500e-08	4.501910e-01	6.778488e-01	2.278488e-09	
277	1.262500e-08	4.501917e-01	6.622523e-01	2.122523e-09	
278	1.267500e-08	4.501924e-01	6.476716e-01	1.976716e-09	
279	1.272500e-08	4.501931e-01	6.340390e-01	1.840390e-09	
280	1.277500e-08	4.501937e-01	6.212912e-01	1.712912e-09	
281	1.282500e-08	4.501943e-01	6.093698e-01	1.593698e-09	
282	1.287500e-08	4.501949e-01	5.982202e-01	1.482202e-09	
283	1.292500e-08	4.501954e-01	5.877916e-01	1.377916e-09	
284	1.297500e-08	4.501960e-01	5.780367e-01	1.280367e-09	
285	1.302500e-08	4.501965e-01	5.689115e-01	1.189115e-09	
286	1.307500e-08	4.501971e-01	5.603748e-01	1.103748e-09	

Index   time            v(cell)         v(bl)           vpre#branch     
--------------------------------------------------------------------------------
287	1.312500e-08	4.501976e-01	5.523885e-01	1.023885e-09	
288	1.317500e-08	4.501981e-01	5.449167e-01	9.491674e-10	
289	1.322500e-08	4.501986e-01	5.379263e-01	8.792632e-10	
290	1.327500e-08	4.501991e-01	5.313861e-01	8.138613e-10	
291	1.332500e-08	4.501995e-01	5.252672e-01	7.526721e-10	
292	1.337500e-08	4.502000e-01	5.195425e-01	6.954252e-10	
293	1.342500e-08	4.502005e-01	5.141868e-01	6.418682e-10	
294	1.347500e-08	4.502009e-01	5.091766e-01	5.917657e-10	
295	1.352500e-08	4.502013e-01	5.044898e-01	5.448978e-10	
296	1.357500e-08	4.502018e-01	5.001059e-01	5.010594e-10	
297	1.362500e-08	4.502022e-01	4.960059e-01	4.600590e-10	
298	1.367500e-08	4.502026e-01	4.921718e-01	4.217181e-10	
299	1.372500e-08	4.502030e-01	4.885870e-01	3.858698e-10	
300	1.377500e-08	4.502034e-01	4.852358e-01	3.523585e-10	
301	1.382500e-08	4.502039e-01	4.821039e-01	3.210390e-10	
302	1.387500e-08	4.502042e-01	4.791776e-01	2.917761e-10	
303	1.392500e-08	4.502046e-01	4.764443e-01	2.644434e-10	
304	1.397500e-08	4.502050e-01	4.738923e-01	2.389234e-10	
305	1.402500e-08	4.502054e-01	4.715107e-01	2.151068e-10	
306	1.407500e-08	4.502058e-01	4.692892e-01	1.928918e-10	
307	1.412500e-08	4.502061e-01	4.672184e-01	1.721843e-10	
308	1.417500e-08	4.502065e-01	4.652897e-01	1.528971e-10	
309	1.422500e-08	4.502069e-01	4.634950e-01	1.349501e-10	
310	1.427500e-08	4.502072e-01	4.618270e-01	1.182700e-10	
311	1.432500e-08	4.502075e-01	4.602791e-01	1.027912e-10	
312	1.437500e-08	4.502079e-01	4.588455e-01	8.845529e-11	
313	1.442500e-08	4.502082e-01	4.575213e-01	7.521344e-11	
314	1.447500e-08	4.502085e-01	4.563028e-01	6.302817e-11	
315	1.452500e-08	4.502088e-01	4.551878e-01	5.187828e-11	
316	1.457500e-08	4.502091e-01	4.541804e-01	4.180406e-11	
317	1.462500e-08	4.502093e-01	4.532869e-01	3.286894e-11	
318	1.467500e-08	4.502096e-01	4.525164e-01	2.516401e-11	
319	1.472500e-08	4.502098e-01	4.518828e-01	1.882778e-11	
320	1.477500e-08	4.502099e-01	4.513904e-01	1.390445e-11	
321	1.482500e-08	4.502101e-01	4.510240e-01	1.024028e-11	
322	1.487500e-08	4.502101e-01	4.507613e-01	7.613102e-12	
323	1.492500e-08	4.502102e-01	4.505794e-01	5.793569e-12	
324	1.497500e-08	4.502102e-01	4.504538e-01	4.537573e-12	
325	1.502500e-08	4.502102e-01	4.503671e-01	3.670741e-12	
326	1.507500e-08	4.502103e-01	4.503073e-01	3.072551e-12	
327	1.512500e-08	4.502103e-01	4.502660e-01	2.659843e-12	
328	1.517500e-08	4.502103e-01	4.502375e-01	2.375176e-12	
329	1.522500e-08	4.502103e-01	4.502179e-01	2.178861e-12	
330	1.527500e-08	4.502103e-01	4.502043e-01	2.043497e-12	
331	1.532500e-08	4.502103e-01	4.501950e-01	1.950166e-12	
332	1.537500e-08	4.502103e-01	4.501886e-01	1.885819e-12	
333	1.542500e-08	4.502103e-01	4.501841e-01	1.841453e-12	
334	1.547500e-08	4.502103e-01	4.501811e-01	1.810862e-12	
335	1.552500e-08	4.502103e-01	4.501790e-01	1.789766e-12	
336	1.557500e-08	4.502103e-01	4.501775e-01	1.775215e-12	
337	1.562500e-08	4.502103e-01	4.501765e-01	1.765174e-12	
338	1.567500e-08	4.502103e-01	4.501758e-01	1.758243e-12	
339	1.572500e-08	4.502103e-01	4.501753e-01	1.753454e-12	
340	1.577500e-08	4.502102e-01	4.501750e-01	1.750143e-12	
341	1.582500e-08	4.502102e-01	4.501748e-01	1.747849e-12	
342	1.587500e-08	4.502102e-01	4.501746e-01	1.746258e-12	
343	1.592500e-08	4.502102e-01	4.501745e-01	1.745149e-12	
344	1.597500e-08	4.502102e-01	4.501744e-01	1.744374e-12	

Index   time            v(cell)         v(bl)           vpre#branch     
--------------------------------------------------------------------------------
345	1.602500e-08	4.502102e-01	4.501744e-01	1.743828e-12	
346	1.607500e-08	4.502102e-01	4.501743e-01	1.743442e-12	
347	1.612500e-08	4.502102e-01	4.501743e-01	1.743163e-12	
348	1.617500e-08	4.502102e-01	4.501743e-01	1.742961e-12	
349	1.622500e-08	4.502102e-01	4.501743e-01	1.742809e-12	
350	1.627500e-08	4.502102e-01	4.501743e-01	1.742695e-12	
351	1.632500e-08	4.502102e-01	4.501743e-01	1.742603e-12	
352	1.637500e-08	4.502102e-01	4.501743e-01	1.742530e-12	
353	1.642500e-08	4.502102e-01	4.501742e-01	1.742468e-12	
354	1.647500e-08	4.502102e-01	4.501742e-01	1.742414e-12	
355	1.652500e-08	4.502102e-01	4.501742e-01	1.742365e-12	
356	1.657500e-08	4.502102e-01	4.501742e-01	1.742322e-12	
357	1.662500e-08	4.502102e-01	4.501742e-01	1.742279e-12	
358	1.667500e-08	4.502102e-01	4.501742e-01	1.742240e-12	
359	1.672500e-08	4.502102e-01	4.501742e-01	1.742200e-12	
360	1.677500e-08	4.502102e-01	4.501742e-01	1.742163e-12	
361	1.682500e-08	4.502102e-01	4.501742e-01	1.742125e-12	
362	1.687500e-08	4.502102e-01	4.501742e-01	1.742088e-12	
363	1.692500e-08	4.502101e-01	4.501742e-01	1.742051e-12	
364	1.697500e-08	4.502101e-01	4.501742e-01	1.742015e-12	
365	1.702500e-08	4.502101e-01	4.501742e-01	1.741978e-12	
366	1.707500e-08	4.502101e-01	4.501742e-01	1.741943e-12	
367	1.712500e-08	4.502101e-01	4.501742e-01	1.741906e-12	
368	1.717500e-08	4.502101e-01	4.501742e-01	1.741870e-12	
369	1.722500e-08	4.502101e-01	4.501742e-01	1.741834e-12	
370	1.727500e-08	4.502101e-01	4.501742e-01	1.741798e-12	
371	1.732500e-08	4.502101e-01	4.501742e-01	1.741762e-12	
372	1.737500e-08	4.502101e-01	4.501742e-01	1.741726e-12	
373	1.742500e-08	4.502101e-01	4.501742e-01	1.741690e-12	
374	1.747500e-08	4.502101e-01	4.501742e-01	1.741654e-12	
375	1.752500e-08	4.502101e-01	4.501742e-01	1.741617e-12	
376	1.757500e-08	4.502101e-01	4.501742e-01	1.741582e-12	
377	1.762500e-08	4.502101e-01	4.501742e-01	1.741545e-12	
378	1.767500e-08	4.502101e-01	4.501742e-01	1.741510e-12	
379	1.772500e-08	4.502101e-01	4.501741e-01	1.741473e-12	
380	1.777500e-08	4.502101e-01	4.501741e-01	1.741438e-12	
381	1.782500e-08	4.502101e-01	4.501741e-01	1.741401e-12	
382	1.787500e-08	4.502101e-01	4.501741e-01	1.741366e-12	
383	1.792500e-08	4.502101e-01	4.501741e-01	1.741329e-12	
384	1.797500e-08	4.502101e-01	4.501741e-01	1.741294e-12	
385	1.802500e-08	4.502101e-01	4.501741e-01	1.741257e-12	
386	1.807500e-08	4.502100e-01	4.501741e-01	1.741222e-12	
387	1.812500e-08	4.502100e-01	4.501741e-01	1.741185e-12	
388	1.817500e-08	4.502100e-01	4.501741e-01	1.741150e-12	
389	1.822500e-08	4.502100e-01	4.501741e-01	1.741113e-12	
390	1.827500e-08	4.502100e-01	4.501741e-01	1.741078e-12	
391	1.832500e-08	4.502100e-01	4.501741e-01	1.741041e-12	
392	1.837500e-08	4.502100e-01	4.501741e-01	1.741006e-12	
393	1.842500e-08	4.502100e-01	4.501741e-01	1.740969e-12	
394	1.847500e-08	4.502100e-01	4.501741e-01	1.740934e-12	
395	1.852500e-08	4.502100e-01	4.501741e-01	1.740897e-12	
396	1.857500e-08	4.502100e-01	4.501741e-01	1.740862e-12	
397	1.862500e-08	4.502100e-01	4.501741e-01	1.740825e-12	
398	1.867500e-08	4.502100e-01	4.501741e-01	1.740790e-12	
399	1.872500e-08	4.502100e-01	4.501741e-01	1.740753e-12	
400	1.877500e-08	4.502100e-01	4.501741e-01	1.740718e-12	
401	1.882500e-08	4.502100e-01	4.501741e-01	1.740681e-12	
402	1.887500e-08	4.502100e-01	4.501741e-01	1.740646e-12	

Index   time            v(cell)         v(bl)           vpre#branch     
--------------------------------------------------------------------------------
403	1.892500e-08	4.502100e-01	4.501741e-01	1.740609e-12	
404	1.897500e-08	4.502100e-01	4.501741e-01	1.740574e-12	
405	1.902500e-08	4.502100e-01	4.501741e-01	1.740537e-12	
406	1.907500e-08	4.502100e-01	4.501741e-01	1.740501e-12	
407	1.912500e-08	4.502100e-01	4.501740e-01	1.740465e-12	
408	1.917500e-08	4.502100e-01	4.501740e-01	1.740429e-12	
409	1.922500e-08	4.502099e-01	4.501740e-01	1.740393e-12	
410	1.927500e-08	4.502099e-01	4.501740e-01	1.740357e-12	
411	1.932500e-08	4.502099e-01	4.501740e-01	1.740321e-12	
412	1.937500e-08	4.502099e-01	4.501740e-01	1.740285e-12	
413	1.942500e-08	4.502099e-01	4.501740e-01	1.740249e-12	
414	1.947500e-08	4.502099e-01	4.501740e-01	1.740213e-12	
415	1.952500e-08	4.502099e-01	4.501740e-01	1.740177e-12	
416	1.957500e-08	4.502099e-01	4.501740e-01	1.740141e-12	
417	1.962500e-08	4.502099e-01	4.501740e-01	1.740105e-12	
418	1.967500e-08	4.502099e-01	4.501740e-01	1.740069e-12	
419	1.972500e-08	4.502099e-01	4.501740e-01	1.740033e-12	
420	1.977500e-08	4.502099e-01	4.501740e-01	1.739997e-12	
421	1.982500e-08	4.502099e-01	4.501740e-01	1.739961e-12	
422	1.987500e-08	4.502099e-01	4.501740e-01	1.739926e-12	
423	1.992500e-08	4.502099e-01	4.501740e-01	1.739889e-12	
424	1.997500e-08	4.502099e-01	4.501740e-01	1.739854e-12	
425	2.002500e-08	4.502099e-01	4.501740e-01	1.739817e-12	
426	2.007500e-08	4.502099e-01	4.501740e-01	1.739782e-12	
427	2.012500e-08	4.502099e-01	4.501740e-01	1.739745e-12	
428	2.017500e-08	4.502099e-01	4.501740e-01	1.739710e-12	
429	2.022500e-08	4.502099e-01	4.501740e-01	1.739673e-12	
430	2.027500e-08	4.502099e-01	4.501740e-01	1.739638e-12	
431	2.032500e-08	4.502099e-01	4.501740e-01	1.739601e-12	
432	2.037500e-08	4.502098e-01	4.501740e-01	1.739566e-12	
433	2.042500e-08	4.502098e-01	4.501740e-01	1.739529e-12	
434	2.047500e-08	4.502098e-01	4.501739e-01	1.739494e-12	
435	2.052500e-08	4.502098e-01	4.501739e-01	1.739457e-12	
436	2.057500e-08	4.502098e-01	4.501739e-01	1.739422e-12	
437	2.062500e-08	4.502098e-01	4.501739e-01	1.739385e-12	
438	2.067500e-08	4.502098e-01	4.501739e-01	1.739350e-12	
439	2.072500e-08	4.502098e-01	4.501739e-01	1.739313e-12	
440	2.077500e-08	4.502098e-01	4.501739e-01	1.739278e-12	
441	2.082500e-08	4.502098e-01	4.501739e-01	1.739241e-12	
442	2.087500e-08	4.502098e-01	4.501739e-01	1.739206e-12	
443	2.092500e-08	4.502098e-01	4.501739e-01	1.739169e-12	
444	2.097500e-08	4.502098e-01	4.501739e-01	1.739134e-12	
445	2.102500e-08	4.502098e-01	4.501739e-01	1.739097e-12	
446	2.107500e-08	4.502098e-01	4.501739e-01	1.739062e-12	
447	2.112500e-08	4.502098e-01	4.501739e-01	1.739025e-12	
448	2.117500e-08	4.502098e-01	4.501739e-01	1.738990e-12	
449	2.122500e-08	4.502098e-01	4.501739e-01	1.738953e-12	
450	2.127500e-08	4.502098e-01	4.501739e-01	1.738918e-12	
451	2.132500e-08	4.502098e-01	4.501739e-01	1.738882e-12	
452	2.137500e-08	4.502098e-01	4.501739e-01	1.738846e-12	
453	2.142500e-08	4.502098e-01	4.501739e-01	1.738810e-12	
454	2.147500e-08	4.502098e-01	4.501739e-01	1.738774e-12	
455	2.152500e-08	4.502097e-01	4.501739e-01	1.738738e-12	
456	2.157500e-08	4.502097e-01	4.501739e-01	1.738702e-12	
457	2.162500e-08	4.502097e-01	4.501739e-01	1.738666e-12	
458	2.167500e-08	4.502097e-01	4.501739e-01	1.738630e-12	
459	2.172500e-08	4.502097e-01	4.501739e-01	1.738594e-12	
460	2.177500e-08	4.502097e-01	4.501739e-01	1.738558e-12	

Index   time            v(cell)         v(bl)           vpre#branch     
--------------------------------------------------------------------------------
461	2.182500e-08	4.502097e-01	4.501739e-01	1.738522e-12	
462	2.187500e-08	4.502097e-01	4.501738e-01	1.738486e-12	
463	2.192500e-08	4.502097e-01	4.501738e-01	1.738450e-12	
464	2.196250e-08	4.502097e-01	4.501738e-01	1.738423e-12	
465	2.200000e-08	4.502097e-01	4.501738e-01	1.738396e-12	
466	2.200500e-08	4.502079e-01	4.457723e-01	-4.22766e-11	
467	2.201500e-08	4.502043e-01	4.370388e-01	-1.29612e-10	
468	2.203500e-08	4.501970e-01	4.199459e-01	-3.00541e-10	
469	2.207500e-08	4.501823e-01	3.870777e-01	-6.29223e-10	
470	2.212500e-08	4.501641e-01	3.482241e-01	-1.01776e-09	
471	2.217500e-08	4.501459e-01	3.116078e-01	-1.38392e-09	
472	2.222500e-08	4.501277e-01	2.770601e-01	-1.72940e-09	
473	2.227500e-08	4.501097e-01	2.444515e-01	-2.05548e-09	
474	2.232500e-08	4.500917e-01	2.136833e-01	-2.36317e-09	
475	2.237500e-08	4.500737e-01	1.846748e-01	-2.65325e-09	
476	2.242500e-08	4.500558e-01	1.573521e-01	-2.92648e-09	
477	2.247500e-08	4.500379e-01	1.316413e-01	-3.18359e-09	
478	2.252500e-08	4.500200e-01	1.074657e-01	-3.42534e-09	
479	2.257500e-08	4.500021e-01	8.474606e-02	-3.65254e-09	
480	2.262500e-08	4.499842e-01	6.340241e-02	-3.86598e-09	
481	2.267500e-08	4.499663e-01	4.335574e-02	-4.06644e-09	
482	2.272500e-08	4.499484e-01	2.452948e-02	-4.25471e-09	
483	2.277500e-08	4.499306e-01	6.850401e-03	-4.43150e-09	
484	2.282500e-08	4.499127e-01	-9.75091e-03	-4.59751e-09	
485	2.287500e-08	4.498948e-01	-2.53399e-02	-4.75340e-09	
486	2.292500e-08	4.498769e-01	-3.99784e-02	-4.89978e-09	
487	2.296250e-08	4.498635e-01	-5.03668e-02	-5.00367e-09	
488	2.300000e-08	4.498501e-01	-6.02765e-02	-5.10277e-09	
489	2.300500e-08	4.498501e-01	-5.70869e-02	-5.07087e-09	
490	2.301500e-08	4.498501e-01	-5.07475e-02	-5.00747e-09	
491	2.303500e-08	4.498501e-01	-3.83049e-02	-4.88305e-09	
492	2.307500e-08	4.498501e-01	-1.43360e-02	-4.64336e-09	
493	2.312500e-08	4.498501e-01	1.398077e-02	-4.36019e-09	
494	2.317500e-08	4.498501e-01	4.057068e-02	-4.09429e-09	
495	2.322500e-08	4.498501e-01	6.553905e-02	-3.84461e-09	
496	2.327500e-08	4.498501e-01	8.898476e-02	-3.61015e-09	
497	2.332500e-08	4.498501e-01	1.110007e-01	-3.38999e-09	
498	2.337500e-08	4.498501e-01	1.316740e-01	-3.18326e-09	
499	2.342500e-08	4.498501e-01	1.510866e-01	-2.98913e-09	
500	2.347500e-08	4.498501e-01	1.693153e-01	-2.80685e-09	
501	2.352500e-08	4.498501e-01	1.864324e-01	-2.63568e-09	
502	2.357500e-08	4.498501e-01	2.025056e-01	-2.47494e-09	
503	2.362500e-08	4.498501e-01	2.175987e-01	-2.32401e-09	
504	2.367500e-08	4.498501e-01	2.317713e-01	-2.18229e-09	
505	2.372500e-08	4.498501e-01	2.450796e-01	-2.04920e-09	
506	2.377500e-08	4.498501e-01	2.575763e-01	-1.92424e-09	
507	2.382500e-08	4.498501e-01	2.693110e-01	-1.80689e-09	
508	2.387500e-08	4.498501e-01	2.803300e-01	-1.69670e-09	
509	2.392500e-08	4.498501e-01	2.906770e-01	-1.59323e-09	
510	2.397500e-08	4.498501e-01	3.003931e-01	-1.49607e-09	
511	2.402500e-08	4.498501e-01	3.095166e-01	-1.40483e-09	
512	2.407500e-08	4.498501e-01	3.180838e-01	-1.31916e-09	
513	2.412500e-08	4.498501e-01	3.261285e-01	-1.23872e-09	
514	2.417500e-08	4.498501e-01	3.336826e-01	-1.16317e-09	
515	2.422500e-08	4.498501e-01	3.407760e-01	-1.09224e-09	
516	2.427500e-08	4.498501e-01	3.474368e-01	-1.02563e-09	
517	2.432500e-08	4.498501e-01	3.536915e-01	-9.63085e-10	
518	2.437500e-08	4.498501e-01	3.595647e-01	-9.04353e-10	

Index   time            v(cell)         v(bl)           vpre#branch     
--------------------------------------------------------------------------------
519	2.442500e-08	4.498501e-01	3.650797e-01	-8.49203e-10	
520	2.447500e-08	4.498501e-01	3.702585e-01	-7.97415e-10	
521	2.452500e-08	4.498501e-01	3.751214e-01	-7.48786e-10	
522	2.457500e-08	4.498501e-01	3.796877e-01	-7.03123e-10	
523	2.462500e-08	4.498501e-01	3.839756e-01	-6.60244e-10	
524	2.467500e-08	4.498501e-01	3.880020e-01	-6.19980e-10	
525	2.472500e-08	4.498501e-01	3.917828e-01	-5.82172e-10	
526	2.477500e-08	4.498501e-01	3.953331e-01	-5.46669e-10	
527	2.482500e-08	4.498501e-01	3.986669e-01	-5.13331e-10	
528	2.487500e-08	4.498501e-01	4.017973e-01	-4.82027e-10	
529	2.492500e-08	4.498501e-01	4.047369e-01	-4.52631e-10	
530	2.497500e-08	4.498501e-01	4.074972e-01	-4.25028e-10	
531	2.502500e-08	4.498501e-01	4.100892e-01	-3.99108e-10	
532	2.507500e-08	4.498501e-01	4.125231e-01	-3.74769e-10	
533	2.512500e-08	4.498501e-01	4.148085e-01	-3.51915e-10	
534	2.517500e-08	4.498501e-01	4.169546e-01	-3.30454e-10	
535	2.522500e-08	4.498501e-01	4.189698e-01	-3.10302e-10	
536	2.527500e-08	4.498501e-01	4.208622e-01	-2.91378e-10	
537	2.532500e-08	4.498501e-01	4.226391e-01	-2.73609e-10	
538	2.537500e-08	4.498501e-01	4.243076e-01	-2.56924e-10	
539	2.542500e-08	4.498501e-01	4.258744e-01	-2.41256e-10	
540	2.547500e-08	4.498501e-01	4.273457e-01	-2.26543e-10	
541	2.552500e-08	4.498501e-01	4.287272e-01	-2.12728e-10	
542	2.557500e-08	4.498501e-01	4.300245e-01	-1.99755e-10	
543	2.562500e-08	4.498501e-01	4.312427e-01	-1.87573e-10	
544	2.567500e-08	4.498501e-01	4.323866e-01	-1.76134e-10	
545	2.572500e-08	4.498501e-01	4.334607e-01	-1.65393e-10	
546	2.577500e-08	4.498501e-01	4.344693e-01	-1.55307e-10	
547	2.582500e-08	4.498501e-01	4.354164e-01	-1.45836e-10	
548	2.587500e-08	4.498501e-01	4.363058e-01	-1.36942e-10	
549	2.592500e-08	4.498501e-01	4.371409e-01	-1.28591e-10	
550	2.597500e-08	4.498501e-01	4.379251e-01	-1.20749e-10	
551	2.602500e-08	4.498501e-01	4.386615e-01	-1.13385e-10	
552	2.607500e-08	4.498501e-01	4.393529e-01	-1.06471e-10	
553	2.612500e-08	4.498501e-01	4.400022e-01	-9.99778e-11	
554	2.617500e-08	4.498501e-01	4.406119e-01	-9.38808e-11	
555	2.622500e-08	4.498501e-01	4.411844e-01	-8.81556e-11	
556	2.627500e-08	4.498501e-01	4.417220e-01	-8.27796e-11	
557	2.632500e-08	4.498501e-01	4.422269e-01	-7.77314e-11	
558	2.637500e-08	4.498501e-01	4.427009e-01	-7.29911e-11	
559	2.642500e-08	4.498501e-01	4.431460e-01	-6.85399e-11	
560	2.647500e-08	4.498501e-01	4.435640e-01	-6.43601e-11	
561	2.652500e-08	4.498501e-01	4.439565e-01	-6.04352e-11	
562	2.657500e-08	4.498501e-01	4.443250e-01	-5.67496e-11	
563	2.662500e-08	4.498501e-01	4.446711e-01	-5.32888e-11	
564	2.667500e-08	4.498501e-01	4.449961e-01	-5.00391e-11	
565	2.672500e-08	4.498501e-01	4.453012e-01	-4.69876e-11	
566	2.677500e-08	4.498501e-01	4.455878e-01	-4.41221e-11	
567	2.682500e-08	4.498501e-01	4.458569e-01	-4.14314e-11	
568	2.687500e-08	4.498501e-01	4.461095e-01	-3.89048e-11	
569	2.692500e-08	4.498501e-01	4.463468e-01	-3.65322e-11	
570	2.697500e-08	4.498501e-01	4.465696e-01	-3.43044e-11	
571	2.702500e-08	4.498501e-01	4.467788e-01	-3.22124e-11	
572	2.707500e-08	4.498501e-01	4.469752e-01	-3.02480e-11	
573	2.712500e-08	4.498501e-01	4.471597e-01	-2.84033e-11	
574	2.717500e-08	4.498501e-01	4.473329e-01	-2.66712e-11	
575	2.722500e-08	4.498501e-01	4.474955e-01	-2.50447e-11	
576	2.727500e-08	4.498501e-01	4.476483e-01	-2.35174e-11	

Index   time            v(cell)         v(bl)           vpre#branch     
--------------------------------------------------------------------------------
577	2.732500e-08	4.498501e-01	4.477917e-01	-2.20832e-11	
578	2.737500e-08	4.498501e-01	4.479263e-01	-2.07365e-11	
579	2.742500e-08	4.498501e-01	4.480528e-01	-1.94719e-11	
580	2.747500e-08	4.498501e-01	4.481716e-01	-1.82845e-11	
581	2.752500e-08	4.498501e-01	4.482831e-01	-1.71694e-11	
582	2.757500e-08	4.498501e-01	4.483878e-01	-1.61224e-11	
583	2.762500e-08	4.498501e-01	4.484861e-01	-1.51392e-11	
584	2.767500e-08	4.498501e-01	4.485784e-01	-1.42159e-11	
585	2.772500e-08	4.498501e-01	4.486651e-01	-1.33490e-11	
586	2.777500e-08	4.498501e-01	4.487465e-01	-1.25349e-11	
587	2.782500e-08	4.498501e-01	4.488229e-01	-1.17705e-11	
588	2.787500e-08	4.498501e-01	4.488947e-01	-1.10527e-11	
589	2.792500e-08	4.498501e-01	4.489621e-01	-1.03787e-11	
590	2.797500e-08	4.498501e-01	4.490254e-01	-9.74575e-12	
591	2.802500e-08	4.498501e-01	4.490849e-01	-9.15142e-12	
592	2.807500e-08	4.498501e-01	4.491407e-01	-8.59334e-12	
593	2.812500e-08	4.498501e-01	4.491931e-01	-8.06929e-12	
594	2.817500e-08	4.498501e-01	4.492423e-01	-7.57719e-12	
595	2.822500e-08	4.498501e-01	4.492885e-01	-7.11511e-12	
596	2.827500e-08	4.498501e-01	4.493319e-01	-6.68121e-12	
597	2.832500e-08	4.498501e-01	4.493726e-01	-6.27377e-12	
598	2.837500e-08	4.498501e-01	4.494109e-01	-5.89117e-12	
599	2.842500e-08	4.498501e-01	4.494468e-01	-5.53191e-12	
600	2.847500e-08	4.498501e-01	4.494805e-01	-5.19455e-12	
601	2.852500e-08	4.498501e-01	4.495122e-01	-4.87777e-12	
602	2.857500e-08	4.498501e-01	4.495420e-01	-4.58031e-12	
603	2.862500e-08	4.498501e-01	4.495699e-01	-4.30099e-12	
604	2.867500e-08	4.498501e-01	4.495961e-01	-4.03870e-12	
605	2.872500e-08	4.498501e-01	4.496208e-01	-3.79240e-12	
606	2.877500e-08	4.498501e-01	4.496439e-01	-3.56113e-12	
607	2.882500e-08	4.498501e-01	4.496656e-01	-3.34396e-12	
608	2.887500e-08	4.498501e-01	4.496860e-01	-3.14004e-12	
609	2.892500e-08	4.498501e-01	4.497051e-01	-2.94855e-12	
610	2.897500e-08	4.498501e-01	4.497231e-01	-2.76873e-12	
611	2.902500e-08	4.498501e-01	4.497400e-01	-2.59989e-12	
612	2.907500e-08	4.498501e-01	4.497559e-01	-2.44134e-12	
613	2.912500e-08	4.498501e-01	4.497708e-01	-2.29246e-12	
614	2.917500e-08	4.498501e-01	4.497847e-01	-2.15265e-12	
615	2.922500e-08	4.498501e-01	4.497979e-01	-2.02138e-12	
616	2.927500e-08	4.498501e-01	4.498102e-01	-1.89811e-12	
617	2.932500e-08	4.498501e-01	4.498218e-01	-1.78235e-12	
618	2.937500e-08	4.498501e-01	4.498326e-01	-1.67366e-12	
619	2.942500e-08	4.498501e-01	4.498428e-01	-1.57160e-12	
620	2.947500e-08	4.498501e-01	4.498524e-01	-1.47575e-12	
621	2.952500e-08	4.498501e-01	4.498614e-01	-1.38576e-12	
622	2.957500e-08	4.498501e-01	4.498699e-01	-1.30125e-12	
623	2.962500e-08	4.498501e-01	4.498778e-01	-1.22190e-12	
624	2.967500e-08	4.498501e-01	4.498853e-01	-1.14738e-12	
625	2.972500e-08	4.498501e-01	4.498923e-01	-1.07741e-12	
626	2.977500e-08	4.498501e-01	4.498988e-01	-1.01170e-12	
627	2.982500e-08	4.498501e-01	4.499050e-01	-9.50008e-13	
628	2.987500e-08	4.498501e-01	4.499108e-01	-8.92073e-13	
629	2.992500e-08	4.498501e-01	4.499162e-01	-8.37671e-13	
630	2.997500e-08	4.498501e-01	4.499213e-01	-7.86587e-13	
631	3.002500e-08	4.498501e-01	4.499261e-01	-7.38619e-13	
632	3.007500e-08	4.498501e-01	4.499306e-01	-6.93575e-13	
633	3.012500e-08	4.498501e-01	4.499349e-01	-6.51279e-13	
634	3.017500e-08	4.498501e-01	4.499388e-01	-6.11562e-13	

Index   time            v(cell)         v(bl)           vpre#branch     
--------------------------------------------------------------------------------
635	3.022500e-08	4.498501e-01	4.499426e-01	-5.74267e-13	
636	3.027500e-08	4.498501e-01	4.499461e-01	-5.39246e-13	
637	3.032500e-08	4.498501e-01	4.499494e-01	-5.06361e-13	
638	3.037500e-08	4.498501e-01	4.499525e-01	-4.75481e-13	
639	3.042500e-08	4.498501e-01	4.499554e-01	-4.46485e-13	
640	3.047500e-08	4.498501e-01	4.499581e-01	-4.19257e-13	
641	3.052500e-08	4.498501e-01	4.499606e-01	-3.93689e-13	
642	3.057500e-08	4.498501e-01	4.499630e-01	-3.69681e-13	
643	3.062500e-08	4.498501e-01	4.499653e-01	-3.47136e-13	
644	3.067500e-08	4.498501e-01	4.499674e-01	-3.25967e-13	
645	3.072500e-08	4.498501e-01	4.499694e-01	-3.06088e-13	
646	3.077500e-08	4.498501e-01	4.499713e-01	-2.87422e-13	
647	3.082500e-08	4.498501e-01	4.499730e-01	-2.69894e-13	
648	3.087500e-08	4.498501e-01	4.499747e-01	-2.53435e-13	
649	3.092500e-08	4.498501e-01	4.499762e-01	-2.37980e-13	
650	3.097500e-08	4.498501e-01	4.499777e-01	-2.23467e-13	
651	3.102500e-08	4.498501e-01	4.499790e-01	-2.09839e-13	
652	3.107500e-08	4.498501e-01	4.499803e-01	-1.97042e-13	
653	3.112500e-08	4.498501e-01	4.499815e-01	-1.85026e-13	
654	3.117500e-08	4.498501e-01	4.499826e-01	-1.73743e-13	
655	3.122500e-08	4.498501e-01	4.499837e-01	-1.63147e-13	
656	3.127500e-08	4.498501e-01	4.499847e-01	-1.53198e-13	
657	3.132500e-08	4.498501e-01	4.499856e-01	-1.43856e-13	
658	3.137500e-08	4.498501e-01	4.499865e-01	-1.35083e-13	
659	3.142500e-08	4.498501e-01	4.499873e-01	-1.26845e-13	
660	3.147500e-08	4.498501e-01	4.499881e-01	-1.19110e-13	
661	3.152500e-08	4.498501e-01	4.499888e-01	-1.11846e-13	
662	3.157500e-08	4.498501e-01	4.499895e-01	-1.05025e-13	
663	3.162500e-08	4.498501e-01	4.499901e-01	-9.86204e-14	
664	3.167500e-08	4.498501e-01	4.499907e-01	-9.26062e-14	
665	3.172500e-08	4.498501e-01	4.499913e-01	-8.69588e-14	
666	3.177500e-08	4.498501e-01	4.499918e-01	-8.16558e-14	
667	3.182500e-08	4.498501e-01	4.499923e-01	-7.66761e-14	
668	3.187500e-08	4.498501e-01	4.499928e-01	-7.20002e-14	
669	3.192500e-08	4.498501e-01	4.499932e-01	-6.76094e-14	
670	3.197500e-08	4.498501e-01	4.499937e-01	-6.34864e-14	
671	3.202500e-08	4.498501e-01	4.499940e-01	-5.96148e-14	
672	3.207500e-08	4.498501e-01	4.499944e-01	-5.59793e-14	
673	3.212500e-08	4.498501e-01	4.499947e-01	-5.25655e-14	
674	3.217500e-08	4.498501e-01	4.499951e-01	-4.93599e-14	
675	3.222500e-08	4.498501e-01	4.499954e-01	-4.63498e-14	
676	3.227500e-08	4.498501e-01	4.499956e-01	-4.35232e-14	
677	3.232500e-08	4.498501e-01	4.499959e-01	-4.08691e-14	
678	3.237500e-08	4.498501e-01	4.499962e-01	-3.83767e-14	
679	3.242500e-08	4.498501e-01	4.499964e-01	-3.60364e-14	
680	3.247500e-08	4.498501e-01	4.499966e-01	-3.38388e-14	
681	3.252500e-08	4.498501e-01	4.499968e-01	-3.17752e-14	
682	3.257500e-08	4.498501e-01	4.499970e-01	-2.98375e-14	
683	3.262500e-08	4.498501e-01	4.499972e-01	-2.80179e-14	
684	3.267500e-08	4.498501e-01	4.499974e-01	-2.63093e-14	
685	3.272500e-08	4.498501e-01	4.499975e-01	-2.47049e-14	
686	3.277500e-08	4.498501e-01	4.499977e-01	-2.31983e-14	
687	3.282500e-08	4.498501e-01	4.499978e-01	-2.17836e-14	
688	3.287500e-08	4.498501e-01	4.499980e-01	-2.04552e-14	
689	3.292500e-08	4.498501e-01	4.499981e-01	-1.92078e-14	
690	3.297500e-08	4.498501e-01	4.499982e-01	-1.80365e-14	
691	3.302500e-08	4.498501e-01	4.499983e-01	-1.69366e-14	
692	3.307500e-08	4.498501e-01	4.499984e-01	-1.59037e-14	

Index   time            v(cell)         v(bl)           vpre#branch     
--------------------------------------------------------------------------------
693	3.312500e-08	4.498501e-01	4.499985e-01	-1.49339e-14	
694	3.317500e-08	4.498501e-01	4.499986e-01	-1.40232e-14	
695	3.322500e-08	4.498501e-01	4.499987e-01	-1.31680e-14	
696	3.327500e-08	4.498501e-01	4.499988e-01	-1.23650e-14	
697	3.332500e-08	4.498501e-01	4.499988e-01	-1.16110e-14	
698	3.337500e-08	4.498501e-01	4.499989e-01	-1.09029e-14	
699	3.342500e-08	4.498501e-01	4.499990e-01	-1.02380e-14	
700	3.347500e-08	4.498501e-01	4.499990e-01	-9.61369e-15	
701	3.352500e-08	4.498501e-01	4.499991e-01	-9.02743e-15	
702	3.357500e-08	4.498501e-01	4.499992e-01	-8.47693e-15	
703	3.362500e-08	4.498501e-01	4.499992e-01	-7.95999e-15	
704	3.367500e-08	4.498501e-01	4.499993e-01	-7.47458e-15	
705	3.372500e-08	4.498501e-01	4.499993e-01	-7.01878e-15	
706	3.377500e-08	4.498501e-01	4.499993e-01	-6.59077e-15	
707	3.382500e-08	4.498501e-01	4.499994e-01	-6.18886e-15	
708	3.387500e-08	4.498501e-01	4.499994e-01	-5.81146e-15	
709	3.392500e-08	4.498501e-01	4.499995e-01	-5.45707e-15	
710	3.397500e-08	4.498501e-01	4.499995e-01	-5.12430e-15	
711	3.402500e-08	4.498501e-01	4.499995e-01	-4.81182e-15	
712	3.407500e-08	4.498501e-01	4.499995e-01	-4.51840e-15	
713	3.412500e-08	4.498501e-01	4.499996e-01	-4.24287e-15	
714	3.417500e-08	4.498501e-01	4.499996e-01	-3.98414e-15	
715	3.422500e-08	4.498501e-01	4.499996e-01	-3.74119e-15	
716	3.427500e-08	4.498501e-01	4.499996e-01	-3.51306e-15	
717	3.432500e-08	4.498501e-01	4.499997e-01	-3.29884e-15	
718	3.437500e-08	4.498501e-01	4.499997e-01	-3.09768e-15	
719	3.442500e-08	4.498501e-01	4.499997e-01	-2.90879e-15	
720	3.447500e-08	4.498501e-01	4.499997e-01	-2.73142e-15	
721	3.452500e-08	4.498501e-01	4.499997e-01	-2.56487e-15	
722	3.457500e-08	4.498501e-01	4.499998e-01	-2.40847e-15	
723	3.462500e-08	4.498501e-01	4.499998e-01	-2.26161e-15	
724	3.467500e-08	4.498501e-01	4.499998e-01	-2.12371e-15	
725	3.472500e-08	4.498501e-01	4.499998e-01	-1.99421e-15	
726	3.477500e-08	4.498501e-01	4.499998e-01	-1.87262e-15	
727	3.482500e-08	4.498501e-01	4.499998e-01	-1.75844e-15	
728	3.487500e-08	4.498501e-01	4.499998e-01	-1.65122e-15	
729	3.492500e-08	4.498501e-01	4.499998e-01	-1.55054e-15	
730	3.497500e-08	4.498501e-01	4.499999e-01	-1.45600e-15	
731	3.502500e-08	4.498501e-01	4.499999e-01	-1.36723e-15	
732	3.507500e-08	4.498501e-01	4.499999e-01	-1.28387e-15	
733	3.512500e-08	4.498501e-01	4.499999e-01	-1.20559e-15	
734	3.517500e-08	4.498501e-01	4.499999e-01	-1.13209e-15	
735	3.522500e-08	4.498501e-01	4.499999e-01	-1.06306e-15	
736	3.527500e-08	4.498501e-01	4.499999e-01	-9.98252e-16	
737	3.532500e-08	4.498501e-01	4.499999e-01	-9.37393e-16	
738	3.537500e-08	4.498501e-01	4.499999e-01	-8.80245e-16	
739	3.542500e-08	4.498501e-01	4.499999e-01	-8.26582e-16	
740	3.547500e-08	4.498501e-01	4.499999e-01	-7.76192e-16	
741	3.552500e-08	4.498501e-01	4.499999e-01	-7.28874e-16	
742	3.557500e-08	4.498501e-01	4.499999e-01	-6.84443e-16	
743	3.562500e-08	4.498501e-01	4.499999e-01	-6.42721e-16	
744	3.567500e-08	4.498501e-01	4.499999e-01	-6.03543e-16	
745	3.572500e-08	4.498501e-01	4.499999e-01	-5.66754e-16	
746	3.577500e-08	4.498501e-01	4.499999e-01	-5.32208e-16	
747	3.582500e-08	4.498501e-01	4.500000e-01	-4.99770e-16	
748	3.587500e-08	4.498501e-01	4.500000e-01	-4.69309e-16	
749	3.592500e-08	4.498501e-01	4.500000e-01	-4.40706e-16	
750	3.597500e-08	4.498501e-01	4.500000e-01	-4.13848e-16	

Index   time            v(cell)         v(bl)           vpre#branch     
--------------------------------------------------------------------------------
751	3.602500e-08	4.498501e-01	4.500000e-01	-3.88627e-16	
752	3.607500e-08	4.498501e-01	4.500000e-01	-3.64944e-16	
753	3.612500e-08	4.498501e-01	4.500000e-01	-3.42706e-16	
754	3.617500e-08	4.498501e-01	4.500000e-01	-3.21824e-16	
755	3.622500e-08	4.498501e-01	4.500000e-01	-3.02215e-16	
756	3.627500e-08	4.498501e-01	4.500000e-01	-2.83802e-16	
757	3.632500e-08	4.498501e-01	4.500000e-01	-2.66513e-16	
758	3.637500e-08	4.498501e-01	4.500000e-01	-2.50277e-16	
759	3.642500e-08	4.498501e-01	4.500000e-01	-2.35032e-16	
760	3.647500e-08	4.498501e-01	4.500000e-01	-2.20717e-16	
761	3.652500e-08	4.498501e-01	4.500000e-01	-2.07274e-16	
762	3.657500e-08	4.498501e-01	4.500000e-01	-1.94651e-16	
763	3.662500e-08	4.498501e-01	4.500000e-01	-1.82797e-16	
764	3.667500e-08	4.498501e-01	4.500000e-01	-1.71667e-16	
765	3.672500e-08	4.498501e-01	4.500000e-01	-1.61215e-16	
766	3.677500e-08	4.498501e-01	4.500000e-01	-1.51401e-16	
767	3.682500e-08	4.498501e-01	4.500000e-01	-1.42186e-16	
768	3.687500e-08	4.498501e-01	4.500000e-01	-1.33532e-16	
769	3.692500e-08	4.498501e-01	4.500000e-01	-1.25407e-16	
770	3.697500e-08	4.498501e-01	4.500000e-01	-1.17776e-16	
771	3.702500e-08	4.498501e-01	4.500000e-01	-1.10611e-16	
772	3.707500e-08	4.498501e-01	4.500000e-01	-1.03883e-16	
773	3.712500e-08	4.498501e-01	4.500000e-01	-9.75653e-17	
774	3.717500e-08	4.498501e-01	4.500000e-01	-9.16335e-17	
775	3.722500e-08	4.498501e-01	4.500000e-01	-8.60630e-17	
776	3.727500e-08	4.498501e-01	4.500000e-01	-8.08318e-17	
777	3.732500e-08	4.498501e-01	4.500000e-01	-7.59196e-17	
778	3.737500e-08	4.498501e-01	4.500000e-01	-7.13070e-17	
779	3.742500e-08	4.498501e-01	4.500000e-01	-6.69757e-17	
780	3.747500e-08	4.498501e-01	4.500000e-01	-6.29085e-17	
781	3.752500e-08	4.498501e-01	4.500000e-01	-5.90894e-17	
782	3.757500e-08	4.498501e-01	4.500000e-01	-5.55031e-17	
783	3.762500e-08	4.498501e-01	4.500000e-01	-5.21356e-17	
784	3.767500e-08	4.498501e-01	4.500000e-01	-4.89738e-17	
785	3.772500e-08	4.498501e-01	4.500000e-01	-4.60049e-17	
786	3.777500e-08	4.498501e-01	4.500000e-01	-4.32166e-17	
787	3.782500e-08	4.498501e-01	4.500000e-01	-4.05987e-17	
788	3.787500e-08	4.498501e-01	4.500000e-01	-3.81405e-17	
789	3.792500e-08	4.498501e-01	4.500000e-01	-3.58318e-17	
790	3.797500e-08	4.498501e-01	4.500000e-01	-3.36639e-17	
791	3.802500e-08	4.498501e-01	4.500000e-01	-3.16281e-17	
792	3.807500e-08	4.498501e-01	4.500000e-01	-2.97166e-17	
793	3.812500e-08	4.498501e-01	4.500000e-01	-2.79216e-17	
794	3.817500e-08	4.498501e-01	4.500000e-01	-2.62365e-17	
795	3.822500e-08	4.498501e-01	4.500000e-01	-2.46541e-17	
796	3.827500e-08	4.498501e-01	4.500000e-01	-2.31679e-17	
797	3.832500e-08	4.498501e-01	4.500000e-01	-2.17722e-17	
798	3.837500e-08	4.498501e-01	4.500000e-01	-2.04617e-17	
799	3.842500e-08	4.498501e-01	4.500000e-01	-1.92311e-17	
800	3.847500e-08	4.498501e-01	4.500000e-01	-1.80756e-17	
801	3.852500e-08	4.498501e-01	4.500000e-01	-1.69905e-17	
802	3.857500e-08	4.498501e-01	4.500000e-01	-1.59716e-17	
803	3.862500e-08	4.498501e-01	4.500000e-01	-1.50148e-17	
804	3.867500e-08	4.498501e-01	4.500000e-01	-1.41164e-17	
805	3.872500e-08	4.498501e-01	4.500000e-01	-1.32731e-17	
806	3.877500e-08	4.498501e-01	4.500000e-01	-1.24817e-17	
807	3.882500e-08	4.498501e-01	4.500000e-01	-1.17382e-17	
808	3.887500e-08	4.498501e-01	4.500000e-01	-1.10400e-17	

Index   time            v(cell)         v(bl)           vpre#branch     
--------------------------------------------------------------------------------
809	3.892500e-08	4.498501e-01	4.500000e-01	-1.03844e-17	
810	3.897500e-08	4.498501e-01	4.500000e-01	-9.76833e-18	
811	3.902500e-08	4.498501e-01	4.500000e-01	-9.18985e-18	
812	3.907500e-08	4.498501e-01	4.500000e-01	-8.64664e-18	
813	3.912500e-08	4.498501e-01	4.500000e-01	-8.13657e-18	
814	3.917500e-08	4.498501e-01	4.500000e-01	-7.65801e-18	
815	3.922500e-08	4.498501e-01	4.500000e-01	-7.20864e-18	
816	3.927500e-08	4.498501e-01	4.500000e-01	-6.78667e-18	
817	3.932500e-08	4.498501e-01	4.500000e-01	-6.39084e-18	
818	3.937500e-08	4.498501e-01	4.500000e-01	-6.01875e-18	
819	3.942500e-08	4.498501e-01	4.500000e-01	-5.66893e-18	
820	3.947500e-08	4.498501e-01	4.500000e-01	-5.34044e-18	
821	3.952500e-08	4.498501e-01	4.500000e-01	-5.03240e-18	
822	3.957500e-08	4.498501e-01	4.500000e-01	-4.74356e-18	
823	3.962500e-08	4.498501e-01	4.500000e-01	-4.47191e-18	
824	3.967500e-08	4.498501e-01	4.500000e-01	-4.21643e-18	
825	3.972500e-08	4.498501e-01	4.500000e-01	-3.97652e-18	
826	3.977500e-08	4.498501e-01	4.500000e-01	-3.75166e-18	
827	3.982500e-08	4.498501e-01	4.500000e-01	-3.54050e-18	
828	3.987500e-08	4.498501e-01	4.500000e-01	-3.34223e-18	
829	3.992500e-08	4.498501e-01	4.500000e-01	-3.15646e-18	
830	3.996250e-08	4.498501e-01	4.500000e-01	-3.02417e-18	
831	4.000000e-08	4.498501e-01	4.500000e-01	-2.89735e-18	


Total analysis time (seconds) = 0.0625307

Total elapsed time (seconds) = 0.076 

Total DRAM available = 386307.215 MB.
DRAM currently available = 2061.727 MB.
Maximum ngspice program size =  529.719 MB.
Current ngspice program size =   14.121 MB.

Shared ngspice pages =   12.289 MB.
Text (code) pages =    6.266 MB.
Stack = 0 bytes.
Library pages =   59.137 MB.

