
Note: No compatibility mode selected!


Circuit: * mini-array n=8 layout

Doing analysis at TEMP = -40.000000 and TNOM = 27.000000

Using SPARSE 1.3 as Direct Linear Solver

Initial Transient Solution
--------------------------

Node                                   Voltage
----                                   -------
pre                                       0.45
bl0                                       0.45
s                                            0
bltap0                                    0.45
wl0                                          0
bl1                                       0.45
bltap1                                    0.45
wl1                                          0
bl2                                       0.45
bltap2                                    0.45
wl2                                          0
bl3                                       0.45
bltap3                                    0.45
wl3                                          0
bl4                                       0.45
bltap4                                    0.45
wl4                                          0
bl5                                       0.45
bltap5                                    0.45
wl5                                          0
bl6                                       0.45
bltap6                                    0.45
wl6                                          0
bl7                                       0.45
bltap7                                    0.45
wl7                                          0
plate0                                       0
cell0                                        0
plate1                                    0.45
cell1                                     0.45
plate2                                    0.45
cell2                                     0.45
plate3                                    0.45
cell3                                     0.45
plate4                                    0.45
cell4                                     0.45
plate5                                    0.45
cell5                                     0.45
plate6                                    0.45
cell6                                     0.45
plate7                                    0.45
cell7                                     0.45
vplate7#branch                               0
vwl7#branch                                  0
vplate6#branch                               0
vwl6#branch                                  0
vplate5#branch                               0
vwl5#branch                                  0
vplate4#branch                               0
vwl4#branch                                  0
vplate3#branch                               0
vwl3#branch                                  0
vplate2#branch                               0
vwl2#branch                                  0
vplate1#branch                               0
vwl1#branch                                  0
vplate0#branch                               0
vwl0#branch                                  0
vs#branch                                    0
vpre#branch                                  0


No. of Data Rows : 514

  Measurements for Transient Analysis

t_bl_settle         =  4.50038e-09
i_bl_leak           =  -1.71855e-10 from=  1.50000e-08 to=  2.50000e-08

                            * mini-array n=8 layout
                            Transient Analysis  Tue Jun 23 16:45:26  2026
--------------------------------------------------------------------------------
Index   time            v(bl0)          v(bl7)          vpre#branch     
--------------------------------------------------------------------------------
0	0.000000e+00	4.500000e-01	4.500000e-01	0.000000e+00	
1	5.000000e-13	4.500000e-01	4.500000e-01	-9.92617e-24	
2	1.000000e-12	4.500000e-01	4.500000e-01	-1.48893e-23	
3	2.000000e-12	4.500000e-01	4.500000e-01	-1.73708e-23	
4	4.000000e-12	4.500000e-01	4.500000e-01	-1.15805e-23	
5	8.000000e-12	4.500000e-01	4.500000e-01	-1.32349e-23	
6	1.600000e-11	4.500000e-01	4.500000e-01	-2.15067e-23	
7	3.200000e-11	4.500000e-01	4.500000e-01	5.955700e-23	
8	6.400000e-11	4.500000e-01	4.500000e-01	8.023652e-23	
9	1.140000e-10	4.500000e-01	4.500000e-01	4.102816e-22	
10	1.640000e-10	4.500000e-01	4.500000e-01	1.371465e-21	
11	2.140000e-10	4.500000e-01	4.500000e-01	2.326859e-21	
12	2.640000e-10	4.500000e-01	4.500000e-01	3.289697e-21	
13	3.140000e-10	4.500000e-01	4.500000e-01	4.245091e-21	
14	3.640000e-10	4.500000e-01	4.500000e-01	5.207929e-21	
15	4.140000e-10	4.500000e-01	4.500000e-01	6.162496e-21	
16	4.640000e-10	4.500000e-01	4.500000e-01	7.123679e-21	
17	5.140000e-10	4.500000e-01	4.500000e-01	8.079900e-21	
18	5.640000e-10	4.500000e-01	4.500000e-01	9.041911e-21	
19	6.140000e-10	4.500000e-01	4.500000e-01	9.999786e-21	
20	6.640000e-10	4.500000e-01	4.500000e-01	1.095849e-20	
21	7.140000e-10	4.500000e-01	4.500000e-01	1.191636e-20	
22	7.640000e-10	4.500000e-01	4.500000e-01	1.287920e-20	
23	8.140000e-10	4.500000e-01	4.500000e-01	1.383625e-20	
24	8.640000e-10	4.500000e-01	4.500000e-01	1.479578e-20	
25	9.140000e-10	4.500000e-01	4.500000e-01	1.575365e-20	
26	9.570000e-10	4.500000e-01	4.500000e-01	1.602745e-20	
27	1.000000e-09	4.500000e-01	4.500000e-01	1.572139e-20	
28	1.005000e-09	4.500551e-01	4.500312e-01	5.506878e-13	
29	1.015000e-09	4.501427e-01	4.501108e-01	1.426982e-12	
30	1.035000e-09	4.503071e-01	4.502810e-01	3.070789e-12	
31	1.075000e-09	4.506441e-01	4.506131e-01	6.441250e-12	
32	1.125000e-09	4.510600e-01	4.510335e-01	1.060048e-11	
33	1.175000e-09	4.514803e-01	4.514497e-01	1.480347e-11	
34	1.225000e-09	4.518966e-01	4.518697e-01	1.896599e-11	
35	1.275000e-09	4.523166e-01	4.522862e-01	2.316591e-11	
36	1.325000e-09	4.527331e-01	4.527060e-01	2.733121e-11	
37	1.375000e-09	4.531529e-01	4.531227e-01	3.152852e-11	
38	1.425000e-09	4.535696e-01	4.535422e-01	3.569611e-11	
39	1.475000e-09	4.539891e-01	4.539592e-01	3.989085e-11	
40	1.525000e-09	4.544059e-01	4.543783e-01	4.405903e-11	
41	1.575000e-09	4.548246e-01	4.547950e-01	4.824600e-11	
42	1.625000e-09	4.552393e-01	4.552118e-01	5.239304e-11	
43	1.675000e-09	4.556499e-01	4.556212e-01	5.649939e-11	
44	1.725000e-09	4.560421e-01	4.560166e-01	6.042104e-11	
45	1.775000e-09	4.564032e-01	4.563790e-01	6.403227e-11	
46	1.825000e-09	4.567145e-01	4.566954e-01	6.714521e-11	
47	1.875000e-09	4.569688e-01	4.569526e-01	6.968780e-11	
48	1.925000e-09	4.571572e-01	4.571468e-01	7.157181e-11	
49	1.962500e-09	4.572554e-01	4.572474e-01	7.255354e-11	
50	2.000000e-09	4.573135e-01	4.573101e-01	7.313490e-11	
51	2.005000e-09	4.572641e-01	4.572842e-01	7.264145e-11	
52	2.015000e-09	4.571878e-01	4.572158e-01	7.187804e-11	
53	2.035000e-09	4.570467e-01	4.570688e-01	7.046733e-11	
54	2.075000e-09	4.567598e-01	4.567864e-01	6.759818e-11	

Index   time            v(bl0)          v(bl7)          vpre#branch     
--------------------------------------------------------------------------------
55	2.125000e-09	4.564128e-01	4.564344e-01	6.412783e-11	
56	2.175000e-09	4.560683e-01	4.560935e-01	6.068264e-11	
57	2.225000e-09	4.557344e-01	4.557555e-01	5.734415e-11	
58	2.275000e-09	4.554034e-01	4.554274e-01	5.403390e-11	
59	2.325000e-09	4.550821e-01	4.551026e-01	5.082148e-11	
60	2.375000e-09	4.547640e-01	4.547869e-01	4.763963e-11	
61	2.425000e-09	4.544548e-01	4.544746e-01	4.454776e-11	
62	2.475000e-09	4.541488e-01	4.541707e-01	4.148814e-11	
63	2.525000e-09	4.538512e-01	4.538704e-01	3.851154e-11	
64	2.575000e-09	4.535568e-01	4.535778e-01	3.556832e-11	
65	2.625000e-09	4.532702e-01	4.532888e-01	3.270195e-11	
66	2.675000e-09	4.529870e-01	4.530070e-01	2.986964e-11	
67	2.725000e-09	4.527109e-01	4.527289e-01	2.710867e-11	
68	2.775000e-09	4.524382e-01	4.524574e-01	2.438208e-11	
69	2.825000e-09	4.521722e-01	4.521897e-01	2.172189e-11	
70	2.875000e-09	4.519096e-01	4.519280e-01	1.909612e-11	
71	2.925000e-09	4.516532e-01	4.516702e-01	1.653231e-11	
72	2.975000e-09	4.514003e-01	4.514180e-01	1.400272e-11	
73	3.025000e-09	4.511531e-01	4.511695e-01	1.153109e-11	
74	3.075000e-09	4.509093e-01	4.509263e-01	9.093299e-12	
75	3.125000e-09	4.506710e-01	4.506868e-01	6.709838e-12	
76	3.175000e-09	4.504360e-01	4.504523e-01	4.359673e-12	
77	3.225000e-09	4.502061e-01	4.502214e-01	2.060557e-12	
78	3.275000e-09	4.499794e-01	4.499951e-01	-2.05919e-13	
79	3.325000e-09	4.497576e-01	4.497724e-01	-2.42434e-12	
80	3.375000e-09	4.495389e-01	4.495540e-01	-4.61086e-12	
81	3.425000e-09	4.493248e-01	4.493391e-01	-6.75207e-12	
82	3.475000e-09	4.491138e-01	4.491284e-01	-8.86219e-12	
83	3.525000e-09	4.489071e-01	4.489209e-01	-1.09295e-11	
84	3.575000e-09	4.487033e-01	4.487174e-01	-1.29666e-11	
85	3.625000e-09	4.485037e-01	4.485171e-01	-1.49631e-11	
86	3.675000e-09	4.483070e-01	4.483205e-01	-1.69304e-11	
87	3.725000e-09	4.481141e-01	4.481271e-01	-1.88592e-11	
88	3.775000e-09	4.479240e-01	4.479371e-01	-2.07596e-11	
89	3.825000e-09	4.477376e-01	4.477502e-01	-2.26237e-11	
90	3.875000e-09	4.475540e-01	4.475666e-01	-2.44602e-11	
91	3.925000e-09	4.473738e-01	4.473860e-01	-2.62621e-11	
92	3.975000e-09	4.471963e-01	4.472084e-01	-2.80374e-11	
93	4.025000e-09	4.470220e-01	4.470338e-01	-2.97798e-11	
94	4.075000e-09	4.468503e-01	4.468621e-01	-3.14965e-11	
95	4.125000e-09	4.466818e-01	4.466932e-01	-3.31820e-11	
96	4.175000e-09	4.465157e-01	4.465271e-01	-3.48426e-11	
97	4.225000e-09	4.463527e-01	4.463637e-01	-3.64734e-11	
98	4.275000e-09	4.461920e-01	4.462030e-01	-3.80803e-11	
99	4.325000e-09	4.460341e-01	4.460448e-01	-3.96588e-11	
100	4.375000e-09	4.458786e-01	4.458892e-01	-4.12142e-11	
101	4.425000e-09	4.457258e-01	4.457361e-01	-4.27425e-11	
102	4.475000e-09	4.455751e-01	4.455854e-01	-4.42486e-11	
103	4.525000e-09	4.454271e-01	4.454372e-01	-4.57287e-11	
104	4.575000e-09	4.452813e-01	4.452912e-01	-4.71875e-11	
105	4.625000e-09	4.451379e-01	4.451476e-01	-4.86214e-11	
106	4.675000e-09	4.449965e-01	4.450062e-01	-5.00348e-11	
107	4.725000e-09	4.448575e-01	4.448670e-01	-5.14245e-11	
108	4.775000e-09	4.447206e-01	4.447299e-01	-5.27944e-11	
109	4.825000e-09	4.445858e-01	4.445950e-01	-5.41416e-11	
110	4.875000e-09	4.444530e-01	4.444621e-01	-5.54697e-11	
111	4.925000e-09	4.443224e-01	4.443313e-01	-5.67761e-11	
112	4.975000e-09	4.441936e-01	4.442024e-01	-5.80642e-11	

Index   time            v(bl0)          v(bl7)          vpre#branch     
--------------------------------------------------------------------------------
113	5.025000e-09	4.440669e-01	4.440755e-01	-5.93314e-11	
114	5.075000e-09	4.439419e-01	4.439504e-01	-6.05810e-11	
115	5.125000e-09	4.438189e-01	4.438273e-01	-6.18107e-11	
116	5.175000e-09	4.436977e-01	4.437059e-01	-6.30233e-11	
117	5.225000e-09	4.435783e-01	4.435864e-01	-6.42168e-11	
118	5.275000e-09	4.434606e-01	4.434686e-01	-6.53940e-11	
119	5.325000e-09	4.433447e-01	4.433526e-01	-6.65528e-11	
120	5.375000e-09	4.432304e-01	4.432382e-01	-6.76959e-11	
121	5.425000e-09	4.431179e-01	4.431255e-01	-6.88213e-11	
122	5.475000e-09	4.430068e-01	4.430144e-01	-6.99317e-11	
123	5.525000e-09	4.428975e-01	4.429049e-01	-7.10251e-11	
124	5.575000e-09	4.427896e-01	4.427970e-01	-7.21039e-11	
125	5.625000e-09	4.426834e-01	4.426906e-01	-7.31665e-11	
126	5.675000e-09	4.425785e-01	4.425857e-01	-7.42150e-11	
127	5.725000e-09	4.424752e-01	4.424822e-01	-7.52480e-11	
128	5.775000e-09	4.423733e-01	4.423802e-01	-7.62674e-11	
129	5.825000e-09	4.422728e-01	4.422797e-01	-7.72718e-11	
130	5.875000e-09	4.421737e-01	4.421804e-01	-7.82633e-11	
131	5.925000e-09	4.420760e-01	4.420826e-01	-7.92402e-11	
132	5.975000e-09	4.419795e-01	4.419861e-01	-8.02047e-11	
133	6.025000e-09	4.418845e-01	4.418909e-01	-8.11553e-11	
134	6.075000e-09	4.417906e-01	4.417970e-01	-8.20938e-11	
135	6.125000e-09	4.416981e-01	4.417044e-01	-8.30190e-11	
136	6.175000e-09	4.416067e-01	4.416130e-01	-8.39325e-11	
137	6.225000e-09	4.415167e-01	4.415228e-01	-8.48332e-11	
138	6.275000e-09	4.414277e-01	4.414338e-01	-8.57227e-11	
139	6.325000e-09	4.413400e-01	4.413460e-01	-8.65998e-11	
140	6.375000e-09	4.412534e-01	4.412593e-01	-8.74661e-11	
141	6.425000e-09	4.411680e-01	4.411738e-01	-8.83205e-11	
142	6.475000e-09	4.410836e-01	4.410893e-01	-8.91645e-11	
143	6.525000e-09	4.410003e-01	4.410060e-01	-8.99970e-11	
144	6.575000e-09	4.409181e-01	4.409237e-01	-9.08194e-11	
145	6.625000e-09	4.408369e-01	4.408425e-01	-9.16308e-11	
146	6.675000e-09	4.407567e-01	4.407622e-01	-9.24325e-11	
147	6.725000e-09	4.406776e-01	4.406830e-01	-9.32236e-11	
148	6.775000e-09	4.405995e-01	4.406048e-01	-9.40053e-11	
149	6.825000e-09	4.405223e-01	4.405276e-01	-9.47767e-11	
150	6.875000e-09	4.404461e-01	4.404513e-01	-9.55391e-11	
151	6.925000e-09	4.403708e-01	4.403760e-01	-9.62916e-11	
152	6.975000e-09	4.402965e-01	4.403015e-01	-9.70354e-11	
153	7.025000e-09	4.402230e-01	4.402280e-01	-9.77696e-11	
154	7.075000e-09	4.401505e-01	4.401554e-01	-9.84955e-11	
155	7.125000e-09	4.400788e-01	4.400837e-01	-9.92121e-11	
156	7.175000e-09	4.400079e-01	4.400128e-01	-9.99206e-11	
157	7.225000e-09	4.399380e-01	4.399428e-01	-1.00620e-10	
158	7.275000e-09	4.398688e-01	4.398735e-01	-1.01312e-10	
159	7.325000e-09	4.398005e-01	4.398052e-01	-1.01995e-10	
160	7.375000e-09	4.397329e-01	4.397376e-01	-1.02671e-10	
161	7.425000e-09	4.396662e-01	4.396708e-01	-1.03338e-10	
162	7.475000e-09	4.396002e-01	4.396047e-01	-1.03998e-10	
163	7.525000e-09	4.395350e-01	4.395395e-01	-1.04650e-10	
164	7.575000e-09	4.394705e-01	4.394749e-01	-1.05295e-10	
165	7.625000e-09	4.394068e-01	4.394112e-01	-1.05932e-10	
166	7.675000e-09	4.393438e-01	4.393481e-01	-1.06562e-10	
167	7.725000e-09	4.392815e-01	4.392858e-01	-1.07185e-10	
168	7.775000e-09	4.392199e-01	4.392241e-01	-1.07801e-10	
169	7.825000e-09	4.391590e-01	4.391632e-01	-1.08410e-10	
170	7.875000e-09	4.390988e-01	4.391029e-01	-1.09012e-10	

Index   time            v(bl0)          v(bl7)          vpre#branch     
--------------------------------------------------------------------------------
171	7.925000e-09	4.390392e-01	4.390433e-01	-1.09608e-10	
172	7.975000e-09	4.389803e-01	4.389843e-01	-1.10197e-10	
173	8.025000e-09	4.389220e-01	4.389260e-01	-1.10780e-10	
174	8.075000e-09	4.388644e-01	4.388683e-01	-1.11356e-10	
175	8.125000e-09	4.388074e-01	4.388113e-01	-1.11926e-10	
176	8.175000e-09	4.387510e-01	4.387548e-01	-1.12490e-10	
177	8.225000e-09	4.386952e-01	4.386990e-01	-1.13048e-10	
178	8.275000e-09	4.386399e-01	4.386437e-01	-1.13601e-10	
179	8.325000e-09	4.385853e-01	4.385891e-01	-1.14147e-10	
180	8.375000e-09	4.385313e-01	4.385350e-01	-1.14687e-10	
181	8.425000e-09	4.384778e-01	4.384815e-01	-1.15222e-10	
182	8.475000e-09	4.384249e-01	4.384285e-01	-1.15751e-10	
183	8.525000e-09	4.383725e-01	4.383761e-01	-1.16275e-10	
184	8.575000e-09	4.383206e-01	4.383242e-01	-1.16794e-10	
185	8.625000e-09	4.382693e-01	4.382728e-01	-1.17307e-10	
186	8.675000e-09	4.382185e-01	4.382220e-01	-1.17815e-10	
187	8.725000e-09	4.381683e-01	4.381717e-01	-1.18317e-10	
188	8.775000e-09	4.381185e-01	4.381219e-01	-1.18815e-10	
189	8.825000e-09	4.380692e-01	4.380726e-01	-1.19308e-10	
190	8.875000e-09	4.380204e-01	4.380237e-01	-1.19796e-10	
191	8.925000e-09	4.379721e-01	4.379754e-01	-1.20279e-10	
192	8.975000e-09	4.379243e-01	4.379276e-01	-1.20757e-10	
193	9.025000e-09	4.378769e-01	4.378802e-01	-1.21231e-10	
194	9.075000e-09	4.378300e-01	4.378332e-01	-1.21700e-10	
195	9.125000e-09	4.377836e-01	4.377868e-01	-1.22164e-10	
196	9.175000e-09	4.377376e-01	4.377407e-01	-1.22624e-10	
197	9.225000e-09	4.376921e-01	4.376952e-01	-1.23079e-10	
198	9.275000e-09	4.376469e-01	4.376500e-01	-1.23531e-10	
199	9.325000e-09	4.376022e-01	4.376053e-01	-1.23978e-10	
200	9.375000e-09	4.375580e-01	4.375610e-01	-1.24420e-10	
201	9.425000e-09	4.375141e-01	4.375171e-01	-1.24859e-10	
202	9.475000e-09	4.374707e-01	4.374736e-01	-1.25293e-10	
203	9.525000e-09	4.374276e-01	4.374306e-01	-1.25724e-10	
204	9.575000e-09	4.373850e-01	4.373879e-01	-1.26150e-10	
205	9.625000e-09	4.373427e-01	4.373456e-01	-1.26573e-10	
206	9.675000e-09	4.373009e-01	4.373037e-01	-1.26991e-10	
207	9.725000e-09	4.372594e-01	4.372622e-01	-1.27406e-10	
208	9.775000e-09	4.372183e-01	4.372211e-01	-1.27817e-10	
209	9.825000e-09	4.371775e-01	4.371803e-01	-1.28225e-10	
210	9.875000e-09	4.371372e-01	4.371399e-01	-1.28628e-10	
211	9.925000e-09	4.370971e-01	4.370999e-01	-1.29029e-10	
212	9.975000e-09	4.370575e-01	4.370602e-01	-1.29425e-10	
213	1.002500e-08	4.370182e-01	4.370209e-01	-1.29818e-10	
214	1.007500e-08	4.369792e-01	4.369819e-01	-1.30208e-10	
215	1.012500e-08	4.369406e-01	4.369432e-01	-1.30594e-10	
216	1.017500e-08	4.369023e-01	4.369049e-01	-1.30977e-10	
217	1.022500e-08	4.368643e-01	4.368669e-01	-1.31357e-10	
218	1.027500e-08	4.368267e-01	4.368292e-01	-1.31733e-10	
219	1.032500e-08	4.367894e-01	4.367919e-01	-1.32106e-10	
220	1.037500e-08	4.367523e-01	4.367549e-01	-1.32477e-10	
221	1.042500e-08	4.367157e-01	4.367182e-01	-1.32843e-10	
222	1.047500e-08	4.366793e-01	4.366818e-01	-1.33207e-10	
223	1.052500e-08	4.366432e-01	4.366457e-01	-1.33568e-10	
224	1.057500e-08	4.366074e-01	4.366099e-01	-1.33926e-10	
225	1.062500e-08	4.365720e-01	4.365744e-01	-1.34280e-10	
226	1.067500e-08	4.365368e-01	4.365392e-01	-1.34632e-10	
227	1.072500e-08	4.365019e-01	4.365043e-01	-1.34981e-10	
228	1.077500e-08	4.364673e-01	4.364696e-01	-1.35327e-10	

Index   time            v(bl0)          v(bl7)          vpre#branch     
--------------------------------------------------------------------------------
229	1.082500e-08	4.364329e-01	4.364353e-01	-1.35671e-10	
230	1.087500e-08	4.363989e-01	4.364012e-01	-1.36011e-10	
231	1.092500e-08	4.363651e-01	4.363674e-01	-1.36349e-10	
232	1.097500e-08	4.363316e-01	4.363339e-01	-1.36684e-10	
233	1.102500e-08	4.362983e-01	4.363006e-01	-1.37017e-10	
234	1.107500e-08	4.362653e-01	4.362676e-01	-1.37347e-10	
235	1.112500e-08	4.362326e-01	4.362349e-01	-1.37674e-10	
236	1.117500e-08	4.362001e-01	4.362024e-01	-1.37999e-10	
237	1.122500e-08	4.361679e-01	4.361701e-01	-1.38321e-10	
238	1.127500e-08	4.361360e-01	4.361382e-01	-1.38640e-10	
239	1.132500e-08	4.361043e-01	4.361064e-01	-1.38957e-10	
240	1.137500e-08	4.360728e-01	4.360749e-01	-1.39272e-10	
241	1.142500e-08	4.360415e-01	4.360437e-01	-1.39585e-10	
242	1.147500e-08	4.360105e-01	4.360127e-01	-1.39895e-10	
243	1.152500e-08	4.359798e-01	4.359819e-01	-1.40202e-10	
244	1.157500e-08	4.359492e-01	4.359513e-01	-1.40508e-10	
245	1.162500e-08	4.359190e-01	4.359210e-01	-1.40810e-10	
246	1.167500e-08	4.358889e-01	4.358909e-01	-1.41111e-10	
247	1.172500e-08	4.358590e-01	4.358611e-01	-1.41410e-10	
248	1.177500e-08	4.358294e-01	4.358314e-01	-1.41706e-10	
249	1.182500e-08	4.358000e-01	4.358020e-01	-1.42000e-10	
250	1.187500e-08	4.357708e-01	4.357728e-01	-1.42292e-10	
251	1.192500e-08	4.357418e-01	4.357438e-01	-1.42582e-10	
252	1.197500e-08	4.357130e-01	4.357150e-01	-1.42870e-10	
253	1.202500e-08	4.356844e-01	4.356864e-01	-1.43156e-10	
254	1.207500e-08	4.356561e-01	4.356580e-01	-1.43439e-10	
255	1.212500e-08	4.356279e-01	4.356298e-01	-1.43721e-10	
256	1.217500e-08	4.355999e-01	4.356018e-01	-1.44001e-10	
257	1.222500e-08	4.355722e-01	4.355741e-01	-1.44278e-10	
258	1.227500e-08	4.355446e-01	4.355465e-01	-1.44554e-10	
259	1.232500e-08	4.355172e-01	4.355191e-01	-1.44828e-10	
260	1.237500e-08	4.354900e-01	4.354919e-01	-1.45100e-10	
261	1.242500e-08	4.354630e-01	4.354649e-01	-1.45370e-10	
262	1.247500e-08	4.354362e-01	4.354380e-01	-1.45638e-10	
263	1.252500e-08	4.354096e-01	4.354114e-01	-1.45904e-10	
264	1.257500e-08	4.353831e-01	4.353849e-01	-1.46169e-10	
265	1.262500e-08	4.353569e-01	4.353587e-01	-1.46431e-10	
266	1.267500e-08	4.353308e-01	4.353326e-01	-1.46692e-10	
267	1.272500e-08	4.353049e-01	4.353066e-01	-1.46951e-10	
268	1.277500e-08	4.352791e-01	4.352809e-01	-1.47209e-10	
269	1.282500e-08	4.352536e-01	4.352553e-01	-1.47464e-10	
270	1.287500e-08	4.352282e-01	4.352299e-01	-1.47718e-10	
271	1.292500e-08	4.352029e-01	4.352047e-01	-1.47971e-10	
272	1.297500e-08	4.351779e-01	4.351796e-01	-1.48221e-10	
273	1.302500e-08	4.351530e-01	4.351547e-01	-1.48470e-10	
274	1.307500e-08	4.351282e-01	4.351299e-01	-1.48718e-10	
275	1.312500e-08	4.351037e-01	4.351053e-01	-1.48963e-10	
276	1.317500e-08	4.350792e-01	4.350809e-01	-1.49208e-10	
277	1.322500e-08	4.350550e-01	4.350566e-01	-1.49450e-10	
278	1.327500e-08	4.350309e-01	4.350325e-01	-1.49691e-10	
279	1.332500e-08	4.350069e-01	4.350086e-01	-1.49931e-10	
280	1.337500e-08	4.349831e-01	4.349848e-01	-1.50169e-10	
281	1.342500e-08	4.349595e-01	4.349611e-01	-1.50405e-10	
282	1.347500e-08	4.349360e-01	4.349376e-01	-1.50640e-10	
283	1.352500e-08	4.349126e-01	4.349142e-01	-1.50874e-10	
284	1.357500e-08	4.348894e-01	4.348910e-01	-1.51106e-10	
285	1.362500e-08	4.348664e-01	4.348680e-01	-1.51336e-10	
286	1.367500e-08	4.348435e-01	4.348450e-01	-1.51565e-10	

Index   time            v(bl0)          v(bl7)          vpre#branch     
--------------------------------------------------------------------------------
287	1.372500e-08	4.348207e-01	4.348222e-01	-1.51793e-10	
288	1.377500e-08	4.347980e-01	4.347996e-01	-1.52020e-10	
289	1.382500e-08	4.347756e-01	4.347771e-01	-1.52244e-10	
290	1.387500e-08	4.347532e-01	4.347547e-01	-1.52468e-10	
291	1.392500e-08	4.347310e-01	4.347325e-01	-1.52690e-10	
292	1.397500e-08	4.347089e-01	4.347104e-01	-1.52911e-10	
293	1.402500e-08	4.346869e-01	4.346884e-01	-1.53131e-10	
294	1.407500e-08	4.346651e-01	4.346666e-01	-1.53349e-10	
295	1.412500e-08	4.346434e-01	4.346449e-01	-1.53566e-10	
296	1.417500e-08	4.346218e-01	4.346233e-01	-1.53782e-10	
297	1.422500e-08	4.346004e-01	4.346018e-01	-1.53996e-10	
298	1.427500e-08	4.345791e-01	4.345805e-01	-1.54209e-10	
299	1.432500e-08	4.345579e-01	4.345593e-01	-1.54421e-10	
300	1.437500e-08	4.345368e-01	4.345382e-01	-1.54632e-10	
301	1.442500e-08	4.345158e-01	4.345173e-01	-1.54842e-10	
302	1.447500e-08	4.344950e-01	4.344964e-01	-1.55050e-10	
303	1.452500e-08	4.344743e-01	4.344757e-01	-1.55257e-10	
304	1.457500e-08	4.344537e-01	4.344551e-01	-1.55463e-10	
305	1.462500e-08	4.344333e-01	4.344347e-01	-1.55667e-10	
306	1.467500e-08	4.344129e-01	4.344143e-01	-1.55871e-10	
307	1.472500e-08	4.343927e-01	4.343940e-01	-1.56073e-10	
308	1.477500e-08	4.343725e-01	4.343739e-01	-1.56275e-10	
309	1.482500e-08	4.343525e-01	4.343539e-01	-1.56475e-10	
310	1.487500e-08	4.343326e-01	4.343340e-01	-1.56674e-10	
311	1.492500e-08	4.343128e-01	4.343142e-01	-1.56872e-10	
312	1.497500e-08	4.342932e-01	4.342945e-01	-1.57068e-10	
313	1.502500e-08	4.342736e-01	4.342749e-01	-1.57264e-10	
314	1.507500e-08	4.342541e-01	4.342554e-01	-1.57459e-10	
315	1.512500e-08	4.342348e-01	4.342361e-01	-1.57652e-10	
316	1.517500e-08	4.342155e-01	4.342168e-01	-1.57845e-10	
317	1.522500e-08	4.341964e-01	4.341977e-01	-1.58036e-10	
318	1.527500e-08	4.341773e-01	4.341786e-01	-1.58227e-10	
319	1.532500e-08	4.341584e-01	4.341597e-01	-1.58416e-10	
320	1.537500e-08	4.341395e-01	4.341408e-01	-1.58605e-10	
321	1.542500e-08	4.341208e-01	4.341221e-01	-1.58792e-10	
322	1.547500e-08	4.341022e-01	4.341034e-01	-1.58978e-10	
323	1.552500e-08	4.340836e-01	4.340849e-01	-1.59164e-10	
324	1.557500e-08	4.340652e-01	4.340664e-01	-1.59348e-10	
325	1.562500e-08	4.340468e-01	4.340481e-01	-1.59532e-10	
326	1.567500e-08	4.340286e-01	4.340298e-01	-1.59714e-10	
327	1.572500e-08	4.340104e-01	4.340117e-01	-1.59896e-10	
328	1.577500e-08	4.339924e-01	4.339936e-01	-1.60076e-10	
329	1.582500e-08	4.339744e-01	4.339756e-01	-1.60256e-10	
330	1.587500e-08	4.339565e-01	4.339577e-01	-1.60435e-10	
331	1.592500e-08	4.339387e-01	4.339399e-01	-1.60613e-10	
332	1.597500e-08	4.339210e-01	4.339222e-01	-1.60790e-10	
333	1.602500e-08	4.339034e-01	4.339046e-01	-1.60966e-10	
334	1.607500e-08	4.338859e-01	4.338871e-01	-1.61141e-10	
335	1.612500e-08	4.338685e-01	4.338697e-01	-1.61315e-10	
336	1.617500e-08	4.338512e-01	4.338523e-01	-1.61488e-10	
337	1.622500e-08	4.338339e-01	4.338351e-01	-1.61661e-10	
338	1.627500e-08	4.338167e-01	4.338179e-01	-1.61833e-10	
339	1.632500e-08	4.337997e-01	4.338008e-01	-1.62003e-10	
340	1.637500e-08	4.337827e-01	4.337838e-01	-1.62173e-10	
341	1.642500e-08	4.337658e-01	4.337669e-01	-1.62342e-10	
342	1.647500e-08	4.337489e-01	4.337501e-01	-1.62511e-10	
343	1.652500e-08	4.337322e-01	4.337333e-01	-1.62678e-10	
344	1.657500e-08	4.337155e-01	4.337167e-01	-1.62845e-10	

Index   time            v(bl0)          v(bl7)          vpre#branch     
--------------------------------------------------------------------------------
345	1.662500e-08	4.336990e-01	4.337001e-01	-1.63010e-10	
346	1.667500e-08	4.336824e-01	4.336836e-01	-1.63176e-10	
347	1.672500e-08	4.336660e-01	4.336672e-01	-1.63340e-10	
348	1.677500e-08	4.336497e-01	4.336508e-01	-1.63503e-10	
349	1.682500e-08	4.336334e-01	4.336345e-01	-1.63666e-10	
350	1.687500e-08	4.336172e-01	4.336183e-01	-1.63828e-10	
351	1.692500e-08	4.336011e-01	4.336022e-01	-1.63989e-10	
352	1.697500e-08	4.335851e-01	4.335862e-01	-1.64149e-10	
353	1.702500e-08	4.335691e-01	4.335702e-01	-1.64309e-10	
354	1.707500e-08	4.335533e-01	4.335543e-01	-1.64467e-10	
355	1.712500e-08	4.335374e-01	4.335385e-01	-1.64626e-10	
356	1.717500e-08	4.335217e-01	4.335228e-01	-1.64783e-10	
357	1.722500e-08	4.335061e-01	4.335071e-01	-1.64939e-10	
358	1.727500e-08	4.334905e-01	4.334915e-01	-1.65095e-10	
359	1.732500e-08	4.334750e-01	4.334760e-01	-1.65250e-10	
360	1.737500e-08	4.334595e-01	4.334606e-01	-1.65405e-10	
361	1.742500e-08	4.334441e-01	4.334452e-01	-1.65559e-10	
362	1.747500e-08	4.334288e-01	4.334299e-01	-1.65712e-10	
363	1.752500e-08	4.334136e-01	4.334146e-01	-1.65864e-10	
364	1.757500e-08	4.333984e-01	4.333995e-01	-1.66016e-10	
365	1.762500e-08	4.333833e-01	4.333844e-01	-1.66167e-10	
366	1.767500e-08	4.333683e-01	4.333693e-01	-1.66317e-10	
367	1.772500e-08	4.333533e-01	4.333544e-01	-1.66467e-10	
368	1.777500e-08	4.333384e-01	4.333395e-01	-1.66616e-10	
369	1.782500e-08	4.333236e-01	4.333246e-01	-1.66764e-10	
370	1.787500e-08	4.333089e-01	4.333099e-01	-1.66911e-10	
371	1.792500e-08	4.332942e-01	4.332952e-01	-1.67058e-10	
372	1.797500e-08	4.332795e-01	4.332805e-01	-1.67205e-10	
373	1.802500e-08	4.332650e-01	4.332660e-01	-1.67350e-10	
374	1.807500e-08	4.332505e-01	4.332515e-01	-1.67495e-10	
375	1.812500e-08	4.332360e-01	4.332370e-01	-1.67640e-10	
376	1.817500e-08	4.332216e-01	4.332226e-01	-1.67784e-10	
377	1.822500e-08	4.332073e-01	4.332083e-01	-1.67927e-10	
378	1.827500e-08	4.331931e-01	4.331941e-01	-1.68069e-10	
379	1.832500e-08	4.331789e-01	4.331799e-01	-1.68211e-10	
380	1.837500e-08	4.331648e-01	4.331657e-01	-1.68352e-10	
381	1.842500e-08	4.331507e-01	4.331516e-01	-1.68493e-10	
382	1.847500e-08	4.331367e-01	4.331376e-01	-1.68633e-10	
383	1.852500e-08	4.331227e-01	4.331237e-01	-1.68773e-10	
384	1.857500e-08	4.331088e-01	4.331098e-01	-1.68912e-10	
385	1.862500e-08	4.330950e-01	4.330959e-01	-1.69050e-10	
386	1.867500e-08	4.330812e-01	4.330822e-01	-1.69188e-10	
387	1.872500e-08	4.330675e-01	4.330684e-01	-1.69325e-10	
388	1.877500e-08	4.330538e-01	4.330548e-01	-1.69462e-10	
389	1.882500e-08	4.330402e-01	4.330412e-01	-1.69598e-10	
390	1.887500e-08	4.330267e-01	4.330276e-01	-1.69733e-10	
391	1.892500e-08	4.330132e-01	4.330141e-01	-1.69868e-10	
392	1.897500e-08	4.329998e-01	4.330007e-01	-1.70002e-10	
393	1.902500e-08	4.329864e-01	4.329873e-01	-1.70136e-10	
394	1.907500e-08	4.329731e-01	4.329740e-01	-1.70269e-10	
395	1.912500e-08	4.329598e-01	4.329607e-01	-1.70402e-10	
396	1.917500e-08	4.329466e-01	4.329475e-01	-1.70534e-10	
397	1.922500e-08	4.329334e-01	4.329343e-01	-1.70666e-10	
398	1.927500e-08	4.329203e-01	4.329212e-01	-1.70797e-10	
399	1.932500e-08	4.329072e-01	4.329081e-01	-1.70928e-10	
400	1.937500e-08	4.328942e-01	4.328951e-01	-1.71058e-10	
401	1.942500e-08	4.328813e-01	4.328822e-01	-1.71187e-10	
402	1.947500e-08	4.328684e-01	4.328693e-01	-1.71316e-10	

Index   time            v(bl0)          v(bl7)          vpre#branch     
--------------------------------------------------------------------------------
403	1.952500e-08	4.328555e-01	4.328564e-01	-1.71445e-10	
404	1.957500e-08	4.328427e-01	4.328436e-01	-1.71573e-10	
405	1.962500e-08	4.328300e-01	4.328309e-01	-1.71700e-10	
406	1.967500e-08	4.328173e-01	4.328182e-01	-1.71827e-10	
407	1.972500e-08	4.328046e-01	4.328055e-01	-1.71954e-10	
408	1.977500e-08	4.327920e-01	4.327929e-01	-1.72080e-10	
409	1.982500e-08	4.327795e-01	4.327804e-01	-1.72205e-10	
410	1.987500e-08	4.327670e-01	4.327679e-01	-1.72330e-10	
411	1.992500e-08	4.327545e-01	4.327554e-01	-1.72455e-10	
412	1.997500e-08	4.327421e-01	4.327430e-01	-1.72579e-10	
413	2.002500e-08	4.327298e-01	4.327306e-01	-1.72702e-10	
414	2.007500e-08	4.327175e-01	4.327183e-01	-1.72825e-10	
415	2.012500e-08	4.327052e-01	4.327061e-01	-1.72948e-10	
416	2.017500e-08	4.326930e-01	4.326938e-01	-1.73070e-10	
417	2.022500e-08	4.326808e-01	4.326817e-01	-1.73192e-10	
418	2.027500e-08	4.326687e-01	4.326695e-01	-1.73313e-10	
419	2.032500e-08	4.326566e-01	4.326575e-01	-1.73434e-10	
420	2.037500e-08	4.326446e-01	4.326454e-01	-1.73554e-10	
421	2.042500e-08	4.326326e-01	4.326334e-01	-1.73674e-10	
422	2.047500e-08	4.326207e-01	4.326215e-01	-1.73793e-10	
423	2.052500e-08	4.326088e-01	4.326096e-01	-1.73912e-10	
424	2.057500e-08	4.325969e-01	4.325977e-01	-1.74031e-10	
425	2.062500e-08	4.325851e-01	4.325859e-01	-1.74149e-10	
426	2.067500e-08	4.325733e-01	4.325742e-01	-1.74267e-10	
427	2.072500e-08	4.325616e-01	4.325624e-01	-1.74384e-10	
428	2.077500e-08	4.325499e-01	4.325507e-01	-1.74501e-10	
429	2.082500e-08	4.325383e-01	4.325391e-01	-1.74617e-10	
430	2.087500e-08	4.325267e-01	4.325275e-01	-1.74733e-10	
431	2.092500e-08	4.325152e-01	4.325160e-01	-1.74848e-10	
432	2.097500e-08	4.325037e-01	4.325044e-01	-1.74963e-10	
433	2.102500e-08	4.324922e-01	4.324930e-01	-1.75078e-10	
434	2.107500e-08	4.324808e-01	4.324815e-01	-1.75192e-10	
435	2.112500e-08	4.324694e-01	4.324702e-01	-1.75306e-10	
436	2.117500e-08	4.324580e-01	4.324588e-01	-1.75420e-10	
437	2.122500e-08	4.324467e-01	4.324475e-01	-1.75533e-10	
438	2.127500e-08	4.324355e-01	4.324362e-01	-1.75645e-10	
439	2.132500e-08	4.324242e-01	4.324250e-01	-1.75758e-10	
440	2.137500e-08	4.324131e-01	4.324138e-01	-1.75869e-10	
441	2.142500e-08	4.324019e-01	4.324027e-01	-1.75981e-10	
442	2.147500e-08	4.323908e-01	4.323916e-01	-1.76092e-10	
443	2.152500e-08	4.323798e-01	4.323805e-01	-1.76202e-10	
444	2.157500e-08	4.323687e-01	4.323695e-01	-1.76313e-10	
445	2.162500e-08	4.323577e-01	4.323585e-01	-1.76423e-10	
446	2.167500e-08	4.323468e-01	4.323475e-01	-1.76532e-10	
447	2.172500e-08	4.323359e-01	4.323366e-01	-1.76641e-10	
448	2.177500e-08	4.323250e-01	4.323257e-01	-1.76750e-10	
449	2.182500e-08	4.323142e-01	4.323149e-01	-1.76858e-10	
450	2.187500e-08	4.323034e-01	4.323041e-01	-1.76966e-10	
451	2.192500e-08	4.322926e-01	4.322933e-01	-1.77074e-10	
452	2.197500e-08	4.322819e-01	4.322826e-01	-1.77181e-10	
453	2.202500e-08	4.322712e-01	4.322719e-01	-1.77288e-10	
454	2.207500e-08	4.322605e-01	4.322613e-01	-1.77395e-10	
455	2.212500e-08	4.322499e-01	4.322507e-01	-1.77501e-10	
456	2.217500e-08	4.322393e-01	4.322401e-01	-1.77607e-10	
457	2.222500e-08	4.322288e-01	4.322295e-01	-1.77712e-10	
458	2.227500e-08	4.322183e-01	4.322190e-01	-1.77817e-10	
459	2.232500e-08	4.322078e-01	4.322085e-01	-1.77922e-10	
460	2.237500e-08	4.321974e-01	4.321981e-01	-1.78026e-10	

Index   time            v(bl0)          v(bl7)          vpre#branch     
--------------------------------------------------------------------------------
461	2.242500e-08	4.321870e-01	4.321877e-01	-1.78130e-10	
462	2.247500e-08	4.321766e-01	4.321773e-01	-1.78234e-10	
463	2.252500e-08	4.321663e-01	4.321670e-01	-1.78337e-10	
464	2.257500e-08	4.321560e-01	4.321567e-01	-1.78440e-10	
465	2.262500e-08	4.321457e-01	4.321464e-01	-1.78543e-10	
466	2.267500e-08	4.321355e-01	4.321362e-01	-1.78645e-10	
467	2.272500e-08	4.321253e-01	4.321260e-01	-1.78747e-10	
468	2.277500e-08	4.321151e-01	4.321158e-01	-1.78849e-10	
469	2.282500e-08	4.321050e-01	4.321057e-01	-1.78950e-10	
470	2.287500e-08	4.320949e-01	4.320956e-01	-1.79051e-10	
471	2.292500e-08	4.320848e-01	4.320855e-01	-1.79152e-10	
472	2.297500e-08	4.320748e-01	4.320755e-01	-1.79252e-10	
473	2.302500e-08	4.320648e-01	4.320655e-01	-1.79352e-10	
474	2.307500e-08	4.320548e-01	4.320555e-01	-1.79452e-10	
475	2.312500e-08	4.320449e-01	4.320456e-01	-1.79551e-10	
476	2.317500e-08	4.320350e-01	4.320357e-01	-1.79650e-10	
477	2.322500e-08	4.320251e-01	4.320258e-01	-1.79749e-10	
478	2.327500e-08	4.320153e-01	4.320159e-01	-1.79847e-10	
479	2.332500e-08	4.320055e-01	4.320061e-01	-1.79945e-10	
480	2.337500e-08	4.319957e-01	4.319963e-01	-1.80043e-10	
481	2.342500e-08	4.319859e-01	4.319866e-01	-1.80141e-10	
482	2.347500e-08	4.319762e-01	4.319769e-01	-1.80238e-10	
483	2.352500e-08	4.319665e-01	4.319672e-01	-1.80335e-10	
484	2.357500e-08	4.319569e-01	4.319575e-01	-1.80431e-10	
485	2.362500e-08	4.319472e-01	4.319479e-01	-1.80528e-10	
486	2.367500e-08	4.319376e-01	4.319383e-01	-1.80624e-10	
487	2.372500e-08	4.319281e-01	4.319287e-01	-1.80719e-10	
488	2.377500e-08	4.319185e-01	4.319192e-01	-1.80815e-10	
489	2.382500e-08	4.319090e-01	4.319097e-01	-1.80910e-10	
490	2.387500e-08	4.318996e-01	4.319002e-01	-1.81004e-10	
491	2.392500e-08	4.318901e-01	4.318908e-01	-1.81099e-10	
492	2.397500e-08	4.318807e-01	4.318813e-01	-1.81193e-10	
493	2.402500e-08	4.318713e-01	4.318719e-01	-1.81287e-10	
494	2.407500e-08	4.318619e-01	4.318626e-01	-1.81381e-10	
495	2.412500e-08	4.318526e-01	4.318532e-01	-1.81474e-10	
496	2.417500e-08	4.318433e-01	4.318439e-01	-1.81567e-10	
497	2.422500e-08	4.318340e-01	4.318347e-01	-1.81660e-10	
498	2.427500e-08	4.318248e-01	4.318254e-01	-1.81752e-10	
499	2.432500e-08	4.318156e-01	4.318162e-01	-1.81844e-10	
500	2.437500e-08	4.318064e-01	4.318070e-01	-1.81936e-10	
501	2.442500e-08	4.317972e-01	4.317978e-01	-1.82028e-10	
502	2.447500e-08	4.317881e-01	4.317887e-01	-1.82119e-10	
503	2.452500e-08	4.317789e-01	4.317796e-01	-1.82211e-10	
504	2.457500e-08	4.317699e-01	4.317705e-01	-1.82301e-10	
505	2.462500e-08	4.317608e-01	4.317614e-01	-1.82392e-10	
506	2.467500e-08	4.317518e-01	4.317524e-01	-1.82482e-10	
507	2.472500e-08	4.317428e-01	4.317434e-01	-1.82572e-10	
508	2.477500e-08	4.317338e-01	4.317344e-01	-1.82662e-10	
509	2.482500e-08	4.317248e-01	4.317255e-01	-1.82752e-10	
510	2.487500e-08	4.317159e-01	4.317165e-01	-1.82841e-10	
511	2.492500e-08	4.317070e-01	4.317076e-01	-1.82930e-10	
512	2.496250e-08	4.317004e-01	4.317010e-01	-1.82996e-10	
513	2.500000e-08	4.316937e-01	4.316943e-01	-1.83063e-10	


Total analysis time (seconds) = 0.405329

Total elapsed time (seconds) = 0.416 

Total DRAM available = 386307.215 MB.
DRAM currently available = 19358.512 MB.
Maximum ngspice program size =  529.848 MB.
Current ngspice program size =   14.277 MB.

Shared ngspice pages =   12.320 MB.
Text (code) pages =    6.266 MB.
Stack = 0 bytes.
Library pages =   59.266 MB.

