
Note: No compatibility mode selected!


Circuit: * id-vd sweep vgs=1.1385v

Doing analysis at TEMP = 27.000000 and TNOM = 27.000000

Using SPARSE 1.3 as Direct Linear Solver

No. of Data Rows : 101
                           * id-vd sweep vgs=1.1385v
                           DC transfer characteristic  Wed Jun 24 01:08:36  2026
--------------------------------------------------------------------------------
Index   v-sweep         vd#branch       v(d)            
--------------------------------------------------------------------------------
0	0.000000e+00	2.209176e-28	0.000000e+00	
1	9.900000e-03	-9.95718e-07	9.900000e-03	
2	1.980000e-02	-1.83161e-06	1.980000e-02	
3	2.970000e-02	-2.27811e-06	2.970000e-02	
4	3.960000e-02	-2.49188e-06	3.960000e-02	
5	4.950000e-02	-2.62520e-06	4.950000e-02	
6	5.940000e-02	-2.72173e-06	5.940000e-02	
7	6.930000e-02	-2.79727e-06	6.930000e-02	
8	7.920000e-02	-2.85936e-06	7.920000e-02	
9	8.910000e-02	-2.91212e-06	8.910000e-02	
10	9.900000e-02	-2.95807e-06	9.900000e-02	
11	1.089000e-01	-3.00120e-06	1.089000e-01	
12	1.188000e-01	-3.03740e-06	1.188000e-01	
13	1.287000e-01	-3.07044e-06	1.287000e-01	
14	1.386000e-01	-3.10086e-06	1.386000e-01	
15	1.485000e-01	-3.12909e-06	1.485000e-01	
16	1.584000e-01	-3.15545e-06	1.584000e-01	
17	1.683000e-01	-3.18019e-06	1.683000e-01	
18	1.782000e-01	-3.20353e-06	1.782000e-01	
19	1.881000e-01	-3.22563e-06	1.881000e-01	
20	1.980000e-01	-3.24664e-06	1.980000e-01	
21	2.079000e-01	-3.26668e-06	2.079000e-01	
22	2.178000e-01	-3.28585e-06	2.178000e-01	
23	2.277000e-01	-3.30423e-06	2.277000e-01	
24	2.376000e-01	-3.32189e-06	2.376000e-01	
25	2.475000e-01	-3.33891e-06	2.475000e-01	
26	2.574000e-01	-3.35533e-06	2.574000e-01	
27	2.673000e-01	-3.37122e-06	2.673000e-01	
28	2.772000e-01	-3.38660e-06	2.772000e-01	
29	2.871000e-01	-3.40152e-06	2.871000e-01	
30	2.970000e-01	-3.41601e-06	2.970000e-01	
31	3.069000e-01	-3.43010e-06	3.069000e-01	
32	3.168000e-01	-3.44383e-06	3.168000e-01	
33	3.267000e-01	-3.45720e-06	3.267000e-01	
34	3.366000e-01	-3.47026e-06	3.366000e-01	
35	3.465000e-01	-3.48301e-06	3.465000e-01	
36	3.564000e-01	-3.49548e-06	3.564000e-01	
37	3.663000e-01	-3.50768e-06	3.663000e-01	
38	3.762000e-01	-3.51962e-06	3.762000e-01	
39	3.861000e-01	-3.53133e-06	3.861000e-01	
40	3.960000e-01	-3.54282e-06	3.960000e-01	
41	4.059000e-01	-3.55409e-06	4.059000e-01	
42	4.158000e-01	-3.56515e-06	4.158000e-01	
43	4.257000e-01	-3.57603e-06	4.257000e-01	
44	4.356000e-01	-3.58672e-06	4.356000e-01	
45	4.455000e-01	-3.59724e-06	4.455000e-01	
46	4.554000e-01	-3.60759e-06	4.554000e-01	
47	4.653000e-01	-3.61778e-06	4.653000e-01	
48	4.752000e-01	-3.62783e-06	4.752000e-01	
49	4.851000e-01	-3.63772e-06	4.851000e-01	
50	4.950000e-01	-3.64748e-06	4.950000e-01	
51	5.049000e-01	-3.65711e-06	5.049000e-01	
52	5.148000e-01	-3.66661e-06	5.148000e-01	
53	5.247000e-01	-3.67599e-06	5.247000e-01	
54	5.346000e-01	-3.68525e-06	5.346000e-01	

Index   v-sweep         vd#branch       v(d)            
--------------------------------------------------------------------------------
55	5.445000e-01	-3.69440e-06	5.445000e-01	
56	5.544000e-01	-3.70344e-06	5.544000e-01	
57	5.643000e-01	-3.71238e-06	5.643000e-01	
58	5.742000e-01	-3.72121e-06	5.742000e-01	
59	5.841000e-01	-3.72995e-06	5.841000e-01	
60	5.940000e-01	-3.73860e-06	5.940000e-01	
61	6.039000e-01	-3.74716e-06	6.039000e-01	
62	6.138000e-01	-3.75563e-06	6.138000e-01	
63	6.237000e-01	-3.76402e-06	6.237000e-01	
64	6.336000e-01	-3.77232e-06	6.336000e-01	
65	6.435000e-01	-3.78055e-06	6.435000e-01	
66	6.534000e-01	-3.78870e-06	6.534000e-01	
67	6.633000e-01	-3.79678e-06	6.633000e-01	
68	6.732000e-01	-3.80479e-06	6.732000e-01	
69	6.831000e-01	-3.81272e-06	6.831000e-01	
70	6.930000e-01	-3.82060e-06	6.930000e-01	
71	7.029000e-01	-3.82840e-06	7.029000e-01	
72	7.128000e-01	-3.83615e-06	7.128000e-01	
73	7.227000e-01	-3.84383e-06	7.227000e-01	
74	7.326000e-01	-3.85145e-06	7.326000e-01	
75	7.425000e-01	-3.85902e-06	7.425000e-01	
76	7.524000e-01	-3.86653e-06	7.524000e-01	
77	7.623000e-01	-3.87398e-06	7.623000e-01	
78	7.722000e-01	-3.88139e-06	7.722000e-01	
79	7.821000e-01	-3.88874e-06	7.821000e-01	
80	7.920000e-01	-3.89604e-06	7.920000e-01	
81	8.019000e-01	-3.90329e-06	8.019000e-01	
82	8.118000e-01	-3.91050e-06	8.118000e-01	
83	8.217000e-01	-3.91765e-06	8.217000e-01	
84	8.316000e-01	-3.92477e-06	8.316000e-01	
85	8.415000e-01	-3.93184e-06	8.415000e-01	
86	8.514000e-01	-3.93886e-06	8.514000e-01	
87	8.613000e-01	-3.94585e-06	8.613000e-01	
88	8.712000e-01	-3.95279e-06	8.712000e-01	
89	8.811000e-01	-3.95970e-06	8.811000e-01	
90	8.910000e-01	-3.96656e-06	8.910000e-01	
91	9.009000e-01	-3.97339e-06	9.009000e-01	
92	9.108000e-01	-3.98018e-06	9.108000e-01	
93	9.207000e-01	-3.98693e-06	9.207000e-01	
94	9.306000e-01	-3.99365e-06	9.306000e-01	
95	9.405000e-01	-4.00033e-06	9.405000e-01	
96	9.504000e-01	-4.00698e-06	9.504000e-01	
97	9.603000e-01	-4.01360e-06	9.603000e-01	
98	9.702000e-01	-4.02018e-06	9.702000e-01	
99	9.801000e-01	-4.02674e-06	9.801000e-01	
100	9.900000e-01	-4.03326e-06	9.900000e-01	


Total analysis time (seconds) = 0.00720283

Total elapsed time (seconds) = 0.012 

Total DRAM available = 386307.215 MB.
DRAM currently available = 7964.836 MB.
Maximum ngspice program size =  529.723 MB.
Current ngspice program size =   14.039 MB.

Shared ngspice pages =   12.277 MB.
Text (code) pages =    6.266 MB.
Stack = 0 bytes.
Library pages =   59.141 MB.

