
Note: No compatibility mode selected!


Circuit: * mini-array n=8 layout

Doing analysis at TEMP = 27.000000 and TNOM = 27.000000

Using SPARSE 1.3 as Direct Linear Solver

Initial Transient Solution
--------------------------

Node                                   Voltage
----                                   -------
pre                                      0.495
bl0                                      0.495
s                                            0
bltap0                                   0.495
wl0                                          0
bl1                                      0.495
bltap1                                   0.495
wl1                                          0
bl2                                      0.495
bltap2                                   0.495
wl2                                          0
bl3                                      0.495
bltap3                                   0.495
wl3                                          0
bl4                                      0.495
bltap4                                   0.495
wl4                                          0
bl5                                      0.495
bltap5                                   0.495
wl5                                          0
bl6                                      0.495
bltap6                                   0.495
wl6                                          0
bl7                                      0.495
bltap7                                   0.495
wl7                                          0
plate0                                       0
cell0                                        0
plate1                                   0.495
cell1                                 0.494997
plate2                                   0.495
cell2                                 0.494997
plate3                                   0.495
cell3                                 0.494997
plate4                                   0.495
cell4                                 0.494997
plate5                                   0.495
cell5                                 0.494997
plate6                                   0.495
cell6                                 0.494997
plate7                                   0.495
cell7                                 0.494997
vplate7#branch                               0
vwl7#branch                                  0
vplate6#branch                               0
vwl6#branch                                  0
vplate5#branch                               0
vwl5#branch                                  0
vplate4#branch                               0
vwl4#branch                                  0
vplate3#branch                               0
vwl3#branch                                  0
vplate2#branch                               0
vwl2#branch                                  0
vplate1#branch                               0
vwl1#branch                                  0
vplate0#branch                               0
vwl0#branch                                  0
vs#branch                                    0
vpre#branch                                  0


No. of Data Rows : 514

  Measurements for Transient Analysis

t_bl_settle         =  3.78839e-09
i_bl_leak           =  -2.30171e-10 from=  1.50000e-08 to=  2.50000e-08

                            * mini-array n=8 layout
                            Transient Analysis  Tue Jun 23 21:17:24  2026
--------------------------------------------------------------------------------
Index   time            v(bl0)          v(bl7)          vpre#branch     
--------------------------------------------------------------------------------
0	0.000000e+00	4.950000e-01	4.950000e-01	0.000000e+00	
1	5.000000e-13	4.950000e-01	4.950000e-01	-1.28627e-21	
2	1.000000e-12	4.950000e-01	4.950000e-01	-2.24745e-21	
3	2.000000e-12	4.950000e-01	4.950000e-01	-3.84887e-21	
4	4.000000e-12	4.950000e-01	4.950000e-01	-6.21874e-21	
5	8.000000e-12	4.950000e-01	4.950000e-01	-1.04779e-20	
6	1.600000e-11	4.950000e-01	4.950000e-01	-1.89681e-20	
7	3.200000e-11	4.950000e-01	4.950000e-01	-3.59129e-20	
8	6.400000e-11	4.950000e-01	4.950000e-01	-6.98149e-20	
9	1.140000e-10	4.950000e-01	4.950000e-01	-1.22703e-19	
10	1.640000e-10	4.950000e-01	4.950000e-01	-1.75274e-19	
11	2.140000e-10	4.950000e-01	4.950000e-01	-2.27858e-19	
12	2.640000e-10	4.950000e-01	4.950000e-01	-2.80426e-19	
13	3.140000e-10	4.950000e-01	4.950000e-01	-3.33009e-19	
14	3.640000e-10	4.950000e-01	4.950000e-01	-3.85580e-19	
15	4.140000e-10	4.950000e-01	4.950000e-01	-4.38165e-19	
16	4.640000e-10	4.950000e-01	4.950000e-01	-4.90736e-19	
17	5.140000e-10	4.950000e-01	4.950000e-01	-5.43320e-19	
18	5.640000e-10	4.950000e-01	4.950000e-01	-5.95891e-19	
19	6.140000e-10	4.950000e-01	4.950000e-01	-6.48474e-19	
20	6.640000e-10	4.950000e-01	4.950000e-01	-7.01049e-19	
21	7.140000e-10	4.950000e-01	4.950000e-01	-7.53630e-19	
22	7.640000e-10	4.950000e-01	4.950000e-01	-8.06200e-19	
23	8.140000e-10	4.950000e-01	4.950000e-01	-8.58783e-19	
24	8.640000e-10	4.950000e-01	4.950000e-01	-9.11350e-19	
25	9.140000e-10	4.950000e-01	4.950000e-01	-9.63931e-19	
26	9.570000e-10	4.950000e-01	4.950000e-01	-1.00943e-18	
27	1.000000e-09	4.950000e-01	4.950000e-01	-1.05524e-18	
28	1.005000e-09	4.950606e-01	4.950344e-01	6.057544e-13	
29	1.015000e-09	4.951570e-01	4.951219e-01	1.569679e-12	
30	1.035000e-09	4.953378e-01	4.953091e-01	3.377866e-12	
31	1.075000e-09	4.957085e-01	4.956744e-01	7.085373e-12	
32	1.125000e-09	4.961661e-01	4.961368e-01	1.166052e-11	
33	1.175000e-09	4.966284e-01	4.965946e-01	1.628381e-11	
34	1.225000e-09	4.970863e-01	4.970567e-01	2.086258e-11	
35	1.275000e-09	4.975482e-01	4.975148e-01	2.548247e-11	
36	1.325000e-09	4.980064e-01	4.979765e-01	3.006422e-11	
37	1.375000e-09	4.984681e-01	4.984350e-01	3.468094e-11	
38	1.425000e-09	4.989264e-01	4.988963e-01	3.926428e-11	
39	1.475000e-09	4.993875e-01	4.993547e-01	4.387523e-11	
40	1.525000e-09	4.998450e-01	4.998147e-01	4.844982e-11	
41	1.575000e-09	5.003024e-01	5.002701e-01	5.302441e-11	
42	1.625000e-09	5.007502e-01	5.007207e-01	5.750224e-11	
43	1.675000e-09	5.011826e-01	5.011528e-01	6.182598e-11	
44	1.725000e-09	5.015787e-01	5.015536e-01	6.578684e-11	
45	1.775000e-09	5.019245e-01	5.019018e-01	6.924461e-11	
46	1.825000e-09	5.022022e-01	5.021860e-01	7.202169e-11	
47	1.875000e-09	5.024062e-01	5.023940e-01	7.406220e-11	
48	1.925000e-09	5.025281e-01	5.025228e-01	7.528139e-11	
49	1.962500e-09	5.025662e-01	5.025640e-01	7.566177e-11	
50	2.000000e-09	5.025553e-01	5.025586e-01	7.555300e-11	
51	2.005000e-09	5.024908e-01	5.025199e-01	7.490795e-11	
52	2.015000e-09	5.023865e-01	5.024242e-01	7.386452e-11	
53	2.035000e-09	5.021910e-01	5.022221e-01	7.190966e-11	
54	2.075000e-09	5.017964e-01	5.018323e-01	6.796400e-11	

Index   time            v(bl0)          v(bl7)          vpre#branch     
--------------------------------------------------------------------------------
55	2.125000e-09	5.013190e-01	5.013493e-01	6.318999e-11	
56	2.175000e-09	5.008476e-01	5.008816e-01	5.847620e-11	
57	2.225000e-09	5.003911e-01	5.004203e-01	5.391121e-11	
58	2.275000e-09	4.999408e-01	4.999730e-01	4.940753e-11	
59	2.325000e-09	4.995041e-01	4.995322e-01	4.504067e-11	
60	2.375000e-09	4.990736e-01	4.991042e-01	4.073556e-11	
61	2.425000e-09	4.986557e-01	4.986827e-01	3.655658e-11	
62	2.475000e-09	4.982439e-01	4.982731e-01	3.243921e-11	
63	2.525000e-09	4.978438e-01	4.978699e-01	2.843843e-11	
64	2.575000e-09	4.974499e-01	4.974777e-01	2.449866e-11	
65	2.625000e-09	4.970667e-01	4.970918e-01	2.066692e-11	
66	2.675000e-09	4.966895e-01	4.967160e-01	1.689525e-11	
67	2.725000e-09	4.963224e-01	4.963465e-01	1.322388e-11	
68	2.775000e-09	4.959611e-01	4.959864e-01	9.611369e-12	
69	2.825000e-09	4.956092e-01	4.956325e-01	6.092203e-12	
70	2.875000e-09	4.952630e-01	4.952872e-01	2.630467e-12	
71	2.925000e-09	4.949256e-01	4.949480e-01	-7.44228e-13	
72	2.975000e-09	4.945937e-01	4.946168e-01	-4.06308e-12	
73	3.025000e-09	4.942699e-01	4.942915e-01	-7.30060e-12	
74	3.075000e-09	4.939516e-01	4.939737e-01	-1.04840e-11	
75	3.125000e-09	4.936409e-01	4.936616e-01	-1.35912e-11	
76	3.175000e-09	4.933354e-01	4.933565e-01	-1.66461e-11	
77	3.225000e-09	4.930370e-01	4.930570e-01	-1.96296e-11	
78	3.275000e-09	4.927437e-01	4.927640e-01	-2.25626e-11	
79	3.325000e-09	4.924572e-01	4.924764e-01	-2.54285e-11	
80	3.375000e-09	4.921754e-01	4.921949e-01	-2.82457e-11	
81	3.425000e-09	4.919000e-01	4.919185e-01	-3.09999e-11	
82	3.475000e-09	4.916293e-01	4.916479e-01	-3.37071e-11	
83	3.525000e-09	4.913645e-01	4.913823e-01	-3.63550e-11	
84	3.575000e-09	4.911042e-01	4.911221e-01	-3.89579e-11	
85	3.625000e-09	4.908495e-01	4.908667e-01	-4.15048e-11	
86	3.675000e-09	4.905992e-01	4.906164e-01	-4.40083e-11	
87	3.725000e-09	4.903541e-01	4.903706e-01	-4.64591e-11	
88	3.775000e-09	4.901132e-01	4.901297e-01	-4.88683e-11	
89	3.825000e-09	4.898772e-01	4.898932e-01	-5.12276e-11	
90	3.875000e-09	4.896453e-01	4.896612e-01	-5.35470e-11	
91	3.925000e-09	4.894181e-01	4.894334e-01	-5.58192e-11	
92	3.975000e-09	4.891947e-01	4.892100e-01	-5.80533e-11	
93	4.025000e-09	4.889757e-01	4.889906e-01	-6.02426e-11	
94	4.075000e-09	4.887605e-01	4.887752e-01	-6.23953e-11	
95	4.125000e-09	4.885494e-01	4.885637e-01	-6.45056e-11	
96	4.175000e-09	4.883419e-01	4.883561e-01	-6.65810e-11	
97	4.225000e-09	4.881384e-01	4.881522e-01	-6.86160e-11	
98	4.275000e-09	4.879382e-01	4.879519e-01	-7.06176e-11	
99	4.325000e-09	4.877419e-01	4.877552e-01	-7.25810e-11	
100	4.375000e-09	4.875488e-01	4.875620e-01	-7.45123e-11	
101	4.425000e-09	4.873593e-01	4.873721e-01	-7.64072e-11	
102	4.475000e-09	4.871728e-01	4.871856e-01	-7.82716e-11	
103	4.525000e-09	4.869899e-01	4.870023e-01	-8.01013e-11	
104	4.575000e-09	4.868098e-01	4.868221e-01	-8.19017e-11	
105	4.625000e-09	4.866331e-01	4.866451e-01	-8.36693e-11	
106	4.675000e-09	4.864591e-01	4.864710e-01	-8.54087e-11	
107	4.725000e-09	4.862883e-01	4.862999e-01	-8.71169e-11	
108	4.775000e-09	4.861202e-01	4.861317e-01	-8.87981e-11	
109	4.825000e-09	4.859550e-01	4.859663e-01	-9.04496e-11	
110	4.875000e-09	4.857925e-01	4.858036e-01	-9.20753e-11	
111	4.925000e-09	4.856327e-01	4.856436e-01	-9.36726e-11	
112	4.975000e-09	4.854755e-01	4.854862e-01	-9.52453e-11	

Index   time            v(bl0)          v(bl7)          vpre#branch     
--------------------------------------------------------------------------------
113	5.025000e-09	4.853209e-01	4.853314e-01	-9.67908e-11	
114	5.075000e-09	4.851687e-01	4.851791e-01	-9.83128e-11	
115	5.125000e-09	4.850191e-01	4.850293e-01	-9.98089e-11	
116	5.175000e-09	4.848718e-01	4.848818e-01	-1.01282e-10	
117	5.225000e-09	4.847269e-01	4.847367e-01	-1.02731e-10	
118	5.275000e-09	4.845841e-01	4.845939e-01	-1.04159e-10	
119	5.325000e-09	4.844438e-01	4.844533e-01	-1.05562e-10	
120	5.375000e-09	4.843055e-01	4.843149e-01	-1.06945e-10	
121	5.425000e-09	4.841695e-01	4.841787e-01	-1.08305e-10	
122	5.475000e-09	4.840354e-01	4.840446e-01	-1.09646e-10	
123	5.525000e-09	4.839035e-01	4.839125e-01	-1.10965e-10	
124	5.575000e-09	4.837735e-01	4.837824e-01	-1.12265e-10	
125	5.625000e-09	4.836456e-01	4.836543e-01	-1.13544e-10	
126	5.675000e-09	4.835195e-01	4.835281e-01	-1.14805e-10	
127	5.725000e-09	4.833954e-01	4.834038e-01	-1.16046e-10	
128	5.775000e-09	4.832730e-01	4.832813e-01	-1.17270e-10	
129	5.825000e-09	4.831525e-01	4.831607e-01	-1.18475e-10	
130	5.875000e-09	4.830337e-01	4.830418e-01	-1.19663e-10	
131	5.925000e-09	4.829167e-01	4.829247e-01	-1.20833e-10	
132	5.975000e-09	4.828013e-01	4.828092e-01	-1.21987e-10	
133	6.025000e-09	4.826876e-01	4.826954e-01	-1.23124e-10	
134	6.075000e-09	4.825755e-01	4.825832e-01	-1.24245e-10	
135	6.125000e-09	4.824651e-01	4.824726e-01	-1.25349e-10	
136	6.175000e-09	4.823561e-01	4.823635e-01	-1.26439e-10	
137	6.225000e-09	4.822487e-01	4.822560e-01	-1.27513e-10	
138	6.275000e-09	4.821428e-01	4.821500e-01	-1.28572e-10	
139	6.325000e-09	4.820383e-01	4.820455e-01	-1.29617e-10	
140	6.375000e-09	4.819353e-01	4.819423e-01	-1.30647e-10	
141	6.425000e-09	4.818337e-01	4.818406e-01	-1.31663e-10	
142	6.475000e-09	4.817334e-01	4.817403e-01	-1.32666e-10	
143	6.525000e-09	4.816346e-01	4.816413e-01	-1.33654e-10	
144	6.575000e-09	4.815370e-01	4.815436e-01	-1.34630e-10	
145	6.625000e-09	4.814408e-01	4.814473e-01	-1.35592e-10	
146	6.675000e-09	4.813457e-01	4.813522e-01	-1.36543e-10	
147	6.725000e-09	4.812520e-01	4.812584e-01	-1.37480e-10	
148	6.775000e-09	4.811594e-01	4.811658e-01	-1.38406e-10	
149	6.825000e-09	4.810681e-01	4.810744e-01	-1.39319e-10	
150	6.875000e-09	4.809780e-01	4.809841e-01	-1.40220e-10	
151	6.925000e-09	4.808890e-01	4.808951e-01	-1.41110e-10	
152	6.975000e-09	4.808011e-01	4.808071e-01	-1.41989e-10	
153	7.025000e-09	4.807144e-01	4.807203e-01	-1.42856e-10	
154	7.075000e-09	4.806287e-01	4.806345e-01	-1.43713e-10	
155	7.125000e-09	4.805441e-01	4.805499e-01	-1.44559e-10	
156	7.175000e-09	4.804605e-01	4.804662e-01	-1.45395e-10	
157	7.225000e-09	4.803780e-01	4.803836e-01	-1.46220e-10	
158	7.275000e-09	4.802965e-01	4.803020e-01	-1.47035e-10	
159	7.325000e-09	4.802160e-01	4.802215e-01	-1.47840e-10	
160	7.375000e-09	4.801364e-01	4.801418e-01	-1.48636e-10	
161	7.425000e-09	4.800578e-01	4.800632e-01	-1.49422e-10	
162	7.475000e-09	4.799801e-01	4.799854e-01	-1.50199e-10	
163	7.525000e-09	4.799034e-01	4.799087e-01	-1.50966e-10	
164	7.575000e-09	4.798276e-01	4.798328e-01	-1.51724e-10	
165	7.625000e-09	4.797526e-01	4.797578e-01	-1.52474e-10	
166	7.675000e-09	4.796785e-01	4.796836e-01	-1.53215e-10	
167	7.725000e-09	4.796054e-01	4.796103e-01	-1.53946e-10	
168	7.775000e-09	4.795330e-01	4.795379e-01	-1.54670e-10	
169	7.825000e-09	4.794614e-01	4.794663e-01	-1.55386e-10	
170	7.875000e-09	4.793907e-01	4.793955e-01	-1.56093e-10	

Index   time            v(bl0)          v(bl7)          vpre#branch     
--------------------------------------------------------------------------------
171	7.925000e-09	4.793207e-01	4.793255e-01	-1.56793e-10	
172	7.975000e-09	4.792516e-01	4.792563e-01	-1.57484e-10	
173	8.025000e-09	4.791832e-01	4.791879e-01	-1.58168e-10	
174	8.075000e-09	4.791155e-01	4.791202e-01	-1.58845e-10	
175	8.125000e-09	4.790487e-01	4.790532e-01	-1.59513e-10	
176	8.175000e-09	4.789825e-01	4.789870e-01	-1.60175e-10	
177	8.225000e-09	4.789171e-01	4.789215e-01	-1.60829e-10	
178	8.275000e-09	4.788523e-01	4.788567e-01	-1.61477e-10	
179	8.325000e-09	4.787883e-01	4.787927e-01	-1.62117e-10	
180	8.375000e-09	4.787249e-01	4.787293e-01	-1.62751e-10	
181	8.425000e-09	4.786623e-01	4.786665e-01	-1.63377e-10	
182	8.475000e-09	4.786002e-01	4.786044e-01	-1.63998e-10	
183	8.525000e-09	4.785389e-01	4.785430e-01	-1.64611e-10	
184	8.575000e-09	4.784781e-01	4.784822e-01	-1.65219e-10	
185	8.625000e-09	4.784180e-01	4.784221e-01	-1.65820e-10	
186	8.675000e-09	4.783585e-01	4.783626e-01	-1.66415e-10	
187	8.725000e-09	4.782996e-01	4.783036e-01	-1.67004e-10	
188	8.775000e-09	4.782413e-01	4.782453e-01	-1.67587e-10	
189	8.825000e-09	4.781836e-01	4.781876e-01	-1.68164e-10	
190	8.875000e-09	4.781265e-01	4.781304e-01	-1.68735e-10	
191	8.925000e-09	4.780700e-01	4.780738e-01	-1.69300e-10	
192	8.975000e-09	4.780140e-01	4.780178e-01	-1.69860e-10	
193	9.025000e-09	4.779585e-01	4.779623e-01	-1.70415e-10	
194	9.075000e-09	4.779036e-01	4.779074e-01	-1.70964e-10	
195	9.125000e-09	4.778493e-01	4.778530e-01	-1.71507e-10	
196	9.175000e-09	4.777954e-01	4.777991e-01	-1.72046e-10	
197	9.225000e-09	4.777421e-01	4.777458e-01	-1.72579e-10	
198	9.275000e-09	4.776893e-01	4.776929e-01	-1.73107e-10	
199	9.325000e-09	4.776370e-01	4.776406e-01	-1.73630e-10	
200	9.375000e-09	4.775852e-01	4.775887e-01	-1.74148e-10	
201	9.425000e-09	4.775339e-01	4.775374e-01	-1.74661e-10	
202	9.475000e-09	4.774830e-01	4.774865e-01	-1.75170e-10	
203	9.525000e-09	4.774327e-01	4.774361e-01	-1.75673e-10	
204	9.575000e-09	4.773828e-01	4.773862e-01	-1.76172e-10	
205	9.625000e-09	4.773333e-01	4.773367e-01	-1.76667e-10	
206	9.675000e-09	4.772843e-01	4.772877e-01	-1.77157e-10	
207	9.725000e-09	4.772358e-01	4.772391e-01	-1.77642e-10	
208	9.775000e-09	4.771876e-01	4.771909e-01	-1.78124e-10	
209	9.825000e-09	4.771400e-01	4.771432e-01	-1.78600e-10	
210	9.875000e-09	4.770927e-01	4.770959e-01	-1.79073e-10	
211	9.925000e-09	4.770459e-01	4.770491e-01	-1.79541e-10	
212	9.975000e-09	4.769994e-01	4.770026e-01	-1.80006e-10	
213	1.002500e-08	4.769534e-01	4.769566e-01	-1.80466e-10	
214	1.007500e-08	4.769078e-01	4.769109e-01	-1.80922e-10	
215	1.012500e-08	4.768626e-01	4.768657e-01	-1.81374e-10	
216	1.017500e-08	4.768177e-01	4.768208e-01	-1.81823e-10	
217	1.022500e-08	4.767733e-01	4.767763e-01	-1.82267e-10	
218	1.027500e-08	4.767292e-01	4.767322e-01	-1.82708e-10	
219	1.032500e-08	4.766855e-01	4.766885e-01	-1.83145e-10	
220	1.037500e-08	4.766422e-01	4.766452e-01	-1.83578e-10	
221	1.042500e-08	4.765992e-01	4.766022e-01	-1.84008e-10	
222	1.047500e-08	4.765566e-01	4.765595e-01	-1.84434e-10	
223	1.052500e-08	4.765144e-01	4.765173e-01	-1.84856e-10	
224	1.057500e-08	4.764725e-01	4.764753e-01	-1.85275e-10	
225	1.062500e-08	4.764309e-01	4.764338e-01	-1.85691e-10	
226	1.067500e-08	4.763897e-01	4.763925e-01	-1.86103e-10	
227	1.072500e-08	4.763488e-01	4.763516e-01	-1.86512e-10	
228	1.077500e-08	4.763082e-01	4.763110e-01	-1.86918e-10	

Index   time            v(bl0)          v(bl7)          vpre#branch     
--------------------------------------------------------------------------------
229	1.082500e-08	4.762680e-01	4.762708e-01	-1.87320e-10	
230	1.087500e-08	4.762281e-01	4.762308e-01	-1.87719e-10	
231	1.092500e-08	4.761885e-01	4.761912e-01	-1.88115e-10	
232	1.097500e-08	4.761492e-01	4.761519e-01	-1.88508e-10	
233	1.102500e-08	4.761102e-01	4.761129e-01	-1.88898e-10	
234	1.107500e-08	4.760716e-01	4.760742e-01	-1.89284e-10	
235	1.112500e-08	4.760332e-01	4.760358e-01	-1.89668e-10	
236	1.117500e-08	4.759951e-01	4.759977e-01	-1.90049e-10	
237	1.122500e-08	4.759573e-01	4.759599e-01	-1.90427e-10	
238	1.127500e-08	4.759198e-01	4.759224e-01	-1.90802e-10	
239	1.132500e-08	4.758826e-01	4.758852e-01	-1.91174e-10	
240	1.137500e-08	4.758457e-01	4.758482e-01	-1.91543e-10	
241	1.142500e-08	4.758091e-01	4.758116e-01	-1.91909e-10	
242	1.147500e-08	4.757727e-01	4.757752e-01	-1.92273e-10	
243	1.152500e-08	4.757366e-01	4.757391e-01	-1.92634e-10	
244	1.157500e-08	4.757007e-01	4.757032e-01	-1.92993e-10	
245	1.162500e-08	4.756652e-01	4.756676e-01	-1.93348e-10	
246	1.167500e-08	4.756299e-01	4.756323e-01	-1.93701e-10	
247	1.172500e-08	4.755948e-01	4.755972e-01	-1.94052e-10	
248	1.177500e-08	4.755600e-01	4.755624e-01	-1.94400e-10	
249	1.182500e-08	4.755255e-01	4.755278e-01	-1.94745e-10	
250	1.187500e-08	4.754912e-01	4.754935e-01	-1.95088e-10	
251	1.192500e-08	4.754571e-01	4.754594e-01	-1.95429e-10	
252	1.197500e-08	4.754233e-01	4.754256e-01	-1.95767e-10	
253	1.202500e-08	4.753897e-01	4.753920e-01	-1.96103e-10	
254	1.207500e-08	4.753564e-01	4.753587e-01	-1.96436e-10	
255	1.212500e-08	4.753233e-01	4.753256e-01	-1.96767e-10	
256	1.217500e-08	4.752904e-01	4.752927e-01	-1.97096e-10	
257	1.222500e-08	4.752578e-01	4.752600e-01	-1.97422e-10	
258	1.227500e-08	4.752253e-01	4.752276e-01	-1.97747e-10	
259	1.232500e-08	4.751932e-01	4.751954e-01	-1.98068e-10	
260	1.237500e-08	4.751612e-01	4.751634e-01	-1.98388e-10	
261	1.242500e-08	4.751294e-01	4.751316e-01	-1.98706e-10	
262	1.247500e-08	4.750979e-01	4.751000e-01	-1.99021e-10	
263	1.252500e-08	4.750665e-01	4.750687e-01	-1.99335e-10	
264	1.257500e-08	4.750354e-01	4.750375e-01	-1.99646e-10	
265	1.262500e-08	4.750045e-01	4.750066e-01	-1.99955e-10	
266	1.267500e-08	4.749738e-01	4.749759e-01	-2.00262e-10	
267	1.272500e-08	4.749433e-01	4.749454e-01	-2.00567e-10	
268	1.277500e-08	4.749130e-01	4.749150e-01	-2.00870e-10	
269	1.282500e-08	4.748829e-01	4.748849e-01	-2.01171e-10	
270	1.287500e-08	4.748530e-01	4.748550e-01	-2.01470e-10	
271	1.292500e-08	4.748232e-01	4.748253e-01	-2.01768e-10	
272	1.297500e-08	4.747937e-01	4.747957e-01	-2.02063e-10	
273	1.302500e-08	4.747644e-01	4.747664e-01	-2.02356e-10	
274	1.307500e-08	4.747352e-01	4.747372e-01	-2.02648e-10	
275	1.312500e-08	4.747063e-01	4.747082e-01	-2.02937e-10	
276	1.317500e-08	4.746775e-01	4.746794e-01	-2.03225e-10	
277	1.322500e-08	4.746489e-01	4.746508e-01	-2.03511e-10	
278	1.327500e-08	4.746204e-01	4.746224e-01	-2.03796e-10	
279	1.332500e-08	4.745922e-01	4.745941e-01	-2.04078e-10	
280	1.337500e-08	4.745641e-01	4.745661e-01	-2.04359e-10	
281	1.342500e-08	4.745362e-01	4.745381e-01	-2.04638e-10	
282	1.347500e-08	4.745085e-01	4.745104e-01	-2.04915e-10	
283	1.352500e-08	4.744810e-01	4.744828e-01	-2.05190e-10	
284	1.357500e-08	4.744536e-01	4.744554e-01	-2.05464e-10	
285	1.362500e-08	4.744264e-01	4.744282e-01	-2.05736e-10	
286	1.367500e-08	4.743993e-01	4.744011e-01	-2.06007e-10	

Index   time            v(bl0)          v(bl7)          vpre#branch     
--------------------------------------------------------------------------------
287	1.372500e-08	4.743724e-01	4.743742e-01	-2.06276e-10	
288	1.377500e-08	4.743457e-01	4.743475e-01	-2.06543e-10	
289	1.382500e-08	4.743191e-01	4.743209e-01	-2.06809e-10	
290	1.387500e-08	4.742927e-01	4.742945e-01	-2.07073e-10	
291	1.392500e-08	4.742664e-01	4.742682e-01	-2.07336e-10	
292	1.397500e-08	4.742403e-01	4.742421e-01	-2.07597e-10	
293	1.402500e-08	4.742144e-01	4.742161e-01	-2.07856e-10	
294	1.407500e-08	4.741886e-01	4.741903e-01	-2.08114e-10	
295	1.412500e-08	4.741629e-01	4.741647e-01	-2.08371e-10	
296	1.417500e-08	4.741374e-01	4.741392e-01	-2.08626e-10	
297	1.422500e-08	4.741121e-01	4.741138e-01	-2.08879e-10	
298	1.427500e-08	4.740868e-01	4.740886e-01	-2.09132e-10	
299	1.432500e-08	4.740618e-01	4.740635e-01	-2.09382e-10	
300	1.437500e-08	4.740369e-01	4.740386e-01	-2.09631e-10	
301	1.442500e-08	4.740121e-01	4.740138e-01	-2.09879e-10	
302	1.447500e-08	4.739874e-01	4.739891e-01	-2.10126e-10	
303	1.452500e-08	4.739629e-01	4.739646e-01	-2.10371e-10	
304	1.457500e-08	4.739386e-01	4.739402e-01	-2.10614e-10	
305	1.462500e-08	4.739143e-01	4.739160e-01	-2.10857e-10	
306	1.467500e-08	4.738902e-01	4.738919e-01	-2.11098e-10	
307	1.472500e-08	4.738663e-01	4.738679e-01	-2.11337e-10	
308	1.477500e-08	4.738424e-01	4.738440e-01	-2.11576e-10	
309	1.482500e-08	4.738187e-01	4.738203e-01	-2.11813e-10	
310	1.487500e-08	4.737951e-01	4.737967e-01	-2.12049e-10	
311	1.492500e-08	4.737717e-01	4.737733e-01	-2.12283e-10	
312	1.497500e-08	4.737484e-01	4.737500e-01	-2.12516e-10	
313	1.502500e-08	4.737252e-01	4.737268e-01	-2.12748e-10	
314	1.507500e-08	4.737021e-01	4.737037e-01	-2.12979e-10	
315	1.512500e-08	4.736791e-01	4.736807e-01	-2.13209e-10	
316	1.517500e-08	4.736563e-01	4.736579e-01	-2.13437e-10	
317	1.522500e-08	4.736336e-01	4.736352e-01	-2.13664e-10	
318	1.527500e-08	4.736110e-01	4.736126e-01	-2.13890e-10	
319	1.532500e-08	4.735885e-01	4.735901e-01	-2.14115e-10	
320	1.537500e-08	4.735662e-01	4.735677e-01	-2.14338e-10	
321	1.542500e-08	4.735440e-01	4.735455e-01	-2.14560e-10	
322	1.547500e-08	4.735218e-01	4.735234e-01	-2.14782e-10	
323	1.552500e-08	4.734998e-01	4.735013e-01	-2.15002e-10	
324	1.557500e-08	4.734779e-01	4.734794e-01	-2.15221e-10	
325	1.562500e-08	4.734562e-01	4.734576e-01	-2.15438e-10	
326	1.567500e-08	4.734345e-01	4.734360e-01	-2.15655e-10	
327	1.572500e-08	4.734129e-01	4.734144e-01	-2.15871e-10	
328	1.577500e-08	4.733915e-01	4.733929e-01	-2.16085e-10	
329	1.582500e-08	4.733701e-01	4.733716e-01	-2.16299e-10	
330	1.587500e-08	4.733489e-01	4.733503e-01	-2.16511e-10	
331	1.592500e-08	4.733278e-01	4.733292e-01	-2.16722e-10	
332	1.597500e-08	4.733067e-01	4.733082e-01	-2.16933e-10	
333	1.602500e-08	4.732858e-01	4.732872e-01	-2.17142e-10	
334	1.607500e-08	4.732650e-01	4.732664e-01	-2.17350e-10	
335	1.612500e-08	4.732443e-01	4.732457e-01	-2.17557e-10	
336	1.617500e-08	4.732237e-01	4.732251e-01	-2.17763e-10	
337	1.622500e-08	4.732031e-01	4.732045e-01	-2.17969e-10	
338	1.627500e-08	4.731827e-01	4.731841e-01	-2.18173e-10	
339	1.632500e-08	4.731624e-01	4.731638e-01	-2.18376e-10	
340	1.637500e-08	4.731422e-01	4.731436e-01	-2.18578e-10	
341	1.642500e-08	4.731221e-01	4.731234e-01	-2.18779e-10	
342	1.647500e-08	4.731020e-01	4.731034e-01	-2.18980e-10	
343	1.652500e-08	4.730821e-01	4.730835e-01	-2.19179e-10	
344	1.657500e-08	4.730623e-01	4.730636e-01	-2.19377e-10	

Index   time            v(bl0)          v(bl7)          vpre#branch     
--------------------------------------------------------------------------------
345	1.662500e-08	4.730425e-01	4.730439e-01	-2.19575e-10	
346	1.667500e-08	4.730229e-01	4.730242e-01	-2.19771e-10	
347	1.672500e-08	4.730033e-01	4.730047e-01	-2.19967e-10	
348	1.677500e-08	4.729839e-01	4.729852e-01	-2.20161e-10	
349	1.682500e-08	4.729645e-01	4.729658e-01	-2.20355e-10	
350	1.687500e-08	4.729452e-01	4.729465e-01	-2.20548e-10	
351	1.692500e-08	4.729260e-01	4.729273e-01	-2.20740e-10	
352	1.697500e-08	4.729069e-01	4.729082e-01	-2.20931e-10	
353	1.702500e-08	4.728879e-01	4.728892e-01	-2.21121e-10	
354	1.707500e-08	4.728690e-01	4.728703e-01	-2.21310e-10	
355	1.712500e-08	4.728501e-01	4.728514e-01	-2.21499e-10	
356	1.717500e-08	4.728314e-01	4.728326e-01	-2.21686e-10	
357	1.722500e-08	4.728127e-01	4.728140e-01	-2.21873e-10	
358	1.727500e-08	4.727941e-01	4.727954e-01	-2.22059e-10	
359	1.732500e-08	4.727756e-01	4.727769e-01	-2.22244e-10	
360	1.737500e-08	4.727572e-01	4.727584e-01	-2.22428e-10	
361	1.742500e-08	4.727388e-01	4.727401e-01	-2.22612e-10	
362	1.747500e-08	4.727206e-01	4.727218e-01	-2.22794e-10	
363	1.752500e-08	4.727024e-01	4.727036e-01	-2.22976e-10	
364	1.757500e-08	4.726843e-01	4.726855e-01	-2.23157e-10	
365	1.762500e-08	4.726663e-01	4.726675e-01	-2.23337e-10	
366	1.767500e-08	4.726483e-01	4.726496e-01	-2.23517e-10	
367	1.772500e-08	4.726305e-01	4.726317e-01	-2.23695e-10	
368	1.777500e-08	4.726127e-01	4.726139e-01	-2.23873e-10	
369	1.782500e-08	4.725950e-01	4.725962e-01	-2.24050e-10	
370	1.787500e-08	4.725773e-01	4.725786e-01	-2.24227e-10	
371	1.792500e-08	4.725598e-01	4.725610e-01	-2.24402e-10	
372	1.797500e-08	4.725423e-01	4.725435e-01	-2.24577e-10	
373	1.802500e-08	4.725249e-01	4.725261e-01	-2.24751e-10	
374	1.807500e-08	4.725076e-01	4.725088e-01	-2.24924e-10	
375	1.812500e-08	4.724903e-01	4.724915e-01	-2.25097e-10	
376	1.817500e-08	4.724731e-01	4.724743e-01	-2.25269e-10	
377	1.822500e-08	4.724560e-01	4.724572e-01	-2.25440e-10	
378	1.827500e-08	4.724390e-01	4.724402e-01	-2.25610e-10	
379	1.832500e-08	4.724220e-01	4.724232e-01	-2.25780e-10	
380	1.837500e-08	4.724051e-01	4.724063e-01	-2.25949e-10	
381	1.842500e-08	4.723883e-01	4.723894e-01	-2.26117e-10	
382	1.847500e-08	4.723715e-01	4.723727e-01	-2.26285e-10	
383	1.852500e-08	4.723548e-01	4.723560e-01	-2.26452e-10	
384	1.857500e-08	4.723382e-01	4.723394e-01	-2.26618e-10	
385	1.862500e-08	4.723217e-01	4.723228e-01	-2.26783e-10	
386	1.867500e-08	4.723052e-01	4.723063e-01	-2.26948e-10	
387	1.872500e-08	4.722888e-01	4.722899e-01	-2.27112e-10	
388	1.877500e-08	4.722724e-01	4.722735e-01	-2.27276e-10	
389	1.882500e-08	4.722561e-01	4.722573e-01	-2.27439e-10	
390	1.887500e-08	4.722399e-01	4.722410e-01	-2.27601e-10	
391	1.892500e-08	4.722238e-01	4.722249e-01	-2.27762e-10	
392	1.897500e-08	4.722077e-01	4.722088e-01	-2.27923e-10	
393	1.902500e-08	4.721917e-01	4.721928e-01	-2.28083e-10	
394	1.907500e-08	4.721757e-01	4.721768e-01	-2.28243e-10	
395	1.912500e-08	4.721598e-01	4.721609e-01	-2.28402e-10	
396	1.917500e-08	4.721440e-01	4.721451e-01	-2.28560e-10	
397	1.922500e-08	4.721282e-01	4.721293e-01	-2.28718e-10	
398	1.927500e-08	4.721125e-01	4.721136e-01	-2.28875e-10	
399	1.932500e-08	4.720968e-01	4.720979e-01	-2.29032e-10	
400	1.937500e-08	4.720812e-01	4.720823e-01	-2.29188e-10	
401	1.942500e-08	4.720657e-01	4.720668e-01	-2.29343e-10	
402	1.947500e-08	4.720503e-01	4.720513e-01	-2.29497e-10	

Index   time            v(bl0)          v(bl7)          vpre#branch     
--------------------------------------------------------------------------------
403	1.952500e-08	4.720349e-01	4.720359e-01	-2.29651e-10	
404	1.957500e-08	4.720195e-01	4.720206e-01	-2.29805e-10	
405	1.962500e-08	4.720042e-01	4.720053e-01	-2.29958e-10	
406	1.967500e-08	4.719890e-01	4.719900e-01	-2.30110e-10	
407	1.972500e-08	4.719738e-01	4.719749e-01	-2.30262e-10	
408	1.977500e-08	4.719587e-01	4.719597e-01	-2.30413e-10	
409	1.982500e-08	4.719436e-01	4.719447e-01	-2.30564e-10	
410	1.987500e-08	4.719286e-01	4.719297e-01	-2.30714e-10	
411	1.992500e-08	4.719137e-01	4.719147e-01	-2.30863e-10	
412	1.997500e-08	4.718988e-01	4.718998e-01	-2.31012e-10	
413	2.002500e-08	4.718840e-01	4.718850e-01	-2.31160e-10	
414	2.007500e-08	4.718692e-01	4.718702e-01	-2.31308e-10	
415	2.012500e-08	4.718545e-01	4.718555e-01	-2.31455e-10	
416	2.017500e-08	4.718398e-01	4.718408e-01	-2.31602e-10	
417	2.022500e-08	4.718252e-01	4.718262e-01	-2.31748e-10	
418	2.027500e-08	4.718107e-01	4.718117e-01	-2.31893e-10	
419	2.032500e-08	4.717962e-01	4.717971e-01	-2.32038e-10	
420	2.037500e-08	4.717817e-01	4.717827e-01	-2.32183e-10	
421	2.042500e-08	4.717673e-01	4.717683e-01	-2.32327e-10	
422	2.047500e-08	4.717530e-01	4.717539e-01	-2.32470e-10	
423	2.052500e-08	4.717387e-01	4.717396e-01	-2.32613e-10	
424	2.057500e-08	4.717244e-01	4.717254e-01	-2.32756e-10	
425	2.062500e-08	4.717102e-01	4.717112e-01	-2.32898e-10	
426	2.067500e-08	4.716961e-01	4.716971e-01	-2.33039e-10	
427	2.072500e-08	4.716820e-01	4.716830e-01	-2.33180e-10	
428	2.077500e-08	4.716680e-01	4.716689e-01	-2.33320e-10	
429	2.082500e-08	4.716540e-01	4.716549e-01	-2.33460e-10	
430	2.087500e-08	4.716400e-01	4.716410e-01	-2.33600e-10	
431	2.092500e-08	4.716262e-01	4.716271e-01	-2.33738e-10	
432	2.097500e-08	4.716123e-01	4.716133e-01	-2.33877e-10	
433	2.102500e-08	4.715985e-01	4.715995e-01	-2.34015e-10	
434	2.107500e-08	4.715848e-01	4.715857e-01	-2.34152e-10	
435	2.112500e-08	4.715711e-01	4.715720e-01	-2.34289e-10	
436	2.117500e-08	4.715574e-01	4.715584e-01	-2.34426e-10	
437	2.122500e-08	4.715438e-01	4.715448e-01	-2.34562e-10	
438	2.127500e-08	4.715303e-01	4.715312e-01	-2.34697e-10	
439	2.132500e-08	4.715168e-01	4.715177e-01	-2.34832e-10	
440	2.137500e-08	4.715033e-01	4.715043e-01	-2.34967e-10	
441	2.142500e-08	4.714899e-01	4.714908e-01	-2.35101e-10	
442	2.147500e-08	4.714766e-01	4.714775e-01	-2.35234e-10	
443	2.152500e-08	4.714632e-01	4.714642e-01	-2.35368e-10	
444	2.157500e-08	4.714500e-01	4.714509e-01	-2.35500e-10	
445	2.162500e-08	4.714367e-01	4.714376e-01	-2.35633e-10	
446	2.167500e-08	4.714236e-01	4.714245e-01	-2.35764e-10	
447	2.172500e-08	4.714104e-01	4.714113e-01	-2.35896e-10	
448	2.177500e-08	4.713973e-01	4.713982e-01	-2.36027e-10	
449	2.182500e-08	4.713843e-01	4.713852e-01	-2.36157e-10	
450	2.187500e-08	4.713713e-01	4.713722e-01	-2.36287e-10	
451	2.192500e-08	4.713583e-01	4.713592e-01	-2.36417e-10	
452	2.197500e-08	4.713454e-01	4.713463e-01	-2.36546e-10	
453	2.202500e-08	4.713325e-01	4.713334e-01	-2.36675e-10	
454	2.207500e-08	4.713197e-01	4.713205e-01	-2.36803e-10	
455	2.212500e-08	4.713069e-01	4.713078e-01	-2.36931e-10	
456	2.217500e-08	4.712941e-01	4.712950e-01	-2.37059e-10	
457	2.222500e-08	4.712814e-01	4.712823e-01	-2.37186e-10	
458	2.227500e-08	4.712688e-01	4.712696e-01	-2.37312e-10	
459	2.232500e-08	4.712561e-01	4.712570e-01	-2.37439e-10	
460	2.237500e-08	4.712435e-01	4.712444e-01	-2.37565e-10	

Index   time            v(bl0)          v(bl7)          vpre#branch     
--------------------------------------------------------------------------------
461	2.242500e-08	4.712310e-01	4.712319e-01	-2.37690e-10	
462	2.247500e-08	4.712185e-01	4.712194e-01	-2.37815e-10	
463	2.252500e-08	4.712060e-01	4.712069e-01	-2.37940e-10	
464	2.257500e-08	4.711936e-01	4.711945e-01	-2.38064e-10	
465	2.262500e-08	4.711812e-01	4.711821e-01	-2.38188e-10	
466	2.267500e-08	4.711689e-01	4.711697e-01	-2.38311e-10	
467	2.272500e-08	4.711566e-01	4.711574e-01	-2.38434e-10	
468	2.277500e-08	4.711443e-01	4.711452e-01	-2.38557e-10	
469	2.282500e-08	4.711321e-01	4.711329e-01	-2.38679e-10	
470	2.287500e-08	4.711199e-01	4.711208e-01	-2.38801e-10	
471	2.292500e-08	4.711078e-01	4.711086e-01	-2.38922e-10	
472	2.297500e-08	4.710957e-01	4.710965e-01	-2.39043e-10	
473	2.302500e-08	4.710836e-01	4.710844e-01	-2.39164e-10	
474	2.307500e-08	4.710716e-01	4.710724e-01	-2.39284e-10	
475	2.312500e-08	4.710596e-01	4.710604e-01	-2.39404e-10	
476	2.317500e-08	4.710476e-01	4.710484e-01	-2.39524e-10	
477	2.322500e-08	4.710357e-01	4.710365e-01	-2.39643e-10	
478	2.327500e-08	4.710238e-01	4.710246e-01	-2.39762e-10	
479	2.332500e-08	4.710120e-01	4.710128e-01	-2.39880e-10	
480	2.337500e-08	4.710002e-01	4.710010e-01	-2.39998e-10	
481	2.342500e-08	4.709884e-01	4.709892e-01	-2.40116e-10	
482	2.347500e-08	4.709767e-01	4.709775e-01	-2.40233e-10	
483	2.352500e-08	4.709650e-01	4.709658e-01	-2.40350e-10	
484	2.357500e-08	4.709533e-01	4.709541e-01	-2.40467e-10	
485	2.362500e-08	4.709417e-01	4.709425e-01	-2.40583e-10	
486	2.367500e-08	4.709301e-01	4.709309e-01	-2.40699e-10	
487	2.372500e-08	4.709185e-01	4.709193e-01	-2.40815e-10	
488	2.377500e-08	4.709070e-01	4.709078e-01	-2.40930e-10	
489	2.382500e-08	4.708955e-01	4.708963e-01	-2.41045e-10	
490	2.387500e-08	4.708841e-01	4.708848e-01	-2.41159e-10	
491	2.392500e-08	4.708726e-01	4.708734e-01	-2.41274e-10	
492	2.397500e-08	4.708612e-01	4.708620e-01	-2.41388e-10	
493	2.402500e-08	4.708499e-01	4.708507e-01	-2.41501e-10	
494	2.407500e-08	4.708386e-01	4.708394e-01	-2.41614e-10	
495	2.412500e-08	4.708273e-01	4.708281e-01	-2.41727e-10	
496	2.417500e-08	4.708160e-01	4.708168e-01	-2.41840e-10	
497	2.422500e-08	4.708048e-01	4.708056e-01	-2.41952e-10	
498	2.427500e-08	4.707936e-01	4.707944e-01	-2.42064e-10	
499	2.432500e-08	4.707825e-01	4.707833e-01	-2.42175e-10	
500	2.437500e-08	4.707714e-01	4.707721e-01	-2.42286e-10	
501	2.442500e-08	4.707603e-01	4.707611e-01	-2.42397e-10	
502	2.447500e-08	4.707492e-01	4.707500e-01	-2.42508e-10	
503	2.452500e-08	4.707382e-01	4.707390e-01	-2.42618e-10	
504	2.457500e-08	4.707272e-01	4.707280e-01	-2.42728e-10	
505	2.462500e-08	4.707163e-01	4.707170e-01	-2.42837e-10	
506	2.467500e-08	4.707054e-01	4.707061e-01	-2.42946e-10	
507	2.472500e-08	4.706945e-01	4.706952e-01	-2.43055e-10	
508	2.477500e-08	4.706836e-01	4.706843e-01	-2.43164e-10	
509	2.482500e-08	4.706728e-01	4.706735e-01	-2.43272e-10	
510	2.487500e-08	4.706620e-01	4.706627e-01	-2.43380e-10	
511	2.492500e-08	4.706512e-01	4.706519e-01	-2.43488e-10	
512	2.496250e-08	4.706431e-01	4.706439e-01	-2.43569e-10	
513	2.500000e-08	4.706351e-01	4.706358e-01	-2.43649e-10	


Total analysis time (seconds) = 0.0798467

Total elapsed time (seconds) = 0.087 

Total DRAM available = 386307.215 MB.
DRAM currently available = 12858.074 MB.
Maximum ngspice program size =  529.844 MB.
Current ngspice program size =   14.273 MB.

Shared ngspice pages =   12.348 MB.
Text (code) pages =    6.266 MB.
Stack = 0 bytes.
Library pages =   59.262 MB.

