
Note: No compatibility mode selected!


Circuit: * 1t1c ccell=30.0ff

Doing analysis at TEMP = 27.000000 and TNOM = 27.000000

Using SPARSE 1.3 as Direct Linear Solver

Initial Transient Solution
--------------------------

Node                                   Voltage
----                                   -------
pre                                      0.495
bl                                       0.495
wl                                           0
plate                                        0
s                                            0
cell                                         0
vs#branch                                    0
vpl#branch                                   0
vwl#branch                                   0
vpre#branch                                  0


No. of Data Rows : 832

  Measurements for Transient Analysis

t_write             =  1.90024e-09
t_read              =  2.27890e-08
i_hold              =  -3.43516e-11 from=  2.50000e-08 to=  3.50250e-08
q_read              =   1.90808e-18 from=  1.20000e-08 to=  2.20000e-08

                              * 1t1c ccell=30.0ff
                              Transient Analysis  Tue Jun 23 21:17:22  2026
--------------------------------------------------------------------------------
Index   time            v(cell)         v(bl)           vpre#branch     
--------------------------------------------------------------------------------
0	0.000000e+00	0.000000e+00	4.950000e-01	0.000000e+00	
1	5.000000e-13	3.807257e-13	4.950000e-01	-1.52796e-17	
2	1.000000e-12	7.614458e-13	4.950000e-01	-2.96334e-17	
3	2.000000e-12	1.522885e-12	4.950000e-01	-5.83230e-17	
4	4.000000e-12	3.045764e-12	4.950000e-01	-1.15594e-16	
5	8.000000e-12	6.091522e-12	4.950000e-01	-2.29705e-16	
6	1.600000e-11	1.218304e-11	4.950000e-01	-4.56212e-16	
7	3.200000e-11	2.436606e-11	4.949999e-01	-9.02455e-16	
8	6.400000e-11	4.873212e-11	4.949998e-01	-1.76853e-15	
9	1.140000e-10	8.680406e-11	4.949997e-01	-3.05409e-15	
10	1.640000e-10	1.248760e-10	4.949996e-01	-4.26126e-15	
11	2.140000e-10	1.629479e-10	4.949995e-01	-5.39482e-15	
12	2.640000e-10	2.010198e-10	4.949994e-01	-6.45924e-15	
13	3.140000e-10	2.390917e-10	4.949993e-01	-7.45875e-15	
14	3.640000e-10	2.771636e-10	4.949992e-01	-8.39731e-15	
15	4.140000e-10	3.152355e-10	4.949991e-01	-9.27863e-15	
16	4.640000e-10	3.533074e-10	4.949990e-01	-1.01062e-14	
17	5.140000e-10	3.913792e-10	4.949989e-01	-1.08833e-14	
18	5.640000e-10	4.294511e-10	4.949988e-01	-1.16130e-14	
19	6.140000e-10	4.675229e-10	4.949988e-01	-1.22982e-14	
20	6.640000e-10	5.055948e-10	4.949987e-01	-1.29417e-14	
21	7.140000e-10	5.436666e-10	4.949986e-01	-1.35459e-14	
22	7.640000e-10	5.817384e-10	4.949986e-01	-1.41132e-14	
23	8.140000e-10	6.198102e-10	4.949985e-01	-1.46460e-14	
24	8.640000e-10	6.578820e-10	4.949985e-01	-1.51462e-14	
25	9.140000e-10	6.959539e-10	4.949984e-01	-1.56160e-14	
26	9.570000e-10	7.286956e-10	4.949984e-01	-1.59969e-14	
27	1.000000e-09	7.614374e-10	4.949984e-01	-1.63578e-14	
28	1.005000e-09	4.948698e-03	4.949984e-01	-1.63796e-14	
29	1.015000e-09	1.484608e-02	4.949984e-01	-1.63901e-14	
30	1.035000e-09	3.464083e-02	4.949984e-01	-1.62517e-14	
31	1.075000e-09	7.423034e-02	4.949984e-01	-1.56078e-14	
32	1.125000e-09	1.237172e-01	4.949985e-01	-1.46001e-14	
33	1.175000e-09	1.732041e-01	4.949986e-01	-1.36681e-14	
34	1.225000e-09	2.226910e-01	4.949987e-01	-1.28237e-14	
35	1.275000e-09	2.721779e-01	4.949988e-01	-1.20389e-14	
36	1.325000e-09	3.216648e-01	4.949989e-01	-1.13045e-14	
37	1.375000e-09	3.711517e-01	4.949989e-01	-1.06159e-14	
38	1.425000e-09	4.206386e-01	4.949990e-01	-9.96918e-15	
39	1.475000e-09	4.701254e-01	4.949991e-01	-9.36185e-15	
40	1.525000e-09	5.196123e-01	4.949991e-01	-8.79142e-15	
41	1.575000e-09	5.690992e-01	4.949992e-01	-8.25513e-15	
42	1.625000e-09	6.185861e-01	4.949992e-01	-7.75098e-15	
43	1.675000e-09	6.680730e-01	4.949993e-01	-7.27756e-15	
44	1.725000e-09	7.175599e-01	4.949993e-01	-6.83297e-15	
45	1.775000e-09	7.670468e-01	4.949994e-01	-6.41546e-15	
46	1.825000e-09	8.165337e-01	4.949994e-01	-6.02338e-15	
47	1.875000e-09	8.660206e-01	4.949994e-01	-5.65517e-15	
48	1.925000e-09	9.155074e-01	4.949995e-01	-5.30938e-15	
49	1.962500e-09	9.526226e-01	4.949995e-01	-5.06397e-15	
50	2.000000e-09	9.897378e-01	4.949995e-01	-4.82985e-15	
51	2.005000e-09	9.897378e-01	4.949995e-01	-4.79956e-15	
52	2.015000e-09	9.897378e-01	4.949995e-01	-4.73936e-15	
53	2.035000e-09	9.897378e-01	4.949995e-01	-4.62120e-15	
54	2.075000e-09	9.897378e-01	4.949996e-01	-4.39357e-15	

Index   time            v(cell)         v(bl)           vpre#branch     
--------------------------------------------------------------------------------
55	2.125000e-09	9.897378e-01	4.949996e-01	-4.12466e-15	
56	2.175000e-09	9.897378e-01	4.949996e-01	-3.87215e-15	
57	2.225000e-09	9.897378e-01	4.949996e-01	-3.63504e-15	
58	2.275000e-09	9.897378e-01	4.949997e-01	-3.41239e-15	
59	2.325000e-09	9.897378e-01	4.949997e-01	-3.20331e-15	
60	2.375000e-09	9.897378e-01	4.949997e-01	-3.00699e-15	
61	2.425000e-09	9.897378e-01	4.949997e-01	-2.82264e-15	
62	2.475000e-09	9.897378e-01	4.949997e-01	-2.64953e-15	
63	2.525000e-09	9.897378e-01	4.949998e-01	-2.48698e-15	
64	2.575000e-09	9.897378e-01	4.949998e-01	-2.33434e-15	
65	2.625000e-09	9.897378e-01	4.949998e-01	-2.19101e-15	
66	2.675000e-09	9.897378e-01	4.949998e-01	-2.05642e-15	
67	2.725000e-09	9.897378e-01	4.949998e-01	-1.93003e-15	
68	2.775000e-09	9.897378e-01	4.949998e-01	-1.81136e-15	
69	2.825000e-09	9.897378e-01	4.949998e-01	-1.69992e-15	
70	2.875000e-09	9.897378e-01	4.949998e-01	-1.59528e-15	
71	2.925000e-09	9.897378e-01	4.949999e-01	-1.49702e-15	
72	2.975000e-09	9.897378e-01	4.949999e-01	-1.40475e-15	
73	3.025000e-09	9.897378e-01	4.949999e-01	-1.31811e-15	
74	3.075000e-09	9.897378e-01	4.949999e-01	-1.23675e-15	
75	3.125000e-09	9.897378e-01	4.949999e-01	-1.16035e-15	
76	3.175000e-09	9.897378e-01	4.949999e-01	-1.08861e-15	
77	3.225000e-09	9.897378e-01	4.949999e-01	-1.02125e-15	
78	3.275000e-09	9.897378e-01	4.949999e-01	-9.57992e-16	
79	3.325000e-09	9.897378e-01	4.949999e-01	-8.98595e-16	
80	3.375000e-09	9.897378e-01	4.949999e-01	-8.42820e-16	
81	3.425000e-09	9.897378e-01	4.949999e-01	-7.90447e-16	
82	3.475000e-09	9.897378e-01	4.949999e-01	-7.41267e-16	
83	3.525000e-09	9.897378e-01	4.949999e-01	-6.95087e-16	
84	3.575000e-09	9.897378e-01	4.949999e-01	-6.51722e-16	
85	3.625000e-09	9.897378e-01	4.949999e-01	-6.11001e-16	
86	3.675000e-09	9.897378e-01	4.949999e-01	-5.72765e-16	
87	3.725000e-09	9.897378e-01	4.949999e-01	-5.36860e-16	
88	3.775000e-09	9.897378e-01	4.949999e-01	-5.03145e-16	
89	3.825000e-09	9.897378e-01	4.950000e-01	-4.71486e-16	
90	3.875000e-09	9.897378e-01	4.950000e-01	-4.41758e-16	
91	3.925000e-09	9.897378e-01	4.950000e-01	-4.13842e-16	
92	3.975000e-09	9.897378e-01	4.950000e-01	-3.87629e-16	
93	4.025000e-09	9.897378e-01	4.950000e-01	-3.63015e-16	
94	4.075000e-09	9.897378e-01	4.950000e-01	-3.39902e-16	
95	4.125000e-09	9.897378e-01	4.950000e-01	-3.18198e-16	
96	4.175000e-09	9.897378e-01	4.950000e-01	-2.97817e-16	
97	4.225000e-09	9.897378e-01	4.950000e-01	-2.78680e-16	
98	4.275000e-09	9.897378e-01	4.950000e-01	-2.60710e-16	
99	4.325000e-09	9.897378e-01	4.950000e-01	-2.43835e-16	
100	4.375000e-09	9.897378e-01	4.950000e-01	-2.27990e-16	
101	4.425000e-09	9.897378e-01	4.950000e-01	-2.13110e-16	
102	4.475000e-09	9.897378e-01	4.950000e-01	-1.99139e-16	
103	4.525000e-09	9.897378e-01	4.950000e-01	-1.86019e-16	
104	4.575000e-09	9.897378e-01	4.950000e-01	-1.73699e-16	
105	4.625000e-09	9.897378e-01	4.950000e-01	-1.62131e-16	
106	4.675000e-09	9.897378e-01	4.950000e-01	-1.51268e-16	
107	4.725000e-09	9.897378e-01	4.950000e-01	-1.41068e-16	
108	4.775000e-09	9.897378e-01	4.950000e-01	-1.31489e-16	
109	4.825000e-09	9.897378e-01	4.950000e-01	-1.22495e-16	
110	4.875000e-09	9.897378e-01	4.950000e-01	-1.14049e-16	
111	4.925000e-09	9.897378e-01	4.950000e-01	-1.06119e-16	
112	4.975000e-09	9.897378e-01	4.950000e-01	-9.86716e-17	

Index   time            v(cell)         v(bl)           vpre#branch     
--------------------------------------------------------------------------------
113	5.025000e-09	9.897378e-01	4.950000e-01	-9.16787e-17	
114	5.075000e-09	9.897378e-01	4.950000e-01	-8.51114e-17	
115	5.125000e-09	9.897378e-01	4.950000e-01	-7.89446e-17	
116	5.175000e-09	9.897378e-01	4.950000e-01	-7.31539e-17	
117	5.225000e-09	9.897378e-01	4.950000e-01	-6.77163e-17	
118	5.275000e-09	9.897378e-01	4.950000e-01	-6.26112e-17	
119	5.325000e-09	9.897378e-01	4.950000e-01	-5.78173e-17	
120	5.375000e-09	9.897378e-01	4.950000e-01	-5.33158e-17	
121	5.425000e-09	9.897378e-01	4.950000e-01	-4.90889e-17	
122	5.475000e-09	9.897378e-01	4.950000e-01	-4.51197e-17	
123	5.525000e-09	9.897378e-01	4.950000e-01	-4.13925e-17	
124	5.575000e-09	9.897378e-01	4.950000e-01	-3.78927e-17	
125	5.625000e-09	9.897378e-01	4.950000e-01	-3.46062e-17	
126	5.675000e-09	9.897378e-01	4.950000e-01	-3.15202e-17	
127	5.725000e-09	9.897378e-01	4.950000e-01	-2.86224e-17	
128	5.775000e-09	9.897378e-01	4.950000e-01	-2.59013e-17	
129	5.825000e-09	9.897378e-01	4.950000e-01	-2.33454e-17	
130	5.875000e-09	9.897378e-01	4.950000e-01	-2.09453e-17	
131	5.925000e-09	9.897378e-01	4.950000e-01	-1.86915e-17	
132	5.975000e-09	9.897378e-01	4.950000e-01	-1.65752e-17	
133	6.025000e-09	9.897378e-01	4.950000e-01	-1.45888e-17	
134	6.075000e-09	9.897378e-01	4.950000e-01	-1.27227e-17	
135	6.125000e-09	9.897378e-01	4.950000e-01	-1.09704e-17	
136	6.175000e-09	9.897378e-01	4.950000e-01	-9.32579e-18	
137	6.225000e-09	9.897378e-01	4.950000e-01	-7.78147e-18	
138	6.275000e-09	9.897378e-01	4.950000e-01	-6.33133e-18	
139	6.325000e-09	9.897378e-01	4.950000e-01	-4.96962e-18	
140	6.375000e-09	9.897378e-01	4.950000e-01	-3.69095e-18	
141	6.425000e-09	9.897378e-01	4.950000e-01	-2.49026e-18	
142	6.475000e-09	9.897378e-01	4.950000e-01	-1.36279e-18	
143	6.525000e-09	9.897378e-01	4.950000e-01	-3.04077e-19	
144	6.575000e-09	9.897378e-01	4.950000e-01	6.900696e-19	
145	6.625000e-09	9.897378e-01	4.950000e-01	1.623593e-18	
146	6.675000e-09	9.897378e-01	4.950000e-01	2.500184e-18	
147	6.725000e-09	9.897378e-01	4.950000e-01	3.323319e-18	
148	6.775000e-09	9.897378e-01	4.950000e-01	4.096255e-18	
149	6.825000e-09	9.897378e-01	4.950000e-01	4.822058e-18	
150	6.875000e-09	9.897378e-01	4.950000e-01	5.503598e-18	
151	6.925000e-09	9.897378e-01	4.950000e-01	6.143577e-18	
152	6.962500e-09	9.897378e-01	4.950000e-01	6.598067e-18	
153	7.000000e-09	9.897378e-01	4.950000e-01	7.032499e-18	
154	7.005000e-09	9.649943e-01	4.950000e-01	7.086968e-18	
155	7.015000e-09	9.155074e-01	4.950000e-01	7.192247e-18	
156	7.035000e-09	8.165336e-01	4.950000e-01	7.379848e-18	
157	7.067500e-09	6.557012e-01	4.950000e-01	7.617683e-18	
158	7.100000e-09	4.948688e-01	4.950000e-01	7.759675e-18	
159	7.105000e-09	4.948689e-01	4.950000e-01	7.709668e-18	
160	7.115000e-09	4.948689e-01	4.950000e-01	7.610164e-18	
161	7.135000e-09	4.948689e-01	4.950000e-01	7.414687e-18	
162	7.175000e-09	4.948689e-01	4.950000e-01	7.038246e-18	
163	7.225000e-09	4.948689e-01	4.950000e-01	6.593574e-18	
164	7.275000e-09	4.948689e-01	4.950000e-01	6.176030e-18	
165	7.325000e-09	4.948689e-01	4.950000e-01	5.783950e-18	
166	7.375000e-09	4.948689e-01	4.950000e-01	5.415781e-18	
167	7.425000e-09	4.948689e-01	4.950000e-01	5.070061e-18	
168	7.475000e-09	4.948689e-01	4.950000e-01	4.745424e-18	
169	7.525000e-09	4.948689e-01	4.950000e-01	4.440585e-18	
170	7.575000e-09	4.948689e-01	4.950000e-01	4.154337e-18	

Index   time            v(cell)         v(bl)           vpre#branch     
--------------------------------------------------------------------------------
171	7.625000e-09	4.948689e-01	4.950000e-01	3.885544e-18	
172	7.675000e-09	4.948689e-01	4.950000e-01	3.633144e-18	
173	7.725000e-09	4.948689e-01	4.950000e-01	3.396136e-18	
174	7.775000e-09	4.948689e-01	4.950000e-01	3.173583e-18	
175	7.825000e-09	4.948689e-01	4.950000e-01	2.964600e-18	
176	7.875000e-09	4.948689e-01	4.950000e-01	2.768363e-18	
177	7.925000e-09	4.948689e-01	4.950000e-01	2.584093e-18	
178	7.975000e-09	4.948689e-01	4.950000e-01	2.411059e-18	
179	8.025000e-09	4.948689e-01	4.950000e-01	2.248580e-18	
180	8.075000e-09	4.948689e-01	4.950000e-01	2.096009e-18	
181	8.125000e-09	4.948689e-01	4.950000e-01	1.952743e-18	
182	8.175000e-09	4.948689e-01	4.950000e-01	1.818211e-18	
183	8.225000e-09	4.948689e-01	4.950000e-01	1.691884e-18	
184	8.275000e-09	4.948689e-01	4.950000e-01	1.573261e-18	
185	8.325000e-09	4.948689e-01	4.950000e-01	1.461871e-18	
186	8.375000e-09	4.948689e-01	4.950000e-01	1.357274e-18	
187	8.425000e-09	4.948689e-01	4.950000e-01	1.259059e-18	
188	8.475000e-09	4.948689e-01	4.950000e-01	1.166830e-18	
189	8.525000e-09	4.948689e-01	4.950000e-01	1.080233e-18	
190	8.575000e-09	4.948689e-01	4.950000e-01	9.989190e-19	
191	8.625000e-09	4.948689e-01	4.950000e-01	9.225661e-19	
192	8.675000e-09	4.948689e-01	4.950000e-01	8.508678e-19	
193	8.725000e-09	4.948689e-01	4.950000e-01	7.835410e-19	
194	8.775000e-09	4.948689e-01	4.950000e-01	7.203213e-19	
195	8.825000e-09	4.948689e-01	4.950000e-01	6.601298e-19	
196	8.875000e-09	4.948689e-01	4.950000e-01	6.036111e-19	
197	8.925000e-09	4.948689e-01	4.950000e-01	5.513614e-19	
198	8.975000e-09	4.948689e-01	4.950000e-01	5.022996e-19	
199	9.025000e-09	4.948689e-01	4.950000e-01	4.562290e-19	
200	9.075000e-09	4.948689e-01	4.950000e-01	4.129683e-19	
201	9.125000e-09	4.948689e-01	4.950000e-01	3.723454e-19	
202	9.175000e-09	4.948689e-01	4.950000e-01	3.342008e-19	
203	9.225000e-09	4.948689e-01	4.950000e-01	2.983831e-19	
204	9.275000e-09	4.948689e-01	4.950000e-01	2.647483e-19	
205	9.325000e-09	4.948689e-01	4.950000e-01	2.331632e-19	
206	9.375000e-09	4.948689e-01	4.950000e-01	2.035079e-19	
207	9.425000e-09	4.948689e-01	4.950000e-01	1.756584e-19	
208	9.475000e-09	4.948689e-01	4.950000e-01	1.495071e-19	
209	9.525000e-09	4.948689e-01	4.950000e-01	1.249539e-19	
210	9.575000e-09	4.948689e-01	4.950000e-01	1.018971e-19	
211	9.625000e-09	4.948689e-01	4.950000e-01	8.024314e-20	
212	9.675000e-09	4.948689e-01	4.950000e-01	5.991186e-20	
213	9.725000e-09	4.948689e-01	4.950000e-01	4.081888e-20	
214	9.775000e-09	4.948689e-01	4.950000e-01	2.288974e-20	
215	9.825000e-09	4.948689e-01	4.950000e-01	6.056616e-21	
216	9.875000e-09	4.948689e-01	4.950000e-01	-9.75163e-21	
217	9.925000e-09	4.948689e-01	4.950000e-01	-2.45962e-20	
218	9.975000e-09	4.948689e-01	4.950000e-01	-3.85350e-20	
219	1.002500e-08	4.948689e-01	4.950000e-01	-5.16243e-20	
220	1.007500e-08	4.948689e-01	4.950000e-01	-6.39121e-20	
221	1.012500e-08	4.948689e-01	4.950000e-01	-7.54529e-20	
222	1.017500e-08	4.948689e-01	4.950000e-01	-8.62898e-20	
223	1.022500e-08	4.948689e-01	4.950000e-01	-9.64675e-20	
224	1.027500e-08	4.948689e-01	4.950000e-01	-1.06022e-19	
225	1.032500e-08	4.948689e-01	4.950000e-01	-1.14997e-19	
226	1.037500e-08	4.948689e-01	4.950000e-01	-1.23421e-19	
227	1.042500e-08	4.948689e-01	4.950000e-01	-1.31333e-19	
228	1.047500e-08	4.948689e-01	4.950000e-01	-1.38765e-19	

Index   time            v(cell)         v(bl)           vpre#branch     
--------------------------------------------------------------------------------
229	1.052500e-08	4.948689e-01	4.950000e-01	-1.45741e-19	
230	1.057500e-08	4.948689e-01	4.950000e-01	-1.52295e-19	
231	1.062500e-08	4.948689e-01	4.950000e-01	-1.58445e-19	
232	1.067500e-08	4.948689e-01	4.950000e-01	-1.64222e-19	
233	1.072500e-08	4.948689e-01	4.950000e-01	-1.69648e-19	
234	1.077500e-08	4.948689e-01	4.950000e-01	-1.74744e-19	
235	1.082500e-08	4.948689e-01	4.950000e-01	-1.79524e-19	
236	1.087500e-08	4.948689e-01	4.950000e-01	-1.84013e-19	
237	1.092500e-08	4.948689e-01	4.950000e-01	-1.88230e-19	
238	1.096250e-08	4.948689e-01	4.950000e-01	-1.90905e-19	
239	1.100000e-08	4.948689e-01	4.950000e-01	-1.93138e-19	
240	1.100500e-08	4.948702e-01	4.999189e-01	4.918861e-11	
241	1.101500e-08	4.948728e-01	5.096951e-01	1.469509e-10	
242	1.103500e-08	4.948781e-01	5.288832e-01	3.388317e-10	
243	1.107500e-08	4.948885e-01	5.658465e-01	7.084653e-10	
244	1.112500e-08	4.949017e-01	6.095148e-01	1.145148e-09	
245	1.117500e-08	4.949148e-01	6.505201e-01	1.555201e-09	
246	1.122500e-08	4.949279e-01	6.890247e-01	1.940247e-09	
247	1.127500e-08	4.949410e-01	7.251812e-01	2.301812e-09	
248	1.132500e-08	4.949541e-01	7.591328e-01	2.641328e-09	
249	1.137500e-08	4.949672e-01	7.910139e-01	2.960139e-09	
250	1.142500e-08	4.949803e-01	8.209507e-01	3.259507e-09	
251	1.147500e-08	4.949934e-01	8.490620e-01	3.540620e-09	
252	1.152500e-08	4.950065e-01	8.754588e-01	3.804588e-09	
253	1.157500e-08	4.950197e-01	9.002457e-01	4.052457e-09	
254	1.162500e-08	4.950328e-01	9.235203e-01	4.285203e-09	
255	1.167500e-08	4.950459e-01	9.453729e-01	4.503729e-09	
256	1.172500e-08	4.950590e-01	9.658837e-01	4.708837e-09	
257	1.177500e-08	4.950721e-01	9.851112e-01	4.901112e-09	
258	1.182500e-08	4.950853e-01	1.002983e+00	5.079830e-09	
259	1.187500e-08	4.950986e-01	1.019128e+00	5.241281e-09	
260	1.192500e-08	4.951126e-01	1.032169e+00	5.371686e-09	
261	1.196250e-08	4.951241e-01	1.037577e+00	5.425769e-09	
262	1.200000e-08	4.951380e-01	1.033919e+00	5.389193e-09	
263	1.200500e-08	4.951387e-01	1.027709e+00	5.327091e-09	
264	1.201500e-08	4.951402e-01	1.015429e+00	5.204290e-09	
265	1.203500e-08	4.951431e-01	9.916876e-01	4.966876e-09	
266	1.207500e-08	4.951486e-01	9.472355e-01	4.522355e-09	
267	1.212500e-08	4.951548e-01	8.968175e-01	4.018175e-09	
268	1.217500e-08	4.951605e-01	8.514690e-01	3.564690e-09	
269	1.222500e-08	4.951658e-01	8.105693e-01	3.155693e-09	
270	1.227500e-08	4.951706e-01	7.735971e-01	2.785971e-09	
271	1.232500e-08	4.951751e-01	7.401108e-01	2.451108e-09	
272	1.237500e-08	4.951793e-01	7.097422e-01	2.147422e-09	
273	1.242500e-08	4.951833e-01	6.821623e-01	1.871623e-09	
274	1.247500e-08	4.951870e-01	6.570765e-01	1.620765e-09	
275	1.252500e-08	4.951905e-01	6.342398e-01	1.392398e-09	
276	1.257500e-08	4.951939e-01	6.134384e-01	1.184384e-09	
277	1.262500e-08	4.951971e-01	5.944849e-01	9.948494e-10	
278	1.267500e-08	4.952002e-01	5.772166e-01	8.221659e-10	
279	1.272500e-08	4.952031e-01	5.614932e-01	6.649323e-10	
280	1.277500e-08	4.952059e-01	5.472074e-01	5.220736e-10	
281	1.282500e-08	4.952086e-01	5.342737e-01	3.927365e-10	
282	1.287500e-08	4.952111e-01	5.226354e-01	2.763545e-10	
283	1.292500e-08	4.952134e-01	5.123076e-01	1.730756e-10	
284	1.297500e-08	4.952156e-01	5.035017e-01	8.501678e-11	
285	1.302500e-08	4.952171e-01	4.975144e-01	2.514384e-11	
286	1.307500e-08	4.952176e-01	4.953594e-01	3.593945e-12	

Index   time            v(cell)         v(bl)           vpre#branch     
--------------------------------------------------------------------------------
287	1.312500e-08	4.952176e-01	4.952131e-01	2.131466e-12	
288	1.317500e-08	4.952176e-01	4.952104e-01	2.104415e-12	
289	1.322500e-08	4.952176e-01	4.952105e-01	2.105192e-12	
290	1.327500e-08	4.952176e-01	4.952105e-01	2.105180e-12	
291	1.332500e-08	4.952176e-01	4.952105e-01	2.105140e-12	
292	1.337500e-08	4.952176e-01	4.952105e-01	2.105112e-12	
293	1.342500e-08	4.952176e-01	4.952105e-01	2.105072e-12	
294	1.347500e-08	4.952176e-01	4.952105e-01	2.105044e-12	
295	1.352500e-08	4.952176e-01	4.952105e-01	2.105005e-12	
296	1.357500e-08	4.952176e-01	4.952105e-01	2.104976e-12	
297	1.362500e-08	4.952176e-01	4.952105e-01	2.104937e-12	
298	1.367500e-08	4.952176e-01	4.952105e-01	2.104909e-12	
299	1.372500e-08	4.952176e-01	4.952105e-01	2.104869e-12	
300	1.377500e-08	4.952176e-01	4.952105e-01	2.104841e-12	
301	1.382500e-08	4.952176e-01	4.952105e-01	2.104801e-12	
302	1.387500e-08	4.952176e-01	4.952105e-01	2.104773e-12	
303	1.392500e-08	4.952176e-01	4.952105e-01	2.104733e-12	
304	1.397500e-08	4.952176e-01	4.952105e-01	2.104705e-12	
305	1.402500e-08	4.952176e-01	4.952105e-01	2.104666e-12	
306	1.407500e-08	4.952176e-01	4.952105e-01	2.104637e-12	
307	1.412500e-08	4.952176e-01	4.952105e-01	2.104598e-12	
308	1.417500e-08	4.952176e-01	4.952105e-01	2.104569e-12	
309	1.422500e-08	4.952176e-01	4.952105e-01	2.104530e-12	
310	1.427500e-08	4.952176e-01	4.952105e-01	2.104502e-12	
311	1.432500e-08	4.952176e-01	4.952104e-01	2.104462e-12	
312	1.437500e-08	4.952176e-01	4.952104e-01	2.104434e-12	
313	1.442500e-08	4.952176e-01	4.952104e-01	2.104394e-12	
314	1.447500e-08	4.952175e-01	4.952104e-01	2.104366e-12	
315	1.452500e-08	4.952175e-01	4.952104e-01	2.104327e-12	
316	1.457500e-08	4.952175e-01	4.952104e-01	2.104298e-12	
317	1.462500e-08	4.952175e-01	4.952104e-01	2.104259e-12	
318	1.467500e-08	4.952175e-01	4.952104e-01	2.104230e-12	
319	1.472500e-08	4.952175e-01	4.952104e-01	2.104191e-12	
320	1.477500e-08	4.952175e-01	4.952104e-01	2.104162e-12	
321	1.482500e-08	4.952175e-01	4.952104e-01	2.104123e-12	
322	1.487500e-08	4.952175e-01	4.952104e-01	2.104095e-12	
323	1.492500e-08	4.952175e-01	4.952104e-01	2.104056e-12	
324	1.497500e-08	4.952175e-01	4.952104e-01	2.104027e-12	
325	1.502500e-08	4.952175e-01	4.952104e-01	2.103988e-12	
326	1.507500e-08	4.952175e-01	4.952104e-01	2.103959e-12	
327	1.512500e-08	4.952175e-01	4.952104e-01	2.103920e-12	
328	1.517500e-08	4.952175e-01	4.952104e-01	2.103891e-12	
329	1.522500e-08	4.952175e-01	4.952104e-01	2.103852e-12	
330	1.527500e-08	4.952175e-01	4.952104e-01	2.103823e-12	
331	1.532500e-08	4.952175e-01	4.952104e-01	2.103784e-12	
332	1.537500e-08	4.952175e-01	4.952104e-01	2.103756e-12	
333	1.542500e-08	4.952175e-01	4.952104e-01	2.103717e-12	
334	1.547500e-08	4.952175e-01	4.952104e-01	2.103688e-12	
335	1.552500e-08	4.952175e-01	4.952104e-01	2.103649e-12	
336	1.557500e-08	4.952175e-01	4.952104e-01	2.103620e-12	
337	1.562500e-08	4.952175e-01	4.952104e-01	2.103581e-12	
338	1.567500e-08	4.952175e-01	4.952104e-01	2.103552e-12	
339	1.572500e-08	4.952175e-01	4.952104e-01	2.103513e-12	
340	1.577500e-08	4.952175e-01	4.952103e-01	2.103484e-12	
341	1.582500e-08	4.952175e-01	4.952103e-01	2.103446e-12	
342	1.587500e-08	4.952175e-01	4.952103e-01	2.103417e-12	
343	1.592500e-08	4.952174e-01	4.952103e-01	2.103378e-12	
344	1.597500e-08	4.952174e-01	4.952103e-01	2.103349e-12	

Index   time            v(cell)         v(bl)           vpre#branch     
--------------------------------------------------------------------------------
345	1.602500e-08	4.952174e-01	4.952103e-01	2.103310e-12	
346	1.607500e-08	4.952174e-01	4.952103e-01	2.103281e-12	
347	1.612500e-08	4.952174e-01	4.952103e-01	2.103242e-12	
348	1.617500e-08	4.952174e-01	4.952103e-01	2.103213e-12	
349	1.622500e-08	4.952174e-01	4.952103e-01	2.103175e-12	
350	1.627500e-08	4.952174e-01	4.952103e-01	2.103146e-12	
351	1.632500e-08	4.952174e-01	4.952103e-01	2.103107e-12	
352	1.637500e-08	4.952174e-01	4.952103e-01	2.103078e-12	
353	1.642500e-08	4.952174e-01	4.952103e-01	2.103039e-12	
354	1.647500e-08	4.952174e-01	4.952103e-01	2.103010e-12	
355	1.652500e-08	4.952174e-01	4.952103e-01	2.102971e-12	
356	1.657500e-08	4.952174e-01	4.952103e-01	2.102942e-12	
357	1.662500e-08	4.952174e-01	4.952103e-01	2.102904e-12	
358	1.667500e-08	4.952174e-01	4.952103e-01	2.102874e-12	
359	1.672500e-08	4.952174e-01	4.952103e-01	2.102836e-12	
360	1.677500e-08	4.952174e-01	4.952103e-01	2.102807e-12	
361	1.682500e-08	4.952174e-01	4.952103e-01	2.102768e-12	
362	1.687500e-08	4.952174e-01	4.952103e-01	2.102739e-12	
363	1.692500e-08	4.952174e-01	4.952103e-01	2.102700e-12	
364	1.697500e-08	4.952174e-01	4.952103e-01	2.102671e-12	
365	1.702500e-08	4.952174e-01	4.952103e-01	2.102633e-12	
366	1.707500e-08	4.952174e-01	4.952103e-01	2.102603e-12	
367	1.712500e-08	4.952174e-01	4.952103e-01	2.102565e-12	
368	1.717500e-08	4.952174e-01	4.952103e-01	2.102536e-12	
369	1.722500e-08	4.952174e-01	4.952102e-01	2.102497e-12	
370	1.727500e-08	4.952174e-01	4.952102e-01	2.102468e-12	
371	1.732500e-08	4.952173e-01	4.952102e-01	2.102429e-12	
372	1.737500e-08	4.952173e-01	4.952102e-01	2.102400e-12	
373	1.742500e-08	4.952173e-01	4.952102e-01	2.102362e-12	
374	1.747500e-08	4.952173e-01	4.952102e-01	2.102332e-12	
375	1.752500e-08	4.952173e-01	4.952102e-01	2.102294e-12	
376	1.757500e-08	4.952173e-01	4.952102e-01	2.102265e-12	
377	1.762500e-08	4.952173e-01	4.952102e-01	2.102226e-12	
378	1.767500e-08	4.952173e-01	4.952102e-01	2.102197e-12	
379	1.772500e-08	4.952173e-01	4.952102e-01	2.102158e-12	
380	1.777500e-08	4.952173e-01	4.952102e-01	2.102129e-12	
381	1.782500e-08	4.952173e-01	4.952102e-01	2.102091e-12	
382	1.787500e-08	4.952173e-01	4.952102e-01	2.102061e-12	
383	1.792500e-08	4.952173e-01	4.952102e-01	2.102023e-12	
384	1.797500e-08	4.952173e-01	4.952102e-01	2.101994e-12	
385	1.802500e-08	4.952173e-01	4.952102e-01	2.101955e-12	
386	1.807500e-08	4.952173e-01	4.952102e-01	2.101926e-12	
387	1.812500e-08	4.952173e-01	4.952102e-01	2.101888e-12	
388	1.817500e-08	4.952173e-01	4.952102e-01	2.101858e-12	
389	1.822500e-08	4.952173e-01	4.952102e-01	2.101820e-12	
390	1.827500e-08	4.952173e-01	4.952102e-01	2.101790e-12	
391	1.832500e-08	4.952173e-01	4.952102e-01	2.101752e-12	
392	1.837500e-08	4.952173e-01	4.952102e-01	2.101723e-12	
393	1.842500e-08	4.952173e-01	4.952102e-01	2.101684e-12	
394	1.847500e-08	4.952173e-01	4.952102e-01	2.101655e-12	
395	1.852500e-08	4.952173e-01	4.952102e-01	2.101617e-12	
396	1.857500e-08	4.952173e-01	4.952102e-01	2.101587e-12	
397	1.862500e-08	4.952173e-01	4.952102e-01	2.101549e-12	
398	1.867500e-08	4.952173e-01	4.952102e-01	2.101520e-12	
399	1.872500e-08	4.952173e-01	4.952101e-01	2.101481e-12	
400	1.877500e-08	4.952172e-01	4.952101e-01	2.101452e-12	
401	1.882500e-08	4.952172e-01	4.952101e-01	2.101414e-12	
402	1.887500e-08	4.952172e-01	4.952101e-01	2.101384e-12	

Index   time            v(cell)         v(bl)           vpre#branch     
--------------------------------------------------------------------------------
403	1.892500e-08	4.952172e-01	4.952101e-01	2.101346e-12	
404	1.897500e-08	4.952172e-01	4.952101e-01	2.101316e-12	
405	1.902500e-08	4.952172e-01	4.952101e-01	2.101278e-12	
406	1.907500e-08	4.952172e-01	4.952101e-01	2.101249e-12	
407	1.912500e-08	4.952172e-01	4.952101e-01	2.101211e-12	
408	1.917500e-08	4.952172e-01	4.952101e-01	2.101181e-12	
409	1.922500e-08	4.952172e-01	4.952101e-01	2.101143e-12	
410	1.927500e-08	4.952172e-01	4.952101e-01	2.101113e-12	
411	1.932500e-08	4.952172e-01	4.952101e-01	2.101075e-12	
412	1.937500e-08	4.952172e-01	4.952101e-01	2.101046e-12	
413	1.942500e-08	4.952172e-01	4.952101e-01	2.101007e-12	
414	1.947500e-08	4.952172e-01	4.952101e-01	2.100978e-12	
415	1.952500e-08	4.952172e-01	4.952101e-01	2.100940e-12	
416	1.957500e-08	4.952172e-01	4.952101e-01	2.100910e-12	
417	1.962500e-08	4.952172e-01	4.952101e-01	2.100872e-12	
418	1.967500e-08	4.952172e-01	4.952101e-01	2.100842e-12	
419	1.972500e-08	4.952172e-01	4.952101e-01	2.100804e-12	
420	1.977500e-08	4.952172e-01	4.952101e-01	2.100775e-12	
421	1.982500e-08	4.952172e-01	4.952101e-01	2.100737e-12	
422	1.987500e-08	4.952172e-01	4.952101e-01	2.100707e-12	
423	1.992500e-08	4.952172e-01	4.952101e-01	2.100669e-12	
424	1.997500e-08	4.952172e-01	4.952101e-01	2.100639e-12	
425	2.002500e-08	4.952172e-01	4.952101e-01	2.100601e-12	
426	2.007500e-08	4.952172e-01	4.952101e-01	2.100572e-12	
427	2.012500e-08	4.952172e-01	4.952101e-01	2.100534e-12	
428	2.017500e-08	4.952171e-01	4.952101e-01	2.100504e-12	
429	2.022500e-08	4.952171e-01	4.952100e-01	2.100466e-12	
430	2.027500e-08	4.952171e-01	4.952100e-01	2.100436e-12	
431	2.032500e-08	4.952171e-01	4.952100e-01	2.100398e-12	
432	2.037500e-08	4.952171e-01	4.952100e-01	2.100369e-12	
433	2.042500e-08	4.952171e-01	4.952100e-01	2.100331e-12	
434	2.047500e-08	4.952171e-01	4.952100e-01	2.100301e-12	
435	2.052500e-08	4.952171e-01	4.952100e-01	2.100263e-12	
436	2.057500e-08	4.952171e-01	4.952100e-01	2.100233e-12	
437	2.062500e-08	4.952171e-01	4.952100e-01	2.100195e-12	
438	2.067500e-08	4.952171e-01	4.952100e-01	2.100165e-12	
439	2.072500e-08	4.952171e-01	4.952100e-01	2.100128e-12	
440	2.077500e-08	4.952171e-01	4.952100e-01	2.100098e-12	
441	2.082500e-08	4.952171e-01	4.952100e-01	2.100060e-12	
442	2.087500e-08	4.952171e-01	4.952100e-01	2.100030e-12	
443	2.092500e-08	4.952171e-01	4.952100e-01	2.099992e-12	
444	2.097500e-08	4.952171e-01	4.952100e-01	2.099962e-12	
445	2.102500e-08	4.952171e-01	4.952100e-01	2.099925e-12	
446	2.107500e-08	4.952171e-01	4.952100e-01	2.099895e-12	
447	2.112500e-08	4.952171e-01	4.952100e-01	2.099857e-12	
448	2.117500e-08	4.952171e-01	4.952100e-01	2.099827e-12	
449	2.122500e-08	4.952171e-01	4.952100e-01	2.099789e-12	
450	2.127500e-08	4.952171e-01	4.952100e-01	2.099759e-12	
451	2.132500e-08	4.952171e-01	4.952100e-01	2.099722e-12	
452	2.137500e-08	4.952171e-01	4.952100e-01	2.099692e-12	
453	2.142500e-08	4.952171e-01	4.952100e-01	2.099654e-12	
454	2.147500e-08	4.952171e-01	4.952100e-01	2.099624e-12	
455	2.152500e-08	4.952171e-01	4.952100e-01	2.099587e-12	
456	2.157500e-08	4.952171e-01	4.952100e-01	2.099556e-12	
457	2.162500e-08	4.952170e-01	4.952100e-01	2.099519e-12	
458	2.167500e-08	4.952170e-01	4.952099e-01	2.099489e-12	
459	2.172500e-08	4.952170e-01	4.952099e-01	2.099451e-12	
460	2.177500e-08	4.952170e-01	4.952099e-01	2.099421e-12	

Index   time            v(cell)         v(bl)           vpre#branch     
--------------------------------------------------------------------------------
461	2.182500e-08	4.952170e-01	4.952099e-01	2.099384e-12	
462	2.187500e-08	4.952170e-01	4.952099e-01	2.099353e-12	
463	2.192500e-08	4.952170e-01	4.952099e-01	2.099316e-12	
464	2.196250e-08	4.952170e-01	4.952099e-01	2.099294e-12	
465	2.200000e-08	4.952170e-01	4.952099e-01	2.099265e-12	
466	2.200500e-08	4.952156e-01	4.908714e-01	-4.12858e-11	
467	2.201500e-08	4.952126e-01	4.824316e-01	-1.25684e-10	
468	2.203500e-08	4.952065e-01	4.663094e-01	-2.86906e-10	
469	2.207500e-08	4.951944e-01	4.351279e-01	-5.98721e-10	
470	2.212500e-08	4.951795e-01	3.973401e-01	-9.76599e-10	
471	2.217500e-08	4.951649e-01	3.606348e-01	-1.34365e-09	
472	2.222500e-08	4.951506e-01	3.250237e-01	-1.69976e-09	
473	2.227500e-08	4.951367e-01	2.905695e-01	-2.04431e-09	
474	2.232500e-08	4.951229e-01	2.573682e-01	-2.37632e-09	
475	2.237500e-08	4.951093e-01	2.255118e-01	-2.69488e-09	
476	2.242500e-08	4.950959e-01	1.950753e-01	-2.99925e-09	
477	2.247500e-08	4.950826e-01	1.661104e-01	-3.28890e-09	
478	2.252500e-08	4.950694e-01	1.386412e-01	-3.56359e-09	
479	2.257500e-08	4.950562e-01	1.126445e-01	-3.82355e-09	
480	2.262500e-08	4.950430e-01	8.810248e-02	-4.06898e-09	
481	2.267500e-08	4.950299e-01	6.499713e-02	-4.30003e-09	
482	2.272500e-08	4.950168e-01	4.326709e-02	-4.51733e-09	
483	2.277500e-08	4.950037e-01	2.284412e-02	-4.72156e-09	
484	2.282500e-08	4.949906e-01	3.657351e-03	-4.91343e-09	
485	2.287500e-08	4.949774e-01	-1.43639e-02	-5.09364e-09	
486	2.292500e-08	4.949643e-01	-3.12883e-02	-5.26288e-09	
487	2.296250e-08	4.949545e-01	-4.32997e-02	-5.38300e-09	
488	2.300000e-08	4.949447e-01	-5.47577e-02	-5.49758e-09	
489	2.300500e-08	4.949447e-01	-5.13212e-02	-5.46321e-09	
490	2.301500e-08	4.949447e-01	-4.44912e-02	-5.39491e-09	
491	2.303500e-08	4.949447e-01	-3.10859e-02	-5.26086e-09	
492	2.307500e-08	4.949447e-01	-5.26233e-03	-5.00262e-09	
493	2.312500e-08	4.949447e-01	2.524531e-02	-4.69755e-09	
494	2.317500e-08	4.949447e-01	5.389246e-02	-4.41108e-09	
495	2.322500e-08	4.949447e-01	8.079261e-02	-4.14207e-09	
496	2.327500e-08	4.949447e-01	1.060523e-01	-3.88948e-09	
497	2.332500e-08	4.949447e-01	1.297716e-01	-3.65228e-09	
498	2.337500e-08	4.949447e-01	1.520443e-01	-3.42956e-09	
499	2.342500e-08	4.949447e-01	1.729589e-01	-3.22041e-09	
500	2.347500e-08	4.949447e-01	1.925980e-01	-3.02402e-09	
501	2.352500e-08	4.949447e-01	2.110394e-01	-2.83961e-09	
502	2.357500e-08	4.949447e-01	2.283562e-01	-2.66644e-09	
503	2.362500e-08	4.949447e-01	2.446170e-01	-2.50383e-09	
504	2.367500e-08	4.949447e-01	2.598861e-01	-2.35114e-09	
505	2.372500e-08	4.949447e-01	2.742241e-01	-2.20776e-09	
506	2.377500e-08	4.949447e-01	2.876877e-01	-2.07312e-09	
507	2.382500e-08	4.949447e-01	3.003303e-01	-1.94670e-09	
508	2.387500e-08	4.949447e-01	3.122019e-01	-1.82798e-09	
509	2.392500e-08	4.949447e-01	3.233495e-01	-1.71651e-09	
510	2.397500e-08	4.949447e-01	3.338173e-01	-1.61183e-09	
511	2.402500e-08	4.949447e-01	3.436467e-01	-1.51353e-09	
512	2.407500e-08	4.949447e-01	3.528767e-01	-1.42123e-09	
513	2.412500e-08	4.949447e-01	3.615438e-01	-1.33456e-09	
514	2.417500e-08	4.949447e-01	3.696824e-01	-1.25318e-09	
515	2.422500e-08	4.949447e-01	3.773247e-01	-1.17675e-09	
516	2.427500e-08	4.949447e-01	3.845009e-01	-1.10499e-09	
517	2.432500e-08	4.949447e-01	3.912395e-01	-1.03761e-09	
518	2.437500e-08	4.949447e-01	3.975671e-01	-9.74329e-10	

Index   time            v(cell)         v(bl)           vpre#branch     
--------------------------------------------------------------------------------
519	2.442500e-08	4.949447e-01	4.035089e-01	-9.14911e-10	
520	2.447500e-08	4.949447e-01	4.090883e-01	-8.59117e-10	
521	2.452500e-08	4.949447e-01	4.143275e-01	-8.06725e-10	
522	2.457500e-08	4.949447e-01	4.192471e-01	-7.57529e-10	
523	2.462500e-08	4.949447e-01	4.238668e-01	-7.11332e-10	
524	2.467500e-08	4.949447e-01	4.282047e-01	-6.67953e-10	
525	2.472500e-08	4.949447e-01	4.322781e-01	-6.27219e-10	
526	2.477500e-08	4.949447e-01	4.361031e-01	-5.88969e-10	
527	2.482500e-08	4.949447e-01	4.396948e-01	-5.53052e-10	
528	2.487500e-08	4.949447e-01	4.430675e-01	-5.19325e-10	
529	2.492500e-08	4.949447e-01	4.462345e-01	-4.87655e-10	
530	2.497500e-08	4.949447e-01	4.492084e-01	-4.57916e-10	
531	2.502500e-08	4.949447e-01	4.520009e-01	-4.29991e-10	
532	2.507500e-08	4.949447e-01	4.546231e-01	-4.03769e-10	
533	2.512500e-08	4.949447e-01	4.570854e-01	-3.79146e-10	
534	2.517500e-08	4.949447e-01	4.593976e-01	-3.56024e-10	
535	2.522500e-08	4.949447e-01	4.615687e-01	-3.34313e-10	
536	2.527500e-08	4.949447e-01	4.636075e-01	-3.13925e-10	
537	2.532500e-08	4.949447e-01	4.655219e-01	-2.94781e-10	
538	2.537500e-08	4.949447e-01	4.673196e-01	-2.76804e-10	
539	2.542500e-08	4.949447e-01	4.690076e-01	-2.59924e-10	
540	2.547500e-08	4.949447e-01	4.705927e-01	-2.44073e-10	
541	2.552500e-08	4.949447e-01	4.720811e-01	-2.29189e-10	
542	2.557500e-08	4.949447e-01	4.734788e-01	-2.15212e-10	
543	2.562500e-08	4.949447e-01	4.747912e-01	-2.02088e-10	
544	2.567500e-08	4.949447e-01	4.760236e-01	-1.89764e-10	
545	2.572500e-08	4.949447e-01	4.771809e-01	-1.78191e-10	
546	2.577500e-08	4.949447e-01	4.782675e-01	-1.67325e-10	
547	2.582500e-08	4.949447e-01	4.792879e-01	-1.57121e-10	
548	2.587500e-08	4.949447e-01	4.802461e-01	-1.47539e-10	
549	2.592500e-08	4.949447e-01	4.811458e-01	-1.38542e-10	
550	2.597500e-08	4.949447e-01	4.819907e-01	-1.30093e-10	
551	2.602500e-08	4.949447e-01	4.827841e-01	-1.22159e-10	
552	2.607500e-08	4.949447e-01	4.835290e-01	-1.14710e-10	
553	2.612500e-08	4.949447e-01	4.842286e-01	-1.07714e-10	
554	2.617500e-08	4.949447e-01	4.848854e-01	-1.01146e-10	
555	2.622500e-08	4.949447e-01	4.855023e-01	-9.49774e-11	
556	2.627500e-08	4.949447e-01	4.860815e-01	-8.91854e-11	
557	2.632500e-08	4.949447e-01	4.866253e-01	-8.37466e-11	
558	2.637500e-08	4.949447e-01	4.871361e-01	-7.86395e-11	
559	2.642500e-08	4.949447e-01	4.876156e-01	-7.38438e-11	
560	2.647500e-08	4.949447e-01	4.880659e-01	-6.93406e-11	
561	2.652500e-08	4.949447e-01	4.884888e-01	-6.51120e-11	
562	2.657500e-08	4.949447e-01	4.888859e-01	-6.11412e-11	
563	2.662500e-08	4.949447e-01	4.892587e-01	-5.74126e-11	
564	2.667500e-08	4.949447e-01	4.896089e-01	-5.39114e-11	
565	2.672500e-08	4.949447e-01	4.899376e-01	-5.06237e-11	
566	2.677500e-08	4.949447e-01	4.902463e-01	-4.75365e-11	
567	2.682500e-08	4.949447e-01	4.905362e-01	-4.46376e-11	
568	2.687500e-08	4.949447e-01	4.908085e-01	-4.19155e-11	
569	2.692500e-08	4.949447e-01	4.910641e-01	-3.93593e-11	
570	2.697500e-08	4.949447e-01	4.913041e-01	-3.69591e-11	
571	2.702500e-08	4.949447e-01	4.915295e-01	-3.47052e-11	
572	2.707500e-08	4.949447e-01	4.917411e-01	-3.25888e-11	
573	2.712500e-08	4.949447e-01	4.919399e-01	-3.06014e-11	
574	2.717500e-08	4.949447e-01	4.921265e-01	-2.87352e-11	
575	2.722500e-08	4.949447e-01	4.923017e-01	-2.69829e-11	
576	2.727500e-08	4.949447e-01	4.924663e-01	-2.53374e-11	

Index   time            v(cell)         v(bl)           vpre#branch     
--------------------------------------------------------------------------------
577	2.732500e-08	4.949447e-01	4.926208e-01	-2.37922e-11	
578	2.737500e-08	4.949447e-01	4.927659e-01	-2.23413e-11	
579	2.742500e-08	4.949447e-01	4.929021e-01	-2.09788e-11	
580	2.747500e-08	4.949447e-01	4.930301e-01	-1.96995e-11	
581	2.752500e-08	4.949447e-01	4.931502e-01	-1.84981e-11	
582	2.757500e-08	4.949447e-01	4.932630e-01	-1.73701e-11	
583	2.762500e-08	4.949447e-01	4.933689e-01	-1.63108e-11	
584	2.767500e-08	4.949447e-01	4.934684e-01	-1.53161e-11	
585	2.772500e-08	4.949447e-01	4.935618e-01	-1.43821e-11	
586	2.777500e-08	4.949447e-01	4.936495e-01	-1.35050e-11	
587	2.782500e-08	4.949447e-01	4.937319e-01	-1.26814e-11	
588	2.787500e-08	4.949447e-01	4.938092e-01	-1.19081e-11	
589	2.792500e-08	4.949447e-01	4.938818e-01	-1.11819e-11	
590	2.797500e-08	4.949447e-01	4.939500e-01	-1.05000e-11	
591	2.802500e-08	4.949447e-01	4.940140e-01	-9.85966e-12	
592	2.807500e-08	4.949447e-01	4.940742e-01	-9.25839e-12	
593	2.812500e-08	4.949447e-01	4.941306e-01	-8.69378e-12	
594	2.817500e-08	4.949447e-01	4.941836e-01	-8.16361e-12	
595	2.822500e-08	4.949447e-01	4.942334e-01	-7.66576e-12	
596	2.827500e-08	4.949447e-01	4.942802e-01	-7.19828e-12	
597	2.832500e-08	4.949447e-01	4.943241e-01	-6.75931e-12	
598	2.837500e-08	4.949447e-01	4.943653e-01	-6.34710e-12	
599	2.842500e-08	4.949447e-01	4.944040e-01	-5.96004e-12	
600	2.847500e-08	4.949447e-01	4.944403e-01	-5.59657e-12	
601	2.852500e-08	4.949447e-01	4.944745e-01	-5.25528e-12	
602	2.857500e-08	4.949447e-01	4.945065e-01	-4.93479e-12	
603	2.862500e-08	4.949447e-01	4.945366e-01	-4.63385e-12	
604	2.867500e-08	4.949447e-01	4.945649e-01	-4.35127e-12	
605	2.872500e-08	4.949447e-01	4.945914e-01	-4.08591e-12	
606	2.877500e-08	4.949447e-01	4.946163e-01	-3.83674e-12	
607	2.882500e-08	4.949447e-01	4.946397e-01	-3.60276e-12	
608	2.887500e-08	4.949447e-01	4.946617e-01	-3.38306e-12	
609	2.892500e-08	4.949447e-01	4.946823e-01	-3.17675e-12	
610	2.897500e-08	4.949447e-01	4.947017e-01	-2.98302e-12	
611	2.902500e-08	4.949447e-01	4.947199e-01	-2.80110e-12	
612	2.907500e-08	4.949447e-01	4.947370e-01	-2.63028e-12	
613	2.912500e-08	4.949447e-01	4.947530e-01	-2.46988e-12	
614	2.917500e-08	4.949447e-01	4.947681e-01	-2.31926e-12	
615	2.922500e-08	4.949447e-01	4.947822e-01	-2.17782e-12	
616	2.927500e-08	4.949447e-01	4.947955e-01	-2.04501e-12	
617	2.932500e-08	4.949447e-01	4.948080e-01	-1.92030e-12	
618	2.937500e-08	4.949447e-01	4.948197e-01	-1.80320e-12	
619	2.942500e-08	4.949447e-01	4.948307e-01	-1.69323e-12	
620	2.947500e-08	4.949447e-01	4.948410e-01	-1.58997e-12	
621	2.952500e-08	4.949447e-01	4.948507e-01	-1.49301e-12	
622	2.957500e-08	4.949447e-01	4.948598e-01	-1.40196e-12	
623	2.962500e-08	4.949447e-01	4.948684e-01	-1.31647e-12	
624	2.967500e-08	4.949447e-01	4.948764e-01	-1.23618e-12	
625	2.972500e-08	4.949447e-01	4.948839e-01	-1.16080e-12	
626	2.977500e-08	4.949447e-01	4.948910e-01	-1.09001e-12	
627	2.982500e-08	4.949447e-01	4.948976e-01	-1.02354e-12	
628	2.987500e-08	4.949447e-01	4.949039e-01	-9.61118e-13	
629	2.992500e-08	4.949447e-01	4.949097e-01	-9.02506e-13	
630	2.997500e-08	4.949447e-01	4.949153e-01	-8.47468e-13	
631	3.002500e-08	4.949447e-01	4.949204e-01	-7.95787e-13	
632	3.007500e-08	4.949447e-01	4.949253e-01	-7.47257e-13	
633	3.012500e-08	4.949447e-01	4.949298e-01	-7.01687e-13	
634	3.017500e-08	4.949447e-01	4.949341e-01	-6.58896e-13	

Index   time            v(cell)         v(bl)           vpre#branch     
--------------------------------------------------------------------------------
635	3.022500e-08	4.949447e-01	4.949381e-01	-6.18715e-13	
636	3.027500e-08	4.949447e-01	4.949419e-01	-5.80983e-13	
637	3.032500e-08	4.949447e-01	4.949454e-01	-5.45553e-13	
638	3.037500e-08	4.949447e-01	4.949488e-01	-5.12284e-13	
639	3.042500e-08	4.949447e-01	4.949519e-01	-4.81043e-13	
640	3.047500e-08	4.949447e-01	4.949548e-01	-4.51707e-13	
641	3.052500e-08	4.949447e-01	4.949576e-01	-4.24161e-13	
642	3.057500e-08	4.949447e-01	4.949602e-01	-3.98294e-13	
643	3.062500e-08	4.949447e-01	4.949626e-01	-3.74005e-13	
644	3.067500e-08	4.949447e-01	4.949649e-01	-3.51197e-13	
645	3.072500e-08	4.949447e-01	4.949670e-01	-3.29780e-13	
646	3.077500e-08	4.949447e-01	4.949690e-01	-3.09669e-13	
647	3.082500e-08	4.949447e-01	4.949709e-01	-2.90784e-13	
648	3.087500e-08	4.949447e-01	4.949727e-01	-2.73051e-13	
649	3.092500e-08	4.949447e-01	4.949744e-01	-2.56400e-13	
650	3.097500e-08	4.949447e-01	4.949759e-01	-2.40764e-13	
651	3.102500e-08	4.949447e-01	4.949774e-01	-2.26081e-13	
652	3.107500e-08	4.949447e-01	4.949788e-01	-2.12294e-13	
653	3.112500e-08	4.949447e-01	4.949801e-01	-1.99348e-13	
654	3.117500e-08	4.949447e-01	4.949813e-01	-1.87191e-13	
655	3.122500e-08	4.949447e-01	4.949824e-01	-1.75775e-13	
656	3.127500e-08	4.949447e-01	4.949835e-01	-1.65056e-13	
657	3.132500e-08	4.949447e-01	4.949845e-01	-1.54990e-13	
658	3.137500e-08	4.949447e-01	4.949854e-01	-1.45539e-13	
659	3.142500e-08	4.949447e-01	4.949863e-01	-1.36663e-13	
660	3.147500e-08	4.949447e-01	4.949872e-01	-1.28329e-13	
661	3.152500e-08	4.949447e-01	4.949879e-01	-1.20503e-13	
662	3.157500e-08	4.949447e-01	4.949887e-01	-1.13154e-13	
663	3.162500e-08	4.949447e-01	4.949894e-01	-1.06254e-13	
664	3.167500e-08	4.949447e-01	4.949900e-01	-9.97743e-14	
665	3.172500e-08	4.949447e-01	4.949906e-01	-9.36897e-14	
666	3.177500e-08	4.949447e-01	4.949912e-01	-8.79762e-14	
667	3.182500e-08	4.949447e-01	4.949917e-01	-8.26112e-14	
668	3.187500e-08	4.949447e-01	4.949922e-01	-7.75733e-14	
669	3.192500e-08	4.949447e-01	4.949927e-01	-7.28426e-14	
670	3.197500e-08	4.949447e-01	4.949932e-01	-6.84005e-14	
671	3.202500e-08	4.949447e-01	4.949936e-01	-6.42292e-14	
672	3.207500e-08	4.949447e-01	4.949940e-01	-6.03123e-14	
673	3.212500e-08	4.949447e-01	4.949943e-01	-5.66343e-14	
674	3.217500e-08	4.949447e-01	4.949947e-01	-5.31805e-14	
675	3.222500e-08	4.949447e-01	4.949950e-01	-4.99374e-14	
676	3.227500e-08	4.949447e-01	4.949953e-01	-4.68921e-14	
677	3.232500e-08	4.949447e-01	4.949956e-01	-4.40325e-14	
678	3.237500e-08	4.949447e-01	4.949959e-01	-4.13472e-14	
679	3.242500e-08	4.949447e-01	4.949961e-01	-3.88258e-14	
680	3.247500e-08	4.949447e-01	4.949964e-01	-3.64580e-14	
681	3.252500e-08	4.949447e-01	4.949966e-01	-3.42347e-14	
682	3.257500e-08	4.949447e-01	4.949968e-01	-3.21470e-14	
683	3.262500e-08	4.949447e-01	4.949970e-01	-3.01866e-14	
684	3.267500e-08	4.949447e-01	4.949972e-01	-2.83457e-14	
685	3.272500e-08	4.949447e-01	4.949973e-01	-2.66171e-14	
686	3.277500e-08	4.949447e-01	4.949975e-01	-2.49939e-14	
687	3.282500e-08	4.949447e-01	4.949977e-01	-2.34697e-14	
688	3.287500e-08	4.949447e-01	4.949978e-01	-2.20385e-14	
689	3.292500e-08	4.949447e-01	4.949979e-01	-2.06945e-14	
690	3.297500e-08	4.949447e-01	4.949981e-01	-1.94325e-14	
691	3.302500e-08	4.949447e-01	4.949982e-01	-1.82474e-14	
692	3.307500e-08	4.949447e-01	4.949983e-01	-1.71347e-14	

Index   time            v(cell)         v(bl)           vpre#branch     
--------------------------------------------------------------------------------
693	3.312500e-08	4.949447e-01	4.949984e-01	-1.60897e-14	
694	3.317500e-08	4.949447e-01	4.949985e-01	-1.51085e-14	
695	3.322500e-08	4.949447e-01	4.949986e-01	-1.41872e-14	
696	3.327500e-08	4.949447e-01	4.949987e-01	-1.33220e-14	
697	3.332500e-08	4.949447e-01	4.949987e-01	-1.25096e-14	
698	3.337500e-08	4.949447e-01	4.949988e-01	-1.17467e-14	
699	3.342500e-08	4.949447e-01	4.949989e-01	-1.10304e-14	
700	3.347500e-08	4.949447e-01	4.949990e-01	-1.03577e-14	
701	3.352500e-08	4.949447e-01	4.949990e-01	-9.72608e-15	
702	3.357500e-08	4.949447e-01	4.949991e-01	-9.13296e-15	
703	3.362500e-08	4.949447e-01	4.949991e-01	-8.57601e-15	
704	3.367500e-08	4.949447e-01	4.949992e-01	-8.05303e-15	
705	3.372500e-08	4.949447e-01	4.949992e-01	-7.56193e-15	
706	3.377500e-08	4.949447e-01	4.949993e-01	-7.10079e-15	
707	3.382500e-08	4.949447e-01	4.949993e-01	-6.66777e-15	
708	3.387500e-08	4.949447e-01	4.949994e-01	-6.26115e-15	
709	3.392500e-08	4.949447e-01	4.949994e-01	-5.87933e-15	
710	3.397500e-08	4.949447e-01	4.949994e-01	-5.52080e-15	
711	3.402500e-08	4.949447e-01	4.949995e-01	-5.18413e-15	
712	3.407500e-08	4.949447e-01	4.949995e-01	-4.86800e-15	
713	3.412500e-08	4.949447e-01	4.949995e-01	-4.57114e-15	
714	3.417500e-08	4.949447e-01	4.949996e-01	-4.29238e-15	
715	3.422500e-08	4.949447e-01	4.949996e-01	-4.03063e-15	
716	3.427500e-08	4.949447e-01	4.949996e-01	-3.78483e-15	
717	3.432500e-08	4.949447e-01	4.949996e-01	-3.55403e-15	
718	3.437500e-08	4.949447e-01	4.949997e-01	-3.33730e-15	
719	3.442500e-08	4.949447e-01	4.949997e-01	-3.13379e-15	
720	3.447500e-08	4.949447e-01	4.949997e-01	-2.94269e-15	
721	3.452500e-08	4.949447e-01	4.949997e-01	-2.76324e-15	
722	3.457500e-08	4.949447e-01	4.949997e-01	-2.59474e-15	
723	3.462500e-08	4.949447e-01	4.949998e-01	-2.43651e-15	
724	3.467500e-08	4.949447e-01	4.949998e-01	-2.28793e-15	
725	3.472500e-08	4.949447e-01	4.949998e-01	-2.14841e-15	
726	3.477500e-08	4.949447e-01	4.949998e-01	-2.01740e-15	
727	3.482500e-08	4.949447e-01	4.949998e-01	-1.89438e-15	
728	3.487500e-08	4.949447e-01	4.949998e-01	-1.77886e-15	
729	3.492500e-08	4.949447e-01	4.949998e-01	-1.67039e-15	
730	3.497500e-08	4.949447e-01	4.949998e-01	-1.56853e-15	
731	3.502500e-08	4.949447e-01	4.949999e-01	-1.47288e-15	
732	3.507500e-08	4.949447e-01	4.949999e-01	-1.38307e-15	
733	3.512500e-08	4.949447e-01	4.949999e-01	-1.29873e-15	
734	3.517500e-08	4.949447e-01	4.949999e-01	-1.21954e-15	
735	3.522500e-08	4.949447e-01	4.949999e-01	-1.14517e-15	
736	3.527500e-08	4.949447e-01	4.949999e-01	-1.07534e-15	
737	3.532500e-08	4.949447e-01	4.949999e-01	-1.00977e-15	
738	3.537500e-08	4.949447e-01	4.949999e-01	-9.48201e-16	
739	3.542500e-08	4.949447e-01	4.949999e-01	-8.90384e-16	
740	3.547500e-08	4.949447e-01	4.949999e-01	-8.36092e-16	
741	3.552500e-08	4.949447e-01	4.949999e-01	-7.85111e-16	
742	3.557500e-08	4.949447e-01	4.949999e-01	-7.37239e-16	
743	3.562500e-08	4.949447e-01	4.949999e-01	-6.92286e-16	
744	3.567500e-08	4.949447e-01	4.949999e-01	-6.50075e-16	
745	3.572500e-08	4.949447e-01	4.949999e-01	-6.10439e-16	
746	3.577500e-08	4.949447e-01	4.949999e-01	-5.73220e-16	
747	3.582500e-08	4.949447e-01	4.949999e-01	-5.38270e-16	
748	3.587500e-08	4.949447e-01	4.949999e-01	-5.05452e-16	
749	3.592500e-08	4.949447e-01	4.950000e-01	-4.74635e-16	
750	3.597500e-08	4.949447e-01	4.950000e-01	-4.45698e-16	

Index   time            v(cell)         v(bl)           vpre#branch     
--------------------------------------------------------------------------------
751	3.602500e-08	4.949447e-01	4.950000e-01	-4.18525e-16	
752	3.607500e-08	4.949447e-01	4.950000e-01	-3.93010e-16	
753	3.612500e-08	4.949447e-01	4.950000e-01	-3.69050e-16	
754	3.617500e-08	4.949447e-01	4.950000e-01	-3.46552e-16	
755	3.622500e-08	4.949447e-01	4.950000e-01	-3.25425e-16	
756	3.627500e-08	4.949447e-01	4.950000e-01	-3.05587e-16	
757	3.632500e-08	4.949447e-01	4.950000e-01	-2.86959e-16	
758	3.637500e-08	4.949447e-01	4.950000e-01	-2.69467e-16	
759	3.642500e-08	4.949447e-01	4.950000e-01	-2.53041e-16	
760	3.647500e-08	4.949447e-01	4.950000e-01	-2.37617e-16	
761	3.652500e-08	4.949447e-01	4.950000e-01	-2.23134e-16	
762	3.657500e-08	4.949447e-01	4.950000e-01	-2.09534e-16	
763	3.662500e-08	4.949447e-01	4.950000e-01	-1.96763e-16	
764	3.667500e-08	4.949447e-01	4.950000e-01	-1.84771e-16	
765	3.672500e-08	4.949447e-01	4.950000e-01	-1.73511e-16	
766	3.677500e-08	4.949447e-01	4.950000e-01	-1.62937e-16	
767	3.682500e-08	4.949447e-01	4.950000e-01	-1.53007e-16	
768	3.687500e-08	4.949447e-01	4.950000e-01	-1.43683e-16	
769	3.692500e-08	4.949447e-01	4.950000e-01	-1.34927e-16	
770	3.697500e-08	4.949447e-01	4.950000e-01	-1.26705e-16	
771	3.702500e-08	4.949447e-01	4.950000e-01	-1.18986e-16	
772	3.707500e-08	4.949447e-01	4.950000e-01	-1.11737e-16	
773	3.712500e-08	4.949447e-01	4.950000e-01	-1.04930e-16	
774	3.717500e-08	4.949447e-01	4.950000e-01	-9.85381e-17	
775	3.722500e-08	4.949447e-01	4.950000e-01	-9.25355e-17	
776	3.727500e-08	4.949447e-01	4.950000e-01	-8.68989e-17	
777	3.732500e-08	4.949447e-01	4.950000e-01	-8.16061e-17	
778	3.737500e-08	4.949447e-01	4.950000e-01	-7.66361e-17	
779	3.742500e-08	4.949447e-01	4.950000e-01	-7.19691e-17	
780	3.747500e-08	4.949447e-01	4.950000e-01	-6.75876e-17	
781	3.752500e-08	4.949447e-01	4.950000e-01	-6.34733e-17	
782	3.757500e-08	4.949447e-01	4.950000e-01	-5.96099e-17	
783	3.762500e-08	4.949447e-01	4.950000e-01	-5.59821e-17	
784	3.767500e-08	4.949447e-01	4.950000e-01	-5.25755e-17	
785	3.772500e-08	4.949447e-01	4.950000e-01	-4.93767e-17	
786	3.777500e-08	4.949447e-01	4.950000e-01	-4.63729e-17	
787	3.782500e-08	4.949447e-01	4.950000e-01	-4.35524e-17	
788	3.787500e-08	4.949447e-01	4.950000e-01	-4.09030e-17	
789	3.792500e-08	4.949447e-01	4.950000e-01	-3.84143e-17	
790	3.797500e-08	4.949447e-01	4.950000e-01	-3.60782e-17	
791	3.802500e-08	4.949447e-01	4.950000e-01	-3.38846e-17	
792	3.807500e-08	4.949447e-01	4.950000e-01	-3.18248e-17	
793	3.812500e-08	4.949447e-01	4.950000e-01	-2.98906e-17	
794	3.817500e-08	4.949447e-01	4.950000e-01	-2.80743e-17	
795	3.822500e-08	4.949447e-01	4.950000e-01	-2.63688e-17	
796	3.827500e-08	4.949447e-01	4.950000e-01	-2.47674e-17	
797	3.832500e-08	4.949447e-01	4.950000e-01	-2.32644e-17	
798	3.837500e-08	4.949447e-01	4.950000e-01	-2.18530e-17	
799	3.842500e-08	4.949447e-01	4.950000e-01	-2.05277e-17	
800	3.847500e-08	4.949447e-01	4.950000e-01	-1.92833e-17	
801	3.852500e-08	4.949447e-01	4.950000e-01	-1.81139e-17	
802	3.857500e-08	4.949447e-01	4.950000e-01	-1.70158e-17	
803	3.862500e-08	4.949447e-01	4.950000e-01	-1.59847e-17	
804	3.867500e-08	4.949447e-01	4.950000e-01	-1.50156e-17	
805	3.872500e-08	4.949447e-01	4.950000e-01	-1.41065e-17	
806	3.877500e-08	4.949447e-01	4.950000e-01	-1.32536e-17	
807	3.882500e-08	4.949447e-01	4.950000e-01	-1.24528e-17	
808	3.887500e-08	4.949447e-01	4.950000e-01	-1.16999e-17	

Index   time            v(cell)         v(bl)           vpre#branch     
--------------------------------------------------------------------------------
809	3.892500e-08	4.949447e-01	4.950000e-01	-1.09930e-17	
810	3.897500e-08	4.949447e-01	4.950000e-01	-1.03300e-17	
811	3.902500e-08	4.949447e-01	4.950000e-01	-9.70744e-18	
812	3.907500e-08	4.949447e-01	4.950000e-01	-9.12284e-18	
813	3.912500e-08	4.949447e-01	4.950000e-01	-8.57389e-18	
814	3.917500e-08	4.949447e-01	4.950000e-01	-8.05842e-18	
815	3.922500e-08	4.949447e-01	4.950000e-01	-7.57439e-18	
816	3.927500e-08	4.949447e-01	4.950000e-01	-7.11987e-18	
817	3.932500e-08	4.949447e-01	4.950000e-01	-6.69307e-18	
818	3.937500e-08	4.949447e-01	4.950000e-01	-6.29147e-18	
819	3.942500e-08	4.949447e-01	4.950000e-01	-5.91436e-18	
820	3.947500e-08	4.949447e-01	4.950000e-01	-5.56025e-18	
821	3.952500e-08	4.949447e-01	4.950000e-01	-5.22691e-18	
822	3.957500e-08	4.949447e-01	4.950000e-01	-4.91472e-18	
823	3.962500e-08	4.949447e-01	4.950000e-01	-4.62240e-18	
824	3.967500e-08	4.949447e-01	4.950000e-01	-4.34790e-18	
825	3.972500e-08	4.949447e-01	4.950000e-01	-4.09014e-18	
826	3.977500e-08	4.949447e-01	4.950000e-01	-3.84811e-18	
827	3.982500e-08	4.949447e-01	4.950000e-01	-3.62000e-18	
828	3.987500e-08	4.949447e-01	4.950000e-01	-3.40581e-18	
829	3.992500e-08	4.949447e-01	4.950000e-01	-3.20550e-18	
830	3.996250e-08	4.949447e-01	4.950000e-01	-3.06340e-18	
831	4.000000e-08	4.949447e-01	4.950000e-01	-2.92770e-18	


Total analysis time (seconds) = 0.0561351

Total elapsed time (seconds) = 0.064 

Total DRAM available = 386307.215 MB.
DRAM currently available = 12911.758 MB.
Maximum ngspice program size =  529.715 MB.
Current ngspice program size =   14.168 MB.

Shared ngspice pages =   12.344 MB.
Text (code) pages =    6.266 MB.
Stack = 0 bytes.
Library pages =   59.133 MB.

