
Note: No compatibility mode selected!


Circuit: * id-vd sweep vgs=0.9900v

Doing analysis at TEMP = 27.000000 and TNOM = 27.000000

Using SPARSE 1.3 as Direct Linear Solver

No. of Data Rows : 101
                           * id-vd sweep vgs=0.9900v
                           DC transfer characteristic  Tue Jun 23 23:54:24  2026
--------------------------------------------------------------------------------
Index   v-sweep         vd#branch       v(d)            
--------------------------------------------------------------------------------
0	0.000000e+00	1.731588e-28	0.000000e+00	
1	9.900000e-03	-8.62672e-07	9.900000e-03	
2	1.980000e-02	-1.35629e-06	1.980000e-02	
3	2.970000e-02	-1.53363e-06	2.970000e-02	
4	3.960000e-02	-1.62990e-06	3.960000e-02	
5	4.950000e-02	-1.69626e-06	4.950000e-02	
6	5.940000e-02	-1.74698e-06	5.940000e-02	
7	6.930000e-02	-1.78816e-06	6.930000e-02	
8	7.920000e-02	-1.82294e-06	7.920000e-02	
9	8.910000e-02	-1.85313e-06	8.910000e-02	
10	9.900000e-02	-1.88146e-06	9.900000e-02	
11	1.089000e-01	-1.90523e-06	1.089000e-01	
12	1.188000e-01	-1.92698e-06	1.188000e-01	
13	1.287000e-01	-1.94705e-06	1.287000e-01	
14	1.386000e-01	-1.96574e-06	1.386000e-01	
15	1.485000e-01	-1.98323e-06	1.485000e-01	
16	1.584000e-01	-1.99972e-06	1.584000e-01	
17	1.683000e-01	-2.01532e-06	1.683000e-01	
18	1.782000e-01	-2.03015e-06	1.782000e-01	
19	1.881000e-01	-2.04430e-06	1.881000e-01	
20	1.980000e-01	-2.05784e-06	1.980000e-01	
21	2.079000e-01	-2.07084e-06	2.079000e-01	
22	2.178000e-01	-2.08336e-06	2.178000e-01	
23	2.277000e-01	-2.09543e-06	2.277000e-01	
24	2.376000e-01	-2.10710e-06	2.376000e-01	
25	2.475000e-01	-2.11841e-06	2.475000e-01	
26	2.574000e-01	-2.12938e-06	2.574000e-01	
27	2.673000e-01	-2.14005e-06	2.673000e-01	
28	2.772000e-01	-2.15043e-06	2.772000e-01	
29	2.871000e-01	-2.16055e-06	2.871000e-01	
30	2.970000e-01	-2.17042e-06	2.970000e-01	
31	3.069000e-01	-2.18007e-06	3.069000e-01	
32	3.168000e-01	-2.18950e-06	3.168000e-01	
33	3.267000e-01	-2.19874e-06	3.267000e-01	
34	3.366000e-01	-2.20779e-06	3.366000e-01	
35	3.465000e-01	-2.21667e-06	3.465000e-01	
36	3.564000e-01	-2.22538e-06	3.564000e-01	
37	3.663000e-01	-2.23394e-06	3.663000e-01	
38	3.762000e-01	-2.24235e-06	3.762000e-01	
39	3.861000e-01	-2.25063e-06	3.861000e-01	
40	3.960000e-01	-2.25878e-06	3.960000e-01	
41	4.059000e-01	-2.26680e-06	4.059000e-01	
42	4.158000e-01	-2.27470e-06	4.158000e-01	
43	4.257000e-01	-2.28250e-06	4.257000e-01	
44	4.356000e-01	-2.29019e-06	4.356000e-01	
45	4.455000e-01	-2.29778e-06	4.455000e-01	
46	4.554000e-01	-2.30527e-06	4.554000e-01	
47	4.653000e-01	-2.31267e-06	4.653000e-01	
48	4.752000e-01	-2.31998e-06	4.752000e-01	
49	4.851000e-01	-2.32721e-06	4.851000e-01	
50	4.950000e-01	-2.33435e-06	4.950000e-01	
51	5.049000e-01	-2.34143e-06	5.049000e-01	
52	5.148000e-01	-2.34842e-06	5.148000e-01	
53	5.247000e-01	-2.35535e-06	5.247000e-01	
54	5.346000e-01	-2.36221e-06	5.346000e-01	

Index   v-sweep         vd#branch       v(d)            
--------------------------------------------------------------------------------
55	5.445000e-01	-2.36900e-06	5.445000e-01	
56	5.544000e-01	-2.37573e-06	5.544000e-01	
57	5.643000e-01	-2.38240e-06	5.643000e-01	
58	5.742000e-01	-2.38901e-06	5.742000e-01	
59	5.841000e-01	-2.39556e-06	5.841000e-01	
60	5.940000e-01	-2.40207e-06	5.940000e-01	
61	6.039000e-01	-2.40851e-06	6.039000e-01	
62	6.138000e-01	-2.41491e-06	6.138000e-01	
63	6.237000e-01	-2.42126e-06	6.237000e-01	
64	6.336000e-01	-2.42756e-06	6.336000e-01	
65	6.435000e-01	-2.43382e-06	6.435000e-01	
66	6.534000e-01	-2.44003e-06	6.534000e-01	
67	6.633000e-01	-2.44620e-06	6.633000e-01	
68	6.732000e-01	-2.45233e-06	6.732000e-01	
69	6.831000e-01	-2.45841e-06	6.831000e-01	
70	6.930000e-01	-2.46446e-06	6.930000e-01	
71	7.029000e-01	-2.47047e-06	7.029000e-01	
72	7.128000e-01	-2.47645e-06	7.128000e-01	
73	7.227000e-01	-2.48239e-06	7.227000e-01	
74	7.326000e-01	-2.48829e-06	7.326000e-01	
75	7.425000e-01	-2.49416e-06	7.425000e-01	
76	7.524000e-01	-2.50000e-06	7.524000e-01	
77	7.623000e-01	-2.50581e-06	7.623000e-01	
78	7.722000e-01	-2.51159e-06	7.722000e-01	
79	7.821000e-01	-2.51733e-06	7.821000e-01	
80	7.920000e-01	-2.52305e-06	7.920000e-01	
81	8.019000e-01	-2.52874e-06	8.019000e-01	
82	8.118000e-01	-2.53440e-06	8.118000e-01	
83	8.217000e-01	-2.54003e-06	8.217000e-01	
84	8.316000e-01	-2.54564e-06	8.316000e-01	
85	8.415000e-01	-2.55122e-06	8.415000e-01	
86	8.514000e-01	-2.55678e-06	8.514000e-01	
87	8.613000e-01	-2.56231e-06	8.613000e-01	
88	8.712000e-01	-2.56782e-06	8.712000e-01	
89	8.811000e-01	-2.57331e-06	8.811000e-01	
90	8.910000e-01	-2.57877e-06	8.910000e-01	
91	9.009000e-01	-2.58421e-06	9.009000e-01	
92	9.108000e-01	-2.58963e-06	9.108000e-01	
93	9.207000e-01	-2.59503e-06	9.207000e-01	
94	9.306000e-01	-2.60041e-06	9.306000e-01	
95	9.405000e-01	-2.60577e-06	9.405000e-01	
96	9.504000e-01	-2.61111e-06	9.504000e-01	
97	9.603000e-01	-2.61642e-06	9.603000e-01	
98	9.702000e-01	-2.62173e-06	9.702000e-01	
99	9.801000e-01	-2.62701e-06	9.801000e-01	
100	9.900000e-01	-2.63227e-06	9.900000e-01	


Total analysis time (seconds) = 0.00854571

Total elapsed time (seconds) = 0.016 

Total DRAM available = 386307.215 MB.
DRAM currently available = 2248.609 MB.
Maximum ngspice program size =  529.719 MB.
Current ngspice program size =   14.117 MB.

Shared ngspice pages =   12.348 MB.
Text (code) pages =    6.266 MB.
Stack = 0 bytes.
Library pages =   59.137 MB.

