
Note: No compatibility mode selected!


Circuit: * wl switching transient

Warning: Model issue on line 7 :
  .model nfet bsimcmg_va type=1 bulkmod=0 bulkmod=0 igcmod=0 igbmod=0 gidl ...
unrecognized parameter (sasatcv) - ignored

Doing analysis at TEMP = 27.000000 and TNOM = 27.000000

Using SPARSE 1.3 as Direct Linear Solver

Initial Transient Solution
--------------------------

Node                                   Voltage
----                                   -------
d                                       0.4125
g                                            0
s                                            0
vg#branch                                    0
vd#branch                         -1.91947e-11
vs#branch                          1.91947e-11


No. of Data Rows : 217
                            * wl switching transient
                            Transient Analysis  Tue Jun 23 16:33:25  2026
--------------------------------------------------------------------------------
Index   time            v(g)            vg#branch       
--------------------------------------------------------------------------------
0	0.000000e+00	0.000000e+00	0.000000e+00	
1	1.000000e-12	0.000000e+00	1.460478e-21	
2	2.000000e-12	0.000000e+00	1.460477e-21	
3	4.000000e-12	0.000000e+00	1.460477e-21	
4	8.000000e-12	0.000000e+00	-1.16794e-22	
5	1.600000e-11	0.000000e+00	7.886358e-22	
6	3.200000e-11	0.000000e+00	-8.76231e-22	
7	6.400000e-11	0.000000e+00	1.150071e-21	
8	1.280000e-10	0.000000e+00	-1.06609e-21	
9	2.280000e-10	0.000000e+00	1.172704e-21	
10	3.280000e-10	0.000000e+00	-1.15664e-21	
11	4.280000e-10	0.000000e+00	1.172704e-21	
12	5.280000e-10	0.000000e+00	-1.15664e-21	
13	6.280000e-10	0.000000e+00	1.172704e-21	
14	7.280000e-10	0.000000e+00	-1.15664e-21	
15	8.280000e-10	0.000000e+00	1.172704e-21	
16	9.140000e-10	0.000000e+00	-1.12270e-21	
17	1.000000e-09	0.000000e+00	1.021349e-21	
18	1.010000e-09	8.250000e-03	-3.83960e-08	
19	1.030000e-09	2.475000e-02	-3.95393e-08	
20	1.070000e-09	5.775000e-02	-3.84349e-08	
21	1.150000e-09	1.237500e-01	-3.96221e-08	
22	1.250000e-09	2.062500e-01	-3.94365e-08	
23	1.350000e-09	2.887500e-01	-4.80473e-08	
24	1.450000e-09	3.712500e-01	-6.63279e-08	
25	1.550000e-09	4.537500e-01	-7.63913e-08	
26	1.650000e-09	5.362500e-01	-8.45474e-08	
27	1.750000e-09	6.187500e-01	-8.80466e-08	
28	1.850000e-09	7.012500e-01	-9.23941e-08	
29	1.925000e-09	7.631250e-01	-9.30533e-08	
30	2.000000e-09	8.250000e-01	-9.56378e-08	
31	2.010000e-09	8.250000e-01	-3.64759e-09	
32	2.030000e-09	8.250000e-01	3.360491e-09	
33	2.070000e-09	8.250000e-01	-3.22563e-09	
34	2.150000e-09	8.250000e-01	3.160284e-09	
35	2.250000e-09	8.250000e-01	-3.10897e-09	
36	2.350000e-09	8.250000e-01	3.058512e-09	
37	2.450000e-09	8.250000e-01	-3.00888e-09	
38	2.550000e-09	8.250000e-01	2.960069e-09	
39	2.650000e-09	8.250000e-01	-2.91206e-09	
40	2.750000e-09	8.250000e-01	2.864844e-09	
41	2.850000e-09	8.250000e-01	-2.81840e-09	
42	2.950000e-09	8.250000e-01	2.772731e-09	
43	3.050000e-09	8.250000e-01	-2.72781e-09	
44	3.150000e-09	8.250000e-01	2.683628e-09	
45	3.250000e-09	8.250000e-01	-2.64017e-09	
46	3.350000e-09	8.250000e-01	2.597437e-09	
47	3.450000e-09	8.250000e-01	-2.55540e-09	
48	3.550000e-09	8.250000e-01	2.514060e-09	
49	3.650000e-09	8.250000e-01	-2.47340e-09	
50	3.750000e-09	8.250000e-01	2.433407e-09	
51	3.850000e-09	8.250000e-01	-2.39407e-09	
52	3.950000e-09	8.250000e-01	2.355387e-09	
53	4.050000e-09	8.250000e-01	-2.31734e-09	
54	4.150000e-09	8.250000e-01	2.279913e-09	

Index   time            v(g)            vg#branch       
--------------------------------------------------------------------------------
55	4.250000e-09	8.250000e-01	-2.24310e-09	
56	4.350000e-09	8.250000e-01	2.206902e-09	
57	4.450000e-09	8.250000e-01	-2.17129e-09	
58	4.550000e-09	8.250000e-01	2.136273e-09	
59	4.650000e-09	8.250000e-01	-2.10183e-09	
60	4.750000e-09	8.250000e-01	2.067947e-09	
61	4.850000e-09	8.250000e-01	-2.03462e-09	
62	4.950000e-09	8.250000e-01	2.001849e-09	
63	5.050000e-09	8.250000e-01	-1.96961e-09	
64	5.150000e-09	8.250000e-01	1.937906e-09	
65	5.250000e-09	8.250000e-01	-1.90672e-09	
66	5.350000e-09	8.250000e-01	1.876046e-09	
67	5.450000e-09	8.250000e-01	-1.84588e-09	
68	5.550000e-09	8.250000e-01	1.816202e-09	
69	5.650000e-09	8.250000e-01	-1.78702e-09	
70	5.750000e-09	8.250000e-01	1.758307e-09	
71	5.850000e-09	8.250000e-01	-1.73007e-09	
72	5.950000e-09	8.250000e-01	1.702297e-09	
73	6.050000e-09	8.250000e-01	-1.67498e-09	
74	6.150000e-09	8.250000e-01	1.648110e-09	
75	6.250000e-09	8.250000e-01	-1.62168e-09	
76	6.350000e-09	8.250000e-01	1.595687e-09	
77	6.450000e-09	8.250000e-01	-1.57012e-09	
78	6.550000e-09	8.250000e-01	1.544969e-09	
79	6.650000e-09	8.250000e-01	-1.52023e-09	
80	6.750000e-09	8.250000e-01	1.495900e-09	
81	6.850000e-09	8.250000e-01	-1.47197e-09	
82	6.950000e-09	8.250000e-01	1.448426e-09	
83	7.050000e-09	8.250000e-01	-1.42527e-09	
84	7.150000e-09	8.250000e-01	1.402495e-09	
85	7.250000e-09	8.250000e-01	-1.38009e-09	
86	7.350000e-09	8.250000e-01	1.358056e-09	
87	7.450000e-09	8.250000e-01	-1.33638e-09	
88	7.550000e-09	8.250000e-01	1.315061e-09	
89	7.650000e-09	8.250000e-01	-1.29409e-09	
90	7.750000e-09	8.250000e-01	1.273461e-09	
91	7.850000e-09	8.250000e-01	-1.25317e-09	
92	7.950000e-09	8.250000e-01	1.233211e-09	
93	8.050000e-09	8.250000e-01	-1.21358e-09	
94	8.150000e-09	8.250000e-01	1.194267e-09	
95	8.250000e-09	8.250000e-01	-1.17527e-09	
96	8.350000e-09	8.250000e-01	1.156587e-09	
97	8.450000e-09	8.250000e-01	-1.13821e-09	
98	8.550000e-09	8.250000e-01	1.120127e-09	
99	8.650000e-09	8.250000e-01	-1.10234e-09	
100	8.750000e-09	8.250000e-01	1.084849e-09	
101	8.850000e-09	8.250000e-01	-1.06764e-09	
102	8.950000e-09	8.250000e-01	1.050714e-09	
103	9.050000e-09	8.250000e-01	-1.03406e-09	
104	9.150000e-09	8.250000e-01	1.017684e-09	
105	9.250000e-09	8.250000e-01	-1.00157e-09	
106	9.350000e-09	8.250000e-01	9.857230e-10	
107	9.450000e-09	8.250000e-01	-9.70132e-10	
108	9.550000e-09	8.250000e-01	9.547961e-10	
109	9.650000e-09	8.250000e-01	-9.39710e-10	
110	9.750000e-09	8.250000e-01	9.248693e-10	
111	9.850000e-09	8.250000e-01	-9.10271e-10	
112	9.925000e-09	8.250000e-01	8.911748e-10	

Index   time            v(g)            vg#branch       
--------------------------------------------------------------------------------
113	1.000000e-08	8.250000e-01	-8.72492e-10	
114	1.001000e-08	8.250000e-01	-3.32809e-11	
115	1.003000e-08	8.250000e-01	3.065989e-11	
116	1.007000e-08	8.250000e-01	-2.94295e-11	
117	1.015000e-08	8.250000e-01	2.883324e-11	
118	1.025000e-08	8.250000e-01	-2.83651e-11	
119	1.035000e-08	8.250000e-01	2.790469e-11	
120	1.045000e-08	8.250000e-01	-2.74519e-11	
121	1.055000e-08	8.250000e-01	2.700650e-11	
122	1.065000e-08	8.250000e-01	-2.65685e-11	
123	1.075000e-08	8.250000e-01	2.613768e-11	
124	1.085000e-08	8.250000e-01	-2.57140e-11	
125	1.095000e-08	8.250000e-01	2.529726e-11	
126	1.105000e-08	8.250000e-01	-2.48874e-11	
127	1.115000e-08	8.250000e-01	2.448430e-11	
128	1.125000e-08	8.250000e-01	-2.40878e-11	
129	1.135000e-08	8.250000e-01	2.369791e-11	
130	1.145000e-08	8.250000e-01	-2.33144e-11	
131	1.155000e-08	8.250000e-01	2.293720e-11	
132	1.165000e-08	8.250000e-01	-2.25662e-11	
133	1.175000e-08	8.250000e-01	2.220133e-11	
134	1.185000e-08	8.250000e-01	-2.18425e-11	
135	1.195000e-08	8.250000e-01	2.148948e-11	
136	1.205000e-08	8.250000e-01	-2.11423e-11	
137	1.215000e-08	8.250000e-01	2.080087e-11	
138	1.225000e-08	8.250000e-01	-2.04650e-11	
139	1.235000e-08	8.250000e-01	2.013473e-11	
140	1.245000e-08	8.250000e-01	-1.98099e-11	
141	1.255000e-08	8.250000e-01	1.949033e-11	
142	1.265000e-08	8.250000e-01	-1.91760e-11	
143	1.275000e-08	8.250000e-01	1.886694e-11	
144	1.285000e-08	8.250000e-01	-1.85629e-11	
145	1.295000e-08	8.250000e-01	1.826387e-11	
146	1.305000e-08	8.250000e-01	-1.79698e-11	
147	1.315000e-08	8.250000e-01	1.768047e-11	
148	1.325000e-08	8.250000e-01	-1.73959e-11	
149	1.335000e-08	8.250000e-01	1.711607e-11	
150	1.345000e-08	8.250000e-01	-1.68408e-11	
151	1.355000e-08	8.250000e-01	1.657007e-11	
152	1.365000e-08	8.250000e-01	-1.63038e-11	
153	1.375000e-08	8.250000e-01	1.604185e-11	
154	1.385000e-08	8.250000e-01	-1.57842e-11	
155	1.395000e-08	8.250000e-01	1.553082e-11	
156	1.405000e-08	8.250000e-01	-1.52816e-11	
157	1.415000e-08	8.250000e-01	1.503643e-11	
158	1.425000e-08	8.250000e-01	-1.47953e-11	
159	1.435000e-08	8.250000e-01	1.455813e-11	
160	1.445000e-08	8.250000e-01	-1.43248e-11	
161	1.455000e-08	8.250000e-01	1.409539e-11	
162	1.465000e-08	8.250000e-01	-1.38697e-11	
163	1.475000e-08	8.250000e-01	1.364770e-11	
164	1.485000e-08	8.250000e-01	-1.34293e-11	
165	1.495000e-08	8.250000e-01	1.321456e-11	
166	1.505000e-08	8.250000e-01	-1.30033e-11	
167	1.515000e-08	8.250000e-01	1.279550e-11	
168	1.525000e-08	8.250000e-01	-1.25911e-11	
169	1.535000e-08	8.250000e-01	1.239005e-11	
170	1.545000e-08	8.250000e-01	-1.21923e-11	

Index   time            v(g)            vg#branch       
--------------------------------------------------------------------------------
171	1.555000e-08	8.250000e-01	1.199777e-11	
172	1.565000e-08	8.250000e-01	-1.18064e-11	
173	1.575000e-08	8.250000e-01	1.161822e-11	
174	1.585000e-08	8.250000e-01	-1.14331e-11	
175	1.595000e-08	8.250000e-01	1.125100e-11	
176	1.605000e-08	8.250000e-01	-1.10719e-11	
177	1.615000e-08	8.250000e-01	1.089568e-11	
178	1.625000e-08	8.250000e-01	-1.07224e-11	
179	1.635000e-08	8.250000e-01	1.055189e-11	
180	1.645000e-08	8.250000e-01	-1.03842e-11	
181	1.655000e-08	8.250000e-01	1.021925e-11	
182	1.665000e-08	8.250000e-01	-1.00570e-11	
183	1.675000e-08	8.250000e-01	9.897380e-12	
184	1.685000e-08	8.250000e-01	-9.74038e-12	
185	1.695000e-08	8.250000e-01	9.585940e-12	
186	1.705000e-08	8.250000e-01	-9.43402e-12	
187	1.715000e-08	8.250000e-01	9.284585e-12	
188	1.725000e-08	8.250000e-01	-9.13758e-12	
189	1.735000e-08	8.250000e-01	8.992983e-12	
190	1.745000e-08	8.250000e-01	-8.85074e-12	
191	1.755000e-08	8.250000e-01	8.710816e-12	
192	1.765000e-08	8.250000e-01	-8.57317e-12	
193	1.775000e-08	8.250000e-01	8.437773e-12	
194	1.785000e-08	8.250000e-01	-8.30458e-12	
195	1.795000e-08	8.250000e-01	8.173557e-12	
196	1.805000e-08	8.250000e-01	-8.04467e-12	
197	1.815000e-08	8.250000e-01	7.917878e-12	
198	1.825000e-08	8.250000e-01	-7.79315e-12	
199	1.835000e-08	8.250000e-01	7.670457e-12	
200	1.845000e-08	8.250000e-01	-7.54976e-12	
201	1.855000e-08	8.250000e-01	7.431022e-12	
202	1.865000e-08	8.250000e-01	-7.31422e-12	
203	1.875000e-08	8.250000e-01	7.199314e-12	
204	1.885000e-08	8.250000e-01	-7.08628e-12	
205	1.895000e-08	8.250000e-01	6.975078e-12	
206	1.905000e-08	8.250000e-01	-6.86569e-12	
207	1.915000e-08	8.250000e-01	6.758071e-12	
208	1.925000e-08	8.250000e-01	-6.65220e-12	
209	1.935000e-08	8.250000e-01	6.548056e-12	
210	1.945000e-08	8.250000e-01	-6.44560e-12	
211	1.955000e-08	8.250000e-01	6.344804e-12	
212	1.965000e-08	8.250000e-01	-6.24565e-12	
213	1.975000e-08	8.250000e-01	6.148095e-12	
214	1.985000e-08	8.250000e-01	-6.05213e-12	
215	1.992500e-08	8.250000e-01	5.926581e-12	
216	2.000000e-08	8.250000e-01	-5.80374e-12	


Total analysis time (seconds) = 0.206959

Total elapsed time (seconds) = 0.216 

Total DRAM available = 386307.215 MB.
DRAM currently available = 20638.914 MB.
Maximum ngspice program size =  529.719 MB.
Current ngspice program size =   14.066 MB.

Shared ngspice pages =   12.316 MB.
Text (code) pages =    6.266 MB.
Stack = 0 bytes.
Library pages =   59.137 MB.

