
Note: No compatibility mode selected!


Circuit: * 1t1c ccell=30.0ff

Warning: Model issue on line 7 :
  .model nfet bsimcmg_va type=1 bulkmod=0 bulkmod=0 igcmod=0 igbmod=0 gidl ...
unrecognized parameter (sasatcv) - ignored

Doing analysis at TEMP = 27.000000 and TNOM = 27.000000

Using SPARSE 1.3 as Direct Linear Solver

Initial Transient Solution
--------------------------

Node                                   Voltage
----                                   -------
pre                                     0.4125
bl                                      0.4125
wl                                           0
plate                                        0
s                                            0
cell                                         0
vs#branch                                    0
vpl#branch                                   0
vwl#branch                                   0
vpre#branch                                  0


No. of Data Rows : 832

  Measurements for Transient Analysis


Error: measure  t_read  find(AT) : out of interval
 .measure tran t_read find time when v(cell)=0.412500 cross=1 from=12n to=23n failed!

t_write             =  1.90071e-09
i_hold              =  -4.86092e-10 from=  2.50000e-08 to=  3.50250e-08
q_read              =   1.02963e-19 from=  1.20000e-08 to=  2.20000e-08

                              * 1t1c ccell=30.0ff
                              Transient Analysis  Tue Jun 23 21:12:13  2026
--------------------------------------------------------------------------------
Index   time            v(cell)         v(bl)           vpre#branch     
--------------------------------------------------------------------------------
0	0.000000e+00	0.000000e+00	4.125000e-01	0.000000e+00	
1	5.000000e-13	3.197178e-10	4.124995e-01	-5.28844e-15	
2	1.000000e-12	6.393907e-10	4.124991e-01	-9.34952e-15	
3	2.000000e-12	1.278716e-09	4.124983e-01	-1.74700e-14	
4	4.000000e-12	2.557349e-09	4.124966e-01	-3.37005e-14	
5	8.000000e-12	5.114622e-09	4.124934e-01	-6.61204e-14	
6	1.600000e-11	1.022915e-08	4.124869e-01	-1.30796e-13	
7	3.200000e-11	2.045818e-08	4.124741e-01	-2.59491e-13	
8	6.400000e-11	4.091605e-08	4.124486e-01	-5.14281e-13	
9	1.140000e-10	7.288106e-08	4.124094e-01	-9.05548e-13	
10	1.640000e-10	1.048456e-07	4.123711e-01	-1.28861e-12	
11	2.140000e-10	1.368095e-07	4.123336e-01	-1.66365e-12	
12	2.640000e-10	1.687730e-07	4.122969e-01	-2.03082e-12	
13	3.140000e-10	2.007360e-07	4.122610e-01	-2.39030e-12	
14	3.640000e-10	2.326986e-07	4.122258e-01	-2.74224e-12	
15	4.140000e-10	2.646606e-07	4.121913e-01	-3.08680e-12	
16	4.640000e-10	2.966222e-07	4.121576e-01	-3.42414e-12	
17	5.140000e-10	3.285834e-07	4.121246e-01	-3.75441e-12	
18	5.640000e-10	3.605441e-07	4.120922e-01	-4.07775e-12	
19	6.140000e-10	3.925044e-07	4.120606e-01	-4.39432e-12	
20	6.640000e-10	4.244642e-07	4.120296e-01	-4.70425e-12	
21	7.140000e-10	4.564237e-07	4.119992e-01	-5.00769e-12	
22	7.640000e-10	4.883827e-07	4.119695e-01	-5.30476e-12	
23	8.140000e-10	5.203414e-07	4.119404e-01	-5.59561e-12	
24	8.640000e-10	5.522996e-07	4.119120e-01	-5.88035e-12	
25	9.140000e-10	5.842575e-07	4.118841e-01	-6.15913e-12	
26	9.570000e-10	6.117409e-07	4.118606e-01	-6.39420e-12	
27	1.000000e-09	6.392241e-07	4.118375e-01	-6.62503e-12	
28	1.005000e-09	4.122492e-03	4.118351e-01	-6.64904e-12	
29	1.015000e-09	1.236601e-02	4.118312e-01	-6.68809e-12	
30	1.035000e-09	2.885303e-02	4.118278e-01	-6.72160e-12	
31	1.075000e-09	6.182708e-02	4.118323e-01	-6.67655e-12	
32	1.125000e-09	1.030446e-01	4.118463e-01	-6.53740e-12	
33	1.175000e-09	1.442622e-01	4.118607e-01	-6.39344e-12	
34	1.225000e-09	1.854797e-01	4.118743e-01	-6.25749e-12	
35	1.275000e-09	2.266973e-01	4.118874e-01	-6.12583e-12	
36	1.325000e-09	2.679148e-01	4.119003e-01	-5.99734e-12	
37	1.375000e-09	3.091324e-01	4.119128e-01	-5.87167e-12	
38	1.425000e-09	3.503499e-01	4.119251e-01	-5.74867e-12	
39	1.475000e-09	3.915675e-01	4.119372e-01	-5.62825e-12	
40	1.525000e-09	4.327850e-01	4.119490e-01	-5.51036e-12	
41	1.575000e-09	4.740026e-01	4.119605e-01	-5.39494e-12	
42	1.625000e-09	5.152201e-01	4.119718e-01	-5.28194e-12	
43	1.675000e-09	5.564377e-01	4.119829e-01	-5.17130e-12	
44	1.725000e-09	5.976552e-01	4.119937e-01	-5.06298e-12	
45	1.775000e-09	6.388728e-01	4.120043e-01	-4.95693e-12	
46	1.825000e-09	6.800903e-01	4.120147e-01	-4.85310e-12	
47	1.875000e-09	7.213079e-01	4.120249e-01	-4.75145e-12	
48	1.925000e-09	7.625254e-01	4.120348e-01	-4.65192e-12	
49	1.962500e-09	7.934386e-01	4.120421e-01	-4.57865e-12	
50	2.000000e-09	8.243517e-01	4.120493e-01	-4.50653e-12	
51	2.005000e-09	8.243516e-01	4.120503e-01	-4.49701e-12	
52	2.015000e-09	8.243516e-01	4.120522e-01	-4.47801e-12	
53	2.035000e-09	8.243516e-01	4.120560e-01	-4.44026e-12	
54	2.075000e-09	8.243516e-01	4.120634e-01	-4.36569e-12	

Index   time            v(cell)         v(bl)           vpre#branch     
--------------------------------------------------------------------------------
55	2.125000e-09	8.243516e-01	4.120726e-01	-4.27425e-12	
56	2.175000e-09	8.243516e-01	4.120815e-01	-4.18472e-12	
57	2.225000e-09	8.243516e-01	4.120903e-01	-4.09706e-12	
58	2.275000e-09	8.243516e-01	4.120989e-01	-4.01124e-12	
59	2.325000e-09	8.243516e-01	4.121073e-01	-3.92722e-12	
60	2.375000e-09	8.243516e-01	4.121155e-01	-3.84496e-12	
61	2.425000e-09	8.243516e-01	4.121236e-01	-3.76442e-12	
62	2.475000e-09	8.243516e-01	4.121314e-01	-3.68557e-12	
63	2.525000e-09	8.243516e-01	4.121392e-01	-3.60837e-12	
64	2.575000e-09	8.243516e-01	4.121467e-01	-3.53279e-12	
65	2.625000e-09	8.243516e-01	4.121541e-01	-3.45879e-12	
66	2.675000e-09	8.243516e-01	4.121614e-01	-3.38634e-12	
67	2.725000e-09	8.243516e-01	4.121685e-01	-3.31541e-12	
68	2.775000e-09	8.243516e-01	4.121754e-01	-3.24596e-12	
69	2.825000e-09	8.243516e-01	4.121822e-01	-3.17797e-12	
70	2.875000e-09	8.243516e-01	4.121889e-01	-3.11140e-12	
71	2.925000e-09	8.243516e-01	4.121954e-01	-3.04623e-12	
72	2.975000e-09	8.243516e-01	4.122018e-01	-2.98242e-12	
73	3.025000e-09	8.243516e-01	4.122080e-01	-2.91995e-12	
74	3.075000e-09	8.243516e-01	4.122141e-01	-2.85879e-12	
75	3.125000e-09	8.243516e-01	4.122201e-01	-2.79890e-12	
76	3.175000e-09	8.243516e-01	4.122260e-01	-2.74028e-12	
77	3.225000e-09	8.243516e-01	4.122317e-01	-2.68288e-12	
78	3.275000e-09	8.243516e-01	4.122373e-01	-2.62668e-12	
79	3.325000e-09	8.243516e-01	4.122428e-01	-2.57166e-12	
80	3.375000e-09	8.243516e-01	4.122482e-01	-2.51779e-12	
81	3.425000e-09	8.243516e-01	4.122535e-01	-2.46505e-12	
82	3.475000e-09	8.243516e-01	4.122587e-01	-2.41342e-12	
83	3.525000e-09	8.243516e-01	4.122637e-01	-2.36286e-12	
84	3.575000e-09	8.243516e-01	4.122687e-01	-2.31337e-12	
85	3.625000e-09	8.243516e-01	4.122735e-01	-2.26491e-12	
86	3.675000e-09	8.243516e-01	4.122783e-01	-2.21747e-12	
87	3.725000e-09	8.243516e-01	4.122829e-01	-2.17102e-12	
88	3.775000e-09	8.243516e-01	4.122874e-01	-2.12554e-12	
89	3.825000e-09	8.243516e-01	4.122919e-01	-2.08102e-12	
90	3.875000e-09	8.243516e-01	4.122963e-01	-2.03743e-12	
91	3.925000e-09	8.243516e-01	4.123005e-01	-1.99475e-12	
92	3.975000e-09	8.243516e-01	4.123047e-01	-1.95297e-12	
93	4.025000e-09	8.243516e-01	4.123088e-01	-1.91206e-12	
94	4.075000e-09	8.243516e-01	4.123128e-01	-1.87201e-12	
95	4.125000e-09	8.243516e-01	4.123167e-01	-1.83279e-12	
96	4.175000e-09	8.243516e-01	4.123206e-01	-1.79440e-12	
97	4.225000e-09	8.243516e-01	4.123243e-01	-1.75682e-12	
98	4.275000e-09	8.243516e-01	4.123280e-01	-1.72001e-12	
99	4.325000e-09	8.243516e-01	4.123316e-01	-1.68399e-12	
100	4.375000e-09	8.243516e-01	4.123351e-01	-1.64871e-12	
101	4.425000e-09	8.243516e-01	4.123386e-01	-1.61418e-12	
102	4.475000e-09	8.243516e-01	4.123420e-01	-1.58036e-12	
103	4.525000e-09	8.243516e-01	4.123453e-01	-1.54726e-12	
104	4.575000e-09	8.243516e-01	4.123485e-01	-1.51485e-12	
105	4.625000e-09	8.243516e-01	4.123517e-01	-1.48312e-12	
106	4.675000e-09	8.243516e-01	4.123548e-01	-1.45205e-12	
107	4.725000e-09	8.243516e-01	4.123578e-01	-1.42163e-12	
108	4.775000e-09	8.243516e-01	4.123608e-01	-1.39185e-12	
109	4.825000e-09	8.243516e-01	4.123637e-01	-1.36270e-12	
110	4.875000e-09	8.243516e-01	4.123666e-01	-1.33415e-12	
111	4.925000e-09	8.243516e-01	4.123694e-01	-1.30621e-12	
112	4.975000e-09	8.243516e-01	4.123721e-01	-1.27884e-12	

Index   time            v(cell)         v(bl)           vpre#branch     
--------------------------------------------------------------------------------
113	5.025000e-09	8.243516e-01	4.123748e-01	-1.25206e-12	
114	5.075000e-09	8.243516e-01	4.123774e-01	-1.22583e-12	
115	5.125000e-09	8.243516e-01	4.123800e-01	-1.20015e-12	
116	5.175000e-09	8.243516e-01	4.123825e-01	-1.17501e-12	
117	5.225000e-09	8.243516e-01	4.123850e-01	-1.15040e-12	
118	5.275000e-09	8.243516e-01	4.123874e-01	-1.12630e-12	
119	5.325000e-09	8.243516e-01	4.123897e-01	-1.10270e-12	
120	5.375000e-09	8.243516e-01	4.123920e-01	-1.07961e-12	
121	5.425000e-09	8.243516e-01	4.123943e-01	-1.05699e-12	
122	5.475000e-09	8.243516e-01	4.123965e-01	-1.03485e-12	
123	5.525000e-09	8.243516e-01	4.123987e-01	-1.01317e-12	
124	5.575000e-09	8.243516e-01	4.124008e-01	-9.91946e-13	
125	5.625000e-09	8.243516e-01	4.124029e-01	-9.71167e-13	
126	5.675000e-09	8.243516e-01	4.124049e-01	-9.50823e-13	
127	5.725000e-09	8.243516e-01	4.124069e-01	-9.30905e-13	
128	5.775000e-09	8.243516e-01	4.124089e-01	-9.11405e-13	
129	5.825000e-09	8.243516e-01	4.124108e-01	-8.92313e-13	
130	5.875000e-09	8.243516e-01	4.124126e-01	-8.73620e-13	
131	5.925000e-09	8.243516e-01	4.124145e-01	-8.55320e-13	
132	5.975000e-09	8.243516e-01	4.124163e-01	-8.37402e-13	
133	6.025000e-09	8.243516e-01	4.124180e-01	-8.19860e-13	
134	6.075000e-09	8.243516e-01	4.124197e-01	-8.02685e-13	
135	6.125000e-09	8.243516e-01	4.124214e-01	-7.85870e-13	
136	6.175000e-09	8.243516e-01	4.124231e-01	-7.69407e-13	
137	6.225000e-09	8.243516e-01	4.124247e-01	-7.53290e-13	
138	6.275000e-09	8.243516e-01	4.124262e-01	-7.37509e-13	
139	6.325000e-09	8.243516e-01	4.124278e-01	-7.22059e-13	
140	6.375000e-09	8.243516e-01	4.124293e-01	-7.06933e-13	
141	6.425000e-09	8.243516e-01	4.124308e-01	-6.92124e-13	
142	6.475000e-09	8.243516e-01	4.124322e-01	-6.77625e-13	
143	6.525000e-09	8.243516e-01	4.124337e-01	-6.63429e-13	
144	6.575000e-09	8.243516e-01	4.124350e-01	-6.49531e-13	
145	6.625000e-09	8.243516e-01	4.124364e-01	-6.35924e-13	
146	6.675000e-09	8.243516e-01	4.124377e-01	-6.22602e-13	
147	6.725000e-09	8.243516e-01	4.124390e-01	-6.09559e-13	
148	6.775000e-09	8.243516e-01	4.124403e-01	-5.96789e-13	
149	6.825000e-09	8.243516e-01	4.124416e-01	-5.84287e-13	
150	6.875000e-09	8.243516e-01	4.124428e-01	-5.72047e-13	
151	6.925000e-09	8.243516e-01	4.124440e-01	-5.60063e-13	
152	6.962500e-09	8.243516e-01	4.124449e-01	-5.51240e-13	
153	7.000000e-09	8.243516e-01	4.124457e-01	-5.42556e-13	
154	7.005000e-09	8.037424e-01	4.124459e-01	-5.41410e-13	
155	7.015000e-09	7.625248e-01	4.124461e-01	-5.39122e-13	
156	7.035000e-09	6.800897e-01	4.124465e-01	-5.34576e-13	
157	7.067500e-09	5.461327e-01	4.124473e-01	-5.27270e-13	
158	7.100000e-09	4.121757e-01	4.124480e-01	-5.20064e-13	
159	7.105000e-09	4.121761e-01	4.124481e-01	-5.18965e-13	
160	7.115000e-09	4.121762e-01	4.124483e-01	-5.16773e-13	
161	7.135000e-09	4.121761e-01	4.124488e-01	-5.12416e-13	
162	7.175000e-09	4.121762e-01	4.124496e-01	-5.03811e-13	
163	7.225000e-09	4.121761e-01	4.124507e-01	-4.93258e-13	
164	7.275000e-09	4.121762e-01	4.124517e-01	-4.82927e-13	
165	7.325000e-09	4.121761e-01	4.124527e-01	-4.72811e-13	
166	7.375000e-09	4.121762e-01	4.124537e-01	-4.62908e-13	
167	7.425000e-09	4.121761e-01	4.124547e-01	-4.53212e-13	
168	7.475000e-09	4.121762e-01	4.124556e-01	-4.43719e-13	
169	7.525000e-09	4.121761e-01	4.124566e-01	-4.34425e-13	
170	7.575000e-09	4.121761e-01	4.124575e-01	-4.25325e-13	

Index   time            v(cell)         v(bl)           vpre#branch     
--------------------------------------------------------------------------------
171	7.625000e-09	4.121761e-01	4.124584e-01	-4.16417e-13	
172	7.675000e-09	4.121761e-01	4.124592e-01	-4.07694e-13	
173	7.725000e-09	4.121761e-01	4.124601e-01	-3.99155e-13	
174	7.775000e-09	4.121761e-01	4.124609e-01	-3.90794e-13	
175	7.825000e-09	4.121761e-01	4.124617e-01	-3.82609e-13	
176	7.875000e-09	4.121761e-01	4.124625e-01	-3.74595e-13	
177	7.925000e-09	4.121761e-01	4.124633e-01	-3.66748e-13	
178	7.975000e-09	4.121761e-01	4.124641e-01	-3.59067e-13	
179	8.025000e-09	4.121761e-01	4.124648e-01	-3.51546e-13	
180	8.075000e-09	4.121761e-01	4.124656e-01	-3.44182e-13	
181	8.125000e-09	4.121761e-01	4.124663e-01	-3.36973e-13	
182	8.175000e-09	4.121761e-01	4.124670e-01	-3.29915e-13	
183	8.225000e-09	4.121761e-01	4.124677e-01	-3.23004e-13	
184	8.275000e-09	4.121761e-01	4.124684e-01	-3.16239e-13	
185	8.325000e-09	4.121761e-01	4.124690e-01	-3.09615e-13	
186	8.375000e-09	4.121761e-01	4.124697e-01	-3.03130e-13	
187	8.425000e-09	4.121761e-01	4.124703e-01	-2.96780e-13	
188	8.475000e-09	4.121761e-01	4.124709e-01	-2.90564e-13	
189	8.525000e-09	4.121761e-01	4.124716e-01	-2.84478e-13	
190	8.575000e-09	4.121761e-01	4.124721e-01	-2.78519e-13	
191	8.625000e-09	4.121761e-01	4.124727e-01	-2.72685e-13	
192	8.675000e-09	4.121761e-01	4.124733e-01	-2.66974e-13	
193	8.725000e-09	4.121761e-01	4.124739e-01	-2.61382e-13	
194	8.775000e-09	4.121761e-01	4.124744e-01	-2.55907e-13	
195	8.825000e-09	4.121761e-01	4.124749e-01	-2.50547e-13	
196	8.875000e-09	4.121761e-01	4.124755e-01	-2.45299e-13	
197	8.925000e-09	4.121761e-01	4.124760e-01	-2.40161e-13	
198	8.975000e-09	4.121761e-01	4.124765e-01	-2.35130e-13	
199	9.025000e-09	4.121761e-01	4.124770e-01	-2.30205e-13	
200	9.075000e-09	4.121761e-01	4.124775e-01	-2.25384e-13	
201	9.125000e-09	4.121761e-01	4.124779e-01	-2.20663e-13	
202	9.175000e-09	4.121761e-01	4.124784e-01	-2.16041e-13	
203	9.225000e-09	4.121761e-01	4.124788e-01	-2.11516e-13	
204	9.275000e-09	4.121761e-01	4.124793e-01	-2.07085e-13	
205	9.325000e-09	4.121761e-01	4.124797e-01	-2.02748e-13	
206	9.375000e-09	4.121761e-01	4.124801e-01	-1.98501e-13	
207	9.425000e-09	4.121761e-01	4.124806e-01	-1.94343e-13	
208	9.475000e-09	4.121761e-01	4.124810e-01	-1.90273e-13	
209	9.525000e-09	4.121761e-01	4.124814e-01	-1.86287e-13	
210	9.575000e-09	4.121761e-01	4.124818e-01	-1.82385e-13	
211	9.625000e-09	4.121761e-01	4.124821e-01	-1.78565e-13	
212	9.675000e-09	4.121761e-01	4.124825e-01	-1.74825e-13	
213	9.725000e-09	4.121761e-01	4.124829e-01	-1.71163e-13	
214	9.775000e-09	4.121761e-01	4.124832e-01	-1.67578e-13	
215	9.825000e-09	4.121761e-01	4.124836e-01	-1.64068e-13	
216	9.875000e-09	4.121761e-01	4.124839e-01	-1.60631e-13	
217	9.925000e-09	4.121761e-01	4.124843e-01	-1.57267e-13	
218	9.975000e-09	4.121761e-01	4.124846e-01	-1.53973e-13	
219	1.002500e-08	4.121761e-01	4.124849e-01	-1.50748e-13	
220	1.007500e-08	4.121761e-01	4.124852e-01	-1.47590e-13	
221	1.012500e-08	4.121761e-01	4.124856e-01	-1.44499e-13	
222	1.017500e-08	4.121761e-01	4.124859e-01	-1.41472e-13	
223	1.022500e-08	4.121761e-01	4.124861e-01	-1.38509e-13	
224	1.027500e-08	4.121761e-01	4.124864e-01	-1.35608e-13	
225	1.032500e-08	4.121761e-01	4.124867e-01	-1.32767e-13	
226	1.037500e-08	4.121761e-01	4.124870e-01	-1.29986e-13	
227	1.042500e-08	4.121761e-01	4.124873e-01	-1.27264e-13	
228	1.047500e-08	4.121761e-01	4.124875e-01	-1.24598e-13	

Index   time            v(cell)         v(bl)           vpre#branch     
--------------------------------------------------------------------------------
229	1.052500e-08	4.121761e-01	4.124878e-01	-1.21988e-13	
230	1.057500e-08	4.121761e-01	4.124881e-01	-1.19433e-13	
231	1.062500e-08	4.121761e-01	4.124883e-01	-1.16931e-13	
232	1.067500e-08	4.121761e-01	4.124886e-01	-1.14482e-13	
233	1.072500e-08	4.121761e-01	4.124888e-01	-1.12084e-13	
234	1.077500e-08	4.121761e-01	4.124890e-01	-1.09737e-13	
235	1.082500e-08	4.121761e-01	4.124893e-01	-1.07438e-13	
236	1.087500e-08	4.121761e-01	4.124895e-01	-1.05188e-13	
237	1.092500e-08	4.121761e-01	4.124897e-01	-1.02984e-13	
238	1.096250e-08	4.121761e-01	4.124899e-01	-1.01362e-13	
239	1.100000e-08	4.121761e-01	4.124900e-01	-9.97659e-14	
240	1.100500e-08	4.121793e-01	4.166061e-01	4.106068e-11	
241	1.101500e-08	4.121858e-01	4.248208e-01	1.232077e-10	
242	1.103500e-08	4.121988e-01	4.411463e-01	2.864628e-10	
243	1.107500e-08	4.122247e-01	4.733861e-01	6.088610e-10	
244	1.112500e-08	4.122572e-01	5.129262e-01	1.004262e-09	
245	1.117500e-08	4.122896e-01	5.516380e-01	1.391380e-09	
246	1.122500e-08	4.123221e-01	5.895390e-01	1.770390e-09	
247	1.127500e-08	4.123545e-01	6.266461e-01	2.141461e-09	
248	1.132500e-08	4.123870e-01	6.629758e-01	2.504758e-09	
249	1.137500e-08	4.124194e-01	6.985440e-01	2.860440e-09	
250	1.142500e-08	4.124519e-01	7.333654e-01	3.208654e-09	
251	1.147500e-08	4.124843e-01	7.674514e-01	3.549514e-09	
252	1.152500e-08	4.125168e-01	8.008022e-01	3.883022e-09	
253	1.157500e-08	4.125494e-01	8.333423e-01	4.208423e-09	
254	1.162500e-08	4.125823e-01	8.648154e-01	4.523154e-09	
255	1.167500e-08	4.126164e-01	8.943524e-01	4.818524e-09	
256	1.172500e-08	4.126545e-01	9.189603e-01	5.064603e-09	
257	1.177500e-08	4.127055e-01	9.290076e-01	5.165076e-09	
258	1.182500e-08	4.127942e-01	8.972128e-01	4.847128e-09	
259	1.187500e-08	4.129722e-01	7.654022e-01	3.529022e-09	
260	1.192500e-08	4.132825e-01	4.868005e-01	7.430051e-10	
261	1.196250e-08	4.134385e-01	4.123656e-01	-1.34416e-12	
262	1.200000e-08	4.135200e-01	4.185940e-01	6.093964e-11	
263	1.200500e-08	4.135258e-01	4.152515e-01	2.751538e-11	
264	1.201500e-08	4.135297e-01	4.129773e-01	4.773249e-12	
265	1.203500e-08	4.135282e-01	4.138569e-01	1.356904e-11	
266	1.207500e-08	4.135292e-01	4.132726e-01	7.725851e-12	
267	1.212500e-08	4.135284e-01	4.137342e-01	1.234162e-11	
268	1.217500e-08	4.135290e-01	4.133586e-01	8.585845e-12	
269	1.222500e-08	4.135284e-01	4.136652e-01	1.165211e-11	
270	1.227500e-08	4.135289e-01	4.134155e-01	9.154642e-12	
271	1.232500e-08	4.135285e-01	4.136193e-01	1.119269e-11	
272	1.237500e-08	4.135288e-01	4.134532e-01	9.531770e-12	
273	1.242500e-08	4.135285e-01	4.135887e-01	1.088680e-11	
274	1.247500e-08	4.135287e-01	4.134782e-01	9.781943e-12	
275	1.252500e-08	4.135285e-01	4.135683e-01	1.068319e-11	
276	1.257500e-08	4.135286e-01	4.134948e-01	9.947936e-12	
277	1.262500e-08	4.135285e-01	4.135548e-01	1.054768e-11	
278	1.267500e-08	4.135286e-01	4.135058e-01	1.005807e-11	
279	1.272500e-08	4.135285e-01	4.135457e-01	1.045746e-11	
280	1.277500e-08	4.135285e-01	4.135131e-01	1.013113e-11	
281	1.282500e-08	4.135284e-01	4.135397e-01	1.039736e-11	
282	1.287500e-08	4.135285e-01	4.135180e-01	1.017956e-11	
283	1.292500e-08	4.135284e-01	4.135357e-01	1.035729e-11	
284	1.297500e-08	4.135284e-01	4.135212e-01	1.021164e-11	
285	1.302500e-08	4.135284e-01	4.135331e-01	1.033053e-11	
286	1.307500e-08	4.135284e-01	4.135233e-01	1.023285e-11	

Index   time            v(cell)         v(bl)           vpre#branch     
--------------------------------------------------------------------------------
287	1.312500e-08	4.135284e-01	4.135313e-01	1.031262e-11	
288	1.317500e-08	4.135284e-01	4.135247e-01	1.024684e-11	
289	1.322500e-08	4.135283e-01	4.135301e-01	1.030059e-11	
290	1.327500e-08	4.135283e-01	4.135256e-01	1.025604e-11	
291	1.332500e-08	4.135283e-01	4.135292e-01	1.029247e-11	
292	1.337500e-08	4.135283e-01	4.135262e-01	1.026204e-11	
293	1.342500e-08	4.135283e-01	4.135287e-01	1.028695e-11	
294	1.347500e-08	4.135282e-01	4.135266e-01	1.026593e-11	
295	1.352500e-08	4.135282e-01	4.135283e-01	1.028315e-11	
296	1.357500e-08	4.135282e-01	4.135268e-01	1.026841e-11	
297	1.362500e-08	4.135282e-01	4.135281e-01	1.028051e-11	
298	1.367500e-08	4.135282e-01	4.135270e-01	1.026996e-11	
299	1.372500e-08	4.135282e-01	4.135279e-01	1.027862e-11	
300	1.377500e-08	4.135281e-01	4.135271e-01	1.027088e-11	
301	1.382500e-08	4.135281e-01	4.135277e-01	1.027724e-11	
302	1.387500e-08	4.135281e-01	4.135271e-01	1.027139e-11	
303	1.392500e-08	4.135281e-01	4.135276e-01	1.027620e-11	
304	1.397500e-08	4.135281e-01	4.135272e-01	1.027163e-11	
305	1.402500e-08	4.135281e-01	4.135275e-01	1.027539e-11	
306	1.407500e-08	4.135280e-01	4.135272e-01	1.027168e-11	
307	1.412500e-08	4.135280e-01	4.135275e-01	1.027472e-11	
308	1.417500e-08	4.135280e-01	4.135272e-01	1.027161e-11	
309	1.422500e-08	4.135280e-01	4.135274e-01	1.027415e-11	
310	1.427500e-08	4.135280e-01	4.135271e-01	1.027146e-11	
311	1.432500e-08	4.135280e-01	4.135274e-01	1.027365e-11	
312	1.437500e-08	4.135279e-01	4.135271e-01	1.027125e-11	
313	1.442500e-08	4.135279e-01	4.135273e-01	1.027320e-11	
314	1.447500e-08	4.135279e-01	4.135271e-01	1.027101e-11	
315	1.452500e-08	4.135279e-01	4.135273e-01	1.027277e-11	
316	1.457500e-08	4.135279e-01	4.135271e-01	1.027074e-11	
317	1.462500e-08	4.135279e-01	4.135272e-01	1.027237e-11	
318	1.467500e-08	4.135278e-01	4.135270e-01	1.027045e-11	
319	1.472500e-08	4.135278e-01	4.135272e-01	1.027197e-11	
320	1.477500e-08	4.135278e-01	4.135270e-01	1.027016e-11	
321	1.482500e-08	4.135278e-01	4.135272e-01	1.027159e-11	
322	1.487500e-08	4.135278e-01	4.135270e-01	1.026986e-11	
323	1.492500e-08	4.135278e-01	4.135271e-01	1.027121e-11	
324	1.497500e-08	4.135277e-01	4.135270e-01	1.026955e-11	
325	1.502500e-08	4.135277e-01	4.135271e-01	1.027084e-11	
326	1.507500e-08	4.135277e-01	4.135269e-01	1.026924e-11	
327	1.512500e-08	4.135277e-01	4.135270e-01	1.027047e-11	
328	1.517500e-08	4.135277e-01	4.135269e-01	1.026892e-11	
329	1.522500e-08	4.135277e-01	4.135270e-01	1.027011e-11	
330	1.527500e-08	4.135276e-01	4.135269e-01	1.026860e-11	
331	1.532500e-08	4.135276e-01	4.135270e-01	1.026974e-11	
332	1.537500e-08	4.135276e-01	4.135268e-01	1.026829e-11	
333	1.542500e-08	4.135276e-01	4.135269e-01	1.026938e-11	
334	1.547500e-08	4.135276e-01	4.135268e-01	1.026797e-11	
335	1.552500e-08	4.135275e-01	4.135269e-01	1.026902e-11	
336	1.557500e-08	4.135275e-01	4.135268e-01	1.026764e-11	
337	1.562500e-08	4.135275e-01	4.135269e-01	1.026866e-11	
338	1.567500e-08	4.135275e-01	4.135267e-01	1.026732e-11	
339	1.572500e-08	4.135275e-01	4.135268e-01	1.026830e-11	
340	1.577500e-08	4.135275e-01	4.135267e-01	1.026700e-11	
341	1.582500e-08	4.135274e-01	4.135268e-01	1.026794e-11	
342	1.587500e-08	4.135274e-01	4.135267e-01	1.026668e-11	
343	1.592500e-08	4.135274e-01	4.135268e-01	1.026758e-11	
344	1.597500e-08	4.135274e-01	4.135266e-01	1.026635e-11	

Index   time            v(cell)         v(bl)           vpre#branch     
--------------------------------------------------------------------------------
345	1.602500e-08	4.135274e-01	4.135267e-01	1.026722e-11	
346	1.607500e-08	4.135274e-01	4.135266e-01	1.026603e-11	
347	1.612500e-08	4.135273e-01	4.135267e-01	1.026687e-11	
348	1.617500e-08	4.135273e-01	4.135266e-01	1.026571e-11	
349	1.622500e-08	4.135273e-01	4.135267e-01	1.026651e-11	
350	1.627500e-08	4.135273e-01	4.135265e-01	1.026538e-11	
351	1.632500e-08	4.135273e-01	4.135266e-01	1.026615e-11	
352	1.637500e-08	4.135273e-01	4.135265e-01	1.026505e-11	
353	1.642500e-08	4.135272e-01	4.135266e-01	1.026580e-11	
354	1.647500e-08	4.135272e-01	4.135265e-01	1.026473e-11	
355	1.652500e-08	4.135272e-01	4.135265e-01	1.026544e-11	
356	1.657500e-08	4.135272e-01	4.135264e-01	1.026440e-11	
357	1.662500e-08	4.135272e-01	4.135265e-01	1.026509e-11	
358	1.667500e-08	4.135272e-01	4.135264e-01	1.026407e-11	
359	1.672500e-08	4.135271e-01	4.135265e-01	1.026473e-11	
360	1.677500e-08	4.135271e-01	4.135264e-01	1.026375e-11	
361	1.682500e-08	4.135271e-01	4.135264e-01	1.026438e-11	
362	1.687500e-08	4.135271e-01	4.135263e-01	1.026342e-11	
363	1.692500e-08	4.135271e-01	4.135264e-01	1.026403e-11	
364	1.697500e-08	4.135271e-01	4.135263e-01	1.026309e-11	
365	1.702500e-08	4.135270e-01	4.135264e-01	1.026367e-11	
366	1.707500e-08	4.135270e-01	4.135263e-01	1.026276e-11	
367	1.712500e-08	4.135270e-01	4.135263e-01	1.026332e-11	
368	1.717500e-08	4.135270e-01	4.135262e-01	1.026243e-11	
369	1.722500e-08	4.135270e-01	4.135263e-01	1.026297e-11	
370	1.727500e-08	4.135270e-01	4.135262e-01	1.026210e-11	
371	1.732500e-08	4.135269e-01	4.135263e-01	1.026262e-11	
372	1.737500e-08	4.135269e-01	4.135262e-01	1.026177e-11	
373	1.742500e-08	4.135269e-01	4.135262e-01	1.026226e-11	
374	1.747500e-08	4.135269e-01	4.135261e-01	1.026144e-11	
375	1.752500e-08	4.135269e-01	4.135262e-01	1.026191e-11	
376	1.757500e-08	4.135268e-01	4.135261e-01	1.026111e-11	
377	1.762500e-08	4.135268e-01	4.135262e-01	1.026156e-11	
378	1.767500e-08	4.135268e-01	4.135261e-01	1.026078e-11	
379	1.772500e-08	4.135268e-01	4.135261e-01	1.026121e-11	
380	1.777500e-08	4.135268e-01	4.135260e-01	1.026045e-11	
381	1.782500e-08	4.135268e-01	4.135261e-01	1.026086e-11	
382	1.787500e-08	4.135267e-01	4.135260e-01	1.026012e-11	
383	1.792500e-08	4.135267e-01	4.135261e-01	1.026051e-11	
384	1.797500e-08	4.135267e-01	4.135260e-01	1.025979e-11	
385	1.802500e-08	4.135267e-01	4.135260e-01	1.026016e-11	
386	1.807500e-08	4.135267e-01	4.135259e-01	1.025945e-11	
387	1.812500e-08	4.135267e-01	4.135260e-01	1.025981e-11	
388	1.817500e-08	4.135266e-01	4.135259e-01	1.025912e-11	
389	1.822500e-08	4.135266e-01	4.135259e-01	1.025946e-11	
390	1.827500e-08	4.135266e-01	4.135259e-01	1.025879e-11	
391	1.832500e-08	4.135266e-01	4.135259e-01	1.025911e-11	
392	1.837500e-08	4.135266e-01	4.135258e-01	1.025846e-11	
393	1.842500e-08	4.135266e-01	4.135259e-01	1.025877e-11	
394	1.847500e-08	4.135265e-01	4.135258e-01	1.025812e-11	
395	1.852500e-08	4.135265e-01	4.135258e-01	1.025842e-11	
396	1.857500e-08	4.135265e-01	4.135258e-01	1.025779e-11	
397	1.862500e-08	4.135265e-01	4.135258e-01	1.025807e-11	
398	1.867500e-08	4.135265e-01	4.135257e-01	1.025746e-11	
399	1.872500e-08	4.135265e-01	4.135258e-01	1.025772e-11	
400	1.877500e-08	4.135264e-01	4.135257e-01	1.025712e-11	
401	1.882500e-08	4.135264e-01	4.135257e-01	1.025737e-11	
402	1.887500e-08	4.135264e-01	4.135257e-01	1.025679e-11	

Index   time            v(cell)         v(bl)           vpre#branch     
--------------------------------------------------------------------------------
403	1.892500e-08	4.135264e-01	4.135257e-01	1.025703e-11	
404	1.897500e-08	4.135264e-01	4.135256e-01	1.025646e-11	
405	1.902500e-08	4.135264e-01	4.135257e-01	1.025668e-11	
406	1.907500e-08	4.135263e-01	4.135256e-01	1.025612e-11	
407	1.912500e-08	4.135263e-01	4.135256e-01	1.025633e-11	
408	1.917500e-08	4.135263e-01	4.135256e-01	1.025579e-11	
409	1.922500e-08	4.135263e-01	4.135256e-01	1.025599e-11	
410	1.927500e-08	4.135263e-01	4.135255e-01	1.025545e-11	
411	1.932500e-08	4.135263e-01	4.135256e-01	1.025564e-11	
412	1.937500e-08	4.135262e-01	4.135255e-01	1.025512e-11	
413	1.942500e-08	4.135262e-01	4.135255e-01	1.025529e-11	
414	1.947500e-08	4.135262e-01	4.135255e-01	1.025478e-11	
415	1.952500e-08	4.135262e-01	4.135255e-01	1.025495e-11	
416	1.957500e-08	4.135262e-01	4.135254e-01	1.025445e-11	
417	1.962500e-08	4.135261e-01	4.135255e-01	1.025460e-11	
418	1.967500e-08	4.135261e-01	4.135254e-01	1.025411e-11	
419	1.972500e-08	4.135261e-01	4.135254e-01	1.025426e-11	
420	1.977500e-08	4.135261e-01	4.135254e-01	1.025378e-11	
421	1.982500e-08	4.135261e-01	4.135254e-01	1.025391e-11	
422	1.987500e-08	4.135261e-01	4.135253e-01	1.025344e-11	
423	1.992500e-08	4.135260e-01	4.135254e-01	1.025357e-11	
424	1.997500e-08	4.135260e-01	4.135253e-01	1.025310e-11	
425	2.002500e-08	4.135260e-01	4.135253e-01	1.025322e-11	
426	2.007500e-08	4.135260e-01	4.135253e-01	1.025277e-11	
427	2.012500e-08	4.135260e-01	4.135253e-01	1.025288e-11	
428	2.017500e-08	4.135260e-01	4.135252e-01	1.025243e-11	
429	2.022500e-08	4.135259e-01	4.135253e-01	1.025253e-11	
430	2.027500e-08	4.135259e-01	4.135252e-01	1.025210e-11	
431	2.032500e-08	4.135259e-01	4.135252e-01	1.025219e-11	
432	2.037500e-08	4.135259e-01	4.135252e-01	1.025176e-11	
433	2.042500e-08	4.135259e-01	4.135252e-01	1.025184e-11	
434	2.047500e-08	4.135259e-01	4.135251e-01	1.025142e-11	
435	2.052500e-08	4.135258e-01	4.135251e-01	1.025150e-11	
436	2.057500e-08	4.135258e-01	4.135251e-01	1.025109e-11	
437	2.062500e-08	4.135258e-01	4.135251e-01	1.025115e-11	
438	2.067500e-08	4.135258e-01	4.135251e-01	1.025075e-11	
439	2.072500e-08	4.135258e-01	4.135251e-01	1.025081e-11	
440	2.077500e-08	4.135258e-01	4.135250e-01	1.025041e-11	
441	2.082500e-08	4.135257e-01	4.135250e-01	1.025047e-11	
442	2.087500e-08	4.135257e-01	4.135250e-01	1.025008e-11	
443	2.092500e-08	4.135257e-01	4.135250e-01	1.025012e-11	
444	2.097500e-08	4.135257e-01	4.135250e-01	1.024974e-11	
445	2.102500e-08	4.135257e-01	4.135250e-01	1.024978e-11	
446	2.107500e-08	4.135257e-01	4.135249e-01	1.024940e-11	
447	2.112500e-08	4.135256e-01	4.135249e-01	1.024943e-11	
448	2.117500e-08	4.135256e-01	4.135249e-01	1.024907e-11	
449	2.122500e-08	4.135256e-01	4.135249e-01	1.024909e-11	
450	2.127500e-08	4.135256e-01	4.135249e-01	1.024873e-11	
451	2.132500e-08	4.135256e-01	4.135249e-01	1.024875e-11	
452	2.137500e-08	4.135256e-01	4.135248e-01	1.024839e-11	
453	2.142500e-08	4.135255e-01	4.135248e-01	1.024840e-11	
454	2.147500e-08	4.135255e-01	4.135248e-01	1.024805e-11	
455	2.152500e-08	4.135255e-01	4.135248e-01	1.024806e-11	
456	2.157500e-08	4.135255e-01	4.135248e-01	1.024772e-11	
457	2.162500e-08	4.135255e-01	4.135248e-01	1.024772e-11	
458	2.167500e-08	4.135255e-01	4.135247e-01	1.024738e-11	
459	2.172500e-08	4.135254e-01	4.135247e-01	1.024737e-11	
460	2.177500e-08	4.135254e-01	4.135247e-01	1.024704e-11	

Index   time            v(cell)         v(bl)           vpre#branch     
--------------------------------------------------------------------------------
461	2.182500e-08	4.135254e-01	4.135247e-01	1.024703e-11	
462	2.187500e-08	4.135254e-01	4.135247e-01	1.024670e-11	
463	2.192500e-08	4.135254e-01	4.135247e-01	1.024669e-11	
464	2.196250e-08	4.135254e-01	4.135246e-01	1.024641e-11	
465	2.200000e-08	4.135253e-01	4.135246e-01	1.024643e-11	
466	2.200500e-08	4.135160e-01	4.117746e-01	-7.25369e-12	
467	2.201500e-08	4.134933e-01	4.104359e-01	-2.06413e-11	
468	2.203500e-08	4.134444e-01	4.105322e-01	-1.96783e-11	
469	2.207500e-08	4.133552e-01	4.090745e-01	-3.42549e-11	
470	2.212500e-08	4.132562e-01	4.071266e-01	-5.37339e-11	
471	2.217500e-08	4.131751e-01	4.018262e-01	-1.06738e-10	
472	2.222500e-08	4.131091e-01	3.918489e-01	-2.06511e-10	
473	2.227500e-08	4.130556e-01	3.738950e-01	-3.86050e-10	
474	2.232500e-08	4.130093e-01	3.495562e-01	-6.29438e-10	
475	2.237500e-08	4.129673e-01	3.213239e-01	-9.11761e-10	
476	2.242500e-08	4.129277e-01	2.908951e-01	-1.21605e-09	
477	2.247500e-08	4.128898e-01	2.592056e-01	-1.53294e-09	
478	2.252500e-08	4.128530e-01	2.267986e-01	-1.85701e-09	
479	2.257500e-08	4.128171e-01	1.940160e-01	-2.18484e-09	
480	2.262500e-08	4.127819e-01	1.610885e-01	-2.51411e-09	
481	2.267500e-08	4.127473e-01	1.281814e-01	-2.84319e-09	
482	2.272500e-08	4.127131e-01	9.541867e-02	-3.17081e-09	
483	2.277500e-08	4.126793e-01	6.286695e-02	-3.49633e-09	
484	2.282500e-08	4.126458e-01	3.060878e-02	-3.81891e-09	
485	2.287500e-08	4.126125e-01	-1.23787e-03	-4.13738e-09	
486	2.292500e-08	4.125795e-01	-3.26482e-02	-4.45148e-09	
487	2.296250e-08	4.125548e-01	-5.59081e-02	-4.68408e-09	
488	2.300000e-08	4.125302e-01	-7.88823e-02	-4.91382e-09	
489	2.300500e-08	4.125300e-01	-7.78038e-02	-4.90304e-09	
490	2.301500e-08	4.125300e-01	-7.56540e-02	-4.88154e-09	
491	2.303500e-08	4.125298e-01	-7.13965e-02	-4.83896e-09	
492	2.307500e-08	4.125296e-01	-6.30356e-02	-4.75536e-09	
493	2.312500e-08	4.125295e-01	-5.28500e-02	-4.65350e-09	
494	2.317500e-08	4.125293e-01	-4.29362e-02	-4.55436e-09	
495	2.322500e-08	4.125292e-01	-3.32726e-02	-4.45773e-09	
496	2.327500e-08	4.125291e-01	-2.38422e-02	-4.36342e-09	
497	2.332500e-08	4.125291e-01	-1.46338e-02	-4.27134e-09	
498	2.337500e-08	4.125290e-01	-5.63641e-03	-4.18136e-09	
499	2.342500e-08	4.125290e-01	3.160760e-03	-4.09339e-09	
500	2.347500e-08	4.125290e-01	1.176480e-02	-4.00735e-09	
501	2.352500e-08	4.125290e-01	2.018190e-02	-3.92318e-09	
502	2.357500e-08	4.125289e-01	2.841757e-02	-3.84082e-09	
503	2.362500e-08	4.125289e-01	3.647682e-02	-3.76023e-09	
504	2.367500e-08	4.125289e-01	4.436423e-02	-3.68136e-09	
505	2.372500e-08	4.125289e-01	5.208411e-02	-3.60416e-09	
506	2.377500e-08	4.125289e-01	5.964046e-02	-3.52860e-09	
507	2.382500e-08	4.125289e-01	6.703712e-02	-3.45463e-09	
508	2.387500e-08	4.125289e-01	7.427773e-02	-3.38222e-09	
509	2.392500e-08	4.125289e-01	8.136580e-02	-3.31134e-09	
510	2.397500e-08	4.125289e-01	8.830471e-02	-3.24195e-09	
511	2.402500e-08	4.125289e-01	9.509772e-02	-3.17402e-09	
512	2.407500e-08	4.125289e-01	1.017480e-01	-3.10752e-09	
513	2.412500e-08	4.125289e-01	1.082586e-01	-3.04241e-09	
514	2.417500e-08	4.125289e-01	1.146326e-01	-2.97867e-09	
515	2.422500e-08	4.125289e-01	1.208728e-01	-2.91627e-09	
516	2.427500e-08	4.125289e-01	1.269822e-01	-2.85518e-09	
517	2.432500e-08	4.125289e-01	1.329634e-01	-2.79537e-09	
518	2.437500e-08	4.125289e-01	1.388192e-01	-2.73681e-09	

Index   time            v(cell)         v(bl)           vpre#branch     
--------------------------------------------------------------------------------
519	2.442500e-08	4.125289e-01	1.445522e-01	-2.67948e-09	
520	2.447500e-08	4.125289e-01	1.501651e-01	-2.62335e-09	
521	2.452500e-08	4.125289e-01	1.556603e-01	-2.56840e-09	
522	2.457500e-08	4.125289e-01	1.610404e-01	-2.51460e-09	
523	2.462500e-08	4.125289e-01	1.663078e-01	-2.46192e-09	
524	2.467500e-08	4.125289e-01	1.714647e-01	-2.41035e-09	
525	2.472500e-08	4.125289e-01	1.765137e-01	-2.35986e-09	
526	2.477500e-08	4.125289e-01	1.814568e-01	-2.31043e-09	
527	2.482500e-08	4.125289e-01	1.862964e-01	-2.26204e-09	
528	2.487500e-08	4.125289e-01	1.910345e-01	-2.21465e-09	
529	2.492500e-08	4.125289e-01	1.956735e-01	-2.16827e-09	
530	2.497500e-08	4.125289e-01	2.002152e-01	-2.12285e-09	
531	2.502500e-08	4.125289e-01	2.046618e-01	-2.07838e-09	
532	2.507500e-08	4.125289e-01	2.090152e-01	-2.03485e-09	
533	2.512500e-08	4.125289e-01	2.132775e-01	-1.99223e-09	
534	2.517500e-08	4.125289e-01	2.174504e-01	-1.95050e-09	
535	2.522500e-08	4.125289e-01	2.215360e-01	-1.90964e-09	
536	2.527500e-08	4.125289e-01	2.255360e-01	-1.86964e-09	
537	2.532500e-08	4.125289e-01	2.294521e-01	-1.83048e-09	
538	2.537500e-08	4.125289e-01	2.332863e-01	-1.79214e-09	
539	2.542500e-08	4.125289e-01	2.370401e-01	-1.75460e-09	
540	2.547500e-08	4.125289e-01	2.407153e-01	-1.71785e-09	
541	2.552500e-08	4.125289e-01	2.443135e-01	-1.68186e-09	
542	2.557500e-08	4.125289e-01	2.478364e-01	-1.64664e-09	
543	2.562500e-08	4.125289e-01	2.512854e-01	-1.61215e-09	
544	2.567500e-08	4.125289e-01	2.546623e-01	-1.57838e-09	
545	2.572500e-08	4.125289e-01	2.579683e-01	-1.54532e-09	
546	2.577500e-08	4.125289e-01	2.612052e-01	-1.51295e-09	
547	2.582500e-08	4.125289e-01	2.643742e-01	-1.48126e-09	
548	2.587500e-08	4.125289e-01	2.674768e-01	-1.45023e-09	
549	2.592500e-08	4.125289e-01	2.705145e-01	-1.41986e-09	
550	2.597500e-08	4.125289e-01	2.734885e-01	-1.39011e-09	
551	2.602500e-08	4.125289e-01	2.764003e-01	-1.36100e-09	
552	2.607500e-08	4.125289e-01	2.792510e-01	-1.33249e-09	
553	2.612500e-08	4.125289e-01	2.820420e-01	-1.30458e-09	
554	2.617500e-08	4.125289e-01	2.847746e-01	-1.27725e-09	
555	2.622500e-08	4.125289e-01	2.874500e-01	-1.25050e-09	
556	2.627500e-08	4.125289e-01	2.900693e-01	-1.22431e-09	
557	2.632500e-08	4.125289e-01	2.926337e-01	-1.19866e-09	
558	2.637500e-08	4.125289e-01	2.951444e-01	-1.17356e-09	
559	2.642500e-08	4.125289e-01	2.976025e-01	-1.14897e-09	
560	2.647500e-08	4.125289e-01	3.000092e-01	-1.12491e-09	
561	2.652500e-08	4.125289e-01	3.023654e-01	-1.10135e-09	
562	2.657500e-08	4.125289e-01	3.046723e-01	-1.07828e-09	
563	2.662500e-08	4.125289e-01	3.069308e-01	-1.05569e-09	
564	2.667500e-08	4.125289e-01	3.091421e-01	-1.03358e-09	
565	2.672500e-08	4.125289e-01	3.113070e-01	-1.01193e-09	
566	2.677500e-08	4.125289e-01	3.134266e-01	-9.90734e-10	
567	2.682500e-08	4.125289e-01	3.155018e-01	-9.69982e-10	
568	2.687500e-08	4.125289e-01	3.175335e-01	-9.49665e-10	
569	2.692500e-08	4.125289e-01	3.195227e-01	-9.29773e-10	
570	2.697500e-08	4.125289e-01	3.214702e-01	-9.10298e-10	
571	2.702500e-08	4.125289e-01	3.233769e-01	-8.91231e-10	
572	2.707500e-08	4.125289e-01	3.252437e-01	-8.72563e-10	
573	2.712500e-08	4.125289e-01	3.270713e-01	-8.54287e-10	
574	2.717500e-08	4.125289e-01	3.288607e-01	-8.36393e-10	
575	2.722500e-08	4.125289e-01	3.306126e-01	-8.18874e-10	
576	2.727500e-08	4.125289e-01	3.323278e-01	-8.01722e-10	

Index   time            v(cell)         v(bl)           vpre#branch     
--------------------------------------------------------------------------------
577	2.732500e-08	4.125289e-01	3.340071e-01	-7.84929e-10	
578	2.737500e-08	4.125289e-01	3.356512e-01	-7.68488e-10	
579	2.742500e-08	4.125289e-01	3.372609e-01	-7.52391e-10	
580	2.747500e-08	4.125289e-01	3.388369e-01	-7.36631e-10	
581	2.752500e-08	4.125289e-01	3.403798e-01	-7.21202e-10	
582	2.757500e-08	4.125289e-01	3.418904e-01	-7.06096e-10	
583	2.762500e-08	4.125289e-01	3.433694e-01	-6.91306e-10	
584	2.767500e-08	4.125289e-01	3.448174e-01	-6.76826e-10	
585	2.772500e-08	4.125289e-01	3.462351e-01	-6.62649e-10	
586	2.777500e-08	4.125289e-01	3.476231e-01	-6.48769e-10	
587	2.782500e-08	4.125289e-01	3.489820e-01	-6.35180e-10	
588	2.787500e-08	4.125289e-01	3.503124e-01	-6.21876e-10	
589	2.792500e-08	4.125289e-01	3.516150e-01	-6.08850e-10	
590	2.797500e-08	4.125289e-01	3.528903e-01	-5.96097e-10	
591	2.802500e-08	4.125289e-01	3.541389e-01	-5.83611e-10	
592	2.807500e-08	4.125289e-01	3.553613e-01	-5.71387e-10	
593	2.812500e-08	4.125289e-01	3.565581e-01	-5.59419e-10	
594	2.817500e-08	4.125289e-01	3.577299e-01	-5.47701e-10	
595	2.822500e-08	4.125289e-01	3.588771e-01	-5.36229e-10	
596	2.827500e-08	4.125289e-01	3.600003e-01	-5.24997e-10	
597	2.832500e-08	4.125289e-01	3.611000e-01	-5.14000e-10	
598	2.837500e-08	4.125289e-01	3.621766e-01	-5.03234e-10	
599	2.842500e-08	4.125289e-01	3.632306e-01	-4.92694e-10	
600	2.847500e-08	4.125289e-01	3.642626e-01	-4.82374e-10	
601	2.852500e-08	4.125289e-01	3.652730e-01	-4.72270e-10	
602	2.857500e-08	4.125289e-01	3.662622e-01	-4.62378e-10	
603	2.862500e-08	4.125289e-01	3.672307e-01	-4.52693e-10	
604	2.867500e-08	4.125289e-01	3.681789e-01	-4.43211e-10	
605	2.872500e-08	4.125289e-01	3.691073e-01	-4.33927e-10	
606	2.877500e-08	4.125289e-01	3.700162e-01	-4.24838e-10	
607	2.882500e-08	4.125289e-01	3.709061e-01	-4.15939e-10	
608	2.887500e-08	4.125289e-01	3.717773e-01	-4.07227e-10	
609	2.892500e-08	4.125289e-01	3.726303e-01	-3.98697e-10	
610	2.897500e-08	4.125289e-01	3.734654e-01	-3.90346e-10	
611	2.902500e-08	4.125289e-01	3.742830e-01	-3.82170e-10	
612	2.907500e-08	4.125289e-01	3.750835e-01	-3.74165e-10	
613	2.912500e-08	4.125289e-01	3.758672e-01	-3.66328e-10	
614	2.917500e-08	4.125289e-01	3.766345e-01	-3.58655e-10	
615	2.922500e-08	4.125289e-01	3.773857e-01	-3.51143e-10	
616	2.927500e-08	4.125289e-01	3.781212e-01	-3.43788e-10	
617	2.932500e-08	4.125289e-01	3.788413e-01	-3.36587e-10	
618	2.937500e-08	4.125289e-01	3.795464e-01	-3.29536e-10	
619	2.942500e-08	4.125289e-01	3.802366e-01	-3.22634e-10	
620	2.947500e-08	4.125289e-01	3.809124e-01	-3.15876e-10	
621	2.952500e-08	4.125289e-01	3.815740e-01	-3.09260e-10	
622	2.957500e-08	4.125289e-01	3.822218e-01	-3.02782e-10	
623	2.962500e-08	4.125289e-01	3.828560e-01	-2.96440e-10	
624	2.967500e-08	4.125289e-01	3.834769e-01	-2.90231e-10	
625	2.972500e-08	4.125289e-01	3.840848e-01	-2.84152e-10	
626	2.977500e-08	4.125289e-01	3.846800e-01	-2.78200e-10	
627	2.982500e-08	4.125289e-01	3.852627e-01	-2.72373e-10	
628	2.987500e-08	4.125289e-01	3.858332e-01	-2.66668e-10	
629	2.992500e-08	4.125289e-01	3.863918e-01	-2.61082e-10	
630	2.997500e-08	4.125289e-01	3.869387e-01	-2.55613e-10	
631	3.002500e-08	4.125289e-01	3.874741e-01	-2.50259e-10	
632	3.007500e-08	4.125289e-01	3.879983e-01	-2.45017e-10	
633	3.012500e-08	4.125289e-01	3.885115e-01	-2.39885e-10	
634	3.017500e-08	4.125289e-01	3.890139e-01	-2.34861e-10	

Index   time            v(cell)         v(bl)           vpre#branch     
--------------------------------------------------------------------------------
635	3.022500e-08	4.125289e-01	3.895059e-01	-2.29941e-10	
636	3.027500e-08	4.125289e-01	3.899875e-01	-2.25125e-10	
637	3.032500e-08	4.125289e-01	3.904591e-01	-2.20409e-10	
638	3.037500e-08	4.125289e-01	3.909207e-01	-2.15793e-10	
639	3.042500e-08	4.125289e-01	3.913727e-01	-2.11273e-10	
640	3.047500e-08	4.125289e-01	3.918153e-01	-2.06847e-10	
641	3.052500e-08	4.125289e-01	3.922485e-01	-2.02515e-10	
642	3.057500e-08	4.125289e-01	3.926727e-01	-1.98273e-10	
643	3.062500e-08	4.125289e-01	3.930880e-01	-1.94120e-10	
644	3.067500e-08	4.125289e-01	3.934946e-01	-1.90054e-10	
645	3.072500e-08	4.125289e-01	3.938927e-01	-1.86073e-10	
646	3.077500e-08	4.125289e-01	3.942824e-01	-1.82176e-10	
647	3.082500e-08	4.125289e-01	3.946640e-01	-1.78360e-10	
648	3.087500e-08	4.125289e-01	3.950376e-01	-1.74624e-10	
649	3.092500e-08	4.125289e-01	3.954034e-01	-1.70966e-10	
650	3.097500e-08	4.125289e-01	3.957615e-01	-1.67385e-10	
651	3.102500e-08	4.125289e-01	3.961121e-01	-1.63879e-10	
652	3.107500e-08	4.125289e-01	3.964554e-01	-1.60446e-10	
653	3.112500e-08	4.125289e-01	3.967914e-01	-1.57086e-10	
654	3.117500e-08	4.125289e-01	3.971205e-01	-1.53795e-10	
655	3.122500e-08	4.125289e-01	3.974426e-01	-1.50574e-10	
656	3.127500e-08	4.125289e-01	3.977580e-01	-1.47420e-10	
657	3.132500e-08	4.125289e-01	3.980668e-01	-1.44332e-10	
658	3.137500e-08	4.125289e-01	3.983691e-01	-1.41309e-10	
659	3.142500e-08	4.125289e-01	3.986651e-01	-1.38349e-10	
660	3.147500e-08	4.125289e-01	3.989549e-01	-1.35451e-10	
661	3.152500e-08	4.125289e-01	3.992386e-01	-1.32614e-10	
662	3.157500e-08	4.125289e-01	3.995164e-01	-1.29836e-10	
663	3.162500e-08	4.125289e-01	3.997883e-01	-1.27117e-10	
664	3.167500e-08	4.125289e-01	4.000546e-01	-1.24454e-10	
665	3.172500e-08	4.125289e-01	4.003152e-01	-1.21848e-10	
666	3.177500e-08	4.125289e-01	4.005705e-01	-1.19295e-10	
667	3.182500e-08	4.125289e-01	4.008203e-01	-1.16797e-10	
668	3.187500e-08	4.125289e-01	4.010650e-01	-1.14350e-10	
669	3.192500e-08	4.125289e-01	4.013045e-01	-1.11955e-10	
670	3.197500e-08	4.125289e-01	4.015390e-01	-1.09610e-10	
671	3.202500e-08	4.125289e-01	4.017686e-01	-1.07314e-10	
672	3.207500e-08	4.125289e-01	4.019934e-01	-1.05066e-10	
673	3.212500e-08	4.125289e-01	4.022134e-01	-1.02866e-10	
674	3.217500e-08	4.125289e-01	4.024289e-01	-1.00711e-10	
675	3.222500e-08	4.125289e-01	4.026399e-01	-9.86015e-11	
676	3.227500e-08	4.125289e-01	4.028464e-01	-9.65362e-11	
677	3.232500e-08	4.125289e-01	4.030486e-01	-9.45141e-11	
678	3.237500e-08	4.125289e-01	4.032466e-01	-9.25344e-11	
679	3.242500e-08	4.125289e-01	4.034404e-01	-9.05962e-11	
680	3.247500e-08	4.125289e-01	4.036301e-01	-8.86986e-11	
681	3.252500e-08	4.125289e-01	4.038159e-01	-8.68407e-11	
682	3.257500e-08	4.125289e-01	4.039978e-01	-8.50218e-11	
683	3.262500e-08	4.125289e-01	4.041759e-01	-8.32409e-11	
684	3.267500e-08	4.125289e-01	4.043503e-01	-8.14973e-11	
685	3.272500e-08	4.125289e-01	4.045210e-01	-7.97903e-11	
686	3.277500e-08	4.125289e-01	4.046881e-01	-7.81190e-11	
687	3.282500e-08	4.125289e-01	4.048517e-01	-7.64827e-11	
688	3.287500e-08	4.125289e-01	4.050119e-01	-7.48807e-11	
689	3.292500e-08	4.125289e-01	4.051688e-01	-7.33123e-11	
690	3.297500e-08	4.125289e-01	4.053223e-01	-7.17767e-11	
691	3.302500e-08	4.125289e-01	4.054727e-01	-7.02732e-11	
692	3.307500e-08	4.125289e-01	4.056199e-01	-6.88013e-11	

Index   time            v(cell)         v(bl)           vpre#branch     
--------------------------------------------------------------------------------
693	3.312500e-08	4.125289e-01	4.057640e-01	-6.73602e-11	
694	3.317500e-08	4.125289e-01	4.059051e-01	-6.59493e-11	
695	3.322500e-08	4.125289e-01	4.060432e-01	-6.45679e-11	
696	3.327500e-08	4.125289e-01	4.061785e-01	-6.32155e-11	
697	3.332500e-08	4.125289e-01	4.063109e-01	-6.18914e-11	
698	3.337500e-08	4.125289e-01	4.064405e-01	-6.05950e-11	
699	3.342500e-08	4.125289e-01	4.065674e-01	-5.93258e-11	
700	3.347500e-08	4.125289e-01	4.066917e-01	-5.80831e-11	
701	3.352500e-08	4.125289e-01	4.068133e-01	-5.68665e-11	
702	3.357500e-08	4.125289e-01	4.069325e-01	-5.56754e-11	
703	3.362500e-08	4.125289e-01	4.070491e-01	-5.45092e-11	
704	3.367500e-08	4.125289e-01	4.071633e-01	-5.33675e-11	
705	3.372500e-08	4.125289e-01	4.072750e-01	-5.22496e-11	
706	3.377500e-08	4.125289e-01	4.073845e-01	-5.11552e-11	
707	3.382500e-08	4.125289e-01	4.074916e-01	-5.00837e-11	
708	3.387500e-08	4.125289e-01	4.075965e-01	-4.90347e-11	
709	3.392500e-08	4.125289e-01	4.076992e-01	-4.80076e-11	
710	3.397500e-08	4.125289e-01	4.077998e-01	-4.70020e-11	
711	3.402500e-08	4.125289e-01	4.078982e-01	-4.60175e-11	
712	3.407500e-08	4.125289e-01	4.079946e-01	-4.50537e-11	
713	3.412500e-08	4.125289e-01	4.080890e-01	-4.41100e-11	
714	3.417500e-08	4.125289e-01	4.081814e-01	-4.31860e-11	
715	3.422500e-08	4.125289e-01	4.082719e-01	-4.22815e-11	
716	3.427500e-08	4.125289e-01	4.083604e-01	-4.13958e-11	
717	3.432500e-08	4.125289e-01	4.084471e-01	-4.05288e-11	
718	3.437500e-08	4.125289e-01	4.085320e-01	-3.96798e-11	
719	3.442500e-08	4.125289e-01	4.086151e-01	-3.88487e-11	
720	3.447500e-08	4.125289e-01	4.086965e-01	-3.80350e-11	
721	3.452500e-08	4.125289e-01	4.087762e-01	-3.72383e-11	
722	3.457500e-08	4.125289e-01	4.088542e-01	-3.64583e-11	
723	3.462500e-08	4.125289e-01	4.089305e-01	-3.56947e-11	
724	3.467500e-08	4.125289e-01	4.090053e-01	-3.49470e-11	
725	3.472500e-08	4.125289e-01	4.090785e-01	-3.42150e-11	
726	3.477500e-08	4.125289e-01	4.091502e-01	-3.34983e-11	
727	3.482500e-08	4.125289e-01	4.092203e-01	-3.27967e-11	
728	3.487500e-08	4.125289e-01	4.092890e-01	-3.21097e-11	
729	3.492500e-08	4.125289e-01	4.093563e-01	-3.14372e-11	
730	3.497500e-08	4.125289e-01	4.094221e-01	-3.07787e-11	
731	3.502500e-08	4.125289e-01	4.094866e-01	-3.01340e-11	
732	3.507500e-08	4.125289e-01	4.095497e-01	-2.95028e-11	
733	3.512500e-08	4.125289e-01	4.096115e-01	-2.88848e-11	
734	3.517500e-08	4.125289e-01	4.096720e-01	-2.82798e-11	
735	3.522500e-08	4.125289e-01	4.097313e-01	-2.76875e-11	
736	3.527500e-08	4.125289e-01	4.097892e-01	-2.71075e-11	
737	3.532500e-08	4.125289e-01	4.098460e-01	-2.65397e-11	
738	3.537500e-08	4.125289e-01	4.099016e-01	-2.59838e-11	
739	3.542500e-08	4.125289e-01	4.099560e-01	-2.54396e-11	
740	3.547500e-08	4.125289e-01	4.100093e-01	-2.49067e-11	
741	3.552500e-08	4.125289e-01	4.100615e-01	-2.43850e-11	
742	3.557500e-08	4.125289e-01	4.101126e-01	-2.38743e-11	
743	3.562500e-08	4.125289e-01	4.101626e-01	-2.33742e-11	
744	3.567500e-08	4.125289e-01	4.102115e-01	-2.28846e-11	
745	3.572500e-08	4.125289e-01	4.102595e-01	-2.24053e-11	
746	3.577500e-08	4.125289e-01	4.103064e-01	-2.19360e-11	
747	3.582500e-08	4.125289e-01	4.103524e-01	-2.14765e-11	
748	3.587500e-08	4.125289e-01	4.103973e-01	-2.10266e-11	
749	3.592500e-08	4.125289e-01	4.104414e-01	-2.05862e-11	
750	3.597500e-08	4.125289e-01	4.104845e-01	-2.01550e-11	

Index   time            v(cell)         v(bl)           vpre#branch     
--------------------------------------------------------------------------------
751	3.602500e-08	4.125289e-01	4.105267e-01	-1.97329e-11	
752	3.607500e-08	4.125289e-01	4.105680e-01	-1.93195e-11	
753	3.612500e-08	4.125289e-01	4.106085e-01	-1.89149e-11	
754	3.617500e-08	4.125289e-01	4.106481e-01	-1.85187e-11	
755	3.622500e-08	4.125289e-01	4.106869e-01	-1.81308e-11	
756	3.627500e-08	4.125289e-01	4.107249e-01	-1.77510e-11	
757	3.632500e-08	4.125289e-01	4.107621e-01	-1.73792e-11	
758	3.637500e-08	4.125289e-01	4.107985e-01	-1.70152e-11	
759	3.642500e-08	4.125289e-01	4.108341e-01	-1.66588e-11	
760	3.647500e-08	4.125289e-01	4.108690e-01	-1.63098e-11	
761	3.652500e-08	4.125289e-01	4.109032e-01	-1.59682e-11	
762	3.657500e-08	4.125289e-01	4.109366e-01	-1.56338e-11	
763	3.662500e-08	4.125289e-01	4.109694e-01	-1.53063e-11	
764	3.667500e-08	4.125289e-01	4.110014e-01	-1.49857e-11	
765	3.672500e-08	4.125289e-01	4.110328e-01	-1.46718e-11	
766	3.677500e-08	4.125289e-01	4.110636e-01	-1.43645e-11	
767	3.682500e-08	4.125289e-01	4.110936e-01	-1.40636e-11	
768	3.687500e-08	4.125289e-01	4.111231e-01	-1.37690e-11	
769	3.692500e-08	4.125289e-01	4.111519e-01	-1.34806e-11	
770	3.697500e-08	4.125289e-01	4.111802e-01	-1.31983e-11	
771	3.702500e-08	4.125289e-01	4.112078e-01	-1.29218e-11	
772	3.707500e-08	4.125289e-01	4.112349e-01	-1.26511e-11	
773	3.712500e-08	4.125289e-01	4.112614e-01	-1.23862e-11	
774	3.717500e-08	4.125289e-01	4.112873e-01	-1.21267e-11	
775	3.722500e-08	4.125289e-01	4.113127e-01	-1.18727e-11	
776	3.727500e-08	4.125289e-01	4.113376e-01	-1.16240e-11	
777	3.732500e-08	4.125289e-01	4.113619e-01	-1.13806e-11	
778	3.737500e-08	4.125289e-01	4.113858e-01	-1.11422e-11	
779	3.742500e-08	4.125289e-01	4.114091e-01	-1.09088e-11	
780	3.747500e-08	4.125289e-01	4.114320e-01	-1.06803e-11	
781	3.752500e-08	4.125289e-01	4.114543e-01	-1.04566e-11	
782	3.757500e-08	4.125289e-01	4.114762e-01	-1.02376e-11	
783	3.762500e-08	4.125289e-01	4.114977e-01	-1.00231e-11	
784	3.767500e-08	4.125289e-01	4.115187e-01	-9.81318e-12	
785	3.772500e-08	4.125289e-01	4.115392e-01	-9.60764e-12	
786	3.777500e-08	4.125289e-01	4.115594e-01	-9.40640e-12	
787	3.782500e-08	4.125289e-01	4.115791e-01	-9.20937e-12	
788	3.787500e-08	4.125289e-01	4.115984e-01	-9.01647e-12	
789	3.792500e-08	4.125289e-01	4.116172e-01	-8.82761e-12	
790	3.797500e-08	4.125289e-01	4.116357e-01	-8.64271e-12	
791	3.802500e-08	4.125289e-01	4.116538e-01	-8.46168e-12	
792	3.807500e-08	4.125289e-01	4.116716e-01	-8.28444e-12	
793	3.812500e-08	4.125289e-01	4.116889e-01	-8.11092e-12	
794	3.817500e-08	4.125289e-01	4.117059e-01	-7.94103e-12	
795	3.822500e-08	4.125289e-01	4.117225e-01	-7.77469e-12	
796	3.827500e-08	4.125289e-01	4.117388e-01	-7.61184e-12	
797	3.832500e-08	4.125289e-01	4.117548e-01	-7.45241e-12	
798	3.837500e-08	4.125289e-01	4.117704e-01	-7.29631e-12	
799	3.842500e-08	4.125289e-01	4.117857e-01	-7.14348e-12	
800	3.847500e-08	4.125289e-01	4.118006e-01	-6.99385e-12	
801	3.852500e-08	4.125289e-01	4.118153e-01	-6.84736e-12	
802	3.857500e-08	4.125289e-01	4.118296e-01	-6.70394e-12	
803	3.862500e-08	4.125289e-01	4.118436e-01	-6.56352e-12	
804	3.867500e-08	4.125289e-01	4.118574e-01	-6.42604e-12	
805	3.872500e-08	4.125289e-01	4.118709e-01	-6.29144e-12	
806	3.877500e-08	4.125289e-01	4.118840e-01	-6.15966e-12	
807	3.882500e-08	4.125289e-01	4.118969e-01	-6.03064e-12	
808	3.887500e-08	4.125289e-01	4.119096e-01	-5.90432e-12	

Index   time            v(cell)         v(bl)           vpre#branch     
--------------------------------------------------------------------------------
809	3.892500e-08	4.125289e-01	4.119219e-01	-5.78065e-12	
810	3.897500e-08	4.125289e-01	4.119340e-01	-5.65957e-12	
811	3.902500e-08	4.125289e-01	4.119459e-01	-5.54102e-12	
812	3.907500e-08	4.125289e-01	4.119575e-01	-5.42496e-12	
813	3.912500e-08	4.125289e-01	4.119689e-01	-5.31133e-12	
814	3.917500e-08	4.125289e-01	4.119800e-01	-5.20008e-12	
815	3.922500e-08	4.125289e-01	4.119909e-01	-5.09116e-12	
816	3.927500e-08	4.125289e-01	4.120015e-01	-4.98452e-12	
817	3.932500e-08	4.125289e-01	4.120120e-01	-4.88011e-12	
818	3.937500e-08	4.125289e-01	4.120222e-01	-4.77789e-12	
819	3.942500e-08	4.125289e-01	4.120322e-01	-4.67782e-12	
820	3.947500e-08	4.125289e-01	4.120420e-01	-4.57984e-12	
821	3.952500e-08	4.125289e-01	4.120516e-01	-4.48391e-12	
822	3.957500e-08	4.125289e-01	4.120610e-01	-4.38999e-12	
823	3.962500e-08	4.125289e-01	4.120702e-01	-4.29803e-12	
824	3.967500e-08	4.125289e-01	4.120792e-01	-4.20801e-12	
825	3.972500e-08	4.125289e-01	4.120880e-01	-4.11987e-12	
826	3.977500e-08	4.125289e-01	4.120966e-01	-4.03357e-12	
827	3.982500e-08	4.125289e-01	4.121051e-01	-3.94909e-12	
828	3.987500e-08	4.125289e-01	4.121134e-01	-3.86637e-12	
829	3.992500e-08	4.125289e-01	4.121215e-01	-3.78538e-12	
830	3.996250e-08	4.125289e-01	4.121274e-01	-3.72576e-12	
831	4.000000e-08	4.125289e-01	4.121333e-01	-3.66708e-12	


Total analysis time (seconds) = 0.0611533

Total elapsed time (seconds) = 0.070 

Total DRAM available = 386307.215 MB.
DRAM currently available = 13012.176 MB.
Maximum ngspice program size =  529.723 MB.
Current ngspice program size =   14.133 MB.

Shared ngspice pages =   12.309 MB.
Text (code) pages =    6.266 MB.
Stack = 0 bytes.
Library pages =   59.141 MB.

