
Note: No compatibility mode selected!


Circuit: * mini-array n=8 layout

Doing analysis at TEMP = 27.000000 and TNOM = 27.000000

Using SPARSE 1.3 as Direct Linear Solver

Initial Transient Solution
--------------------------

Node                                   Voltage
----                                   -------
pre                                      0.495
bl0                                      0.495
s                                            0
bltap0                                   0.495
wl0                                          0
bl1                                      0.495
bltap1                                   0.495
wl1                                          0
bl2                                      0.495
bltap2                                   0.495
wl2                                          0
bl3                                      0.495
bltap3                                   0.495
wl3                                          0
bl4                                      0.495
bltap4                                   0.495
wl4                                          0
bl5                                      0.495
bltap5                                   0.495
wl5                                          0
bl6                                      0.495
bltap6                                   0.495
wl6                                          0
bl7                                      0.495
bltap7                                   0.495
wl7                                          0
plate0                                       0
cell0                                        0
plate1                                   0.495
cell1                                 0.494997
plate2                                   0.495
cell2                                 0.494997
plate3                                   0.495
cell3                                 0.494997
plate4                                   0.495
cell4                                 0.495004
plate5                                   0.495
cell5                                 0.494997
plate6                                   0.495
cell6                                 0.495004
plate7                                   0.495
cell7                                 0.495004
vplate7#branch                               0
vwl7#branch                                  0
vplate6#branch                               0
vwl6#branch                                  0
vplate5#branch                               0
vwl5#branch                                  0
vplate4#branch                               0
vwl4#branch                                  0
vplate3#branch                               0
vwl3#branch                                  0
vplate2#branch                               0
vwl2#branch                                  0
vplate1#branch                               0
vwl1#branch                                  0
vplate0#branch                               0
vwl0#branch                                  0
vs#branch                                    0
vpre#branch                                  0


No. of Data Rows : 514

  Measurements for Transient Analysis

t_bl_settle         =  4.02552e-09
i_bl_leak           =  -2.24251e-10 from=  1.50000e-08 to=  2.50000e-08

                            * mini-array n=8 layout
                            Transient Analysis  Wed Jun 24 01:08:40  2026
--------------------------------------------------------------------------------
Index   time            v(bl0)          v(bl7)          vpre#branch     
--------------------------------------------------------------------------------
0	0.000000e+00	4.950000e-01	4.950000e-01	0.000000e+00	
1	5.000000e-13	4.950000e-01	4.950000e-01	-1.16053e-21	
2	1.000000e-12	4.950000e-01	4.950000e-01	-2.02659e-21	
3	2.000000e-12	4.950000e-01	4.950000e-01	-3.46754e-21	
4	4.000000e-12	4.950000e-01	4.950000e-01	-5.58761e-21	
5	8.000000e-12	4.950000e-01	4.950000e-01	-9.38685e-21	
6	1.600000e-11	4.950000e-01	4.950000e-01	-1.70060e-20	
7	3.200000e-11	4.950000e-01	4.950000e-01	-3.21335e-20	
8	6.400000e-11	4.950000e-01	4.950000e-01	-6.23529e-20	
9	1.140000e-10	4.950000e-01	4.950000e-01	-1.09624e-19	
10	1.640000e-10	4.950000e-01	4.950000e-01	-1.56553e-19	
11	2.140000e-10	4.950000e-01	4.950000e-01	-2.03498e-19	
12	2.640000e-10	4.950000e-01	4.950000e-01	-2.50431e-19	
13	3.140000e-10	4.950000e-01	4.950000e-01	-2.97376e-19	
14	3.640000e-10	4.950000e-01	4.950000e-01	-3.44306e-19	
15	4.140000e-10	4.950000e-01	4.950000e-01	-3.91253e-19	
16	4.640000e-10	4.950000e-01	4.950000e-01	-4.38183e-19	
17	5.140000e-10	4.950000e-01	4.950000e-01	-4.85128e-19	
18	5.640000e-10	4.950000e-01	4.950000e-01	-5.32060e-19	
19	6.140000e-10	4.950000e-01	4.950000e-01	-5.79007e-19	
20	6.640000e-10	4.950000e-01	4.950000e-01	-6.25939e-19	
21	7.140000e-10	4.950000e-01	4.950000e-01	-6.72882e-19	
22	7.640000e-10	4.950000e-01	4.950000e-01	-7.19815e-19	
23	8.140000e-10	4.950000e-01	4.950000e-01	-7.66760e-19	
24	8.640000e-10	4.950000e-01	4.950000e-01	-8.13689e-19	
25	9.140000e-10	4.950000e-01	4.950000e-01	-8.60633e-19	
26	9.570000e-10	4.950000e-01	4.950000e-01	-9.01210e-19	
27	1.000000e-09	4.950000e-01	4.950000e-01	-9.42043e-19	
28	1.005000e-09	4.950606e-01	4.950344e-01	6.057496e-13	
29	1.015000e-09	4.951570e-01	4.951219e-01	1.569676e-12	
30	1.035000e-09	4.953378e-01	4.953091e-01	3.377861e-12	
31	1.075000e-09	4.957085e-01	4.956744e-01	7.085370e-12	
32	1.125000e-09	4.961661e-01	4.961368e-01	1.166052e-11	
33	1.175000e-09	4.966284e-01	4.965946e-01	1.628381e-11	
34	1.225000e-09	4.970863e-01	4.970567e-01	2.086257e-11	
35	1.275000e-09	4.975482e-01	4.975148e-01	2.548247e-11	
36	1.325000e-09	4.980064e-01	4.979765e-01	3.006423e-11	
37	1.375000e-09	4.984681e-01	4.984350e-01	3.468098e-11	
38	1.425000e-09	4.989264e-01	4.988963e-01	3.926443e-11	
39	1.475000e-09	4.993876e-01	4.993547e-01	4.387572e-11	
40	1.525000e-09	4.998451e-01	4.998149e-01	4.845150e-11	
41	1.575000e-09	5.003030e-01	5.002706e-01	5.302990e-11	
42	1.625000e-09	5.007519e-01	5.007223e-01	5.751907e-11	
43	1.675000e-09	5.011872e-01	5.011571e-01	6.187221e-11	
44	1.725000e-09	5.015898e-01	5.015641e-01	6.589767e-11	
45	1.775000e-09	5.019475e-01	5.019238e-01	6.947454e-11	
46	1.825000e-09	5.022440e-01	5.022263e-01	7.244046e-11	
47	1.875000e-09	5.024749e-01	5.024606e-01	7.474887e-11	
48	1.925000e-09	5.026320e-01	5.026240e-01	7.631965e-11	
49	1.962500e-09	5.027020e-01	5.026967e-01	7.701972e-11	
50	2.000000e-09	5.027279e-01	5.027276e-01	7.727864e-11	
51	2.005000e-09	5.026685e-01	5.026941e-01	7.668520e-11	
52	2.015000e-09	5.025744e-01	5.026087e-01	7.574442e-11	
53	2.035000e-09	5.023992e-01	5.024269e-01	7.399205e-11	
54	2.075000e-09	5.020440e-01	5.020766e-01	7.044047e-11	

Index   time            v(bl0)          v(bl7)          vpre#branch     
--------------------------------------------------------------------------------
55	2.125000e-09	5.016139e-01	5.016410e-01	6.613917e-11	
56	2.175000e-09	5.011877e-01	5.012187e-01	6.187683e-11	
57	2.225000e-09	5.007743e-01	5.008006e-01	5.774285e-11	
58	2.275000e-09	5.003651e-01	5.003946e-01	5.365057e-11	
59	2.325000e-09	4.999676e-01	4.999931e-01	4.967628e-11	
60	2.375000e-09	4.995746e-01	4.996027e-01	4.574564e-11	
61	2.425000e-09	4.991924e-01	4.992171e-01	4.192377e-11	
62	2.475000e-09	4.988147e-01	4.988416e-01	3.814683e-11	
63	2.525000e-09	4.984470e-01	4.984709e-01	3.447046e-11	
64	2.575000e-09	4.980840e-01	4.981097e-01	3.083975e-11	
65	2.625000e-09	4.977302e-01	4.977534e-01	2.730228e-11	
66	2.675000e-09	4.973811e-01	4.974057e-01	2.381073e-11	
67	2.725000e-09	4.970406e-01	4.970630e-01	2.040588e-11	
68	2.775000e-09	4.967047e-01	4.967283e-01	1.704683e-11	
69	2.825000e-09	4.963769e-01	4.963985e-01	1.376859e-11	
70	2.875000e-09	4.960536e-01	4.960762e-01	1.053577e-11	
71	2.925000e-09	4.957378e-01	4.957588e-01	7.378435e-12	
72	2.975000e-09	4.954266e-01	4.954483e-01	4.265884e-12	
73	3.025000e-09	4.951224e-01	4.951426e-01	1.224027e-12	
74	3.075000e-09	4.948226e-01	4.948435e-01	-1.77387e-12	
75	3.125000e-09	4.945295e-01	4.945490e-01	-4.70543e-12	
76	3.175000e-09	4.942406e-01	4.942606e-01	-7.59398e-12	
77	3.225000e-09	4.939580e-01	4.939769e-01	-1.04202e-11	
78	3.275000e-09	4.936796e-01	4.936988e-01	-1.32044e-11	
79	3.325000e-09	4.934070e-01	4.934253e-01	-1.59299e-11	
80	3.375000e-09	4.931385e-01	4.931571e-01	-1.86146e-11	
81	3.425000e-09	4.928756e-01	4.928933e-01	-2.12439e-11	
82	3.475000e-09	4.926166e-01	4.926345e-01	-2.38336e-11	
83	3.525000e-09	4.923629e-01	4.923800e-01	-2.63709e-11	
84	3.575000e-09	4.921130e-01	4.921302e-01	-2.88699e-11	
85	3.625000e-09	4.918681e-01	4.918846e-01	-3.13193e-11	
86	3.675000e-09	4.916268e-01	4.916434e-01	-3.37315e-11	
87	3.725000e-09	4.913903e-01	4.914063e-01	-3.60968e-11	
88	3.775000e-09	4.911574e-01	4.911734e-01	-3.84262e-11	
89	3.825000e-09	4.909289e-01	4.909443e-01	-4.07111e-11	
90	3.875000e-09	4.907039e-01	4.907193e-01	-4.29614e-11	
91	3.925000e-09	4.904831e-01	4.904980e-01	-4.51693e-11	
92	3.975000e-09	4.902656e-01	4.902805e-01	-4.73439e-11	
93	4.025000e-09	4.900522e-01	4.900666e-01	-4.94782e-11	
94	4.075000e-09	4.898420e-01	4.898564e-01	-5.15803e-11	
95	4.125000e-09	4.896356e-01	4.896496e-01	-5.36442e-11	
96	4.175000e-09	4.894323e-01	4.894462e-01	-5.56770e-11	
97	4.225000e-09	4.892327e-01	4.892462e-01	-5.76734e-11	
98	4.275000e-09	4.890360e-01	4.890495e-01	-5.96400e-11	
99	4.325000e-09	4.888428e-01	4.888559e-01	-6.15718e-11	
100	4.375000e-09	4.886525e-01	4.886655e-01	-6.34749e-11	
101	4.425000e-09	4.884655e-01	4.884782e-01	-6.53448e-11	
102	4.475000e-09	4.882813e-01	4.882939e-01	-6.71871e-11	
103	4.525000e-09	4.881002e-01	4.881125e-01	-6.89977e-11	
104	4.575000e-09	4.879218e-01	4.879340e-01	-7.07818e-11	
105	4.625000e-09	4.877464e-01	4.877584e-01	-7.25356e-11	
106	4.675000e-09	4.875736e-01	4.875854e-01	-7.42639e-11	
107	4.725000e-09	4.874037e-01	4.874152e-01	-7.59633e-11	
108	4.775000e-09	4.872362e-01	4.872476e-01	-7.76381e-11	
109	4.825000e-09	4.870715e-01	4.870827e-01	-7.92853e-11	
110	4.875000e-09	4.869091e-01	4.869202e-01	-8.09089e-11	
111	4.925000e-09	4.867494e-01	4.867603e-01	-8.25059e-11	
112	4.975000e-09	4.865920e-01	4.866027e-01	-8.40804e-11	

Index   time            v(bl0)          v(bl7)          vpre#branch     
--------------------------------------------------------------------------------
113	5.025000e-09	4.864371e-01	4.864476e-01	-8.56294e-11	
114	5.075000e-09	4.862843e-01	4.862948e-01	-8.71566e-11	
115	5.125000e-09	4.861340e-01	4.861443e-01	-8.86596e-11	
116	5.175000e-09	4.859858e-01	4.859960e-01	-9.01416e-11	
117	5.225000e-09	4.858400e-01	4.858499e-01	-9.16003e-11	
118	5.275000e-09	4.856961e-01	4.857059e-01	-9.30388e-11	
119	5.325000e-09	4.855545e-01	4.855641e-01	-9.44550e-11	
120	5.375000e-09	4.854148e-01	4.854243e-01	-9.58519e-11	
121	5.425000e-09	4.852773e-01	4.852866e-01	-9.72273e-11	
122	5.475000e-09	4.851416e-01	4.851509e-01	-9.85841e-11	
123	5.525000e-09	4.850080e-01	4.850171e-01	-9.99203e-11	
124	5.575000e-09	4.848761e-01	4.848851e-01	-1.01239e-10	
125	5.625000e-09	4.847463e-01	4.847551e-01	-1.02537e-10	
126	5.675000e-09	4.846182e-01	4.846269e-01	-1.03818e-10	
127	5.725000e-09	4.844919e-01	4.845005e-01	-1.05081e-10	
128	5.775000e-09	4.843673e-01	4.843758e-01	-1.06327e-10	
129	5.825000e-09	4.842446e-01	4.842530e-01	-1.07554e-10	
130	5.875000e-09	4.841234e-01	4.841317e-01	-1.08766e-10	
131	5.925000e-09	4.840040e-01	4.840122e-01	-1.09960e-10	
132	5.975000e-09	4.838861e-01	4.838942e-01	-1.11139e-10	
133	6.025000e-09	4.837700e-01	4.837779e-01	-1.12300e-10	
134	6.075000e-09	4.836552e-01	4.836631e-01	-1.13448e-10	
135	6.125000e-09	4.835422e-01	4.835499e-01	-1.14578e-10	
136	6.175000e-09	4.834305e-01	4.834381e-01	-1.15695e-10	
137	6.225000e-09	4.833204e-01	4.833279e-01	-1.16796e-10	
138	6.275000e-09	4.832116e-01	4.832191e-01	-1.17884e-10	
139	6.325000e-09	4.831044e-01	4.831117e-01	-1.18956e-10	
140	6.375000e-09	4.829985e-01	4.830057e-01	-1.20015e-10	
141	6.425000e-09	4.828940e-01	4.829011e-01	-1.21060e-10	
142	6.475000e-09	4.827908e-01	4.827979e-01	-1.22092e-10	
143	6.525000e-09	4.826890e-01	4.826960e-01	-1.23110e-10	
144	6.575000e-09	4.825884e-01	4.825953e-01	-1.24116e-10	
145	6.625000e-09	4.824892e-01	4.824960e-01	-1.25108e-10	
146	6.675000e-09	4.823911e-01	4.823978e-01	-1.26089e-10	
147	6.725000e-09	4.822944e-01	4.823010e-01	-1.27056e-10	
148	6.775000e-09	4.821987e-01	4.822053e-01	-1.28013e-10	
149	6.825000e-09	4.821044e-01	4.821108e-01	-1.28956e-10	
150	6.875000e-09	4.820111e-01	4.820175e-01	-1.29889e-10	
151	6.925000e-09	4.819190e-01	4.819253e-01	-1.30810e-10	
152	6.975000e-09	4.818280e-01	4.818342e-01	-1.31720e-10	
153	7.025000e-09	4.817381e-01	4.817443e-01	-1.32619e-10	
154	7.075000e-09	4.816493e-01	4.816554e-01	-1.33507e-10	
155	7.125000e-09	4.815616e-01	4.815676e-01	-1.34384e-10	
156	7.175000e-09	4.814748e-01	4.814808e-01	-1.35252e-10	
157	7.225000e-09	4.813892e-01	4.813950e-01	-1.36108e-10	
158	7.275000e-09	4.813045e-01	4.813103e-01	-1.36955e-10	
159	7.325000e-09	4.812208e-01	4.812265e-01	-1.37792e-10	
160	7.375000e-09	4.811381e-01	4.811438e-01	-1.38619e-10	
161	7.425000e-09	4.810564e-01	4.810620e-01	-1.39436e-10	
162	7.475000e-09	4.809755e-01	4.809811e-01	-1.40245e-10	
163	7.525000e-09	4.808957e-01	4.809011e-01	-1.41043e-10	
164	7.575000e-09	4.808167e-01	4.808221e-01	-1.41833e-10	
165	7.625000e-09	4.807386e-01	4.807439e-01	-1.42614e-10	
166	7.675000e-09	4.806614e-01	4.806666e-01	-1.43386e-10	
167	7.725000e-09	4.805850e-01	4.805902e-01	-1.44150e-10	
168	7.775000e-09	4.805095e-01	4.805147e-01	-1.44905e-10	
169	7.825000e-09	4.804349e-01	4.804400e-01	-1.45651e-10	
170	7.875000e-09	4.803610e-01	4.803660e-01	-1.46390e-10	

Index   time            v(bl0)          v(bl7)          vpre#branch     
--------------------------------------------------------------------------------
171	7.925000e-09	4.802880e-01	4.802930e-01	-1.47120e-10	
172	7.975000e-09	4.802157e-01	4.802206e-01	-1.47843e-10	
173	8.025000e-09	4.801442e-01	4.801491e-01	-1.48558e-10	
174	8.075000e-09	4.800735e-01	4.800784e-01	-1.49265e-10	
175	8.125000e-09	4.800036e-01	4.800084e-01	-1.49964e-10	
176	8.175000e-09	4.799344e-01	4.799391e-01	-1.50656e-10	
177	8.225000e-09	4.798659e-01	4.798706e-01	-1.51341e-10	
178	8.275000e-09	4.797981e-01	4.798028e-01	-1.52019e-10	
179	8.325000e-09	4.797311e-01	4.797357e-01	-1.52689e-10	
180	8.375000e-09	4.796648e-01	4.796693e-01	-1.53352e-10	
181	8.425000e-09	4.795991e-01	4.796036e-01	-1.54009e-10	
182	8.475000e-09	4.795341e-01	4.795385e-01	-1.54659e-10	
183	8.525000e-09	4.794698e-01	4.794742e-01	-1.55302e-10	
184	8.575000e-09	4.794061e-01	4.794104e-01	-1.55939e-10	
185	8.625000e-09	4.793431e-01	4.793474e-01	-1.56569e-10	
186	8.675000e-09	4.792807e-01	4.792849e-01	-1.57193e-10	
187	8.725000e-09	4.792189e-01	4.792231e-01	-1.57811e-10	
188	8.775000e-09	4.791577e-01	4.791619e-01	-1.58423e-10	
189	8.825000e-09	4.790972e-01	4.791013e-01	-1.59028e-10	
190	8.875000e-09	4.790372e-01	4.790413e-01	-1.59628e-10	
191	8.925000e-09	4.789778e-01	4.789819e-01	-1.60222e-10	
192	8.975000e-09	4.789190e-01	4.789230e-01	-1.60810e-10	
193	9.025000e-09	4.788608e-01	4.788648e-01	-1.61392e-10	
194	9.075000e-09	4.788031e-01	4.788071e-01	-1.61969e-10	
195	9.125000e-09	4.787460e-01	4.787499e-01	-1.62540e-10	
196	9.175000e-09	4.786894e-01	4.786933e-01	-1.63106e-10	
197	9.225000e-09	4.786334e-01	4.786372e-01	-1.63666e-10	
198	9.275000e-09	4.785779e-01	4.785817e-01	-1.64221e-10	
199	9.325000e-09	4.785229e-01	4.785266e-01	-1.64771e-10	
200	9.375000e-09	4.784684e-01	4.784721e-01	-1.65316e-10	
201	9.425000e-09	4.784144e-01	4.784181e-01	-1.65856e-10	
202	9.475000e-09	4.783609e-01	4.783646e-01	-1.66391e-10	
203	9.525000e-09	4.783079e-01	4.783115e-01	-1.66921e-10	
204	9.575000e-09	4.782554e-01	4.782590e-01	-1.67446e-10	
205	9.625000e-09	4.782034e-01	4.782069e-01	-1.67966e-10	
206	9.675000e-09	4.781518e-01	4.781553e-01	-1.68482e-10	
207	9.725000e-09	4.781007e-01	4.781042e-01	-1.68993e-10	
208	9.775000e-09	4.780500e-01	4.780535e-01	-1.69500e-10	
209	9.825000e-09	4.779998e-01	4.780033e-01	-1.70002e-10	
210	9.875000e-09	4.779501e-01	4.779535e-01	-1.70499e-10	
211	9.925000e-09	4.779007e-01	4.779041e-01	-1.70993e-10	
212	9.975000e-09	4.778518e-01	4.778552e-01	-1.71482e-10	
213	1.002500e-08	4.778034e-01	4.778067e-01	-1.71966e-10	
214	1.007500e-08	4.777553e-01	4.777586e-01	-1.72447e-10	
215	1.012500e-08	4.777077e-01	4.777109e-01	-1.72923e-10	
216	1.017500e-08	4.776604e-01	4.776637e-01	-1.73396e-10	
217	1.022500e-08	4.776136e-01	4.776168e-01	-1.73864e-10	
218	1.027500e-08	4.775672e-01	4.775703e-01	-1.74328e-10	
219	1.032500e-08	4.775211e-01	4.775243e-01	-1.74789e-10	
220	1.037500e-08	4.774754e-01	4.774786e-01	-1.75246e-10	
221	1.042500e-08	4.774302e-01	4.774333e-01	-1.75698e-10	
222	1.047500e-08	4.773852e-01	4.773883e-01	-1.76148e-10	
223	1.052500e-08	4.773407e-01	4.773438e-01	-1.76593e-10	
224	1.057500e-08	4.772965e-01	4.772996e-01	-1.77035e-10	
225	1.062500e-08	4.772527e-01	4.772557e-01	-1.77473e-10	
226	1.067500e-08	4.772093e-01	4.772122e-01	-1.77907e-10	
227	1.072500e-08	4.771662e-01	4.771691e-01	-1.78338e-10	
228	1.077500e-08	4.771234e-01	4.771263e-01	-1.78766e-10	

Index   time            v(bl0)          v(bl7)          vpre#branch     
--------------------------------------------------------------------------------
229	1.082500e-08	4.770810e-01	4.770839e-01	-1.79190e-10	
230	1.087500e-08	4.770389e-01	4.770418e-01	-1.79611e-10	
231	1.092500e-08	4.769971e-01	4.770000e-01	-1.80029e-10	
232	1.097500e-08	4.769557e-01	4.769585e-01	-1.80443e-10	
233	1.102500e-08	4.769146e-01	4.769174e-01	-1.80854e-10	
234	1.107500e-08	4.768738e-01	4.768766e-01	-1.81262e-10	
235	1.112500e-08	4.768334e-01	4.768361e-01	-1.81666e-10	
236	1.117500e-08	4.767932e-01	4.767960e-01	-1.82068e-10	
237	1.122500e-08	4.767534e-01	4.767561e-01	-1.82466e-10	
238	1.127500e-08	4.767138e-01	4.767165e-01	-1.82862e-10	
239	1.132500e-08	4.766746e-01	4.766773e-01	-1.83254e-10	
240	1.137500e-08	4.766356e-01	4.766383e-01	-1.83644e-10	
241	1.142500e-08	4.765970e-01	4.765996e-01	-1.84030e-10	
242	1.147500e-08	4.765586e-01	4.765612e-01	-1.84414e-10	
243	1.152500e-08	4.765205e-01	4.765231e-01	-1.84795e-10	
244	1.157500e-08	4.764827e-01	4.764853e-01	-1.85173e-10	
245	1.162500e-08	4.764452e-01	4.764478e-01	-1.85548e-10	
246	1.167500e-08	4.764080e-01	4.764105e-01	-1.85920e-10	
247	1.172500e-08	4.763710e-01	4.763735e-01	-1.86290e-10	
248	1.177500e-08	4.763343e-01	4.763368e-01	-1.86657e-10	
249	1.182500e-08	4.762979e-01	4.763004e-01	-1.87021e-10	
250	1.187500e-08	4.762617e-01	4.762642e-01	-1.87383e-10	
251	1.192500e-08	4.762258e-01	4.762282e-01	-1.87742e-10	
252	1.197500e-08	4.761901e-01	4.761926e-01	-1.88099e-10	
253	1.202500e-08	4.761547e-01	4.761571e-01	-1.88453e-10	
254	1.207500e-08	4.761195e-01	4.761219e-01	-1.88805e-10	
255	1.212500e-08	4.760846e-01	4.760870e-01	-1.89154e-10	
256	1.217500e-08	4.760500e-01	4.760523e-01	-1.89500e-10	
257	1.222500e-08	4.760155e-01	4.760179e-01	-1.89845e-10	
258	1.227500e-08	4.759813e-01	4.759837e-01	-1.90187e-10	
259	1.232500e-08	4.759474e-01	4.759497e-01	-1.90526e-10	
260	1.237500e-08	4.759137e-01	4.759160e-01	-1.90863e-10	
261	1.242500e-08	4.758802e-01	4.758825e-01	-1.91198e-10	
262	1.247500e-08	4.758469e-01	4.758492e-01	-1.91531e-10	
263	1.252500e-08	4.758139e-01	4.758161e-01	-1.91861e-10	
264	1.257500e-08	4.757811e-01	4.757833e-01	-1.92189e-10	
265	1.262500e-08	4.757485e-01	4.757507e-01	-1.92515e-10	
266	1.267500e-08	4.757161e-01	4.757183e-01	-1.92839e-10	
267	1.272500e-08	4.756839e-01	4.756861e-01	-1.93161e-10	
268	1.277500e-08	4.756520e-01	4.756541e-01	-1.93480e-10	
269	1.282500e-08	4.756202e-01	4.756224e-01	-1.93798e-10	
270	1.287500e-08	4.755887e-01	4.755908e-01	-1.94113e-10	
271	1.292500e-08	4.755574e-01	4.755595e-01	-1.94426e-10	
272	1.297500e-08	4.755262e-01	4.755284e-01	-1.94738e-10	
273	1.302500e-08	4.754953e-01	4.754974e-01	-1.95047e-10	
274	1.307500e-08	4.754646e-01	4.754667e-01	-1.95354e-10	
275	1.312500e-08	4.754340e-01	4.754361e-01	-1.95660e-10	
276	1.317500e-08	4.754037e-01	4.754058e-01	-1.95963e-10	
277	1.322500e-08	4.753736e-01	4.753756e-01	-1.96264e-10	
278	1.327500e-08	4.753436e-01	4.753457e-01	-1.96564e-10	
279	1.332500e-08	4.753138e-01	4.753159e-01	-1.96862e-10	
280	1.337500e-08	4.752843e-01	4.752863e-01	-1.97157e-10	
281	1.342500e-08	4.752549e-01	4.752569e-01	-1.97451e-10	
282	1.347500e-08	4.752256e-01	4.752277e-01	-1.97744e-10	
283	1.352500e-08	4.751966e-01	4.751986e-01	-1.98034e-10	
284	1.357500e-08	4.751678e-01	4.751697e-01	-1.98322e-10	
285	1.362500e-08	4.751391e-01	4.751410e-01	-1.98609e-10	
286	1.367500e-08	4.751106e-01	4.751125e-01	-1.98894e-10	

Index   time            v(bl0)          v(bl7)          vpre#branch     
--------------------------------------------------------------------------------
287	1.372500e-08	4.750823e-01	4.750842e-01	-1.99177e-10	
288	1.377500e-08	4.750541e-01	4.750560e-01	-1.99459e-10	
289	1.382500e-08	4.750261e-01	4.750280e-01	-1.99739e-10	
290	1.387500e-08	4.749983e-01	4.750002e-01	-2.00017e-10	
291	1.392500e-08	4.749706e-01	4.749725e-01	-2.00294e-10	
292	1.397500e-08	4.749431e-01	4.749450e-01	-2.00569e-10	
293	1.402500e-08	4.749158e-01	4.749177e-01	-2.00842e-10	
294	1.407500e-08	4.748886e-01	4.748905e-01	-2.01114e-10	
295	1.412500e-08	4.748616e-01	4.748635e-01	-2.01384e-10	
296	1.417500e-08	4.748348e-01	4.748366e-01	-2.01652e-10	
297	1.422500e-08	4.748081e-01	4.748099e-01	-2.01919e-10	
298	1.427500e-08	4.747815e-01	4.747833e-01	-2.02185e-10	
299	1.432500e-08	4.747551e-01	4.747569e-01	-2.02449e-10	
300	1.437500e-08	4.747289e-01	4.747307e-01	-2.02711e-10	
301	1.442500e-08	4.747028e-01	4.747046e-01	-2.02972e-10	
302	1.447500e-08	4.746768e-01	4.746786e-01	-2.03232e-10	
303	1.452500e-08	4.746511e-01	4.746528e-01	-2.03489e-10	
304	1.457500e-08	4.746254e-01	4.746272e-01	-2.03746e-10	
305	1.462500e-08	4.745999e-01	4.746016e-01	-2.04001e-10	
306	1.467500e-08	4.745745e-01	4.745763e-01	-2.04255e-10	
307	1.472500e-08	4.745493e-01	4.745510e-01	-2.04507e-10	
308	1.477500e-08	4.745242e-01	4.745259e-01	-2.04758e-10	
309	1.482500e-08	4.744993e-01	4.745010e-01	-2.05007e-10	
310	1.487500e-08	4.744745e-01	4.744762e-01	-2.05255e-10	
311	1.492500e-08	4.744498e-01	4.744515e-01	-2.05502e-10	
312	1.497500e-08	4.744253e-01	4.744270e-01	-2.05747e-10	
313	1.502500e-08	4.744009e-01	4.744025e-01	-2.05991e-10	
314	1.507500e-08	4.743766e-01	4.743783e-01	-2.06234e-10	
315	1.512500e-08	4.743525e-01	4.743541e-01	-2.06475e-10	
316	1.517500e-08	4.743284e-01	4.743301e-01	-2.06716e-10	
317	1.522500e-08	4.743046e-01	4.743062e-01	-2.06954e-10	
318	1.527500e-08	4.742808e-01	4.742824e-01	-2.07192e-10	
319	1.532500e-08	4.742572e-01	4.742588e-01	-2.07428e-10	
320	1.537500e-08	4.742337e-01	4.742353e-01	-2.07663e-10	
321	1.542500e-08	4.742103e-01	4.742119e-01	-2.07897e-10	
322	1.547500e-08	4.741870e-01	4.741886e-01	-2.08130e-10	
323	1.552500e-08	4.741639e-01	4.741655e-01	-2.08361e-10	
324	1.557500e-08	4.741409e-01	4.741425e-01	-2.08591e-10	
325	1.562500e-08	4.741180e-01	4.741196e-01	-2.08820e-10	
326	1.567500e-08	4.740952e-01	4.740968e-01	-2.09048e-10	
327	1.572500e-08	4.740725e-01	4.740741e-01	-2.09275e-10	
328	1.577500e-08	4.740500e-01	4.740515e-01	-2.09500e-10	
329	1.582500e-08	4.740276e-01	4.740291e-01	-2.09724e-10	
330	1.587500e-08	4.740053e-01	4.740068e-01	-2.09947e-10	
331	1.592500e-08	4.739830e-01	4.739846e-01	-2.10170e-10	
332	1.597500e-08	4.739610e-01	4.739625e-01	-2.10390e-10	
333	1.602500e-08	4.739390e-01	4.739405e-01	-2.10610e-10	
334	1.607500e-08	4.739171e-01	4.739186e-01	-2.10829e-10	
335	1.612500e-08	4.738953e-01	4.738968e-01	-2.11047e-10	
336	1.617500e-08	4.738737e-01	4.738752e-01	-2.11263e-10	
337	1.622500e-08	4.738521e-01	4.738536e-01	-2.11479e-10	
338	1.627500e-08	4.738307e-01	4.738322e-01	-2.11693e-10	
339	1.632500e-08	4.738094e-01	4.738108e-01	-2.11906e-10	
340	1.637500e-08	4.737881e-01	4.737896e-01	-2.12119e-10	
341	1.642500e-08	4.737670e-01	4.737684e-01	-2.12330e-10	
342	1.647500e-08	4.737460e-01	4.737474e-01	-2.12540e-10	
343	1.652500e-08	4.737250e-01	4.737265e-01	-2.12750e-10	
344	1.657500e-08	4.737042e-01	4.737056e-01	-2.12958e-10	

Index   time            v(bl0)          v(bl7)          vpre#branch     
--------------------------------------------------------------------------------
345	1.662500e-08	4.736835e-01	4.736849e-01	-2.13165e-10	
346	1.667500e-08	4.736629e-01	4.736643e-01	-2.13371e-10	
347	1.672500e-08	4.736423e-01	4.736437e-01	-2.13577e-10	
348	1.677500e-08	4.736219e-01	4.736233e-01	-2.13781e-10	
349	1.682500e-08	4.736016e-01	4.736030e-01	-2.13984e-10	
350	1.687500e-08	4.735813e-01	4.735827e-01	-2.14187e-10	
351	1.692500e-08	4.735612e-01	4.735626e-01	-2.14388e-10	
352	1.697500e-08	4.735411e-01	4.735425e-01	-2.14589e-10	
353	1.702500e-08	4.735212e-01	4.735226e-01	-2.14788e-10	
354	1.707500e-08	4.735013e-01	4.735027e-01	-2.14987e-10	
355	1.712500e-08	4.734816e-01	4.734829e-01	-2.15184e-10	
356	1.717500e-08	4.734619e-01	4.734632e-01	-2.15381e-10	
357	1.722500e-08	4.734423e-01	4.734436e-01	-2.15577e-10	
358	1.727500e-08	4.734228e-01	4.734241e-01	-2.15772e-10	
359	1.732500e-08	4.734034e-01	4.734047e-01	-2.15966e-10	
360	1.737500e-08	4.733841e-01	4.733854e-01	-2.16159e-10	
361	1.742500e-08	4.733648e-01	4.733661e-01	-2.16352e-10	
362	1.747500e-08	4.733457e-01	4.733470e-01	-2.16543e-10	
363	1.752500e-08	4.733266e-01	4.733279e-01	-2.16734e-10	
364	1.757500e-08	4.733076e-01	4.733089e-01	-2.16924e-10	
365	1.762500e-08	4.732887e-01	4.732900e-01	-2.17113e-10	
366	1.767500e-08	4.732699e-01	4.732712e-01	-2.17301e-10	
367	1.772500e-08	4.732512e-01	4.732525e-01	-2.17488e-10	
368	1.777500e-08	4.732326e-01	4.732338e-01	-2.17674e-10	
369	1.782500e-08	4.732140e-01	4.732153e-01	-2.17860e-10	
370	1.787500e-08	4.731955e-01	4.731968e-01	-2.18045e-10	
371	1.792500e-08	4.731771e-01	4.731784e-01	-2.18229e-10	
372	1.797500e-08	4.731588e-01	4.731601e-01	-2.18412e-10	
373	1.802500e-08	4.731406e-01	4.731418e-01	-2.18594e-10	
374	1.807500e-08	4.731224e-01	4.731237e-01	-2.18776e-10	
375	1.812500e-08	4.731043e-01	4.731056e-01	-2.18957e-10	
376	1.817500e-08	4.730863e-01	4.730876e-01	-2.19137e-10	
377	1.822500e-08	4.730684e-01	4.730696e-01	-2.19316e-10	
378	1.827500e-08	4.730506e-01	4.730518e-01	-2.19494e-10	
379	1.832500e-08	4.730328e-01	4.730340e-01	-2.19672e-10	
380	1.837500e-08	4.730151e-01	4.730163e-01	-2.19849e-10	
381	1.842500e-08	4.729975e-01	4.729987e-01	-2.20025e-10	
382	1.847500e-08	4.729799e-01	4.729811e-01	-2.20201e-10	
383	1.852500e-08	4.729624e-01	4.729636e-01	-2.20376e-10	
384	1.857500e-08	4.729450e-01	4.729462e-01	-2.20550e-10	
385	1.862500e-08	4.729277e-01	4.729289e-01	-2.20723e-10	
386	1.867500e-08	4.729104e-01	4.729116e-01	-2.20896e-10	
387	1.872500e-08	4.728933e-01	4.728944e-01	-2.21067e-10	
388	1.877500e-08	4.728761e-01	4.728773e-01	-2.21239e-10	
389	1.882500e-08	4.728591e-01	4.728603e-01	-2.21409e-10	
390	1.887500e-08	4.728421e-01	4.728433e-01	-2.21579e-10	
391	1.892500e-08	4.728252e-01	4.728264e-01	-2.21748e-10	
392	1.897500e-08	4.728084e-01	4.728095e-01	-2.21916e-10	
393	1.902500e-08	4.727916e-01	4.727927e-01	-2.22084e-10	
394	1.907500e-08	4.727749e-01	4.727760e-01	-2.22251e-10	
395	1.912500e-08	4.727583e-01	4.727594e-01	-2.22417e-10	
396	1.917500e-08	4.727417e-01	4.727428e-01	-2.22583e-10	
397	1.922500e-08	4.727252e-01	4.727263e-01	-2.22748e-10	
398	1.927500e-08	4.727088e-01	4.727099e-01	-2.22912e-10	
399	1.932500e-08	4.726924e-01	4.726935e-01	-2.23076e-10	
400	1.937500e-08	4.726761e-01	4.726772e-01	-2.23239e-10	
401	1.942500e-08	4.726598e-01	4.726610e-01	-2.23402e-10	
402	1.947500e-08	4.726437e-01	4.726448e-01	-2.23563e-10	

Index   time            v(bl0)          v(bl7)          vpre#branch     
--------------------------------------------------------------------------------
403	1.952500e-08	4.726275e-01	4.726287e-01	-2.23725e-10	
404	1.957500e-08	4.726115e-01	4.726126e-01	-2.23885e-10	
405	1.962500e-08	4.725955e-01	4.725966e-01	-2.24045e-10	
406	1.967500e-08	4.725796e-01	4.725807e-01	-2.24204e-10	
407	1.972500e-08	4.725637e-01	4.725648e-01	-2.24363e-10	
408	1.977500e-08	4.725479e-01	4.725490e-01	-2.24521e-10	
409	1.982500e-08	4.725322e-01	4.725333e-01	-2.24678e-10	
410	1.987500e-08	4.725165e-01	4.725176e-01	-2.24835e-10	
411	1.992500e-08	4.725009e-01	4.725019e-01	-2.24991e-10	
412	1.997500e-08	4.724853e-01	4.724864e-01	-2.25147e-10	
413	2.002500e-08	4.724698e-01	4.724709e-01	-2.25302e-10	
414	2.007500e-08	4.724544e-01	4.724554e-01	-2.25456e-10	
415	2.012500e-08	4.724390e-01	4.724400e-01	-2.25610e-10	
416	2.017500e-08	4.724237e-01	4.724247e-01	-2.25763e-10	
417	2.022500e-08	4.724084e-01	4.724094e-01	-2.25916e-10	
418	2.027500e-08	4.723932e-01	4.723942e-01	-2.26068e-10	
419	2.032500e-08	4.723780e-01	4.723791e-01	-2.26220e-10	
420	2.037500e-08	4.723629e-01	4.723640e-01	-2.26371e-10	
421	2.042500e-08	4.723479e-01	4.723489e-01	-2.26521e-10	
422	2.047500e-08	4.723329e-01	4.723339e-01	-2.26671e-10	
423	2.052500e-08	4.723180e-01	4.723190e-01	-2.26820e-10	
424	2.057500e-08	4.723031e-01	4.723041e-01	-2.26969e-10	
425	2.062500e-08	4.722883e-01	4.722893e-01	-2.27117e-10	
426	2.067500e-08	4.722735e-01	4.722745e-01	-2.27265e-10	
427	2.072500e-08	4.722588e-01	4.722598e-01	-2.27412e-10	
428	2.077500e-08	4.722441e-01	4.722451e-01	-2.27559e-10	
429	2.082500e-08	4.722295e-01	4.722305e-01	-2.27705e-10	
430	2.087500e-08	4.722150e-01	4.722160e-01	-2.27850e-10	
431	2.092500e-08	4.722005e-01	4.722015e-01	-2.27995e-10	
432	2.097500e-08	4.721860e-01	4.721870e-01	-2.28140e-10	
433	2.102500e-08	4.721716e-01	4.721726e-01	-2.28284e-10	
434	2.107500e-08	4.721573e-01	4.721583e-01	-2.28427e-10	
435	2.112500e-08	4.721430e-01	4.721440e-01	-2.28570e-10	
436	2.117500e-08	4.721287e-01	4.721297e-01	-2.28713e-10	
437	2.122500e-08	4.721145e-01	4.721155e-01	-2.28855e-10	
438	2.127500e-08	4.721004e-01	4.721014e-01	-2.28996e-10	
439	2.132500e-08	4.720863e-01	4.720873e-01	-2.29137e-10	
440	2.137500e-08	4.720723e-01	4.720732e-01	-2.29277e-10	
441	2.142500e-08	4.720583e-01	4.720592e-01	-2.29417e-10	
442	2.147500e-08	4.720443e-01	4.720453e-01	-2.29557e-10	
443	2.152500e-08	4.720304e-01	4.720314e-01	-2.29696e-10	
444	2.157500e-08	4.720166e-01	4.720175e-01	-2.29834e-10	
445	2.162500e-08	4.720028e-01	4.720037e-01	-2.29972e-10	
446	2.167500e-08	4.719890e-01	4.719900e-01	-2.30110e-10	
447	2.172500e-08	4.719753e-01	4.719763e-01	-2.30247e-10	
448	2.177500e-08	4.719617e-01	4.719626e-01	-2.30383e-10	
449	2.182500e-08	4.719481e-01	4.719490e-01	-2.30519e-10	
450	2.187500e-08	4.719345e-01	4.719354e-01	-2.30655e-10	
451	2.192500e-08	4.719210e-01	4.719219e-01	-2.30790e-10	
452	2.197500e-08	4.719075e-01	4.719084e-01	-2.30925e-10	
453	2.202500e-08	4.718941e-01	4.718950e-01	-2.31059e-10	
454	2.207500e-08	4.718807e-01	4.718816e-01	-2.31193e-10	
455	2.212500e-08	4.718673e-01	4.718683e-01	-2.31327e-10	
456	2.217500e-08	4.718540e-01	4.718550e-01	-2.31460e-10	
457	2.222500e-08	4.718408e-01	4.718417e-01	-2.31592e-10	
458	2.227500e-08	4.718276e-01	4.718285e-01	-2.31724e-10	
459	2.232500e-08	4.718144e-01	4.718153e-01	-2.31856e-10	
460	2.237500e-08	4.718013e-01	4.718022e-01	-2.31987e-10	

Index   time            v(bl0)          v(bl7)          vpre#branch     
--------------------------------------------------------------------------------
461	2.242500e-08	4.717882e-01	4.717891e-01	-2.32118e-10	
462	2.247500e-08	4.717752e-01	4.717761e-01	-2.32248e-10	
463	2.252500e-08	4.717622e-01	4.717631e-01	-2.32378e-10	
464	2.257500e-08	4.717493e-01	4.717502e-01	-2.32507e-10	
465	2.262500e-08	4.717364e-01	4.717373e-01	-2.32636e-10	
466	2.267500e-08	4.717235e-01	4.717244e-01	-2.32765e-10	
467	2.272500e-08	4.717107e-01	4.717116e-01	-2.32893e-10	
468	2.277500e-08	4.716979e-01	4.716988e-01	-2.33021e-10	
469	2.282500e-08	4.716852e-01	4.716861e-01	-2.33148e-10	
470	2.287500e-08	4.716725e-01	4.716734e-01	-2.33275e-10	
471	2.292500e-08	4.716598e-01	4.716607e-01	-2.33402e-10	
472	2.297500e-08	4.716472e-01	4.716481e-01	-2.33528e-10	
473	2.302500e-08	4.716347e-01	4.716355e-01	-2.33653e-10	
474	2.307500e-08	4.716221e-01	4.716230e-01	-2.33779e-10	
475	2.312500e-08	4.716096e-01	4.716105e-01	-2.33904e-10	
476	2.317500e-08	4.715972e-01	4.715980e-01	-2.34028e-10	
477	2.322500e-08	4.715848e-01	4.715856e-01	-2.34152e-10	
478	2.327500e-08	4.715724e-01	4.715732e-01	-2.34276e-10	
479	2.332500e-08	4.715601e-01	4.715609e-01	-2.34399e-10	
480	2.337500e-08	4.715478e-01	4.715486e-01	-2.34522e-10	
481	2.342500e-08	4.715355e-01	4.715363e-01	-2.34645e-10	
482	2.347500e-08	4.715233e-01	4.715241e-01	-2.34767e-10	
483	2.352500e-08	4.715111e-01	4.715119e-01	-2.34889e-10	
484	2.357500e-08	4.714990e-01	4.714998e-01	-2.35010e-10	
485	2.362500e-08	4.714869e-01	4.714877e-01	-2.35131e-10	
486	2.367500e-08	4.714748e-01	4.714756e-01	-2.35252e-10	
487	2.372500e-08	4.714628e-01	4.714636e-01	-2.35372e-10	
488	2.377500e-08	4.714508e-01	4.714516e-01	-2.35492e-10	
489	2.382500e-08	4.714388e-01	4.714396e-01	-2.35612e-10	
490	2.387500e-08	4.714269e-01	4.714277e-01	-2.35731e-10	
491	2.392500e-08	4.714150e-01	4.714158e-01	-2.35850e-10	
492	2.397500e-08	4.714032e-01	4.714040e-01	-2.35968e-10	
493	2.402500e-08	4.713913e-01	4.713922e-01	-2.36087e-10	
494	2.407500e-08	4.713796e-01	4.713804e-01	-2.36204e-10	
495	2.412500e-08	4.713678e-01	4.713686e-01	-2.36322e-10	
496	2.417500e-08	4.713561e-01	4.713569e-01	-2.36439e-10	
497	2.422500e-08	4.713445e-01	4.713453e-01	-2.36555e-10	
498	2.427500e-08	4.713328e-01	4.713336e-01	-2.36672e-10	
499	2.432500e-08	4.713212e-01	4.713220e-01	-2.36788e-10	
500	2.437500e-08	4.713097e-01	4.713104e-01	-2.36903e-10	
501	2.442500e-08	4.712981e-01	4.712989e-01	-2.37019e-10	
502	2.447500e-08	4.712866e-01	4.712874e-01	-2.37134e-10	
503	2.452500e-08	4.712752e-01	4.712760e-01	-2.37248e-10	
504	2.457500e-08	4.712637e-01	4.712645e-01	-2.37363e-10	
505	2.462500e-08	4.712523e-01	4.712531e-01	-2.37477e-10	
506	2.467500e-08	4.712410e-01	4.712418e-01	-2.37590e-10	
507	2.472500e-08	4.712297e-01	4.712304e-01	-2.37703e-10	
508	2.477500e-08	4.712184e-01	4.712191e-01	-2.37816e-10	
509	2.482500e-08	4.712071e-01	4.712079e-01	-2.37929e-10	
510	2.487500e-08	4.711959e-01	4.711966e-01	-2.38041e-10	
511	2.492500e-08	4.711847e-01	4.711854e-01	-2.38153e-10	
512	2.496250e-08	4.711763e-01	4.711771e-01	-2.38237e-10	
513	2.500000e-08	4.711679e-01	4.711687e-01	-2.38321e-10	


Total analysis time (seconds) = 0.0580648

Total elapsed time (seconds) = 0.066 

Total DRAM available = 386307.215 MB.
DRAM currently available = 7966.336 MB.
Maximum ngspice program size =  529.844 MB.
Current ngspice program size =   14.223 MB.

Shared ngspice pages =   12.285 MB.
Text (code) pages =    6.266 MB.
Stack = 0 bytes.
Library pages =   59.262 MB.

