
Note: No compatibility mode selected!


Circuit: * wl switching transient

Doing analysis at TEMP = 27.000000 and TNOM = 27.000000

Using SPARSE 1.3 as Direct Linear Solver

Initial Transient Solution
--------------------------

Node                                   Voltage
----                                   -------
d                                        0.495
g                                            0
s                                            0
vg#branch                                    0
vd#branch                         -2.06864e-14
vs#branch                          2.06864e-14


No. of Data Rows : 217
                            * wl switching transient
                            Transient Analysis  Wed Jun 24 01:08:35  2026
--------------------------------------------------------------------------------
Index   time            v(g)            vg#branch       
--------------------------------------------------------------------------------
0	0.000000e+00	0.000000e+00	0.000000e+00	
1	1.000000e-12	0.000000e+00	1.215094e-21	
2	2.000000e-12	0.000000e+00	3.680606e-22	
3	4.000000e-12	0.000000e+00	3.680606e-22	
4	8.000000e-12	0.000000e+00	1.840303e-22	
5	1.600000e-11	0.000000e+00	7.272898e-22	
6	3.200000e-11	0.000000e+00	-2.71630e-22	
7	6.400000e-11	0.000000e+00	4.465203e-22	
8	1.280000e-10	0.000000e+00	-3.59075e-22	
9	2.280000e-10	0.000000e+00	3.620563e-22	
10	3.280000e-10	0.000000e+00	-3.26158e-22	
11	4.280000e-10	0.000000e+00	3.620563e-22	
12	5.280000e-10	0.000000e+00	-3.26158e-22	
13	6.280000e-10	0.000000e+00	3.620563e-22	
14	7.280000e-10	0.000000e+00	-3.26158e-22	
15	8.280000e-10	0.000000e+00	3.620563e-22	
16	9.140000e-10	0.000000e+00	-3.29700e-22	
17	1.000000e-09	0.000000e+00	3.717495e-22	
18	1.010000e-09	9.900000e-03	-1.56712e-08	
19	1.030000e-09	2.970000e-02	-1.58049e-08	
20	1.070000e-09	6.930000e-02	-1.56721e-08	
21	1.150000e-09	1.485000e-01	-1.58045e-08	
22	1.250000e-09	2.475000e-01	-1.56723e-08	
23	1.350000e-09	3.465000e-01	-1.58048e-08	
24	1.450000e-09	4.455000e-01	-1.56788e-08	
25	1.550000e-09	5.445000e-01	-1.58728e-08	
26	1.650000e-09	6.435000e-01	-1.62837e-08	
27	1.750000e-09	7.425000e-01	-1.80668e-08	
28	1.850000e-09	8.415000e-01	-1.85669e-08	
29	1.925000e-09	9.157500e-01	-1.91423e-08	
30	2.000000e-09	9.900000e-01	-1.90711e-08	
31	2.010000e-09	9.900000e-01	-9.99266e-11	
32	2.030000e-09	9.900000e-01	9.887287e-11	
33	2.070000e-09	9.900000e-01	-9.83500e-11	
34	2.150000e-09	9.900000e-01	9.808964e-11	
35	2.250000e-09	9.900000e-01	-9.78818e-11	
36	2.350000e-09	9.900000e-01	9.767447e-11	
37	2.450000e-09	9.900000e-01	-9.74676e-11	
38	2.550000e-09	9.900000e-01	9.726107e-11	
39	2.650000e-09	9.900000e-01	-9.70550e-11	
40	2.750000e-09	9.900000e-01	9.684943e-11	
41	2.850000e-09	9.900000e-01	-9.66443e-11	
42	2.950000e-09	9.900000e-01	9.643954e-11	
43	3.050000e-09	9.900000e-01	-9.62352e-11	
44	3.150000e-09	9.900000e-01	9.603139e-11	
45	3.250000e-09	9.900000e-01	-9.58280e-11	
46	3.350000e-09	9.900000e-01	9.562499e-11	
47	3.450000e-09	9.900000e-01	-9.54224e-11	
48	3.550000e-09	9.900000e-01	9.522031e-11	
49	3.650000e-09	9.900000e-01	-9.50186e-11	
50	3.750000e-09	9.900000e-01	9.481735e-11	
51	3.850000e-09	9.900000e-01	-9.46165e-11	
52	3.950000e-09	9.900000e-01	9.441611e-11	
53	4.050000e-09	9.900000e-01	-9.42161e-11	
54	4.150000e-09	9.900000e-01	9.401658e-11	

Index   time            v(g)            vg#branch       
--------------------------------------------------------------------------------
55	4.250000e-09	9.900000e-01	-9.38174e-11	
56	4.350000e-09	9.900000e-01	9.361874e-11	
57	4.450000e-09	9.900000e-01	-9.34205e-11	
58	4.550000e-09	9.900000e-01	9.322260e-11	
59	4.650000e-09	9.900000e-01	-9.30252e-11	
60	4.750000e-09	9.900000e-01	9.282815e-11	
61	4.850000e-09	9.900000e-01	-9.26316e-11	
62	4.950000e-09	9.900000e-01	9.243537e-11	
63	5.050000e-09	9.900000e-01	-9.22396e-11	
64	5.150000e-09	9.900000e-01	9.204427e-11	
65	5.250000e-09	9.900000e-01	-9.18493e-11	
66	5.350000e-09	9.900000e-01	9.165483e-11	
67	5.450000e-09	9.900000e-01	-9.14607e-11	
68	5.550000e-09	9.900000e-01	9.126704e-11	
69	5.650000e-09	9.900000e-01	-9.10738e-11	
70	5.750000e-09	9.900000e-01	9.088091e-11	
71	5.850000e-09	9.900000e-01	-9.06885e-11	
72	5.950000e-09	9.900000e-01	9.049642e-11	
73	6.050000e-09	9.900000e-01	-9.03048e-11	
74	6.150000e-09	9.900000e-01	9.011356e-11	
75	6.250000e-09	9.900000e-01	-8.99227e-11	
76	6.350000e-09	9.900000e-01	8.973233e-11	
77	6.450000e-09	9.900000e-01	-8.95423e-11	
78	6.550000e-09	9.900000e-01	8.935273e-11	
79	6.650000e-09	9.900000e-01	-8.91635e-11	
80	6.750000e-09	9.900000e-01	8.897474e-11	
81	6.850000e-09	9.900000e-01	-8.87863e-11	
82	6.950000e-09	9.900000e-01	8.859836e-11	
83	7.050000e-09	9.900000e-01	-8.84108e-11	
84	7.150000e-09	9.900000e-01	8.822358e-11	
85	7.250000e-09	9.900000e-01	-8.80368e-11	
86	7.350000e-09	9.900000e-01	8.785039e-11	
87	7.450000e-09	9.900000e-01	-8.76644e-11	
88	7.550000e-09	9.900000e-01	8.747879e-11	
89	7.650000e-09	9.900000e-01	-8.72936e-11	
90	7.750000e-09	9.900000e-01	8.710878e-11	
91	7.850000e-09	9.900000e-01	-8.69244e-11	
92	7.950000e-09	9.900000e-01	8.674033e-11	
93	8.050000e-09	9.900000e-01	-8.65567e-11	
94	8.150000e-09	9.900000e-01	8.637346e-11	
95	8.250000e-09	9.900000e-01	-8.61906e-11	
96	8.350000e-09	9.900000e-01	8.600814e-11	
97	8.450000e-09	9.900000e-01	-8.58261e-11	
98	8.550000e-09	9.900000e-01	8.564438e-11	
99	8.650000e-09	9.900000e-01	-8.54631e-11	
100	8.750000e-09	9.900000e-01	8.528216e-11	
101	8.850000e-09	9.900000e-01	-8.51016e-11	
102	8.950000e-09	9.900000e-01	8.492149e-11	
103	9.050000e-09	9.900000e-01	-8.47417e-11	
104	9.150000e-09	9.900000e-01	8.456235e-11	
105	9.250000e-09	9.900000e-01	-8.43834e-11	
106	9.350000e-09	9.900000e-01	8.420474e-11	
107	9.450000e-09	9.900000e-01	-8.40265e-11	
108	9.550000e-09	9.900000e-01	8.384865e-11	
109	9.650000e-09	9.900000e-01	-8.36712e-11	
110	9.750000e-09	9.900000e-01	8.349407e-11	
111	9.850000e-09	9.900000e-01	-8.33173e-11	
112	9.925000e-09	9.900000e-01	8.308230e-11	

Index   time            v(g)            vg#branch       
--------------------------------------------------------------------------------
113	1.000000e-08	9.900000e-01	-8.28479e-11	
114	1.001000e-08	9.900000e-01	-4.36509e-13	
115	1.003000e-08	9.900000e-01	4.318832e-13	
116	1.007000e-08	9.900000e-01	-4.29589e-13	
117	1.015000e-08	9.900000e-01	4.284461e-13	
118	1.025000e-08	9.900000e-01	-4.27534e-13	
119	1.035000e-08	9.900000e-01	4.266242e-13	
120	1.045000e-08	9.900000e-01	-4.25716e-13	
121	1.055000e-08	9.900000e-01	4.248101e-13	
122	1.065000e-08	9.900000e-01	-4.23906e-13	
123	1.075000e-08	9.900000e-01	4.230037e-13	
124	1.085000e-08	9.900000e-01	-4.22103e-13	
125	1.095000e-08	9.900000e-01	4.212051e-13	
126	1.105000e-08	9.900000e-01	-4.20309e-13	
127	1.115000e-08	9.900000e-01	4.194141e-13	
128	1.125000e-08	9.900000e-01	-4.18522e-13	
129	1.135000e-08	9.900000e-01	4.176308e-13	
130	1.145000e-08	9.900000e-01	-4.16742e-13	
131	1.155000e-08	9.900000e-01	4.158551e-13	
132	1.165000e-08	9.900000e-01	-4.14970e-13	
133	1.175000e-08	9.900000e-01	4.140871e-13	
134	1.185000e-08	9.900000e-01	-4.13206e-13	
135	1.195000e-08	9.900000e-01	4.123265e-13	
136	1.205000e-08	9.900000e-01	-4.11449e-13	
137	1.215000e-08	9.900000e-01	4.105735e-13	
138	1.225000e-08	9.900000e-01	-4.09700e-13	
139	1.235000e-08	9.900000e-01	4.088279e-13	
140	1.245000e-08	9.900000e-01	-4.07958e-13	
141	1.255000e-08	9.900000e-01	4.070899e-13	
142	1.265000e-08	9.900000e-01	-4.06224e-13	
143	1.275000e-08	9.900000e-01	4.053592e-13	
144	1.285000e-08	9.900000e-01	-4.04497e-13	
145	1.295000e-08	9.900000e-01	4.036360e-13	
146	1.305000e-08	9.900000e-01	-4.02777e-13	
147	1.315000e-08	9.900000e-01	4.019201e-13	
148	1.325000e-08	9.900000e-01	-4.01065e-13	
149	1.335000e-08	9.900000e-01	4.002115e-13	
150	1.345000e-08	9.900000e-01	-3.99360e-13	
151	1.355000e-08	9.900000e-01	3.985102e-13	
152	1.365000e-08	9.900000e-01	-3.97662e-13	
153	1.375000e-08	9.900000e-01	3.968162e-13	
154	1.385000e-08	9.900000e-01	-3.95972e-13	
155	1.395000e-08	9.900000e-01	3.951294e-13	
156	1.405000e-08	9.900000e-01	-3.94289e-13	
157	1.415000e-08	9.900000e-01	3.934499e-13	
158	1.425000e-08	9.900000e-01	-3.92613e-13	
159	1.435000e-08	9.900000e-01	3.917775e-13	
160	1.445000e-08	9.900000e-01	-3.90944e-13	
161	1.455000e-08	9.900000e-01	3.901122e-13	
162	1.465000e-08	9.900000e-01	-3.89282e-13	
163	1.475000e-08	9.900000e-01	3.884541e-13	
164	1.485000e-08	9.900000e-01	-3.87628e-13	
165	1.495000e-08	9.900000e-01	3.868031e-13	
166	1.505000e-08	9.900000e-01	-3.85980e-13	
167	1.515000e-08	9.900000e-01	3.851591e-13	
168	1.525000e-08	9.900000e-01	-3.84340e-13	
169	1.535000e-08	9.900000e-01	3.835221e-13	
170	1.545000e-08	9.900000e-01	-3.82706e-13	

Index   time            v(g)            vg#branch       
--------------------------------------------------------------------------------
171	1.555000e-08	9.900000e-01	3.818921e-13	
172	1.565000e-08	9.900000e-01	-3.81080e-13	
173	1.575000e-08	9.900000e-01	3.802691e-13	
174	1.585000e-08	9.900000e-01	-3.79460e-13	
175	1.595000e-08	9.900000e-01	3.786530e-13	
176	1.605000e-08	9.900000e-01	-3.77848e-13	
177	1.615000e-08	9.900000e-01	3.770438e-13	
178	1.625000e-08	9.900000e-01	-3.76242e-13	
179	1.635000e-08	9.900000e-01	3.754415e-13	
180	1.645000e-08	9.900000e-01	-3.74643e-13	
181	1.655000e-08	9.900000e-01	3.738460e-13	
182	1.665000e-08	9.900000e-01	-3.73051e-13	
183	1.675000e-08	9.900000e-01	3.722573e-13	
184	1.685000e-08	9.900000e-01	-3.71466e-13	
185	1.695000e-08	9.900000e-01	3.706754e-13	
186	1.705000e-08	9.900000e-01	-3.69887e-13	
187	1.715000e-08	9.900000e-01	3.691003e-13	
188	1.725000e-08	9.900000e-01	-3.68315e-13	
189	1.735000e-08	9.900000e-01	3.675319e-13	
190	1.745000e-08	9.900000e-01	-3.66750e-13	
191	1.755000e-08	9.900000e-01	3.659702e-13	
192	1.765000e-08	9.900000e-01	-3.65192e-13	
193	1.775000e-08	9.900000e-01	3.644152e-13	
194	1.785000e-08	9.900000e-01	-3.63640e-13	
195	1.795000e-08	9.900000e-01	3.628668e-13	
196	1.805000e-08	9.900000e-01	-3.62095e-13	
197	1.815000e-08	9.900000e-01	3.613250e-13	
198	1.825000e-08	9.900000e-01	-3.60557e-13	
199	1.835000e-08	9.900000e-01	3.597898e-13	
200	1.845000e-08	9.900000e-01	-3.59025e-13	
201	1.855000e-08	9.900000e-01	3.582611e-13	
202	1.865000e-08	9.900000e-01	-3.57499e-13	
203	1.875000e-08	9.900000e-01	3.567390e-13	
204	1.885000e-08	9.900000e-01	-3.55980e-13	
205	1.895000e-08	9.900000e-01	3.552234e-13	
206	1.905000e-08	9.900000e-01	-3.54468e-13	
207	1.915000e-08	9.900000e-01	3.537143e-13	
208	1.925000e-08	9.900000e-01	-3.52962e-13	
209	1.935000e-08	9.900000e-01	3.522116e-13	
210	1.945000e-08	9.900000e-01	-3.51463e-13	
211	1.955000e-08	9.900000e-01	3.507153e-13	
212	1.965000e-08	9.900000e-01	-3.49970e-13	
213	1.975000e-08	9.900000e-01	3.492254e-13	
214	1.985000e-08	9.900000e-01	-3.48483e-13	
215	1.992500e-08	9.900000e-01	3.474952e-13	
216	2.000000e-08	9.900000e-01	-3.46510e-13	


Total analysis time (seconds) = 0.015171

Total elapsed time (seconds) = 0.020 

Total DRAM available = 386307.215 MB.
DRAM currently available = 7946.250 MB.
Maximum ngspice program size =  529.719 MB.
Current ngspice program size =   14.012 MB.

Shared ngspice pages =   12.250 MB.
Text (code) pages =    6.266 MB.
Stack = 0 bytes.
Library pages =   59.137 MB.

