
Note: No compatibility mode selected!


Circuit: * 1t1c ccell=30.0ff

Warning: Model issue on line 7 :
  .model nfet bsimcmg_va type=1 bulkmod=0 bulkmod=0 igcmod=0 igbmod=0 gidl ...
unrecognized parameter (sasatcv) - ignored

Doing analysis at TEMP = 125.000000 and TNOM = 27.000000

Using SPARSE 1.3 as Direct Linear Solver

Initial Transient Solution
--------------------------

Node                                   Voltage
----                                   -------
pre                                     0.3375
bl                                      0.3375
wl                                           0
plate                                        0
s                                            0
cell                                         0
vs#branch                                    0
vpl#branch                                   0
vwl#branch                                   0
vpre#branch                                  0


No. of Data Rows : 832

  Measurements for Transient Analysis

t_write             =  1.90068e-09
t_read              =  2.29987e-08
i_hold              =  -3.30090e-10 from=  2.50000e-08 to=  3.50250e-08
q_read              =   8.65453e-20 from=  1.20000e-08 to=  2.20000e-08

                              * 1t1c ccell=30.0ff
                              Transient Analysis  Tue Jun 23 23:52:02  2026
--------------------------------------------------------------------------------
Index   time            v(cell)         v(bl)           vpre#branch     
--------------------------------------------------------------------------------
0	0.000000e+00	0.000000e+00	3.375000e-01	0.000000e+00	
1	5.000000e-13	1.071259e-08	3.374817e-01	-1.82733e-13	
2	1.000000e-12	2.142346e-08	3.374681e-01	-3.18800e-13	
3	2.000000e-12	4.284422e-08	3.374409e-01	-5.90875e-13	
4	4.000000e-12	8.568415e-08	3.373865e-01	-1.13467e-12	
5	8.000000e-12	1.713610e-07	3.372779e-01	-2.22083e-12	
6	1.600000e-11	3.427008e-07	3.370613e-01	-4.38748e-12	
7	3.200000e-11	6.853264e-07	3.366302e-01	-8.69815e-12	
8	6.400000e-11	1.370362e-06	3.357770e-01	-1.72297e-11	
9	1.140000e-10	2.440160e-06	3.344676e-01	-3.03243e-11	
10	1.640000e-10	3.509275e-06	3.331864e-01	-4.31359e-11	
11	2.140000e-10	4.577719e-06	3.319329e-01	-5.56707e-11	
12	2.640000e-10	5.645502e-06	3.307065e-01	-6.79347e-11	
13	3.140000e-10	6.712637e-06	3.295066e-01	-7.99336e-11	
14	3.640000e-10	7.779136e-06	3.283327e-01	-9.16733e-11	
15	4.140000e-10	8.845011e-06	3.271841e-01	-1.03159e-10	
16	4.640000e-10	9.910272e-06	3.260603e-01	-1.14397e-10	
17	5.140000e-10	1.097493e-05	3.249609e-01	-1.25391e-10	
18	5.640000e-10	1.203900e-05	3.238852e-01	-1.36148e-10	
19	6.140000e-10	1.310248e-05	3.228328e-01	-1.46672e-10	
20	6.640000e-10	1.416540e-05	3.218031e-01	-1.56969e-10	
21	7.140000e-10	1.522776e-05	3.207957e-01	-1.67043e-10	
22	7.640000e-10	1.628957e-05	3.198101e-01	-1.76899e-10	
23	8.140000e-10	1.735084e-05	3.188458e-01	-1.86542e-10	
24	8.640000e-10	1.841157e-05	3.179024e-01	-1.95976e-10	
25	9.140000e-10	1.947179e-05	3.169794e-01	-2.05206e-10	
26	9.570000e-10	2.038317e-05	3.162016e-01	-2.12984e-10	
27	1.000000e-09	2.129418e-05	3.154383e-01	-2.20617e-10	
28	1.005000e-09	3.393818e-03	3.153554e-01	-2.21446e-10	
29	1.015000e-09	1.013868e-02	3.152089e-01	-2.22911e-10	
30	1.035000e-09	2.362832e-02	3.150132e-01	-2.24868e-10	
31	1.075000e-09	5.060744e-02	3.148915e-01	-2.26085e-10	
32	1.125000e-09	8.433111e-02	3.150465e-01	-2.24535e-10	
33	1.175000e-09	1.180547e-01	3.153702e-01	-2.21298e-10	
34	1.225000e-09	1.517781e-01	3.157759e-01	-2.17241e-10	
35	1.275000e-09	1.855016e-01	3.162140e-01	-2.12860e-10	
36	1.325000e-09	2.192251e-01	3.166523e-01	-2.08477e-10	
37	1.375000e-09	2.529485e-01	3.170858e-01	-2.04142e-10	
38	1.425000e-09	2.866720e-01	3.175121e-01	-1.99879e-10	
39	1.475000e-09	3.203954e-01	3.179306e-01	-1.95694e-10	
40	1.525000e-09	3.541189e-01	3.183412e-01	-1.91588e-10	
41	1.575000e-09	3.878423e-01	3.187434e-01	-1.87566e-10	
42	1.625000e-09	4.215657e-01	3.191372e-01	-1.83628e-10	
43	1.675000e-09	4.552892e-01	3.195228e-01	-1.79772e-10	
44	1.725000e-09	4.890126e-01	3.199002e-01	-1.75998e-10	
45	1.775000e-09	5.227361e-01	3.202698e-01	-1.72302e-10	
46	1.825000e-09	5.564595e-01	3.206317e-01	-1.68683e-10	
47	1.875000e-09	5.901830e-01	3.209860e-01	-1.65140e-10	
48	1.925000e-09	6.239064e-01	3.213329e-01	-1.61671e-10	
49	1.962500e-09	6.491990e-01	3.215883e-01	-1.59117e-10	
50	2.000000e-09	6.744916e-01	3.218397e-01	-1.56603e-10	
51	2.005000e-09	6.744915e-01	3.218729e-01	-1.56271e-10	
52	2.015000e-09	6.744915e-01	3.219391e-01	-1.55609e-10	
53	2.035000e-09	6.744915e-01	3.220707e-01	-1.54293e-10	
54	2.075000e-09	6.744915e-01	3.223306e-01	-1.51694e-10	

Index   time            v(cell)         v(bl)           vpre#branch     
--------------------------------------------------------------------------------
55	2.125000e-09	6.744915e-01	3.226493e-01	-1.48507e-10	
56	2.175000e-09	6.744915e-01	3.229614e-01	-1.45386e-10	
57	2.225000e-09	6.744915e-01	3.232669e-01	-1.42331e-10	
58	2.275000e-09	6.744915e-01	3.235660e-01	-1.39340e-10	
59	2.325000e-09	6.744915e-01	3.238588e-01	-1.36412e-10	
60	2.375000e-09	6.744915e-01	3.241455e-01	-1.33545e-10	
61	2.425000e-09	6.744915e-01	3.244262e-01	-1.30738e-10	
62	2.475000e-09	6.744915e-01	3.247010e-01	-1.27990e-10	
63	2.525000e-09	6.744915e-01	3.249700e-01	-1.25300e-10	
64	2.575000e-09	6.744915e-01	3.252334e-01	-1.22666e-10	
65	2.625000e-09	6.744915e-01	3.254913e-01	-1.20087e-10	
66	2.675000e-09	6.744915e-01	3.257438e-01	-1.17562e-10	
67	2.725000e-09	6.744915e-01	3.259909e-01	-1.15091e-10	
68	2.775000e-09	6.744915e-01	3.262329e-01	-1.12671e-10	
69	2.825000e-09	6.744915e-01	3.264699e-01	-1.10301e-10	
70	2.875000e-09	6.744915e-01	3.267018e-01	-1.07982e-10	
71	2.925000e-09	6.744915e-01	3.269289e-01	-1.05711e-10	
72	2.975000e-09	6.744915e-01	3.271512e-01	-1.03488e-10	
73	3.025000e-09	6.744915e-01	3.273689e-01	-1.01311e-10	
74	3.075000e-09	6.744915e-01	3.275820e-01	-9.91803e-11	
75	3.125000e-09	6.744915e-01	3.277906e-01	-9.70940e-11	
76	3.175000e-09	6.744915e-01	3.279949e-01	-9.50514e-11	
77	3.225000e-09	6.744915e-01	3.281948e-01	-9.30516e-11	
78	3.275000e-09	6.744915e-01	3.283906e-01	-9.10938e-11	
79	3.325000e-09	6.744915e-01	3.285823e-01	-8.91770e-11	
80	3.375000e-09	6.744915e-01	3.287700e-01	-8.73004e-11	
81	3.425000e-09	6.744915e-01	3.289537e-01	-8.54632e-11	
82	3.475000e-09	6.744915e-01	3.291336e-01	-8.36645e-11	
83	3.525000e-09	6.744915e-01	3.293097e-01	-8.19035e-11	
84	3.575000e-09	6.744915e-01	3.294821e-01	-8.01794e-11	
85	3.625000e-09	6.744915e-01	3.296509e-01	-7.84914e-11	
86	3.675000e-09	6.744915e-01	3.298161e-01	-7.68388e-11	
87	3.725000e-09	6.744915e-01	3.299779e-01	-7.52209e-11	
88	3.775000e-09	6.744915e-01	3.301363e-01	-7.36369e-11	
89	3.825000e-09	6.744915e-01	3.302914e-01	-7.20861e-11	
90	3.875000e-09	6.744915e-01	3.304432e-01	-7.05679e-11	
91	3.925000e-09	6.744915e-01	3.305919e-01	-6.90814e-11	
92	3.975000e-09	6.744915e-01	3.307374e-01	-6.76261e-11	
93	4.025000e-09	6.744915e-01	3.308799e-01	-6.62014e-11	
94	4.075000e-09	6.744915e-01	3.310194e-01	-6.48065e-11	
95	4.125000e-09	6.744915e-01	3.311559e-01	-6.34408e-11	
96	4.175000e-09	6.744915e-01	3.312896e-01	-6.21038e-11	
97	4.225000e-09	6.744915e-01	3.314205e-01	-6.07948e-11	
98	4.275000e-09	6.744915e-01	3.315487e-01	-5.95132e-11	
99	4.325000e-09	6.744915e-01	3.316741e-01	-5.82585e-11	
100	4.375000e-09	6.744915e-01	3.317970e-01	-5.70301e-11	
101	4.425000e-09	6.744915e-01	3.319173e-01	-5.58275e-11	
102	4.475000e-09	6.744915e-01	3.320350e-01	-5.46500e-11	
103	4.525000e-09	6.744915e-01	3.321503e-01	-5.34973e-11	
104	4.575000e-09	6.744915e-01	3.322631e-01	-5.23687e-11	
105	4.625000e-09	6.744915e-01	3.323736e-01	-5.12638e-11	
106	4.675000e-09	6.744915e-01	3.324818e-01	-5.01821e-11	
107	4.725000e-09	6.744915e-01	3.325877e-01	-4.91230e-11	
108	4.775000e-09	6.744915e-01	3.326914e-01	-4.80861e-11	
109	4.825000e-09	6.744915e-01	3.327929e-01	-4.70710e-11	
110	4.875000e-09	6.744915e-01	3.328923e-01	-4.60771e-11	
111	4.925000e-09	6.744915e-01	3.329896e-01	-4.51041e-11	
112	4.975000e-09	6.744915e-01	3.330849e-01	-4.41515e-11	

Index   time            v(cell)         v(bl)           vpre#branch     
--------------------------------------------------------------------------------
113	5.025000e-09	6.744915e-01	3.331781e-01	-4.32188e-11	
114	5.075000e-09	6.744915e-01	3.332694e-01	-4.23057e-11	
115	5.125000e-09	6.744915e-01	3.333588e-01	-4.14118e-11	
116	5.175000e-09	6.744915e-01	3.334463e-01	-4.05365e-11	
117	5.225000e-09	6.744915e-01	3.335320e-01	-3.96797e-11	
118	5.275000e-09	6.744915e-01	3.336159e-01	-3.88408e-11	
119	5.325000e-09	6.744915e-01	3.336981e-01	-3.80194e-11	
120	5.375000e-09	6.744915e-01	3.337785e-01	-3.72153e-11	
121	5.425000e-09	6.744915e-01	3.338572e-01	-3.64281e-11	
122	5.475000e-09	6.744915e-01	3.339343e-01	-3.56573e-11	
123	5.525000e-09	6.744915e-01	3.340097e-01	-3.49028e-11	
124	5.575000e-09	6.744915e-01	3.340836e-01	-3.41640e-11	
125	5.625000e-09	6.744915e-01	3.341559e-01	-3.34407e-11	
126	5.675000e-09	6.744915e-01	3.342267e-01	-3.27326e-11	
127	5.725000e-09	6.744915e-01	3.342961e-01	-3.20393e-11	
128	5.775000e-09	6.744915e-01	3.343639e-01	-3.13606e-11	
129	5.825000e-09	6.744915e-01	3.344304e-01	-3.06961e-11	
130	5.875000e-09	6.744915e-01	3.344955e-01	-3.00455e-11	
131	5.925000e-09	6.744915e-01	3.345591e-01	-2.94085e-11	
132	5.975000e-09	6.744915e-01	3.346215e-01	-2.87849e-11	
133	6.025000e-09	6.744915e-01	3.346826e-01	-2.81744e-11	
134	6.075000e-09	6.744915e-01	3.347423e-01	-2.75767e-11	
135	6.125000e-09	6.744915e-01	3.348009e-01	-2.69915e-11	
136	6.175000e-09	6.744915e-01	3.348581e-01	-2.64186e-11	
137	6.225000e-09	6.744915e-01	3.349142e-01	-2.58577e-11	
138	6.275000e-09	6.744915e-01	3.349692e-01	-2.53085e-11	
139	6.325000e-09	6.744915e-01	3.350229e-01	-2.47709e-11	
140	6.375000e-09	6.744915e-01	3.350756e-01	-2.42445e-11	
141	6.425000e-09	6.744915e-01	3.351271e-01	-2.37291e-11	
142	6.475000e-09	6.744915e-01	3.351775e-01	-2.32246e-11	
143	6.525000e-09	6.744915e-01	3.352269e-01	-2.27306e-11	
144	6.575000e-09	6.744915e-01	3.352753e-01	-2.22470e-11	
145	6.625000e-09	6.744915e-01	3.353226e-01	-2.17736e-11	
146	6.675000e-09	6.744915e-01	3.353690e-01	-2.13100e-11	
147	6.725000e-09	6.744915e-01	3.354144e-01	-2.08562e-11	
148	6.775000e-09	6.744915e-01	3.354588e-01	-2.04119e-11	
149	6.825000e-09	6.744915e-01	3.355023e-01	-1.99769e-11	
150	6.875000e-09	6.744915e-01	3.355449e-01	-1.95510e-11	
151	6.925000e-09	6.744915e-01	3.355866e-01	-1.91341e-11	
152	6.962500e-09	6.744915e-01	3.356173e-01	-1.88271e-11	
153	7.000000e-09	6.744915e-01	3.356475e-01	-1.85250e-11	
154	7.005000e-09	6.576293e-01	3.356515e-01	-1.84851e-11	
155	7.015000e-09	6.239058e-01	3.356594e-01	-1.84055e-11	
156	7.035000e-09	5.564589e-01	3.356752e-01	-1.82475e-11	
157	7.067500e-09	4.468577e-01	3.357006e-01	-1.79938e-11	
158	7.100000e-09	3.372565e-01	3.357256e-01	-1.77443e-11	
159	7.105000e-09	3.372569e-01	3.357293e-01	-1.77068e-11	
160	7.115000e-09	3.372570e-01	3.357368e-01	-1.76319e-11	
161	7.135000e-09	3.372570e-01	3.357517e-01	-1.74831e-11	
162	7.175000e-09	3.372570e-01	3.357811e-01	-1.71893e-11	
163	7.225000e-09	3.372570e-01	3.358171e-01	-1.68289e-11	
164	7.275000e-09	3.372570e-01	3.358524e-01	-1.64761e-11	
165	7.325000e-09	3.372570e-01	3.358869e-01	-1.61308e-11	
166	7.375000e-09	3.372570e-01	3.359207e-01	-1.57926e-11	
167	7.425000e-09	3.372570e-01	3.359538e-01	-1.54615e-11	
168	7.475000e-09	3.372570e-01	3.359863e-01	-1.51374e-11	
169	7.525000e-09	3.372570e-01	3.360180e-01	-1.48201e-11	
170	7.575000e-09	3.372570e-01	3.360491e-01	-1.45094e-11	

Index   time            v(cell)         v(bl)           vpre#branch     
--------------------------------------------------------------------------------
171	7.625000e-09	3.372570e-01	3.360795e-01	-1.42053e-11	
172	7.675000e-09	3.372570e-01	3.361093e-01	-1.39075e-11	
173	7.725000e-09	3.372570e-01	3.361384e-01	-1.36159e-11	
174	7.775000e-09	3.372570e-01	3.361669e-01	-1.33305e-11	
175	7.825000e-09	3.372570e-01	3.361949e-01	-1.30511e-11	
176	7.875000e-09	3.372570e-01	3.362223e-01	-1.27775e-11	
177	7.925000e-09	3.372570e-01	3.362490e-01	-1.25096e-11	
178	7.975000e-09	3.372570e-01	3.362753e-01	-1.22474e-11	
179	8.025000e-09	3.372570e-01	3.363009e-01	-1.19907e-11	
180	8.075000e-09	3.372570e-01	3.363261e-01	-1.17393e-11	
181	8.125000e-09	3.372570e-01	3.363507e-01	-1.14933e-11	
182	8.175000e-09	3.372570e-01	3.363748e-01	-1.12523e-11	
183	8.225000e-09	3.372570e-01	3.363984e-01	-1.10165e-11	
184	8.275000e-09	3.372570e-01	3.364214e-01	-1.07855e-11	
185	8.325000e-09	3.372570e-01	3.364441e-01	-1.05595e-11	
186	8.375000e-09	3.372570e-01	3.364662e-01	-1.03381e-11	
187	8.425000e-09	3.372570e-01	3.364879e-01	-1.01214e-11	
188	8.475000e-09	3.372570e-01	3.365091e-01	-9.90926e-12	
189	8.525000e-09	3.372570e-01	3.365298e-01	-9.70155e-12	
190	8.575000e-09	3.372570e-01	3.365502e-01	-9.49820e-12	
191	8.625000e-09	3.372570e-01	3.365701e-01	-9.29911e-12	
192	8.675000e-09	3.372570e-01	3.365896e-01	-9.10419e-12	
193	8.725000e-09	3.372570e-01	3.366087e-01	-8.91336e-12	
194	8.775000e-09	3.372570e-01	3.366273e-01	-8.72653e-12	
195	8.825000e-09	3.372570e-01	3.366456e-01	-8.54362e-12	
196	8.875000e-09	3.372570e-01	3.366635e-01	-8.36454e-12	
197	8.925000e-09	3.372570e-01	3.366811e-01	-8.18922e-12	
198	8.975000e-09	3.372570e-01	3.366982e-01	-8.01757e-12	
199	9.025000e-09	3.372570e-01	3.367150e-01	-7.84953e-12	
200	9.075000e-09	3.372570e-01	3.367315e-01	-7.68500e-12	
201	9.125000e-09	3.372570e-01	3.367476e-01	-7.52393e-12	
202	9.175000e-09	3.372570e-01	3.367634e-01	-7.36623e-12	
203	9.225000e-09	3.372570e-01	3.367788e-01	-7.21184e-12	
204	9.275000e-09	3.372570e-01	3.367939e-01	-7.06068e-12	
205	9.325000e-09	3.372570e-01	3.368087e-01	-6.91270e-12	
206	9.375000e-09	3.372570e-01	3.368232e-01	-6.76782e-12	
207	9.425000e-09	3.372570e-01	3.368374e-01	-6.62597e-12	
208	9.475000e-09	3.372570e-01	3.368513e-01	-6.48710e-12	
209	9.525000e-09	3.372570e-01	3.368649e-01	-6.35114e-12	
210	9.575000e-09	3.372570e-01	3.368782e-01	-6.21803e-12	
211	9.625000e-09	3.372570e-01	3.368912e-01	-6.08771e-12	
212	9.675000e-09	3.372570e-01	3.369040e-01	-5.96013e-12	
213	9.725000e-09	3.372570e-01	3.369165e-01	-5.83522e-12	
214	9.775000e-09	3.372570e-01	3.369287e-01	-5.71293e-12	
215	9.825000e-09	3.372570e-01	3.369407e-01	-5.59320e-12	
216	9.875000e-09	3.372570e-01	3.369524e-01	-5.47598e-12	
217	9.925000e-09	3.372570e-01	3.369639e-01	-5.36122e-12	
218	9.975000e-09	3.372570e-01	3.369751e-01	-5.24887e-12	
219	1.002500e-08	3.372570e-01	3.369861e-01	-5.13887e-12	
220	1.007500e-08	3.372570e-01	3.369969e-01	-5.03118e-12	
221	1.012500e-08	3.372570e-01	3.370074e-01	-4.92574e-12	
222	1.017500e-08	3.372570e-01	3.370177e-01	-4.82252e-12	
223	1.022500e-08	3.372570e-01	3.370279e-01	-4.72146e-12	
224	1.027500e-08	3.372570e-01	3.370377e-01	-4.62252e-12	
225	1.032500e-08	3.372570e-01	3.370474e-01	-4.52565e-12	
226	1.037500e-08	3.372570e-01	3.370569e-01	-4.43082e-12	
227	1.042500e-08	3.372570e-01	3.370662e-01	-4.33797e-12	
228	1.047500e-08	3.372570e-01	3.370753e-01	-4.24707e-12	

Index   time            v(cell)         v(bl)           vpre#branch     
--------------------------------------------------------------------------------
229	1.052500e-08	3.372570e-01	3.370842e-01	-4.15808e-12	
230	1.057500e-08	3.372570e-01	3.370929e-01	-4.07095e-12	
231	1.062500e-08	3.372570e-01	3.371014e-01	-3.98564e-12	
232	1.067500e-08	3.372570e-01	3.371098e-01	-3.90213e-12	
233	1.072500e-08	3.372570e-01	3.371180e-01	-3.82037e-12	
234	1.077500e-08	3.372570e-01	3.371260e-01	-3.74032e-12	
235	1.082500e-08	3.372570e-01	3.371338e-01	-3.66195e-12	
236	1.087500e-08	3.372570e-01	3.371415e-01	-3.58522e-12	
237	1.092500e-08	3.372570e-01	3.371490e-01	-3.51011e-12	
238	1.096250e-08	3.372570e-01	3.371545e-01	-3.45480e-12	
239	1.100000e-08	3.372570e-01	3.371600e-01	-3.40037e-12	
240	1.100500e-08	3.372595e-01	3.405283e-01	3.028303e-11	
241	1.101500e-08	3.372648e-01	3.472507e-01	9.750739e-11	
242	1.103500e-08	3.372755e-01	3.606105e-01	2.311049e-10	
243	1.107500e-08	3.372967e-01	3.869931e-01	4.949306e-10	
244	1.112500e-08	3.373233e-01	4.193484e-01	8.184841e-10	
245	1.117500e-08	3.373498e-01	4.510234e-01	1.135234e-09	
246	1.122500e-08	3.373764e-01	4.820292e-01	1.445292e-09	
247	1.127500e-08	3.374029e-01	5.123726e-01	1.748726e-09	
248	1.132500e-08	3.374295e-01	5.420526e-01	2.045526e-09	
249	1.137500e-08	3.374562e-01	5.710346e-01	2.335346e-09	
250	1.142500e-08	3.374830e-01	5.992449e-01	2.617449e-09	
251	1.147500e-08	3.375101e-01	6.265247e-01	2.890247e-09	
252	1.152500e-08	3.375379e-01	6.525027e-01	3.150027e-09	
253	1.157500e-08	3.375670e-01	6.763736e-01	3.388736e-09	
254	1.162500e-08	3.375991e-01	6.964217e-01	3.589217e-09	
255	1.167500e-08	3.376373e-01	7.090794e-01	3.715794e-09	
256	1.172500e-08	3.376880e-01	7.072083e-01	3.697083e-09	
257	1.177500e-08	3.377629e-01	6.775560e-01	3.400560e-09	
258	1.182500e-08	3.378808e-01	5.989706e-01	2.614706e-09	
259	1.187500e-08	3.380597e-01	4.519218e-01	1.144218e-09	
260	1.192500e-08	3.382230e-01	3.478546e-01	1.035457e-10	
261	1.196250e-08	3.382938e-01	3.411619e-01	3.661948e-11	
262	1.200000e-08	3.383588e-01	3.425056e-01	5.005574e-11	
263	1.200500e-08	3.383622e-01	3.402699e-01	2.769881e-11	
264	1.201500e-08	3.383652e-01	3.382075e-01	7.074577e-12	
265	1.203500e-08	3.383649e-01	3.384272e-01	9.272076e-12	
266	1.207500e-08	3.383651e-01	3.383227e-01	8.226857e-12	
267	1.212500e-08	3.383649e-01	3.383930e-01	8.929806e-12	
268	1.217500e-08	3.383650e-01	3.383434e-01	8.434065e-12	
269	1.222500e-08	3.383649e-01	3.383782e-01	8.782277e-12	
270	1.227500e-08	3.383650e-01	3.383539e-01	8.538770e-12	
271	1.232500e-08	3.383649e-01	3.383707e-01	8.707395e-12	
272	1.237500e-08	3.383649e-01	3.383592e-01	8.591580e-12	
273	1.242500e-08	3.383649e-01	3.383669e-01	8.669395e-12	
274	1.247500e-08	3.383649e-01	3.383618e-01	8.618086e-12	
275	1.252500e-08	3.383649e-01	3.383650e-01	8.650109e-12	
276	1.257500e-08	3.383649e-01	3.383631e-01	8.631257e-12	
277	1.262500e-08	3.383648e-01	3.383640e-01	8.640313e-12	
278	1.267500e-08	3.383648e-01	3.383638e-01	8.637670e-12	
279	1.272500e-08	3.383648e-01	3.383635e-01	8.635327e-12	
280	1.277500e-08	3.383648e-01	3.383641e-01	8.640658e-12	
281	1.282500e-08	3.383648e-01	3.383633e-01	8.632778e-12	
282	1.287500e-08	3.383648e-01	3.383642e-01	8.641913e-12	
283	1.292500e-08	3.383647e-01	3.383631e-01	8.631460e-12	
284	1.297500e-08	3.383647e-01	3.383642e-01	8.642294e-12	
285	1.302500e-08	3.383647e-01	3.383631e-01	8.630763e-12	
286	1.307500e-08	3.383647e-01	3.383642e-01	8.642236e-12	

Index   time            v(cell)         v(bl)           vpre#branch     
--------------------------------------------------------------------------------
287	1.312500e-08	3.383647e-01	3.383630e-01	8.630377e-12	
288	1.317500e-08	3.383647e-01	3.383642e-01	8.641958e-12	
289	1.322500e-08	3.383647e-01	3.383630e-01	8.630144e-12	
290	1.327500e-08	3.383647e-01	3.383642e-01	8.641573e-12	
291	1.332500e-08	3.383646e-01	3.383630e-01	8.629986e-12	
292	1.337500e-08	3.383646e-01	3.383641e-01	8.641137e-12	
293	1.342500e-08	3.383646e-01	3.383630e-01	8.629862e-12	
294	1.347500e-08	3.383646e-01	3.383641e-01	8.640679e-12	
295	1.352500e-08	3.383646e-01	3.383630e-01	8.629752e-12	
296	1.357500e-08	3.383646e-01	3.383640e-01	8.640213e-12	
297	1.362500e-08	3.383645e-01	3.383630e-01	8.629645e-12	
298	1.367500e-08	3.383645e-01	3.383640e-01	8.639746e-12	
299	1.372500e-08	3.383645e-01	3.383630e-01	8.629537e-12	
300	1.377500e-08	3.383645e-01	3.383639e-01	8.639282e-12	
301	1.382500e-08	3.383645e-01	3.383629e-01	8.629425e-12	
302	1.387500e-08	3.383645e-01	3.383639e-01	8.638823e-12	
303	1.392500e-08	3.383645e-01	3.383629e-01	8.629309e-12	
304	1.397500e-08	3.383644e-01	3.383638e-01	8.638369e-12	
305	1.402500e-08	3.383644e-01	3.383629e-01	8.629187e-12	
306	1.407500e-08	3.383644e-01	3.383638e-01	8.637920e-12	
307	1.412500e-08	3.383644e-01	3.383629e-01	8.629059e-12	
308	1.417500e-08	3.383644e-01	3.383637e-01	8.637477e-12	
309	1.422500e-08	3.383644e-01	3.383629e-01	8.628926e-12	
310	1.427500e-08	3.383644e-01	3.383637e-01	8.637040e-12	
311	1.432500e-08	3.383643e-01	3.383629e-01	8.628788e-12	
312	1.437500e-08	3.383643e-01	3.383637e-01	8.636607e-12	
313	1.442500e-08	3.383643e-01	3.383629e-01	8.628644e-12	
314	1.447500e-08	3.383643e-01	3.383636e-01	8.636180e-12	
315	1.452500e-08	3.383643e-01	3.383628e-01	8.628495e-12	
316	1.457500e-08	3.383643e-01	3.383636e-01	8.635758e-12	
317	1.462500e-08	3.383643e-01	3.383628e-01	8.628342e-12	
318	1.467500e-08	3.383642e-01	3.383635e-01	8.635341e-12	
319	1.472500e-08	3.383642e-01	3.383628e-01	8.628183e-12	
320	1.477500e-08	3.383642e-01	3.383635e-01	8.634928e-12	
321	1.482500e-08	3.383642e-01	3.383628e-01	8.628021e-12	
322	1.487500e-08	3.383642e-01	3.383635e-01	8.634520e-12	
323	1.492500e-08	3.383642e-01	3.383628e-01	8.627853e-12	
324	1.497500e-08	3.383642e-01	3.383634e-01	8.634116e-12	
325	1.502500e-08	3.383641e-01	3.383628e-01	8.627682e-12	
326	1.507500e-08	3.383641e-01	3.383634e-01	8.633717e-12	
327	1.512500e-08	3.383641e-01	3.383628e-01	8.627506e-12	
328	1.517500e-08	3.383641e-01	3.383633e-01	8.633321e-12	
329	1.522500e-08	3.383641e-01	3.383627e-01	8.627327e-12	
330	1.527500e-08	3.383641e-01	3.383633e-01	8.632930e-12	
331	1.532500e-08	3.383641e-01	3.383627e-01	8.627144e-12	
332	1.537500e-08	3.383640e-01	3.383633e-01	8.632542e-12	
333	1.542500e-08	3.383640e-01	3.383627e-01	8.626957e-12	
334	1.547500e-08	3.383640e-01	3.383632e-01	8.632157e-12	
335	1.552500e-08	3.383640e-01	3.383627e-01	8.626766e-12	
336	1.557500e-08	3.383640e-01	3.383632e-01	8.631777e-12	
337	1.562500e-08	3.383640e-01	3.383627e-01	8.626572e-12	
338	1.567500e-08	3.383640e-01	3.383631e-01	8.631399e-12	
339	1.572500e-08	3.383639e-01	3.383626e-01	8.626375e-12	
340	1.577500e-08	3.383639e-01	3.383631e-01	8.631025e-12	
341	1.582500e-08	3.383639e-01	3.383626e-01	8.626175e-12	
342	1.587500e-08	3.383639e-01	3.383631e-01	8.630654e-12	
343	1.592500e-08	3.383639e-01	3.383626e-01	8.625971e-12	
344	1.597500e-08	3.383639e-01	3.383630e-01	8.630286e-12	

Index   time            v(cell)         v(bl)           vpre#branch     
--------------------------------------------------------------------------------
345	1.602500e-08	3.383639e-01	3.383626e-01	8.625765e-12	
346	1.607500e-08	3.383638e-01	3.383630e-01	8.629921e-12	
347	1.612500e-08	3.383638e-01	3.383626e-01	8.625555e-12	
348	1.617500e-08	3.383638e-01	3.383630e-01	8.629558e-12	
349	1.622500e-08	3.383638e-01	3.383625e-01	8.625344e-12	
350	1.627500e-08	3.383638e-01	3.383629e-01	8.629199e-12	
351	1.632500e-08	3.383638e-01	3.383625e-01	8.625129e-12	
352	1.637500e-08	3.383638e-01	3.383629e-01	8.628842e-12	
353	1.642500e-08	3.383637e-01	3.383625e-01	8.624912e-12	
354	1.647500e-08	3.383637e-01	3.383628e-01	8.628487e-12	
355	1.652500e-08	3.383637e-01	3.383625e-01	8.624692e-12	
356	1.657500e-08	3.383637e-01	3.383628e-01	8.628135e-12	
357	1.662500e-08	3.383637e-01	3.383624e-01	8.624470e-12	
358	1.667500e-08	3.383637e-01	3.383628e-01	8.627786e-12	
359	1.672500e-08	3.383637e-01	3.383624e-01	8.624246e-12	
360	1.677500e-08	3.383636e-01	3.383627e-01	8.627438e-12	
361	1.682500e-08	3.383636e-01	3.383624e-01	8.624019e-12	
362	1.687500e-08	3.383636e-01	3.383627e-01	8.627093e-12	
363	1.692500e-08	3.383636e-01	3.383624e-01	8.623791e-12	
364	1.697500e-08	3.383636e-01	3.383627e-01	8.626750e-12	
365	1.702500e-08	3.383636e-01	3.383624e-01	8.623560e-12	
366	1.707500e-08	3.383636e-01	3.383626e-01	8.626409e-12	
367	1.712500e-08	3.383635e-01	3.383623e-01	8.623328e-12	
368	1.717500e-08	3.383635e-01	3.383626e-01	8.626070e-12	
369	1.722500e-08	3.383635e-01	3.383623e-01	8.623093e-12	
370	1.727500e-08	3.383635e-01	3.383626e-01	8.625732e-12	
371	1.732500e-08	3.383635e-01	3.383623e-01	8.622857e-12	
372	1.737500e-08	3.383635e-01	3.383625e-01	8.625397e-12	
373	1.742500e-08	3.383635e-01	3.383623e-01	8.622619e-12	
374	1.747500e-08	3.383634e-01	3.383625e-01	8.625063e-12	
375	1.752500e-08	3.383634e-01	3.383622e-01	8.622379e-12	
376	1.757500e-08	3.383634e-01	3.383625e-01	8.624731e-12	
377	1.762500e-08	3.383634e-01	3.383622e-01	8.622137e-12	
378	1.767500e-08	3.383634e-01	3.383624e-01	8.624401e-12	
379	1.772500e-08	3.383634e-01	3.383622e-01	8.621894e-12	
380	1.777500e-08	3.383634e-01	3.383624e-01	8.624072e-12	
381	1.782500e-08	3.383633e-01	3.383622e-01	8.621650e-12	
382	1.787500e-08	3.383633e-01	3.383624e-01	8.623745e-12	
383	1.792500e-08	3.383633e-01	3.383621e-01	8.621404e-12	
384	1.797500e-08	3.383633e-01	3.383623e-01	8.623419e-12	
385	1.802500e-08	3.383633e-01	3.383621e-01	8.621156e-12	
386	1.807500e-08	3.383633e-01	3.383623e-01	8.623095e-12	
387	1.812500e-08	3.383633e-01	3.383621e-01	8.620907e-12	
388	1.817500e-08	3.383632e-01	3.383623e-01	8.622772e-12	
389	1.822500e-08	3.383632e-01	3.383621e-01	8.620657e-12	
390	1.827500e-08	3.383632e-01	3.383622e-01	8.622450e-12	
391	1.832500e-08	3.383632e-01	3.383620e-01	8.620406e-12	
392	1.837500e-08	3.383632e-01	3.383622e-01	8.622130e-12	
393	1.842500e-08	3.383632e-01	3.383620e-01	8.620153e-12	
394	1.847500e-08	3.383632e-01	3.383622e-01	8.621811e-12	
395	1.852500e-08	3.383631e-01	3.383620e-01	8.619899e-12	
396	1.857500e-08	3.383631e-01	3.383621e-01	8.621493e-12	
397	1.862500e-08	3.383631e-01	3.383620e-01	8.619644e-12	
398	1.867500e-08	3.383631e-01	3.383621e-01	8.621176e-12	
399	1.872500e-08	3.383631e-01	3.383619e-01	8.619388e-12	
400	1.877500e-08	3.383631e-01	3.383621e-01	8.620860e-12	
401	1.882500e-08	3.383631e-01	3.383619e-01	8.619131e-12	
402	1.887500e-08	3.383630e-01	3.383621e-01	8.620545e-12	

Index   time            v(cell)         v(bl)           vpre#branch     
--------------------------------------------------------------------------------
403	1.892500e-08	3.383630e-01	3.383619e-01	8.618873e-12	
404	1.897500e-08	3.383630e-01	3.383620e-01	8.620232e-12	
405	1.902500e-08	3.383630e-01	3.383619e-01	8.618613e-12	
406	1.907500e-08	3.383630e-01	3.383620e-01	8.619919e-12	
407	1.912500e-08	3.383630e-01	3.383618e-01	8.618353e-12	
408	1.917500e-08	3.383630e-01	3.383620e-01	8.619607e-12	
409	1.922500e-08	3.383629e-01	3.383618e-01	8.618092e-12	
410	1.927500e-08	3.383629e-01	3.383619e-01	8.619296e-12	
411	1.932500e-08	3.383629e-01	3.383618e-01	8.617830e-12	
412	1.937500e-08	3.383629e-01	3.383619e-01	8.618987e-12	
413	1.942500e-08	3.383629e-01	3.383618e-01	8.617567e-12	
414	1.947500e-08	3.383629e-01	3.383619e-01	8.618678e-12	
415	1.952500e-08	3.383629e-01	3.383617e-01	8.617304e-12	
416	1.957500e-08	3.383628e-01	3.383618e-01	8.618369e-12	
417	1.962500e-08	3.383628e-01	3.383617e-01	8.617039e-12	
418	1.967500e-08	3.383628e-01	3.383618e-01	8.618062e-12	
419	1.972500e-08	3.383628e-01	3.383617e-01	8.616774e-12	
420	1.977500e-08	3.383628e-01	3.383618e-01	8.617755e-12	
421	1.982500e-08	3.383628e-01	3.383617e-01	8.616508e-12	
422	1.987500e-08	3.383628e-01	3.383617e-01	8.617449e-12	
423	1.992500e-08	3.383627e-01	3.383616e-01	8.616242e-12	
424	1.997500e-08	3.383627e-01	3.383617e-01	8.617144e-12	
425	2.002500e-08	3.383627e-01	3.383616e-01	8.615974e-12	
426	2.007500e-08	3.383627e-01	3.383617e-01	8.616840e-12	
427	2.012500e-08	3.383627e-01	3.383616e-01	8.615706e-12	
428	2.017500e-08	3.383627e-01	3.383617e-01	8.616536e-12	
429	2.022500e-08	3.383627e-01	3.383615e-01	8.615438e-12	
430	2.027500e-08	3.383626e-01	3.383616e-01	8.616232e-12	
431	2.032500e-08	3.383626e-01	3.383615e-01	8.615169e-12	
432	2.037500e-08	3.383626e-01	3.383616e-01	8.615930e-12	
433	2.042500e-08	3.383626e-01	3.383615e-01	8.614899e-12	
434	2.047500e-08	3.383626e-01	3.383616e-01	8.615628e-12	
435	2.052500e-08	3.383626e-01	3.383615e-01	8.614628e-12	
436	2.057500e-08	3.383626e-01	3.383615e-01	8.615326e-12	
437	2.062500e-08	3.383625e-01	3.383614e-01	8.614358e-12	
438	2.067500e-08	3.383625e-01	3.383615e-01	8.615026e-12	
439	2.072500e-08	3.383625e-01	3.383614e-01	8.614086e-12	
440	2.077500e-08	3.383625e-01	3.383615e-01	8.614725e-12	
441	2.082500e-08	3.383625e-01	3.383614e-01	8.613814e-12	
442	2.087500e-08	3.383625e-01	3.383614e-01	8.614425e-12	
443	2.092500e-08	3.383625e-01	3.383614e-01	8.613542e-12	
444	2.097500e-08	3.383624e-01	3.383614e-01	8.614126e-12	
445	2.102500e-08	3.383624e-01	3.383613e-01	8.613269e-12	
446	2.107500e-08	3.383624e-01	3.383614e-01	8.613827e-12	
447	2.112500e-08	3.383624e-01	3.383613e-01	8.612995e-12	
448	2.117500e-08	3.383624e-01	3.383614e-01	8.613529e-12	
449	2.122500e-08	3.383624e-01	3.383613e-01	8.612722e-12	
450	2.127500e-08	3.383624e-01	3.383613e-01	8.613231e-12	
451	2.132500e-08	3.383623e-01	3.383612e-01	8.612447e-12	
452	2.137500e-08	3.383623e-01	3.383613e-01	8.612934e-12	
453	2.142500e-08	3.383623e-01	3.383612e-01	8.612173e-12	
454	2.147500e-08	3.383623e-01	3.383613e-01	8.612637e-12	
455	2.152500e-08	3.383623e-01	3.383612e-01	8.611898e-12	
456	2.157500e-08	3.383623e-01	3.383612e-01	8.612340e-12	
457	2.162500e-08	3.383623e-01	3.383612e-01	8.611622e-12	
458	2.167500e-08	3.383622e-01	3.383612e-01	8.612044e-12	
459	2.172500e-08	3.383622e-01	3.383611e-01	8.611346e-12	
460	2.177500e-08	3.383622e-01	3.383612e-01	8.611748e-12	

Index   time            v(cell)         v(bl)           vpre#branch     
--------------------------------------------------------------------------------
461	2.182500e-08	3.383622e-01	3.383611e-01	8.611070e-12	
462	2.187500e-08	3.383622e-01	3.383611e-01	8.611452e-12	
463	2.192500e-08	3.383622e-01	3.383611e-01	8.610794e-12	
464	2.196250e-08	3.383622e-01	3.383611e-01	8.611191e-12	
465	2.200000e-08	3.383621e-01	3.383611e-01	8.610592e-12	
466	2.200500e-08	3.383559e-01	3.364976e-01	-1.00240e-11	
467	2.201500e-08	3.383403e-01	3.346651e-01	-2.83491e-11	
468	2.203500e-08	3.383049e-01	3.344649e-01	-3.03510e-11	
469	2.207500e-08	3.382383e-01	3.333908e-01	-4.10922e-11	
470	2.212500e-08	3.381621e-01	3.316639e-01	-5.83609e-11	
471	2.217500e-08	3.380944e-01	3.287442e-01	-8.75580e-11	
472	2.222500e-08	3.380344e-01	3.241001e-01	-1.33999e-10	
473	2.227500e-08	3.379814e-01	3.166677e-01	-2.08323e-10	
474	2.232500e-08	3.379343e-01	3.055936e-01	-3.19064e-10	
475	2.237500e-08	3.378919e-01	2.906740e-01	-4.68260e-10	
476	2.242500e-08	3.378532e-01	2.724402e-01	-6.50598e-10	
477	2.247500e-08	3.378171e-01	2.517432e-01	-8.57568e-10	
478	2.252500e-08	3.377829e-01	2.292680e-01	-1.08232e-09	
479	2.257500e-08	3.377501e-01	2.056509e-01	-1.31849e-09	
480	2.262500e-08	3.377183e-01	1.813443e-01	-1.56156e-09	
481	2.267500e-08	3.376874e-01	1.565272e-01	-1.80973e-09	
482	2.272500e-08	3.376572e-01	1.313947e-01	-2.06105e-09	
483	2.277500e-08	3.376276e-01	1.060615e-01	-2.31439e-09	
484	2.282500e-08	3.375984e-01	8.064590e-02	-2.56854e-09	
485	2.287500e-08	3.375697e-01	5.527130e-02	-2.82229e-09	
486	2.292500e-08	3.375413e-01	3.000550e-02	-3.07494e-09	
487	2.296250e-08	3.375202e-01	1.116668e-02	-3.26333e-09	
488	2.300000e-08	3.374993e-01	-7.55301e-03	-3.45053e-09	
489	2.300500e-08	3.374991e-01	-6.66914e-03	-3.44169e-09	
490	2.301500e-08	3.374988e-01	-4.91129e-03	-3.42411e-09	
491	2.303500e-08	3.374984e-01	-1.45358e-03	-3.38954e-09	
492	2.307500e-08	3.374975e-01	5.253766e-03	-3.32246e-09	
493	2.312500e-08	3.374966e-01	1.328887e-02	-3.24211e-09	
494	2.317500e-08	3.374959e-01	2.097925e-02	-3.16521e-09	
495	2.322500e-08	3.374953e-01	2.836653e-02	-3.09133e-09	
496	2.327500e-08	3.374948e-01	3.548355e-02	-3.02016e-09	
497	2.332500e-08	3.374943e-01	4.235673e-02	-2.95143e-09	
498	2.337500e-08	3.374939e-01	4.900761e-02	-2.88492e-09	
499	2.342500e-08	3.374936e-01	5.545397e-02	-2.82046e-09	
500	2.347500e-08	3.374933e-01	6.171069e-02	-2.75789e-09	
501	2.352500e-08	3.374931e-01	6.778857e-02	-2.69711e-09	
502	2.357500e-08	3.374929e-01	7.369874e-02	-2.63801e-09	
503	2.362500e-08	3.374927e-01	7.945263e-02	-2.58047e-09	
504	2.367500e-08	3.374925e-01	8.505821e-02	-2.52442e-09	
505	2.372500e-08	3.374924e-01	9.052254e-02	-2.46977e-09	
506	2.377500e-08	3.374922e-01	9.585188e-02	-2.41648e-09	
507	2.382500e-08	3.374921e-01	1.010519e-01	-2.36448e-09	
508	2.387500e-08	3.374920e-01	1.061275e-01	-2.31372e-09	
509	2.392500e-08	3.374919e-01	1.110835e-01	-2.26416e-09	
510	2.397500e-08	3.374919e-01	1.159240e-01	-2.21576e-09	
511	2.402500e-08	3.374918e-01	1.206529e-01	-2.16847e-09	
512	2.407500e-08	3.374917e-01	1.252738e-01	-2.12226e-09	
513	2.412500e-08	3.374917e-01	1.297900e-01	-2.07710e-09	
514	2.417500e-08	3.374916e-01	1.342047e-01	-2.03295e-09	
515	2.422500e-08	3.374916e-01	1.385208e-01	-1.98979e-09	
516	2.427500e-08	3.374915e-01	1.427410e-01	-1.94759e-09	
517	2.432500e-08	3.374915e-01	1.468681e-01	-1.90632e-09	
518	2.437500e-08	3.374915e-01	1.509044e-01	-1.86596e-09	

Index   time            v(cell)         v(bl)           vpre#branch     
--------------------------------------------------------------------------------
519	2.442500e-08	3.374914e-01	1.548523e-01	-1.82648e-09	
520	2.447500e-08	3.374914e-01	1.587141e-01	-1.78786e-09	
521	2.452500e-08	3.374914e-01	1.624919e-01	-1.75008e-09	
522	2.457500e-08	3.374913e-01	1.661879e-01	-1.71312e-09	
523	2.462500e-08	3.374913e-01	1.698040e-01	-1.67696e-09	
524	2.467500e-08	3.374913e-01	1.733421e-01	-1.64158e-09	
525	2.472500e-08	3.374913e-01	1.768041e-01	-1.60696e-09	
526	2.477500e-08	3.374913e-01	1.801918e-01	-1.57308e-09	
527	2.482500e-08	3.374913e-01	1.835069e-01	-1.53993e-09	
528	2.487500e-08	3.374912e-01	1.867510e-01	-1.50749e-09	
529	2.492500e-08	3.374912e-01	1.899259e-01	-1.47574e-09	
530	2.497500e-08	3.374912e-01	1.930330e-01	-1.44467e-09	
531	2.502500e-08	3.374912e-01	1.960739e-01	-1.41426e-09	
532	2.507500e-08	3.374912e-01	1.990501e-01	-1.38450e-09	
533	2.512500e-08	3.374912e-01	2.019631e-01	-1.35537e-09	
534	2.517500e-08	3.374912e-01	2.048142e-01	-1.32686e-09	
535	2.522500e-08	3.374912e-01	2.076047e-01	-1.29895e-09	
536	2.527500e-08	3.374911e-01	2.103361e-01	-1.27164e-09	
537	2.532500e-08	3.374911e-01	2.130096e-01	-1.24490e-09	
538	2.537500e-08	3.374911e-01	2.156266e-01	-1.21873e-09	
539	2.542500e-08	3.374911e-01	2.181881e-01	-1.19312e-09	
540	2.547500e-08	3.374911e-01	2.206955e-01	-1.16805e-09	
541	2.552500e-08	3.374911e-01	2.231499e-01	-1.14350e-09	
542	2.557500e-08	3.374911e-01	2.255524e-01	-1.11948e-09	
543	2.562500e-08	3.374911e-01	2.279042e-01	-1.09596e-09	
544	2.567500e-08	3.374911e-01	2.302064e-01	-1.07294e-09	
545	2.572500e-08	3.374911e-01	2.324599e-01	-1.05040e-09	
546	2.577500e-08	3.374911e-01	2.346660e-01	-1.02834e-09	
547	2.582500e-08	3.374911e-01	2.368256e-01	-1.00674e-09	
548	2.587500e-08	3.374911e-01	2.389396e-01	-9.85604e-10	
549	2.592500e-08	3.374911e-01	2.410091e-01	-9.64909e-10	
550	2.597500e-08	3.374911e-01	2.430350e-01	-9.44650e-10	
551	2.602500e-08	3.374911e-01	2.450182e-01	-9.24818e-10	
552	2.607500e-08	3.374911e-01	2.469597e-01	-9.05403e-10	
553	2.612500e-08	3.374911e-01	2.488603e-01	-8.86397e-10	
554	2.617500e-08	3.374911e-01	2.507209e-01	-8.67791e-10	
555	2.622500e-08	3.374911e-01	2.525423e-01	-8.49577e-10	
556	2.627500e-08	3.374910e-01	2.543255e-01	-8.31745e-10	
557	2.632500e-08	3.374910e-01	2.560711e-01	-8.14289e-10	
558	2.637500e-08	3.374910e-01	2.577800e-01	-7.97200e-10	
559	2.642500e-08	3.374910e-01	2.594530e-01	-7.80470e-10	
560	2.647500e-08	3.374910e-01	2.610908e-01	-7.64092e-10	
561	2.652500e-08	3.374910e-01	2.626942e-01	-7.48058e-10	
562	2.657500e-08	3.374910e-01	2.642639e-01	-7.32361e-10	
563	2.662500e-08	3.374910e-01	2.658006e-01	-7.16994e-10	
564	2.667500e-08	3.374910e-01	2.673050e-01	-7.01950e-10	
565	2.672500e-08	3.374910e-01	2.687778e-01	-6.87222e-10	
566	2.677500e-08	3.374910e-01	2.702197e-01	-6.72803e-10	
567	2.682500e-08	3.374910e-01	2.716313e-01	-6.58687e-10	
568	2.687500e-08	3.374910e-01	2.730132e-01	-6.44868e-10	
569	2.692500e-08	3.374910e-01	2.743661e-01	-6.31339e-10	
570	2.697500e-08	3.374910e-01	2.756906e-01	-6.18094e-10	
571	2.702500e-08	3.374910e-01	2.769873e-01	-6.05127e-10	
572	2.707500e-08	3.374910e-01	2.782567e-01	-5.92433e-10	
573	2.712500e-08	3.374910e-01	2.794995e-01	-5.80005e-10	
574	2.717500e-08	3.374910e-01	2.807162e-01	-5.67838e-10	
575	2.722500e-08	3.374910e-01	2.819073e-01	-5.55927e-10	
576	2.727500e-08	3.374910e-01	2.830735e-01	-5.44265e-10	

Index   time            v(cell)         v(bl)           vpre#branch     
--------------------------------------------------------------------------------
577	2.732500e-08	3.374910e-01	2.842151e-01	-5.32849e-10	
578	2.737500e-08	3.374910e-01	2.853328e-01	-5.21672e-10	
579	2.742500e-08	3.374910e-01	2.864271e-01	-5.10729e-10	
580	2.747500e-08	3.374910e-01	2.874984e-01	-5.00016e-10	
581	2.752500e-08	3.374910e-01	2.885471e-01	-4.89529e-10	
582	2.757500e-08	3.374910e-01	2.895739e-01	-4.79261e-10	
583	2.762500e-08	3.374910e-01	2.905791e-01	-4.69209e-10	
584	2.767500e-08	3.374910e-01	2.915633e-01	-4.59367e-10	
585	2.772500e-08	3.374910e-01	2.925268e-01	-4.49732e-10	
586	2.777500e-08	3.374910e-01	2.934700e-01	-4.40300e-10	
587	2.782500e-08	3.374910e-01	2.943935e-01	-4.31065e-10	
588	2.787500e-08	3.374910e-01	2.952976e-01	-4.22024e-10	
589	2.792500e-08	3.374910e-01	2.961827e-01	-4.13173e-10	
590	2.797500e-08	3.374910e-01	2.970493e-01	-4.04507e-10	
591	2.802500e-08	3.374910e-01	2.978977e-01	-3.96023e-10	
592	2.807500e-08	3.374910e-01	2.987282e-01	-3.87718e-10	
593	2.812500e-08	3.374910e-01	2.995414e-01	-3.79586e-10	
594	2.817500e-08	3.374910e-01	3.003375e-01	-3.71625e-10	
595	2.822500e-08	3.374910e-01	3.011168e-01	-3.63832e-10	
596	2.827500e-08	3.374910e-01	3.018799e-01	-3.56201e-10	
597	2.832500e-08	3.374910e-01	3.026269e-01	-3.48731e-10	
598	2.837500e-08	3.374910e-01	3.033583e-01	-3.41417e-10	
599	2.842500e-08	3.374910e-01	3.040743e-01	-3.34257e-10	
600	2.847500e-08	3.374910e-01	3.047753e-01	-3.27247e-10	
601	2.852500e-08	3.374910e-01	3.054616e-01	-3.20384e-10	
602	2.857500e-08	3.374910e-01	3.061335e-01	-3.13665e-10	
603	2.862500e-08	3.374910e-01	3.067913e-01	-3.07087e-10	
604	2.867500e-08	3.374910e-01	3.074353e-01	-3.00647e-10	
605	2.872500e-08	3.374910e-01	3.080658e-01	-2.94342e-10	
606	2.877500e-08	3.374910e-01	3.086830e-01	-2.88170e-10	
607	2.882500e-08	3.374910e-01	3.092874e-01	-2.82126e-10	
608	2.887500e-08	3.374910e-01	3.098790e-01	-2.76210e-10	
609	2.892500e-08	3.374910e-01	3.104582e-01	-2.70418e-10	
610	2.897500e-08	3.374910e-01	3.110253e-01	-2.64747e-10	
611	2.902500e-08	3.374910e-01	3.115805e-01	-2.59195e-10	
612	2.907500e-08	3.374910e-01	3.121241e-01	-2.53759e-10	
613	2.912500e-08	3.374910e-01	3.126562e-01	-2.48438e-10	
614	2.917500e-08	3.374910e-01	3.131772e-01	-2.43228e-10	
615	2.922500e-08	3.374910e-01	3.136873e-01	-2.38127e-10	
616	2.927500e-08	3.374910e-01	3.141866e-01	-2.33134e-10	
617	2.932500e-08	3.374910e-01	3.146755e-01	-2.28245e-10	
618	2.937500e-08	3.374910e-01	3.151541e-01	-2.23459e-10	
619	2.942500e-08	3.374910e-01	3.156227e-01	-2.18773e-10	
620	2.947500e-08	3.374910e-01	3.160815e-01	-2.14185e-10	
621	2.952500e-08	3.374910e-01	3.165307e-01	-2.09693e-10	
622	2.957500e-08	3.374910e-01	3.169704e-01	-2.05296e-10	
623	2.962500e-08	3.374910e-01	3.174009e-01	-2.00991e-10	
624	2.967500e-08	3.374910e-01	3.178224e-01	-1.96776e-10	
625	2.972500e-08	3.374910e-01	3.182350e-01	-1.92650e-10	
626	2.977500e-08	3.374910e-01	3.186390e-01	-1.88610e-10	
627	2.982500e-08	3.374910e-01	3.190345e-01	-1.84655e-10	
628	2.987500e-08	3.374910e-01	3.194217e-01	-1.80783e-10	
629	2.992500e-08	3.374910e-01	3.198008e-01	-1.76992e-10	
630	2.997500e-08	3.374910e-01	3.201719e-01	-1.73281e-10	
631	3.002500e-08	3.374910e-01	3.205353e-01	-1.69647e-10	
632	3.007500e-08	3.374910e-01	3.208910e-01	-1.66090e-10	
633	3.012500e-08	3.374910e-01	3.212393e-01	-1.62607e-10	
634	3.017500e-08	3.374910e-01	3.215803e-01	-1.59197e-10	

Index   time            v(cell)         v(bl)           vpre#branch     
--------------------------------------------------------------------------------
635	3.022500e-08	3.374910e-01	3.219141e-01	-1.55859e-10	
636	3.027500e-08	3.374910e-01	3.222409e-01	-1.52591e-10	
637	3.032500e-08	3.374910e-01	3.225609e-01	-1.49391e-10	
638	3.037500e-08	3.374910e-01	3.228742e-01	-1.46258e-10	
639	3.042500e-08	3.374910e-01	3.231808e-01	-1.43192e-10	
640	3.047500e-08	3.374910e-01	3.234811e-01	-1.40189e-10	
641	3.052500e-08	3.374910e-01	3.237751e-01	-1.37249e-10	
642	3.057500e-08	3.374910e-01	3.240629e-01	-1.34371e-10	
643	3.062500e-08	3.374910e-01	3.243446e-01	-1.31554e-10	
644	3.067500e-08	3.374910e-01	3.246205e-01	-1.28795e-10	
645	3.072500e-08	3.374910e-01	3.248905e-01	-1.26095e-10	
646	3.077500e-08	3.374910e-01	3.251549e-01	-1.23451e-10	
647	3.082500e-08	3.374910e-01	3.254138e-01	-1.20862e-10	
648	3.087500e-08	3.374910e-01	3.256672e-01	-1.18328e-10	
649	3.092500e-08	3.374910e-01	3.259153e-01	-1.15847e-10	
650	3.097500e-08	3.374910e-01	3.261582e-01	-1.13418e-10	
651	3.102500e-08	3.374910e-01	3.263961e-01	-1.11039e-10	
652	3.107500e-08	3.374910e-01	3.266289e-01	-1.08711e-10	
653	3.112500e-08	3.374910e-01	3.268568e-01	-1.06432e-10	
654	3.117500e-08	3.374910e-01	3.270800e-01	-1.04200e-10	
655	3.122500e-08	3.374910e-01	3.272985e-01	-1.02015e-10	
656	3.127500e-08	3.374910e-01	3.275124e-01	-9.98759e-11	
657	3.132500e-08	3.374910e-01	3.277218e-01	-9.77817e-11	
658	3.137500e-08	3.374910e-01	3.279269e-01	-9.57314e-11	
659	3.142500e-08	3.374910e-01	3.281276e-01	-9.37241e-11	
660	3.147500e-08	3.374910e-01	3.283241e-01	-9.17589e-11	
661	3.152500e-08	3.374910e-01	3.285165e-01	-8.98349e-11	
662	3.157500e-08	3.374910e-01	3.287049e-01	-8.79513e-11	
663	3.162500e-08	3.374910e-01	3.288893e-01	-8.61071e-11	
664	3.167500e-08	3.374910e-01	3.290698e-01	-8.43017e-11	
665	3.172500e-08	3.374910e-01	3.292466e-01	-8.25340e-11	
666	3.177500e-08	3.374910e-01	3.294197e-01	-8.08035e-11	
667	3.182500e-08	3.374910e-01	3.295891e-01	-7.91092e-11	
668	3.187500e-08	3.374910e-01	3.297550e-01	-7.74505e-11	
669	3.192500e-08	3.374910e-01	3.299173e-01	-7.58265e-11	
670	3.197500e-08	3.374910e-01	3.300763e-01	-7.42366e-11	
671	3.202500e-08	3.374910e-01	3.302320e-01	-7.26801e-11	
672	3.207500e-08	3.374910e-01	3.303844e-01	-7.11562e-11	
673	3.212500e-08	3.374910e-01	3.305336e-01	-6.96642e-11	
674	3.217500e-08	3.374910e-01	3.306796e-01	-6.82035e-11	
675	3.222500e-08	3.374910e-01	3.308227e-01	-6.67735e-11	
676	3.227500e-08	3.374910e-01	3.309627e-01	-6.53734e-11	
677	3.232500e-08	3.374910e-01	3.310997e-01	-6.40027e-11	
678	3.237500e-08	3.374910e-01	3.312339e-01	-6.26607e-11	
679	3.242500e-08	3.374910e-01	3.313653e-01	-6.13469e-11	
680	3.247500e-08	3.374910e-01	3.314939e-01	-6.00606e-11	
681	3.252500e-08	3.374910e-01	3.316199e-01	-5.88013e-11	
682	3.257500e-08	3.374910e-01	3.317432e-01	-5.75684e-11	
683	3.262500e-08	3.374910e-01	3.318639e-01	-5.63614e-11	
684	3.267500e-08	3.374910e-01	3.319820e-01	-5.51796e-11	
685	3.272500e-08	3.374910e-01	3.320977e-01	-5.40227e-11	
686	3.277500e-08	3.374910e-01	3.322110e-01	-5.28900e-11	
687	3.282500e-08	3.374910e-01	3.323219e-01	-5.17810e-11	
688	3.287500e-08	3.374910e-01	3.324305e-01	-5.06953e-11	
689	3.292500e-08	3.374910e-01	3.325368e-01	-4.96324e-11	
690	3.297500e-08	3.374910e-01	3.326408e-01	-4.85917e-11	
691	3.302500e-08	3.374910e-01	3.327427e-01	-4.75729e-11	
692	3.307500e-08	3.374910e-01	3.328425e-01	-4.65755e-11	

Index   time            v(cell)         v(bl)           vpre#branch     
--------------------------------------------------------------------------------
693	3.312500e-08	3.374910e-01	3.329401e-01	-4.55989e-11	
694	3.317500e-08	3.374910e-01	3.330357e-01	-4.46428e-11	
695	3.322500e-08	3.374910e-01	3.331293e-01	-4.37068e-11	
696	3.327500e-08	3.374910e-01	3.332210e-01	-4.27904e-11	
697	3.332500e-08	3.374910e-01	3.333107e-01	-4.18932e-11	
698	3.337500e-08	3.374910e-01	3.333985e-01	-4.10149e-11	
699	3.342500e-08	3.374910e-01	3.334845e-01	-4.01549e-11	
700	3.347500e-08	3.374910e-01	3.335687e-01	-3.93130e-11	
701	3.352500e-08	3.374910e-01	3.336511e-01	-3.84887e-11	
702	3.357500e-08	3.374910e-01	3.337318e-01	-3.76818e-11	
703	3.362500e-08	3.374910e-01	3.338108e-01	-3.68917e-11	
704	3.367500e-08	3.374910e-01	3.338882e-01	-3.61182e-11	
705	3.372500e-08	3.374910e-01	3.339639e-01	-3.53609e-11	
706	3.377500e-08	3.374910e-01	3.340380e-01	-3.46195e-11	
707	3.382500e-08	3.374910e-01	3.341106e-01	-3.38937e-11	
708	3.387500e-08	3.374910e-01	3.341817e-01	-3.31830e-11	
709	3.392500e-08	3.374910e-01	3.342513e-01	-3.24873e-11	
710	3.397500e-08	3.374910e-01	3.343194e-01	-3.18061e-11	
711	3.402500e-08	3.374910e-01	3.343861e-01	-3.11393e-11	
712	3.407500e-08	3.374910e-01	3.344514e-01	-3.04864e-11	
713	3.412500e-08	3.374910e-01	3.345153e-01	-2.98472e-11	
714	3.417500e-08	3.374910e-01	3.345779e-01	-2.92214e-11	
715	3.422500e-08	3.374910e-01	3.346391e-01	-2.86087e-11	
716	3.427500e-08	3.374910e-01	3.346991e-01	-2.80089e-11	
717	3.432500e-08	3.374910e-01	3.347578e-01	-2.74217e-11	
718	3.437500e-08	3.374910e-01	3.348153e-01	-2.68467e-11	
719	3.442500e-08	3.374910e-01	3.348716e-01	-2.62838e-11	
720	3.447500e-08	3.374910e-01	3.349267e-01	-2.57328e-11	
721	3.452500e-08	3.374910e-01	3.349807e-01	-2.51932e-11	
722	3.457500e-08	3.374910e-01	3.350335e-01	-2.46650e-11	
723	3.462500e-08	3.374910e-01	3.350852e-01	-2.41479e-11	
724	3.467500e-08	3.374910e-01	3.351358e-01	-2.36416e-11	
725	3.472500e-08	3.374910e-01	3.351854e-01	-2.31459e-11	
726	3.477500e-08	3.374910e-01	3.352339e-01	-2.26606e-11	
727	3.482500e-08	3.374910e-01	3.352814e-01	-2.21855e-11	
728	3.487500e-08	3.374910e-01	3.353280e-01	-2.17204e-11	
729	3.492500e-08	3.374910e-01	3.353735e-01	-2.12650e-11	
730	3.497500e-08	3.374910e-01	3.354181e-01	-2.08191e-11	
731	3.502500e-08	3.374910e-01	3.354617e-01	-2.03826e-11	
732	3.507500e-08	3.374910e-01	3.355045e-01	-1.99553e-11	
733	3.512500e-08	3.374910e-01	3.355463e-01	-1.95369e-11	
734	3.517500e-08	3.374910e-01	3.355873e-01	-1.91273e-11	
735	3.522500e-08	3.374910e-01	3.356274e-01	-1.87262e-11	
736	3.527500e-08	3.374910e-01	3.356666e-01	-1.83336e-11	
737	3.532500e-08	3.374910e-01	3.357051e-01	-1.79492e-11	
738	3.537500e-08	3.374910e-01	3.357427e-01	-1.75729e-11	
739	3.542500e-08	3.374910e-01	3.357796e-01	-1.72045e-11	
740	3.547500e-08	3.374910e-01	3.358156e-01	-1.68438e-11	
741	3.552500e-08	3.374910e-01	3.358509e-01	-1.64906e-11	
742	3.557500e-08	3.374910e-01	3.358855e-01	-1.61449e-11	
743	3.562500e-08	3.374910e-01	3.359194e-01	-1.58064e-11	
744	3.567500e-08	3.374910e-01	3.359525e-01	-1.54750e-11	
745	3.572500e-08	3.374910e-01	3.359849e-01	-1.51505e-11	
746	3.577500e-08	3.374910e-01	3.360167e-01	-1.48329e-11	
747	3.582500e-08	3.374910e-01	3.360478e-01	-1.45219e-11	
748	3.587500e-08	3.374910e-01	3.360783e-01	-1.42174e-11	
749	3.592500e-08	3.374910e-01	3.361081e-01	-1.39193e-11	
750	3.597500e-08	3.374910e-01	3.361373e-01	-1.36275e-11	

Index   time            v(cell)         v(bl)           vpre#branch     
--------------------------------------------------------------------------------
751	3.602500e-08	3.374910e-01	3.361658e-01	-1.33418e-11	
752	3.607500e-08	3.374910e-01	3.361938e-01	-1.30621e-11	
753	3.612500e-08	3.374910e-01	3.362212e-01	-1.27882e-11	
754	3.617500e-08	3.374910e-01	3.362480e-01	-1.25201e-11	
755	3.622500e-08	3.374910e-01	3.362742e-01	-1.22576e-11	
756	3.627500e-08	3.374910e-01	3.362999e-01	-1.20006e-11	
757	3.632500e-08	3.374910e-01	3.363251e-01	-1.17490e-11	
758	3.637500e-08	3.374910e-01	3.363497e-01	-1.15027e-11	
759	3.642500e-08	3.374910e-01	3.363739e-01	-1.12615e-11	
760	3.647500e-08	3.374910e-01	3.363975e-01	-1.10254e-11	
761	3.652500e-08	3.374910e-01	3.364206e-01	-1.07942e-11	
762	3.657500e-08	3.374910e-01	3.364432e-01	-1.05679e-11	
763	3.662500e-08	3.374910e-01	3.364654e-01	-1.03463e-11	
764	3.667500e-08	3.374910e-01	3.364871e-01	-1.01294e-11	
765	3.672500e-08	3.374910e-01	3.365083e-01	-9.91705e-12	
766	3.677500e-08	3.374910e-01	3.365291e-01	-9.70913e-12	
767	3.682500e-08	3.374910e-01	3.365494e-01	-9.50557e-12	
768	3.687500e-08	3.374910e-01	3.365694e-01	-9.30627e-12	
769	3.692500e-08	3.374910e-01	3.365889e-01	-9.11116e-12	
770	3.697500e-08	3.374910e-01	3.366080e-01	-8.92013e-12	
771	3.702500e-08	3.374910e-01	3.366267e-01	-8.73311e-12	
772	3.707500e-08	3.374910e-01	3.366450e-01	-8.55002e-12	
773	3.712500e-08	3.374910e-01	3.366629e-01	-8.37076e-12	
774	3.717500e-08	3.374910e-01	3.366805e-01	-8.19526e-12	
775	3.722500e-08	3.374910e-01	3.366977e-01	-8.02344e-12	
776	3.727500e-08	3.374910e-01	3.367145e-01	-7.85522e-12	
777	3.732500e-08	3.374910e-01	3.367309e-01	-7.69053e-12	
778	3.737500e-08	3.374910e-01	3.367471e-01	-7.52929e-12	
779	3.742500e-08	3.374910e-01	3.367629e-01	-7.37143e-12	
780	3.747500e-08	3.374910e-01	3.367783e-01	-7.21688e-12	
781	3.752500e-08	3.374910e-01	3.367934e-01	-7.06557e-12	
782	3.757500e-08	3.374910e-01	3.368083e-01	-6.91744e-12	
783	3.762500e-08	3.374910e-01	3.368228e-01	-6.77241e-12	
784	3.767500e-08	3.374910e-01	3.368370e-01	-6.63042e-12	
785	3.772500e-08	3.374910e-01	3.368509e-01	-6.49141e-12	
786	3.777500e-08	3.374910e-01	3.368645e-01	-6.35531e-12	
787	3.782500e-08	3.374910e-01	3.368778e-01	-6.22207e-12	
788	3.787500e-08	3.374910e-01	3.368908e-01	-6.09162e-12	
789	3.792500e-08	3.374910e-01	3.369036e-01	-5.96390e-12	
790	3.797500e-08	3.374910e-01	3.369161e-01	-5.83886e-12	
791	3.802500e-08	3.374910e-01	3.369284e-01	-5.71645e-12	
792	3.807500e-08	3.374910e-01	3.369403e-01	-5.59660e-12	
793	3.812500e-08	3.374910e-01	3.369521e-01	-5.47926e-12	
794	3.817500e-08	3.374910e-01	3.369636e-01	-5.36438e-12	
795	3.822500e-08	3.374910e-01	3.369748e-01	-5.25192e-12	
796	3.827500e-08	3.374910e-01	3.369858e-01	-5.14181e-12	
797	3.832500e-08	3.374910e-01	3.369966e-01	-5.03400e-12	
798	3.837500e-08	3.374910e-01	3.370072e-01	-4.92846e-12	
799	3.842500e-08	3.374910e-01	3.370175e-01	-4.82513e-12	
800	3.847500e-08	3.374910e-01	3.370276e-01	-4.72397e-12	
801	3.852500e-08	3.374910e-01	3.370375e-01	-4.62493e-12	
802	3.857500e-08	3.374910e-01	3.370472e-01	-4.52797e-12	
803	3.862500e-08	3.374910e-01	3.370567e-01	-4.43303e-12	
804	3.867500e-08	3.374910e-01	3.370660e-01	-4.34009e-12	
805	3.872500e-08	3.374910e-01	3.370751e-01	-4.24910e-12	
806	3.877500e-08	3.374910e-01	3.370840e-01	-4.16002e-12	
807	3.882500e-08	3.374910e-01	3.370927e-01	-4.07280e-12	
808	3.887500e-08	3.374910e-01	3.371013e-01	-3.98741e-12	

Index   time            v(cell)         v(bl)           vpre#branch     
--------------------------------------------------------------------------------
809	3.892500e-08	3.374910e-01	3.371096e-01	-3.90381e-12	
810	3.897500e-08	3.374910e-01	3.371178e-01	-3.82197e-12	
811	3.902500e-08	3.374910e-01	3.371258e-01	-3.74184e-12	
812	3.907500e-08	3.374910e-01	3.371337e-01	-3.66339e-12	
813	3.912500e-08	3.374910e-01	3.371413e-01	-3.58658e-12	
814	3.917500e-08	3.374910e-01	3.371489e-01	-3.51139e-12	
815	3.922500e-08	3.374910e-01	3.371562e-01	-3.43777e-12	
816	3.927500e-08	3.374910e-01	3.371634e-01	-3.36570e-12	
817	3.932500e-08	3.374910e-01	3.371705e-01	-3.29513e-12	
818	3.937500e-08	3.374910e-01	3.371774e-01	-3.22605e-12	
819	3.942500e-08	3.374910e-01	3.371842e-01	-3.15841e-12	
820	3.947500e-08	3.374910e-01	3.371908e-01	-3.09220e-12	
821	3.952500e-08	3.374910e-01	3.371973e-01	-3.02737e-12	
822	3.957500e-08	3.374910e-01	3.372036e-01	-2.96390e-12	
823	3.962500e-08	3.374910e-01	3.372098e-01	-2.90176e-12	
824	3.967500e-08	3.374910e-01	3.372159e-01	-2.84092e-12	
825	3.972500e-08	3.374910e-01	3.372219e-01	-2.78136e-12	
826	3.977500e-08	3.374910e-01	3.372277e-01	-2.72305e-12	
827	3.982500e-08	3.374910e-01	3.372334e-01	-2.66596e-12	
828	3.987500e-08	3.374910e-01	3.372390e-01	-2.61007e-12	
829	3.992500e-08	3.374910e-01	3.372445e-01	-2.55534e-12	
830	3.996250e-08	3.374910e-01	3.372485e-01	-2.51506e-12	
831	4.000000e-08	3.374910e-01	3.372525e-01	-2.47541e-12	


Total analysis time (seconds) = 0.0544916

Total elapsed time (seconds) = 0.069 

Total DRAM available = 386307.215 MB.
DRAM currently available = 1992.820 MB.
Maximum ngspice program size =  529.715 MB.
Current ngspice program size =   14.230 MB.

Shared ngspice pages =   12.410 MB.
Text (code) pages =    6.266 MB.
Stack = 0 bytes.
Library pages =   59.133 MB.

