
Note: No compatibility mode selected!


Circuit: * id-vd sweep vgs=0.9000v

Doing analysis at TEMP = 27.000000 and TNOM = 27.000000

Using SPARSE 1.3 as Direct Linear Solver

No. of Data Rows : 101
                           * id-vd sweep vgs=0.9000v
                           DC transfer characteristic  Wed Jun 24 01:01:52  2026
--------------------------------------------------------------------------------
Index   v-sweep         vd#branch       v(d)            
--------------------------------------------------------------------------------
0	0.000000e+00	1.462966e-28	0.000000e+00	
1	9.000000e-03	-5.97877e-07	9.000000e-03	
2	1.800000e-02	-8.69550e-07	1.800000e-02	
3	2.700000e-02	-9.64076e-07	2.700000e-02	
4	3.600000e-02	-1.01846e-06	3.600000e-02	
5	4.500000e-02	-1.05689e-06	4.500000e-02	
6	5.400000e-02	-1.08676e-06	5.400000e-02	
7	6.300000e-02	-1.11129e-06	6.300000e-02	
8	7.200000e-02	-1.13221e-06	7.200000e-02	
9	8.100000e-02	-1.15052e-06	8.100000e-02	
10	9.000000e-02	-1.16776e-06	9.000000e-02	
11	9.900000e-02	-1.18239e-06	9.900000e-02	
12	1.080000e-01	-1.19585e-06	1.080000e-01	
13	1.170000e-01	-1.20835e-06	1.170000e-01	
14	1.260000e-01	-1.22005e-06	1.260000e-01	
15	1.350000e-01	-1.23105e-06	1.350000e-01	
16	1.440000e-01	-1.24147e-06	1.440000e-01	
17	1.530000e-01	-1.25138e-06	1.530000e-01	
18	1.620000e-01	-1.26085e-06	1.620000e-01	
19	1.710000e-01	-1.26991e-06	1.710000e-01	
20	1.800000e-01	-1.27863e-06	1.800000e-01	
21	1.890000e-01	-1.28703e-06	1.890000e-01	
22	1.980000e-01	-1.29515e-06	1.980000e-01	
23	2.070000e-01	-1.30301e-06	2.070000e-01	
24	2.160000e-01	-1.31064e-06	2.160000e-01	
25	2.250000e-01	-1.31806e-06	2.250000e-01	
26	2.340000e-01	-1.32528e-06	2.340000e-01	
27	2.430000e-01	-1.33233e-06	2.430000e-01	
28	2.520000e-01	-1.33920e-06	2.520000e-01	
29	2.610000e-01	-1.34593e-06	2.610000e-01	
30	2.700000e-01	-1.35251e-06	2.700000e-01	
31	2.790000e-01	-1.35896e-06	2.790000e-01	
32	2.880000e-01	-1.36529e-06	2.880000e-01	
33	2.970000e-01	-1.37150e-06	2.970000e-01	
34	3.060000e-01	-1.37760e-06	3.060000e-01	
35	3.150000e-01	-1.38360e-06	3.150000e-01	
36	3.240000e-01	-1.38951e-06	3.240000e-01	
37	3.330000e-01	-1.39533e-06	3.330000e-01	
38	3.420000e-01	-1.40106e-06	3.420000e-01	
39	3.510000e-01	-1.40671e-06	3.510000e-01	
40	3.600000e-01	-1.41228e-06	3.600000e-01	
41	3.690000e-01	-1.41779e-06	3.690000e-01	
42	3.780000e-01	-1.42322e-06	3.780000e-01	
43	3.870000e-01	-1.42859e-06	3.870000e-01	
44	3.960000e-01	-1.43390e-06	3.960000e-01	
45	4.050000e-01	-1.43915e-06	4.050000e-01	
46	4.140000e-01	-1.44434e-06	4.140000e-01	
47	4.230000e-01	-1.44948e-06	4.230000e-01	
48	4.320000e-01	-1.45457e-06	4.320000e-01	
49	4.410000e-01	-1.45961e-06	4.410000e-01	
50	4.500000e-01	-1.46460e-06	4.500000e-01	
51	4.590000e-01	-1.46955e-06	4.590000e-01	
52	4.680000e-01	-1.47446e-06	4.680000e-01	
53	4.770000e-01	-1.47932e-06	4.770000e-01	
54	4.860000e-01	-1.48414e-06	4.860000e-01	

Index   v-sweep         vd#branch       v(d)            
--------------------------------------------------------------------------------
55	4.950000e-01	-1.48893e-06	4.950000e-01	
56	5.040000e-01	-1.49368e-06	5.040000e-01	
57	5.130000e-01	-1.49839e-06	5.130000e-01	
58	5.220000e-01	-1.50307e-06	5.220000e-01	
59	5.310000e-01	-1.50772e-06	5.310000e-01	
60	5.400000e-01	-1.51234e-06	5.400000e-01	
61	5.490000e-01	-1.51692e-06	5.490000e-01	
62	5.580000e-01	-1.52148e-06	5.580000e-01	
63	5.670000e-01	-1.52601e-06	5.670000e-01	
64	5.760000e-01	-1.53051e-06	5.760000e-01	
65	5.850000e-01	-1.53498e-06	5.850000e-01	
66	5.940000e-01	-1.53943e-06	5.940000e-01	
67	6.030000e-01	-1.54385e-06	6.030000e-01	
68	6.120000e-01	-1.54825e-06	6.120000e-01	
69	6.210000e-01	-1.55263e-06	6.210000e-01	
70	6.300000e-01	-1.55698e-06	6.300000e-01	
71	6.390000e-01	-1.56132e-06	6.390000e-01	
72	6.480000e-01	-1.56563e-06	6.480000e-01	
73	6.570000e-01	-1.56992e-06	6.570000e-01	
74	6.660000e-01	-1.57419e-06	6.660000e-01	
75	6.750000e-01	-1.57844e-06	6.750000e-01	
76	6.840000e-01	-1.58267e-06	6.840000e-01	
77	6.930000e-01	-1.58689e-06	6.930000e-01	
78	7.020000e-01	-1.59108e-06	7.020000e-01	
79	7.110000e-01	-1.59526e-06	7.110000e-01	
80	7.200000e-01	-1.59942e-06	7.200000e-01	
81	7.290000e-01	-1.60357e-06	7.290000e-01	
82	7.380000e-01	-1.60770e-06	7.380000e-01	
83	7.470000e-01	-1.61181e-06	7.470000e-01	
84	7.560000e-01	-1.61591e-06	7.560000e-01	
85	7.650000e-01	-1.62000e-06	7.650000e-01	
86	7.740000e-01	-1.62407e-06	7.740000e-01	
87	7.830000e-01	-1.62812e-06	7.830000e-01	
88	7.920000e-01	-1.63217e-06	7.920000e-01	
89	8.010000e-01	-1.63620e-06	8.010000e-01	
90	8.100000e-01	-1.64021e-06	8.100000e-01	
91	8.190000e-01	-1.64422e-06	8.190000e-01	
92	8.280000e-01	-1.64821e-06	8.280000e-01	
93	8.370000e-01	-1.65219e-06	8.370000e-01	
94	8.460000e-01	-1.65616e-06	8.460000e-01	
95	8.550000e-01	-1.66011e-06	8.550000e-01	
96	8.640000e-01	-1.66406e-06	8.640000e-01	
97	8.730000e-01	-1.66799e-06	8.730000e-01	
98	8.820000e-01	-1.67192e-06	8.820000e-01	
99	8.910000e-01	-1.67583e-06	8.910000e-01	
100	9.000000e-01	-1.67973e-06	9.000000e-01	


Total analysis time (seconds) = 0.00760113

Total elapsed time (seconds) = 0.013 

Total DRAM available = 386307.215 MB.
DRAM currently available = 9333.082 MB.
Maximum ngspice program size =  529.723 MB.
Current ngspice program size =   14.055 MB.

Shared ngspice pages =   12.293 MB.
Text (code) pages =    6.266 MB.
Stack = 0 bytes.
Library pages =   59.141 MB.

