
Note: No compatibility mode selected!


Circuit: * wl switching transient

Doing analysis at TEMP = 27.000000 and TNOM = 27.000000

Using SPARSE 1.3 as Direct Linear Solver

Initial Transient Solution
--------------------------

Node                                   Voltage
----                                   -------
d                                         0.45
g                                            0
s                                            0
vg#branch                                    0
vd#branch                         -1.90947e-14
vs#branch                          1.90947e-14


No. of Data Rows : 217
                            * wl switching transient
                            Transient Analysis  Tue Jun 23 16:31:54  2026
--------------------------------------------------------------------------------
Index   time            v(g)            vg#branch       
--------------------------------------------------------------------------------
0	0.000000e+00	0.000000e+00	0.000000e+00	
1	1.000000e-12	0.000000e+00	1.322144e-22	
2	2.000000e-12	0.000000e+00	1.322144e-22	
3	4.000000e-12	0.000000e+00	1.322144e-22	
4	8.000000e-12	0.000000e+00	6.610718e-23	
5	1.600000e-11	0.000000e+00	3.305359e-23	
6	3.200000e-11	0.000000e+00	6.946635e-23	
7	6.400000e-11	0.000000e+00	8.263397e-24	
8	1.280000e-10	0.000000e+00	4.131698e-24	
9	2.280000e-10	0.000000e+00	-1.06148e-24	
10	3.280000e-10	0.000000e+00	-1.06148e-24	
11	4.280000e-10	0.000000e+00	-1.06148e-24	
12	5.280000e-10	0.000000e+00	-1.06148e-24	
13	6.280000e-10	0.000000e+00	-1.06148e-24	
14	7.280000e-10	0.000000e+00	-1.06148e-24	
15	8.280000e-10	0.000000e+00	-1.06148e-24	
16	9.140000e-10	0.000000e+00	2.092646e-23	
17	1.000000e-09	0.000000e+00	2.092646e-23	
18	1.010000e-09	9.000000e-03	-1.42540e-08	
19	1.030000e-09	2.700000e-02	-1.43608e-08	
20	1.070000e-09	6.300000e-02	-1.42546e-08	
21	1.150000e-09	1.350000e-01	-1.43605e-08	
22	1.250000e-09	2.250000e-01	-1.42548e-08	
23	1.350000e-09	3.150000e-01	-1.43605e-08	
24	1.450000e-09	4.050000e-01	-1.42570e-08	
25	1.550000e-09	4.950000e-01	-1.43790e-08	
26	1.650000e-09	5.850000e-01	-1.44168e-08	
27	1.750000e-09	6.750000e-01	-1.53253e-08	
28	1.850000e-09	7.650000e-01	-1.65435e-08	
29	1.925000e-09	8.325000e-01	-1.68844e-08	
30	2.000000e-09	9.000000e-01	-1.73107e-08	
31	2.010000e-09	9.000000e-01	-7.85878e-11	
32	2.030000e-09	9.000000e-01	7.787020e-11	
33	2.070000e-09	9.000000e-01	-7.75137e-11	
34	2.150000e-09	9.000000e-01	7.733606e-11	
35	2.250000e-09	9.000000e-01	-7.71942e-11	
36	2.350000e-09	9.000000e-01	7.705269e-11	
37	2.450000e-09	9.000000e-01	-7.69114e-11	
38	2.550000e-09	9.000000e-01	7.677037e-11	
39	2.650000e-09	9.000000e-01	-7.66296e-11	
40	2.750000e-09	9.000000e-01	7.648908e-11	
41	2.850000e-09	9.000000e-01	-7.63488e-11	
42	2.950000e-09	9.000000e-01	7.620883e-11	
43	3.050000e-09	9.000000e-01	-7.60691e-11	
44	3.150000e-09	9.000000e-01	7.592962e-11	
45	3.250000e-09	9.000000e-01	-7.57904e-11	
46	3.350000e-09	9.000000e-01	7.565143e-11	
47	3.450000e-09	9.000000e-01	-7.55127e-11	
48	3.550000e-09	9.000000e-01	7.537427e-11	
49	3.650000e-09	9.000000e-01	-7.52361e-11	
50	3.750000e-09	9.000000e-01	7.509812e-11	
51	3.850000e-09	9.000000e-01	-7.49604e-11	
52	3.950000e-09	9.000000e-01	7.482300e-11	
53	4.050000e-09	9.000000e-01	-7.46858e-11	
54	4.150000e-09	9.000000e-01	7.454889e-11	

Index   time            v(g)            vg#branch       
--------------------------------------------------------------------------------
55	4.250000e-09	9.000000e-01	-7.44122e-11	
56	4.350000e-09	9.000000e-01	7.427578e-11	
57	4.450000e-09	9.000000e-01	-7.41396e-11	
58	4.550000e-09	9.000000e-01	7.400369e-11	
59	4.650000e-09	9.000000e-01	-7.38680e-11	
60	4.750000e-09	9.000000e-01	7.373259e-11	
61	4.850000e-09	9.000000e-01	-7.35974e-11	
62	4.950000e-09	9.000000e-01	7.346249e-11	
63	5.050000e-09	9.000000e-01	-7.33278e-11	
64	5.150000e-09	9.000000e-01	7.319339e-11	
65	5.250000e-09	9.000000e-01	-7.30592e-11	
66	5.350000e-09	9.000000e-01	7.292528e-11	
67	5.450000e-09	9.000000e-01	-7.27916e-11	
68	5.550000e-09	9.000000e-01	7.265816e-11	
69	5.650000e-09	9.000000e-01	-7.25250e-11	
70	5.750000e-09	9.000000e-01	7.239202e-11	
71	5.850000e-09	9.000000e-01	-7.22593e-11	
72	5.950000e-09	9.000000e-01	7.212686e-11	
73	6.050000e-09	9.000000e-01	-7.19946e-11	
74	6.150000e-09	9.000000e-01	7.186268e-11	
75	6.250000e-09	9.000000e-01	-7.17309e-11	
76	6.350000e-09	9.000000e-01	7.159947e-11	
77	6.450000e-09	9.000000e-01	-7.14682e-11	
78	6.550000e-09	9.000000e-01	7.133722e-11	
79	6.650000e-09	9.000000e-01	-7.12065e-11	
80	6.750000e-09	9.000000e-01	7.107595e-11	
81	6.850000e-09	9.000000e-01	-7.09457e-11	
82	6.950000e-09	9.000000e-01	7.081563e-11	
83	7.050000e-09	9.000000e-01	-7.06858e-11	
84	7.150000e-09	9.000000e-01	7.055628e-11	
85	7.250000e-09	9.000000e-01	-7.04270e-11	
86	7.350000e-09	9.000000e-01	7.029788e-11	
87	7.450000e-09	9.000000e-01	-7.01690e-11	
88	7.550000e-09	9.000000e-01	7.004043e-11	
89	7.650000e-09	9.000000e-01	-6.99121e-11	
90	7.750000e-09	9.000000e-01	6.978393e-11	
91	7.850000e-09	9.000000e-01	-6.96560e-11	
92	7.950000e-09	9.000000e-01	6.952837e-11	
93	8.050000e-09	9.000000e-01	-6.94009e-11	
94	8.150000e-09	9.000000e-01	6.927376e-11	
95	8.250000e-09	9.000000e-01	-6.91468e-11	
96	8.350000e-09	9.000000e-01	6.902008e-11	
97	8.450000e-09	9.000000e-01	-6.88936e-11	
98	8.550000e-09	9.000000e-01	6.876733e-11	
99	8.650000e-09	9.000000e-01	-6.86413e-11	
100	8.750000e-09	9.000000e-01	6.851552e-11	
101	8.850000e-09	9.000000e-01	-6.83900e-11	
102	8.950000e-09	9.000000e-01	6.826463e-11	
103	9.050000e-09	9.000000e-01	-6.81395e-11	
104	9.150000e-09	9.000000e-01	6.801467e-11	
105	9.250000e-09	9.000000e-01	-6.78900e-11	
106	9.350000e-09	9.000000e-01	6.776563e-11	
107	9.450000e-09	9.000000e-01	-6.76415e-11	
108	9.550000e-09	9.000000e-01	6.751750e-11	
109	9.650000e-09	9.000000e-01	-6.73938e-11	
110	9.750000e-09	9.000000e-01	6.727029e-11	
111	9.850000e-09	9.000000e-01	-6.71470e-11	
112	9.925000e-09	9.000000e-01	6.698302e-11	

Index   time            v(g)            vg#branch       
--------------------------------------------------------------------------------
113	1.000000e-08	9.000000e-01	-6.68194e-11	
114	1.001000e-08	9.000000e-01	-3.04962e-13	
115	1.003000e-08	9.000000e-01	3.021636e-13	
116	1.007000e-08	9.000000e-01	-3.00774e-13	
117	1.015000e-08	9.000000e-01	3.000816e-13	
118	1.025000e-08	9.000000e-01	-2.99529e-13	
119	1.035000e-08	9.000000e-01	2.989771e-13	
120	1.045000e-08	9.000000e-01	-2.98426e-13	
121	1.055000e-08	9.000000e-01	2.978766e-13	
122	1.065000e-08	9.000000e-01	-2.97328e-13	
123	1.075000e-08	9.000000e-01	2.967803e-13	
124	1.085000e-08	9.000000e-01	-2.96234e-13	
125	1.095000e-08	9.000000e-01	2.956880e-13	
126	1.105000e-08	9.000000e-01	-2.95143e-13	
127	1.115000e-08	9.000000e-01	2.945997e-13	
128	1.125000e-08	9.000000e-01	-2.94057e-13	
129	1.135000e-08	9.000000e-01	2.935155e-13	
130	1.145000e-08	9.000000e-01	-2.92975e-13	
131	1.155000e-08	9.000000e-01	2.924353e-13	
132	1.165000e-08	9.000000e-01	-2.91897e-13	
133	1.175000e-08	9.000000e-01	2.913590e-13	
134	1.185000e-08	9.000000e-01	-2.90822e-13	
135	1.195000e-08	9.000000e-01	2.902868e-13	
136	1.205000e-08	9.000000e-01	-2.89752e-13	
137	1.215000e-08	9.000000e-01	2.892185e-13	
138	1.225000e-08	9.000000e-01	-2.88686e-13	
139	1.235000e-08	9.000000e-01	2.881541e-13	
140	1.245000e-08	9.000000e-01	-2.87623e-13	
141	1.255000e-08	9.000000e-01	2.870937e-13	
142	1.265000e-08	9.000000e-01	-2.86565e-13	
143	1.275000e-08	9.000000e-01	2.860372e-13	
144	1.285000e-08	9.000000e-01	-2.85510e-13	
145	1.295000e-08	9.000000e-01	2.849847e-13	
146	1.305000e-08	9.000000e-01	-2.84460e-13	
147	1.315000e-08	9.000000e-01	2.839360e-13	
148	1.325000e-08	9.000000e-01	-2.83413e-13	
149	1.335000e-08	9.000000e-01	2.828912e-13	
150	1.345000e-08	9.000000e-01	-2.82370e-13	
151	1.355000e-08	9.000000e-01	2.818502e-13	
152	1.365000e-08	9.000000e-01	-2.81331e-13	
153	1.375000e-08	9.000000e-01	2.808131e-13	
154	1.385000e-08	9.000000e-01	-2.80296e-13	
155	1.395000e-08	9.000000e-01	2.797798e-13	
156	1.405000e-08	9.000000e-01	-2.79265e-13	
157	1.415000e-08	9.000000e-01	2.787504e-13	
158	1.425000e-08	9.000000e-01	-2.78237e-13	
159	1.435000e-08	9.000000e-01	2.777247e-13	
160	1.445000e-08	9.000000e-01	-2.77213e-13	
161	1.455000e-08	9.000000e-01	2.767029e-13	
162	1.465000e-08	9.000000e-01	-2.76193e-13	
163	1.475000e-08	9.000000e-01	2.756848e-13	
164	1.485000e-08	9.000000e-01	-2.75177e-13	
165	1.495000e-08	9.000000e-01	2.746705e-13	
166	1.505000e-08	9.000000e-01	-2.74165e-13	
167	1.515000e-08	9.000000e-01	2.736599e-13	
168	1.525000e-08	9.000000e-01	-2.73156e-13	
169	1.535000e-08	9.000000e-01	2.726531e-13	
170	1.545000e-08	9.000000e-01	-2.72151e-13	

Index   time            v(g)            vg#branch       
--------------------------------------------------------------------------------
171	1.555000e-08	9.000000e-01	2.716500e-13	
172	1.565000e-08	9.000000e-01	-2.71150e-13	
173	1.575000e-08	9.000000e-01	2.706506e-13	
174	1.585000e-08	9.000000e-01	-2.70152e-13	
175	1.595000e-08	9.000000e-01	2.696549e-13	
176	1.605000e-08	9.000000e-01	-2.69158e-13	
177	1.615000e-08	9.000000e-01	2.686629e-13	
178	1.625000e-08	9.000000e-01	-2.68168e-13	
179	1.635000e-08	9.000000e-01	2.676745e-13	
180	1.645000e-08	9.000000e-01	-2.67182e-13	
181	1.655000e-08	9.000000e-01	2.666898e-13	
182	1.665000e-08	9.000000e-01	-2.66199e-13	
183	1.675000e-08	9.000000e-01	2.657087e-13	
184	1.685000e-08	9.000000e-01	-2.65220e-13	
185	1.695000e-08	9.000000e-01	2.647313e-13	
186	1.705000e-08	9.000000e-01	-2.64244e-13	
187	1.715000e-08	9.000000e-01	2.637574e-13	
188	1.725000e-08	9.000000e-01	-2.63272e-13	
189	1.735000e-08	9.000000e-01	2.627872e-13	
190	1.745000e-08	9.000000e-01	-2.62303e-13	
191	1.755000e-08	9.000000e-01	2.618206e-13	
192	1.765000e-08	9.000000e-01	-2.61339e-13	
193	1.775000e-08	9.000000e-01	2.608575e-13	
194	1.785000e-08	9.000000e-01	-2.60377e-13	
195	1.795000e-08	9.000000e-01	2.598980e-13	
196	1.805000e-08	9.000000e-01	-2.59420e-13	
197	1.815000e-08	9.000000e-01	2.589420e-13	
198	1.825000e-08	9.000000e-01	-2.58465e-13	
199	1.835000e-08	9.000000e-01	2.579896e-13	
200	1.845000e-08	9.000000e-01	-2.57515e-13	
201	1.855000e-08	9.000000e-01	2.570407e-13	
202	1.865000e-08	9.000000e-01	-2.56568e-13	
203	1.875000e-08	9.000000e-01	2.560953e-13	
204	1.885000e-08	9.000000e-01	-2.55624e-13	
205	1.895000e-08	9.000000e-01	2.551533e-13	
206	1.905000e-08	9.000000e-01	-2.54684e-13	
207	1.915000e-08	9.000000e-01	2.542149e-13	
208	1.925000e-08	9.000000e-01	-2.53747e-13	
209	1.935000e-08	9.000000e-01	2.532799e-13	
210	1.945000e-08	9.000000e-01	-2.52814e-13	
211	1.955000e-08	9.000000e-01	2.523484e-13	
212	1.965000e-08	9.000000e-01	-2.51884e-13	
213	1.975000e-08	9.000000e-01	2.514203e-13	
214	1.985000e-08	9.000000e-01	-2.50958e-13	
215	1.992500e-08	9.000000e-01	2.503419e-13	
216	2.000000e-08	9.000000e-01	-2.49728e-13	


Total analysis time (seconds) = 0.106773

Total elapsed time (seconds) = 0.116 

Total DRAM available = 386307.215 MB.
DRAM currently available = 20413.383 MB.
Maximum ngspice program size =  529.719 MB.
Current ngspice program size =   14.035 MB.

Shared ngspice pages =   12.277 MB.
Text (code) pages =    6.266 MB.
Stack = 0 bytes.
Library pages =   59.137 MB.

