
Note: No compatibility mode selected!


Circuit: * 1t1c ccell=30.0ff

Doing analysis at TEMP = 85.000000 and TNOM = 27.000000

Using SPARSE 1.3 as Direct Linear Solver

Initial Transient Solution
--------------------------

Node                                   Voltage
----                                   -------
pre                                       0.45
bl                                        0.45
wl                                           0
plate                                        0
s                                            0
cell                                         0
vs#branch                                    0
vpl#branch                                   0
vwl#branch                                   0
vpre#branch                                  0


No. of Data Rows : 832

  Measurements for Transient Analysis

t_write             =  1.90024e-09
t_read              =  2.28640e-08
i_hold              =  -3.02453e-11 from=  2.50000e-08 to=  3.50250e-08
q_read              =   8.86074e-19 from=  1.20000e-08 to=  2.20000e-08

                              * 1t1c ccell=30.0ff
                              Transient Analysis  Tue Jun 23 23:50:49  2026
--------------------------------------------------------------------------------
Index   time            v(cell)         v(bl)           vpre#branch     
--------------------------------------------------------------------------------
0	0.000000e+00	0.000000e+00	4.500000e-01	0.000000e+00	
1	5.000000e-13	1.430839e-11	4.499999e-01	-5.76982e-16	
2	1.000000e-12	2.861655e-11	4.499999e-01	-1.11642e-15	
3	2.000000e-12	5.723283e-11	4.499998e-01	-2.19462e-15	
4	4.000000e-12	1.144654e-10	4.499996e-01	-4.34695e-15	
5	8.000000e-12	2.289304e-10	4.499991e-01	-8.63540e-15	
6	1.600000e-11	4.578600e-10	4.499983e-01	-1.71479e-14	
7	3.200000e-11	9.157180e-10	4.499966e-01	-3.39183e-14	
8	6.400000e-11	1.831428e-09	4.499934e-01	-6.64663e-14	
9	1.140000e-10	3.262212e-09	4.499885e-01	-1.14779e-13	
10	1.640000e-10	4.692980e-09	4.499840e-01	-1.60145e-13	
11	2.140000e-10	6.123733e-09	4.499797e-01	-2.02743e-13	
12	2.640000e-10	7.554471e-09	4.499757e-01	-2.42744e-13	
13	3.140000e-10	8.985196e-09	4.499720e-01	-2.80304e-13	
14	3.640000e-10	1.041591e-08	4.499684e-01	-3.15574e-13	
15	4.140000e-10	1.184661e-08	4.499651e-01	-3.48692e-13	
16	4.640000e-10	1.327730e-08	4.499620e-01	-3.79790e-13	
17	5.140000e-10	1.470798e-08	4.499591e-01	-4.08992e-13	
18	5.640000e-10	1.613865e-08	4.499564e-01	-4.36412e-13	
19	6.140000e-10	1.756931e-08	4.499538e-01	-4.62160e-13	
20	6.640000e-10	1.899996e-08	4.499514e-01	-4.86337e-13	
21	7.140000e-10	2.043061e-08	4.499491e-01	-5.09040e-13	
22	7.640000e-10	2.186125e-08	4.499470e-01	-5.30357e-13	
23	8.140000e-10	2.329188e-08	4.499450e-01	-5.50375e-13	
24	8.640000e-10	2.472250e-08	4.499431e-01	-5.69172e-13	
25	9.140000e-10	2.615312e-08	4.499413e-01	-5.86822e-13	
26	9.570000e-10	2.738344e-08	4.499399e-01	-6.01136e-13	
27	1.000000e-09	2.861376e-08	4.499385e-01	-6.14696e-13	
28	1.005000e-09	4.498845e-03	4.499384e-01	-6.15677e-13	
29	1.015000e-09	1.349646e-02	4.499383e-01	-6.16649e-13	
30	1.035000e-09	3.149169e-02	4.499386e-01	-6.13555e-13	
31	1.075000e-09	6.748216e-02	4.499406e-01	-5.94211e-13	
32	1.125000e-09	1.124702e-01	4.499440e-01	-5.59858e-13	
33	1.175000e-09	1.574583e-01	4.499475e-01	-5.25363e-13	
34	1.225000e-09	2.024464e-01	4.499507e-01	-4.93182e-13	
35	1.275000e-09	2.474345e-01	4.499537e-01	-4.63050e-13	
36	1.325000e-09	2.924226e-01	4.499565e-01	-4.34790e-13	
37	1.375000e-09	3.374106e-01	4.499592e-01	-4.08267e-13	
38	1.425000e-09	3.823987e-01	4.499617e-01	-3.83366e-13	
39	1.475000e-09	4.273868e-01	4.499640e-01	-3.59986e-13	
40	1.525000e-09	4.723749e-01	4.499662e-01	-3.38033e-13	
41	1.575000e-09	5.173630e-01	4.499683e-01	-3.17417e-13	
42	1.625000e-09	5.623510e-01	4.499702e-01	-2.98059e-13	
43	1.675000e-09	6.073391e-01	4.499720e-01	-2.79880e-13	
44	1.725000e-09	6.523272e-01	4.499737e-01	-2.62810e-13	
45	1.775000e-09	6.973153e-01	4.499753e-01	-2.46781e-13	
46	1.825000e-09	7.423034e-01	4.499768e-01	-2.31729e-13	
47	1.875000e-09	7.872914e-01	4.499782e-01	-2.17594e-13	
48	1.925000e-09	8.322795e-01	4.499796e-01	-2.04321e-13	
49	1.962500e-09	8.660206e-01	4.499805e-01	-1.94901e-13	
50	2.000000e-09	8.997616e-01	4.499814e-01	-1.85915e-13	
51	2.005000e-09	8.997616e-01	4.499815e-01	-1.84752e-13	
52	2.015000e-09	8.997616e-01	4.499818e-01	-1.82442e-13	
53	2.035000e-09	8.997616e-01	4.499822e-01	-1.77906e-13	
54	2.075000e-09	8.997616e-01	4.499831e-01	-1.69170e-13	

Index   time            v(cell)         v(bl)           vpre#branch     
--------------------------------------------------------------------------------
55	2.125000e-09	8.997616e-01	4.499841e-01	-1.58849e-13	
56	2.175000e-09	8.997616e-01	4.499851e-01	-1.49157e-13	
57	2.225000e-09	8.997616e-01	4.499860e-01	-1.40056e-13	
58	2.275000e-09	8.997616e-01	4.499868e-01	-1.31510e-13	
59	2.325000e-09	8.997616e-01	4.499877e-01	-1.23485e-13	
60	2.375000e-09	8.997616e-01	4.499884e-01	-1.15950e-13	
61	2.425000e-09	8.997616e-01	4.499891e-01	-1.08874e-13	
62	2.475000e-09	8.997616e-01	4.499898e-01	-1.02230e-13	
63	2.525000e-09	8.997616e-01	4.499904e-01	-9.59909e-14	
64	2.575000e-09	8.997616e-01	4.499910e-01	-9.01323e-14	
65	2.625000e-09	8.997616e-01	4.499915e-01	-8.46309e-14	
66	2.675000e-09	8.997616e-01	4.499921e-01	-7.94650e-14	
67	2.725000e-09	8.997616e-01	4.499925e-01	-7.46142e-14	
68	2.775000e-09	8.997616e-01	4.499930e-01	-7.00592e-14	
69	2.825000e-09	8.997616e-01	4.499934e-01	-6.57820e-14	
70	2.875000e-09	8.997616e-01	4.499938e-01	-6.17656e-14	
71	2.925000e-09	8.997616e-01	4.499942e-01	-5.79941e-14	
72	2.975000e-09	8.997616e-01	4.499946e-01	-5.44527e-14	
73	3.025000e-09	8.997616e-01	4.499949e-01	-5.11272e-14	
74	3.075000e-09	8.997616e-01	4.499952e-01	-4.80045e-14	
75	3.125000e-09	8.997616e-01	4.499955e-01	-4.50722e-14	
76	3.175000e-09	8.997616e-01	4.499958e-01	-4.23187e-14	
77	3.225000e-09	8.997616e-01	4.499960e-01	-3.97332e-14	
78	3.275000e-09	8.997616e-01	4.499963e-01	-3.73053e-14	
79	3.325000e-09	8.997616e-01	4.499965e-01	-3.50255e-14	
80	3.375000e-09	8.997616e-01	4.499967e-01	-3.28848e-14	
81	3.425000e-09	8.997616e-01	4.499969e-01	-3.08745e-14	
82	3.475000e-09	8.997616e-01	4.499971e-01	-2.89869e-14	
83	3.525000e-09	8.997616e-01	4.499973e-01	-2.72144e-14	
84	3.575000e-09	8.997616e-01	4.499974e-01	-2.55500e-14	
85	3.625000e-09	8.997616e-01	4.499976e-01	-2.39870e-14	
86	3.675000e-09	8.997616e-01	4.499977e-01	-2.25194e-14	
87	3.725000e-09	8.997616e-01	4.499979e-01	-2.11413e-14	
88	3.775000e-09	8.997616e-01	4.499980e-01	-1.98472e-14	
89	3.825000e-09	8.997616e-01	4.499981e-01	-1.86321e-14	
90	3.875000e-09	8.997616e-01	4.499983e-01	-1.74910e-14	
91	3.925000e-09	8.997616e-01	4.499984e-01	-1.64196e-14	
92	3.975000e-09	8.997616e-01	4.499985e-01	-1.54134e-14	
93	4.025000e-09	8.997616e-01	4.499986e-01	-1.44687e-14	
94	4.075000e-09	8.997616e-01	4.499986e-01	-1.35815e-14	
95	4.125000e-09	8.997616e-01	4.499987e-01	-1.27485e-14	
96	4.175000e-09	8.997616e-01	4.499988e-01	-1.19662e-14	
97	4.225000e-09	8.997616e-01	4.499989e-01	-1.12317e-14	
98	4.275000e-09	8.997616e-01	4.499989e-01	-1.05419e-14	
99	4.325000e-09	8.997616e-01	4.499990e-01	-9.89421e-15	
100	4.375000e-09	8.997616e-01	4.499991e-01	-9.28602e-15	
101	4.425000e-09	8.997616e-01	4.499991e-01	-8.71492e-15	
102	4.475000e-09	8.997616e-01	4.499992e-01	-8.17864e-15	
103	4.525000e-09	8.997616e-01	4.499992e-01	-7.67507e-15	
104	4.575000e-09	8.997616e-01	4.499993e-01	-7.20221e-15	
105	4.625000e-09	8.997616e-01	4.499993e-01	-6.75819e-15	
106	4.675000e-09	8.997616e-01	4.499994e-01	-6.34124e-15	
107	4.725000e-09	8.997616e-01	4.499994e-01	-5.94972e-15	
108	4.775000e-09	8.997616e-01	4.499994e-01	-5.58207e-15	
109	4.825000e-09	8.997616e-01	4.499995e-01	-5.23685e-15	
110	4.875000e-09	8.997616e-01	4.499995e-01	-4.91268e-15	
111	4.925000e-09	8.997616e-01	4.499995e-01	-4.60827e-15	
112	4.975000e-09	8.997616e-01	4.499996e-01	-4.32243e-15	

Index   time            v(cell)         v(bl)           vpre#branch     
--------------------------------------------------------------------------------
113	5.025000e-09	8.997616e-01	4.499996e-01	-4.05403e-15	
114	5.075000e-09	8.997616e-01	4.499996e-01	-3.80199e-15	
115	5.125000e-09	8.997616e-01	4.499996e-01	-3.56532e-15	
116	5.175000e-09	8.997616e-01	4.499997e-01	-3.34308e-15	
117	5.225000e-09	8.997616e-01	4.499997e-01	-3.13440e-15	
118	5.275000e-09	8.997616e-01	4.499997e-01	-2.93844e-15	
119	5.325000e-09	8.997616e-01	4.499997e-01	-2.75443e-15	
120	5.375000e-09	8.997616e-01	4.499997e-01	-2.58164e-15	
121	5.425000e-09	8.997616e-01	4.499998e-01	-2.41939e-15	
122	5.475000e-09	8.997616e-01	4.499998e-01	-2.26704e-15	
123	5.525000e-09	8.997616e-01	4.499998e-01	-2.12398e-15	
124	5.575000e-09	8.997616e-01	4.499998e-01	-1.98964e-15	
125	5.625000e-09	8.997616e-01	4.499998e-01	-1.86349e-15	
126	5.675000e-09	8.997616e-01	4.499998e-01	-1.74503e-15	
127	5.725000e-09	8.997616e-01	4.499998e-01	-1.63380e-15	
128	5.775000e-09	8.997616e-01	4.499998e-01	-1.52936e-15	
129	5.825000e-09	8.997616e-01	4.499999e-01	-1.43128e-15	
130	5.875000e-09	8.997616e-01	4.499999e-01	-1.33918e-15	
131	5.925000e-09	8.997616e-01	4.499999e-01	-1.25270e-15	
132	5.975000e-09	8.997616e-01	4.499999e-01	-1.17149e-15	
133	6.025000e-09	8.997616e-01	4.499999e-01	-1.09524e-15	
134	6.075000e-09	8.997616e-01	4.499999e-01	-1.02364e-15	
135	6.125000e-09	8.997616e-01	4.499999e-01	-9.56399e-16	
136	6.175000e-09	8.997616e-01	4.499999e-01	-8.93262e-16	
137	6.225000e-09	8.997616e-01	4.499999e-01	-8.33975e-16	
138	6.275000e-09	8.997616e-01	4.499999e-01	-7.78303e-16	
139	6.325000e-09	8.997616e-01	4.499999e-01	-7.26026e-16	
140	6.375000e-09	8.997616e-01	4.499999e-01	-6.76938e-16	
141	6.425000e-09	8.997616e-01	4.499999e-01	-6.30843e-16	
142	6.475000e-09	8.997616e-01	4.499999e-01	-5.87559e-16	
143	6.525000e-09	8.997616e-01	4.499999e-01	-5.46914e-16	
144	6.575000e-09	8.997616e-01	4.499999e-01	-5.08748e-16	
145	6.625000e-09	8.997616e-01	4.500000e-01	-4.72910e-16	
146	6.675000e-09	8.997616e-01	4.500000e-01	-4.39258e-16	
147	6.725000e-09	8.997616e-01	4.500000e-01	-4.07657e-16	
148	6.775000e-09	8.997616e-01	4.500000e-01	-3.77984e-16	
149	6.825000e-09	8.997616e-01	4.500000e-01	-3.50120e-16	
150	6.875000e-09	8.997616e-01	4.500000e-01	-3.23956e-16	
151	6.925000e-09	8.997616e-01	4.500000e-01	-2.99387e-16	
152	6.962500e-09	8.997616e-01	4.500000e-01	-2.81952e-16	
153	7.000000e-09	8.997616e-01	4.500000e-01	-2.65320e-16	
154	7.005000e-09	8.772676e-01	4.500000e-01	-2.63203e-16	
155	7.015000e-09	8.322795e-01	4.500000e-01	-2.59057e-16	
156	7.035000e-09	7.423033e-01	4.500000e-01	-2.51258e-16	
157	7.067500e-09	5.960921e-01	4.500000e-01	-2.39747e-16	
158	7.100000e-09	4.498808e-01	4.500000e-01	-2.29315e-16	
159	7.105000e-09	4.498808e-01	4.500000e-01	-2.27884e-16	
160	7.115000e-09	4.498808e-01	4.500000e-01	-2.25039e-16	
161	7.135000e-09	4.498808e-01	4.500000e-01	-2.19456e-16	
162	7.175000e-09	4.498808e-01	4.500000e-01	-2.08701e-16	
163	7.225000e-09	4.498808e-01	4.500000e-01	-1.95995e-16	
164	7.275000e-09	4.498808e-01	4.500000e-01	-1.84064e-16	
165	7.325000e-09	4.498808e-01	4.500000e-01	-1.72860e-16	
166	7.375000e-09	4.498808e-01	4.500000e-01	-1.62340e-16	
167	7.425000e-09	4.498808e-01	4.500000e-01	-1.52461e-16	
168	7.475000e-09	4.498808e-01	4.500000e-01	-1.43184e-16	
169	7.525000e-09	4.498808e-01	4.500000e-01	-1.34473e-16	
170	7.575000e-09	4.498808e-01	4.500000e-01	-1.26293e-16	

Index   time            v(cell)         v(bl)           vpre#branch     
--------------------------------------------------------------------------------
171	7.625000e-09	4.498808e-01	4.500000e-01	-1.18613e-16	
172	7.675000e-09	4.498808e-01	4.500000e-01	-1.11400e-16	
173	7.725000e-09	4.498808e-01	4.500000e-01	-1.04628e-16	
174	7.775000e-09	4.498808e-01	4.500000e-01	-9.82685e-17	
175	7.825000e-09	4.498808e-01	4.500000e-01	-9.22969e-17	
176	7.875000e-09	4.498808e-01	4.500000e-01	-8.66890e-17	
177	7.925000e-09	4.498808e-01	4.500000e-01	-8.14231e-17	
178	7.975000e-09	4.498808e-01	4.500000e-01	-7.64788e-17	
179	8.025000e-09	4.498808e-01	4.500000e-01	-7.18360e-17	
180	8.075000e-09	4.498808e-01	4.500000e-01	-6.74763e-17	
181	8.125000e-09	4.498808e-01	4.500000e-01	-6.33825e-17	
182	8.175000e-09	4.498808e-01	4.500000e-01	-5.95383e-17	
183	8.225000e-09	4.498808e-01	4.500000e-01	-5.59286e-17	
184	8.275000e-09	4.498808e-01	4.500000e-01	-5.25390e-17	
185	8.325000e-09	4.498808e-01	4.500000e-01	-4.93561e-17	
186	8.375000e-09	4.498808e-01	4.500000e-01	-4.63673e-17	
187	8.425000e-09	4.498808e-01	4.500000e-01	-4.35608e-17	
188	8.475000e-09	4.498808e-01	4.500000e-01	-4.09254e-17	
189	8.525000e-09	4.498808e-01	4.500000e-01	-3.84508e-17	
190	8.575000e-09	4.498808e-01	4.500000e-01	-3.61266e-17	
191	8.625000e-09	4.498808e-01	4.500000e-01	-3.39442e-17	
192	8.675000e-09	4.498808e-01	4.500000e-01	-3.18953e-17	
193	8.725000e-09	4.498808e-01	4.500000e-01	-2.99713e-17	
194	8.775000e-09	4.498808e-01	4.500000e-01	-2.81646e-17	
195	8.825000e-09	4.498808e-01	4.500000e-01	-2.64682e-17	
196	8.875000e-09	4.498808e-01	4.500000e-01	-2.48747e-17	
197	8.925000e-09	4.498808e-01	4.500000e-01	-2.33785e-17	
198	8.975000e-09	4.498808e-01	4.500000e-01	-2.19739e-17	
199	9.025000e-09	4.498808e-01	4.500000e-01	-2.06549e-17	
200	9.075000e-09	4.498808e-01	4.500000e-01	-1.94164e-17	
201	9.125000e-09	4.498808e-01	4.500000e-01	-1.82535e-17	
202	9.175000e-09	4.498808e-01	4.500000e-01	-1.71614e-17	
203	9.225000e-09	4.498808e-01	4.500000e-01	-1.61359e-17	
204	9.275000e-09	4.498808e-01	4.500000e-01	-1.51726e-17	
205	9.325000e-09	4.498808e-01	4.500000e-01	-1.42680e-17	
206	9.375000e-09	4.498808e-01	4.500000e-01	-1.34190e-17	
207	9.425000e-09	4.498808e-01	4.500000e-01	-1.26218e-17	
208	9.475000e-09	4.498808e-01	4.500000e-01	-1.18732e-17	
209	9.525000e-09	4.498808e-01	4.500000e-01	-1.11702e-17	
210	9.575000e-09	4.498808e-01	4.500000e-01	-1.05097e-17	
211	9.625000e-09	4.498808e-01	4.500000e-01	-9.88904e-18	
212	9.675000e-09	4.498808e-01	4.500000e-01	-9.30624e-18	
213	9.725000e-09	4.498808e-01	4.500000e-01	-8.75940e-18	
214	9.775000e-09	4.498808e-01	4.500000e-01	-8.24632e-18	
215	9.825000e-09	4.498808e-01	4.500000e-01	-7.76453e-18	
216	9.875000e-09	4.498808e-01	4.500000e-01	-7.31212e-18	
217	9.925000e-09	4.498808e-01	4.500000e-01	-6.88730e-18	
218	9.975000e-09	4.498808e-01	4.500000e-01	-6.48839e-18	
219	1.002500e-08	4.498808e-01	4.500000e-01	-6.11339e-18	
220	1.007500e-08	4.498808e-01	4.500000e-01	-5.76126e-18	
221	1.012500e-08	4.498808e-01	4.500000e-01	-5.43101e-18	
222	1.017500e-08	4.498808e-01	4.500000e-01	-5.12091e-18	
223	1.022500e-08	4.498808e-01	4.500000e-01	-4.82971e-18	
224	1.027500e-08	4.498808e-01	4.500000e-01	-4.55628e-18	
225	1.032500e-08	4.498808e-01	4.500000e-01	-4.29952e-18	
226	1.037500e-08	4.498808e-01	4.500000e-01	-4.05841e-18	
227	1.042500e-08	4.498808e-01	4.500000e-01	-3.83201e-18	
228	1.047500e-08	4.498808e-01	4.500000e-01	-3.61900e-18	

Index   time            v(cell)         v(bl)           vpre#branch     
--------------------------------------------------------------------------------
229	1.052500e-08	4.498808e-01	4.500000e-01	-3.41899e-18	
230	1.057500e-08	4.498808e-01	4.500000e-01	-3.23158e-18	
231	1.062500e-08	4.498808e-01	4.500000e-01	-3.05561e-18	
232	1.067500e-08	4.498808e-01	4.500000e-01	-2.89036e-18	
233	1.072500e-08	4.498808e-01	4.500000e-01	-2.73519e-18	
234	1.077500e-08	4.498808e-01	4.500000e-01	-2.58949e-18	
235	1.082500e-08	4.498808e-01	4.500000e-01	-2.45267e-18	
236	1.087500e-08	4.498808e-01	4.500000e-01	-2.32378e-18	
237	1.092500e-08	4.498808e-01	4.500000e-01	-2.20275e-18	
238	1.096250e-08	4.498808e-01	4.500000e-01	-2.11723e-18	
239	1.100000e-08	4.498808e-01	4.500000e-01	-2.03540e-18	
240	1.100500e-08	4.498820e-01	4.544717e-01	4.471678e-11	
241	1.101500e-08	4.498844e-01	4.633591e-01	1.335913e-10	
242	1.103500e-08	4.498892e-01	4.808028e-01	3.080279e-10	
243	1.107500e-08	4.498987e-01	5.144057e-01	6.440574e-10	
244	1.112500e-08	4.499106e-01	5.541041e-01	1.041041e-09	
245	1.117500e-08	4.499225e-01	5.913815e-01	1.413815e-09	
246	1.122500e-08	4.499345e-01	6.263856e-01	1.763856e-09	
247	1.127500e-08	4.499464e-01	6.592551e-01	2.092551e-09	
248	1.132500e-08	4.499583e-01	6.901200e-01	2.401200e-09	
249	1.137500e-08	4.499702e-01	7.191026e-01	2.691026e-09	
250	1.142500e-08	4.499821e-01	7.463175e-01	2.963175e-09	
251	1.147500e-08	4.499941e-01	7.718720e-01	3.218720e-09	
252	1.152500e-08	4.500060e-01	7.958660e-01	3.458660e-09	
253	1.157500e-08	4.500179e-01	8.183912e-01	3.683912e-09	
254	1.162500e-08	4.500298e-01	8.395278e-01	3.895278e-09	
255	1.167500e-08	4.500418e-01	8.593359e-01	4.093359e-09	
256	1.172500e-08	4.500537e-01	8.777901e-01	4.277901e-09	
257	1.177500e-08	4.500658e-01	8.947369e-01	4.447369e-09	
258	1.182500e-08	4.500782e-01	9.096976e-01	4.596976e-09	
259	1.187500e-08	4.500912e-01	9.212941e-01	4.712941e-09	
260	1.192500e-08	4.501059e-01	9.259939e-01	4.759939e-09	
261	1.196250e-08	4.501193e-01	9.206333e-01	4.706333e-09	
262	1.200000e-08	4.501369e-01	9.002963e-01	4.502963e-09	
263	1.200500e-08	4.501383e-01	8.919206e-01	4.419206e-09	
264	1.201500e-08	4.501413e-01	8.754264e-01	4.254264e-09	
265	1.203500e-08	4.501469e-01	8.439240e-01	3.939240e-09	
266	1.207500e-08	4.501573e-01	7.862606e-01	3.362606e-09	
267	1.212500e-08	4.501690e-01	7.229455e-01	2.729455e-09	
268	1.217500e-08	4.501795e-01	6.679332e-01	2.179332e-09	
269	1.222500e-08	4.501889e-01	6.199322e-01	1.699322e-09	
270	1.227500e-08	4.501976e-01	5.779473e-01	1.279473e-09	
271	1.232500e-08	4.502055e-01	5.411748e-01	9.117479e-10	
272	1.237500e-08	4.502127e-01	5.090687e-01	5.906867e-10	
273	1.242500e-08	4.502193e-01	4.814469e-01	3.144691e-10	
274	1.247500e-08	4.502248e-01	4.594219e-01	9.421916e-11	
275	1.252500e-08	4.502272e-01	4.501815e-01	1.815210e-12	
276	1.257500e-08	4.502272e-01	4.502344e-01	2.344108e-12	
277	1.262500e-08	4.502272e-01	4.502200e-01	2.199546e-12	
278	1.267500e-08	4.502271e-01	4.502239e-01	2.239147e-12	
279	1.272500e-08	4.502271e-01	4.502228e-01	2.228294e-12	
280	1.277500e-08	4.502271e-01	4.502231e-01	2.231220e-12	
281	1.282500e-08	4.502271e-01	4.502230e-01	2.230366e-12	
282	1.287500e-08	4.502271e-01	4.502231e-01	2.230562e-12	
283	1.292500e-08	4.502271e-01	4.502230e-01	2.230453e-12	
284	1.297500e-08	4.502271e-01	4.502230e-01	2.230445e-12	
285	1.302500e-08	4.502271e-01	4.502230e-01	2.230392e-12	
286	1.307500e-08	4.502271e-01	4.502230e-01	2.230369e-12	

Index   time            v(cell)         v(bl)           vpre#branch     
--------------------------------------------------------------------------------
287	1.312500e-08	4.502271e-01	4.502230e-01	2.230320e-12	
288	1.317500e-08	4.502271e-01	4.502230e-01	2.230296e-12	
289	1.322500e-08	4.502271e-01	4.502230e-01	2.230247e-12	
290	1.327500e-08	4.502271e-01	4.502230e-01	2.230223e-12	
291	1.332500e-08	4.502271e-01	4.502230e-01	2.230174e-12	
292	1.337500e-08	4.502271e-01	4.502230e-01	2.230150e-12	
293	1.342500e-08	4.502271e-01	4.502230e-01	2.230101e-12	
294	1.347500e-08	4.502271e-01	4.502230e-01	2.230077e-12	
295	1.352500e-08	4.502271e-01	4.502230e-01	2.230028e-12	
296	1.357500e-08	4.502271e-01	4.502230e-01	2.230004e-12	
297	1.362500e-08	4.502271e-01	4.502230e-01	2.229955e-12	
298	1.367500e-08	4.502271e-01	4.502230e-01	2.229931e-12	
299	1.372500e-08	4.502271e-01	4.502230e-01	2.229882e-12	
300	1.377500e-08	4.502271e-01	4.502230e-01	2.229858e-12	
301	1.382500e-08	4.502271e-01	4.502230e-01	2.229809e-12	
302	1.387500e-08	4.502271e-01	4.502230e-01	2.229785e-12	
303	1.392500e-08	4.502271e-01	4.502230e-01	2.229736e-12	
304	1.397500e-08	4.502271e-01	4.502230e-01	2.229712e-12	
305	1.402500e-08	4.502270e-01	4.502230e-01	2.229663e-12	
306	1.407500e-08	4.502270e-01	4.502230e-01	2.229639e-12	
307	1.412500e-08	4.502270e-01	4.502230e-01	2.229591e-12	
308	1.417500e-08	4.502270e-01	4.502230e-01	2.229566e-12	
309	1.422500e-08	4.502270e-01	4.502230e-01	2.229518e-12	
310	1.427500e-08	4.502270e-01	4.502229e-01	2.229493e-12	
311	1.432500e-08	4.502270e-01	4.502229e-01	2.229445e-12	
312	1.437500e-08	4.502270e-01	4.502229e-01	2.229420e-12	
313	1.442500e-08	4.502270e-01	4.502229e-01	2.229372e-12	
314	1.447500e-08	4.502270e-01	4.502229e-01	2.229347e-12	
315	1.452500e-08	4.502270e-01	4.502229e-01	2.229299e-12	
316	1.457500e-08	4.502270e-01	4.502229e-01	2.229274e-12	
317	1.462500e-08	4.502270e-01	4.502229e-01	2.229226e-12	
318	1.467500e-08	4.502270e-01	4.502229e-01	2.229201e-12	
319	1.472500e-08	4.502270e-01	4.502229e-01	2.229153e-12	
320	1.477500e-08	4.502270e-01	4.502229e-01	2.229128e-12	
321	1.482500e-08	4.502270e-01	4.502229e-01	2.229080e-12	
322	1.487500e-08	4.502270e-01	4.502229e-01	2.229055e-12	
323	1.492500e-08	4.502270e-01	4.502229e-01	2.229007e-12	
324	1.497500e-08	4.502270e-01	4.502229e-01	2.228982e-12	
325	1.502500e-08	4.502270e-01	4.502229e-01	2.228935e-12	
326	1.507500e-08	4.502270e-01	4.502229e-01	2.228909e-12	
327	1.512500e-08	4.502270e-01	4.502229e-01	2.228862e-12	
328	1.517500e-08	4.502270e-01	4.502229e-01	2.228836e-12	
329	1.522500e-08	4.502270e-01	4.502229e-01	2.228789e-12	
330	1.527500e-08	4.502270e-01	4.502229e-01	2.228763e-12	
331	1.532500e-08	4.502270e-01	4.502229e-01	2.228716e-12	
332	1.537500e-08	4.502269e-01	4.502229e-01	2.228690e-12	
333	1.542500e-08	4.502269e-01	4.502229e-01	2.228643e-12	
334	1.547500e-08	4.502269e-01	4.502229e-01	2.228617e-12	
335	1.552500e-08	4.502269e-01	4.502229e-01	2.228570e-12	
336	1.557500e-08	4.502269e-01	4.502229e-01	2.228544e-12	
337	1.562500e-08	4.502269e-01	4.502228e-01	2.228497e-12	
338	1.567500e-08	4.502269e-01	4.502228e-01	2.228471e-12	
339	1.572500e-08	4.502269e-01	4.502228e-01	2.228424e-12	
340	1.577500e-08	4.502269e-01	4.502228e-01	2.228399e-12	
341	1.582500e-08	4.502269e-01	4.502228e-01	2.228351e-12	
342	1.587500e-08	4.502269e-01	4.502228e-01	2.228326e-12	
343	1.592500e-08	4.502269e-01	4.502228e-01	2.228279e-12	
344	1.597500e-08	4.502269e-01	4.502228e-01	2.228253e-12	

Index   time            v(cell)         v(bl)           vpre#branch     
--------------------------------------------------------------------------------
345	1.602500e-08	4.502269e-01	4.502228e-01	2.228206e-12	
346	1.607500e-08	4.502269e-01	4.502228e-01	2.228180e-12	
347	1.612500e-08	4.502269e-01	4.502228e-01	2.228133e-12	
348	1.617500e-08	4.502269e-01	4.502228e-01	2.228107e-12	
349	1.622500e-08	4.502269e-01	4.502228e-01	2.228060e-12	
350	1.627500e-08	4.502269e-01	4.502228e-01	2.228034e-12	
351	1.632500e-08	4.502269e-01	4.502228e-01	2.227987e-12	
352	1.637500e-08	4.502269e-01	4.502228e-01	2.227961e-12	
353	1.642500e-08	4.502269e-01	4.502228e-01	2.227914e-12	
354	1.647500e-08	4.502269e-01	4.502228e-01	2.227888e-12	
355	1.652500e-08	4.502269e-01	4.502228e-01	2.227841e-12	
356	1.657500e-08	4.502269e-01	4.502228e-01	2.227815e-12	
357	1.662500e-08	4.502269e-01	4.502228e-01	2.227769e-12	
358	1.667500e-08	4.502269e-01	4.502228e-01	2.227742e-12	
359	1.672500e-08	4.502268e-01	4.502228e-01	2.227696e-12	
360	1.677500e-08	4.502268e-01	4.502228e-01	2.227669e-12	
361	1.682500e-08	4.502268e-01	4.502228e-01	2.227623e-12	
362	1.687500e-08	4.502268e-01	4.502228e-01	2.227596e-12	
363	1.692500e-08	4.502268e-01	4.502228e-01	2.227550e-12	
364	1.697500e-08	4.502268e-01	4.502228e-01	2.227524e-12	
365	1.702500e-08	4.502268e-01	4.502227e-01	2.227477e-12	
366	1.707500e-08	4.502268e-01	4.502227e-01	2.227451e-12	
367	1.712500e-08	4.502268e-01	4.502227e-01	2.227404e-12	
368	1.717500e-08	4.502268e-01	4.502227e-01	2.227378e-12	
369	1.722500e-08	4.502268e-01	4.502227e-01	2.227332e-12	
370	1.727500e-08	4.502268e-01	4.502227e-01	2.227305e-12	
371	1.732500e-08	4.502268e-01	4.502227e-01	2.227259e-12	
372	1.737500e-08	4.502268e-01	4.502227e-01	2.227232e-12	
373	1.742500e-08	4.502268e-01	4.502227e-01	2.227186e-12	
374	1.747500e-08	4.502268e-01	4.502227e-01	2.227159e-12	
375	1.752500e-08	4.502268e-01	4.502227e-01	2.227113e-12	
376	1.757500e-08	4.502268e-01	4.502227e-01	2.227086e-12	
377	1.762500e-08	4.502268e-01	4.502227e-01	2.227040e-12	
378	1.767500e-08	4.502268e-01	4.502227e-01	2.227013e-12	
379	1.772500e-08	4.502268e-01	4.502227e-01	2.226967e-12	
380	1.777500e-08	4.502268e-01	4.502227e-01	2.226940e-12	
381	1.782500e-08	4.502268e-01	4.502227e-01	2.226895e-12	
382	1.787500e-08	4.502268e-01	4.502227e-01	2.226868e-12	
383	1.792500e-08	4.502268e-01	4.502227e-01	2.226822e-12	
384	1.797500e-08	4.502268e-01	4.502227e-01	2.226795e-12	
385	1.802500e-08	4.502268e-01	4.502227e-01	2.226749e-12	
386	1.807500e-08	4.502267e-01	4.502227e-01	2.226722e-12	
387	1.812500e-08	4.502267e-01	4.502227e-01	2.226676e-12	
388	1.817500e-08	4.502267e-01	4.502227e-01	2.226649e-12	
389	1.822500e-08	4.502267e-01	4.502227e-01	2.226603e-12	
390	1.827500e-08	4.502267e-01	4.502227e-01	2.226576e-12	
391	1.832500e-08	4.502267e-01	4.502227e-01	2.226530e-12	
392	1.837500e-08	4.502267e-01	4.502227e-01	2.226503e-12	
393	1.842500e-08	4.502267e-01	4.502226e-01	2.226458e-12	
394	1.847500e-08	4.502267e-01	4.502226e-01	2.226430e-12	
395	1.852500e-08	4.502267e-01	4.502226e-01	2.226385e-12	
396	1.857500e-08	4.502267e-01	4.502226e-01	2.226358e-12	
397	1.862500e-08	4.502267e-01	4.502226e-01	2.226312e-12	
398	1.867500e-08	4.502267e-01	4.502226e-01	2.226285e-12	
399	1.872500e-08	4.502267e-01	4.502226e-01	2.226239e-12	
400	1.877500e-08	4.502267e-01	4.502226e-01	2.226212e-12	
401	1.882500e-08	4.502267e-01	4.502226e-01	2.226166e-12	
402	1.887500e-08	4.502267e-01	4.502226e-01	2.226139e-12	

Index   time            v(cell)         v(bl)           vpre#branch     
--------------------------------------------------------------------------------
403	1.892500e-08	4.502267e-01	4.502226e-01	2.226094e-12	
404	1.897500e-08	4.502267e-01	4.502226e-01	2.226066e-12	
405	1.902500e-08	4.502267e-01	4.502226e-01	2.226021e-12	
406	1.907500e-08	4.502267e-01	4.502226e-01	2.225993e-12	
407	1.912500e-08	4.502267e-01	4.502226e-01	2.225948e-12	
408	1.917500e-08	4.502267e-01	4.502226e-01	2.225920e-12	
409	1.922500e-08	4.502267e-01	4.502226e-01	2.225875e-12	
410	1.927500e-08	4.502267e-01	4.502226e-01	2.225848e-12	
411	1.932500e-08	4.502267e-01	4.502226e-01	2.225802e-12	
412	1.937500e-08	4.502267e-01	4.502226e-01	2.225775e-12	
413	1.942500e-08	4.502266e-01	4.502226e-01	2.225730e-12	
414	1.947500e-08	4.502266e-01	4.502226e-01	2.225702e-12	
415	1.952500e-08	4.502266e-01	4.502226e-01	2.225657e-12	
416	1.957500e-08	4.502266e-01	4.502226e-01	2.225629e-12	
417	1.962500e-08	4.502266e-01	4.502226e-01	2.225584e-12	
418	1.967500e-08	4.502266e-01	4.502226e-01	2.225556e-12	
419	1.972500e-08	4.502266e-01	4.502226e-01	2.225511e-12	
420	1.977500e-08	4.502266e-01	4.502225e-01	2.225483e-12	
421	1.982500e-08	4.502266e-01	4.502225e-01	2.225438e-12	
422	1.987500e-08	4.502266e-01	4.502225e-01	2.225411e-12	
423	1.992500e-08	4.502266e-01	4.502225e-01	2.225366e-12	
424	1.997500e-08	4.502266e-01	4.502225e-01	2.225338e-12	
425	2.002500e-08	4.502266e-01	4.502225e-01	2.225293e-12	
426	2.007500e-08	4.502266e-01	4.502225e-01	2.225265e-12	
427	2.012500e-08	4.502266e-01	4.502225e-01	2.225220e-12	
428	2.017500e-08	4.502266e-01	4.502225e-01	2.225192e-12	
429	2.022500e-08	4.502266e-01	4.502225e-01	2.225147e-12	
430	2.027500e-08	4.502266e-01	4.502225e-01	2.225119e-12	
431	2.032500e-08	4.502266e-01	4.502225e-01	2.225075e-12	
432	2.037500e-08	4.502266e-01	4.502225e-01	2.225046e-12	
433	2.042500e-08	4.502266e-01	4.502225e-01	2.225002e-12	
434	2.047500e-08	4.502266e-01	4.502225e-01	2.224974e-12	
435	2.052500e-08	4.502266e-01	4.502225e-01	2.224929e-12	
436	2.057500e-08	4.502266e-01	4.502225e-01	2.224901e-12	
437	2.062500e-08	4.502266e-01	4.502225e-01	2.224856e-12	
438	2.067500e-08	4.502266e-01	4.502225e-01	2.224828e-12	
439	2.072500e-08	4.502266e-01	4.502225e-01	2.224784e-12	
440	2.077500e-08	4.502265e-01	4.502225e-01	2.224755e-12	
441	2.082500e-08	4.502265e-01	4.502225e-01	2.224711e-12	
442	2.087500e-08	4.502265e-01	4.502225e-01	2.224682e-12	
443	2.092500e-08	4.502265e-01	4.502225e-01	2.224638e-12	
444	2.097500e-08	4.502265e-01	4.502225e-01	2.224610e-12	
445	2.102500e-08	4.502265e-01	4.502225e-01	2.224565e-12	
446	2.107500e-08	4.502265e-01	4.502225e-01	2.224537e-12	
447	2.112500e-08	4.502265e-01	4.502224e-01	2.224493e-12	
448	2.117500e-08	4.502265e-01	4.502224e-01	2.224464e-12	
449	2.122500e-08	4.502265e-01	4.502224e-01	2.224420e-12	
450	2.127500e-08	4.502265e-01	4.502224e-01	2.224391e-12	
451	2.132500e-08	4.502265e-01	4.502224e-01	2.224347e-12	
452	2.137500e-08	4.502265e-01	4.502224e-01	2.224318e-12	
453	2.142500e-08	4.502265e-01	4.502224e-01	2.224274e-12	
454	2.147500e-08	4.502265e-01	4.502224e-01	2.224246e-12	
455	2.152500e-08	4.502265e-01	4.502224e-01	2.224202e-12	
456	2.157500e-08	4.502265e-01	4.502224e-01	2.224173e-12	
457	2.162500e-08	4.502265e-01	4.502224e-01	2.224129e-12	
458	2.167500e-08	4.502265e-01	4.502224e-01	2.224100e-12	
459	2.172500e-08	4.502265e-01	4.502224e-01	2.224056e-12	
460	2.177500e-08	4.502265e-01	4.502224e-01	2.224027e-12	

Index   time            v(cell)         v(bl)           vpre#branch     
--------------------------------------------------------------------------------
461	2.182500e-08	4.502265e-01	4.502224e-01	2.223983e-12	
462	2.187500e-08	4.502265e-01	4.502224e-01	2.223955e-12	
463	2.192500e-08	4.502265e-01	4.502224e-01	2.223911e-12	
464	2.196250e-08	4.502265e-01	4.502224e-01	2.223891e-12	
465	2.200000e-08	4.502265e-01	4.502224e-01	2.223856e-12	
466	2.200500e-08	4.502250e-01	4.467742e-01	-3.22578e-11	
467	2.201500e-08	4.502219e-01	4.405784e-01	-9.42160e-11	
468	2.203500e-08	4.502153e-01	4.297719e-01	-2.02281e-10	
469	2.207500e-08	4.502024e-01	4.080005e-01	-4.19995e-10	
470	2.212500e-08	4.501871e-01	3.794025e-01	-7.05975e-10	
471	2.217500e-08	4.501725e-01	3.498133e-01	-1.00187e-09	
472	2.222500e-08	4.501585e-01	3.199083e-01	-1.30092e-09	
473	2.227500e-08	4.501449e-01	2.901505e-01	-1.59849e-09	
474	2.232500e-08	4.501318e-01	2.608572e-01	-1.89143e-09	
475	2.237500e-08	4.501189e-01	2.322569e-01	-2.17743e-09	
476	2.242500e-08	4.501063e-01	2.045201e-01	-2.45480e-09	
477	2.247500e-08	4.500938e-01	1.777754e-01	-2.72225e-09	
478	2.252500e-08	4.500815e-01	1.521174e-01	-2.97883e-09	
479	2.257500e-08	4.500693e-01	1.276107e-01	-3.22389e-09	
480	2.262500e-08	4.500572e-01	1.042931e-01	-3.45707e-09	
481	2.267500e-08	4.500452e-01	8.215744e-02	-3.67843e-09	
482	2.272500e-08	4.500332e-01	6.120407e-02	-3.88796e-09	
483	2.277500e-08	4.500213e-01	4.143596e-02	-4.08564e-09	
484	2.282500e-08	4.500093e-01	2.281397e-02	-4.27186e-09	
485	2.287500e-08	4.499974e-01	5.290691e-03	-4.44709e-09	
486	2.292500e-08	4.499855e-01	-1.11862e-02	-4.61186e-09	
487	2.296250e-08	4.499765e-01	-2.28878e-02	-4.72888e-09	
488	2.300000e-08	4.499676e-01	-3.40543e-02	-4.84054e-09	
489	2.300500e-08	4.499676e-01	-3.10275e-02	-4.81027e-09	
490	2.301500e-08	4.499676e-01	-2.50119e-02	-4.75012e-09	
491	2.303500e-08	4.499676e-01	-1.32056e-02	-4.63206e-09	
492	2.307500e-08	4.499676e-01	9.535229e-03	-4.40465e-09	
493	2.312500e-08	4.499676e-01	3.639856e-02	-4.13601e-09	
494	2.317500e-08	4.499676e-01	6.162247e-02	-3.88378e-09	
495	2.322500e-08	4.499676e-01	8.530764e-02	-3.64692e-09	
496	2.327500e-08	4.499676e-01	1.075481e-01	-3.42452e-09	
497	2.332500e-08	4.499676e-01	1.284321e-01	-3.21568e-09	
498	2.337500e-08	4.499676e-01	1.480425e-01	-3.01958e-09	
499	2.342500e-08	4.499676e-01	1.664569e-01	-2.83543e-09	
500	2.347500e-08	4.499676e-01	1.837482e-01	-2.66252e-09	
501	2.352500e-08	4.499676e-01	1.999851e-01	-2.50015e-09	
502	2.357500e-08	4.499676e-01	2.152318e-01	-2.34768e-09	
503	2.362500e-08	4.499676e-01	2.295487e-01	-2.20451e-09	
504	2.367500e-08	4.499676e-01	2.429925e-01	-2.07007e-09	
505	2.372500e-08	4.499676e-01	2.556164e-01	-1.94384e-09	
506	2.377500e-08	4.499676e-01	2.674705e-01	-1.82529e-09	
507	2.382500e-08	4.499676e-01	2.786017e-01	-1.71398e-09	
508	2.387500e-08	4.499676e-01	2.890541e-01	-1.60946e-09	
509	2.392500e-08	4.499676e-01	2.988691e-01	-1.51131e-09	
510	2.397500e-08	4.499676e-01	3.080855e-01	-1.41914e-09	
511	2.402500e-08	4.499676e-01	3.167399e-01	-1.33260e-09	
512	2.407500e-08	4.499676e-01	3.248665e-01	-1.25134e-09	
513	2.412500e-08	4.499676e-01	3.324975e-01	-1.17503e-09	
514	2.417500e-08	4.499676e-01	3.396632e-01	-1.10337e-09	
515	2.422500e-08	4.499676e-01	3.463918e-01	-1.03608e-09	
516	2.427500e-08	4.499676e-01	3.527102e-01	-9.72898e-10	
517	2.432500e-08	4.499676e-01	3.586432e-01	-9.13568e-10	
518	2.437500e-08	4.499676e-01	3.642144e-01	-8.57856e-10	

Index   time            v(cell)         v(bl)           vpre#branch     
--------------------------------------------------------------------------------
519	2.442500e-08	4.499676e-01	3.694459e-01	-8.05541e-10	
520	2.447500e-08	4.499676e-01	3.743583e-01	-7.56417e-10	
521	2.452500e-08	4.499676e-01	3.789711e-01	-7.10289e-10	
522	2.457500e-08	4.499676e-01	3.833027e-01	-6.66973e-10	
523	2.462500e-08	4.499676e-01	3.873701e-01	-6.26299e-10	
524	2.467500e-08	4.499676e-01	3.911895e-01	-5.88105e-10	
525	2.472500e-08	4.499676e-01	3.947759e-01	-5.52241e-10	
526	2.477500e-08	4.499676e-01	3.981436e-01	-5.18564e-10	
527	2.482500e-08	4.499676e-01	4.013060e-01	-4.86940e-10	
528	2.487500e-08	4.499676e-01	4.042755e-01	-4.57245e-10	
529	2.492500e-08	4.499676e-01	4.070639e-01	-4.29361e-10	
530	2.497500e-08	4.499676e-01	4.096823e-01	-4.03177e-10	
531	2.502500e-08	4.499676e-01	4.121410e-01	-3.78590e-10	
532	2.507500e-08	4.499676e-01	4.144497e-01	-3.55503e-10	
533	2.512500e-08	4.499676e-01	4.166177e-01	-3.33823e-10	
534	2.517500e-08	4.499676e-01	4.186534e-01	-3.13466e-10	
535	2.522500e-08	4.499676e-01	4.205651e-01	-2.94349e-10	
536	2.527500e-08	4.499676e-01	4.223601e-01	-2.76399e-10	
537	2.532500e-08	4.499676e-01	4.240456e-01	-2.59544e-10	
538	2.537500e-08	4.499676e-01	4.256284e-01	-2.43716e-10	
539	2.542500e-08	4.499676e-01	4.271147e-01	-2.28853e-10	
540	2.547500e-08	4.499676e-01	4.285103e-01	-2.14897e-10	
541	2.552500e-08	4.499676e-01	4.298208e-01	-2.01792e-10	
542	2.557500e-08	4.499676e-01	4.310514e-01	-1.89486e-10	
543	2.562500e-08	4.499676e-01	4.322069e-01	-1.77931e-10	
544	2.567500e-08	4.499676e-01	4.332920e-01	-1.67080e-10	
545	2.572500e-08	4.499676e-01	4.343109e-01	-1.56891e-10	
546	2.577500e-08	4.499676e-01	4.352677e-01	-1.47323e-10	
547	2.582500e-08	4.499676e-01	4.361661e-01	-1.38339e-10	
548	2.587500e-08	4.499676e-01	4.370097e-01	-1.29903e-10	
549	2.592500e-08	4.499676e-01	4.378019e-01	-1.21981e-10	
550	2.597500e-08	4.499676e-01	4.385458e-01	-1.14542e-10	
551	2.602500e-08	4.499676e-01	4.392443e-01	-1.07557e-10	
552	2.607500e-08	4.499676e-01	4.399002e-01	-1.00998e-10	
553	2.612500e-08	4.499676e-01	4.405161e-01	-9.48387e-11	
554	2.617500e-08	4.499676e-01	4.410945e-01	-8.90551e-11	
555	2.622500e-08	4.499676e-01	4.416376e-01	-8.36243e-11	
556	2.627500e-08	4.499676e-01	4.421475e-01	-7.85246e-11	
557	2.632500e-08	4.499676e-01	4.426264e-01	-7.37360e-11	
558	2.637500e-08	4.499676e-01	4.430761e-01	-6.92393e-11	
559	2.642500e-08	4.499676e-01	4.434983e-01	-6.50169e-11	
560	2.647500e-08	4.499676e-01	4.438948e-01	-6.10520e-11	
561	2.652500e-08	4.499676e-01	4.442671e-01	-5.73289e-11	
562	2.657500e-08	4.499676e-01	4.446167e-01	-5.38328e-11	
563	2.662500e-08	4.499676e-01	4.449450e-01	-5.05499e-11	
564	2.667500e-08	4.499676e-01	4.452533e-01	-4.74672e-11	
565	2.672500e-08	4.499676e-01	4.455427e-01	-4.45725e-11	
566	2.677500e-08	4.499676e-01	4.458146e-01	-4.18543e-11	
567	2.682500e-08	4.499676e-01	4.460698e-01	-3.93019e-11	
568	2.687500e-08	4.499676e-01	4.463095e-01	-3.69052e-11	
569	2.692500e-08	4.499676e-01	4.465345e-01	-3.46546e-11	
570	2.697500e-08	4.499676e-01	4.467459e-01	-3.25413e-11	
571	2.702500e-08	4.499676e-01	4.469443e-01	-3.05568e-11	
572	2.707500e-08	4.499676e-01	4.471307e-01	-2.86934e-11	
573	2.712500e-08	4.499676e-01	4.473056e-01	-2.69435e-11	
574	2.717500e-08	4.499676e-01	4.474700e-01	-2.53004e-11	
575	2.722500e-08	4.499676e-01	4.476242e-01	-2.37576e-11	
576	2.727500e-08	4.499676e-01	4.477691e-01	-2.23087e-11	

Index   time            v(cell)         v(bl)           vpre#branch     
--------------------------------------------------------------------------------
577	2.732500e-08	4.499676e-01	4.479052e-01	-2.09483e-11	
578	2.737500e-08	4.499676e-01	4.480329e-01	-1.96708e-11	
579	2.742500e-08	4.499676e-01	4.481529e-01	-1.84712e-11	
580	2.747500e-08	4.499676e-01	4.482655e-01	-1.73448e-11	
581	2.752500e-08	4.499676e-01	4.483713e-01	-1.62870e-11	
582	2.757500e-08	4.499676e-01	4.484706e-01	-1.52938e-11	
583	2.762500e-08	4.499676e-01	4.485639e-01	-1.43612e-11	
584	2.767500e-08	4.499676e-01	4.486515e-01	-1.34854e-11	
585	2.772500e-08	4.499676e-01	4.487337e-01	-1.26630e-11	
586	2.777500e-08	4.499676e-01	4.488109e-01	-1.18908e-11	
587	2.782500e-08	4.499676e-01	4.488834e-01	-1.11656e-11	
588	2.787500e-08	4.499676e-01	4.489515e-01	-1.04847e-11	
589	2.792500e-08	4.499676e-01	4.490155e-01	-9.84533e-12	
590	2.797500e-08	4.499676e-01	4.490755e-01	-9.24493e-12	
591	2.802500e-08	4.499676e-01	4.491319e-01	-8.68114e-12	
592	2.807500e-08	4.499676e-01	4.491848e-01	-8.15174e-12	
593	2.812500e-08	4.499676e-01	4.492345e-01	-7.65462e-12	
594	2.817500e-08	4.499676e-01	4.492812e-01	-7.18782e-12	
595	2.822500e-08	4.499676e-01	4.493251e-01	-6.74949e-12	
596	2.827500e-08	4.499676e-01	4.493662e-01	-6.33788e-12	
597	2.832500e-08	4.499676e-01	4.494049e-01	-5.95138e-12	
598	2.837500e-08	4.499676e-01	4.494412e-01	-5.58845e-12	
599	2.842500e-08	4.499676e-01	4.494752e-01	-5.24765e-12	
600	2.847500e-08	4.499676e-01	4.495072e-01	-4.92763e-12	
601	2.852500e-08	4.499676e-01	4.495373e-01	-4.62713e-12	
602	2.857500e-08	4.499676e-01	4.495655e-01	-4.34495e-12	
603	2.862500e-08	4.499676e-01	4.495920e-01	-4.07998e-12	
604	2.867500e-08	4.499676e-01	4.496169e-01	-3.83117e-12	
605	2.872500e-08	4.499676e-01	4.496402e-01	-3.59754e-12	
606	2.877500e-08	4.499676e-01	4.496622e-01	-3.37815e-12	
607	2.882500e-08	4.499676e-01	4.496828e-01	-3.17214e-12	
608	2.887500e-08	4.499676e-01	4.497021e-01	-2.97869e-12	
609	2.892500e-08	4.499676e-01	4.497203e-01	-2.79704e-12	
610	2.897500e-08	4.499676e-01	4.497374e-01	-2.62647e-12	
611	2.902500e-08	4.499676e-01	4.497534e-01	-2.46630e-12	
612	2.907500e-08	4.499676e-01	4.497684e-01	-2.31590e-12	
613	2.912500e-08	4.499676e-01	4.497825e-01	-2.17467e-12	
614	2.917500e-08	4.499676e-01	4.497958e-01	-2.04205e-12	
615	2.922500e-08	4.499676e-01	4.498082e-01	-1.91752e-12	
616	2.927500e-08	4.499676e-01	4.498199e-01	-1.80058e-12	
617	2.932500e-08	4.499676e-01	4.498309e-01	-1.69078e-12	
618	2.937500e-08	4.499676e-01	4.498412e-01	-1.58767e-12	
619	2.942500e-08	4.499676e-01	4.498509e-01	-1.49085e-12	
620	2.947500e-08	4.499676e-01	4.498600e-01	-1.39993e-12	
621	2.952500e-08	4.499676e-01	4.498685e-01	-1.31456e-12	
622	2.957500e-08	4.499676e-01	4.498766e-01	-1.23440e-12	
623	2.962500e-08	4.499676e-01	4.498841e-01	-1.15912e-12	
624	2.967500e-08	4.499676e-01	4.498912e-01	-1.08843e-12	
625	2.972500e-08	4.499676e-01	4.498978e-01	-1.02206e-12	
626	2.977500e-08	4.499676e-01	4.499040e-01	-9.59728e-13	
627	2.982500e-08	4.499676e-01	4.499099e-01	-9.01201e-13	
628	2.987500e-08	4.499676e-01	4.499154e-01	-8.46243e-13	
629	2.992500e-08	4.499676e-01	4.499205e-01	-7.94636e-13	
630	2.997500e-08	4.499676e-01	4.499254e-01	-7.46177e-13	
631	3.002500e-08	4.499676e-01	4.499299e-01	-7.00673e-13	
632	3.007500e-08	4.499676e-01	4.499342e-01	-6.57944e-13	
633	3.012500e-08	4.499676e-01	4.499382e-01	-6.17820e-13	
634	3.017500e-08	4.499676e-01	4.499420e-01	-5.80144e-13	

Index   time            v(cell)         v(bl)           vpre#branch     
--------------------------------------------------------------------------------
635	3.022500e-08	4.499676e-01	4.499455e-01	-5.44765e-13	
636	3.027500e-08	4.499676e-01	4.499488e-01	-5.11544e-13	
637	3.032500e-08	4.499676e-01	4.499520e-01	-4.80348e-13	
638	3.037500e-08	4.499676e-01	4.499549e-01	-4.51055e-13	
639	3.042500e-08	4.499676e-01	4.499576e-01	-4.23548e-13	
640	3.047500e-08	4.499676e-01	4.499602e-01	-3.97719e-13	
641	3.052500e-08	4.499676e-01	4.499627e-01	-3.73465e-13	
642	3.057500e-08	4.499676e-01	4.499649e-01	-3.50690e-13	
643	3.062500e-08	4.499676e-01	4.499671e-01	-3.29304e-13	
644	3.067500e-08	4.499676e-01	4.499691e-01	-3.09222e-13	
645	3.072500e-08	4.499676e-01	4.499710e-01	-2.90365e-13	
646	3.077500e-08	4.499676e-01	4.499727e-01	-2.72657e-13	
647	3.082500e-08	4.499676e-01	4.499744e-01	-2.56030e-13	
648	3.087500e-08	4.499676e-01	4.499760e-01	-2.40416e-13	
649	3.092500e-08	4.499676e-01	4.499774e-01	-2.25755e-13	
650	3.097500e-08	4.499676e-01	4.499788e-01	-2.11988e-13	
651	3.102500e-08	4.499676e-01	4.499801e-01	-1.99060e-13	
652	3.107500e-08	4.499676e-01	4.499813e-01	-1.86921e-13	
653	3.112500e-08	4.499676e-01	4.499824e-01	-1.75522e-13	
654	3.117500e-08	4.499676e-01	4.499835e-01	-1.64818e-13	
655	3.122500e-08	4.499676e-01	4.499845e-01	-1.54767e-13	
656	3.127500e-08	4.499676e-01	4.499855e-01	-1.45329e-13	
657	3.132500e-08	4.499676e-01	4.499864e-01	-1.36466e-13	
658	3.137500e-08	4.499676e-01	4.499872e-01	-1.28144e-13	
659	3.142500e-08	4.499676e-01	4.499880e-01	-1.20330e-13	
660	3.147500e-08	4.499676e-01	4.499887e-01	-1.12992e-13	
661	3.152500e-08	4.499676e-01	4.499894e-01	-1.06101e-13	
662	3.157500e-08	4.499676e-01	4.499900e-01	-9.96306e-14	
663	3.162500e-08	4.499676e-01	4.499906e-01	-9.35549e-14	
664	3.167500e-08	4.499676e-01	4.499912e-01	-8.78496e-14	
665	3.172500e-08	4.499676e-01	4.499918e-01	-8.24923e-14	
666	3.177500e-08	4.499676e-01	4.499923e-01	-7.74617e-14	
667	3.182500e-08	4.499676e-01	4.499927e-01	-7.27378e-14	
668	3.187500e-08	4.499676e-01	4.499932e-01	-6.83021e-14	
669	3.192500e-08	4.499676e-01	4.499936e-01	-6.41368e-14	
670	3.197500e-08	4.499676e-01	4.499940e-01	-6.02256e-14	
671	3.202500e-08	4.499676e-01	4.499943e-01	-5.65528e-14	
672	3.207500e-08	4.499676e-01	4.499947e-01	-5.31041e-14	
673	3.212500e-08	4.499676e-01	4.499950e-01	-4.98656e-14	
674	3.217500e-08	4.499676e-01	4.499953e-01	-4.68247e-14	
675	3.222500e-08	4.499676e-01	4.499956e-01	-4.39692e-14	
676	3.227500e-08	4.499676e-01	4.499959e-01	-4.12878e-14	
677	3.232500e-08	4.499676e-01	4.499961e-01	-3.87700e-14	
678	3.237500e-08	4.499676e-01	4.499964e-01	-3.64057e-14	
679	3.242500e-08	4.499676e-01	4.499966e-01	-3.41855e-14	
680	3.247500e-08	4.499676e-01	4.499968e-01	-3.21008e-14	
681	3.252500e-08	4.499676e-01	4.499970e-01	-3.01432e-14	
682	3.257500e-08	4.499676e-01	4.499972e-01	-2.83050e-14	
683	3.262500e-08	4.499676e-01	4.499973e-01	-2.65789e-14	
684	3.267500e-08	4.499676e-01	4.499975e-01	-2.49580e-14	
685	3.272500e-08	4.499676e-01	4.499977e-01	-2.34360e-14	
686	3.277500e-08	4.499676e-01	4.499978e-01	-2.20068e-14	
687	3.282500e-08	4.499676e-01	4.499979e-01	-2.06648e-14	
688	3.287500e-08	4.499676e-01	4.499981e-01	-1.94046e-14	
689	3.292500e-08	4.499676e-01	4.499982e-01	-1.82212e-14	
690	3.297500e-08	4.499676e-01	4.499983e-01	-1.71101e-14	
691	3.302500e-08	4.499676e-01	4.499984e-01	-1.60667e-14	
692	3.307500e-08	4.499676e-01	4.499985e-01	-1.50869e-14	

Index   time            v(cell)         v(bl)           vpre#branch     
--------------------------------------------------------------------------------
693	3.312500e-08	4.499676e-01	4.499986e-01	-1.41668e-14	
694	3.317500e-08	4.499676e-01	4.499987e-01	-1.33029e-14	
695	3.322500e-08	4.499676e-01	4.499988e-01	-1.24917e-14	
696	3.327500e-08	4.499676e-01	4.499988e-01	-1.17299e-14	
697	3.332500e-08	4.499676e-01	4.499989e-01	-1.10146e-14	
698	3.337500e-08	4.499676e-01	4.499990e-01	-1.03429e-14	
699	3.342500e-08	4.499676e-01	4.499990e-01	-9.71214e-15	
700	3.347500e-08	4.499676e-01	4.499991e-01	-9.11987e-15	
701	3.352500e-08	4.499676e-01	4.499991e-01	-8.56372e-15	
702	3.357500e-08	4.499676e-01	4.499992e-01	-8.04148e-15	
703	3.362500e-08	4.499676e-01	4.499992e-01	-7.55109e-15	
704	3.367500e-08	4.499676e-01	4.499993e-01	-7.09061e-15	
705	3.372500e-08	4.499676e-01	4.499993e-01	-6.65821e-15	
706	3.377500e-08	4.499676e-01	4.499994e-01	-6.25218e-15	
707	3.382500e-08	4.499676e-01	4.499994e-01	-5.87091e-15	
708	3.387500e-08	4.499676e-01	4.499994e-01	-5.51289e-15	
709	3.392500e-08	4.499676e-01	4.499995e-01	-5.17670e-15	
710	3.397500e-08	4.499676e-01	4.499995e-01	-4.86101e-15	
711	3.402500e-08	4.499676e-01	4.499995e-01	-4.56458e-15	
712	3.407500e-08	4.499676e-01	4.499996e-01	-4.28622e-15	
713	3.412500e-08	4.499676e-01	4.499996e-01	-4.02484e-15	
714	3.417500e-08	4.499676e-01	4.499996e-01	-3.77940e-15	
715	3.422500e-08	4.499676e-01	4.499996e-01	-3.54893e-15	
716	3.427500e-08	4.499676e-01	4.499997e-01	-3.33251e-15	
717	3.432500e-08	4.499676e-01	4.499997e-01	-3.12929e-15	
718	3.437500e-08	4.499676e-01	4.499997e-01	-2.93846e-15	
719	3.442500e-08	4.499676e-01	4.499997e-01	-2.75927e-15	
720	3.447500e-08	4.499676e-01	4.499997e-01	-2.59101e-15	
721	3.452500e-08	4.499676e-01	4.499998e-01	-2.43301e-15	
722	3.457500e-08	4.499676e-01	4.499998e-01	-2.28464e-15	
723	3.462500e-08	4.499676e-01	4.499998e-01	-2.14532e-15	
724	3.467500e-08	4.499676e-01	4.499998e-01	-2.01450e-15	
725	3.472500e-08	4.499676e-01	4.499998e-01	-1.89166e-15	
726	3.477500e-08	4.499676e-01	4.499998e-01	-1.77630e-15	
727	3.482500e-08	4.499676e-01	4.499998e-01	-1.66799e-15	
728	3.487500e-08	4.499676e-01	4.499998e-01	-1.56627e-15	
729	3.492500e-08	4.499676e-01	4.499999e-01	-1.47076e-15	
730	3.497500e-08	4.499676e-01	4.499999e-01	-1.38108e-15	
731	3.502500e-08	4.499676e-01	4.499999e-01	-1.29686e-15	
732	3.507500e-08	4.499676e-01	4.499999e-01	-1.21778e-15	
733	3.512500e-08	4.499676e-01	4.499999e-01	-1.14352e-15	
734	3.517500e-08	4.499676e-01	4.499999e-01	-1.07379e-15	
735	3.522500e-08	4.499676e-01	4.499999e-01	-1.00831e-15	
736	3.527500e-08	4.499676e-01	4.499999e-01	-9.46830e-16	
737	3.532500e-08	4.499676e-01	4.499999e-01	-8.89096e-16	
738	3.537500e-08	4.499676e-01	4.499999e-01	-8.34882e-16	
739	3.542500e-08	4.499676e-01	4.499999e-01	-7.83974e-16	
740	3.547500e-08	4.499676e-01	4.499999e-01	-7.36171e-16	
741	3.552500e-08	4.499676e-01	4.499999e-01	-6.91283e-16	
742	3.557500e-08	4.499676e-01	4.499999e-01	-6.49132e-16	
743	3.562500e-08	4.499676e-01	4.499999e-01	-6.09552e-16	
744	3.567500e-08	4.499676e-01	4.499999e-01	-5.72385e-16	
745	3.572500e-08	4.499676e-01	4.499999e-01	-5.37485e-16	
746	3.577500e-08	4.499676e-01	4.499999e-01	-5.04714e-16	
747	3.582500e-08	4.499676e-01	4.500000e-01	-4.73941e-16	
748	3.587500e-08	4.499676e-01	4.500000e-01	-4.45045e-16	
749	3.592500e-08	4.499676e-01	4.500000e-01	-4.17911e-16	
750	3.597500e-08	4.499676e-01	4.500000e-01	-3.92431e-16	

Index   time            v(cell)         v(bl)           vpre#branch     
--------------------------------------------------------------------------------
751	3.602500e-08	4.499676e-01	4.500000e-01	-3.68505e-16	
752	3.607500e-08	4.499676e-01	4.500000e-01	-3.46039e-16	
753	3.612500e-08	4.499676e-01	4.500000e-01	-3.24942e-16	
754	3.617500e-08	4.499676e-01	4.500000e-01	-3.05132e-16	
755	3.622500e-08	4.499676e-01	4.500000e-01	-2.86531e-16	
756	3.627500e-08	4.499676e-01	4.500000e-01	-2.69064e-16	
757	3.632500e-08	4.499676e-01	4.500000e-01	-2.52661e-16	
758	3.637500e-08	4.499676e-01	4.500000e-01	-2.37259e-16	
759	3.642500e-08	4.499676e-01	4.500000e-01	-2.22796e-16	
760	3.647500e-08	4.499676e-01	4.500000e-01	-2.09215e-16	
761	3.652500e-08	4.499676e-01	4.500000e-01	-1.96462e-16	
762	3.657500e-08	4.499676e-01	4.500000e-01	-1.84487e-16	
763	3.662500e-08	4.499676e-01	4.500000e-01	-1.73242e-16	
764	3.667500e-08	4.499676e-01	4.500000e-01	-1.62683e-16	
765	3.672500e-08	4.499676e-01	4.500000e-01	-1.52768e-16	
766	3.677500e-08	4.499676e-01	4.500000e-01	-1.43457e-16	
767	3.682500e-08	4.499676e-01	4.500000e-01	-1.34715e-16	
768	3.687500e-08	4.499676e-01	4.500000e-01	-1.26505e-16	
769	3.692500e-08	4.499676e-01	4.500000e-01	-1.18796e-16	
770	3.697500e-08	4.499676e-01	4.500000e-01	-1.11557e-16	
771	3.702500e-08	4.499676e-01	4.500000e-01	-1.04760e-16	
772	3.707500e-08	4.499676e-01	4.500000e-01	-9.83770e-17	
773	3.712500e-08	4.499676e-01	4.500000e-01	-9.23838e-17	
774	3.717500e-08	4.499676e-01	4.500000e-01	-8.67561e-17	
775	3.722500e-08	4.499676e-01	4.500000e-01	-8.14716e-17	
776	3.727500e-08	4.499676e-01	4.500000e-01	-7.65098e-17	
777	3.732500e-08	4.499676e-01	4.500000e-01	-7.18501e-17	
778	3.737500e-08	4.499676e-01	4.500000e-01	-6.74742e-17	
779	3.742500e-08	4.499676e-01	4.500000e-01	-6.33656e-17	
780	3.747500e-08	4.499676e-01	4.500000e-01	-5.95075e-17	
781	3.752500e-08	4.499676e-01	4.500000e-01	-5.58843e-17	
782	3.757500e-08	4.499676e-01	4.500000e-01	-5.24820e-17	
783	3.762500e-08	4.499676e-01	4.500000e-01	-4.92876e-17	
784	3.767500e-08	4.499676e-01	4.500000e-01	-4.62885e-17	
785	3.772500e-08	4.499676e-01	4.500000e-01	-4.34718e-17	
786	3.777500e-08	4.499676e-01	4.500000e-01	-4.08269e-17	
787	3.782500e-08	4.499676e-01	4.500000e-01	-3.83437e-17	
788	3.787500e-08	4.499676e-01	4.500000e-01	-3.60115e-17	
789	3.792500e-08	4.499676e-01	4.500000e-01	-3.38212e-17	
790	3.797500e-08	4.499676e-01	4.500000e-01	-3.17644e-17	
791	3.802500e-08	4.499676e-01	4.500000e-01	-2.98330e-17	
792	3.807500e-08	4.499676e-01	4.500000e-01	-2.80194e-17	
793	3.812500e-08	4.499676e-01	4.500000e-01	-2.63165e-17	
794	3.817500e-08	4.499676e-01	4.500000e-01	-2.47173e-17	
795	3.822500e-08	4.499676e-01	4.500000e-01	-2.32157e-17	
796	3.827500e-08	4.499676e-01	4.500000e-01	-2.18057e-17	
797	3.832500e-08	4.499676e-01	4.500000e-01	-2.04816e-17	
798	3.837500e-08	4.499676e-01	4.500000e-01	-1.92383e-17	
799	3.842500e-08	4.499676e-01	4.500000e-01	-1.80713e-17	
800	3.847500e-08	4.499676e-01	4.500000e-01	-1.69754e-17	
801	3.852500e-08	4.499676e-01	4.500000e-01	-1.59463e-17	
802	3.857500e-08	4.499676e-01	4.500000e-01	-1.49800e-17	
803	3.862500e-08	4.499676e-01	4.500000e-01	-1.40726e-17	
804	3.867500e-08	4.499676e-01	4.500000e-01	-1.32205e-17	
805	3.872500e-08	4.499676e-01	4.500000e-01	-1.24200e-17	
806	3.877500e-08	4.499676e-01	4.500000e-01	-1.16684e-17	
807	3.882500e-08	4.499676e-01	4.500000e-01	-1.09625e-17	
808	3.887500e-08	4.499676e-01	4.500000e-01	-1.03001e-17	

Index   time            v(cell)         v(bl)           vpre#branch     
--------------------------------------------------------------------------------
809	3.892500e-08	4.499676e-01	4.500000e-01	-9.67855e-18	
810	3.897500e-08	4.499676e-01	4.500000e-01	-9.09446e-18	
811	3.902500e-08	4.499676e-01	4.500000e-01	-8.54558e-18	
812	3.907500e-08	4.499676e-01	4.500000e-01	-8.03018e-18	
813	3.912500e-08	4.499676e-01	4.500000e-01	-7.54620e-18	
814	3.917500e-08	4.499676e-01	4.500000e-01	-7.09174e-18	
815	3.922500e-08	4.499676e-01	4.500000e-01	-6.66499e-18	
816	3.927500e-08	4.499676e-01	4.500000e-01	-6.26427e-18	
817	3.932500e-08	4.499676e-01	4.500000e-01	-5.88798e-18	
818	3.937500e-08	4.499676e-01	4.500000e-01	-5.53506e-18	
819	3.942500e-08	4.499676e-01	4.500000e-01	-5.20365e-18	
820	3.947500e-08	4.499676e-01	4.500000e-01	-4.89246e-18	
821	3.952500e-08	4.499676e-01	4.500000e-01	-4.60066e-18	
822	3.957500e-08	4.499676e-01	4.500000e-01	-4.32624e-18	
823	3.962500e-08	4.499676e-01	4.500000e-01	-4.06814e-18	
824	3.967500e-08	4.499676e-01	4.500000e-01	-3.82619e-18	
825	3.972500e-08	4.499676e-01	4.500000e-01	-3.59900e-18	
826	3.977500e-08	4.499676e-01	4.500000e-01	-3.38566e-18	
827	3.982500e-08	4.499676e-01	4.500000e-01	-3.18533e-18	
828	3.987500e-08	4.499676e-01	4.500000e-01	-2.99681e-18	
829	3.992500e-08	4.499676e-01	4.500000e-01	-2.81978e-18	
830	3.996250e-08	4.499676e-01	4.500000e-01	-2.69426e-18	
831	4.000000e-08	4.499676e-01	4.500000e-01	-2.57477e-18	


Total analysis time (seconds) = 0.059147

Total elapsed time (seconds) = 0.072 

Total DRAM available = 386307.215 MB.
DRAM currently available = 2179.445 MB.
Maximum ngspice program size =  529.723 MB.
Current ngspice program size =   14.211 MB.

Shared ngspice pages =   12.383 MB.
Text (code) pages =    6.266 MB.
Stack = 0 bytes.
Library pages =   59.141 MB.

