
Note: No compatibility mode selected!


Circuit: * 1t1c ccell=20.0ff

Doing analysis at TEMP = 85.000000 and TNOM = 27.000000

Using SPARSE 1.3 as Direct Linear Solver

Initial Transient Solution
--------------------------

Node                                   Voltage
----                                   -------
pre                                       0.45
bl                                        0.45
wl                                           0
plate                                        0
s                                            0
cell                                         0
vs#branch                                    0
vpl#branch                                   0
vwl#branch                                   0
vpre#branch                                  0


No. of Data Rows : 832

  Measurements for Transient Analysis

t_write             =  1.90036e-09
t_read              =  2.28623e-08
i_hold              =  -3.02448e-11 from=  2.50000e-08 to=  3.50250e-08
q_read              =   8.98060e-19 from=  1.20000e-08 to=  2.20000e-08

                              * 1t1c ccell=20.0ff
                              Transient Analysis  Tue Jun 23 16:38:54  2026
--------------------------------------------------------------------------------
Index   time            v(cell)         v(bl)           vpre#branch     
--------------------------------------------------------------------------------
0	0.000000e+00	0.000000e+00	4.500000e-01	0.000000e+00	
1	5.000000e-13	2.145993e-11	4.499999e-01	-5.76982e-16	
2	1.000000e-12	4.291933e-11	4.499999e-01	-1.11642e-15	
3	2.000000e-12	8.583808e-11	4.499998e-01	-2.19462e-15	
4	4.000000e-12	1.716755e-10	4.499996e-01	-4.34695e-15	
5	8.000000e-12	3.433503e-10	4.499991e-01	-8.63540e-15	
6	1.600000e-11	6.866993e-10	4.499983e-01	-1.71479e-14	
7	3.200000e-11	1.373395e-09	4.499966e-01	-3.39183e-14	
8	6.400000e-11	2.746779e-09	4.499934e-01	-6.64663e-14	
9	1.140000e-10	4.892670e-09	4.499885e-01	-1.14779e-13	
10	1.640000e-10	7.038538e-09	4.499840e-01	-1.60145e-13	
11	2.140000e-10	9.184382e-09	4.499797e-01	-2.02743e-13	
12	2.640000e-10	1.133021e-08	4.499757e-01	-2.42744e-13	
13	3.140000e-10	1.347601e-08	4.499720e-01	-2.80304e-13	
14	3.640000e-10	1.562179e-08	4.499684e-01	-3.15574e-13	
15	4.140000e-10	1.776756e-08	4.499651e-01	-3.48692e-13	
16	4.640000e-10	1.991331e-08	4.499620e-01	-3.79790e-13	
17	5.140000e-10	2.205905e-08	4.499591e-01	-4.08992e-13	
18	5.640000e-10	2.420477e-08	4.499564e-01	-4.36412e-13	
19	6.140000e-10	2.635048e-08	4.499538e-01	-4.62160e-13	
20	6.640000e-10	2.849617e-08	4.499514e-01	-4.86337e-13	
21	7.140000e-10	3.064185e-08	4.499491e-01	-5.09040e-13	
22	7.640000e-10	3.278752e-08	4.499470e-01	-5.30357e-13	
23	8.140000e-10	3.493318e-08	4.499450e-01	-5.50375e-13	
24	8.640000e-10	3.707883e-08	4.499431e-01	-5.69171e-13	
25	9.140000e-10	3.922447e-08	4.499413e-01	-5.86822e-13	
26	9.570000e-10	4.106972e-08	4.499399e-01	-6.01136e-13	
27	1.000000e-09	4.291495e-08	4.499385e-01	-6.14696e-13	
28	1.005000e-09	4.498268e-03	4.499384e-01	-6.15677e-13	
29	1.015000e-09	1.349469e-02	4.499383e-01	-6.16649e-13	
30	1.035000e-09	3.148754e-02	4.499386e-01	-6.13556e-13	
31	1.075000e-09	6.747324e-02	4.499406e-01	-5.94215e-13	
32	1.125000e-09	1.124554e-01	4.499440e-01	-5.59863e-13	
33	1.175000e-09	1.574375e-01	4.499475e-01	-5.25369e-13	
34	1.225000e-09	2.024196e-01	4.499507e-01	-4.93188e-13	
35	1.275000e-09	2.474017e-01	4.499537e-01	-4.63056e-13	
36	1.325000e-09	2.923839e-01	4.499565e-01	-4.34795e-13	
37	1.375000e-09	3.373660e-01	4.499592e-01	-4.08272e-13	
38	1.425000e-09	3.823481e-01	4.499617e-01	-3.83371e-13	
39	1.475000e-09	4.273302e-01	4.499640e-01	-3.59991e-13	
40	1.525000e-09	4.723123e-01	4.499662e-01	-3.38037e-13	
41	1.575000e-09	5.172945e-01	4.499683e-01	-3.17422e-13	
42	1.625000e-09	5.622766e-01	4.499702e-01	-2.98063e-13	
43	1.675000e-09	6.072587e-01	4.499720e-01	-2.79884e-13	
44	1.725000e-09	6.522408e-01	4.499737e-01	-2.62814e-13	
45	1.775000e-09	6.972230e-01	4.499753e-01	-2.46784e-13	
46	1.825000e-09	7.422051e-01	4.499768e-01	-2.31732e-13	
47	1.875000e-09	7.871872e-01	4.499782e-01	-2.17597e-13	
48	1.925000e-09	8.321693e-01	4.499796e-01	-2.04324e-13	
49	1.962500e-09	8.659059e-01	4.499805e-01	-1.94904e-13	
50	2.000000e-09	8.996425e-01	4.499814e-01	-1.85917e-13	
51	2.005000e-09	8.996425e-01	4.499815e-01	-1.84755e-13	
52	2.015000e-09	8.996425e-01	4.499818e-01	-1.82444e-13	
53	2.035000e-09	8.996425e-01	4.499822e-01	-1.77909e-13	
54	2.075000e-09	8.996425e-01	4.499831e-01	-1.69172e-13	

Index   time            v(cell)         v(bl)           vpre#branch     
--------------------------------------------------------------------------------
55	2.125000e-09	8.996425e-01	4.499841e-01	-1.58851e-13	
56	2.175000e-09	8.996425e-01	4.499851e-01	-1.49159e-13	
57	2.225000e-09	8.996425e-01	4.499860e-01	-1.40058e-13	
58	2.275000e-09	8.996425e-01	4.499868e-01	-1.31512e-13	
59	2.325000e-09	8.996425e-01	4.499877e-01	-1.23487e-13	
60	2.375000e-09	8.996425e-01	4.499884e-01	-1.15952e-13	
61	2.425000e-09	8.996425e-01	4.499891e-01	-1.08876e-13	
62	2.475000e-09	8.996425e-01	4.499898e-01	-1.02231e-13	
63	2.525000e-09	8.996425e-01	4.499904e-01	-9.59921e-14	
64	2.575000e-09	8.996425e-01	4.499910e-01	-9.01334e-14	
65	2.625000e-09	8.996425e-01	4.499915e-01	-8.46320e-14	
66	2.675000e-09	8.996425e-01	4.499921e-01	-7.94661e-14	
67	2.725000e-09	8.996425e-01	4.499925e-01	-7.46152e-14	
68	2.775000e-09	8.996425e-01	4.499930e-01	-7.00601e-14	
69	2.825000e-09	8.996425e-01	4.499934e-01	-6.57828e-14	
70	2.875000e-09	8.996425e-01	4.499938e-01	-6.17664e-14	
71	2.925000e-09	8.996425e-01	4.499942e-01	-5.79949e-14	
72	2.975000e-09	8.996425e-01	4.499946e-01	-5.44534e-14	
73	3.025000e-09	8.996425e-01	4.499949e-01	-5.11278e-14	
74	3.075000e-09	8.996425e-01	4.499952e-01	-4.80051e-14	
75	3.125000e-09	8.996425e-01	4.499955e-01	-4.50728e-14	
76	3.175000e-09	8.996425e-01	4.499958e-01	-4.23193e-14	
77	3.225000e-09	8.996425e-01	4.499960e-01	-3.97337e-14	
78	3.275000e-09	8.996425e-01	4.499963e-01	-3.73058e-14	
79	3.325000e-09	8.996425e-01	4.499965e-01	-3.50260e-14	
80	3.375000e-09	8.996425e-01	4.499967e-01	-3.28852e-14	
81	3.425000e-09	8.996425e-01	4.499969e-01	-3.08750e-14	
82	3.475000e-09	8.996425e-01	4.499971e-01	-2.89873e-14	
83	3.525000e-09	8.996425e-01	4.499973e-01	-2.72148e-14	
84	3.575000e-09	8.996425e-01	4.499974e-01	-2.55503e-14	
85	3.625000e-09	8.996425e-01	4.499976e-01	-2.39874e-14	
86	3.675000e-09	8.996425e-01	4.499977e-01	-2.25197e-14	
87	3.725000e-09	8.996425e-01	4.499979e-01	-2.11416e-14	
88	3.775000e-09	8.996425e-01	4.499980e-01	-1.98475e-14	
89	3.825000e-09	8.996425e-01	4.499981e-01	-1.86323e-14	
90	3.875000e-09	8.996425e-01	4.499983e-01	-1.74913e-14	
91	3.925000e-09	8.996425e-01	4.499984e-01	-1.64198e-14	
92	3.975000e-09	8.996425e-01	4.499985e-01	-1.54137e-14	
93	4.025000e-09	8.996425e-01	4.499986e-01	-1.44689e-14	
94	4.075000e-09	8.996425e-01	4.499986e-01	-1.35817e-14	
95	4.125000e-09	8.996425e-01	4.499987e-01	-1.27486e-14	
96	4.175000e-09	8.996425e-01	4.499988e-01	-1.19664e-14	
97	4.225000e-09	8.996425e-01	4.499989e-01	-1.12318e-14	
98	4.275000e-09	8.996425e-01	4.499989e-01	-1.05421e-14	
99	4.325000e-09	8.996425e-01	4.499990e-01	-9.89436e-15	
100	4.375000e-09	8.996425e-01	4.499991e-01	-9.28616e-15	
101	4.425000e-09	8.996425e-01	4.499991e-01	-8.71506e-15	
102	4.475000e-09	8.996425e-01	4.499992e-01	-8.17878e-15	
103	4.525000e-09	8.996425e-01	4.499992e-01	-7.67520e-15	
104	4.575000e-09	8.996425e-01	4.499993e-01	-7.20233e-15	
105	4.625000e-09	8.996425e-01	4.499993e-01	-6.75830e-15	
106	4.675000e-09	8.996425e-01	4.499994e-01	-6.34135e-15	
107	4.725000e-09	8.996425e-01	4.499994e-01	-5.94982e-15	
108	4.775000e-09	8.996425e-01	4.499994e-01	-5.58217e-15	
109	4.825000e-09	8.996425e-01	4.499995e-01	-5.23694e-15	
110	4.875000e-09	8.996425e-01	4.499995e-01	-4.91277e-15	
111	4.925000e-09	8.996425e-01	4.499995e-01	-4.60836e-15	
112	4.975000e-09	8.996425e-01	4.499996e-01	-4.32252e-15	

Index   time            v(cell)         v(bl)           vpre#branch     
--------------------------------------------------------------------------------
113	5.025000e-09	8.996425e-01	4.499996e-01	-4.05411e-15	
114	5.075000e-09	8.996425e-01	4.499996e-01	-3.80206e-15	
115	5.125000e-09	8.996425e-01	4.499996e-01	-3.56539e-15	
116	5.175000e-09	8.996425e-01	4.499997e-01	-3.34315e-15	
117	5.225000e-09	8.996425e-01	4.499997e-01	-3.13447e-15	
118	5.275000e-09	8.996425e-01	4.499997e-01	-2.93851e-15	
119	5.325000e-09	8.996425e-01	4.499997e-01	-2.75450e-15	
120	5.375000e-09	8.996425e-01	4.499997e-01	-2.58171e-15	
121	5.425000e-09	8.996425e-01	4.499998e-01	-2.41946e-15	
122	5.475000e-09	8.996425e-01	4.499998e-01	-2.26710e-15	
123	5.525000e-09	8.996425e-01	4.499998e-01	-2.12403e-15	
124	5.575000e-09	8.996425e-01	4.499998e-01	-1.98969e-15	
125	5.625000e-09	8.996425e-01	4.499998e-01	-1.86354e-15	
126	5.675000e-09	8.996425e-01	4.499998e-01	-1.74509e-15	
127	5.725000e-09	8.996425e-01	4.499998e-01	-1.63386e-15	
128	5.775000e-09	8.996425e-01	4.499998e-01	-1.52941e-15	
129	5.825000e-09	8.996425e-01	4.499999e-01	-1.43133e-15	
130	5.875000e-09	8.996425e-01	4.499999e-01	-1.33923e-15	
131	5.925000e-09	8.996425e-01	4.499999e-01	-1.25275e-15	
132	5.975000e-09	8.996425e-01	4.499999e-01	-1.17154e-15	
133	6.025000e-09	8.996425e-01	4.499999e-01	-1.09529e-15	
134	6.075000e-09	8.996425e-01	4.499999e-01	-1.02368e-15	
135	6.125000e-09	8.996425e-01	4.499999e-01	-9.56442e-16	
136	6.175000e-09	8.996425e-01	4.499999e-01	-8.93304e-16	
137	6.225000e-09	8.996425e-01	4.499999e-01	-8.34017e-16	
138	6.275000e-09	8.996425e-01	4.499999e-01	-7.78345e-16	
139	6.325000e-09	8.996425e-01	4.499999e-01	-7.26068e-16	
140	6.375000e-09	8.996425e-01	4.499999e-01	-6.76979e-16	
141	6.425000e-09	8.996425e-01	4.499999e-01	-6.30883e-16	
142	6.475000e-09	8.996425e-01	4.499999e-01	-5.87599e-16	
143	6.525000e-09	8.996425e-01	4.499999e-01	-5.46954e-16	
144	6.575000e-09	8.996425e-01	4.499999e-01	-5.08788e-16	
145	6.625000e-09	8.996425e-01	4.500000e-01	-4.72950e-16	
146	6.675000e-09	8.996425e-01	4.500000e-01	-4.39297e-16	
147	6.725000e-09	8.996425e-01	4.500000e-01	-4.07696e-16	
148	6.775000e-09	8.996425e-01	4.500000e-01	-3.78022e-16	
149	6.825000e-09	8.996425e-01	4.500000e-01	-3.50158e-16	
150	6.875000e-09	8.996425e-01	4.500000e-01	-3.23993e-16	
151	6.925000e-09	8.996425e-01	4.500000e-01	-2.99424e-16	
152	6.962500e-09	8.996425e-01	4.500000e-01	-2.81988e-16	
153	7.000000e-09	8.996425e-01	4.500000e-01	-2.65355e-16	
154	7.005000e-09	8.771514e-01	4.500000e-01	-2.63238e-16	
155	7.015000e-09	8.321693e-01	4.500000e-01	-2.59092e-16	
156	7.035000e-09	7.422050e-01	4.500000e-01	-2.51293e-16	
157	7.067500e-09	5.960131e-01	4.500000e-01	-2.39782e-16	
158	7.100000e-09	4.498212e-01	4.500000e-01	-2.29349e-16	
159	7.105000e-09	4.498213e-01	4.500000e-01	-2.27919e-16	
160	7.115000e-09	4.498213e-01	4.500000e-01	-2.25076e-16	
161	7.135000e-09	4.498213e-01	4.500000e-01	-2.19496e-16	
162	7.175000e-09	4.498213e-01	4.500000e-01	-2.08747e-16	
163	7.225000e-09	4.498213e-01	4.500000e-01	-1.96048e-16	
164	7.275000e-09	4.498213e-01	4.500000e-01	-1.84124e-16	
165	7.325000e-09	4.498213e-01	4.500000e-01	-1.72927e-16	
166	7.375000e-09	4.498213e-01	4.500000e-01	-1.62412e-16	
167	7.425000e-09	4.498213e-01	4.500000e-01	-1.52539e-16	
168	7.475000e-09	4.498213e-01	4.500000e-01	-1.43268e-16	
169	7.525000e-09	4.498213e-01	4.500000e-01	-1.34562e-16	
170	7.575000e-09	4.498213e-01	4.500000e-01	-1.26387e-16	

Index   time            v(cell)         v(bl)           vpre#branch     
--------------------------------------------------------------------------------
171	7.625000e-09	4.498213e-01	4.500000e-01	-1.18711e-16	
172	7.675000e-09	4.498213e-01	4.500000e-01	-1.11503e-16	
173	7.725000e-09	4.498213e-01	4.500000e-01	-1.04735e-16	
174	7.775000e-09	4.498213e-01	4.500000e-01	-9.83794e-17	
175	7.825000e-09	4.498213e-01	4.500000e-01	-9.24118e-17	
176	7.875000e-09	4.498213e-01	4.500000e-01	-8.68081e-17	
177	7.925000e-09	4.498213e-01	4.500000e-01	-8.15461e-17	
178	7.975000e-09	4.498213e-01	4.500000e-01	-7.66047e-17	
179	8.025000e-09	4.498213e-01	4.500000e-01	-7.19641e-17	
180	8.075000e-09	4.498213e-01	4.500000e-01	-6.76066e-17	
181	8.125000e-09	4.498213e-01	4.500000e-01	-6.35147e-17	
182	8.175000e-09	4.498213e-01	4.500000e-01	-5.96725e-17	
183	8.225000e-09	4.498213e-01	4.500000e-01	-5.60645e-17	
184	8.275000e-09	4.498213e-01	4.500000e-01	-5.26765e-17	
185	8.325000e-09	4.498213e-01	4.500000e-01	-4.94956e-17	
186	8.375000e-09	4.498213e-01	4.500000e-01	-4.65091e-17	
187	8.425000e-09	4.498213e-01	4.500000e-01	-4.37043e-17	
188	8.475000e-09	4.498213e-01	4.500000e-01	-4.10701e-17	
189	8.525000e-09	4.498213e-01	4.500000e-01	-3.85966e-17	
190	8.575000e-09	4.498213e-01	4.500000e-01	-3.62739e-17	
191	8.625000e-09	4.498213e-01	4.500000e-01	-3.40932e-17	
192	8.675000e-09	4.498213e-01	4.500000e-01	-3.20460e-17	
193	8.725000e-09	4.498213e-01	4.500000e-01	-3.01232e-17	
194	8.775000e-09	4.498213e-01	4.500000e-01	-2.83172e-17	
195	8.825000e-09	4.498213e-01	4.500000e-01	-2.66218e-17	
196	8.875000e-09	4.498213e-01	4.500000e-01	-2.50302e-17	
197	8.925000e-09	4.498213e-01	4.500000e-01	-2.35356e-17	
198	8.975000e-09	4.498213e-01	4.500000e-01	-2.21318e-17	
199	9.025000e-09	4.498213e-01	4.500000e-01	-2.08132e-17	
200	9.075000e-09	4.498213e-01	4.500000e-01	-1.95754e-17	
201	9.125000e-09	4.498213e-01	4.500000e-01	-1.84130e-17	
202	9.175000e-09	4.498213e-01	4.500000e-01	-1.73216e-17	
203	9.225000e-09	4.498213e-01	4.500000e-01	-1.62972e-17	
204	9.275000e-09	4.498213e-01	4.500000e-01	-1.53352e-17	
205	9.325000e-09	4.498213e-01	4.500000e-01	-1.44314e-17	
206	9.375000e-09	4.498213e-01	4.500000e-01	-1.35824e-17	
207	9.425000e-09	4.498213e-01	4.500000e-01	-1.27851e-17	
208	9.475000e-09	4.498213e-01	4.500000e-01	-1.20369e-17	
209	9.525000e-09	4.498213e-01	4.500000e-01	-1.13347e-17	
210	9.575000e-09	4.498213e-01	4.500000e-01	-1.06754e-17	
211	9.625000e-09	4.498213e-01	4.500000e-01	-1.00558e-17	
212	9.675000e-09	4.498213e-01	4.500000e-01	-9.47360e-18	
213	9.725000e-09	4.498213e-01	4.500000e-01	-8.92690e-18	
214	9.775000e-09	4.498213e-01	4.500000e-01	-8.41355e-18	
215	9.825000e-09	4.498213e-01	4.500000e-01	-7.93150e-18	
216	9.875000e-09	4.498213e-01	4.500000e-01	-7.47885e-18	
217	9.925000e-09	4.498213e-01	4.500000e-01	-7.05422e-18	
218	9.975000e-09	4.498213e-01	4.500000e-01	-6.65548e-18	
219	1.002500e-08	4.498213e-01	4.500000e-01	-6.28065e-18	
220	1.007500e-08	4.498213e-01	4.500000e-01	-5.92908e-18	
221	1.012500e-08	4.498213e-01	4.500000e-01	-5.59896e-18	
222	1.017500e-08	4.498213e-01	4.500000e-01	-5.28897e-18	
223	1.022500e-08	4.498213e-01	4.500000e-01	-4.99788e-18	
224	1.027500e-08	4.498213e-01	4.500000e-01	-4.72454e-18	
225	1.032500e-08	4.498213e-01	4.500000e-01	-4.46788e-18	
226	1.037500e-08	4.498213e-01	4.500000e-01	-4.22645e-18	
227	1.042500e-08	4.498213e-01	4.500000e-01	-3.99974e-18	
228	1.047500e-08	4.498213e-01	4.500000e-01	-3.78686e-18	

Index   time            v(cell)         v(bl)           vpre#branch     
--------------------------------------------------------------------------------
229	1.052500e-08	4.498213e-01	4.500000e-01	-3.58738e-18	
230	1.057500e-08	4.498213e-01	4.500000e-01	-3.40047e-18	
231	1.062500e-08	4.498213e-01	4.500000e-01	-3.22455e-18	
232	1.067500e-08	4.498213e-01	4.500000e-01	-3.05895e-18	
233	1.072500e-08	4.498213e-01	4.500000e-01	-2.90344e-18	
234	1.077500e-08	4.498213e-01	4.500000e-01	-2.75742e-18	
235	1.082500e-08	4.498213e-01	4.500000e-01	-2.62071e-18	
236	1.087500e-08	4.498213e-01	4.500000e-01	-2.49276e-18	
237	1.092500e-08	4.498213e-01	4.500000e-01	-2.37219e-18	
238	1.096250e-08	4.498213e-01	4.500000e-01	-2.28636e-18	
239	1.100000e-08	4.498213e-01	4.500000e-01	-2.20484e-18	
240	1.100500e-08	4.498230e-01	4.544717e-01	4.471678e-11	
241	1.101500e-08	4.498266e-01	4.633591e-01	1.335913e-10	
242	1.103500e-08	4.498338e-01	4.808028e-01	3.080279e-10	
243	1.107500e-08	4.498481e-01	5.144057e-01	6.440574e-10	
244	1.112500e-08	4.498660e-01	5.541041e-01	1.041041e-09	
245	1.117500e-08	4.498838e-01	5.913815e-01	1.413815e-09	
246	1.122500e-08	4.499017e-01	6.263856e-01	1.763856e-09	
247	1.127500e-08	4.499196e-01	6.592551e-01	2.092551e-09	
248	1.132500e-08	4.499375e-01	6.901200e-01	2.401200e-09	
249	1.137500e-08	4.499553e-01	7.191026e-01	2.691026e-09	
250	1.142500e-08	4.499732e-01	7.463175e-01	2.963175e-09	
251	1.147500e-08	4.499911e-01	7.718720e-01	3.218720e-09	
252	1.152500e-08	4.500090e-01	7.958660e-01	3.458660e-09	
253	1.157500e-08	4.500269e-01	8.183912e-01	3.683912e-09	
254	1.162500e-08	4.500447e-01	8.395278e-01	3.895278e-09	
255	1.167500e-08	4.500626e-01	8.593359e-01	4.093359e-09	
256	1.172500e-08	4.500806e-01	8.777903e-01	4.277903e-09	
257	1.177500e-08	4.500987e-01	8.947375e-01	4.447375e-09	
258	1.182500e-08	4.501172e-01	9.096994e-01	4.596994e-09	
259	1.187500e-08	4.501368e-01	9.212997e-01	4.712997e-09	
260	1.192500e-08	4.501588e-01	9.260104e-01	4.760104e-09	
261	1.196250e-08	4.501789e-01	9.206690e-01	4.706690e-09	
262	1.200000e-08	4.502052e-01	9.003721e-01	4.503721e-09	
263	1.200500e-08	4.502075e-01	8.920034e-01	4.420034e-09	
264	1.201500e-08	4.502118e-01	8.755232e-01	4.255232e-09	
265	1.203500e-08	4.502202e-01	8.440474e-01	3.940474e-09	
266	1.207500e-08	4.502358e-01	7.864321e-01	3.364321e-09	
267	1.212500e-08	4.502533e-01	7.231687e-01	2.731687e-09	
268	1.217500e-08	4.502690e-01	6.681998e-01	2.181998e-09	
269	1.222500e-08	4.502832e-01	6.202351e-01	1.702351e-09	
270	1.227500e-08	4.502962e-01	5.782803e-01	1.282803e-09	
271	1.232500e-08	4.503080e-01	5.415321e-01	9.153206e-10	
272	1.237500e-08	4.503189e-01	5.094428e-01	5.944282e-10	
273	1.242500e-08	4.503287e-01	4.818252e-01	3.182525e-10	
274	1.247500e-08	4.503370e-01	4.597452e-01	9.745245e-11	
275	1.252500e-08	4.503406e-01	4.503507e-01	3.507045e-12	
276	1.257500e-08	4.503406e-01	4.503300e-01	3.300062e-12	
277	1.262500e-08	4.503406e-01	4.503356e-01	3.356231e-12	
278	1.267500e-08	4.503406e-01	4.503341e-01	3.340885e-12	
279	1.272500e-08	4.503405e-01	4.503345e-01	3.344948e-12	
280	1.277500e-08	4.503405e-01	4.503344e-01	3.343748e-12	
281	1.282500e-08	4.503405e-01	4.503344e-01	3.343961e-12	
282	1.287500e-08	4.503405e-01	4.503344e-01	3.343807e-12	
283	1.292500e-08	4.503405e-01	4.503344e-01	3.343736e-12	
284	1.297500e-08	4.503405e-01	4.503344e-01	3.343660e-12	
285	1.302500e-08	4.503405e-01	4.503344e-01	3.343567e-12	
286	1.307500e-08	4.503405e-01	4.503343e-01	3.343497e-12	

Index   time            v(cell)         v(bl)           vpre#branch     
--------------------------------------------------------------------------------
287	1.312500e-08	4.503405e-01	4.503343e-01	3.343403e-12	
288	1.317500e-08	4.503405e-01	4.503343e-01	3.343333e-12	
289	1.322500e-08	4.503405e-01	4.503343e-01	3.343239e-12	
290	1.327500e-08	4.503405e-01	4.503343e-01	3.343169e-12	
291	1.332500e-08	4.503404e-01	4.503343e-01	3.343075e-12	
292	1.337500e-08	4.503404e-01	4.503343e-01	3.343005e-12	
293	1.342500e-08	4.503404e-01	4.503343e-01	3.342911e-12	
294	1.347500e-08	4.503404e-01	4.503343e-01	3.342841e-12	
295	1.352500e-08	4.503404e-01	4.503343e-01	3.342747e-12	
296	1.357500e-08	4.503404e-01	4.503343e-01	3.342677e-12	
297	1.362500e-08	4.503404e-01	4.503343e-01	3.342583e-12	
298	1.367500e-08	4.503404e-01	4.503343e-01	3.342513e-12	
299	1.372500e-08	4.503404e-01	4.503342e-01	3.342419e-12	
300	1.377500e-08	4.503404e-01	4.503342e-01	3.342349e-12	
301	1.382500e-08	4.503404e-01	4.503342e-01	3.342255e-12	
302	1.387500e-08	4.503403e-01	4.503342e-01	3.342185e-12	
303	1.392500e-08	4.503403e-01	4.503342e-01	3.342091e-12	
304	1.397500e-08	4.503403e-01	4.503342e-01	3.342021e-12	
305	1.402500e-08	4.503403e-01	4.503342e-01	3.341928e-12	
306	1.407500e-08	4.503403e-01	4.503342e-01	3.341857e-12	
307	1.412500e-08	4.503403e-01	4.503342e-01	3.341764e-12	
308	1.417500e-08	4.503403e-01	4.503342e-01	3.341693e-12	
309	1.422500e-08	4.503403e-01	4.503342e-01	3.341600e-12	
310	1.427500e-08	4.503403e-01	4.503342e-01	3.341529e-12	
311	1.432500e-08	4.503403e-01	4.503341e-01	3.341436e-12	
312	1.437500e-08	4.503403e-01	4.503341e-01	3.341365e-12	
313	1.442500e-08	4.503403e-01	4.503341e-01	3.341272e-12	
314	1.447500e-08	4.503402e-01	4.503341e-01	3.341201e-12	
315	1.452500e-08	4.503402e-01	4.503341e-01	3.341108e-12	
316	1.457500e-08	4.503402e-01	4.503341e-01	3.341037e-12	
317	1.462500e-08	4.503402e-01	4.503341e-01	3.340944e-12	
318	1.467500e-08	4.503402e-01	4.503341e-01	3.340874e-12	
319	1.472500e-08	4.503402e-01	4.503341e-01	3.340780e-12	
320	1.477500e-08	4.503402e-01	4.503341e-01	3.340710e-12	
321	1.482500e-08	4.503402e-01	4.503341e-01	3.340617e-12	
322	1.487500e-08	4.503402e-01	4.503341e-01	3.340546e-12	
323	1.492500e-08	4.503402e-01	4.503340e-01	3.340453e-12	
324	1.497500e-08	4.503402e-01	4.503340e-01	3.340382e-12	
325	1.502500e-08	4.503402e-01	4.503340e-01	3.340289e-12	
326	1.507500e-08	4.503401e-01	4.503340e-01	3.340218e-12	
327	1.512500e-08	4.503401e-01	4.503340e-01	3.340125e-12	
328	1.517500e-08	4.503401e-01	4.503340e-01	3.340054e-12	
329	1.522500e-08	4.503401e-01	4.503340e-01	3.339961e-12	
330	1.527500e-08	4.503401e-01	4.503340e-01	3.339890e-12	
331	1.532500e-08	4.503401e-01	4.503340e-01	3.339797e-12	
332	1.537500e-08	4.503401e-01	4.503340e-01	3.339726e-12	
333	1.542500e-08	4.503401e-01	4.503340e-01	3.339634e-12	
334	1.547500e-08	4.503401e-01	4.503340e-01	3.339562e-12	
335	1.552500e-08	4.503401e-01	4.503339e-01	3.339470e-12	
336	1.557500e-08	4.503401e-01	4.503339e-01	3.339399e-12	
337	1.562500e-08	4.503401e-01	4.503339e-01	3.339306e-12	
338	1.567500e-08	4.503400e-01	4.503339e-01	3.339235e-12	
339	1.572500e-08	4.503400e-01	4.503339e-01	3.339142e-12	
340	1.577500e-08	4.503400e-01	4.503339e-01	3.339071e-12	
341	1.582500e-08	4.503400e-01	4.503339e-01	3.338979e-12	
342	1.587500e-08	4.503400e-01	4.503339e-01	3.338907e-12	
343	1.592500e-08	4.503400e-01	4.503339e-01	3.338815e-12	
344	1.597500e-08	4.503400e-01	4.503339e-01	3.338743e-12	

Index   time            v(cell)         v(bl)           vpre#branch     
--------------------------------------------------------------------------------
345	1.602500e-08	4.503400e-01	4.503339e-01	3.338651e-12	
346	1.607500e-08	4.503400e-01	4.503339e-01	3.338580e-12	
347	1.612500e-08	4.503400e-01	4.503338e-01	3.338487e-12	
348	1.617500e-08	4.503400e-01	4.503338e-01	3.338416e-12	
349	1.622500e-08	4.503400e-01	4.503338e-01	3.338324e-12	
350	1.627500e-08	4.503399e-01	4.503338e-01	3.338252e-12	
351	1.632500e-08	4.503399e-01	4.503338e-01	3.338160e-12	
352	1.637500e-08	4.503399e-01	4.503338e-01	3.338088e-12	
353	1.642500e-08	4.503399e-01	4.503338e-01	3.337996e-12	
354	1.647500e-08	4.503399e-01	4.503338e-01	3.337924e-12	
355	1.652500e-08	4.503399e-01	4.503338e-01	3.337832e-12	
356	1.657500e-08	4.503399e-01	4.503338e-01	3.337761e-12	
357	1.662500e-08	4.503399e-01	4.503338e-01	3.337669e-12	
358	1.667500e-08	4.503399e-01	4.503338e-01	3.337597e-12	
359	1.672500e-08	4.503399e-01	4.503338e-01	3.337505e-12	
360	1.677500e-08	4.503399e-01	4.503337e-01	3.337433e-12	
361	1.682500e-08	4.503399e-01	4.503337e-01	3.337341e-12	
362	1.687500e-08	4.503398e-01	4.503337e-01	3.337269e-12	
363	1.692500e-08	4.503398e-01	4.503337e-01	3.337178e-12	
364	1.697500e-08	4.503398e-01	4.503337e-01	3.337106e-12	
365	1.702500e-08	4.503398e-01	4.503337e-01	3.337014e-12	
366	1.707500e-08	4.503398e-01	4.503337e-01	3.336942e-12	
367	1.712500e-08	4.503398e-01	4.503337e-01	3.336850e-12	
368	1.717500e-08	4.503398e-01	4.503337e-01	3.336778e-12	
369	1.722500e-08	4.503398e-01	4.503337e-01	3.336687e-12	
370	1.727500e-08	4.503398e-01	4.503337e-01	3.336615e-12	
371	1.732500e-08	4.503398e-01	4.503337e-01	3.336523e-12	
372	1.737500e-08	4.503398e-01	4.503336e-01	3.336451e-12	
373	1.742500e-08	4.503398e-01	4.503336e-01	3.336359e-12	
374	1.747500e-08	4.503397e-01	4.503336e-01	3.336287e-12	
375	1.752500e-08	4.503397e-01	4.503336e-01	3.336196e-12	
376	1.757500e-08	4.503397e-01	4.503336e-01	3.336123e-12	
377	1.762500e-08	4.503397e-01	4.503336e-01	3.336032e-12	
378	1.767500e-08	4.503397e-01	4.503336e-01	3.335960e-12	
379	1.772500e-08	4.503397e-01	4.503336e-01	3.335868e-12	
380	1.777500e-08	4.503397e-01	4.503336e-01	3.335796e-12	
381	1.782500e-08	4.503397e-01	4.503336e-01	3.335705e-12	
382	1.787500e-08	4.503397e-01	4.503336e-01	3.335632e-12	
383	1.792500e-08	4.503397e-01	4.503336e-01	3.335541e-12	
384	1.797500e-08	4.503397e-01	4.503335e-01	3.335469e-12	
385	1.802500e-08	4.503397e-01	4.503335e-01	3.335378e-12	
386	1.807500e-08	4.503396e-01	4.503335e-01	3.335305e-12	
387	1.812500e-08	4.503396e-01	4.503335e-01	3.335214e-12	
388	1.817500e-08	4.503396e-01	4.503335e-01	3.335142e-12	
389	1.822500e-08	4.503396e-01	4.503335e-01	3.335051e-12	
390	1.827500e-08	4.503396e-01	4.503335e-01	3.334978e-12	
391	1.832500e-08	4.503396e-01	4.503335e-01	3.334887e-12	
392	1.837500e-08	4.503396e-01	4.503335e-01	3.334814e-12	
393	1.842500e-08	4.503396e-01	4.503335e-01	3.334723e-12	
394	1.847500e-08	4.503396e-01	4.503335e-01	3.334651e-12	
395	1.852500e-08	4.503396e-01	4.503335e-01	3.334560e-12	
396	1.857500e-08	4.503396e-01	4.503334e-01	3.334487e-12	
397	1.862500e-08	4.503396e-01	4.503334e-01	3.334396e-12	
398	1.867500e-08	4.503395e-01	4.503334e-01	3.334324e-12	
399	1.872500e-08	4.503395e-01	4.503334e-01	3.334233e-12	
400	1.877500e-08	4.503395e-01	4.503334e-01	3.334160e-12	
401	1.882500e-08	4.503395e-01	4.503334e-01	3.334069e-12	
402	1.887500e-08	4.503395e-01	4.503334e-01	3.333996e-12	

Index   time            v(cell)         v(bl)           vpre#branch     
--------------------------------------------------------------------------------
403	1.892500e-08	4.503395e-01	4.503334e-01	3.333906e-12	
404	1.897500e-08	4.503395e-01	4.503334e-01	3.333833e-12	
405	1.902500e-08	4.503395e-01	4.503334e-01	3.333742e-12	
406	1.907500e-08	4.503395e-01	4.503334e-01	3.333669e-12	
407	1.912500e-08	4.503395e-01	4.503334e-01	3.333579e-12	
408	1.917500e-08	4.503395e-01	4.503334e-01	3.333506e-12	
409	1.922500e-08	4.503395e-01	4.503333e-01	3.333415e-12	
410	1.927500e-08	4.503394e-01	4.503333e-01	3.333342e-12	
411	1.932500e-08	4.503394e-01	4.503333e-01	3.333252e-12	
412	1.937500e-08	4.503394e-01	4.503333e-01	3.333179e-12	
413	1.942500e-08	4.503394e-01	4.503333e-01	3.333088e-12	
414	1.947500e-08	4.503394e-01	4.503333e-01	3.333015e-12	
415	1.952500e-08	4.503394e-01	4.503333e-01	3.332925e-12	
416	1.957500e-08	4.503394e-01	4.503333e-01	3.332852e-12	
417	1.962500e-08	4.503394e-01	4.503333e-01	3.332761e-12	
418	1.967500e-08	4.503394e-01	4.503333e-01	3.332688e-12	
419	1.972500e-08	4.503394e-01	4.503333e-01	3.332598e-12	
420	1.977500e-08	4.503394e-01	4.503333e-01	3.332525e-12	
421	1.982500e-08	4.503394e-01	4.503332e-01	3.332434e-12	
422	1.987500e-08	4.503393e-01	4.503332e-01	3.332361e-12	
423	1.992500e-08	4.503393e-01	4.503332e-01	3.332271e-12	
424	1.997500e-08	4.503393e-01	4.503332e-01	3.332198e-12	
425	2.002500e-08	4.503393e-01	4.503332e-01	3.332107e-12	
426	2.007500e-08	4.503393e-01	4.503332e-01	3.332034e-12	
427	2.012500e-08	4.503393e-01	4.503332e-01	3.331944e-12	
428	2.017500e-08	4.503393e-01	4.503332e-01	3.331871e-12	
429	2.022500e-08	4.503393e-01	4.503332e-01	3.331781e-12	
430	2.027500e-08	4.503393e-01	4.503332e-01	3.331707e-12	
431	2.032500e-08	4.503393e-01	4.503332e-01	3.331617e-12	
432	2.037500e-08	4.503393e-01	4.503332e-01	3.331544e-12	
433	2.042500e-08	4.503393e-01	4.503331e-01	3.331454e-12	
434	2.047500e-08	4.503392e-01	4.503331e-01	3.331380e-12	
435	2.052500e-08	4.503392e-01	4.503331e-01	3.331290e-12	
436	2.057500e-08	4.503392e-01	4.503331e-01	3.331217e-12	
437	2.062500e-08	4.503392e-01	4.503331e-01	3.331127e-12	
438	2.067500e-08	4.503392e-01	4.503331e-01	3.331053e-12	
439	2.072500e-08	4.503392e-01	4.503331e-01	3.330964e-12	
440	2.077500e-08	4.503392e-01	4.503331e-01	3.330890e-12	
441	2.082500e-08	4.503392e-01	4.503331e-01	3.330800e-12	
442	2.087500e-08	4.503392e-01	4.503331e-01	3.330727e-12	
443	2.092500e-08	4.503392e-01	4.503331e-01	3.330637e-12	
444	2.097500e-08	4.503392e-01	4.503331e-01	3.330563e-12	
445	2.102500e-08	4.503392e-01	4.503330e-01	3.330474e-12	
446	2.107500e-08	4.503391e-01	4.503330e-01	3.330400e-12	
447	2.112500e-08	4.503391e-01	4.503330e-01	3.330310e-12	
448	2.117500e-08	4.503391e-01	4.503330e-01	3.330236e-12	
449	2.122500e-08	4.503391e-01	4.503330e-01	3.330147e-12	
450	2.127500e-08	4.503391e-01	4.503330e-01	3.330073e-12	
451	2.132500e-08	4.503391e-01	4.503330e-01	3.329984e-12	
452	2.137500e-08	4.503391e-01	4.503330e-01	3.329910e-12	
453	2.142500e-08	4.503391e-01	4.503330e-01	3.329820e-12	
454	2.147500e-08	4.503391e-01	4.503330e-01	3.329746e-12	
455	2.152500e-08	4.503391e-01	4.503330e-01	3.329657e-12	
456	2.157500e-08	4.503391e-01	4.503330e-01	3.329583e-12	
457	2.162500e-08	4.503391e-01	4.503329e-01	3.329494e-12	
458	2.167500e-08	4.503390e-01	4.503329e-01	3.329420e-12	
459	2.172500e-08	4.503390e-01	4.503329e-01	3.329330e-12	
460	2.177500e-08	4.503390e-01	4.503329e-01	3.329256e-12	

Index   time            v(cell)         v(bl)           vpre#branch     
--------------------------------------------------------------------------------
461	2.182500e-08	4.503390e-01	4.503329e-01	3.329167e-12	
462	2.187500e-08	4.503390e-01	4.503329e-01	3.329093e-12	
463	2.192500e-08	4.503390e-01	4.503329e-01	3.329004e-12	
464	2.196250e-08	4.503390e-01	4.503329e-01	3.328950e-12	
465	2.200000e-08	4.503390e-01	4.503329e-01	3.328881e-12	
466	2.200500e-08	4.503368e-01	4.468825e-01	-3.11746e-11	
467	2.201500e-08	4.503321e-01	4.406807e-01	-9.31934e-11	
468	2.203500e-08	4.503223e-01	4.298596e-01	-2.01404e-10	
469	2.207500e-08	4.503029e-01	4.080658e-01	-4.19342e-10	
470	2.212500e-08	4.502799e-01	3.794504e-01	-7.05496e-10	
471	2.217500e-08	4.502581e-01	3.498506e-01	-1.00149e-09	
472	2.222500e-08	4.502371e-01	3.199388e-01	-1.30061e-09	
473	2.227500e-08	4.502168e-01	2.901762e-01	-1.59824e-09	
474	2.232500e-08	4.501970e-01	2.608795e-01	-1.89120e-09	
475	2.237500e-08	4.501777e-01	2.322766e-01	-2.17723e-09	
476	2.242500e-08	4.501587e-01	2.045377e-01	-2.45462e-09	
477	2.247500e-08	4.501401e-01	1.777914e-01	-2.72209e-09	
478	2.252500e-08	4.501216e-01	1.521321e-01	-2.97868e-09	
479	2.257500e-08	4.501034e-01	1.276243e-01	-3.22376e-09	
480	2.262500e-08	4.500852e-01	1.043057e-01	-3.45694e-09	
481	2.267500e-08	4.500672e-01	8.216917e-02	-3.67831e-09	
482	2.272500e-08	4.500492e-01	6.121503e-02	-3.88785e-09	
483	2.277500e-08	4.500313e-01	4.144622e-02	-4.08554e-09	
484	2.282500e-08	4.500134e-01	2.282359e-02	-4.27176e-09	
485	2.287500e-08	4.499955e-01	5.299711e-03	-4.44700e-09	
486	2.292500e-08	4.499776e-01	-1.11778e-02	-4.61178e-09	
487	2.296250e-08	4.499642e-01	-2.28797e-02	-4.72880e-09	
488	2.300000e-08	4.499507e-01	-3.40466e-02	-4.84047e-09	
489	2.300500e-08	4.499507e-01	-3.10198e-02	-4.81020e-09	
490	2.301500e-08	4.499507e-01	-2.50043e-02	-4.75004e-09	
491	2.303500e-08	4.499507e-01	-1.31983e-02	-4.63198e-09	
492	2.307500e-08	4.499507e-01	9.542230e-03	-4.40458e-09	
493	2.312500e-08	4.499507e-01	3.640514e-02	-4.13595e-09	
494	2.317500e-08	4.499507e-01	6.162864e-02	-3.88371e-09	
495	2.322500e-08	4.499507e-01	8.531343e-02	-3.64687e-09	
496	2.327500e-08	4.499507e-01	1.075536e-01	-3.42446e-09	
497	2.332500e-08	4.499507e-01	1.284372e-01	-3.21563e-09	
498	2.337500e-08	4.499507e-01	1.480473e-01	-3.01953e-09	
499	2.342500e-08	4.499507e-01	1.664614e-01	-2.83539e-09	
500	2.347500e-08	4.499507e-01	1.837525e-01	-2.66248e-09	
501	2.352500e-08	4.499507e-01	1.999891e-01	-2.50011e-09	
502	2.357500e-08	4.499507e-01	2.152355e-01	-2.34764e-09	
503	2.362500e-08	4.499507e-01	2.295522e-01	-2.20448e-09	
504	2.367500e-08	4.499507e-01	2.429958e-01	-2.07004e-09	
505	2.372500e-08	4.499507e-01	2.556195e-01	-1.94380e-09	
506	2.377500e-08	4.499507e-01	2.674734e-01	-1.82527e-09	
507	2.382500e-08	4.499507e-01	2.786045e-01	-1.71396e-09	
508	2.387500e-08	4.499507e-01	2.890567e-01	-1.60943e-09	
509	2.392500e-08	4.499507e-01	2.988715e-01	-1.51129e-09	
510	2.397500e-08	4.499507e-01	3.080878e-01	-1.41912e-09	
511	2.402500e-08	4.499507e-01	3.167420e-01	-1.33258e-09	
512	2.407500e-08	4.499507e-01	3.248685e-01	-1.25132e-09	
513	2.412500e-08	4.499507e-01	3.324994e-01	-1.17501e-09	
514	2.417500e-08	4.499507e-01	3.396649e-01	-1.10335e-09	
515	2.422500e-08	4.499507e-01	3.463935e-01	-1.03607e-09	
516	2.427500e-08	4.499507e-01	3.527117e-01	-9.72883e-10	
517	2.432500e-08	4.499507e-01	3.586446e-01	-9.13554e-10	
518	2.437500e-08	4.499507e-01	3.642158e-01	-8.57842e-10	

Index   time            v(cell)         v(bl)           vpre#branch     
--------------------------------------------------------------------------------
519	2.442500e-08	4.499507e-01	3.694471e-01	-8.05529e-10	
520	2.447500e-08	4.499507e-01	3.743595e-01	-7.56405e-10	
521	2.452500e-08	4.499507e-01	3.789723e-01	-7.10277e-10	
522	2.457500e-08	4.499507e-01	3.833038e-01	-6.66962e-10	
523	2.462500e-08	4.499507e-01	3.873711e-01	-6.26289e-10	
524	2.467500e-08	4.499507e-01	3.911904e-01	-5.88096e-10	
525	2.472500e-08	4.499507e-01	3.947768e-01	-5.52232e-10	
526	2.477500e-08	4.499507e-01	3.981445e-01	-5.18555e-10	
527	2.482500e-08	4.499507e-01	4.013068e-01	-4.86932e-10	
528	2.487500e-08	4.499507e-01	4.042762e-01	-4.57238e-10	
529	2.492500e-08	4.499507e-01	4.070646e-01	-4.29354e-10	
530	2.497500e-08	4.499507e-01	4.096829e-01	-4.03171e-10	
531	2.502500e-08	4.499507e-01	4.121416e-01	-3.78584e-10	
532	2.507500e-08	4.499507e-01	4.144503e-01	-3.55497e-10	
533	2.512500e-08	4.499507e-01	4.166182e-01	-3.33818e-10	
534	2.517500e-08	4.499507e-01	4.186539e-01	-3.13461e-10	
535	2.522500e-08	4.499507e-01	4.205655e-01	-2.94345e-10	
536	2.527500e-08	4.499507e-01	4.223605e-01	-2.76395e-10	
537	2.532500e-08	4.499507e-01	4.240461e-01	-2.59539e-10	
538	2.537500e-08	4.499507e-01	4.256288e-01	-2.43712e-10	
539	2.542500e-08	4.499507e-01	4.271150e-01	-2.28850e-10	
540	2.547500e-08	4.499507e-01	4.285106e-01	-2.14894e-10	
541	2.552500e-08	4.499507e-01	4.298211e-01	-2.01789e-10	
542	2.557500e-08	4.499507e-01	4.310517e-01	-1.89483e-10	
543	2.562500e-08	4.499507e-01	4.322072e-01	-1.77928e-10	
544	2.567500e-08	4.499507e-01	4.332923e-01	-1.67077e-10	
545	2.572500e-08	4.499507e-01	4.343112e-01	-1.56888e-10	
546	2.577500e-08	4.499507e-01	4.352679e-01	-1.47321e-10	
547	2.582500e-08	4.499507e-01	4.361663e-01	-1.38337e-10	
548	2.587500e-08	4.499507e-01	4.370099e-01	-1.29901e-10	
549	2.592500e-08	4.499507e-01	4.378021e-01	-1.21979e-10	
550	2.597500e-08	4.499507e-01	4.385460e-01	-1.14540e-10	
551	2.602500e-08	4.499507e-01	4.392445e-01	-1.07555e-10	
552	2.607500e-08	4.499507e-01	4.399004e-01	-1.00996e-10	
553	2.612500e-08	4.499507e-01	4.405163e-01	-9.48372e-11	
554	2.617500e-08	4.499507e-01	4.410946e-01	-8.90537e-11	
555	2.622500e-08	4.499507e-01	4.416377e-01	-8.36230e-11	
556	2.627500e-08	4.499507e-01	4.421477e-01	-7.85234e-11	
557	2.632500e-08	4.499507e-01	4.426265e-01	-7.37348e-11	
558	2.637500e-08	4.499507e-01	4.430762e-01	-6.92382e-11	
559	2.642500e-08	4.499507e-01	4.434984e-01	-6.50159e-11	
560	2.647500e-08	4.499507e-01	4.438949e-01	-6.10510e-11	
561	2.652500e-08	4.499507e-01	4.442672e-01	-5.73279e-11	
562	2.657500e-08	4.499507e-01	4.446168e-01	-5.38319e-11	
563	2.662500e-08	4.499507e-01	4.449451e-01	-5.05491e-11	
564	2.667500e-08	4.499507e-01	4.452534e-01	-4.74664e-11	
565	2.672500e-08	4.499507e-01	4.455428e-01	-4.45718e-11	
566	2.677500e-08	4.499507e-01	4.458146e-01	-4.18537e-11	
567	2.682500e-08	4.499507e-01	4.460699e-01	-3.93013e-11	
568	2.687500e-08	4.499507e-01	4.463095e-01	-3.69046e-11	
569	2.692500e-08	4.499507e-01	4.465346e-01	-3.46541e-11	
570	2.697500e-08	4.499507e-01	4.467459e-01	-3.25407e-11	
571	2.702500e-08	4.499507e-01	4.469444e-01	-3.05563e-11	
572	2.707500e-08	4.499507e-01	4.471307e-01	-2.86929e-11	
573	2.712500e-08	4.499507e-01	4.473057e-01	-2.69431e-11	
574	2.717500e-08	4.499507e-01	4.474700e-01	-2.53000e-11	
575	2.722500e-08	4.499507e-01	4.476243e-01	-2.37572e-11	
576	2.727500e-08	4.499507e-01	4.477692e-01	-2.23084e-11	

Index   time            v(cell)         v(bl)           vpre#branch     
--------------------------------------------------------------------------------
577	2.732500e-08	4.499507e-01	4.479052e-01	-2.09480e-11	
578	2.737500e-08	4.499507e-01	4.480330e-01	-1.96705e-11	
579	2.742500e-08	4.499507e-01	4.481529e-01	-1.84709e-11	
580	2.747500e-08	4.499507e-01	4.482655e-01	-1.73445e-11	
581	2.752500e-08	4.499507e-01	4.483713e-01	-1.62868e-11	
582	2.757500e-08	4.499507e-01	4.484706e-01	-1.52936e-11	
583	2.762500e-08	4.499507e-01	4.485639e-01	-1.43609e-11	
584	2.767500e-08	4.499507e-01	4.486515e-01	-1.34852e-11	
585	2.772500e-08	4.499507e-01	4.487337e-01	-1.26628e-11	
586	2.777500e-08	4.499507e-01	4.488109e-01	-1.18906e-11	
587	2.782500e-08	4.499507e-01	4.488835e-01	-1.11655e-11	
588	2.787500e-08	4.499507e-01	4.489515e-01	-1.04845e-11	
589	2.792500e-08	4.499507e-01	4.490155e-01	-9.84517e-12	
590	2.797500e-08	4.499507e-01	4.490755e-01	-9.24478e-12	
591	2.802500e-08	4.499507e-01	4.491319e-01	-8.68101e-12	
592	2.807500e-08	4.499507e-01	4.491848e-01	-8.15161e-12	
593	2.812500e-08	4.499507e-01	4.492345e-01	-7.65450e-12	
594	2.817500e-08	4.499507e-01	4.492812e-01	-7.18771e-12	
595	2.822500e-08	4.499507e-01	4.493251e-01	-6.74938e-12	
596	2.827500e-08	4.499507e-01	4.493662e-01	-6.33778e-12	
597	2.832500e-08	4.499507e-01	4.494049e-01	-5.95129e-12	
598	2.837500e-08	4.499507e-01	4.494412e-01	-5.58836e-12	
599	2.842500e-08	4.499507e-01	4.494752e-01	-5.24756e-12	
600	2.847500e-08	4.499507e-01	4.495072e-01	-4.92755e-12	
601	2.852500e-08	4.499507e-01	4.495373e-01	-4.62705e-12	
602	2.857500e-08	4.499507e-01	4.495655e-01	-4.34488e-12	
603	2.862500e-08	4.499507e-01	4.495920e-01	-4.07992e-12	
604	2.867500e-08	4.499507e-01	4.496169e-01	-3.83111e-12	
605	2.872500e-08	4.499507e-01	4.496403e-01	-3.59748e-12	
606	2.877500e-08	4.499507e-01	4.496622e-01	-3.37810e-12	
607	2.882500e-08	4.499507e-01	4.496828e-01	-3.17209e-12	
608	2.887500e-08	4.499507e-01	4.497021e-01	-2.97865e-12	
609	2.892500e-08	4.499507e-01	4.497203e-01	-2.79700e-12	
610	2.897500e-08	4.499507e-01	4.497374e-01	-2.62643e-12	
611	2.902500e-08	4.499507e-01	4.497534e-01	-2.46626e-12	
612	2.907500e-08	4.499507e-01	4.497684e-01	-2.31586e-12	
613	2.912500e-08	4.499507e-01	4.497825e-01	-2.17463e-12	
614	2.917500e-08	4.499507e-01	4.497958e-01	-2.04202e-12	
615	2.922500e-08	4.499507e-01	4.498083e-01	-1.91749e-12	
616	2.927500e-08	4.499507e-01	4.498199e-01	-1.80056e-12	
617	2.932500e-08	4.499507e-01	4.498309e-01	-1.69075e-12	
618	2.937500e-08	4.499507e-01	4.498412e-01	-1.58765e-12	
619	2.942500e-08	4.499507e-01	4.498509e-01	-1.49083e-12	
620	2.947500e-08	4.499507e-01	4.498600e-01	-1.39991e-12	
621	2.952500e-08	4.499507e-01	4.498685e-01	-1.31454e-12	
622	2.957500e-08	4.499507e-01	4.498766e-01	-1.23438e-12	
623	2.962500e-08	4.499507e-01	4.498841e-01	-1.15910e-12	
624	2.967500e-08	4.499507e-01	4.498912e-01	-1.08841e-12	
625	2.972500e-08	4.499507e-01	4.498978e-01	-1.02204e-12	
626	2.977500e-08	4.499507e-01	4.499040e-01	-9.59712e-13	
627	2.982500e-08	4.499507e-01	4.499099e-01	-9.01186e-13	
628	2.987500e-08	4.499507e-01	4.499154e-01	-8.46229e-13	
629	2.992500e-08	4.499507e-01	4.499205e-01	-7.94624e-13	
630	2.997500e-08	4.499507e-01	4.499254e-01	-7.46165e-13	
631	3.002500e-08	4.499507e-01	4.499299e-01	-7.00662e-13	
632	3.007500e-08	4.499507e-01	4.499342e-01	-6.57933e-13	
633	3.012500e-08	4.499507e-01	4.499382e-01	-6.17811e-13	
634	3.017500e-08	4.499507e-01	4.499420e-01	-5.80135e-13	

Index   time            v(cell)         v(bl)           vpre#branch     
--------------------------------------------------------------------------------
635	3.022500e-08	4.499507e-01	4.499455e-01	-5.44756e-13	
636	3.027500e-08	4.499507e-01	4.499488e-01	-5.11535e-13	
637	3.032500e-08	4.499507e-01	4.499520e-01	-4.80341e-13	
638	3.037500e-08	4.499507e-01	4.499549e-01	-4.51048e-13	
639	3.042500e-08	4.499507e-01	4.499576e-01	-4.23542e-13	
640	3.047500e-08	4.499507e-01	4.499602e-01	-3.97713e-13	
641	3.052500e-08	4.499507e-01	4.499627e-01	-3.73459e-13	
642	3.057500e-08	4.499507e-01	4.499649e-01	-3.50685e-13	
643	3.062500e-08	4.499507e-01	4.499671e-01	-3.29299e-13	
644	3.067500e-08	4.499507e-01	4.499691e-01	-3.09217e-13	
645	3.072500e-08	4.499507e-01	4.499710e-01	-2.90360e-13	
646	3.077500e-08	4.499507e-01	4.499727e-01	-2.72653e-13	
647	3.082500e-08	4.499507e-01	4.499744e-01	-2.56026e-13	
648	3.087500e-08	4.499507e-01	4.499760e-01	-2.40413e-13	
649	3.092500e-08	4.499507e-01	4.499774e-01	-2.25752e-13	
650	3.097500e-08	4.499507e-01	4.499788e-01	-2.11985e-13	
651	3.102500e-08	4.499507e-01	4.499801e-01	-1.99057e-13	
652	3.107500e-08	4.499507e-01	4.499813e-01	-1.86918e-13	
653	3.112500e-08	4.499507e-01	4.499824e-01	-1.75519e-13	
654	3.117500e-08	4.499507e-01	4.499835e-01	-1.64816e-13	
655	3.122500e-08	4.499507e-01	4.499845e-01	-1.54765e-13	
656	3.127500e-08	4.499507e-01	4.499855e-01	-1.45327e-13	
657	3.132500e-08	4.499507e-01	4.499864e-01	-1.36464e-13	
658	3.137500e-08	4.499507e-01	4.499872e-01	-1.28142e-13	
659	3.142500e-08	4.499507e-01	4.499880e-01	-1.20328e-13	
660	3.147500e-08	4.499507e-01	4.499887e-01	-1.12990e-13	
661	3.152500e-08	4.499507e-01	4.499894e-01	-1.06099e-13	
662	3.157500e-08	4.499507e-01	4.499900e-01	-9.96291e-14	
663	3.162500e-08	4.499507e-01	4.499906e-01	-9.35534e-14	
664	3.167500e-08	4.499507e-01	4.499912e-01	-8.78483e-14	
665	3.172500e-08	4.499507e-01	4.499918e-01	-8.24910e-14	
666	3.177500e-08	4.499507e-01	4.499923e-01	-7.74605e-14	
667	3.182500e-08	4.499507e-01	4.499927e-01	-7.27367e-14	
668	3.187500e-08	4.499507e-01	4.499932e-01	-6.83010e-14	
669	3.192500e-08	4.499507e-01	4.499936e-01	-6.41358e-14	
670	3.197500e-08	4.499507e-01	4.499940e-01	-6.02246e-14	
671	3.202500e-08	4.499507e-01	4.499943e-01	-5.65520e-14	
672	3.207500e-08	4.499507e-01	4.499947e-01	-5.31033e-14	
673	3.212500e-08	4.499507e-01	4.499950e-01	-4.98649e-14	
674	3.217500e-08	4.499507e-01	4.499953e-01	-4.68240e-14	
675	3.222500e-08	4.499507e-01	4.499956e-01	-4.39685e-14	
676	3.227500e-08	4.499507e-01	4.499959e-01	-4.12872e-14	
677	3.232500e-08	4.499507e-01	4.499961e-01	-3.87694e-14	
678	3.237500e-08	4.499507e-01	4.499964e-01	-3.64051e-14	
679	3.242500e-08	4.499507e-01	4.499966e-01	-3.41850e-14	
680	3.247500e-08	4.499507e-01	4.499968e-01	-3.21003e-14	
681	3.252500e-08	4.499507e-01	4.499970e-01	-3.01428e-14	
682	3.257500e-08	4.499507e-01	4.499972e-01	-2.83046e-14	
683	3.262500e-08	4.499507e-01	4.499973e-01	-2.65785e-14	
684	3.267500e-08	4.499507e-01	4.499975e-01	-2.49577e-14	
685	3.272500e-08	4.499507e-01	4.499977e-01	-2.34357e-14	
686	3.277500e-08	4.499507e-01	4.499978e-01	-2.20065e-14	
687	3.282500e-08	4.499507e-01	4.499979e-01	-2.06645e-14	
688	3.287500e-08	4.499507e-01	4.499981e-01	-1.94043e-14	
689	3.292500e-08	4.499507e-01	4.499982e-01	-1.82210e-14	
690	3.297500e-08	4.499507e-01	4.499983e-01	-1.71098e-14	
691	3.302500e-08	4.499507e-01	4.499984e-01	-1.60664e-14	
692	3.307500e-08	4.499507e-01	4.499985e-01	-1.50867e-14	

Index   time            v(cell)         v(bl)           vpre#branch     
--------------------------------------------------------------------------------
693	3.312500e-08	4.499507e-01	4.499986e-01	-1.41666e-14	
694	3.317500e-08	4.499507e-01	4.499987e-01	-1.33027e-14	
695	3.322500e-08	4.499507e-01	4.499988e-01	-1.24915e-14	
696	3.327500e-08	4.499507e-01	4.499988e-01	-1.17297e-14	
697	3.332500e-08	4.499507e-01	4.499989e-01	-1.10144e-14	
698	3.337500e-08	4.499507e-01	4.499990e-01	-1.03428e-14	
699	3.342500e-08	4.499507e-01	4.499990e-01	-9.71203e-15	
700	3.347500e-08	4.499507e-01	4.499991e-01	-9.11977e-15	
701	3.352500e-08	4.499507e-01	4.499991e-01	-8.56363e-15	
702	3.357500e-08	4.499507e-01	4.499992e-01	-8.04140e-15	
703	3.362500e-08	4.499507e-01	4.499992e-01	-7.55102e-15	
704	3.367500e-08	4.499507e-01	4.499993e-01	-7.09054e-15	
705	3.372500e-08	4.499507e-01	4.499993e-01	-6.65815e-15	
706	3.377500e-08	4.499507e-01	4.499994e-01	-6.25213e-15	
707	3.382500e-08	4.499507e-01	4.499994e-01	-5.87086e-15	
708	3.387500e-08	4.499507e-01	4.499994e-01	-5.51285e-15	
709	3.392500e-08	4.499507e-01	4.499995e-01	-5.17667e-15	
710	3.397500e-08	4.499507e-01	4.499995e-01	-4.86099e-15	
711	3.402500e-08	4.499507e-01	4.499995e-01	-4.56456e-15	
712	3.407500e-08	4.499507e-01	4.499996e-01	-4.28620e-15	
713	3.412500e-08	4.499507e-01	4.499996e-01	-4.02483e-15	
714	3.417500e-08	4.499507e-01	4.499996e-01	-3.77939e-15	
715	3.422500e-08	4.499507e-01	4.499996e-01	-3.54892e-15	
716	3.427500e-08	4.499507e-01	4.499997e-01	-3.33251e-15	
717	3.432500e-08	4.499507e-01	4.499997e-01	-3.12929e-15	
718	3.437500e-08	4.499507e-01	4.499997e-01	-2.93847e-15	
719	3.442500e-08	4.499507e-01	4.499997e-01	-2.75928e-15	
720	3.447500e-08	4.499507e-01	4.499997e-01	-2.59102e-15	
721	3.452500e-08	4.499507e-01	4.499998e-01	-2.43302e-15	
722	3.457500e-08	4.499507e-01	4.499998e-01	-2.28465e-15	
723	3.462500e-08	4.499507e-01	4.499998e-01	-2.14534e-15	
724	3.467500e-08	4.499507e-01	4.499998e-01	-2.01452e-15	
725	3.472500e-08	4.499507e-01	4.499998e-01	-1.89167e-15	
726	3.477500e-08	4.499507e-01	4.499998e-01	-1.77632e-15	
727	3.482500e-08	4.499507e-01	4.499998e-01	-1.66801e-15	
728	3.487500e-08	4.499507e-01	4.499998e-01	-1.56630e-15	
729	3.492500e-08	4.499507e-01	4.499999e-01	-1.47079e-15	
730	3.497500e-08	4.499507e-01	4.499999e-01	-1.38110e-15	
731	3.502500e-08	4.499507e-01	4.499999e-01	-1.29689e-15	
732	3.507500e-08	4.499507e-01	4.499999e-01	-1.21781e-15	
733	3.512500e-08	4.499507e-01	4.499999e-01	-1.14355e-15	
734	3.517500e-08	4.499507e-01	4.499999e-01	-1.07382e-15	
735	3.522500e-08	4.499507e-01	4.499999e-01	-1.00835e-15	
736	3.527500e-08	4.499507e-01	4.499999e-01	-9.46864e-16	
737	3.532500e-08	4.499507e-01	4.499999e-01	-8.89131e-16	
738	3.537500e-08	4.499507e-01	4.499999e-01	-8.34917e-16	
739	3.542500e-08	4.499507e-01	4.499999e-01	-7.84010e-16	
740	3.547500e-08	4.499507e-01	4.499999e-01	-7.36208e-16	
741	3.552500e-08	4.499507e-01	4.499999e-01	-6.91320e-16	
742	3.557500e-08	4.499507e-01	4.499999e-01	-6.49170e-16	
743	3.562500e-08	4.499507e-01	4.499999e-01	-6.09590e-16	
744	3.567500e-08	4.499507e-01	4.499999e-01	-5.72424e-16	
745	3.572500e-08	4.499507e-01	4.499999e-01	-5.37525e-16	
746	3.577500e-08	4.499507e-01	4.499999e-01	-5.04754e-16	
747	3.582500e-08	4.499507e-01	4.500000e-01	-4.73981e-16	
748	3.587500e-08	4.499507e-01	4.500000e-01	-4.45086e-16	
749	3.592500e-08	4.499507e-01	4.500000e-01	-4.17952e-16	
750	3.597500e-08	4.499507e-01	4.500000e-01	-3.92472e-16	

Index   time            v(cell)         v(bl)           vpre#branch     
--------------------------------------------------------------------------------
751	3.602500e-08	4.499507e-01	4.500000e-01	-3.68547e-16	
752	3.607500e-08	4.499507e-01	4.500000e-01	-3.46081e-16	
753	3.612500e-08	4.499507e-01	4.500000e-01	-3.24985e-16	
754	3.617500e-08	4.499507e-01	4.500000e-01	-3.05175e-16	
755	3.622500e-08	4.499507e-01	4.500000e-01	-2.86573e-16	
756	3.627500e-08	4.499507e-01	4.500000e-01	-2.69106e-16	
757	3.632500e-08	4.499507e-01	4.500000e-01	-2.52704e-16	
758	3.637500e-08	4.499507e-01	4.500000e-01	-2.37302e-16	
759	3.642500e-08	4.499507e-01	4.500000e-01	-2.22839e-16	
760	3.647500e-08	4.499507e-01	4.500000e-01	-2.09258e-16	
761	3.652500e-08	4.499507e-01	4.500000e-01	-1.96506e-16	
762	3.657500e-08	4.499507e-01	4.500000e-01	-1.84531e-16	
763	3.662500e-08	4.499507e-01	4.500000e-01	-1.73286e-16	
764	3.667500e-08	4.499507e-01	4.500000e-01	-1.62728e-16	
765	3.672500e-08	4.499507e-01	4.500000e-01	-1.52813e-16	
766	3.677500e-08	4.499507e-01	4.500000e-01	-1.43503e-16	
767	3.682500e-08	4.499507e-01	4.500000e-01	-1.34760e-16	
768	3.687500e-08	4.499507e-01	4.500000e-01	-1.26551e-16	
769	3.692500e-08	4.499507e-01	4.500000e-01	-1.18842e-16	
770	3.697500e-08	4.499507e-01	4.500000e-01	-1.11603e-16	
771	3.702500e-08	4.499507e-01	4.500000e-01	-1.04806e-16	
772	3.707500e-08	4.499507e-01	4.500000e-01	-9.84234e-17	
773	3.712500e-08	4.499507e-01	4.500000e-01	-9.24304e-17	
774	3.717500e-08	4.499507e-01	4.500000e-01	-8.68028e-17	
775	3.722500e-08	4.499507e-01	4.500000e-01	-8.15179e-17	
776	3.727500e-08	4.499507e-01	4.500000e-01	-7.65554e-17	
777	3.732500e-08	4.499507e-01	4.500000e-01	-7.18955e-17	
778	3.737500e-08	4.499507e-01	4.500000e-01	-6.75198e-17	
779	3.742500e-08	4.499507e-01	4.500000e-01	-6.34113e-17	
780	3.747500e-08	4.499507e-01	4.500000e-01	-5.95533e-17	
781	3.752500e-08	4.499507e-01	4.500000e-01	-5.59303e-17	
782	3.757500e-08	4.499507e-01	4.500000e-01	-5.25281e-17	
783	3.762500e-08	4.499507e-01	4.500000e-01	-4.93335e-17	
784	3.767500e-08	4.499507e-01	4.500000e-01	-4.63337e-17	
785	3.772500e-08	4.499507e-01	4.500000e-01	-4.35172e-17	
786	3.777500e-08	4.499507e-01	4.500000e-01	-4.08729e-17	
787	3.782500e-08	4.499507e-01	4.500000e-01	-3.83894e-17	
788	3.787500e-08	4.499507e-01	4.500000e-01	-3.60570e-17	
789	3.792500e-08	4.499507e-01	4.500000e-01	-3.38668e-17	
790	3.797500e-08	4.499507e-01	4.500000e-01	-3.18102e-17	
791	3.802500e-08	4.499507e-01	4.500000e-01	-2.98791e-17	
792	3.807500e-08	4.499507e-01	4.500000e-01	-2.80657e-17	
793	3.812500e-08	4.499507e-01	4.500000e-01	-2.63630e-17	
794	3.817500e-08	4.499507e-01	4.500000e-01	-2.47640e-17	
795	3.822500e-08	4.499507e-01	4.500000e-01	-2.32626e-17	
796	3.827500e-08	4.499507e-01	4.500000e-01	-2.18527e-17	
797	3.832500e-08	4.499507e-01	4.500000e-01	-2.05288e-17	
798	3.837500e-08	4.499507e-01	4.500000e-01	-1.92857e-17	
799	3.842500e-08	4.499507e-01	4.500000e-01	-1.81183e-17	
800	3.847500e-08	4.499507e-01	4.500000e-01	-1.70221e-17	
801	3.852500e-08	4.499507e-01	4.500000e-01	-1.59928e-17	
802	3.857500e-08	4.499507e-01	4.500000e-01	-1.50267e-17	
803	3.862500e-08	4.499507e-01	4.500000e-01	-1.41195e-17	
804	3.867500e-08	4.499507e-01	4.500000e-01	-1.32672e-17	
805	3.872500e-08	4.499507e-01	4.500000e-01	-1.24673e-17	
806	3.877500e-08	4.499507e-01	4.500000e-01	-1.17162e-17	
807	3.882500e-08	4.499507e-01	4.500000e-01	-1.10104e-17	
808	3.887500e-08	4.499507e-01	4.500000e-01	-1.03477e-17	

Index   time            v(cell)         v(bl)           vpre#branch     
--------------------------------------------------------------------------------
809	3.892500e-08	4.499507e-01	4.500000e-01	-9.72543e-18	
810	3.897500e-08	4.499507e-01	4.500000e-01	-9.14151e-18	
811	3.902500e-08	4.499507e-01	4.500000e-01	-8.59319e-18	
812	3.907500e-08	4.499507e-01	4.500000e-01	-8.07832e-18	
813	3.912500e-08	4.499507e-01	4.500000e-01	-7.59525e-18	
814	3.917500e-08	4.499507e-01	4.500000e-01	-7.14123e-18	
815	3.922500e-08	4.499507e-01	4.500000e-01	-6.71449e-18	
816	3.927500e-08	4.499507e-01	4.500000e-01	-6.31377e-18	
817	3.932500e-08	4.499507e-01	4.500000e-01	-5.93790e-18	
818	3.937500e-08	4.499507e-01	4.500000e-01	-5.58495e-18	
819	3.942500e-08	4.499507e-01	4.500000e-01	-5.25311e-18	
820	3.947500e-08	4.499507e-01	4.500000e-01	-4.94151e-18	
821	3.952500e-08	4.499507e-01	4.500000e-01	-4.64891e-18	
822	3.957500e-08	4.499507e-01	4.500000e-01	-4.37415e-18	
823	3.962500e-08	4.499507e-01	4.500000e-01	-4.11615e-18	
824	3.967500e-08	4.499507e-01	4.500000e-01	-3.87389e-18	
825	3.972500e-08	4.499507e-01	4.500000e-01	-3.64639e-18	
826	3.977500e-08	4.499507e-01	4.500000e-01	-3.43278e-18	
827	3.982500e-08	4.499507e-01	4.500000e-01	-3.23219e-18	
828	3.987500e-08	4.499507e-01	4.500000e-01	-3.04383e-18	
829	3.992500e-08	4.499507e-01	4.500000e-01	-2.86737e-18	
830	3.996250e-08	4.499507e-01	4.500000e-01	-2.74225e-18	
831	4.000000e-08	4.499507e-01	4.500000e-01	-2.62251e-18	


Total analysis time (seconds) = 0.318716

Total elapsed time (seconds) = 0.332 

Total DRAM available = 386307.215 MB.
DRAM currently available = 21617.414 MB.
Maximum ngspice program size =  529.723 MB.
Current ngspice program size =   14.121 MB.

Shared ngspice pages =   12.293 MB.
Text (code) pages =    6.266 MB.
Stack = 0 bytes.
Library pages =   59.141 MB.

