
Note: No compatibility mode selected!


Circuit: * mini-array n=8 layout

Doing analysis at TEMP = 27.000000 and TNOM = 27.000000

Using SPARSE 1.3 as Direct Linear Solver

Initial Transient Solution
--------------------------

Node                                   Voltage
----                                   -------
pre                                      0.495
bl0                                      0.495
s                                            0
bltap0                                   0.495
wl0                                          0
bl1                                      0.495
bltap1                                   0.495
wl1                                          0
bl2                                      0.495
bltap2                                   0.495
wl2                                          0
bl3                                      0.495
bltap3                                   0.495
wl3                                          0
bl4                                      0.495
bltap4                                   0.495
wl4                                          0
bl5                                      0.495
bltap5                                   0.495
wl5                                          0
bl6                                      0.495
bltap6                                   0.495
wl6                                          0
bl7                                      0.495
bltap7                                   0.495
wl7                                          0
plate0                                       0
cell0                                        0
plate1                                   0.495
cell1                                 0.494998
plate2                                   0.495
cell2                                 0.494998
plate3                                   0.495
cell3                                 0.494998
plate4                                   0.495
cell4                                 0.494998
plate5                                   0.495
cell5                                 0.494998
plate6                                   0.495
cell6                                 0.494998
plate7                                   0.495
cell7                                 0.494998
vplate7#branch                               0
vwl7#branch                                  0
vplate6#branch                               0
vwl6#branch                                  0
vplate5#branch                               0
vwl5#branch                                  0
vplate4#branch                               0
vwl4#branch                                  0
vplate3#branch                               0
vwl3#branch                                  0
vplate2#branch                               0
vwl2#branch                                  0
vplate1#branch                               0
vwl1#branch                                  0
vplate0#branch                               0
vwl0#branch                                  0
vs#branch                                    0
vpre#branch                                  0


No. of Data Rows : 514

  Measurements for Transient Analysis

t_bl_settle         =  3.16564e-09
i_bl_leak           =  -2.94369e-10 from=  1.50000e-08 to=  2.50000e-08

                            * mini-array n=8 layout
                            Transient Analysis  Tue Jun 23 23:47:06  2026
--------------------------------------------------------------------------------
Index   time            v(bl0)          v(bl7)          vpre#branch     
--------------------------------------------------------------------------------
0	0.000000e+00	4.950000e-01	4.950000e-01	0.000000e+00	
1	5.000000e-13	4.950000e-01	4.950000e-01	-6.76386e-21	
2	1.000000e-12	4.950000e-01	4.950000e-01	-1.18121e-20	
3	2.000000e-12	4.950000e-01	4.950000e-01	-2.02155e-20	
4	4.000000e-12	4.950000e-01	4.950000e-01	-3.26753e-20	
5	8.000000e-12	4.950000e-01	4.950000e-01	-5.50547e-20	
6	1.600000e-11	4.950000e-01	4.950000e-01	-9.96198e-20	
7	3.200000e-11	4.950000e-01	4.950000e-01	-1.88816e-19	
8	6.400000e-11	4.950000e-01	4.950000e-01	-3.67130e-19	
9	1.140000e-10	4.950000e-01	4.950000e-01	-6.45729e-19	
10	1.640000e-10	4.950000e-01	4.950000e-01	-9.23760e-19	
11	2.140000e-10	4.950000e-01	4.950000e-01	-1.20189e-18	
12	2.640000e-10	4.950000e-01	4.950000e-01	-1.47992e-18	
13	3.140000e-10	4.950000e-01	4.950000e-01	-1.75805e-18	
14	3.640000e-10	4.950000e-01	4.950000e-01	-2.03608e-18	
15	4.140000e-10	4.950000e-01	4.950000e-01	-2.31421e-18	
16	4.640000e-10	4.950000e-01	4.950000e-01	-2.59224e-18	
17	5.140000e-10	4.950000e-01	4.950000e-01	-2.87036e-18	
18	5.640000e-10	4.950000e-01	4.950000e-01	-3.14839e-18	
19	6.140000e-10	4.950000e-01	4.950000e-01	-3.42651e-18	
20	6.640000e-10	4.950000e-01	4.950000e-01	-3.70455e-18	
21	7.140000e-10	4.950000e-01	4.950000e-01	-3.98266e-18	
22	7.640000e-10	4.950000e-01	4.950000e-01	-4.26070e-18	
23	8.140000e-10	4.950000e-01	4.950000e-01	-4.53881e-18	
24	8.640000e-10	4.950000e-01	4.950000e-01	-4.81684e-18	
25	9.140000e-10	4.950000e-01	4.950000e-01	-5.09495e-18	
26	9.570000e-10	4.950000e-01	4.950000e-01	-5.33422e-18	
27	1.000000e-09	4.950000e-01	4.950000e-01	-5.57373e-18	
28	1.005000e-09	4.950606e-01	4.950344e-01	6.057496e-13	
29	1.015000e-09	4.951570e-01	4.951219e-01	1.569674e-12	
30	1.035000e-09	4.953378e-01	4.953091e-01	3.377861e-12	
31	1.075000e-09	4.957085e-01	4.956744e-01	7.085367e-12	
32	1.125000e-09	4.961661e-01	4.961368e-01	1.166052e-11	
33	1.175000e-09	4.966284e-01	4.965946e-01	1.628379e-11	
34	1.225000e-09	4.970863e-01	4.970567e-01	2.086252e-11	
35	1.275000e-09	4.975482e-01	4.975148e-01	2.548226e-11	
36	1.325000e-09	4.980064e-01	4.979765e-01	3.006353e-11	
37	1.375000e-09	4.984679e-01	4.984348e-01	3.467859e-11	
38	1.425000e-09	4.989256e-01	4.988956e-01	3.925630e-11	
39	1.475000e-09	4.993849e-01	4.993522e-01	4.384881e-11	
40	1.525000e-09	4.998367e-01	4.998070e-01	4.836724e-11	
41	1.575000e-09	5.002789e-01	5.002480e-01	5.278888e-11	
42	1.625000e-09	5.006918e-01	5.006655e-01	5.691834e-11	
43	1.675000e-09	5.010615e-01	5.010369e-01	6.061490e-11	
44	1.725000e-09	5.013671e-01	5.013490e-01	6.367082e-11	
45	1.775000e-09	5.016014e-01	5.015869e-01	6.601414e-11	
46	1.825000e-09	5.017541e-01	5.017468e-01	6.754101e-11	
47	1.875000e-09	5.018249e-01	5.018220e-01	6.824863e-11	
48	1.925000e-09	5.018087e-01	5.018130e-01	6.808670e-11	
49	1.962500e-09	5.017413e-01	5.017488e-01	6.741296e-11	
50	2.000000e-09	5.016242e-01	5.016373e-01	6.624244e-11	
51	2.005000e-09	5.015456e-01	5.015844e-01	6.545603e-11	
52	2.015000e-09	5.014131e-01	5.014605e-01	6.413077e-11	
53	2.035000e-09	5.011617e-01	5.012024e-01	6.161720e-11	
54	2.075000e-09	5.006573e-01	5.007026e-01	5.657341e-11	

Index   time            v(bl0)          v(bl7)          vpre#branch     
--------------------------------------------------------------------------------
55	2.125000e-09	5.000462e-01	5.000855e-01	5.046220e-11	
56	2.175000e-09	4.994449e-01	4.994878e-01	4.444945e-11	
57	2.225000e-09	4.988623e-01	4.989000e-01	3.862255e-11	
58	2.275000e-09	4.982893e-01	4.983299e-01	3.289281e-11	
59	2.325000e-09	4.977335e-01	4.977697e-01	2.733465e-11	
60	2.375000e-09	4.971872e-01	4.972257e-01	2.187189e-11	
61	2.425000e-09	4.966568e-01	4.966915e-01	1.656791e-11	
62	2.475000e-09	4.961357e-01	4.961723e-01	1.135712e-11	
63	2.525000e-09	4.956294e-01	4.956626e-01	6.293556e-12	
64	2.575000e-09	4.951321e-01	4.951669e-01	1.320686e-12	
65	2.625000e-09	4.946485e-01	4.946804e-01	-3.51539e-12	
66	2.675000e-09	4.941736e-01	4.942068e-01	-8.26352e-12	
67	2.725000e-09	4.937116e-01	4.937422e-01	-1.28843e-11	
68	2.775000e-09	4.932580e-01	4.932895e-01	-1.74200e-11	
69	2.825000e-09	4.928163e-01	4.928456e-01	-2.18370e-11	
70	2.875000e-09	4.923828e-01	4.924129e-01	-2.61720e-11	
71	2.925000e-09	4.919604e-01	4.919885e-01	-3.03960e-11	
72	2.975000e-09	4.915459e-01	4.915746e-01	-3.45410e-11	
73	3.025000e-09	4.911418e-01	4.911688e-01	-3.85822e-11	
74	3.075000e-09	4.907453e-01	4.907726e-01	-4.25475e-11	
75	3.125000e-09	4.903584e-01	4.903843e-01	-4.64155e-11	
76	3.175000e-09	4.899789e-01	4.900051e-01	-5.02107e-11	
77	3.225000e-09	4.896085e-01	4.896334e-01	-5.39146e-11	
78	3.275000e-09	4.892451e-01	4.892701e-01	-5.75487e-11	
79	3.325000e-09	4.888903e-01	4.889141e-01	-6.10970e-11	
80	3.375000e-09	4.885422e-01	4.885661e-01	-6.45785e-11	
81	3.425000e-09	4.882021e-01	4.882249e-01	-6.79793e-11	
82	3.475000e-09	4.878684e-01	4.878913e-01	-7.13161e-11	
83	3.525000e-09	4.875423e-01	4.875643e-01	-7.45770e-11	
84	3.575000e-09	4.872223e-01	4.872443e-01	-7.77766e-11	
85	3.625000e-09	4.869095e-01	4.869306e-01	-8.09047e-11	
86	3.675000e-09	4.866026e-01	4.866236e-01	-8.39743e-11	
87	3.725000e-09	4.863024e-01	4.863226e-01	-8.69764e-11	
88	3.775000e-09	4.860077e-01	4.860279e-01	-8.99226e-11	
89	3.825000e-09	4.857195e-01	4.857390e-01	-9.28049e-11	
90	3.875000e-09	4.854366e-01	4.854560e-01	-9.56340e-11	
91	3.925000e-09	4.851597e-01	4.851785e-01	-9.84027e-11	
92	3.975000e-09	4.848879e-01	4.849065e-01	-1.01121e-10	
93	4.025000e-09	4.846219e-01	4.846399e-01	-1.03781e-10	
94	4.075000e-09	4.843607e-01	4.843785e-01	-1.06393e-10	
95	4.125000e-09	4.841048e-01	4.841222e-01	-1.08952e-10	
96	4.175000e-09	4.838537e-01	4.838708e-01	-1.11463e-10	
97	4.225000e-09	4.836076e-01	4.836243e-01	-1.13924e-10	
98	4.275000e-09	4.833660e-01	4.833825e-01	-1.16340e-10	
99	4.325000e-09	4.831292e-01	4.831453e-01	-1.18708e-10	
100	4.375000e-09	4.828966e-01	4.829125e-01	-1.21034e-10	
101	4.425000e-09	4.826687e-01	4.826842e-01	-1.23313e-10	
102	4.475000e-09	4.824448e-01	4.824600e-01	-1.25552e-10	
103	4.525000e-09	4.822252e-01	4.822401e-01	-1.27748e-10	
104	4.575000e-09	4.820095e-01	4.820242e-01	-1.29905e-10	
105	4.625000e-09	4.817980e-01	4.818123e-01	-1.32020e-10	
106	4.675000e-09	4.815901e-01	4.816043e-01	-1.34099e-10	
107	4.725000e-09	4.813862e-01	4.814000e-01	-1.36138e-10	
108	4.775000e-09	4.811857e-01	4.811994e-01	-1.38143e-10	
109	4.825000e-09	4.809890e-01	4.810024e-01	-1.40110e-10	
110	4.875000e-09	4.807957e-01	4.808089e-01	-1.42043e-10	
111	4.925000e-09	4.806059e-01	4.806188e-01	-1.43941e-10	
112	4.975000e-09	4.804194e-01	4.804321e-01	-1.45806e-10	

Index   time            v(bl0)          v(bl7)          vpre#branch     
--------------------------------------------------------------------------------
113	5.025000e-09	4.802362e-01	4.802487e-01	-1.47638e-10	
114	5.075000e-09	4.800561e-01	4.800684e-01	-1.49439e-10	
115	5.125000e-09	4.798792e-01	4.798912e-01	-1.51208e-10	
116	5.175000e-09	4.797052e-01	4.797171e-01	-1.52948e-10	
117	5.225000e-09	4.795344e-01	4.795460e-01	-1.54656e-10	
118	5.275000e-09	4.793663e-01	4.793777e-01	-1.56337e-10	
119	5.325000e-09	4.792011e-01	4.792124e-01	-1.57989e-10	
120	5.375000e-09	4.790386e-01	4.790497e-01	-1.59614e-10	
121	5.425000e-09	4.788789e-01	4.788898e-01	-1.61211e-10	
122	5.475000e-09	4.787218e-01	4.787325e-01	-1.62782e-10	
123	5.525000e-09	4.785673e-01	4.785779e-01	-1.64327e-10	
124	5.575000e-09	4.784153e-01	4.784257e-01	-1.65847e-10	
125	5.625000e-09	4.782658e-01	4.782760e-01	-1.67342e-10	
126	5.675000e-09	4.781187e-01	4.781287e-01	-1.68813e-10	
127	5.725000e-09	4.779740e-01	4.779838e-01	-1.70260e-10	
128	5.775000e-09	4.778315e-01	4.778412e-01	-1.71685e-10	
129	5.825000e-09	4.776914e-01	4.777009e-01	-1.73086e-10	
130	5.875000e-09	4.775533e-01	4.775627e-01	-1.74467e-10	
131	5.925000e-09	4.774176e-01	4.774268e-01	-1.75824e-10	
132	5.975000e-09	4.772838e-01	4.772929e-01	-1.77162e-10	
133	6.025000e-09	4.771522e-01	4.771612e-01	-1.78478e-10	
134	6.075000e-09	4.770225e-01	4.770314e-01	-1.79775e-10	
135	6.125000e-09	4.768949e-01	4.769036e-01	-1.81051e-10	
136	6.175000e-09	4.767692e-01	4.767777e-01	-1.82308e-10	
137	6.225000e-09	4.766454e-01	4.766538e-01	-1.83546e-10	
138	6.275000e-09	4.765234e-01	4.765317e-01	-1.84766e-10	
139	6.325000e-09	4.764033e-01	4.764114e-01	-1.85967e-10	
140	6.375000e-09	4.762848e-01	4.762929e-01	-1.87152e-10	
141	6.425000e-09	4.761682e-01	4.761762e-01	-1.88318e-10	
142	6.475000e-09	4.760533e-01	4.760611e-01	-1.89467e-10	
143	6.525000e-09	4.759400e-01	4.759477e-01	-1.90600e-10	
144	6.575000e-09	4.758283e-01	4.758360e-01	-1.91717e-10	
145	6.625000e-09	4.757183e-01	4.757258e-01	-1.92817e-10	
146	6.675000e-09	4.756098e-01	4.756172e-01	-1.93902e-10	
147	6.725000e-09	4.755029e-01	4.755102e-01	-1.94971e-10	
148	6.775000e-09	4.753974e-01	4.754046e-01	-1.96026e-10	
149	6.825000e-09	4.752935e-01	4.753006e-01	-1.97065e-10	
150	6.875000e-09	4.751909e-01	4.751979e-01	-1.98091e-10	
151	6.925000e-09	4.750898e-01	4.750967e-01	-1.99102e-10	
152	6.975000e-09	4.749901e-01	4.749969e-01	-2.00099e-10	
153	7.025000e-09	4.748917e-01	4.748984e-01	-2.01083e-10	
154	7.075000e-09	4.747946e-01	4.748013e-01	-2.02054e-10	
155	7.125000e-09	4.746989e-01	4.747054e-01	-2.03011e-10	
156	7.175000e-09	4.746044e-01	4.746109e-01	-2.03956e-10	
157	7.225000e-09	4.745112e-01	4.745176e-01	-2.04888e-10	
158	7.275000e-09	4.744192e-01	4.744255e-01	-2.05808e-10	
159	7.325000e-09	4.743285e-01	4.743347e-01	-2.06715e-10	
160	7.375000e-09	4.742388e-01	4.742450e-01	-2.07612e-10	
161	7.425000e-09	4.741504e-01	4.741565e-01	-2.08496e-10	
162	7.475000e-09	4.740631e-01	4.740691e-01	-2.09369e-10	
163	7.525000e-09	4.739769e-01	4.739828e-01	-2.10231e-10	
164	7.575000e-09	4.738918e-01	4.738976e-01	-2.11082e-10	
165	7.625000e-09	4.738078e-01	4.738135e-01	-2.11922e-10	
166	7.675000e-09	4.737248e-01	4.737305e-01	-2.12752e-10	
167	7.725000e-09	4.736429e-01	4.736485e-01	-2.13571e-10	
168	7.775000e-09	4.735619e-01	4.735675e-01	-2.14381e-10	
169	7.825000e-09	4.734820e-01	4.734875e-01	-2.15180e-10	
170	7.875000e-09	4.734030e-01	4.734084e-01	-2.15970e-10	

Index   time            v(bl0)          v(bl7)          vpre#branch     
--------------------------------------------------------------------------------
171	7.925000e-09	4.733251e-01	4.733304e-01	-2.16749e-10	
172	7.975000e-09	4.732480e-01	4.732532e-01	-2.17520e-10	
173	8.025000e-09	4.731719e-01	4.731771e-01	-2.18281e-10	
174	8.075000e-09	4.730966e-01	4.731018e-01	-2.19034e-10	
175	8.125000e-09	4.730223e-01	4.730274e-01	-2.19777e-10	
176	8.175000e-09	4.729488e-01	4.729538e-01	-2.20512e-10	
177	8.225000e-09	4.728762e-01	4.728812e-01	-2.21238e-10	
178	8.275000e-09	4.728045e-01	4.728094e-01	-2.21955e-10	
179	8.325000e-09	4.727336e-01	4.727384e-01	-2.22664e-10	
180	8.375000e-09	4.726634e-01	4.726682e-01	-2.23366e-10	
181	8.425000e-09	4.725941e-01	4.725989e-01	-2.24059e-10	
182	8.475000e-09	4.725256e-01	4.725303e-01	-2.24744e-10	
183	8.525000e-09	4.724578e-01	4.724625e-01	-2.25422e-10	
184	8.575000e-09	4.723908e-01	4.723954e-01	-2.26092e-10	
185	8.625000e-09	4.723246e-01	4.723291e-01	-2.26754e-10	
186	8.675000e-09	4.722590e-01	4.722635e-01	-2.27410e-10	
187	8.725000e-09	4.721943e-01	4.721987e-01	-2.28057e-10	
188	8.775000e-09	4.721301e-01	4.721345e-01	-2.28699e-10	
189	8.825000e-09	4.720668e-01	4.720711e-01	-2.29332e-10	
190	8.875000e-09	4.720040e-01	4.720083e-01	-2.29960e-10	
191	8.925000e-09	4.719420e-01	4.719462e-01	-2.30580e-10	
192	8.975000e-09	4.718806e-01	4.718848e-01	-2.31194e-10	
193	9.025000e-09	4.718199e-01	4.718240e-01	-2.31801e-10	
194	9.075000e-09	4.717598e-01	4.717639e-01	-2.32402e-10	
195	9.125000e-09	4.717004e-01	4.717044e-01	-2.32996e-10	
196	9.175000e-09	4.716415e-01	4.716455e-01	-2.33585e-10	
197	9.225000e-09	4.715833e-01	4.715873e-01	-2.34167e-10	
198	9.275000e-09	4.715256e-01	4.715296e-01	-2.34744e-10	
199	9.325000e-09	4.714686e-01	4.714725e-01	-2.35314e-10	
200	9.375000e-09	4.714121e-01	4.714160e-01	-2.35879e-10	
201	9.425000e-09	4.713562e-01	4.713601e-01	-2.36438e-10	
202	9.475000e-09	4.713009e-01	4.713047e-01	-2.36991e-10	
203	9.525000e-09	4.712461e-01	4.712499e-01	-2.37539e-10	
204	9.575000e-09	4.711919e-01	4.711956e-01	-2.38081e-10	
205	9.625000e-09	4.711382e-01	4.711419e-01	-2.38618e-10	
206	9.675000e-09	4.710850e-01	4.710886e-01	-2.39150e-10	
207	9.725000e-09	4.710324e-01	4.710360e-01	-2.39676e-10	
208	9.775000e-09	4.709802e-01	4.709838e-01	-2.40198e-10	
209	9.825000e-09	4.709286e-01	4.709321e-01	-2.40714e-10	
210	9.875000e-09	4.708774e-01	4.708809e-01	-2.41226e-10	
211	9.925000e-09	4.708268e-01	4.708302e-01	-2.41732e-10	
212	9.975000e-09	4.707766e-01	4.707800e-01	-2.42234e-10	
213	1.002500e-08	4.707269e-01	4.707303e-01	-2.42731e-10	
214	1.007500e-08	4.706776e-01	4.706810e-01	-2.43224e-10	
215	1.012500e-08	4.706289e-01	4.706322e-01	-2.43711e-10	
216	1.017500e-08	4.705805e-01	4.705838e-01	-2.44195e-10	
217	1.022500e-08	4.705326e-01	4.705359e-01	-2.44674e-10	
218	1.027500e-08	4.704852e-01	4.704884e-01	-2.45148e-10	
219	1.032500e-08	4.704382e-01	4.704414e-01	-2.45618e-10	
220	1.037500e-08	4.703916e-01	4.703948e-01	-2.46084e-10	
221	1.042500e-08	4.703454e-01	4.703486e-01	-2.46546e-10	
222	1.047500e-08	4.702996e-01	4.703028e-01	-2.47004e-10	
223	1.052500e-08	4.702543e-01	4.702574e-01	-2.47457e-10	
224	1.057500e-08	4.702093e-01	4.702124e-01	-2.47907e-10	
225	1.062500e-08	4.701648e-01	4.701678e-01	-2.48352e-10	
226	1.067500e-08	4.701206e-01	4.701236e-01	-2.48794e-10	
227	1.072500e-08	4.700768e-01	4.700798e-01	-2.49232e-10	
228	1.077500e-08	4.700334e-01	4.700364e-01	-2.49666e-10	

Index   time            v(bl0)          v(bl7)          vpre#branch     
--------------------------------------------------------------------------------
229	1.082500e-08	4.699904e-01	4.699933e-01	-2.50096e-10	
230	1.087500e-08	4.699477e-01	4.699506e-01	-2.50523e-10	
231	1.092500e-08	4.699054e-01	4.699083e-01	-2.50946e-10	
232	1.097500e-08	4.698635e-01	4.698664e-01	-2.51365e-10	
233	1.102500e-08	4.698219e-01	4.698248e-01	-2.51781e-10	
234	1.107500e-08	4.697807e-01	4.697835e-01	-2.52193e-10	
235	1.112500e-08	4.697398e-01	4.697426e-01	-2.52602e-10	
236	1.117500e-08	4.696992e-01	4.697020e-01	-2.53008e-10	
237	1.122500e-08	4.696590e-01	4.696617e-01	-2.53410e-10	
238	1.127500e-08	4.696191e-01	4.696218e-01	-2.53809e-10	
239	1.132500e-08	4.695795e-01	4.695822e-01	-2.54205e-10	
240	1.137500e-08	4.695403e-01	4.695430e-01	-2.54597e-10	
241	1.142500e-08	4.695014e-01	4.695040e-01	-2.54986e-10	
242	1.147500e-08	4.694627e-01	4.694654e-01	-2.55373e-10	
243	1.152500e-08	4.694244e-01	4.694270e-01	-2.55756e-10	
244	1.157500e-08	4.693864e-01	4.693890e-01	-2.56136e-10	
245	1.162500e-08	4.693487e-01	4.693513e-01	-2.56513e-10	
246	1.167500e-08	4.693113e-01	4.693139e-01	-2.56887e-10	
247	1.172500e-08	4.692742e-01	4.692767e-01	-2.57258e-10	
248	1.177500e-08	4.692374e-01	4.692399e-01	-2.57626e-10	
249	1.182500e-08	4.692008e-01	4.692033e-01	-2.57992e-10	
250	1.187500e-08	4.691645e-01	4.691670e-01	-2.58355e-10	
251	1.192500e-08	4.691286e-01	4.691310e-01	-2.58714e-10	
252	1.197500e-08	4.690928e-01	4.690953e-01	-2.59072e-10	
253	1.202500e-08	4.690574e-01	4.690598e-01	-2.59426e-10	
254	1.207500e-08	4.690222e-01	4.690246e-01	-2.59778e-10	
255	1.212500e-08	4.689873e-01	4.689897e-01	-2.60127e-10	
256	1.217500e-08	4.689527e-01	4.689550e-01	-2.60473e-10	
257	1.222500e-08	4.689183e-01	4.689206e-01	-2.60817e-10	
258	1.227500e-08	4.688841e-01	4.688865e-01	-2.61159e-10	
259	1.232500e-08	4.688503e-01	4.688526e-01	-2.61497e-10	
260	1.237500e-08	4.688166e-01	4.688189e-01	-2.61834e-10	
261	1.242500e-08	4.687832e-01	4.687855e-01	-2.62168e-10	
262	1.247500e-08	4.687501e-01	4.687523e-01	-2.62499e-10	
263	1.252500e-08	4.687172e-01	4.687194e-01	-2.62828e-10	
264	1.257500e-08	4.686845e-01	4.686867e-01	-2.63155e-10	
265	1.262500e-08	4.686520e-01	4.686543e-01	-2.63480e-10	
266	1.267500e-08	4.686198e-01	4.686220e-01	-2.63802e-10	
267	1.272500e-08	4.685878e-01	4.685900e-01	-2.64122e-10	
268	1.277500e-08	4.685561e-01	4.685582e-01	-2.64439e-10	
269	1.282500e-08	4.685245e-01	4.685267e-01	-2.64755e-10	
270	1.287500e-08	4.684932e-01	4.684954e-01	-2.65068e-10	
271	1.292500e-08	4.684621e-01	4.684642e-01	-2.65379e-10	
272	1.297500e-08	4.684312e-01	4.684333e-01	-2.65688e-10	
273	1.302500e-08	4.684005e-01	4.684026e-01	-2.65995e-10	
274	1.307500e-08	4.683701e-01	4.683722e-01	-2.66299e-10	
275	1.312500e-08	4.683398e-01	4.683419e-01	-2.66602e-10	
276	1.317500e-08	4.683098e-01	4.683118e-01	-2.66902e-10	
277	1.322500e-08	4.682799e-01	4.682819e-01	-2.67201e-10	
278	1.327500e-08	4.682502e-01	4.682523e-01	-2.67498e-10	
279	1.332500e-08	4.682208e-01	4.682228e-01	-2.67792e-10	
280	1.337500e-08	4.681915e-01	4.681935e-01	-2.68085e-10	
281	1.342500e-08	4.681625e-01	4.681645e-01	-2.68375e-10	
282	1.347500e-08	4.681336e-01	4.681356e-01	-2.68664e-10	
283	1.352500e-08	4.681049e-01	4.681069e-01	-2.68951e-10	
284	1.357500e-08	4.680764e-01	4.680783e-01	-2.69236e-10	
285	1.362500e-08	4.680481e-01	4.680500e-01	-2.69519e-10	
286	1.367500e-08	4.680199e-01	4.680219e-01	-2.69801e-10	

Index   time            v(bl0)          v(bl7)          vpre#branch     
--------------------------------------------------------------------------------
287	1.372500e-08	4.679920e-01	4.679939e-01	-2.70080e-10	
288	1.377500e-08	4.679642e-01	4.679661e-01	-2.70358e-10	
289	1.382500e-08	4.679366e-01	4.679385e-01	-2.70634e-10	
290	1.387500e-08	4.679092e-01	4.679111e-01	-2.70908e-10	
291	1.392500e-08	4.678820e-01	4.678838e-01	-2.71180e-10	
292	1.397500e-08	4.678549e-01	4.678567e-01	-2.71451e-10	
293	1.402500e-08	4.678280e-01	4.678298e-01	-2.71720e-10	
294	1.407500e-08	4.678012e-01	4.678031e-01	-2.71988e-10	
295	1.412500e-08	4.677747e-01	4.677765e-01	-2.72253e-10	
296	1.417500e-08	4.677483e-01	4.677501e-01	-2.72517e-10	
297	1.422500e-08	4.677220e-01	4.677238e-01	-2.72780e-10	
298	1.427500e-08	4.676959e-01	4.676977e-01	-2.73041e-10	
299	1.432500e-08	4.676700e-01	4.676718e-01	-2.73300e-10	
300	1.437500e-08	4.676442e-01	4.676460e-01	-2.73558e-10	
301	1.442500e-08	4.676186e-01	4.676204e-01	-2.73814e-10	
302	1.447500e-08	4.675931e-01	4.675949e-01	-2.74069e-10	
303	1.452500e-08	4.675678e-01	4.675696e-01	-2.74322e-10	
304	1.457500e-08	4.675427e-01	4.675444e-01	-2.74573e-10	
305	1.462500e-08	4.675177e-01	4.675194e-01	-2.74823e-10	
306	1.467500e-08	4.674928e-01	4.674945e-01	-2.75072e-10	
307	1.472500e-08	4.674681e-01	4.674698e-01	-2.75319e-10	
308	1.477500e-08	4.674435e-01	4.674452e-01	-2.75565e-10	
309	1.482500e-08	4.674191e-01	4.674208e-01	-2.75809e-10	
310	1.487500e-08	4.673948e-01	4.673965e-01	-2.76052e-10	
311	1.492500e-08	4.673707e-01	4.673723e-01	-2.76293e-10	
312	1.497500e-08	4.673467e-01	4.673483e-01	-2.76533e-10	
313	1.502500e-08	4.673228e-01	4.673244e-01	-2.76772e-10	
314	1.507500e-08	4.672991e-01	4.673007e-01	-2.77009e-10	
315	1.512500e-08	4.672755e-01	4.672771e-01	-2.77245e-10	
316	1.517500e-08	4.672520e-01	4.672536e-01	-2.77480e-10	
317	1.522500e-08	4.672287e-01	4.672303e-01	-2.77713e-10	
318	1.527500e-08	4.672055e-01	4.672071e-01	-2.77945e-10	
319	1.532500e-08	4.671824e-01	4.671840e-01	-2.78176e-10	
320	1.537500e-08	4.671595e-01	4.671610e-01	-2.78405e-10	
321	1.542500e-08	4.671367e-01	4.671382e-01	-2.78633e-10	
322	1.547500e-08	4.671140e-01	4.671155e-01	-2.78860e-10	
323	1.552500e-08	4.670914e-01	4.670929e-01	-2.79086e-10	
324	1.557500e-08	4.670690e-01	4.670705e-01	-2.79310e-10	
325	1.562500e-08	4.670466e-01	4.670482e-01	-2.79534e-10	
326	1.567500e-08	4.670245e-01	4.670260e-01	-2.79755e-10	
327	1.572500e-08	4.670024e-01	4.670039e-01	-2.79976e-10	
328	1.577500e-08	4.669804e-01	4.669819e-01	-2.80196e-10	
329	1.582500e-08	4.669586e-01	4.669601e-01	-2.80414e-10	
330	1.587500e-08	4.669369e-01	4.669384e-01	-2.80631e-10	
331	1.592500e-08	4.669153e-01	4.669167e-01	-2.80847e-10	
332	1.597500e-08	4.668938e-01	4.668952e-01	-2.81062e-10	
333	1.602500e-08	4.668724e-01	4.668739e-01	-2.81276e-10	
334	1.607500e-08	4.668511e-01	4.668526e-01	-2.81489e-10	
335	1.612500e-08	4.668300e-01	4.668314e-01	-2.81700e-10	
336	1.617500e-08	4.668089e-01	4.668104e-01	-2.81911e-10	
337	1.622500e-08	4.667880e-01	4.667894e-01	-2.82120e-10	
338	1.627500e-08	4.667672e-01	4.667686e-01	-2.82328e-10	
339	1.632500e-08	4.667465e-01	4.667479e-01	-2.82535e-10	
340	1.637500e-08	4.667259e-01	4.667273e-01	-2.82741e-10	
341	1.642500e-08	4.667054e-01	4.667068e-01	-2.82946e-10	
342	1.647500e-08	4.666850e-01	4.666864e-01	-2.83150e-10	
343	1.652500e-08	4.666647e-01	4.666661e-01	-2.83353e-10	
344	1.657500e-08	4.666445e-01	4.666459e-01	-2.83555e-10	

Index   time            v(bl0)          v(bl7)          vpre#branch     
--------------------------------------------------------------------------------
345	1.662500e-08	4.666244e-01	4.666258e-01	-2.83756e-10	
346	1.667500e-08	4.666044e-01	4.666058e-01	-2.83956e-10	
347	1.672500e-08	4.665845e-01	4.665859e-01	-2.84155e-10	
348	1.677500e-08	4.665647e-01	4.665661e-01	-2.84353e-10	
349	1.682500e-08	4.665450e-01	4.665464e-01	-2.84550e-10	
350	1.687500e-08	4.665254e-01	4.665268e-01	-2.84746e-10	
351	1.692500e-08	4.665059e-01	4.665073e-01	-2.84941e-10	
352	1.697500e-08	4.664865e-01	4.664879e-01	-2.85135e-10	
353	1.702500e-08	4.664672e-01	4.664686e-01	-2.85328e-10	
354	1.707500e-08	4.664480e-01	4.664494e-01	-2.85520e-10	
355	1.712500e-08	4.664289e-01	4.664302e-01	-2.85711e-10	
356	1.717500e-08	4.664099e-01	4.664112e-01	-2.85901e-10	
357	1.722500e-08	4.663910e-01	4.663923e-01	-2.86090e-10	
358	1.727500e-08	4.663721e-01	4.663734e-01	-2.86279e-10	
359	1.732500e-08	4.663534e-01	4.663547e-01	-2.86466e-10	
360	1.737500e-08	4.663347e-01	4.663360e-01	-2.86653e-10	
361	1.742500e-08	4.663161e-01	4.663174e-01	-2.86839e-10	
362	1.747500e-08	4.662977e-01	4.662989e-01	-2.87023e-10	
363	1.752500e-08	4.662793e-01	4.662805e-01	-2.87207e-10	
364	1.757500e-08	4.662610e-01	4.662622e-01	-2.87390e-10	
365	1.762500e-08	4.662427e-01	4.662440e-01	-2.87573e-10	
366	1.767500e-08	4.662246e-01	4.662258e-01	-2.87754e-10	
367	1.772500e-08	4.662065e-01	4.662078e-01	-2.87935e-10	
368	1.777500e-08	4.661886e-01	4.661898e-01	-2.88114e-10	
369	1.782500e-08	4.661707e-01	4.661719e-01	-2.88293e-10	
370	1.787500e-08	4.661529e-01	4.661541e-01	-2.88471e-10	
371	1.792500e-08	4.661352e-01	4.661364e-01	-2.88648e-10	
372	1.797500e-08	4.661175e-01	4.661187e-01	-2.88825e-10	
373	1.802500e-08	4.661000e-01	4.661012e-01	-2.89000e-10	
374	1.807500e-08	4.660825e-01	4.660837e-01	-2.89175e-10	
375	1.812500e-08	4.660651e-01	4.660663e-01	-2.89349e-10	
376	1.817500e-08	4.660478e-01	4.660490e-01	-2.89522e-10	
377	1.822500e-08	4.660305e-01	4.660317e-01	-2.89695e-10	
378	1.827500e-08	4.660134e-01	4.660145e-01	-2.89866e-10	
379	1.832500e-08	4.659963e-01	4.659975e-01	-2.90037e-10	
380	1.837500e-08	4.659793e-01	4.659804e-01	-2.90207e-10	
381	1.842500e-08	4.659623e-01	4.659635e-01	-2.90377e-10	
382	1.847500e-08	4.659455e-01	4.659466e-01	-2.90545e-10	
383	1.852500e-08	4.659287e-01	4.659298e-01	-2.90713e-10	
384	1.857500e-08	4.659120e-01	4.659131e-01	-2.90880e-10	
385	1.862500e-08	4.658953e-01	4.658965e-01	-2.91047e-10	
386	1.867500e-08	4.658788e-01	4.658799e-01	-2.91212e-10	
387	1.872500e-08	4.658623e-01	4.658634e-01	-2.91377e-10	
388	1.877500e-08	4.658459e-01	4.658470e-01	-2.91541e-10	
389	1.882500e-08	4.658295e-01	4.658306e-01	-2.91705e-10	
390	1.887500e-08	4.658132e-01	4.658143e-01	-2.91868e-10	
391	1.892500e-08	4.657970e-01	4.657981e-01	-2.92030e-10	
392	1.897500e-08	4.657809e-01	4.657820e-01	-2.92191e-10	
393	1.902500e-08	4.657648e-01	4.657659e-01	-2.92352e-10	
394	1.907500e-08	4.657488e-01	4.657499e-01	-2.92512e-10	
395	1.912500e-08	4.657329e-01	4.657340e-01	-2.92671e-10	
396	1.917500e-08	4.657170e-01	4.657181e-01	-2.92830e-10	
397	1.922500e-08	4.657012e-01	4.657023e-01	-2.92988e-10	
398	1.927500e-08	4.656855e-01	4.656865e-01	-2.93145e-10	
399	1.932500e-08	4.656698e-01	4.656709e-01	-2.93302e-10	
400	1.937500e-08	4.656542e-01	4.656553e-01	-2.93458e-10	
401	1.942500e-08	4.656387e-01	4.656397e-01	-2.93613e-10	
402	1.947500e-08	4.656232e-01	4.656242e-01	-2.93768e-10	

Index   time            v(bl0)          v(bl7)          vpre#branch     
--------------------------------------------------------------------------------
403	1.952500e-08	4.656078e-01	4.656088e-01	-2.93922e-10	
404	1.957500e-08	4.655924e-01	4.655935e-01	-2.94076e-10	
405	1.962500e-08	4.655772e-01	4.655782e-01	-2.94228e-10	
406	1.967500e-08	4.655619e-01	4.655630e-01	-2.94381e-10	
407	1.972500e-08	4.655468e-01	4.655478e-01	-2.94532e-10	
408	1.977500e-08	4.655317e-01	4.655327e-01	-2.94683e-10	
409	1.982500e-08	4.655167e-01	4.655177e-01	-2.94833e-10	
410	1.987500e-08	4.655017e-01	4.655027e-01	-2.94983e-10	
411	1.992500e-08	4.654868e-01	4.654878e-01	-2.95132e-10	
412	1.997500e-08	4.654719e-01	4.654729e-01	-2.95281e-10	
413	2.002500e-08	4.654571e-01	4.654581e-01	-2.95429e-10	
414	2.007500e-08	4.654424e-01	4.654434e-01	-2.95576e-10	
415	2.012500e-08	4.654277e-01	4.654287e-01	-2.95723e-10	
416	2.017500e-08	4.654131e-01	4.654141e-01	-2.95869e-10	
417	2.022500e-08	4.653986e-01	4.653996e-01	-2.96014e-10	
418	2.027500e-08	4.653841e-01	4.653851e-01	-2.96159e-10	
419	2.032500e-08	4.653696e-01	4.653706e-01	-2.96304e-10	
420	2.037500e-08	4.653552e-01	4.653562e-01	-2.96448e-10	
421	2.042500e-08	4.653409e-01	4.653419e-01	-2.96591e-10	
422	2.047500e-08	4.653266e-01	4.653276e-01	-2.96734e-10	
423	2.052500e-08	4.653124e-01	4.653134e-01	-2.96876e-10	
424	2.057500e-08	4.652983e-01	4.652992e-01	-2.97017e-10	
425	2.062500e-08	4.652842e-01	4.652851e-01	-2.97158e-10	
426	2.067500e-08	4.652701e-01	4.652711e-01	-2.97299e-10	
427	2.072500e-08	4.652561e-01	4.652571e-01	-2.97439e-10	
428	2.077500e-08	4.652422e-01	4.652431e-01	-2.97578e-10	
429	2.082500e-08	4.652283e-01	4.652292e-01	-2.97717e-10	
430	2.087500e-08	4.652144e-01	4.652154e-01	-2.97856e-10	
431	2.092500e-08	4.652007e-01	4.652016e-01	-2.97993e-10	
432	2.097500e-08	4.651869e-01	4.651879e-01	-2.98131e-10	
433	2.102500e-08	4.651733e-01	4.651742e-01	-2.98267e-10	
434	2.107500e-08	4.651596e-01	4.651606e-01	-2.98404e-10	
435	2.112500e-08	4.651461e-01	4.651470e-01	-2.98539e-10	
436	2.117500e-08	4.651325e-01	4.651335e-01	-2.98675e-10	
437	2.122500e-08	4.651191e-01	4.651200e-01	-2.98809e-10	
438	2.127500e-08	4.651056e-01	4.651066e-01	-2.98944e-10	
439	2.132500e-08	4.650923e-01	4.650932e-01	-2.99077e-10	
440	2.137500e-08	4.650789e-01	4.650799e-01	-2.99211e-10	
441	2.142500e-08	4.650657e-01	4.650666e-01	-2.99343e-10	
442	2.147500e-08	4.650525e-01	4.650534e-01	-2.99475e-10	
443	2.152500e-08	4.650393e-01	4.650402e-01	-2.99607e-10	
444	2.157500e-08	4.650262e-01	4.650271e-01	-2.99738e-10	
445	2.162500e-08	4.650131e-01	4.650140e-01	-2.99869e-10	
446	2.167500e-08	4.650000e-01	4.650009e-01	-3.00000e-10	
447	2.172500e-08	4.649871e-01	4.649880e-01	-3.00129e-10	
448	2.177500e-08	4.649741e-01	4.649750e-01	-3.00259e-10	
449	2.182500e-08	4.649612e-01	4.649621e-01	-3.00388e-10	
450	2.187500e-08	4.649484e-01	4.649493e-01	-3.00516e-10	
451	2.192500e-08	4.649356e-01	4.649365e-01	-3.00644e-10	
452	2.197500e-08	4.649229e-01	4.649237e-01	-3.00771e-10	
453	2.202500e-08	4.649102e-01	4.649110e-01	-3.00898e-10	
454	2.207500e-08	4.648975e-01	4.648984e-01	-3.01025e-10	
455	2.212500e-08	4.648849e-01	4.648858e-01	-3.01151e-10	
456	2.217500e-08	4.648723e-01	4.648732e-01	-3.01277e-10	
457	2.222500e-08	4.648598e-01	4.648607e-01	-3.01402e-10	
458	2.227500e-08	4.648473e-01	4.648482e-01	-3.01527e-10	
459	2.232500e-08	4.648349e-01	4.648357e-01	-3.01651e-10	
460	2.237500e-08	4.648225e-01	4.648234e-01	-3.01775e-10	

Index   time            v(bl0)          v(bl7)          vpre#branch     
--------------------------------------------------------------------------------
461	2.242500e-08	4.648102e-01	4.648110e-01	-3.01898e-10	
462	2.247500e-08	4.647979e-01	4.647987e-01	-3.02021e-10	
463	2.252500e-08	4.647856e-01	4.647864e-01	-3.02144e-10	
464	2.257500e-08	4.647734e-01	4.647742e-01	-3.02266e-10	
465	2.262500e-08	4.647612e-01	4.647620e-01	-3.02388e-10	
466	2.267500e-08	4.647491e-01	4.647499e-01	-3.02509e-10	
467	2.272500e-08	4.647370e-01	4.647378e-01	-3.02630e-10	
468	2.277500e-08	4.647249e-01	4.647258e-01	-3.02751e-10	
469	2.282500e-08	4.647129e-01	4.647138e-01	-3.02871e-10	
470	2.287500e-08	4.647010e-01	4.647018e-01	-3.02990e-10	
471	2.292500e-08	4.646891e-01	4.646899e-01	-3.03109e-10	
472	2.297500e-08	4.646772e-01	4.646780e-01	-3.03228e-10	
473	2.302500e-08	4.646653e-01	4.646661e-01	-3.03347e-10	
474	2.307500e-08	4.646535e-01	4.646543e-01	-3.03465e-10	
475	2.312500e-08	4.646418e-01	4.646426e-01	-3.03582e-10	
476	2.317500e-08	4.646300e-01	4.646309e-01	-3.03700e-10	
477	2.322500e-08	4.646184e-01	4.646192e-01	-3.03816e-10	
478	2.327500e-08	4.646067e-01	4.646075e-01	-3.03933e-10	
479	2.332500e-08	4.645951e-01	4.645959e-01	-3.04049e-10	
480	2.337500e-08	4.645836e-01	4.645844e-01	-3.04164e-10	
481	2.342500e-08	4.645720e-01	4.645728e-01	-3.04280e-10	
482	2.347500e-08	4.645606e-01	4.645613e-01	-3.04394e-10	
483	2.352500e-08	4.645491e-01	4.645499e-01	-3.04509e-10	
484	2.357500e-08	4.645377e-01	4.645385e-01	-3.04623e-10	
485	2.362500e-08	4.645263e-01	4.645271e-01	-3.04737e-10	
486	2.367500e-08	4.645150e-01	4.645158e-01	-3.04850e-10	
487	2.372500e-08	4.645037e-01	4.645045e-01	-3.04963e-10	
488	2.377500e-08	4.644924e-01	4.644932e-01	-3.05076e-10	
489	2.382500e-08	4.644812e-01	4.644820e-01	-3.05188e-10	
490	2.387500e-08	4.644700e-01	4.644708e-01	-3.05300e-10	
491	2.392500e-08	4.644589e-01	4.644597e-01	-3.05411e-10	
492	2.397500e-08	4.644478e-01	4.644485e-01	-3.05522e-10	
493	2.402500e-08	4.644367e-01	4.644375e-01	-3.05633e-10	
494	2.407500e-08	4.644257e-01	4.644264e-01	-3.05743e-10	
495	2.412500e-08	4.644147e-01	4.644154e-01	-3.05853e-10	
496	2.417500e-08	4.644037e-01	4.644045e-01	-3.05963e-10	
497	2.422500e-08	4.643928e-01	4.643935e-01	-3.06072e-10	
498	2.427500e-08	4.643819e-01	4.643826e-01	-3.06181e-10	
499	2.432500e-08	4.643710e-01	4.643718e-01	-3.06290e-10	
500	2.437500e-08	4.643602e-01	4.643609e-01	-3.06398e-10	
501	2.442500e-08	4.643494e-01	4.643501e-01	-3.06506e-10	
502	2.447500e-08	4.643386e-01	4.643394e-01	-3.06614e-10	
503	2.452500e-08	4.643279e-01	4.643287e-01	-3.06721e-10	
504	2.457500e-08	4.643172e-01	4.643180e-01	-3.06828e-10	
505	2.462500e-08	4.643066e-01	4.643073e-01	-3.06934e-10	
506	2.467500e-08	4.642960e-01	4.642967e-01	-3.07040e-10	
507	2.472500e-08	4.642854e-01	4.642861e-01	-3.07146e-10	
508	2.477500e-08	4.642748e-01	4.642755e-01	-3.07252e-10	
509	2.482500e-08	4.642643e-01	4.642650e-01	-3.07357e-10	
510	2.487500e-08	4.642538e-01	4.642545e-01	-3.07462e-10	
511	2.492500e-08	4.642434e-01	4.642441e-01	-3.07566e-10	
512	2.496250e-08	4.642355e-01	4.642363e-01	-3.07645e-10	
513	2.500000e-08	4.642277e-01	4.642285e-01	-3.07723e-10	


Total analysis time (seconds) = 0.0639735

Total elapsed time (seconds) = 0.074 

Total DRAM available = 386307.215 MB.
DRAM currently available = 14257.398 MB.
Maximum ngspice program size =  529.848 MB.
Current ngspice program size =   14.312 MB.

Shared ngspice pages =   12.348 MB.
Text (code) pages =    6.266 MB.
Stack = 0 bytes.
Library pages =   59.266 MB.

