
Note: No compatibility mode selected!


Circuit: * 1t1c ccell=20.0ff

Doing analysis at TEMP = 27.000000 and TNOM = 27.000000

Using SPARSE 1.3 as Direct Linear Solver

Initial Transient Solution
--------------------------

Node                                   Voltage
----                                   -------
pre                                       0.45
bl                                        0.45
wl                                           0
plate                                        0
s                                            0
cell                                         0
vs#branch                                    0
vpl#branch                                   0
vwl#branch                                   0
vpre#branch                                  0


No. of Data Rows : 832

  Measurements for Transient Analysis

t_write             =  1.90036e-09
t_read              =  2.26566e-08
i_hold              =  -3.16548e-11 from=  2.50000e-08 to=  3.50250e-08
q_read              =   2.83170e-18 from=  1.20000e-08 to=  2.20000e-08

                              * 1t1c ccell=20.0ff
                              Transient Analysis  Tue Jun 23 16:32:03  2026
--------------------------------------------------------------------------------
Index   time            v(cell)         v(bl)           vpre#branch     
--------------------------------------------------------------------------------
0	0.000000e+00	0.000000e+00	4.500000e-01	0.000000e+00	
1	5.000000e-13	4.567629e-13	4.500000e-01	-1.24737e-17	
2	1.000000e-12	9.135126e-13	4.500000e-01	-2.39551e-17	
3	2.000000e-12	1.827010e-12	4.500000e-01	-4.69033e-17	
4	4.000000e-12	3.654004e-12	4.500000e-01	-9.27132e-17	
5	8.000000e-12	7.307993e-12	4.500000e-01	-1.83988e-16	
6	1.600000e-11	1.461597e-11	4.500000e-01	-3.65167e-16	
7	3.200000e-11	2.923192e-11	4.499999e-01	-7.22110e-16	
8	6.400000e-11	5.846382e-11	4.499999e-01	-1.41487e-15	
9	1.140000e-10	1.041387e-10	4.499998e-01	-2.44317e-15	
10	1.640000e-10	1.498135e-10	4.499997e-01	-3.40877e-15	
11	2.140000e-10	1.954883e-10	4.499996e-01	-4.31548e-15	
12	2.640000e-10	2.411631e-10	4.499995e-01	-5.16689e-15	
13	3.140000e-10	2.868379e-10	4.499994e-01	-5.96639e-15	
14	3.640000e-10	3.325127e-10	4.499993e-01	-6.71713e-15	
15	4.140000e-10	3.781874e-10	4.499993e-01	-7.42209e-15	
16	4.640000e-10	4.238622e-10	4.499992e-01	-8.08405e-15	
17	5.140000e-10	4.695369e-10	4.499991e-01	-8.70565e-15	
18	5.640000e-10	5.152117e-10	4.499991e-01	-9.28934e-15	
19	6.140000e-10	5.608864e-10	4.499990e-01	-9.83744e-15	
20	6.640000e-10	6.065612e-10	4.499990e-01	-1.03521e-14	
21	7.140000e-10	6.522359e-10	4.499989e-01	-1.08354e-14	
22	7.640000e-10	6.979106e-10	4.499989e-01	-1.12892e-14	
23	8.140000e-10	7.435853e-10	4.499988e-01	-1.17154e-14	
24	8.640000e-10	7.892600e-10	4.499988e-01	-1.21155e-14	
25	9.140000e-10	8.349347e-10	4.499988e-01	-1.24913e-14	
26	9.570000e-10	8.742150e-10	4.499987e-01	-1.27960e-14	
27	1.000000e-09	9.134952e-10	4.499987e-01	-1.30847e-14	
28	1.005000e-09	4.498228e-03	4.499987e-01	-1.31034e-14	
29	1.015000e-09	1.349465e-02	4.499987e-01	-1.31165e-14	
30	1.035000e-09	3.148750e-02	4.499987e-01	-1.30222e-14	
31	1.075000e-09	6.747320e-02	4.499987e-01	-1.25426e-14	
32	1.125000e-09	1.124553e-01	4.499988e-01	-1.17592e-14	
33	1.175000e-09	1.574374e-01	4.499989e-01	-1.10147e-14	
34	1.225000e-09	2.024196e-01	4.499990e-01	-1.03349e-14	
35	1.275000e-09	2.474017e-01	4.499990e-01	-9.70224e-15	
36	1.325000e-09	2.923838e-01	4.499991e-01	-9.10989e-15	
37	1.375000e-09	3.373659e-01	4.499991e-01	-8.55451e-15	
38	1.425000e-09	3.823481e-01	4.499992e-01	-8.03345e-15	
39	1.475000e-09	4.273302e-01	4.499992e-01	-7.54411e-15	
40	1.525000e-09	4.723123e-01	4.499993e-01	-7.08449e-15	
41	1.575000e-09	5.172944e-01	4.499993e-01	-6.65231e-15	
42	1.625000e-09	5.622765e-01	4.499994e-01	-6.24599e-15	
43	1.675000e-09	6.072587e-01	4.499994e-01	-5.86443e-15	
44	1.725000e-09	6.522408e-01	4.499994e-01	-5.50611e-15	
45	1.775000e-09	6.972229e-01	4.499995e-01	-5.16961e-15	
46	1.825000e-09	7.422050e-01	4.499995e-01	-4.85360e-15	
47	1.875000e-09	7.871872e-01	4.499995e-01	-4.55684e-15	
48	1.925000e-09	8.321693e-01	4.499996e-01	-4.27814e-15	
49	1.962500e-09	8.659059e-01	4.499996e-01	-4.08034e-15	
50	2.000000e-09	8.996425e-01	4.499996e-01	-3.89165e-15	
51	2.005000e-09	8.996425e-01	4.499996e-01	-3.86723e-15	
52	2.015000e-09	8.996425e-01	4.499996e-01	-3.81871e-15	
53	2.035000e-09	8.996425e-01	4.499996e-01	-3.72347e-15	
54	2.075000e-09	8.996425e-01	4.499996e-01	-3.54001e-15	

Index   time            v(cell)         v(bl)           vpre#branch     
--------------------------------------------------------------------------------
55	2.125000e-09	8.996425e-01	4.499997e-01	-3.32328e-15	
56	2.175000e-09	8.996425e-01	4.499997e-01	-3.11975e-15	
57	2.225000e-09	8.996425e-01	4.499997e-01	-2.92864e-15	
58	2.275000e-09	8.996425e-01	4.499997e-01	-2.74919e-15	
59	2.325000e-09	8.996425e-01	4.499997e-01	-2.58068e-15	
60	2.375000e-09	8.996425e-01	4.499998e-01	-2.42244e-15	
61	2.425000e-09	8.996425e-01	4.499998e-01	-2.27385e-15	
62	2.475000e-09	8.996425e-01	4.499998e-01	-2.13433e-15	
63	2.525000e-09	8.996425e-01	4.499998e-01	-2.00331e-15	
64	2.575000e-09	8.996425e-01	4.499998e-01	-1.88029e-15	
65	2.625000e-09	8.996425e-01	4.499998e-01	-1.76476e-15	
66	2.675000e-09	8.996425e-01	4.499998e-01	-1.65628e-15	
67	2.725000e-09	8.996425e-01	4.499998e-01	-1.55442e-15	
68	2.775000e-09	8.996425e-01	4.499999e-01	-1.45877e-15	
69	2.825000e-09	8.996425e-01	4.499999e-01	-1.36895e-15	
70	2.875000e-09	8.996425e-01	4.499999e-01	-1.28461e-15	
71	2.925000e-09	8.996425e-01	4.499999e-01	-1.20541e-15	
72	2.975000e-09	8.996425e-01	4.499999e-01	-1.13104e-15	
73	3.025000e-09	8.996425e-01	4.499999e-01	-1.06121e-15	
74	3.075000e-09	8.996425e-01	4.499999e-01	-9.95630e-16	
75	3.125000e-09	8.996425e-01	4.499999e-01	-9.34054e-16	
76	3.175000e-09	8.996425e-01	4.499999e-01	-8.76233e-16	
77	3.225000e-09	8.996425e-01	4.499999e-01	-8.21938e-16	
78	3.275000e-09	8.996425e-01	4.499999e-01	-7.70954e-16	
79	3.325000e-09	8.996425e-01	4.499999e-01	-7.23080e-16	
80	3.375000e-09	8.996425e-01	4.499999e-01	-6.78124e-16	
81	3.425000e-09	8.996425e-01	4.499999e-01	-6.35911e-16	
82	3.475000e-09	8.996425e-01	4.499999e-01	-5.96272e-16	
83	3.525000e-09	8.996425e-01	4.499999e-01	-5.59050e-16	
84	3.575000e-09	8.996425e-01	4.499999e-01	-5.24098e-16	
85	3.625000e-09	8.996425e-01	4.500000e-01	-4.91277e-16	
86	3.675000e-09	8.996425e-01	4.500000e-01	-4.60458e-16	
87	3.725000e-09	8.996425e-01	4.500000e-01	-4.31518e-16	
88	3.775000e-09	8.996425e-01	4.500000e-01	-4.04343e-16	
89	3.825000e-09	8.996425e-01	4.500000e-01	-3.78825e-16	
90	3.875000e-09	8.996425e-01	4.500000e-01	-3.54863e-16	
91	3.925000e-09	8.996425e-01	4.500000e-01	-3.32363e-16	
92	3.975000e-09	8.996425e-01	4.500000e-01	-3.11234e-16	
93	4.025000e-09	8.996425e-01	4.500000e-01	-2.91394e-16	
94	4.075000e-09	8.996425e-01	4.500000e-01	-2.72765e-16	
95	4.125000e-09	8.996425e-01	4.500000e-01	-2.55271e-16	
96	4.175000e-09	8.996425e-01	4.500000e-01	-2.38844e-16	
97	4.225000e-09	8.996425e-01	4.500000e-01	-2.23419e-16	
98	4.275000e-09	8.996425e-01	4.500000e-01	-2.08934e-16	
99	4.325000e-09	8.996425e-01	4.500000e-01	-1.95332e-16	
100	4.375000e-09	8.996425e-01	4.500000e-01	-1.82560e-16	
101	4.425000e-09	8.996425e-01	4.500000e-01	-1.70568e-16	
102	4.475000e-09	8.996425e-01	4.500000e-01	-1.59306e-16	
103	4.525000e-09	8.996425e-01	4.500000e-01	-1.48732e-16	
104	4.575000e-09	8.996425e-01	4.500000e-01	-1.38802e-16	
105	4.625000e-09	8.996425e-01	4.500000e-01	-1.29477e-16	
106	4.675000e-09	8.996425e-01	4.500000e-01	-1.20721e-16	
107	4.725000e-09	8.996425e-01	4.500000e-01	-1.12499e-16	
108	4.775000e-09	8.996425e-01	4.500000e-01	-1.04779e-16	
109	4.825000e-09	8.996425e-01	4.500000e-01	-9.75294e-17	
110	4.875000e-09	8.996425e-01	4.500000e-01	-9.07221e-17	
111	4.925000e-09	8.996425e-01	4.500000e-01	-8.43295e-17	
112	4.975000e-09	8.996425e-01	4.500000e-01	-7.83268e-17	

Index   time            v(cell)         v(bl)           vpre#branch     
--------------------------------------------------------------------------------
113	5.025000e-09	8.996425e-01	4.500000e-01	-7.26901e-17	
114	5.075000e-09	8.996425e-01	4.500000e-01	-6.73971e-17	
115	5.125000e-09	8.996425e-01	4.500000e-01	-6.24274e-17	
116	5.175000e-09	8.996425e-01	4.500000e-01	-5.77607e-17	
117	5.225000e-09	8.996425e-01	4.500000e-01	-5.33782e-17	
118	5.275000e-09	8.996425e-01	4.500000e-01	-4.92629e-17	
119	5.325000e-09	8.996425e-01	4.500000e-01	-4.53990e-17	
120	5.375000e-09	8.996425e-01	4.500000e-01	-4.17707e-17	
121	5.425000e-09	8.996425e-01	4.500000e-01	-3.83633e-17	
122	5.475000e-09	8.996425e-01	4.500000e-01	-3.51637e-17	
123	5.525000e-09	8.996425e-01	4.500000e-01	-3.21592e-17	
124	5.575000e-09	8.996425e-01	4.500000e-01	-2.93379e-17	
125	5.625000e-09	8.996425e-01	4.500000e-01	-2.66887e-17	
126	5.675000e-09	8.996425e-01	4.500000e-01	-2.42010e-17	
127	5.725000e-09	8.996425e-01	4.500000e-01	-2.18650e-17	
128	5.775000e-09	8.996425e-01	4.500000e-01	-1.96715e-17	
129	5.825000e-09	8.996425e-01	4.500000e-01	-1.76117e-17	
130	5.875000e-09	8.996425e-01	4.500000e-01	-1.56776e-17	
131	5.925000e-09	8.996425e-01	4.500000e-01	-1.38618e-17	
132	5.975000e-09	8.996425e-01	4.500000e-01	-1.21572e-17	
133	6.025000e-09	8.996425e-01	4.500000e-01	-1.05561e-17	
134	6.075000e-09	8.996425e-01	4.500000e-01	-9.05220e-18	
135	6.125000e-09	8.996425e-01	4.500000e-01	-7.64004e-18	
136	6.175000e-09	8.996425e-01	4.500000e-01	-6.31399e-18	
137	6.225000e-09	8.996425e-01	4.500000e-01	-5.06881e-18	
138	6.275000e-09	8.996425e-01	4.500000e-01	-3.89956e-18	
139	6.325000e-09	8.996425e-01	4.500000e-01	-2.80162e-18	
140	6.375000e-09	8.996425e-01	4.500000e-01	-1.77063e-18	
141	6.425000e-09	8.996425e-01	4.500000e-01	-8.02516e-19	
142	6.475000e-09	8.996425e-01	4.500000e-01	1.065632e-19	
143	6.525000e-09	8.996425e-01	4.500000e-01	9.602037e-19	
144	6.575000e-09	8.996425e-01	4.500000e-01	1.761787e-18	
145	6.625000e-09	8.996425e-01	4.500000e-01	2.514489e-18	
146	6.675000e-09	8.996425e-01	4.500000e-01	3.221289e-18	
147	6.725000e-09	8.996425e-01	4.500000e-01	3.884987e-18	
148	6.775000e-09	8.996425e-01	4.500000e-01	4.508211e-18	
149	6.825000e-09	8.996425e-01	4.500000e-01	5.093017e-18	
150	6.875000e-09	8.996425e-01	4.500000e-01	5.642160e-18	
151	6.925000e-09	8.996425e-01	4.500000e-01	6.157813e-18	
152	6.962500e-09	8.996425e-01	4.500000e-01	6.523488e-18	
153	7.000000e-09	8.996425e-01	4.500000e-01	6.872583e-18	
154	7.005000e-09	8.771513e-01	4.500000e-01	6.916493e-18	
155	7.015000e-09	8.321692e-01	4.500000e-01	7.001094e-18	
156	7.035000e-09	7.422049e-01	4.500000e-01	7.151129e-18	
157	7.067500e-09	5.960130e-01	4.500000e-01	7.339087e-18	
158	7.100000e-09	4.498212e-01	4.500000e-01	7.446496e-18	
159	7.105000e-09	4.498212e-01	4.500000e-01	7.397891e-18	
160	7.115000e-09	4.498212e-01	4.500000e-01	7.301302e-18	
161	7.135000e-09	4.498212e-01	4.500000e-01	7.111852e-18	
162	7.175000e-09	4.498212e-01	4.500000e-01	6.747061e-18	
163	7.225000e-09	4.498212e-01	4.500000e-01	6.316213e-18	
164	7.275000e-09	4.498212e-01	4.500000e-01	5.911560e-18	
165	7.325000e-09	4.498212e-01	4.500000e-01	5.531583e-18	
166	7.375000e-09	4.498212e-01	4.500000e-01	5.175190e-18	
167	7.425000e-09	4.498212e-01	4.500000e-01	4.840530e-18	
168	7.475000e-09	4.498212e-01	4.500000e-01	4.525865e-18	
169	7.525000e-09	4.498212e-01	4.500000e-01	4.230389e-18	
170	7.575000e-09	4.498212e-01	4.500000e-01	3.952891e-18	

Index   time            v(cell)         v(bl)           vpre#branch     
--------------------------------------------------------------------------------
171	7.625000e-09	4.498212e-01	4.500000e-01	3.692316e-18	
172	7.675000e-09	4.498212e-01	4.500000e-01	3.447632e-18	
173	7.725000e-09	4.498212e-01	4.500000e-01	3.217867e-18	
174	7.775000e-09	4.498212e-01	4.500000e-01	3.002115e-18	
175	7.825000e-09	4.498212e-01	4.500000e-01	2.799106e-18	
176	7.875000e-09	4.498212e-01	4.500000e-01	2.608477e-18	
177	7.925000e-09	4.498212e-01	4.500000e-01	2.429885e-18	
178	7.975000e-09	4.498212e-01	4.500000e-01	2.262184e-18	
179	8.025000e-09	4.498212e-01	4.500000e-01	2.104711e-18	
180	8.075000e-09	4.498212e-01	4.500000e-01	1.956844e-18	
181	8.125000e-09	4.498212e-01	4.500000e-01	1.817993e-18	
182	8.175000e-09	4.498212e-01	4.500000e-01	1.687610e-18	
183	8.225000e-09	4.498212e-01	4.500000e-01	1.564762e-18	
184	8.275000e-09	4.498212e-01	4.500000e-01	1.449406e-18	
185	8.325000e-09	4.498212e-01	4.500000e-01	1.341499e-18	
186	8.375000e-09	4.498212e-01	4.500000e-01	1.240586e-18	
187	8.425000e-09	4.498212e-01	4.500000e-01	1.145412e-18	
188	8.475000e-09	4.498212e-01	4.500000e-01	1.056047e-18	
189	8.525000e-09	4.498212e-01	4.500000e-01	9.725411e-19	
190	8.575000e-09	4.498212e-01	4.500000e-01	8.937141e-19	
191	8.625000e-09	4.498212e-01	4.500000e-01	8.196955e-19	
192	8.675000e-09	4.498212e-01	4.500000e-01	7.501916e-19	
193	8.725000e-09	4.498212e-01	4.500000e-01	6.849237e-19	
194	8.775000e-09	4.498212e-01	4.500000e-01	6.236379e-19	
195	8.825000e-09	4.498212e-01	4.500000e-01	5.660877e-19	
196	8.875000e-09	4.498212e-01	4.500000e-01	5.124616e-19	
197	8.925000e-09	4.498212e-01	4.500000e-01	4.621044e-19	
198	8.975000e-09	4.498212e-01	4.500000e-01	4.148170e-19	
199	9.025000e-09	4.498212e-01	4.500000e-01	3.704131e-19	
200	9.075000e-09	4.498212e-01	4.500000e-01	3.283038e-19	
201	9.125000e-09	4.498212e-01	4.500000e-01	2.887613e-19	
202	9.175000e-09	4.498212e-01	4.500000e-01	2.516325e-19	
203	9.225000e-09	4.498212e-01	4.500000e-01	2.167685e-19	
204	9.275000e-09	4.498212e-01	4.500000e-01	1.840320e-19	
205	9.325000e-09	4.498212e-01	4.500000e-01	1.528770e-19	
206	9.375000e-09	4.498212e-01	4.500000e-01	1.236221e-19	
207	9.425000e-09	4.498212e-01	4.500000e-01	9.656424e-20	
208	9.475000e-09	4.498212e-01	4.500000e-01	7.156849e-20	
209	9.525000e-09	4.498212e-01	4.500000e-01	4.809973e-20	
210	9.575000e-09	4.498212e-01	4.500000e-01	2.565087e-20	
211	9.625000e-09	4.498212e-01	4.500000e-01	4.154101e-21	
212	9.675000e-09	4.498212e-01	4.500000e-01	-1.60291e-20	
213	9.725000e-09	4.498212e-01	4.500000e-01	-3.45704e-20	
214	9.775000e-09	4.498212e-01	4.500000e-01	-5.19817e-20	
215	9.825000e-09	4.498212e-01	4.500000e-01	-6.82904e-20	
216	9.875000e-09	4.498212e-01	4.500000e-01	-8.36031e-20	
217	9.925000e-09	4.498212e-01	4.500000e-01	-9.79812e-20	
218	9.975000e-09	4.498212e-01	4.500000e-01	-1.11484e-19	
219	1.002500e-08	4.498212e-01	4.500000e-01	-1.24162e-19	
220	1.007500e-08	4.498212e-01	4.500000e-01	-1.35653e-19	
221	1.012500e-08	4.498212e-01	4.500000e-01	-1.46445e-19	
222	1.017500e-08	4.498212e-01	4.500000e-01	-1.56991e-19	
223	1.022500e-08	4.498212e-01	4.500000e-01	-1.67309e-19	
224	1.027500e-08	4.498212e-01	4.500000e-01	-1.76994e-19	
225	1.032500e-08	4.498212e-01	4.500000e-01	-1.85680e-19	
226	1.037500e-08	4.498212e-01	4.500000e-01	-1.93836e-19	
227	1.042500e-08	4.498212e-01	4.500000e-01	-2.01905e-19	
228	1.047500e-08	4.498212e-01	4.500000e-01	-2.09483e-19	

Index   time            v(cell)         v(bl)           vpre#branch     
--------------------------------------------------------------------------------
229	1.052500e-08	4.498212e-01	4.500000e-01	-2.16187e-19	
230	1.057500e-08	4.498212e-01	4.500000e-01	-2.22480e-19	
231	1.062500e-08	4.498212e-01	4.500000e-01	-2.28390e-19	
232	1.067500e-08	4.498212e-01	4.500000e-01	-2.33942e-19	
233	1.072500e-08	4.498212e-01	4.500000e-01	-2.39153e-19	
234	1.077500e-08	4.498212e-01	4.500000e-01	-2.44047e-19	
235	1.082500e-08	4.498212e-01	4.500000e-01	-2.48642e-19	
236	1.087500e-08	4.498212e-01	4.500000e-01	-2.52958e-19	
237	1.092500e-08	4.498212e-01	4.500000e-01	-2.57423e-19	
238	1.096250e-08	4.498212e-01	4.500000e-01	-2.60815e-19	
239	1.100000e-08	4.498212e-01	4.500000e-01	-2.63963e-19	
240	1.100500e-08	4.498230e-01	4.544716e-01	4.471631e-11	
241	1.101500e-08	4.498266e-01	4.633590e-01	1.335899e-10	
242	1.103500e-08	4.498337e-01	4.808025e-01	3.080247e-10	
243	1.107500e-08	4.498480e-01	5.144051e-01	6.440509e-10	
244	1.112500e-08	4.498659e-01	5.541031e-01	1.041031e-09	
245	1.117500e-08	4.498838e-01	5.913802e-01	1.413802e-09	
246	1.122500e-08	4.499017e-01	6.263840e-01	1.763840e-09	
247	1.127500e-08	4.499195e-01	6.592532e-01	2.092532e-09	
248	1.132500e-08	4.499374e-01	6.901180e-01	2.401180e-09	
249	1.137500e-08	4.499553e-01	7.191006e-01	2.691006e-09	
250	1.142500e-08	4.499732e-01	7.463158e-01	2.963158e-09	
251	1.147500e-08	4.499910e-01	7.718713e-01	3.218713e-09	
252	1.152500e-08	4.500089e-01	7.958683e-01	3.458683e-09	
253	1.157500e-08	4.500268e-01	8.184018e-01	3.684018e-09	
254	1.162500e-08	4.500447e-01	8.395606e-01	3.895606e-09	
255	1.167500e-08	4.500626e-01	8.594277e-01	4.094277e-09	
256	1.172500e-08	4.500804e-01	8.780785e-01	4.280785e-09	
257	1.177500e-08	4.500983e-01	8.955769e-01	4.455769e-09	
258	1.182500e-08	4.501162e-01	9.119609e-01	4.619609e-09	
259	1.187500e-08	4.501342e-01	9.271222e-01	4.771222e-09	
260	1.192500e-08	4.501525e-01	9.406647e-01	4.906647e-09	
261	1.196250e-08	4.501667e-01	9.491454e-01	4.991454e-09	
262	1.200000e-08	4.501819e-01	9.547781e-01	5.047781e-09	
263	1.200500e-08	4.501822e-01	9.508071e-01	5.008071e-09	
264	1.201500e-08	4.501829e-01	9.429273e-01	4.929273e-09	
265	1.203500e-08	4.501841e-01	9.275334e-01	4.775334e-09	
266	1.207500e-08	4.501865e-01	8.981469e-01	4.481469e-09	
267	1.212500e-08	4.501894e-01	8.638837e-01	4.138837e-09	
268	1.217500e-08	4.501920e-01	8.321538e-01	3.821538e-09	
269	1.222500e-08	4.501945e-01	8.027474e-01	3.527474e-09	
270	1.227500e-08	4.501969e-01	7.754782e-01	3.254782e-09	
271	1.232500e-08	4.501991e-01	7.501777e-01	3.001777e-09	
272	1.237500e-08	4.502013e-01	7.266930e-01	2.766930e-09	
273	1.242500e-08	4.502033e-01	7.048846e-01	2.548846e-09	
274	1.247500e-08	4.502052e-01	6.846257e-01	2.346257e-09	
275	1.252500e-08	4.502071e-01	6.658001e-01	2.158001e-09	
276	1.257500e-08	4.502088e-01	6.483014e-01	1.983014e-09	
277	1.262500e-08	4.502106e-01	6.320321e-01	1.820321e-09	
278	1.267500e-08	4.502122e-01	6.169025e-01	1.669025e-09	
279	1.272500e-08	4.502138e-01	6.028302e-01	1.528302e-09	
280	1.277500e-08	4.502153e-01	5.897392e-01	1.397392e-09	
281	1.282500e-08	4.502168e-01	5.775597e-01	1.275597e-09	
282	1.287500e-08	4.502183e-01	5.662271e-01	1.162271e-09	
283	1.292500e-08	4.502197e-01	5.556818e-01	1.056818e-09	
284	1.297500e-08	4.502211e-01	5.458690e-01	9.586902e-10	
285	1.302500e-08	4.502224e-01	5.367380e-01	8.673796e-10	
286	1.307500e-08	4.502238e-01	5.282419e-01	7.824188e-10	

Index   time            v(cell)         v(bl)           vpre#branch     
--------------------------------------------------------------------------------
287	1.312500e-08	4.502250e-01	5.203376e-01	7.033761e-10	
288	1.317500e-08	4.502263e-01	5.129854e-01	6.298539e-10	
289	1.322500e-08	4.502275e-01	5.061486e-01	5.614859e-10	
290	1.327500e-08	4.502287e-01	4.997936e-01	4.979357e-10	
291	1.332500e-08	4.502299e-01	4.938895e-01	4.388946e-10	
292	1.337500e-08	4.502310e-01	4.884081e-01	3.840808e-10	
293	1.342500e-08	4.502322e-01	4.833238e-01	3.332383e-10	
294	1.347500e-08	4.502333e-01	4.786136e-01	2.861363e-10	
295	1.352500e-08	4.502343e-01	4.742570e-01	2.425702e-10	
296	1.357500e-08	4.502354e-01	4.702363e-01	2.023632e-10	
297	1.362500e-08	4.502364e-01	4.665371e-01	1.653705e-10	
298	1.367500e-08	4.502374e-01	4.631544e-01	1.315443e-10	
299	1.372500e-08	4.502383e-01	4.600871e-01	1.008709e-10	
300	1.377500e-08	4.502392e-01	4.573432e-01	7.343232e-11	
301	1.382500e-08	4.502400e-01	4.549696e-01	4.969584e-11	
302	1.387500e-08	4.502406e-01	4.530784e-01	3.078412e-11	
303	1.392500e-08	4.502411e-01	4.517812e-01	1.781172e-11	
304	1.397500e-08	4.502413e-01	4.510262e-01	1.026172e-11	
305	1.402500e-08	4.502415e-01	4.506266e-01	6.266428e-12	
306	1.407500e-08	4.502415e-01	4.504228e-01	4.228038e-12	
307	1.412500e-08	4.502416e-01	4.503212e-01	3.212052e-12	
308	1.417500e-08	4.502416e-01	4.502702e-01	2.701891e-12	
309	1.422500e-08	4.502416e-01	4.502445e-01	2.445405e-12	
310	1.427500e-08	4.502416e-01	4.502316e-01	2.316434e-12	
311	1.432500e-08	4.502416e-01	4.502252e-01	2.251563e-12	
312	1.437500e-08	4.502416e-01	4.502219e-01	2.218928e-12	
313	1.442500e-08	4.502416e-01	4.502202e-01	2.202491e-12	
314	1.447500e-08	4.502416e-01	4.502194e-01	2.194207e-12	
315	1.452500e-08	4.502416e-01	4.502190e-01	2.190013e-12	
316	1.457500e-08	4.502415e-01	4.502188e-01	2.187885e-12	
317	1.462500e-08	4.502415e-01	4.502187e-01	2.186785e-12	
318	1.467500e-08	4.502415e-01	4.502186e-01	2.186213e-12	
319	1.472500e-08	4.502415e-01	4.502186e-01	2.185895e-12	
320	1.477500e-08	4.502415e-01	4.502186e-01	2.185716e-12	
321	1.482500e-08	4.502415e-01	4.502186e-01	2.185597e-12	
322	1.487500e-08	4.502415e-01	4.502186e-01	2.185517e-12	
323	1.492500e-08	4.502415e-01	4.502185e-01	2.185448e-12	
324	1.497500e-08	4.502415e-01	4.502185e-01	2.185393e-12	
325	1.502500e-08	4.502415e-01	4.502185e-01	2.185336e-12	
326	1.507500e-08	4.502415e-01	4.502185e-01	2.185288e-12	
327	1.512500e-08	4.502415e-01	4.502185e-01	2.185234e-12	
328	1.517500e-08	4.502415e-01	4.502185e-01	2.185187e-12	
329	1.522500e-08	4.502415e-01	4.502185e-01	2.185135e-12	
330	1.527500e-08	4.502415e-01	4.502185e-01	2.185088e-12	
331	1.532500e-08	4.502415e-01	4.502185e-01	2.185036e-12	
332	1.537500e-08	4.502415e-01	4.502185e-01	2.184989e-12	
333	1.542500e-08	4.502415e-01	4.502185e-01	2.184937e-12	
334	1.547500e-08	4.502415e-01	4.502185e-01	2.184891e-12	
335	1.552500e-08	4.502414e-01	4.502185e-01	2.184838e-12	
336	1.557500e-08	4.502414e-01	4.502185e-01	2.184792e-12	
337	1.562500e-08	4.502414e-01	4.502185e-01	2.184739e-12	
338	1.567500e-08	4.502414e-01	4.502185e-01	2.184693e-12	
339	1.572500e-08	4.502414e-01	4.502185e-01	2.184641e-12	
340	1.577500e-08	4.502414e-01	4.502185e-01	2.184594e-12	
341	1.582500e-08	4.502414e-01	4.502185e-01	2.184542e-12	
342	1.587500e-08	4.502414e-01	4.502184e-01	2.184496e-12	
343	1.592500e-08	4.502414e-01	4.502184e-01	2.184443e-12	
344	1.597500e-08	4.502414e-01	4.502184e-01	2.184397e-12	

Index   time            v(cell)         v(bl)           vpre#branch     
--------------------------------------------------------------------------------
345	1.602500e-08	4.502414e-01	4.502184e-01	2.184345e-12	
346	1.607500e-08	4.502414e-01	4.502184e-01	2.184298e-12	
347	1.612500e-08	4.502414e-01	4.502184e-01	2.184246e-12	
348	1.617500e-08	4.502414e-01	4.502184e-01	2.184200e-12	
349	1.622500e-08	4.502414e-01	4.502184e-01	2.184147e-12	
350	1.627500e-08	4.502414e-01	4.502184e-01	2.184101e-12	
351	1.632500e-08	4.502414e-01	4.502184e-01	2.184048e-12	
352	1.637500e-08	4.502414e-01	4.502184e-01	2.184002e-12	
353	1.642500e-08	4.502413e-01	4.502184e-01	2.183950e-12	
354	1.647500e-08	4.502413e-01	4.502184e-01	2.183903e-12	
355	1.652500e-08	4.502413e-01	4.502184e-01	2.183851e-12	
356	1.657500e-08	4.502413e-01	4.502184e-01	2.183805e-12	
357	1.662500e-08	4.502413e-01	4.502184e-01	2.183752e-12	
358	1.667500e-08	4.502413e-01	4.502184e-01	2.183706e-12	
359	1.672500e-08	4.502413e-01	4.502184e-01	2.183654e-12	
360	1.677500e-08	4.502413e-01	4.502184e-01	2.183607e-12	
361	1.682500e-08	4.502413e-01	4.502184e-01	2.183555e-12	
362	1.687500e-08	4.502413e-01	4.502184e-01	2.183509e-12	
363	1.692500e-08	4.502413e-01	4.502183e-01	2.183457e-12	
364	1.697500e-08	4.502413e-01	4.502183e-01	2.183410e-12	
365	1.702500e-08	4.502413e-01	4.502183e-01	2.183358e-12	
366	1.707500e-08	4.502413e-01	4.502183e-01	2.183311e-12	
367	1.712500e-08	4.502413e-01	4.502183e-01	2.183259e-12	
368	1.717500e-08	4.502413e-01	4.502183e-01	2.183213e-12	
369	1.722500e-08	4.502413e-01	4.502183e-01	2.183161e-12	
370	1.727500e-08	4.502413e-01	4.502183e-01	2.183114e-12	
371	1.732500e-08	4.502412e-01	4.502183e-01	2.183062e-12	
372	1.737500e-08	4.502412e-01	4.502183e-01	2.183015e-12	
373	1.742500e-08	4.502412e-01	4.502183e-01	2.182963e-12	
374	1.747500e-08	4.502412e-01	4.502183e-01	2.182917e-12	
375	1.752500e-08	4.502412e-01	4.502183e-01	2.182865e-12	
376	1.757500e-08	4.502412e-01	4.502183e-01	2.182818e-12	
377	1.762500e-08	4.502412e-01	4.502183e-01	2.182766e-12	
378	1.767500e-08	4.502412e-01	4.502183e-01	2.182719e-12	
379	1.772500e-08	4.502412e-01	4.502183e-01	2.182667e-12	
380	1.777500e-08	4.502412e-01	4.502183e-01	2.182621e-12	
381	1.782500e-08	4.502412e-01	4.502183e-01	2.182569e-12	
382	1.787500e-08	4.502412e-01	4.502183e-01	2.182522e-12	
383	1.792500e-08	4.502412e-01	4.502182e-01	2.182470e-12	
384	1.797500e-08	4.502412e-01	4.502182e-01	2.182424e-12	
385	1.802500e-08	4.502412e-01	4.502182e-01	2.182372e-12	
386	1.807500e-08	4.502412e-01	4.502182e-01	2.182325e-12	
387	1.812500e-08	4.502412e-01	4.502182e-01	2.182273e-12	
388	1.817500e-08	4.502412e-01	4.502182e-01	2.182226e-12	
389	1.822500e-08	4.502412e-01	4.502182e-01	2.182174e-12	
390	1.827500e-08	4.502411e-01	4.502182e-01	2.182128e-12	
391	1.832500e-08	4.502411e-01	4.502182e-01	2.182076e-12	
392	1.837500e-08	4.502411e-01	4.502182e-01	2.182029e-12	
393	1.842500e-08	4.502411e-01	4.502182e-01	2.181977e-12	
394	1.847500e-08	4.502411e-01	4.502182e-01	2.181931e-12	
395	1.852500e-08	4.502411e-01	4.502182e-01	2.181879e-12	
396	1.857500e-08	4.502411e-01	4.502182e-01	2.181832e-12	
397	1.862500e-08	4.502411e-01	4.502182e-01	2.181780e-12	
398	1.867500e-08	4.502411e-01	4.502182e-01	2.181733e-12	
399	1.872500e-08	4.502411e-01	4.502182e-01	2.181681e-12	
400	1.877500e-08	4.502411e-01	4.502182e-01	2.181635e-12	
401	1.882500e-08	4.502411e-01	4.502182e-01	2.181583e-12	
402	1.887500e-08	4.502411e-01	4.502182e-01	2.181536e-12	

Index   time            v(cell)         v(bl)           vpre#branch     
--------------------------------------------------------------------------------
403	1.892500e-08	4.502411e-01	4.502181e-01	2.181484e-12	
404	1.897500e-08	4.502411e-01	4.502181e-01	2.181438e-12	
405	1.902500e-08	4.502411e-01	4.502181e-01	2.181386e-12	
406	1.907500e-08	4.502411e-01	4.502181e-01	2.181339e-12	
407	1.912500e-08	4.502411e-01	4.502181e-01	2.181287e-12	
408	1.917500e-08	4.502410e-01	4.502181e-01	2.181240e-12	
409	1.922500e-08	4.502410e-01	4.502181e-01	2.181189e-12	
410	1.927500e-08	4.502410e-01	4.502181e-01	2.181142e-12	
411	1.932500e-08	4.502410e-01	4.502181e-01	2.181090e-12	
412	1.937500e-08	4.502410e-01	4.502181e-01	2.181043e-12	
413	1.942500e-08	4.502410e-01	4.502181e-01	2.180992e-12	
414	1.947500e-08	4.502410e-01	4.502181e-01	2.180945e-12	
415	1.952500e-08	4.502410e-01	4.502181e-01	2.180893e-12	
416	1.957500e-08	4.502410e-01	4.502181e-01	2.180846e-12	
417	1.962500e-08	4.502410e-01	4.502181e-01	2.180795e-12	
418	1.967500e-08	4.502410e-01	4.502181e-01	2.180748e-12	
419	1.972500e-08	4.502410e-01	4.502181e-01	2.180696e-12	
420	1.977500e-08	4.502410e-01	4.502181e-01	2.180649e-12	
421	1.982500e-08	4.502410e-01	4.502181e-01	2.180597e-12	
422	1.987500e-08	4.502410e-01	4.502181e-01	2.180551e-12	
423	1.992500e-08	4.502410e-01	4.502180e-01	2.180499e-12	
424	1.997500e-08	4.502410e-01	4.502180e-01	2.180452e-12	
425	2.002500e-08	4.502410e-01	4.502180e-01	2.180400e-12	
426	2.007500e-08	4.502409e-01	4.502180e-01	2.180353e-12	
427	2.012500e-08	4.502409e-01	4.502180e-01	2.180302e-12	
428	2.017500e-08	4.502409e-01	4.502180e-01	2.180255e-12	
429	2.022500e-08	4.502409e-01	4.502180e-01	2.180203e-12	
430	2.027500e-08	4.502409e-01	4.502180e-01	2.180156e-12	
431	2.032500e-08	4.502409e-01	4.502180e-01	2.180105e-12	
432	2.037500e-08	4.502409e-01	4.502180e-01	2.180058e-12	
433	2.042500e-08	4.502409e-01	4.502180e-01	2.180006e-12	
434	2.047500e-08	4.502409e-01	4.502180e-01	2.179959e-12	
435	2.052500e-08	4.502409e-01	4.502180e-01	2.179908e-12	
436	2.057500e-08	4.502409e-01	4.502180e-01	2.179861e-12	
437	2.062500e-08	4.502409e-01	4.502180e-01	2.179809e-12	
438	2.067500e-08	4.502409e-01	4.502180e-01	2.179762e-12	
439	2.072500e-08	4.502409e-01	4.502180e-01	2.179711e-12	
440	2.077500e-08	4.502409e-01	4.502180e-01	2.179664e-12	
441	2.082500e-08	4.502409e-01	4.502180e-01	2.179612e-12	
442	2.087500e-08	4.502409e-01	4.502180e-01	2.179565e-12	
443	2.092500e-08	4.502409e-01	4.502180e-01	2.179514e-12	
444	2.097500e-08	4.502409e-01	4.502179e-01	2.179467e-12	
445	2.102500e-08	4.502408e-01	4.502179e-01	2.179415e-12	
446	2.107500e-08	4.502408e-01	4.502179e-01	2.179368e-12	
447	2.112500e-08	4.502408e-01	4.502179e-01	2.179317e-12	
448	2.117500e-08	4.502408e-01	4.502179e-01	2.179270e-12	
449	2.122500e-08	4.502408e-01	4.502179e-01	2.179219e-12	
450	2.127500e-08	4.502408e-01	4.502179e-01	2.179171e-12	
451	2.132500e-08	4.502408e-01	4.502179e-01	2.179120e-12	
452	2.137500e-08	4.502408e-01	4.502179e-01	2.179073e-12	
453	2.142500e-08	4.502408e-01	4.502179e-01	2.179022e-12	
454	2.147500e-08	4.502408e-01	4.502179e-01	2.178975e-12	
455	2.152500e-08	4.502408e-01	4.502179e-01	2.178923e-12	
456	2.157500e-08	4.502408e-01	4.502179e-01	2.178876e-12	
457	2.162500e-08	4.502408e-01	4.502179e-01	2.178825e-12	
458	2.167500e-08	4.502408e-01	4.502179e-01	2.178778e-12	
459	2.172500e-08	4.502408e-01	4.502179e-01	2.178726e-12	
460	2.177500e-08	4.502408e-01	4.502179e-01	2.178679e-12	

Index   time            v(cell)         v(bl)           vpre#branch     
--------------------------------------------------------------------------------
461	2.182500e-08	4.502408e-01	4.502179e-01	2.178628e-12	
462	2.187500e-08	4.502408e-01	4.502179e-01	2.178581e-12	
463	2.192500e-08	4.502407e-01	4.502179e-01	2.178529e-12	
464	2.196250e-08	4.502407e-01	4.502178e-01	2.178495e-12	
465	2.200000e-08	4.502407e-01	4.502178e-01	2.178456e-12	
466	2.200500e-08	4.502389e-01	4.459230e-01	-4.07696e-11	
467	2.201500e-08	4.502352e-01	4.374414e-01	-1.25586e-10	
468	2.203500e-08	4.502276e-01	4.209534e-01	-2.90466e-10	
469	2.207500e-08	4.502125e-01	3.893001e-01	-6.06999e-10	
470	2.212500e-08	4.501936e-01	3.518339e-01	-9.81661e-10	
471	2.217500e-08	4.501748e-01	3.163784e-01	-1.33622e-09	
472	2.222500e-08	4.501562e-01	2.827069e-01	-1.67293e-09	
473	2.227500e-08	4.501377e-01	2.507062e-01	-1.99294e-09	
474	2.232500e-08	4.501194e-01	2.203037e-01	-2.29696e-09	
475	2.237500e-08	4.501012e-01	1.914540e-01	-2.58546e-09	
476	2.242500e-08	4.500831e-01	1.641234e-01	-2.85877e-09	
477	2.247500e-08	4.500651e-01	1.382789e-01	-3.11721e-09	
478	2.252500e-08	4.500471e-01	1.138823e-01	-3.36118e-09	
479	2.257500e-08	4.500292e-01	9.088683e-02	-3.59113e-09	
480	2.262500e-08	4.500113e-01	6.923820e-02	-3.80762e-09	
481	2.267500e-08	4.499934e-01	4.887577e-02	-4.01124e-09	
482	2.272500e-08	4.499755e-01	2.973518e-02	-4.20265e-09	
483	2.277500e-08	4.499576e-01	1.175063e-02	-4.38249e-09	
484	2.282500e-08	4.499398e-01	-5.14324e-03	-4.55143e-09	
485	2.287500e-08	4.499219e-01	-2.10100e-02	-4.71010e-09	
486	2.292500e-08	4.499040e-01	-3.59108e-02	-4.85911e-09	
487	2.296250e-08	4.498906e-01	-4.64860e-02	-4.96486e-09	
488	2.300000e-08	4.498772e-01	-5.65740e-02	-5.06574e-09	
489	2.300500e-08	4.498772e-01	-5.34075e-02	-5.03407e-09	
490	2.301500e-08	4.498772e-01	-4.71141e-02	-4.97114e-09	
491	2.303500e-08	4.498772e-01	-3.47619e-02	-4.84762e-09	
492	2.307500e-08	4.498772e-01	-1.09671e-02	-4.60967e-09	
493	2.312500e-08	4.498772e-01	1.714382e-02	-4.32856e-09	
494	2.317500e-08	4.498772e-01	4.354043e-02	-4.06460e-09	
495	2.322500e-08	4.498772e-01	6.832731e-02	-3.81673e-09	
496	2.327500e-08	4.498772e-01	9.160262e-02	-3.58397e-09	
497	2.332500e-08	4.498772e-01	1.134585e-01	-3.36541e-09	
498	2.337500e-08	4.498772e-01	1.339816e-01	-3.16018e-09	
499	2.342500e-08	4.498772e-01	1.532532e-01	-2.96747e-09	
500	2.347500e-08	4.498772e-01	1.713495e-01	-2.78651e-09	
501	2.352500e-08	4.498772e-01	1.883423e-01	-2.61658e-09	
502	2.357500e-08	4.498772e-01	2.042988e-01	-2.45701e-09	
503	2.362500e-08	4.498772e-01	2.192822e-01	-2.30718e-09	
504	2.367500e-08	4.498772e-01	2.333519e-01	-2.16648e-09	
505	2.372500e-08	4.498772e-01	2.465636e-01	-2.03436e-09	
506	2.377500e-08	4.498772e-01	2.589697e-01	-1.91030e-09	
507	2.382500e-08	4.498772e-01	2.706191e-01	-1.79381e-09	
508	2.387500e-08	4.498772e-01	2.815582e-01	-1.68442e-09	
509	2.392500e-08	4.498772e-01	2.918302e-01	-1.58170e-09	
510	2.397500e-08	4.498772e-01	3.014757e-01	-1.48524e-09	
511	2.402500e-08	4.498772e-01	3.105331e-01	-1.39467e-09	
512	2.407500e-08	4.498772e-01	3.190381e-01	-1.30962e-09	
513	2.412500e-08	4.498772e-01	3.270245e-01	-1.22976e-09	
514	2.417500e-08	4.498772e-01	3.345238e-01	-1.15476e-09	
515	2.422500e-08	4.498772e-01	3.415658e-01	-1.08434e-09	
516	2.427500e-08	4.498772e-01	3.481784e-01	-1.01822e-09	
517	2.432500e-08	4.498772e-01	3.543877e-01	-9.56123e-10	
518	2.437500e-08	4.498772e-01	3.602184e-01	-8.97816e-10	

Index   time            v(cell)         v(bl)           vpre#branch     
--------------------------------------------------------------------------------
519	2.442500e-08	4.498772e-01	3.656935e-01	-8.43065e-10	
520	2.447500e-08	4.498772e-01	3.708347e-01	-7.91653e-10	
521	2.452500e-08	4.498772e-01	3.756624e-01	-7.43376e-10	
522	2.457500e-08	4.498772e-01	3.801957e-01	-6.98043e-10	
523	2.462500e-08	4.498772e-01	3.844525e-01	-6.55475e-10	
524	2.467500e-08	4.498772e-01	3.884497e-01	-6.15503e-10	
525	2.472500e-08	4.498772e-01	3.922032e-01	-5.77968e-10	
526	2.477500e-08	4.498772e-01	3.957278e-01	-5.42722e-10	
527	2.482500e-08	4.498772e-01	3.990374e-01	-5.09626e-10	
528	2.487500e-08	4.498772e-01	4.021453e-01	-4.78547e-10	
529	2.492500e-08	4.498772e-01	4.050636e-01	-4.49364e-10	
530	2.497500e-08	4.498772e-01	4.078039e-01	-4.21961e-10	
531	2.502500e-08	4.498772e-01	4.103771e-01	-3.96229e-10	
532	2.507500e-08	4.498772e-01	4.127934e-01	-3.72066e-10	
533	2.512500e-08	4.498772e-01	4.150623e-01	-3.49377e-10	
534	2.517500e-08	4.498772e-01	4.171929e-01	-3.28071e-10	
535	2.522500e-08	4.498772e-01	4.191936e-01	-3.08064e-10	
536	2.527500e-08	4.498772e-01	4.210722e-01	-2.89278e-10	
537	2.532500e-08	4.498772e-01	4.228363e-01	-2.71637e-10	
538	2.537500e-08	4.498772e-01	4.244928e-01	-2.55072e-10	
539	2.542500e-08	4.498772e-01	4.260483e-01	-2.39517e-10	
540	2.547500e-08	4.498772e-01	4.275089e-01	-2.24911e-10	
541	2.552500e-08	4.498772e-01	4.288805e-01	-2.11195e-10	
542	2.557500e-08	4.498772e-01	4.301684e-01	-1.98316e-10	
543	2.562500e-08	4.498772e-01	4.313778e-01	-1.86222e-10	
544	2.567500e-08	4.498772e-01	4.325134e-01	-1.74866e-10	
545	2.572500e-08	4.498772e-01	4.335798e-01	-1.64202e-10	
546	2.577500e-08	4.498772e-01	4.345811e-01	-1.54189e-10	
547	2.582500e-08	4.498772e-01	4.355214e-01	-1.44786e-10	
548	2.587500e-08	4.498772e-01	4.364043e-01	-1.35957e-10	
549	2.592500e-08	4.498772e-01	4.372334e-01	-1.27666e-10	
550	2.597500e-08	4.498772e-01	4.380120e-01	-1.19880e-10	
551	2.602500e-08	4.498772e-01	4.387430e-01	-1.12570e-10	
552	2.607500e-08	4.498772e-01	4.394295e-01	-1.05705e-10	
553	2.612500e-08	4.498772e-01	4.400741e-01	-9.92587e-11	
554	2.617500e-08	4.498772e-01	4.406794e-01	-9.32057e-11	
555	2.622500e-08	4.498772e-01	4.412478e-01	-8.75218e-11	
556	2.627500e-08	4.498772e-01	4.417815e-01	-8.21845e-11	
557	2.632500e-08	4.498772e-01	4.422827e-01	-7.71727e-11	
558	2.637500e-08	4.498772e-01	4.427533e-01	-7.24665e-11	
559	2.642500e-08	4.498772e-01	4.431953e-01	-6.80474e-11	
560	2.647500e-08	4.498772e-01	4.436102e-01	-6.38977e-11	
561	2.652500e-08	4.498772e-01	4.439999e-01	-6.00010e-11	
562	2.657500e-08	4.498772e-01	4.443658e-01	-5.63420e-11	
563	2.662500e-08	4.498772e-01	4.447094e-01	-5.29062e-11	
564	2.667500e-08	4.498772e-01	4.450320e-01	-4.96798e-11	
565	2.672500e-08	4.498772e-01	4.453350e-01	-4.66502e-11	
566	2.677500e-08	4.498772e-01	4.456195e-01	-4.38054e-11	
567	2.682500e-08	4.498772e-01	4.458866e-01	-4.11340e-11	
568	2.687500e-08	4.498772e-01	4.461374e-01	-3.86256e-11	
569	2.692500e-08	4.498772e-01	4.463730e-01	-3.62701e-11	
570	2.697500e-08	4.498772e-01	4.465942e-01	-3.40583e-11	
571	2.702500e-08	4.498772e-01	4.468019e-01	-3.19813e-11	
572	2.707500e-08	4.498772e-01	4.469969e-01	-3.00310e-11	
573	2.712500e-08	4.498772e-01	4.471800e-01	-2.81997e-11	
574	2.717500e-08	4.498772e-01	4.473520e-01	-2.64800e-11	
575	2.722500e-08	4.498772e-01	4.475135e-01	-2.48652e-11	
576	2.727500e-08	4.498772e-01	4.476651e-01	-2.33488e-11	

Index   time            v(cell)         v(bl)           vpre#branch     
--------------------------------------------------------------------------------
577	2.732500e-08	4.498772e-01	4.478075e-01	-2.19250e-11	
578	2.737500e-08	4.498772e-01	4.479412e-01	-2.05879e-11	
579	2.742500e-08	4.498772e-01	4.480668e-01	-1.93324e-11	
580	2.747500e-08	4.498772e-01	4.481847e-01	-1.81535e-11	
581	2.752500e-08	4.498772e-01	4.482954e-01	-1.70464e-11	
582	2.757500e-08	4.498772e-01	4.483993e-01	-1.60069e-11	
583	2.762500e-08	4.498772e-01	4.484969e-01	-1.50308e-11	
584	2.767500e-08	4.498772e-01	4.485886e-01	-1.41142e-11	
585	2.772500e-08	4.498772e-01	4.486747e-01	-1.32534e-11	
586	2.777500e-08	4.498772e-01	4.487555e-01	-1.24452e-11	
587	2.782500e-08	4.498772e-01	4.488314e-01	-1.16863e-11	
588	2.787500e-08	4.498772e-01	4.489026e-01	-1.09736e-11	
589	2.792500e-08	4.498772e-01	4.489696e-01	-1.03044e-11	
590	2.797500e-08	4.498772e-01	4.490324e-01	-9.67604e-12	
591	2.802500e-08	4.498772e-01	4.490914e-01	-9.08597e-12	
592	2.807500e-08	4.498772e-01	4.491468e-01	-8.53189e-12	
593	2.812500e-08	4.498772e-01	4.491988e-01	-8.01159e-12	
594	2.817500e-08	4.498772e-01	4.492477e-01	-7.52303e-12	
595	2.822500e-08	4.498772e-01	4.492936e-01	-7.06425e-12	
596	2.827500e-08	4.498772e-01	4.493367e-01	-6.63346e-12	
597	2.832500e-08	4.498772e-01	4.493771e-01	-6.22894e-12	
598	2.837500e-08	4.498772e-01	4.494151e-01	-5.84908e-12	
599	2.842500e-08	4.498772e-01	4.494508e-01	-5.49239e-12	
600	2.847500e-08	4.498772e-01	4.494843e-01	-5.15745e-12	
601	2.852500e-08	4.498772e-01	4.495157e-01	-4.84294e-12	
602	2.857500e-08	4.498772e-01	4.495452e-01	-4.54760e-12	
603	2.862500e-08	4.498772e-01	4.495730e-01	-4.27028e-12	
604	2.867500e-08	4.498772e-01	4.495990e-01	-4.00987e-12	
605	2.872500e-08	4.498772e-01	4.496235e-01	-3.76534e-12	
606	2.877500e-08	4.498772e-01	4.496464e-01	-3.53572e-12	
607	2.882500e-08	4.498772e-01	4.496680e-01	-3.32010e-12	
608	2.887500e-08	4.498772e-01	4.496882e-01	-3.11763e-12	
609	2.892500e-08	4.498772e-01	4.497072e-01	-2.92751e-12	
610	2.897500e-08	4.498772e-01	4.497251e-01	-2.74899e-12	
611	2.902500e-08	4.498772e-01	4.497419e-01	-2.58135e-12	
612	2.907500e-08	4.498772e-01	4.497576e-01	-2.42393e-12	
613	2.912500e-08	4.498772e-01	4.497724e-01	-2.27611e-12	
614	2.917500e-08	4.498772e-01	4.497863e-01	-2.13731e-12	
615	2.922500e-08	4.498772e-01	4.497993e-01	-2.00697e-12	
616	2.927500e-08	4.498772e-01	4.498115e-01	-1.88458e-12	
617	2.932500e-08	4.498772e-01	4.498230e-01	-1.76966e-12	
618	2.937500e-08	4.498772e-01	4.498338e-01	-1.66174e-12	
619	2.942500e-08	4.498772e-01	4.498440e-01	-1.56040e-12	
620	2.947500e-08	4.498772e-01	4.498535e-01	-1.46524e-12	
621	2.952500e-08	4.498772e-01	4.498624e-01	-1.37589e-12	
622	2.957500e-08	4.498772e-01	4.498708e-01	-1.29199e-12	
623	2.962500e-08	4.498772e-01	4.498787e-01	-1.21320e-12	
624	2.967500e-08	4.498772e-01	4.498861e-01	-1.13921e-12	
625	2.972500e-08	4.498772e-01	4.498930e-01	-1.06974e-12	
626	2.977500e-08	4.498772e-01	4.498995e-01	-1.00451e-12	
627	2.982500e-08	4.498772e-01	4.499057e-01	-9.43249e-13	
628	2.987500e-08	4.498772e-01	4.499114e-01	-8.85728e-13	
629	2.992500e-08	4.498772e-01	4.499168e-01	-8.31714e-13	
630	2.997500e-08	4.498772e-01	4.499219e-01	-7.80994e-13	
631	3.002500e-08	4.498772e-01	4.499267e-01	-7.33367e-13	
632	3.007500e-08	4.498772e-01	4.499311e-01	-6.88645e-13	
633	3.012500e-08	4.498772e-01	4.499353e-01	-6.46649e-13	
634	3.017500e-08	4.498772e-01	4.499393e-01	-6.07215e-13	

Index   time            v(cell)         v(bl)           vpre#branch     
--------------------------------------------------------------------------------
635	3.022500e-08	4.498772e-01	4.499430e-01	-5.70186e-13	
636	3.027500e-08	4.498772e-01	4.499465e-01	-5.35415e-13	
637	3.032500e-08	4.498772e-01	4.499497e-01	-5.02764e-13	
638	3.037500e-08	4.498772e-01	4.499528e-01	-4.72104e-13	
639	3.042500e-08	4.498772e-01	4.499557e-01	-4.43314e-13	
640	3.047500e-08	4.498772e-01	4.499584e-01	-4.16280e-13	
641	3.052500e-08	4.498772e-01	4.499609e-01	-3.90894e-13	
642	3.057500e-08	4.498772e-01	4.499633e-01	-3.67056e-13	
643	3.062500e-08	4.498772e-01	4.499655e-01	-3.44672e-13	
644	3.067500e-08	4.498772e-01	4.499676e-01	-3.23654e-13	
645	3.072500e-08	4.498772e-01	4.499696e-01	-3.03916e-13	
646	3.077500e-08	4.498772e-01	4.499715e-01	-2.85383e-13	
647	3.082500e-08	4.498772e-01	4.499732e-01	-2.67980e-13	
648	3.087500e-08	4.498772e-01	4.499748e-01	-2.51638e-13	
649	3.092500e-08	4.498772e-01	4.499764e-01	-2.36292e-13	
650	3.097500e-08	4.498772e-01	4.499778e-01	-2.21882e-13	
651	3.102500e-08	4.498772e-01	4.499792e-01	-2.08352e-13	
652	3.107500e-08	4.498772e-01	4.499804e-01	-1.95646e-13	
653	3.112500e-08	4.498772e-01	4.499816e-01	-1.83715e-13	
654	3.117500e-08	4.498772e-01	4.499827e-01	-1.72512e-13	
655	3.122500e-08	4.498772e-01	4.499838e-01	-1.61991e-13	
656	3.127500e-08	4.498772e-01	4.499848e-01	-1.52113e-13	
657	3.132500e-08	4.498772e-01	4.499857e-01	-1.42837e-13	
658	3.137500e-08	4.498772e-01	4.499866e-01	-1.34126e-13	
659	3.142500e-08	4.498772e-01	4.499874e-01	-1.25947e-13	
660	3.147500e-08	4.498772e-01	4.499882e-01	-1.18266e-13	
661	3.152500e-08	4.498772e-01	4.499889e-01	-1.11054e-13	
662	3.157500e-08	4.498772e-01	4.499896e-01	-1.04282e-13	
663	3.162500e-08	4.498772e-01	4.499902e-01	-9.79224e-14	
664	3.167500e-08	4.498772e-01	4.499908e-01	-9.19509e-14	
665	3.172500e-08	4.498772e-01	4.499914e-01	-8.63435e-14	
666	3.177500e-08	4.498772e-01	4.499919e-01	-8.10781e-14	
667	3.182500e-08	4.498772e-01	4.499924e-01	-7.61338e-14	
668	3.187500e-08	4.498772e-01	4.499929e-01	-7.14910e-14	
669	3.192500e-08	4.498772e-01	4.499933e-01	-6.71313e-14	
670	3.197500e-08	4.498772e-01	4.499937e-01	-6.30375e-14	
671	3.202500e-08	4.498772e-01	4.499941e-01	-5.91933e-14	
672	3.207500e-08	4.498772e-01	4.499944e-01	-5.55836e-14	
673	3.212500e-08	4.498772e-01	4.499948e-01	-5.21940e-14	
674	3.217500e-08	4.498772e-01	4.499951e-01	-4.90111e-14	
675	3.222500e-08	4.498772e-01	4.499954e-01	-4.60223e-14	
676	3.227500e-08	4.498772e-01	4.499957e-01	-4.32158e-14	
677	3.232500e-08	4.498772e-01	4.499959e-01	-4.05804e-14	
678	3.237500e-08	4.498772e-01	4.499962e-01	-3.81057e-14	
679	3.242500e-08	4.498772e-01	4.499964e-01	-3.57819e-14	
680	3.247500e-08	4.498772e-01	4.499966e-01	-3.35999e-14	
681	3.252500e-08	4.498772e-01	4.499968e-01	-3.15509e-14	
682	3.257500e-08	4.498772e-01	4.499970e-01	-2.96269e-14	
683	3.262500e-08	4.498772e-01	4.499972e-01	-2.78202e-14	
684	3.267500e-08	4.498772e-01	4.499974e-01	-2.61236e-14	
685	3.272500e-08	4.498772e-01	4.499975e-01	-2.45306e-14	
686	3.277500e-08	4.498772e-01	4.499977e-01	-2.30347e-14	
687	3.282500e-08	4.498772e-01	4.499978e-01	-2.16300e-14	
688	3.287500e-08	4.498772e-01	4.499980e-01	-2.03109e-14	
689	3.292500e-08	4.498772e-01	4.499981e-01	-1.90723e-14	
690	3.297500e-08	4.498772e-01	4.499982e-01	-1.79093e-14	
691	3.302500e-08	4.498772e-01	4.499983e-01	-1.68171e-14	
692	3.307500e-08	4.498772e-01	4.499984e-01	-1.57916e-14	

Index   time            v(cell)         v(bl)           vpre#branch     
--------------------------------------------------------------------------------
693	3.312500e-08	4.498772e-01	4.499985e-01	-1.48286e-14	
694	3.317500e-08	4.498772e-01	4.499986e-01	-1.39243e-14	
695	3.322500e-08	4.498772e-01	4.499987e-01	-1.30752e-14	
696	3.327500e-08	4.498772e-01	4.499988e-01	-1.22779e-14	
697	3.332500e-08	4.498772e-01	4.499988e-01	-1.15291e-14	
698	3.337500e-08	4.498772e-01	4.499989e-01	-1.08261e-14	
699	3.342500e-08	4.498772e-01	4.499990e-01	-1.01659e-14	
700	3.347500e-08	4.498772e-01	4.499990e-01	-9.54597e-15	
701	3.352500e-08	4.498772e-01	4.499991e-01	-8.96385e-15	
702	3.357500e-08	4.498772e-01	4.499992e-01	-8.41722e-15	
703	3.362500e-08	4.498772e-01	4.499992e-01	-7.90393e-15	
704	3.367500e-08	4.498772e-01	4.499993e-01	-7.42195e-15	
705	3.372500e-08	4.498772e-01	4.499993e-01	-6.96935e-15	
706	3.377500e-08	4.498772e-01	4.499993e-01	-6.54436e-15	
707	3.382500e-08	4.498772e-01	4.499994e-01	-6.14528e-15	
708	3.387500e-08	4.498772e-01	4.499994e-01	-5.77054e-15	
709	3.392500e-08	4.498772e-01	4.499995e-01	-5.41865e-15	
710	3.397500e-08	4.498772e-01	4.499995e-01	-5.08822e-15	
711	3.402500e-08	4.498772e-01	4.499995e-01	-4.77795e-15	
712	3.407500e-08	4.498772e-01	4.499996e-01	-4.48659e-15	
713	3.412500e-08	4.498772e-01	4.499996e-01	-4.21300e-15	
714	3.417500e-08	4.498772e-01	4.499996e-01	-3.95609e-15	
715	3.422500e-08	4.498772e-01	4.499996e-01	-3.71486e-15	
716	3.427500e-08	4.498772e-01	4.499997e-01	-3.48833e-15	
717	3.432500e-08	4.498772e-01	4.499997e-01	-3.27562e-15	
718	3.437500e-08	4.498772e-01	4.499997e-01	-3.07587e-15	
719	3.442500e-08	4.498772e-01	4.499997e-01	-2.88831e-15	
720	3.447500e-08	4.498772e-01	4.499997e-01	-2.71219e-15	
721	3.452500e-08	4.498772e-01	4.499997e-01	-2.54681e-15	
722	3.457500e-08	4.498772e-01	4.499998e-01	-2.39151e-15	
723	3.462500e-08	4.498772e-01	4.499998e-01	-2.24568e-15	
724	3.467500e-08	4.498772e-01	4.499998e-01	-2.10875e-15	
725	3.472500e-08	4.498772e-01	4.499998e-01	-1.98017e-15	
726	3.477500e-08	4.498772e-01	4.499998e-01	-1.85942e-15	
727	3.482500e-08	4.498772e-01	4.499998e-01	-1.74605e-15	
728	3.487500e-08	4.498772e-01	4.499998e-01	-1.63958e-15	
729	3.492500e-08	4.498772e-01	4.499998e-01	-1.53961e-15	
730	3.497500e-08	4.498772e-01	4.499999e-01	-1.44573e-15	
731	3.502500e-08	4.498772e-01	4.499999e-01	-1.35758e-15	
732	3.507500e-08	4.498772e-01	4.499999e-01	-1.27481e-15	
733	3.512500e-08	4.498772e-01	4.499999e-01	-1.19708e-15	
734	3.517500e-08	4.498772e-01	4.499999e-01	-1.12409e-15	
735	3.522500e-08	4.498772e-01	4.499999e-01	-1.05556e-15	
736	3.527500e-08	4.498772e-01	4.499999e-01	-9.91201e-16	
737	3.532500e-08	4.498772e-01	4.499999e-01	-9.30768e-16	
738	3.537500e-08	4.498772e-01	4.499999e-01	-8.74021e-16	
739	3.542500e-08	4.498772e-01	4.499999e-01	-8.20734e-16	
740	3.547500e-08	4.498772e-01	4.499999e-01	-7.70697e-16	
741	3.552500e-08	4.498772e-01	4.499999e-01	-7.23712e-16	
742	3.557500e-08	4.498772e-01	4.499999e-01	-6.79592e-16	
743	3.562500e-08	4.498772e-01	4.499999e-01	-6.38163e-16	
744	3.567500e-08	4.498772e-01	4.499999e-01	-5.99259e-16	
745	3.572500e-08	4.498772e-01	4.499999e-01	-5.62728e-16	
746	3.577500e-08	4.498772e-01	4.499999e-01	-5.28424e-16	
747	3.582500e-08	4.498772e-01	4.500000e-01	-4.96213e-16	
748	3.587500e-08	4.498772e-01	4.500000e-01	-4.65966e-16	
749	3.592500e-08	4.498772e-01	4.500000e-01	-4.37564e-16	
750	3.597500e-08	4.498772e-01	4.500000e-01	-4.10894e-16	

Index   time            v(cell)         v(bl)           vpre#branch     
--------------------------------------------------------------------------------
751	3.602500e-08	4.498772e-01	4.500000e-01	-3.85850e-16	
752	3.607500e-08	4.498772e-01	4.500000e-01	-3.62334e-16	
753	3.612500e-08	4.498772e-01	4.500000e-01	-3.40251e-16	
754	3.617500e-08	4.498772e-01	4.500000e-01	-3.19515e-16	
755	3.622500e-08	4.498772e-01	4.500000e-01	-3.00044e-16	
756	3.627500e-08	4.498772e-01	4.500000e-01	-2.81760e-16	
757	3.632500e-08	4.498772e-01	4.500000e-01	-2.64591e-16	
758	3.637500e-08	4.498772e-01	4.500000e-01	-2.48469e-16	
759	3.642500e-08	4.498772e-01	4.500000e-01	-2.33330e-16	
760	3.647500e-08	4.498772e-01	4.500000e-01	-2.19115e-16	
761	3.652500e-08	4.498772e-01	4.500000e-01	-2.05766e-16	
762	3.657500e-08	4.498772e-01	4.500000e-01	-1.93231e-16	
763	3.662500e-08	4.498772e-01	4.500000e-01	-1.81461e-16	
764	3.667500e-08	4.498772e-01	4.500000e-01	-1.70408e-16	
765	3.672500e-08	4.498772e-01	4.500000e-01	-1.60029e-16	
766	3.677500e-08	4.498772e-01	4.500000e-01	-1.50283e-16	
767	3.682500e-08	4.498772e-01	4.500000e-01	-1.41132e-16	
768	3.687500e-08	4.498772e-01	4.500000e-01	-1.32539e-16	
769	3.692500e-08	4.498772e-01	4.500000e-01	-1.24470e-16	
770	3.697500e-08	4.498772e-01	4.500000e-01	-1.16893e-16	
771	3.702500e-08	4.498772e-01	4.500000e-01	-1.09778e-16	
772	3.707500e-08	4.498772e-01	4.500000e-01	-1.03097e-16	
773	3.712500e-08	4.498772e-01	4.500000e-01	-9.68228e-17	
774	3.717500e-08	4.498772e-01	4.500000e-01	-9.09320e-17	
775	3.722500e-08	4.498772e-01	4.500000e-01	-8.54005e-17	
776	3.727500e-08	4.498772e-01	4.500000e-01	-8.02064e-17	
777	3.732500e-08	4.498772e-01	4.500000e-01	-7.53289e-17	
778	3.737500e-08	4.498772e-01	4.500000e-01	-7.07485e-17	
779	3.742500e-08	4.498772e-01	4.500000e-01	-6.64470e-17	
780	3.747500e-08	4.498772e-01	4.500000e-01	-6.24083e-17	
781	3.752500e-08	4.498772e-01	4.500000e-01	-5.86162e-17	
782	3.757500e-08	4.498772e-01	4.500000e-01	-5.50550e-17	
783	3.762500e-08	4.498772e-01	4.500000e-01	-5.17110e-17	
784	3.767500e-08	4.498772e-01	4.500000e-01	-4.85712e-17	
785	3.772500e-08	4.498772e-01	4.500000e-01	-4.56226e-17	
786	3.777500e-08	4.498772e-01	4.500000e-01	-4.28538e-17	
787	3.782500e-08	4.498772e-01	4.500000e-01	-4.02538e-17	
788	3.787500e-08	4.498772e-01	4.500000e-01	-3.78123e-17	
789	3.792500e-08	4.498772e-01	4.500000e-01	-3.55202e-17	
790	3.797500e-08	4.498772e-01	4.500000e-01	-3.33678e-17	
791	3.802500e-08	4.498772e-01	4.500000e-01	-3.13467e-17	
792	3.807500e-08	4.498772e-01	4.500000e-01	-2.94485e-17	
793	3.812500e-08	4.498772e-01	4.500000e-01	-2.76660e-17	
794	3.817500e-08	4.498772e-01	4.500000e-01	-2.59922e-17	
795	3.822500e-08	4.498772e-01	4.500000e-01	-2.44204e-17	
796	3.827500e-08	4.498772e-01	4.500000e-01	-2.29446e-17	
797	3.832500e-08	4.498772e-01	4.500000e-01	-2.15583e-17	
798	3.837500e-08	4.498772e-01	4.500000e-01	-2.02565e-17	
799	3.842500e-08	4.498772e-01	4.500000e-01	-1.90346e-17	
800	3.847500e-08	4.498772e-01	4.500000e-01	-1.78871e-17	
801	3.852500e-08	4.498772e-01	4.500000e-01	-1.68092e-17	
802	3.857500e-08	4.498772e-01	4.500000e-01	-1.57971e-17	
803	3.862500e-08	4.498772e-01	4.500000e-01	-1.48471e-17	
804	3.867500e-08	4.498772e-01	4.500000e-01	-1.39550e-17	
805	3.872500e-08	4.498772e-01	4.500000e-01	-1.31173e-17	
806	3.877500e-08	4.498772e-01	4.500000e-01	-1.23308e-17	
807	3.882500e-08	4.498772e-01	4.500000e-01	-1.15917e-17	
808	3.887500e-08	4.498772e-01	4.500000e-01	-1.08982e-17	

Index   time            v(cell)         v(bl)           vpre#branch     
--------------------------------------------------------------------------------
809	3.892500e-08	4.498772e-01	4.500000e-01	-1.02469e-17	
810	3.897500e-08	4.498772e-01	4.500000e-01	-9.63535e-18	
811	3.902500e-08	4.498772e-01	4.500000e-01	-9.06152e-18	
812	3.907500e-08	4.498772e-01	4.500000e-01	-8.52226e-18	
813	3.912500e-08	4.498772e-01	4.500000e-01	-8.01589e-18	
814	3.917500e-08	4.498772e-01	4.500000e-01	-7.54081e-18	
815	3.922500e-08	4.498772e-01	4.500000e-01	-7.09470e-18	
816	3.927500e-08	4.498772e-01	4.500000e-01	-6.67580e-18	
817	3.932500e-08	4.498772e-01	4.500000e-01	-6.28244e-18	
818	3.937500e-08	4.498772e-01	4.500000e-01	-5.91307e-18	
819	3.942500e-08	4.498772e-01	4.500000e-01	-5.56623e-18	
820	3.947500e-08	4.498772e-01	4.500000e-01	-5.24012e-18	
821	3.952500e-08	4.498772e-01	4.500000e-01	-4.93349e-18	
822	3.957500e-08	4.498772e-01	4.500000e-01	-4.64597e-18	
823	3.962500e-08	4.498772e-01	4.500000e-01	-4.37598e-18	
824	3.967500e-08	4.498772e-01	4.500000e-01	-4.12246e-18	
825	3.972500e-08	4.498772e-01	4.500000e-01	-3.88440e-18	
826	3.977500e-08	4.498772e-01	4.500000e-01	-3.66086e-18	
827	3.982500e-08	4.498772e-01	4.500000e-01	-3.45136e-18	
828	3.987500e-08	4.498772e-01	4.500000e-01	-3.25422e-18	
829	3.992500e-08	4.498772e-01	4.500000e-01	-3.06911e-18	
830	3.996250e-08	4.498772e-01	4.500000e-01	-2.93808e-18	
831	4.000000e-08	4.498772e-01	4.500000e-01	-2.81295e-18	


Total analysis time (seconds) = 0.166848

Total elapsed time (seconds) = 0.180 

Total DRAM available = 386307.215 MB.
DRAM currently available = 20450.496 MB.
Maximum ngspice program size =  529.723 MB.
Current ngspice program size =   14.156 MB.

Shared ngspice pages =   12.328 MB.
Text (code) pages =    6.266 MB.
Stack = 0 bytes.
Library pages =   59.141 MB.

