
Note: No compatibility mode selected!


Circuit: * id-vg sweep vds=0.9000v

Doing analysis at TEMP = 27.000000 and TNOM = 27.000000

Using SPARSE 1.3 as Direct Linear Solver

No. of Data Rows : 201

  Measurements for DC Analysis

ion                 =  -1.59533e-06 at=  9.00000e-01
ioff                =  -5.94417e-14

                           * id-vg sweep vds=0.9000v
                           DC transfer characteristic  Tue Jun 23 16:31:50  2026
--------------------------------------------------------------------------------
Index   v-sweep         vd#branch       
--------------------------------------------------------------------------------
0	0.000000e+00	-5.94417e-14	
1	4.500000e-03	-6.58288e-14	
2	9.000000e-03	-7.32961e-14	
3	1.350000e-02	-8.16106e-14	
4	1.800000e-02	-9.08681e-14	
5	2.250000e-02	-1.01176e-13	
6	2.700000e-02	-1.12653e-13	
7	3.150000e-02	-1.25432e-13	
8	3.600000e-02	-1.39660e-13	
9	4.050000e-02	-1.55503e-13	
10	4.500000e-02	-1.73142e-13	
11	4.950000e-02	-1.92783e-13	
12	5.400000e-02	-2.14652e-13	
13	5.850000e-02	-2.39001e-13	
14	6.300000e-02	-2.66112e-13	
15	6.750000e-02	-2.96299e-13	
16	7.200000e-02	-3.29910e-13	
17	7.650000e-02	-3.67333e-13	
18	8.100000e-02	-4.09002e-13	
19	8.550000e-02	-4.55397e-13	
20	9.000000e-02	-5.07056e-13	
21	9.450000e-02	-5.64574e-13	
22	9.900000e-02	-6.28617e-13	
23	1.035000e-01	-6.99924e-13	
24	1.080000e-01	-7.79321e-13	
25	1.125000e-01	-8.67723e-13	
26	1.170000e-01	-9.66154e-13	
27	1.215000e-01	-1.07575e-12	
28	1.260000e-01	-1.19778e-12	
29	1.305000e-01	-1.33365e-12	
30	1.350000e-01	-1.48493e-12	
31	1.395000e-01	-1.65337e-12	
32	1.440000e-01	-1.84092e-12	
33	1.485000e-01	-2.04975e-12	
34	1.530000e-01	-2.28226e-12	
35	1.575000e-01	-2.54114e-12	
36	1.620000e-01	-2.82939e-12	
37	1.665000e-01	-3.15034e-12	
38	1.710000e-01	-3.50769e-12	
39	1.755000e-01	-3.90558e-12	
40	1.800000e-01	-4.34860e-12	
41	1.845000e-01	-4.84187e-12	
42	1.890000e-01	-5.39109e-12	
43	1.935000e-01	-6.00261e-12	
44	1.980000e-01	-6.68348e-12	
45	2.025000e-01	-7.44159e-12	
46	2.070000e-01	-8.28568e-12	
47	2.115000e-01	-9.22550e-12	
48	2.160000e-01	-1.02719e-11	
49	2.205000e-01	-1.14370e-11	
50	2.250000e-01	-1.27343e-11	
51	2.295000e-01	-1.41786e-11	
52	2.340000e-01	-1.57868e-11	
53	2.385000e-01	-1.75774e-11	
54	2.430000e-01	-1.95710e-11	

Index   v-sweep         vd#branch       
--------------------------------------------------------------------------------
55	2.475000e-01	-2.17906e-11	
56	2.520000e-01	-2.42620e-11	
57	2.565000e-01	-2.70136e-11	
58	2.610000e-01	-3.00772e-11	
59	2.655000e-01	-3.34881e-11	
60	2.700000e-01	-3.72858e-11	
61	2.745000e-01	-4.15139e-11	
62	2.790000e-01	-4.62214e-11	
63	2.835000e-01	-5.14624e-11	
64	2.880000e-01	-5.72975e-11	
65	2.925000e-01	-6.37938e-11	
66	2.970000e-01	-7.10263e-11	
67	3.015000e-01	-7.90782e-11	
68	3.060000e-01	-8.80423e-11	
69	3.105000e-01	-9.80217e-11	
70	3.150000e-01	-1.09131e-10	
71	3.195000e-01	-1.21499e-10	
72	3.240000e-01	-1.35267e-10	
73	3.285000e-01	-1.50592e-10	
74	3.330000e-01	-1.67653e-10	
75	3.375000e-01	-1.86642e-10	
76	3.420000e-01	-2.07780e-10	
77	3.465000e-01	-2.32550e-10	
78	3.510000e-01	-2.58875e-10	
79	3.555000e-01	-2.88174e-10	
80	3.600000e-01	-3.20780e-10	
81	3.645000e-01	-3.57065e-10	
82	3.690000e-01	-3.97441e-10	
83	3.735000e-01	-4.42368e-10	
84	3.780000e-01	-4.92352e-10	
85	3.825000e-01	-5.47961e-10	
86	3.870000e-01	-6.09820e-10	
87	3.915000e-01	-6.78625e-10	
88	3.960000e-01	-7.55147e-10	
89	4.005000e-01	-8.40242e-10	
90	4.050000e-01	-9.34856e-10	
91	4.095000e-01	-1.04004e-09	
92	4.140000e-01	-1.15695e-09	
93	4.185000e-01	-1.28687e-09	
94	4.230000e-01	-1.43122e-09	
95	4.275000e-01	-1.59157e-09	
96	4.320000e-01	-1.76964e-09	
97	4.365000e-01	-1.96734e-09	
98	4.410000e-01	-2.18676e-09	
99	4.455000e-01	-2.43021e-09	
100	4.500000e-01	-2.70023e-09	
101	4.545000e-01	-2.99958e-09	
102	4.590000e-01	-3.33133e-09	
103	4.635000e-01	-3.69879e-09	
104	4.680000e-01	-4.10560e-09	
105	4.725000e-01	-4.55573e-09	
106	4.770000e-01	-5.05350e-09	
107	4.815000e-01	-5.60360e-09	
108	4.860000e-01	-6.21110e-09	
109	4.905000e-01	-6.88151e-09	
110	4.950000e-01	-7.62077e-09	
111	4.995000e-01	-8.43528e-09	
112	5.040000e-01	-9.33194e-09	

Index   v-sweep         vd#branch       
--------------------------------------------------------------------------------
113	5.085000e-01	-1.03182e-08	
114	5.130000e-01	-1.14018e-08	
115	5.175000e-01	-1.25915e-08	
116	5.220000e-01	-1.38962e-08	
117	5.265000e-01	-1.53257e-08	
118	5.310000e-01	-1.68903e-08	
119	5.355000e-01	-1.86011e-08	
120	5.400000e-01	-2.04699e-08	
121	5.445000e-01	-2.25093e-08	
122	5.490000e-01	-2.47326e-08	
123	5.535000e-01	-2.71543e-08	
124	5.580000e-01	-2.97896e-08	
125	5.625000e-01	-3.26549e-08	
126	5.670000e-01	-3.57675e-08	
127	5.715000e-01	-3.91460e-08	
128	5.760000e-01	-4.28100e-08	
129	5.805000e-01	-4.67802e-08	
130	5.850000e-01	-5.10785e-08	
131	5.895000e-01	-5.57278e-08	
132	5.940000e-01	-6.07518e-08	
133	5.985000e-01	-6.61751e-08	
134	6.030000e-01	-7.20228e-08	
135	6.075000e-01	-7.83201e-08	
136	6.120000e-01	-8.50923e-08	
137	6.165000e-01	-9.23646e-08	
138	6.210000e-01	-1.00161e-07	
139	6.255000e-01	-1.08506e-07	
140	6.300000e-01	-1.17420e-07	
141	6.345000e-01	-1.26925e-07	
142	6.390000e-01	-1.37039e-07	
143	6.435000e-01	-1.47779e-07	
144	6.480000e-01	-1.59158e-07	
145	6.525000e-01	-1.71189e-07	
146	6.570000e-01	-1.83881e-07	
147	6.615000e-01	-1.97239e-07	
148	6.660000e-01	-2.11268e-07	
149	6.705000e-01	-2.25968e-07	
150	6.750000e-01	-2.41337e-07	
151	6.795000e-01	-2.57373e-07	
152	6.840000e-01	-2.74067e-07	
153	6.885000e-01	-2.91413e-07	
154	6.930000e-01	-3.09401e-07	
155	6.975000e-01	-3.27705e-07	
156	7.020000e-01	-3.46948e-07	
157	7.065000e-01	-3.66794e-07	
158	7.110000e-01	-3.87231e-07	
159	7.155000e-01	-4.08242e-07	
160	7.200000e-01	-4.29812e-07	
161	7.245000e-01	-4.51926e-07	
162	7.290000e-01	-4.74567e-07	
163	7.335000e-01	-4.97718e-07	
164	7.380000e-01	-5.21365e-07	
165	7.425000e-01	-5.45491e-07	
166	7.470000e-01	-5.70080e-07	
167	7.515000e-01	-5.95117e-07	
168	7.560000e-01	-6.20588e-07	
169	7.605000e-01	-6.46476e-07	
170	7.650000e-01	-6.72769e-07	

Index   v-sweep         vd#branch       
--------------------------------------------------------------------------------
171	7.695000e-01	-6.99451e-07	
172	7.740000e-01	-7.26511e-07	
173	7.785000e-01	-7.53933e-07	
174	7.830000e-01	-7.81707e-07	
175	7.875000e-01	-8.09820e-07	
176	7.920000e-01	-8.38261e-07	
177	7.965000e-01	-8.67017e-07	
178	8.010000e-01	-8.96078e-07	
179	8.055000e-01	-9.25434e-07	
180	8.100000e-01	-9.55074e-07	
181	8.145000e-01	-9.84990e-07	
182	8.190000e-01	-1.01517e-06	
183	8.235000e-01	-1.04561e-06	
184	8.280000e-01	-1.07630e-06	
185	8.325000e-01	-1.10722e-06	
186	8.370000e-01	-1.13838e-06	
187	8.415000e-01	-1.16977e-06	
188	8.460000e-01	-1.20137e-06	
189	8.505000e-01	-1.23318e-06	
190	8.550000e-01	-1.26520e-06	
191	8.595000e-01	-1.29742e-06	
192	8.640000e-01	-1.32982e-06	
193	8.685000e-01	-1.36242e-06	
194	8.730000e-01	-1.39519e-06	
195	8.775000e-01	-1.42814e-06	
196	8.820000e-01	-1.46126e-06	
197	8.865000e-01	-1.49454e-06	
198	8.910000e-01	-1.52798e-06	
199	8.955000e-01	-1.56158e-06	
200	9.000000e-01	-1.59533e-06	


Total analysis time (seconds) = 0.20035

Total elapsed time (seconds) = 0.210 

Total DRAM available = 386307.215 MB.
DRAM currently available = 20466.215 MB.
Maximum ngspice program size =  529.719 MB.
Current ngspice program size =   14.062 MB.

Shared ngspice pages =   12.297 MB.
Text (code) pages =    6.266 MB.
Stack = 0 bytes.
Library pages =   59.137 MB.

