
Note: No compatibility mode selected!


Circuit: * 1t1c ccell=10.0ff

Warning: Model issue on line 7 :
  .model nfet bsimcmg_va type=1 bulkmod=0 bulkmod=0 igcmod=0 igbmod=0 gidl ...
unrecognized parameter (sasatcv) - ignored

Doing analysis at TEMP = 85.000000 and TNOM = 27.000000

Using SPARSE 1.3 as Direct Linear Solver

Initial Transient Solution
--------------------------

Node                                   Voltage
----                                   -------
pre                                      0.375
bl                                       0.375
wl                                           0
plate                                        0
s                                            0
cell                                         0
vs#branch                                    0
vpl#branch                                   0
vwl#branch                                   0
vpre#branch                                  0


No. of Data Rows : 832

  Measurements for Transient Analysis

t_write             =  1.90210e-09
t_read              =  2.29944e-08
i_hold              =  -4.01736e-10 from=  2.50000e-08 to=  3.50250e-08
q_read              =   2.81112e-19 from=  1.20000e-08 to=  2.20000e-08

                              * 1t1c ccell=10.0ff
                              Transient Analysis  Tue Jun 23 21:20:01  2026
--------------------------------------------------------------------------------
Index   time            v(cell)         v(bl)           vpre#branch     
--------------------------------------------------------------------------------
0	0.000000e+00	0.000000e+00	3.750000e-01	0.000000e+00	
1	5.000000e-13	9.867846e-09	3.749945e-01	-5.54796e-14	
2	1.000000e-12	1.973134e-08	3.749903e-01	-9.73091e-14	
3	2.000000e-12	3.945617e-08	3.749819e-01	-1.80950e-13	
4	4.000000e-12	7.890381e-08	3.749652e-01	-3.48125e-13	
5	8.000000e-12	1.577992e-07	3.749318e-01	-6.82047e-13	
6	1.600000e-11	3.155854e-07	3.748652e-01	-1.34818e-12	
7	3.200000e-11	6.311433e-07	3.747326e-01	-2.67364e-12	
8	6.400000e-11	1.262198e-06	3.744702e-01	-5.29755e-12	
9	1.140000e-10	2.248063e-06	3.740674e-01	-9.32632e-12	
10	1.640000e-10	3.233736e-06	3.736730e-01	-1.32699e-11	
11	2.140000e-10	4.219222e-06	3.732870e-01	-1.71301e-11	
12	2.640000e-10	5.204523e-06	3.729091e-01	-2.09087e-11	
13	3.140000e-10	6.189644e-06	3.725393e-01	-2.46073e-11	
14	3.640000e-10	7.174586e-06	3.721772e-01	-2.82278e-11	
15	4.140000e-10	8.159354e-06	3.718228e-01	-3.17716e-11	
16	4.640000e-10	9.143950e-06	3.714759e-01	-3.52406e-11	
17	5.140000e-10	1.012838e-05	3.711364e-01	-3.86361e-11	
18	5.640000e-10	1.111264e-05	3.708040e-01	-4.19599e-11	
19	6.140000e-10	1.209674e-05	3.704787e-01	-4.52133e-11	
20	6.640000e-10	1.308068e-05	3.701602e-01	-4.83979e-11	
21	7.140000e-10	1.406446e-05	3.698485e-01	-5.15152e-11	
22	7.640000e-10	1.504809e-05	3.695434e-01	-5.45665e-11	
23	8.140000e-10	1.603156e-05	3.692447e-01	-5.75532e-11	
24	8.640000e-10	1.701489e-05	3.689523e-01	-6.04768e-11	
25	9.140000e-10	1.799807e-05	3.686661e-01	-6.33385e-11	
26	9.570000e-10	1.884349e-05	3.684249e-01	-6.57511e-11	
27	1.000000e-09	1.968881e-05	3.681880e-01	-6.81197e-11	
28	1.005000e-09	3.761212e-03	3.681627e-01	-6.83726e-11	
29	1.015000e-09	1.124370e-02	3.681194e-01	-6.88059e-11	
30	1.035000e-09	2.620855e-02	3.680705e-01	-6.92950e-11	
31	1.075000e-09	5.613812e-02	3.680615e-01	-6.93846e-11	
32	1.125000e-09	9.354989e-02	3.681344e-01	-6.86557e-11	
33	1.175000e-09	1.309616e-01	3.682561e-01	-6.74392e-11	
34	1.225000e-09	1.683732e-01	3.683947e-01	-6.60535e-11	
35	1.275000e-09	2.057848e-01	3.685320e-01	-6.46800e-11	
36	1.325000e-09	2.431965e-01	3.686671e-01	-6.33289e-11	
37	1.375000e-09	2.806081e-01	3.687996e-01	-6.20037e-11	
38	1.425000e-09	3.180197e-01	3.689295e-01	-6.07054e-11	
39	1.475000e-09	3.554314e-01	3.690566e-01	-5.94339e-11	
40	1.525000e-09	3.928430e-01	3.691811e-01	-5.81888e-11	
41	1.575000e-09	4.302547e-01	3.693030e-01	-5.69696e-11	
42	1.625000e-09	4.676663e-01	3.694224e-01	-5.57759e-11	
43	1.675000e-09	5.050779e-01	3.695393e-01	-5.46073e-11	
44	1.725000e-09	5.424896e-01	3.696537e-01	-5.34631e-11	
45	1.775000e-09	5.799012e-01	3.697657e-01	-5.23429e-11	
46	1.825000e-09	6.173128e-01	3.698754e-01	-5.12462e-11	
47	1.875000e-09	6.547245e-01	3.699828e-01	-5.01724e-11	
48	1.925000e-09	6.921361e-01	3.700879e-01	-4.91211e-11	
49	1.962500e-09	7.201948e-01	3.701653e-01	-4.83471e-11	
50	2.000000e-09	7.482536e-01	3.702415e-01	-4.75853e-11	
51	2.005000e-09	7.482533e-01	3.702515e-01	-4.74847e-11	
52	2.015000e-09	7.482533e-01	3.702716e-01	-4.72840e-11	
53	2.035000e-09	7.482533e-01	3.703115e-01	-4.68852e-11	
54	2.075000e-09	7.482533e-01	3.703902e-01	-4.60976e-11	

Index   time            v(cell)         v(bl)           vpre#branch     
--------------------------------------------------------------------------------
55	2.125000e-09	7.482533e-01	3.704868e-01	-4.51316e-11	
56	2.175000e-09	7.482533e-01	3.705814e-01	-4.41859e-11	
57	2.225000e-09	7.482533e-01	3.706740e-01	-4.32599e-11	
58	2.275000e-09	7.482533e-01	3.707647e-01	-4.23534e-11	
59	2.325000e-09	7.482533e-01	3.708534e-01	-4.14659e-11	
60	2.375000e-09	7.482533e-01	3.709403e-01	-4.05969e-11	
61	2.425000e-09	7.482533e-01	3.710254e-01	-3.97462e-11	
62	2.475000e-09	7.482533e-01	3.711087e-01	-3.89132e-11	
63	2.525000e-09	7.482533e-01	3.711902e-01	-3.80978e-11	
64	2.575000e-09	7.482533e-01	3.712701e-01	-3.72994e-11	
65	2.625000e-09	7.482533e-01	3.713482e-01	-3.65177e-11	
66	2.675000e-09	7.482533e-01	3.714248e-01	-3.57524e-11	
67	2.725000e-09	7.482533e-01	3.714997e-01	-3.50031e-11	
68	2.775000e-09	7.482533e-01	3.715730e-01	-3.42695e-11	
69	2.825000e-09	7.482533e-01	3.716449e-01	-3.35513e-11	
70	2.875000e-09	7.482533e-01	3.717152e-01	-3.28482e-11	
71	2.925000e-09	7.482533e-01	3.717840e-01	-3.21597e-11	
72	2.975000e-09	7.482533e-01	3.718514e-01	-3.14857e-11	
73	3.025000e-09	7.482533e-01	3.719174e-01	-3.08258e-11	
74	3.075000e-09	7.482533e-01	3.719820e-01	-3.01798e-11	
75	3.125000e-09	7.482533e-01	3.720453e-01	-2.95472e-11	
76	3.175000e-09	7.482533e-01	3.721072e-01	-2.89279e-11	
77	3.225000e-09	7.482533e-01	3.721678e-01	-2.83216e-11	
78	3.275000e-09	7.482533e-01	3.722272e-01	-2.77280e-11	
79	3.325000e-09	7.482533e-01	3.722853e-01	-2.71468e-11	
80	3.375000e-09	7.482533e-01	3.723422e-01	-2.65778e-11	
81	3.425000e-09	7.482533e-01	3.723979e-01	-2.60207e-11	
82	3.475000e-09	7.482533e-01	3.724525e-01	-2.54753e-11	
83	3.525000e-09	7.482533e-01	3.725059e-01	-2.49413e-11	
84	3.575000e-09	7.482533e-01	3.725582e-01	-2.44185e-11	
85	3.625000e-09	7.482533e-01	3.726093e-01	-2.39066e-11	
86	3.675000e-09	7.482533e-01	3.726595e-01	-2.34055e-11	
87	3.725000e-09	7.482533e-01	3.727085e-01	-2.29148e-11	
88	3.775000e-09	7.482533e-01	3.727566e-01	-2.24345e-11	
89	3.825000e-09	7.482533e-01	3.728036e-01	-2.19642e-11	
90	3.875000e-09	7.482533e-01	3.728496e-01	-2.15037e-11	
91	3.925000e-09	7.482533e-01	3.728947e-01	-2.10529e-11	
92	3.975000e-09	7.482533e-01	3.729388e-01	-2.06116e-11	
93	4.025000e-09	7.482533e-01	3.729821e-01	-2.01794e-11	
94	4.075000e-09	7.482533e-01	3.730244e-01	-1.97564e-11	
95	4.125000e-09	7.482533e-01	3.730658e-01	-1.93422e-11	
96	4.175000e-09	7.482533e-01	3.731063e-01	-1.89366e-11	
97	4.225000e-09	7.482533e-01	3.731460e-01	-1.85396e-11	
98	4.275000e-09	7.482533e-01	3.731849e-01	-1.81509e-11	
99	4.325000e-09	7.482533e-01	3.732230e-01	-1.77703e-11	
100	4.375000e-09	7.482533e-01	3.732602e-01	-1.73977e-11	
101	4.425000e-09	7.482533e-01	3.732967e-01	-1.70329e-11	
102	4.475000e-09	7.482533e-01	3.733324e-01	-1.66758e-11	
103	4.525000e-09	7.482533e-01	3.733674e-01	-1.63261e-11	
104	4.575000e-09	7.482533e-01	3.734016e-01	-1.59837e-11	
105	4.625000e-09	7.482533e-01	3.734351e-01	-1.56486e-11	
106	4.675000e-09	7.482533e-01	3.734680e-01	-1.53204e-11	
107	4.725000e-09	7.482533e-01	3.735001e-01	-1.49991e-11	
108	4.775000e-09	7.482533e-01	3.735315e-01	-1.46846e-11	
109	4.825000e-09	7.482533e-01	3.735623e-01	-1.43766e-11	
110	4.875000e-09	7.482533e-01	3.735925e-01	-1.40751e-11	
111	4.925000e-09	7.482533e-01	3.736220e-01	-1.37799e-11	
112	4.975000e-09	7.482533e-01	3.736509e-01	-1.34909e-11	

Index   time            v(cell)         v(bl)           vpre#branch     
--------------------------------------------------------------------------------
113	5.025000e-09	7.482533e-01	3.736792e-01	-1.32079e-11	
114	5.075000e-09	7.482533e-01	3.737069e-01	-1.29309e-11	
115	5.125000e-09	7.482533e-01	3.737340e-01	-1.26596e-11	
116	5.175000e-09	7.482533e-01	3.737606e-01	-1.23941e-11	
117	5.225000e-09	7.482533e-01	3.737866e-01	-1.21341e-11	
118	5.275000e-09	7.482533e-01	3.738120e-01	-1.18796e-11	
119	5.325000e-09	7.482533e-01	3.738370e-01	-1.16304e-11	
120	5.375000e-09	7.482533e-01	3.738614e-01	-1.13864e-11	
121	5.425000e-09	7.482533e-01	3.738853e-01	-1.11475e-11	
122	5.475000e-09	7.482533e-01	3.739086e-01	-1.09136e-11	
123	5.525000e-09	7.482533e-01	3.739315e-01	-1.06846e-11	
124	5.575000e-09	7.482533e-01	3.739540e-01	-1.04605e-11	
125	5.625000e-09	7.482533e-01	3.739759e-01	-1.02410e-11	
126	5.675000e-09	7.482533e-01	3.739974e-01	-1.00261e-11	
127	5.725000e-09	7.482533e-01	3.740184e-01	-9.81571e-12	
128	5.775000e-09	7.482533e-01	3.740390e-01	-9.60973e-12	
129	5.825000e-09	7.482533e-01	3.740592e-01	-9.40807e-12	
130	5.875000e-09	7.482533e-01	3.740789e-01	-9.21063e-12	
131	5.925000e-09	7.482533e-01	3.740983e-01	-9.01732e-12	
132	5.975000e-09	7.482533e-01	3.741172e-01	-8.82807e-12	
133	6.025000e-09	7.482533e-01	3.741357e-01	-8.64278e-12	
134	6.075000e-09	7.482533e-01	3.741539e-01	-8.46137e-12	
135	6.125000e-09	7.482533e-01	3.741716e-01	-8.28376e-12	
136	6.175000e-09	7.482533e-01	3.741890e-01	-8.10987e-12	
137	6.225000e-09	7.482533e-01	3.742060e-01	-7.93962e-12	
138	6.275000e-09	7.482533e-01	3.742227e-01	-7.77294e-12	
139	6.325000e-09	7.482533e-01	3.742390e-01	-7.60976e-12	
140	6.375000e-09	7.482533e-01	3.742550e-01	-7.44998e-12	
141	6.425000e-09	7.482533e-01	3.742706e-01	-7.29356e-12	
142	6.475000e-09	7.482533e-01	3.742860e-01	-7.14041e-12	
143	6.525000e-09	7.482533e-01	3.743010e-01	-6.99047e-12	
144	6.575000e-09	7.482533e-01	3.743156e-01	-6.84368e-12	
145	6.625000e-09	7.482533e-01	3.743300e-01	-6.69995e-12	
146	6.675000e-09	7.482533e-01	3.743441e-01	-6.55924e-12	
147	6.725000e-09	7.482533e-01	3.743579e-01	-6.42147e-12	
148	6.775000e-09	7.482533e-01	3.743713e-01	-6.28659e-12	
149	6.825000e-09	7.482533e-01	3.743845e-01	-6.15454e-12	
150	6.875000e-09	7.482533e-01	3.743975e-01	-6.02525e-12	
151	6.925000e-09	7.482533e-01	3.744101e-01	-5.89867e-12	
152	6.962500e-09	7.482533e-01	3.744195e-01	-5.80548e-12	
153	7.000000e-09	7.482533e-01	3.744286e-01	-5.71376e-12	
154	7.005000e-09	7.295461e-01	3.744298e-01	-5.70165e-12	
155	7.015000e-09	6.921343e-01	3.744323e-01	-5.67749e-12	
156	7.035000e-09	6.173111e-01	3.744371e-01	-5.62948e-12	
157	7.067500e-09	4.957232e-01	3.744448e-01	-5.55233e-12	
158	7.100000e-09	3.741355e-01	3.744524e-01	-5.47627e-12	
159	7.105000e-09	3.741369e-01	3.744535e-01	-5.46470e-12	
160	7.115000e-09	3.741369e-01	3.744558e-01	-5.44162e-12	
161	7.135000e-09	3.741369e-01	3.744604e-01	-5.39574e-12	
162	7.175000e-09	3.741369e-01	3.744695e-01	-5.30514e-12	
163	7.225000e-09	3.741369e-01	3.744806e-01	-5.19402e-12	
164	7.275000e-09	3.741369e-01	3.744915e-01	-5.08523e-12	
165	7.325000e-09	3.741369e-01	3.745021e-01	-4.97872e-12	
166	7.375000e-09	3.741369e-01	3.745126e-01	-4.87444e-12	
167	7.425000e-09	3.741369e-01	3.745228e-01	-4.77235e-12	
168	7.475000e-09	3.741369e-01	3.745328e-01	-4.67239e-12	
169	7.525000e-09	3.741369e-01	3.745425e-01	-4.57453e-12	
170	7.575000e-09	3.741369e-01	3.745521e-01	-4.47872e-12	

Index   time            v(cell)         v(bl)           vpre#branch     
--------------------------------------------------------------------------------
171	7.625000e-09	3.741369e-01	3.745615e-01	-4.38491e-12	
172	7.675000e-09	3.741369e-01	3.745707e-01	-4.29307e-12	
173	7.725000e-09	3.741369e-01	3.745797e-01	-4.20316e-12	
174	7.775000e-09	3.741369e-01	3.745885e-01	-4.11512e-12	
175	7.825000e-09	3.741369e-01	3.745971e-01	-4.02893e-12	
176	7.875000e-09	3.741369e-01	3.746055e-01	-3.94455e-12	
177	7.925000e-09	3.741369e-01	3.746138e-01	-3.86193e-12	
178	7.975000e-09	3.741369e-01	3.746219e-01	-3.78105e-12	
179	8.025000e-09	3.741369e-01	3.746298e-01	-3.70186e-12	
180	8.075000e-09	3.741369e-01	3.746376e-01	-3.62432e-12	
181	8.125000e-09	3.741369e-01	3.746452e-01	-3.54842e-12	
182	8.175000e-09	3.741369e-01	3.746526e-01	-3.47410e-12	
183	8.225000e-09	3.741369e-01	3.746599e-01	-3.40134e-12	
184	8.275000e-09	3.741369e-01	3.746670e-01	-3.33010e-12	
185	8.325000e-09	3.741369e-01	3.746740e-01	-3.26035e-12	
186	8.375000e-09	3.741369e-01	3.746808e-01	-3.19207e-12	
187	8.425000e-09	3.741369e-01	3.746875e-01	-3.12521e-12	
188	8.475000e-09	3.741369e-01	3.746940e-01	-3.05976e-12	
189	8.525000e-09	3.741369e-01	3.747004e-01	-2.99568e-12	
190	8.575000e-09	3.741369e-01	3.747067e-01	-2.93294e-12	
191	8.625000e-09	3.741369e-01	3.747128e-01	-2.87151e-12	
192	8.675000e-09	3.741369e-01	3.747189e-01	-2.81137e-12	
193	8.725000e-09	3.741369e-01	3.747248e-01	-2.75249e-12	
194	8.775000e-09	3.741369e-01	3.747305e-01	-2.69485e-12	
195	8.825000e-09	3.741369e-01	3.747362e-01	-2.63841e-12	
196	8.875000e-09	3.741369e-01	3.747417e-01	-2.58315e-12	
197	8.925000e-09	3.741369e-01	3.747471e-01	-2.52905e-12	
198	8.975000e-09	3.741369e-01	3.747524e-01	-2.47609e-12	
199	9.025000e-09	3.741369e-01	3.747576e-01	-2.42423e-12	
200	9.075000e-09	3.741369e-01	3.747627e-01	-2.37346e-12	
201	9.125000e-09	3.741369e-01	3.747676e-01	-2.32375e-12	
202	9.175000e-09	3.741369e-01	3.747725e-01	-2.27509e-12	
203	9.225000e-09	3.741369e-01	3.747773e-01	-2.22744e-12	
204	9.275000e-09	3.741369e-01	3.747819e-01	-2.18080e-12	
205	9.325000e-09	3.741369e-01	3.747865e-01	-2.13512e-12	
206	9.375000e-09	3.741369e-01	3.747910e-01	-2.09041e-12	
207	9.425000e-09	3.741369e-01	3.747953e-01	-2.04663e-12	
208	9.475000e-09	3.741369e-01	3.747996e-01	-2.00377e-12	
209	9.525000e-09	3.741369e-01	3.748038e-01	-1.96181e-12	
210	9.575000e-09	3.741369e-01	3.748079e-01	-1.92073e-12	
211	9.625000e-09	3.741369e-01	3.748119e-01	-1.88050e-12	
212	9.675000e-09	3.741369e-01	3.748159e-01	-1.84112e-12	
213	9.725000e-09	3.741369e-01	3.748197e-01	-1.80257e-12	
214	9.775000e-09	3.741369e-01	3.748235e-01	-1.76482e-12	
215	9.825000e-09	3.741369e-01	3.748272e-01	-1.72786e-12	
216	9.875000e-09	3.741369e-01	3.748308e-01	-1.69168e-12	
217	9.925000e-09	3.741369e-01	3.748344e-01	-1.65625e-12	
218	9.975000e-09	3.741369e-01	3.748378e-01	-1.62157e-12	
219	1.002500e-08	3.741369e-01	3.748412e-01	-1.58761e-12	
220	1.007500e-08	3.741369e-01	3.748446e-01	-1.55437e-12	
221	1.012500e-08	3.741369e-01	3.748478e-01	-1.52182e-12	
222	1.017500e-08	3.741369e-01	3.748510e-01	-1.48995e-12	
223	1.022500e-08	3.741369e-01	3.748541e-01	-1.45875e-12	
224	1.027500e-08	3.741369e-01	3.748572e-01	-1.42821e-12	
225	1.032500e-08	3.741369e-01	3.748602e-01	-1.39830e-12	
226	1.037500e-08	3.741369e-01	3.748631e-01	-1.36902e-12	
227	1.042500e-08	3.741369e-01	3.748660e-01	-1.34035e-12	
228	1.047500e-08	3.741369e-01	3.748688e-01	-1.31229e-12	

Index   time            v(cell)         v(bl)           vpre#branch     
--------------------------------------------------------------------------------
229	1.052500e-08	3.741369e-01	3.748715e-01	-1.28481e-12	
230	1.057500e-08	3.741369e-01	3.748742e-01	-1.25791e-12	
231	1.062500e-08	3.741369e-01	3.748768e-01	-1.23157e-12	
232	1.067500e-08	3.741369e-01	3.748794e-01	-1.20578e-12	
233	1.072500e-08	3.741369e-01	3.748819e-01	-1.18053e-12	
234	1.077500e-08	3.741369e-01	3.748844e-01	-1.15581e-12	
235	1.082500e-08	3.741369e-01	3.748868e-01	-1.13161e-12	
236	1.087500e-08	3.741369e-01	3.748892e-01	-1.10792e-12	
237	1.092500e-08	3.741369e-01	3.748915e-01	-1.08472e-12	
238	1.096250e-08	3.741369e-01	3.748932e-01	-1.06764e-12	
239	1.100000e-08	3.741369e-01	3.748949e-01	-1.05084e-12	
240	1.100500e-08	3.741455e-01	3.786370e-01	3.636959e-11	
241	1.101500e-08	3.741631e-01	3.861052e-01	1.110523e-10	
242	1.103500e-08	3.741985e-01	4.009473e-01	2.594733e-10	
243	1.107500e-08	3.742692e-01	4.302576e-01	5.525764e-10	
244	1.112500e-08	3.743575e-01	4.662048e-01	9.120478e-10	
245	1.117500e-08	3.744459e-01	5.013987e-01	1.263987e-09	
246	1.122500e-08	3.745343e-01	5.358548e-01	1.608548e-09	
247	1.127500e-08	3.746226e-01	5.695874e-01	1.945874e-09	
248	1.132500e-08	3.747110e-01	6.026089e-01	2.276089e-09	
249	1.137500e-08	3.747994e-01	6.349268e-01	2.599268e-09	
250	1.142500e-08	3.748879e-01	6.665370e-01	2.915370e-09	
251	1.147500e-08	3.749767e-01	6.973782e-01	3.223782e-09	
252	1.152500e-08	3.750662e-01	7.272985e-01	3.522985e-09	
253	1.157500e-08	3.751576e-01	7.559163e-01	3.809163e-09	
254	1.162500e-08	3.752535e-01	7.822121e-01	4.072121e-09	
255	1.167500e-08	3.753611e-01	8.036101e-01	4.286101e-09	
256	1.172500e-08	3.754974e-01	8.138262e-01	4.388262e-09	
257	1.177500e-08	3.757006e-01	7.985793e-01	4.235793e-09	
258	1.182500e-08	3.760453e-01	7.298358e-01	3.548358e-09	
259	1.187500e-08	3.766341e-01	5.686687e-01	1.936687e-09	
260	1.192500e-08	3.773055e-01	3.949421e-01	1.994205e-10	
261	1.196250e-08	3.775903e-01	3.773167e-01	2.316656e-11	
262	1.200000e-08	3.778001e-01	3.829149e-01	7.914871e-11	
263	1.200500e-08	3.778147e-01	3.798378e-01	4.837787e-11	
264	1.201500e-08	3.778262e-01	3.774039e-01	2.403941e-11	
265	1.203500e-08	3.778231e-01	3.780352e-01	3.035159e-11	
266	1.207500e-08	3.778248e-01	3.776672e-01	2.667228e-11	
267	1.212500e-08	3.778233e-01	3.779392e-01	2.939226e-11	
268	1.217500e-08	3.778242e-01	3.777299e-01	2.729935e-11	
269	1.222500e-08	3.778233e-01	3.778910e-01	2.890958e-11	
270	1.227500e-08	3.778237e-01	3.777669e-01	2.766889e-11	
271	1.232500e-08	3.778231e-01	3.778622e-01	2.862168e-11	
272	1.237500e-08	3.778233e-01	3.777887e-01	2.788662e-11	
273	1.242500e-08	3.778229e-01	3.778450e-01	2.844964e-11	
274	1.247500e-08	3.778230e-01	3.778014e-01	2.801449e-11	
275	1.252500e-08	3.778227e-01	3.778346e-01	2.834643e-11	
276	1.257500e-08	3.778227e-01	3.778089e-01	2.808914e-11	
277	1.262500e-08	3.778224e-01	3.778284e-01	2.828408e-11	
278	1.267500e-08	3.778224e-01	3.778132e-01	2.813225e-11	
279	1.272500e-08	3.778222e-01	3.778246e-01	2.824598e-11	
280	1.277500e-08	3.778221e-01	3.778157e-01	2.815665e-11	
281	1.282500e-08	3.778219e-01	3.778222e-01	2.822226e-11	
282	1.287500e-08	3.778218e-01	3.778170e-01	2.816996e-11	
283	1.292500e-08	3.778216e-01	3.778207e-01	2.820708e-11	
284	1.297500e-08	3.778215e-01	3.778177e-01	2.817670e-11	
285	1.302500e-08	3.778214e-01	3.778197e-01	2.819696e-11	
286	1.307500e-08	3.778212e-01	3.778180e-01	2.817954e-11	

Index   time            v(cell)         v(bl)           vpre#branch     
--------------------------------------------------------------------------------
287	1.312500e-08	3.778211e-01	3.778190e-01	2.818984e-11	
288	1.317500e-08	3.778209e-01	3.778180e-01	2.818007e-11	
289	1.322500e-08	3.778208e-01	3.778185e-01	2.818450e-11	
290	1.327500e-08	3.778207e-01	3.778179e-01	2.817923e-11	
291	1.332500e-08	3.778205e-01	3.778180e-01	2.818022e-11	
292	1.337500e-08	3.778204e-01	3.778178e-01	2.817758e-11	
293	1.342500e-08	3.778202e-01	3.778177e-01	2.817656e-11	
294	1.347500e-08	3.778201e-01	3.778175e-01	2.817545e-11	
295	1.352500e-08	3.778200e-01	3.778173e-01	2.817327e-11	
296	1.357500e-08	3.778198e-01	3.778173e-01	2.817303e-11	
297	1.362500e-08	3.778197e-01	3.778170e-01	2.817021e-11	
298	1.367500e-08	3.778196e-01	3.778170e-01	2.817044e-11	
299	1.372500e-08	3.778194e-01	3.778167e-01	2.816727e-11	
300	1.377500e-08	3.778193e-01	3.778168e-01	2.816776e-11	
301	1.382500e-08	3.778191e-01	3.778164e-01	2.816441e-11	
302	1.387500e-08	3.778190e-01	3.778165e-01	2.816502e-11	
303	1.392500e-08	3.778188e-01	3.778162e-01	2.816159e-11	
304	1.397500e-08	3.778187e-01	3.778162e-01	2.816224e-11	
305	1.402500e-08	3.778186e-01	3.778159e-01	2.815880e-11	
306	1.407500e-08	3.778184e-01	3.778159e-01	2.815944e-11	
307	1.412500e-08	3.778183e-01	3.778156e-01	2.815602e-11	
308	1.417500e-08	3.778182e-01	3.778157e-01	2.815664e-11	
309	1.422500e-08	3.778180e-01	3.778153e-01	2.815325e-11	
310	1.427500e-08	3.778179e-01	3.778154e-01	2.815382e-11	
311	1.432500e-08	3.778177e-01	3.778150e-01	2.815049e-11	
312	1.437500e-08	3.778176e-01	3.778151e-01	2.815101e-11	
313	1.442500e-08	3.778175e-01	3.778148e-01	2.814773e-11	
314	1.447500e-08	3.778173e-01	3.778148e-01	2.814819e-11	
315	1.452500e-08	3.778172e-01	3.778145e-01	2.814497e-11	
316	1.457500e-08	3.778170e-01	3.778145e-01	2.814537e-11	
317	1.462500e-08	3.778169e-01	3.778142e-01	2.814221e-11	
318	1.467500e-08	3.778168e-01	3.778143e-01	2.814256e-11	
319	1.472500e-08	3.778166e-01	3.778139e-01	2.813946e-11	
320	1.477500e-08	3.778165e-01	3.778140e-01	2.813974e-11	
321	1.482500e-08	3.778163e-01	3.778137e-01	2.813670e-11	
322	1.487500e-08	3.778162e-01	3.778137e-01	2.813693e-11	
323	1.492500e-08	3.778161e-01	3.778134e-01	2.813394e-11	
324	1.497500e-08	3.778159e-01	3.778134e-01	2.813411e-11	
325	1.502500e-08	3.778158e-01	3.778131e-01	2.813118e-11	
326	1.507500e-08	3.778156e-01	3.778131e-01	2.813130e-11	
327	1.512500e-08	3.778155e-01	3.778128e-01	2.812842e-11	
328	1.517500e-08	3.778154e-01	3.778128e-01	2.812849e-11	
329	1.522500e-08	3.778152e-01	3.778126e-01	2.812566e-11	
330	1.527500e-08	3.778151e-01	3.778126e-01	2.812568e-11	
331	1.532500e-08	3.778149e-01	3.778123e-01	2.812289e-11	
332	1.537500e-08	3.778148e-01	3.778123e-01	2.812287e-11	
333	1.542500e-08	3.778147e-01	3.778120e-01	2.812013e-11	
334	1.547500e-08	3.778145e-01	3.778120e-01	2.812006e-11	
335	1.552500e-08	3.778144e-01	3.778117e-01	2.811737e-11	
336	1.557500e-08	3.778142e-01	3.778117e-01	2.811725e-11	
337	1.562500e-08	3.778141e-01	3.778115e-01	2.811461e-11	
338	1.567500e-08	3.778140e-01	3.778114e-01	2.811445e-11	
339	1.572500e-08	3.778138e-01	3.778112e-01	2.811184e-11	
340	1.577500e-08	3.778137e-01	3.778112e-01	2.811164e-11	
341	1.582500e-08	3.778136e-01	3.778109e-01	2.810908e-11	
342	1.587500e-08	3.778134e-01	3.778109e-01	2.810884e-11	
343	1.592500e-08	3.778133e-01	3.778106e-01	2.810632e-11	
344	1.597500e-08	3.778131e-01	3.778106e-01	2.810603e-11	

Index   time            v(cell)         v(bl)           vpre#branch     
--------------------------------------------------------------------------------
345	1.602500e-08	3.778130e-01	3.778104e-01	2.810355e-11	
346	1.607500e-08	3.778129e-01	3.778103e-01	2.810323e-11	
347	1.612500e-08	3.778127e-01	3.778101e-01	2.810079e-11	
348	1.617500e-08	3.778126e-01	3.778100e-01	2.810043e-11	
349	1.622500e-08	3.778124e-01	3.778098e-01	2.809802e-11	
350	1.627500e-08	3.778123e-01	3.778098e-01	2.809763e-11	
351	1.632500e-08	3.778122e-01	3.778095e-01	2.809525e-11	
352	1.637500e-08	3.778120e-01	3.778095e-01	2.809483e-11	
353	1.642500e-08	3.778119e-01	3.778092e-01	2.809249e-11	
354	1.647500e-08	3.778117e-01	3.778092e-01	2.809203e-11	
355	1.652500e-08	3.778116e-01	3.778090e-01	2.808972e-11	
356	1.657500e-08	3.778115e-01	3.778089e-01	2.808923e-11	
357	1.662500e-08	3.778113e-01	3.778087e-01	2.808695e-11	
358	1.667500e-08	3.778112e-01	3.778086e-01	2.808644e-11	
359	1.672500e-08	3.778110e-01	3.778084e-01	2.808419e-11	
360	1.677500e-08	3.778109e-01	3.778084e-01	2.808364e-11	
361	1.682500e-08	3.778108e-01	3.778081e-01	2.808142e-11	
362	1.687500e-08	3.778106e-01	3.778081e-01	2.808084e-11	
363	1.692500e-08	3.778105e-01	3.778079e-01	2.807865e-11	
364	1.697500e-08	3.778103e-01	3.778078e-01	2.807805e-11	
365	1.702500e-08	3.778102e-01	3.778076e-01	2.807589e-11	
366	1.707500e-08	3.778101e-01	3.778075e-01	2.807525e-11	
367	1.712500e-08	3.778099e-01	3.778073e-01	2.807312e-11	
368	1.717500e-08	3.778098e-01	3.778072e-01	2.807246e-11	
369	1.722500e-08	3.778097e-01	3.778070e-01	2.807035e-11	
370	1.727500e-08	3.778095e-01	3.778070e-01	2.806967e-11	
371	1.732500e-08	3.778094e-01	3.778068e-01	2.806758e-11	
372	1.737500e-08	3.778092e-01	3.778067e-01	2.806688e-11	
373	1.742500e-08	3.778091e-01	3.778065e-01	2.806481e-11	
374	1.747500e-08	3.778090e-01	3.778064e-01	2.806408e-11	
375	1.752500e-08	3.778088e-01	3.778062e-01	2.806205e-11	
376	1.757500e-08	3.778087e-01	3.778061e-01	2.806129e-11	
377	1.762500e-08	3.778085e-01	3.778059e-01	2.805928e-11	
378	1.767500e-08	3.778084e-01	3.778059e-01	2.805850e-11	
379	1.772500e-08	3.778083e-01	3.778057e-01	2.805651e-11	
380	1.777500e-08	3.778081e-01	3.778056e-01	2.805571e-11	
381	1.782500e-08	3.778080e-01	3.778054e-01	2.805374e-11	
382	1.787500e-08	3.778078e-01	3.778053e-01	2.805293e-11	
383	1.792500e-08	3.778077e-01	3.778051e-01	2.805097e-11	
384	1.797500e-08	3.778076e-01	3.778050e-01	2.805014e-11	
385	1.802500e-08	3.778074e-01	3.778048e-01	2.804820e-11	
386	1.807500e-08	3.778073e-01	3.778047e-01	2.804735e-11	
387	1.812500e-08	3.778071e-01	3.778045e-01	2.804543e-11	
388	1.817500e-08	3.778070e-01	3.778045e-01	2.804456e-11	
389	1.822500e-08	3.778069e-01	3.778043e-01	2.804266e-11	
390	1.827500e-08	3.778067e-01	3.778042e-01	2.804178e-11	
391	1.832500e-08	3.778066e-01	3.778040e-01	2.803990e-11	
392	1.837500e-08	3.778065e-01	3.778039e-01	2.803899e-11	
393	1.842500e-08	3.778063e-01	3.778037e-01	2.803713e-11	
394	1.847500e-08	3.778062e-01	3.778036e-01	2.803621e-11	
395	1.852500e-08	3.778060e-01	3.778034e-01	2.803436e-11	
396	1.857500e-08	3.778059e-01	3.778033e-01	2.803342e-11	
397	1.862500e-08	3.778058e-01	3.778032e-01	2.803159e-11	
398	1.867500e-08	3.778056e-01	3.778031e-01	2.803064e-11	
399	1.872500e-08	3.778055e-01	3.778029e-01	2.802882e-11	
400	1.877500e-08	3.778053e-01	3.778028e-01	2.802785e-11	
401	1.882500e-08	3.778052e-01	3.778026e-01	2.802605e-11	
402	1.887500e-08	3.778051e-01	3.778025e-01	2.802507e-11	

Index   time            v(cell)         v(bl)           vpre#branch     
--------------------------------------------------------------------------------
403	1.892500e-08	3.778049e-01	3.778023e-01	2.802328e-11	
404	1.897500e-08	3.778048e-01	3.778022e-01	2.802229e-11	
405	1.902500e-08	3.778046e-01	3.778021e-01	2.802051e-11	
406	1.907500e-08	3.778045e-01	3.778020e-01	2.801951e-11	
407	1.912500e-08	3.778044e-01	3.778018e-01	2.801774e-11	
408	1.917500e-08	3.778042e-01	3.778017e-01	2.801672e-11	
409	1.922500e-08	3.778041e-01	3.778015e-01	2.801498e-11	
410	1.927500e-08	3.778040e-01	3.778014e-01	2.801394e-11	
411	1.932500e-08	3.778038e-01	3.778012e-01	2.801221e-11	
412	1.937500e-08	3.778037e-01	3.778011e-01	2.801116e-11	
413	1.942500e-08	3.778035e-01	3.778009e-01	2.800944e-11	
414	1.947500e-08	3.778034e-01	3.778008e-01	2.800838e-11	
415	1.952500e-08	3.778033e-01	3.778007e-01	2.800667e-11	
416	1.957500e-08	3.778031e-01	3.778006e-01	2.800560e-11	
417	1.962500e-08	3.778030e-01	3.778004e-01	2.800390e-11	
418	1.967500e-08	3.778028e-01	3.778003e-01	2.800282e-11	
419	1.972500e-08	3.778027e-01	3.778001e-01	2.800113e-11	
420	1.977500e-08	3.778026e-01	3.778000e-01	2.800005e-11	
421	1.982500e-08	3.778024e-01	3.777998e-01	2.799837e-11	
422	1.987500e-08	3.778023e-01	3.777997e-01	2.799727e-11	
423	1.992500e-08	3.778021e-01	3.777996e-01	2.799560e-11	
424	1.997500e-08	3.778020e-01	3.777994e-01	2.799449e-11	
425	2.002500e-08	3.778019e-01	3.777993e-01	2.799283e-11	
426	2.007500e-08	3.778017e-01	3.777992e-01	2.799171e-11	
427	2.012500e-08	3.778016e-01	3.777990e-01	2.799006e-11	
428	2.017500e-08	3.778015e-01	3.777989e-01	2.798894e-11	
429	2.022500e-08	3.778013e-01	3.777987e-01	2.798729e-11	
430	2.027500e-08	3.778012e-01	3.777986e-01	2.798616e-11	
431	2.032500e-08	3.778010e-01	3.777985e-01	2.798453e-11	
432	2.037500e-08	3.778009e-01	3.777983e-01	2.798338e-11	
433	2.042500e-08	3.778008e-01	3.777982e-01	2.798176e-11	
434	2.047500e-08	3.778006e-01	3.777981e-01	2.798061e-11	
435	2.052500e-08	3.778005e-01	3.777979e-01	2.797899e-11	
436	2.057500e-08	3.778003e-01	3.777978e-01	2.797783e-11	
437	2.062500e-08	3.778002e-01	3.777976e-01	2.797622e-11	
438	2.067500e-08	3.778001e-01	3.777975e-01	2.797506e-11	
439	2.072500e-08	3.777999e-01	3.777973e-01	2.797346e-11	
440	2.077500e-08	3.777998e-01	3.777972e-01	2.797228e-11	
441	2.082500e-08	3.777997e-01	3.777971e-01	2.797069e-11	
442	2.087500e-08	3.777995e-01	3.777970e-01	2.796951e-11	
443	2.092500e-08	3.777994e-01	3.777968e-01	2.796792e-11	
444	2.097500e-08	3.777992e-01	3.777967e-01	2.796673e-11	
445	2.102500e-08	3.777991e-01	3.777965e-01	2.796516e-11	
446	2.107500e-08	3.777990e-01	3.777964e-01	2.796396e-11	
447	2.112500e-08	3.777988e-01	3.777962e-01	2.796239e-11	
448	2.117500e-08	3.777987e-01	3.777961e-01	2.796119e-11	
449	2.122500e-08	3.777985e-01	3.777960e-01	2.795962e-11	
450	2.127500e-08	3.777984e-01	3.777958e-01	2.795842e-11	
451	2.132500e-08	3.777983e-01	3.777957e-01	2.795686e-11	
452	2.137500e-08	3.777981e-01	3.777956e-01	2.795564e-11	
453	2.142500e-08	3.777980e-01	3.777954e-01	2.795409e-11	
454	2.147500e-08	3.777978e-01	3.777953e-01	2.795287e-11	
455	2.152500e-08	3.777977e-01	3.777951e-01	2.795133e-11	
456	2.157500e-08	3.777976e-01	3.777950e-01	2.795010e-11	
457	2.162500e-08	3.777974e-01	3.777949e-01	2.794856e-11	
458	2.167500e-08	3.777973e-01	3.777947e-01	2.794733e-11	
459	2.172500e-08	3.777972e-01	3.777946e-01	2.794579e-11	
460	2.177500e-08	3.777970e-01	3.777945e-01	2.794456e-11	

Index   time            v(cell)         v(bl)           vpre#branch     
--------------------------------------------------------------------------------
461	2.182500e-08	3.777969e-01	3.777943e-01	2.794303e-11	
462	2.187500e-08	3.777967e-01	3.777942e-01	2.794179e-11	
463	2.192500e-08	3.777966e-01	3.777940e-01	2.794026e-11	
464	2.196250e-08	3.777965e-01	3.777939e-01	2.793936e-11	
465	2.200000e-08	3.777964e-01	3.777938e-01	2.793819e-11	
466	2.200500e-08	3.777734e-01	3.759617e-01	9.617299e-12	
467	2.201500e-08	3.777170e-01	3.743498e-01	-6.50191e-12	
468	2.203500e-08	3.775923e-01	3.742749e-01	-7.25057e-12	
469	2.207500e-08	3.773615e-01	3.728803e-01	-2.11974e-11	
470	2.212500e-08	3.770995e-01	3.710021e-01	-3.99794e-11	
471	2.217500e-08	3.768732e-01	3.672540e-01	-7.74605e-11	
472	2.222500e-08	3.766782e-01	3.611312e-01	-1.38688e-10	
473	2.227500e-08	3.765118e-01	3.504107e-01	-2.45893e-10	
474	2.232500e-08	3.763672e-01	3.344120e-01	-4.05880e-10	
475	2.237500e-08	3.762383e-01	3.137638e-01	-6.12362e-10	
476	2.242500e-08	3.761196e-01	2.897482e-01	-8.52518e-10	
477	2.247500e-08	3.760078e-01	2.636801e-01	-1.11320e-09	
478	2.252500e-08	3.759007e-01	2.364337e-01	-1.38566e-09	
479	2.257500e-08	3.757972e-01	2.083515e-01	-1.66649e-09	
480	2.262500e-08	3.756964e-01	1.797611e-01	-1.95239e-09	
481	2.267500e-08	3.755978e-01	1.508895e-01	-2.24110e-09	
482	2.272500e-08	3.755010e-01	1.219012e-01	-2.53099e-09	
483	2.277500e-08	3.754058e-01	9.288907e-02	-2.82111e-09	
484	2.282500e-08	3.753118e-01	6.395626e-02	-3.11044e-09	
485	2.287500e-08	3.752188e-01	3.521571e-02	-3.39784e-09	
486	2.292500e-08	3.751267e-01	6.748658e-03	-3.68251e-09	
487	2.296250e-08	3.750581e-01	-1.44011e-02	-3.89401e-09	
488	2.300000e-08	3.749898e-01	-3.53730e-02	-4.10373e-09	
489	2.300500e-08	3.749893e-01	-3.44090e-02	-4.09409e-09	
490	2.301500e-08	3.749888e-01	-3.24896e-02	-4.07490e-09	
491	2.303500e-08	3.749880e-01	-2.87023e-02	-4.03702e-09	
492	2.307500e-08	3.749865e-01	-2.13122e-02	-3.96312e-09	
493	2.312500e-08	3.749849e-01	-1.23865e-02	-3.87387e-09	
494	2.317500e-08	3.749837e-01	-3.77166e-03	-3.78772e-09	
495	2.322500e-08	3.749827e-01	4.566334e-03	-3.70434e-09	
496	2.327500e-08	3.749819e-01	1.265398e-02	-3.62346e-09	
497	2.332500e-08	3.749813e-01	2.051229e-02	-3.54488e-09	
498	2.337500e-08	3.749807e-01	2.815820e-02	-3.46842e-09	
499	2.342500e-08	3.749803e-01	3.560359e-02	-3.39396e-09	
500	2.347500e-08	3.749799e-01	4.286047e-02	-3.32140e-09	
501	2.352500e-08	3.749796e-01	4.994096e-02	-3.25059e-09	
502	2.357500e-08	3.749793e-01	5.685321e-02	-3.18147e-09	
503	2.362500e-08	3.749791e-01	6.360430e-02	-3.11396e-09	
504	2.367500e-08	3.749789e-01	7.020049e-02	-3.04800e-09	
505	2.372500e-08	3.749788e-01	7.664733e-02	-2.98353e-09	
506	2.377500e-08	3.749787e-01	8.294984e-02	-2.92050e-09	
507	2.382500e-08	3.749786e-01	8.911259e-02	-2.85887e-09	
508	2.387500e-08	3.749784e-01	9.513976e-02	-2.79860e-09	
509	2.392500e-08	3.749784e-01	1.010352e-01	-2.73965e-09	
510	2.397500e-08	3.749783e-01	1.068026e-01	-2.68197e-09	
511	2.402500e-08	3.749782e-01	1.124453e-01	-2.62555e-09	
512	2.407500e-08	3.749782e-01	1.179665e-01	-2.57034e-09	
513	2.412500e-08	3.749781e-01	1.233692e-01	-2.51631e-09	
514	2.417500e-08	3.749781e-01	1.286564e-01	-2.46344e-09	
515	2.422500e-08	3.749781e-01	1.338307e-01	-2.41169e-09	
516	2.427500e-08	3.749780e-01	1.388949e-01	-2.36105e-09	
517	2.432500e-08	3.749780e-01	1.438516e-01	-2.31148e-09	
518	2.437500e-08	3.749780e-01	1.487030e-01	-2.26297e-09	

Index   time            v(cell)         v(bl)           vpre#branch     
--------------------------------------------------------------------------------
519	2.442500e-08	3.749780e-01	1.534518e-01	-2.21548e-09	
520	2.447500e-08	3.749779e-01	1.581001e-01	-2.16900e-09	
521	2.452500e-08	3.749779e-01	1.626501e-01	-2.12350e-09	
522	2.457500e-08	3.749779e-01	1.671041e-01	-2.07896e-09	
523	2.462500e-08	3.749779e-01	1.714642e-01	-2.03536e-09	
524	2.467500e-08	3.749779e-01	1.757323e-01	-1.99268e-09	
525	2.472500e-08	3.749779e-01	1.799106e-01	-1.95089e-09	
526	2.477500e-08	3.749779e-01	1.840009e-01	-1.90999e-09	
527	2.482500e-08	3.749779e-01	1.880051e-01	-1.86995e-09	
528	2.487500e-08	3.749778e-01	1.919251e-01	-1.83075e-09	
529	2.492500e-08	3.749778e-01	1.957627e-01	-1.79237e-09	
530	2.497500e-08	3.749778e-01	1.995196e-01	-1.75480e-09	
531	2.502500e-08	3.749778e-01	2.031976e-01	-1.71802e-09	
532	2.507500e-08	3.749778e-01	2.067984e-01	-1.68202e-09	
533	2.512500e-08	3.749778e-01	2.103235e-01	-1.64676e-09	
534	2.517500e-08	3.749778e-01	2.137746e-01	-1.61225e-09	
535	2.522500e-08	3.749778e-01	2.171533e-01	-1.57847e-09	
536	2.527500e-08	3.749778e-01	2.204611e-01	-1.54539e-09	
537	2.532500e-08	3.749778e-01	2.236995e-01	-1.51301e-09	
538	2.537500e-08	3.749778e-01	2.268699e-01	-1.48130e-09	
539	2.542500e-08	3.749778e-01	2.299738e-01	-1.45026e-09	
540	2.547500e-08	3.749778e-01	2.330126e-01	-1.41987e-09	
541	2.552500e-08	3.749778e-01	2.359877e-01	-1.39012e-09	
542	2.557500e-08	3.749778e-01	2.389004e-01	-1.36100e-09	
543	2.562500e-08	3.749778e-01	2.417520e-01	-1.33248e-09	
544	2.567500e-08	3.749778e-01	2.445438e-01	-1.30456e-09	
545	2.572500e-08	3.749778e-01	2.472771e-01	-1.27723e-09	
546	2.577500e-08	3.749778e-01	2.499530e-01	-1.25047e-09	
547	2.582500e-08	3.749778e-01	2.525729e-01	-1.22427e-09	
548	2.587500e-08	3.749778e-01	2.551379e-01	-1.19862e-09	
549	2.592500e-08	3.749778e-01	2.576491e-01	-1.17351e-09	
550	2.597500e-08	3.749778e-01	2.601076e-01	-1.14892e-09	
551	2.602500e-08	3.749778e-01	2.625147e-01	-1.12485e-09	
552	2.607500e-08	3.749778e-01	2.648712e-01	-1.10129e-09	
553	2.612500e-08	3.749778e-01	2.671784e-01	-1.07822e-09	
554	2.617500e-08	3.749778e-01	2.694373e-01	-1.05563e-09	
555	2.622500e-08	3.749778e-01	2.716488e-01	-1.03351e-09	
556	2.627500e-08	3.749778e-01	2.738139e-01	-1.01186e-09	
557	2.632500e-08	3.749778e-01	2.759337e-01	-9.90663e-10	
558	2.637500e-08	3.749778e-01	2.780091e-01	-9.69909e-10	
559	2.642500e-08	3.749778e-01	2.800409e-01	-9.49591e-10	
560	2.647500e-08	3.749778e-01	2.820302e-01	-9.29698e-10	
561	2.652500e-08	3.749778e-01	2.839779e-01	-9.10221e-10	
562	2.657500e-08	3.749778e-01	2.858847e-01	-8.91153e-10	
563	2.662500e-08	3.749778e-01	2.877515e-01	-8.72485e-10	
564	2.667500e-08	3.749778e-01	2.895793e-01	-8.54207e-10	
565	2.672500e-08	3.749778e-01	2.913687e-01	-8.36313e-10	
566	2.677500e-08	3.749778e-01	2.931207e-01	-8.18793e-10	
567	2.682500e-08	3.749778e-01	2.948359e-01	-8.01641e-10	
568	2.687500e-08	3.749778e-01	2.965152e-01	-7.84848e-10	
569	2.692500e-08	3.749778e-01	2.981593e-01	-7.68407e-10	
570	2.697500e-08	3.749778e-01	2.997690e-01	-7.52310e-10	
571	2.702500e-08	3.749778e-01	3.013450e-01	-7.36550e-10	
572	2.707500e-08	3.749778e-01	3.028879e-01	-7.21121e-10	
573	2.712500e-08	3.749778e-01	3.043985e-01	-7.06015e-10	
574	2.717500e-08	3.749778e-01	3.058775e-01	-6.91225e-10	
575	2.722500e-08	3.749778e-01	3.073255e-01	-6.76745e-10	
576	2.727500e-08	3.749778e-01	3.087431e-01	-6.62569e-10	

Index   time            v(cell)         v(bl)           vpre#branch     
--------------------------------------------------------------------------------
577	2.732500e-08	3.749778e-01	3.101310e-01	-6.48690e-10	
578	2.737500e-08	3.749778e-01	3.114899e-01	-6.35101e-10	
579	2.742500e-08	3.749778e-01	3.128203e-01	-6.21797e-10	
580	2.747500e-08	3.749778e-01	3.141228e-01	-6.08772e-10	
581	2.752500e-08	3.749778e-01	3.153981e-01	-5.96019e-10	
582	2.757500e-08	3.749778e-01	3.166466e-01	-5.83534e-10	
583	2.762500e-08	3.749778e-01	3.178690e-01	-5.71310e-10	
584	2.767500e-08	3.749778e-01	3.190658e-01	-5.59342e-10	
585	2.772500e-08	3.749778e-01	3.202374e-01	-5.47626e-10	
586	2.777500e-08	3.749778e-01	3.213846e-01	-5.36154e-10	
587	2.782500e-08	3.749778e-01	3.225077e-01	-5.24923e-10	
588	2.787500e-08	3.749778e-01	3.236073e-01	-5.13927e-10	
589	2.792500e-08	3.749778e-01	3.246839e-01	-5.03161e-10	
590	2.797500e-08	3.749778e-01	3.257379e-01	-4.92621e-10	
591	2.802500e-08	3.749778e-01	3.267698e-01	-4.82302e-10	
592	2.807500e-08	3.749778e-01	3.277801e-01	-4.72199e-10	
593	2.812500e-08	3.749778e-01	3.287692e-01	-4.62308e-10	
594	2.817500e-08	3.749777e-01	3.297376e-01	-4.52624e-10	
595	2.822500e-08	3.749778e-01	3.306858e-01	-4.43142e-10	
596	2.827500e-08	3.749777e-01	3.316140e-01	-4.33860e-10	
597	2.832500e-08	3.749778e-01	3.325229e-01	-4.24771e-10	
598	2.837500e-08	3.749777e-01	3.334127e-01	-4.15873e-10	
599	2.842500e-08	3.749778e-01	3.342838e-01	-4.07162e-10	
600	2.847500e-08	3.749777e-01	3.351367e-01	-3.98633e-10	
601	2.852500e-08	3.749778e-01	3.359717e-01	-3.90283e-10	
602	2.857500e-08	3.749777e-01	3.367893e-01	-3.82107e-10	
603	2.862500e-08	3.749778e-01	3.375897e-01	-3.74103e-10	
604	2.867500e-08	3.749777e-01	3.383734e-01	-3.66266e-10	
605	2.872500e-08	3.749778e-01	3.391406e-01	-3.58594e-10	
606	2.877500e-08	3.749777e-01	3.398917e-01	-3.51083e-10	
607	2.882500e-08	3.749778e-01	3.406272e-01	-3.43728e-10	
608	2.887500e-08	3.749777e-01	3.413472e-01	-3.36528e-10	
609	2.892500e-08	3.749778e-01	3.420521e-01	-3.29479e-10	
610	2.897500e-08	3.749777e-01	3.427423e-01	-3.22577e-10	
611	2.902500e-08	3.749778e-01	3.434180e-01	-3.15820e-10	
612	2.907500e-08	3.749777e-01	3.440796e-01	-3.09204e-10	
613	2.912500e-08	3.749778e-01	3.447273e-01	-3.02727e-10	
614	2.917500e-08	3.749777e-01	3.453614e-01	-2.96386e-10	
615	2.922500e-08	3.749778e-01	3.459823e-01	-2.90177e-10	
616	2.927500e-08	3.749777e-01	3.465901e-01	-2.84099e-10	
617	2.932500e-08	3.749778e-01	3.471852e-01	-2.78148e-10	
618	2.937500e-08	3.749777e-01	3.477679e-01	-2.72321e-10	
619	2.942500e-08	3.749778e-01	3.483383e-01	-2.66617e-10	
620	2.947500e-08	3.749777e-01	3.488968e-01	-2.61032e-10	
621	2.952500e-08	3.749777e-01	3.494436e-01	-2.55564e-10	
622	2.957500e-08	3.749777e-01	3.499789e-01	-2.50211e-10	
623	2.962500e-08	3.749777e-01	3.505030e-01	-2.44970e-10	
624	2.967500e-08	3.749777e-01	3.510162e-01	-2.39838e-10	
625	2.972500e-08	3.749777e-01	3.515186e-01	-2.34814e-10	
626	2.977500e-08	3.749777e-01	3.520104e-01	-2.29896e-10	
627	2.982500e-08	3.749777e-01	3.524920e-01	-2.25080e-10	
628	2.987500e-08	3.749777e-01	3.529635e-01	-2.20365e-10	
629	2.992500e-08	3.749777e-01	3.534251e-01	-2.15749e-10	
630	2.997500e-08	3.749777e-01	3.538770e-01	-2.11230e-10	
631	3.002500e-08	3.749777e-01	3.543195e-01	-2.06805e-10	
632	3.007500e-08	3.749777e-01	3.547527e-01	-2.02473e-10	
633	3.012500e-08	3.749777e-01	3.551768e-01	-1.98232e-10	
634	3.017500e-08	3.749777e-01	3.555921e-01	-1.94079e-10	

Index   time            v(cell)         v(bl)           vpre#branch     
--------------------------------------------------------------------------------
635	3.022500e-08	3.749777e-01	3.559986e-01	-1.90014e-10	
636	3.027500e-08	3.749777e-01	3.563966e-01	-1.86034e-10	
637	3.032500e-08	3.749777e-01	3.567863e-01	-1.82137e-10	
638	3.037500e-08	3.749777e-01	3.571679e-01	-1.78321e-10	
639	3.042500e-08	3.749777e-01	3.575414e-01	-1.74586e-10	
640	3.047500e-08	3.749777e-01	3.579071e-01	-1.70929e-10	
641	3.052500e-08	3.749777e-01	3.582651e-01	-1.67349e-10	
642	3.057500e-08	3.749777e-01	3.586157e-01	-1.63843e-10	
643	3.062500e-08	3.749777e-01	3.589589e-01	-1.60411e-10	
644	3.067500e-08	3.749777e-01	3.592949e-01	-1.57051e-10	
645	3.072500e-08	3.749777e-01	3.596239e-01	-1.53761e-10	
646	3.077500e-08	3.749777e-01	3.599460e-01	-1.50540e-10	
647	3.082500e-08	3.749777e-01	3.602613e-01	-1.47387e-10	
648	3.087500e-08	3.749777e-01	3.605701e-01	-1.44299e-10	
649	3.092500e-08	3.749777e-01	3.608723e-01	-1.41277e-10	
650	3.097500e-08	3.749777e-01	3.611683e-01	-1.38317e-10	
651	3.102500e-08	3.749777e-01	3.614580e-01	-1.35420e-10	
652	3.107500e-08	3.749777e-01	3.617417e-01	-1.32583e-10	
653	3.112500e-08	3.749777e-01	3.620194e-01	-1.29806e-10	
654	3.117500e-08	3.749777e-01	3.622913e-01	-1.27087e-10	
655	3.122500e-08	3.749777e-01	3.625575e-01	-1.24425e-10	
656	3.127500e-08	3.749777e-01	3.628181e-01	-1.21819e-10	
657	3.132500e-08	3.749777e-01	3.630733e-01	-1.19267e-10	
658	3.137500e-08	3.749777e-01	3.633231e-01	-1.16769e-10	
659	3.142500e-08	3.749777e-01	3.635677e-01	-1.14323e-10	
660	3.147500e-08	3.749777e-01	3.638072e-01	-1.11928e-10	
661	3.152500e-08	3.749777e-01	3.640417e-01	-1.09583e-10	
662	3.157500e-08	3.749777e-01	3.642712e-01	-1.07288e-10	
663	3.162500e-08	3.749777e-01	3.644960e-01	-1.05040e-10	
664	3.167500e-08	3.749777e-01	3.647160e-01	-1.02840e-10	
665	3.172500e-08	3.749777e-01	3.649314e-01	-1.00686e-10	
666	3.177500e-08	3.749777e-01	3.651423e-01	-9.85769e-11	
667	3.182500e-08	3.749777e-01	3.653488e-01	-9.65120e-11	
668	3.187500e-08	3.749777e-01	3.655510e-01	-9.44903e-11	
669	3.192500e-08	3.749777e-01	3.657489e-01	-9.25110e-11	
670	3.197500e-08	3.749777e-01	3.659427e-01	-9.05732e-11	
671	3.202500e-08	3.749777e-01	3.661324e-01	-8.86759e-11	
672	3.207500e-08	3.749777e-01	3.663182e-01	-8.68184e-11	
673	3.212500e-08	3.749777e-01	3.665000e-01	-8.49998e-11	
674	3.217500e-08	3.749777e-01	3.666781e-01	-8.32193e-11	
675	3.222500e-08	3.749777e-01	3.668524e-01	-8.14761e-11	
676	3.227500e-08	3.749777e-01	3.670231e-01	-7.97694e-11	
677	3.232500e-08	3.749777e-01	3.671902e-01	-7.80985e-11	
678	3.237500e-08	3.749777e-01	3.673537e-01	-7.64625e-11	
679	3.242500e-08	3.749777e-01	3.675139e-01	-7.48609e-11	
680	3.247500e-08	3.749777e-01	3.676707e-01	-7.32928e-11	
681	3.252500e-08	3.749777e-01	3.678243e-01	-7.17575e-11	
682	3.257500e-08	3.749777e-01	3.679746e-01	-7.02544e-11	
683	3.262500e-08	3.749777e-01	3.681217e-01	-6.87827e-11	
684	3.267500e-08	3.749777e-01	3.682658e-01	-6.73419e-11	
685	3.272500e-08	3.749777e-01	3.684069e-01	-6.59313e-11	
686	3.277500e-08	3.749777e-01	3.685450e-01	-6.45503e-11	
687	3.282500e-08	3.749777e-01	3.686802e-01	-6.31981e-11	
688	3.287500e-08	3.749777e-01	3.688126e-01	-6.18743e-11	
689	3.292500e-08	3.749777e-01	3.689422e-01	-6.05782e-11	
690	3.297500e-08	3.749777e-01	3.690691e-01	-5.93093e-11	
691	3.302500e-08	3.749777e-01	3.691933e-01	-5.80669e-11	
692	3.307500e-08	3.749777e-01	3.693149e-01	-5.68506e-11	

Index   time            v(cell)         v(bl)           vpre#branch     
--------------------------------------------------------------------------------
693	3.312500e-08	3.749777e-01	3.694340e-01	-5.56597e-11	
694	3.317500e-08	3.749777e-01	3.695506e-01	-5.44938e-11	
695	3.322500e-08	3.749777e-01	3.696648e-01	-5.33523e-11	
696	3.327500e-08	3.749777e-01	3.697765e-01	-5.22348e-11	
697	3.332500e-08	3.749777e-01	3.698859e-01	-5.11406e-11	
698	3.337500e-08	3.749777e-01	3.699931e-01	-5.00693e-11	
699	3.342500e-08	3.749777e-01	3.700979e-01	-4.90205e-11	
700	3.347500e-08	3.749777e-01	3.702006e-01	-4.79937e-11	
701	3.352500e-08	3.749777e-01	3.703012e-01	-4.69884e-11	
702	3.357500e-08	3.749777e-01	3.703996e-01	-4.60041e-11	
703	3.362500e-08	3.749777e-01	3.704960e-01	-4.50404e-11	
704	3.367500e-08	3.749777e-01	3.705903e-01	-4.40970e-11	
705	3.372500e-08	3.749777e-01	3.706827e-01	-4.31733e-11	
706	3.377500e-08	3.749777e-01	3.707731e-01	-4.22689e-11	
707	3.382500e-08	3.749777e-01	3.708616e-01	-4.13835e-11	
708	3.387500e-08	3.749777e-01	3.709483e-01	-4.05167e-11	
709	3.392500e-08	3.749777e-01	3.710332e-01	-3.96679e-11	
710	3.397500e-08	3.749777e-01	3.711163e-01	-3.88370e-11	
711	3.402500e-08	3.749777e-01	3.711977e-01	-3.80235e-11	
712	3.407500e-08	3.749777e-01	3.712773e-01	-3.72270e-11	
713	3.412500e-08	3.749777e-01	3.713553e-01	-3.64472e-11	
714	3.417500e-08	3.749777e-01	3.714316e-01	-3.56838e-11	
715	3.422500e-08	3.749777e-01	3.715064e-01	-3.49363e-11	
716	3.427500e-08	3.749777e-01	3.715796e-01	-3.42045e-11	
717	3.432500e-08	3.749777e-01	3.716512e-01	-3.34880e-11	
718	3.437500e-08	3.749777e-01	3.717213e-01	-3.27865e-11	
719	3.442500e-08	3.749777e-01	3.717900e-01	-3.20997e-11	
720	3.447500e-08	3.749777e-01	3.718573e-01	-3.14273e-11	
721	3.452500e-08	3.749777e-01	3.719231e-01	-3.07690e-11	
722	3.457500e-08	3.749777e-01	3.719875e-01	-3.01245e-11	
723	3.462500e-08	3.749777e-01	3.720507e-01	-2.94935e-11	
724	3.467500e-08	3.749777e-01	3.721124e-01	-2.88757e-11	
725	3.472500e-08	3.749777e-01	3.721729e-01	-2.82708e-11	
726	3.477500e-08	3.749777e-01	3.722321e-01	-2.76786e-11	
727	3.482500e-08	3.749777e-01	3.722901e-01	-2.70989e-11	
728	3.487500e-08	3.749777e-01	3.723469e-01	-2.65312e-11	
729	3.492500e-08	3.749777e-01	3.724025e-01	-2.59755e-11	
730	3.497500e-08	3.749777e-01	3.724569e-01	-2.54314e-11	
731	3.502500e-08	3.749777e-01	3.725101e-01	-2.48986e-11	
732	3.507500e-08	3.749777e-01	3.725623e-01	-2.43771e-11	
733	3.512500e-08	3.749777e-01	3.726134e-01	-2.38665e-11	
734	3.517500e-08	3.749777e-01	3.726633e-01	-2.33665e-11	
735	3.522500e-08	3.749777e-01	3.727123e-01	-2.28771e-11	
736	3.527500e-08	3.749777e-01	3.727602e-01	-2.23979e-11	
737	3.532500e-08	3.749777e-01	3.728071e-01	-2.19287e-11	
738	3.537500e-08	3.749777e-01	3.728531e-01	-2.14694e-11	
739	3.542500e-08	3.749777e-01	3.728980e-01	-2.10196e-11	
740	3.547500e-08	3.749777e-01	3.729421e-01	-2.05793e-11	
741	3.552500e-08	3.749777e-01	3.729852e-01	-2.01483e-11	
742	3.557500e-08	3.749777e-01	3.730274e-01	-1.97262e-11	
743	3.562500e-08	3.749777e-01	3.730687e-01	-1.93130e-11	
744	3.567500e-08	3.749777e-01	3.731092e-01	-1.89085e-11	
745	3.572500e-08	3.749777e-01	3.731488e-01	-1.85124e-11	
746	3.577500e-08	3.749777e-01	3.731875e-01	-1.81246e-11	
747	3.582500e-08	3.749777e-01	3.732255e-01	-1.77449e-11	
748	3.587500e-08	3.749777e-01	3.732627e-01	-1.73732e-11	
749	3.592500e-08	3.749777e-01	3.732991e-01	-1.70093e-11	
750	3.597500e-08	3.749777e-01	3.733347e-01	-1.66530e-11	

Index   time            v(cell)         v(bl)           vpre#branch     
--------------------------------------------------------------------------------
751	3.602500e-08	3.749777e-01	3.733696e-01	-1.63042e-11	
752	3.607500e-08	3.749777e-01	3.734037e-01	-1.59627e-11	
753	3.612500e-08	3.749777e-01	3.734372e-01	-1.56283e-11	
754	3.617500e-08	3.749777e-01	3.734699e-01	-1.53009e-11	
755	3.622500e-08	3.749777e-01	3.735020e-01	-1.49804e-11	
756	3.627500e-08	3.749777e-01	3.735333e-01	-1.46666e-11	
757	3.632500e-08	3.749777e-01	3.735641e-01	-1.43594e-11	
758	3.637500e-08	3.749777e-01	3.735941e-01	-1.40586e-11	
759	3.642500e-08	3.749777e-01	3.736236e-01	-1.37641e-11	
760	3.647500e-08	3.749777e-01	3.736524e-01	-1.34758e-11	
761	3.652500e-08	3.749777e-01	3.736806e-01	-1.31935e-11	
762	3.657500e-08	3.749777e-01	3.737083e-01	-1.29172e-11	
763	3.662500e-08	3.749777e-01	3.737353e-01	-1.26466e-11	
764	3.667500e-08	3.749777e-01	3.737618e-01	-1.23817e-11	
765	3.672500e-08	3.749777e-01	3.737878e-01	-1.21223e-11	
766	3.677500e-08	3.749777e-01	3.738132e-01	-1.18684e-11	
767	3.682500e-08	3.749777e-01	3.738380e-01	-1.16198e-11	
768	3.687500e-08	3.749777e-01	3.738624e-01	-1.13764e-11	
769	3.692500e-08	3.749777e-01	3.738862e-01	-1.11381e-11	
770	3.697500e-08	3.749777e-01	3.739095e-01	-1.09048e-11	
771	3.702500e-08	3.749777e-01	3.739324e-01	-1.06764e-11	
772	3.707500e-08	3.749777e-01	3.739547e-01	-1.04527e-11	
773	3.712500e-08	3.749777e-01	3.739766e-01	-1.02338e-11	
774	3.717500e-08	3.749777e-01	3.739981e-01	-1.00194e-11	
775	3.722500e-08	3.749777e-01	3.740190e-01	-9.80953e-12	
776	3.727500e-08	3.749777e-01	3.740396e-01	-9.60405e-12	
777	3.732500e-08	3.749777e-01	3.740597e-01	-9.40287e-12	
778	3.737500e-08	3.749777e-01	3.740794e-01	-9.20591e-12	
779	3.742500e-08	3.749777e-01	3.740987e-01	-9.01307e-12	
780	3.747500e-08	3.749777e-01	3.741176e-01	-8.82428e-12	
781	3.752500e-08	3.749777e-01	3.741361e-01	-8.63944e-12	
782	3.757500e-08	3.749777e-01	3.741542e-01	-8.45846e-12	
783	3.762500e-08	3.749777e-01	3.741719e-01	-8.28129e-12	
784	3.767500e-08	3.749777e-01	3.741892e-01	-8.10782e-12	
785	3.772500e-08	3.749777e-01	3.742062e-01	-7.93798e-12	
786	3.777500e-08	3.749777e-01	3.742228e-01	-7.77171e-12	
787	3.782500e-08	3.749777e-01	3.742391e-01	-7.60891e-12	
788	3.787500e-08	3.749777e-01	3.742550e-01	-7.44953e-12	
789	3.792500e-08	3.749777e-01	3.742707e-01	-7.29348e-12	
790	3.797500e-08	3.749777e-01	3.742859e-01	-7.14071e-12	
791	3.802500e-08	3.749777e-01	3.743009e-01	-6.99113e-12	
792	3.807500e-08	3.749777e-01	3.743155e-01	-6.84469e-12	
793	3.812500e-08	3.749777e-01	3.743299e-01	-6.70131e-12	
794	3.817500e-08	3.749777e-01	3.743439e-01	-6.56094e-12	
795	3.822500e-08	3.749777e-01	3.743576e-01	-6.42351e-12	
796	3.827500e-08	3.749777e-01	3.743711e-01	-6.28895e-12	
797	3.832500e-08	3.749777e-01	3.743843e-01	-6.15722e-12	
798	3.837500e-08	3.749777e-01	3.743972e-01	-6.02824e-12	
799	3.842500e-08	3.749777e-01	3.744098e-01	-5.90197e-12	
800	3.847500e-08	3.749777e-01	3.744222e-01	-5.77834e-12	
801	3.852500e-08	3.749777e-01	3.744343e-01	-5.65730e-12	
802	3.857500e-08	3.749777e-01	3.744461e-01	-5.53880e-12	
803	3.862500e-08	3.749777e-01	3.744577e-01	-5.42278e-12	
804	3.867500e-08	3.749777e-01	3.744691e-01	-5.30919e-12	
805	3.872500e-08	3.749777e-01	3.744802e-01	-5.19798e-12	
806	3.877500e-08	3.749777e-01	3.744911e-01	-5.08910e-12	
807	3.882500e-08	3.749777e-01	3.745018e-01	-4.98249e-12	
808	3.887500e-08	3.749777e-01	3.745122e-01	-4.87813e-12	

Index   time            v(cell)         v(bl)           vpre#branch     
--------------------------------------------------------------------------------
809	3.892500e-08	3.749777e-01	3.745224e-01	-4.77594e-12	
810	3.897500e-08	3.749777e-01	3.745324e-01	-4.67590e-12	
811	3.902500e-08	3.749777e-01	3.745422e-01	-4.57796e-12	
812	3.907500e-08	3.749777e-01	3.745518e-01	-4.48206e-12	
813	3.912500e-08	3.749777e-01	3.745612e-01	-4.38818e-12	
814	3.917500e-08	3.749777e-01	3.745704e-01	-4.29626e-12	
815	3.922500e-08	3.749777e-01	3.745794e-01	-4.20626e-12	
816	3.927500e-08	3.749777e-01	3.745882e-01	-4.11816e-12	
817	3.932500e-08	3.749777e-01	3.745968e-01	-4.03189e-12	
818	3.937500e-08	3.749777e-01	3.746053e-01	-3.94744e-12	
819	3.942500e-08	3.749777e-01	3.746135e-01	-3.86475e-12	
820	3.947500e-08	3.749777e-01	3.746216e-01	-3.78380e-12	
821	3.952500e-08	3.749777e-01	3.746295e-01	-3.70454e-12	
822	3.957500e-08	3.749777e-01	3.746373e-01	-3.62694e-12	
823	3.962500e-08	3.749777e-01	3.746449e-01	-3.55096e-12	
824	3.967500e-08	3.749777e-01	3.746523e-01	-3.47658e-12	
825	3.972500e-08	3.749777e-01	3.746596e-01	-3.40376e-12	
826	3.977500e-08	3.749777e-01	3.746668e-01	-3.33246e-12	
827	3.982500e-08	3.749777e-01	3.746737e-01	-3.26266e-12	
828	3.987500e-08	3.749777e-01	3.746806e-01	-3.19431e-12	
829	3.992500e-08	3.749777e-01	3.746873e-01	-3.12740e-12	
830	3.996250e-08	3.749777e-01	3.746922e-01	-3.07814e-12	
831	4.000000e-08	3.749777e-01	3.746970e-01	-3.02966e-12	


Total analysis time (seconds) = 0.0573248

Total elapsed time (seconds) = 0.067 

Total DRAM available = 386307.215 MB.
DRAM currently available = 12831.324 MB.
Maximum ngspice program size =  529.723 MB.
Current ngspice program size =   14.113 MB.

Shared ngspice pages =   12.289 MB.
Text (code) pages =    6.266 MB.
Stack = 0 bytes.
Library pages =   59.141 MB.

