
Note: No compatibility mode selected!


Circuit: * id-vg sweep vds=0.4950v

Doing analysis at TEMP = 27.000000 and TNOM = 27.000000

Using SPARSE 1.3 as Direct Linear Solver

No. of Data Rows : 201

  Measurements for DC Analysis

ion                 =  -2.07668e-06 at=  9.90000e-01
ioff                =  -2.06864e-14

                           * id-vg sweep vds=0.4950v
                           DC transfer characteristic  Tue Jun 23 21:12:07  2026
--------------------------------------------------------------------------------
Index   v-sweep         vd#branch       
--------------------------------------------------------------------------------
0	0.000000e+00	-2.06864e-14	
1	4.950000e-03	-2.32019e-14	
2	9.900000e-03	-2.62020e-14	
3	1.485000e-02	-2.95901e-14	
4	1.980000e-02	-3.34163e-14	
5	2.475000e-02	-3.77372e-14	
6	2.970000e-02	-4.26168e-14	
7	3.465000e-02	-4.81274e-14	
8	3.960000e-02	-5.43505e-14	
9	4.455000e-02	-6.13783e-14	
10	4.950000e-02	-6.93148e-14	
11	5.445000e-02	-7.82776e-14	
12	5.940000e-02	-8.83993e-14	
13	6.435000e-02	-9.98299e-14	
14	6.930000e-02	-1.12738e-13	
15	7.425000e-02	-1.27316e-13	
16	7.920000e-02	-1.43779e-13	
17	8.415000e-02	-1.62370e-13	
18	8.910000e-02	-1.83365e-13	
19	9.405000e-02	-2.07075e-13	
20	9.900000e-02	-2.33851e-13	
21	1.039500e-01	-2.64090e-13	
22	1.089000e-01	-2.98238e-13	
23	1.138500e-01	-3.36801e-13	
24	1.188000e-01	-3.80351e-13	
25	1.237500e-01	-4.29533e-13	
26	1.287000e-01	-4.85074e-13	
27	1.336500e-01	-5.47796e-13	
28	1.386000e-01	-6.18629e-13	
29	1.435500e-01	-6.98620e-13	
30	1.485000e-01	-7.88955e-13	
31	1.534500e-01	-8.90971e-13	
32	1.584000e-01	-1.00618e-12	
33	1.633500e-01	-1.13628e-12	
34	1.683000e-01	-1.28321e-12	
35	1.732500e-01	-1.44913e-12	
36	1.782000e-01	-1.63651e-12	
37	1.831500e-01	-1.84812e-12	
38	1.881000e-01	-2.08708e-12	
39	1.930500e-01	-2.35695e-12	
40	1.980000e-01	-2.66171e-12	
41	2.029500e-01	-3.00588e-12	
42	2.079000e-01	-3.39454e-12	
43	2.128500e-01	-3.83346e-12	
44	2.178000e-01	-4.32914e-12	
45	2.227500e-01	-4.88890e-12	
46	2.277000e-01	-5.52104e-12	
47	2.326500e-01	-6.23490e-12	
48	2.376000e-01	-7.04107e-12	
49	2.425500e-01	-7.95147e-12	
50	2.475000e-01	-8.97957e-12	
51	2.524500e-01	-1.01406e-11	
52	2.574000e-01	-1.14517e-11	
53	2.623500e-01	-1.29324e-11	
54	2.673000e-01	-1.46044e-11	

Index   v-sweep         vd#branch       
--------------------------------------------------------------------------------
55	2.722500e-01	-1.64926e-11	
56	2.772000e-01	-1.86249e-11	
57	2.821500e-01	-2.10329e-11	
58	2.871000e-01	-2.37521e-11	
59	2.920500e-01	-2.68228e-11	
60	2.970000e-01	-3.02904e-11	
61	3.019500e-01	-3.42062e-11	
62	3.069000e-01	-3.86280e-11	
63	3.118500e-01	-4.36213e-11	
64	3.168000e-01	-4.92598e-11	
65	3.217500e-01	-5.56269e-11	
66	3.267000e-01	-6.28166e-11	
67	3.316500e-01	-7.09350e-11	
68	3.366000e-01	-8.01022e-11	
69	3.415500e-01	-9.04532e-11	
70	3.465000e-01	-1.02141e-10	
71	3.514500e-01	-1.15338e-10	
72	3.564000e-01	-1.30238e-10	
73	3.613500e-01	-1.47061e-10	
74	3.663000e-01	-1.66055e-10	
75	3.712500e-01	-1.88781e-10	
76	3.762000e-01	-2.13155e-10	
77	3.811500e-01	-2.40670e-10	
78	3.861000e-01	-2.71730e-10	
79	3.910500e-01	-3.06790e-10	
80	3.960000e-01	-3.46363e-10	
81	4.009500e-01	-3.91026e-10	
82	4.059000e-01	-4.41431e-10	
83	4.108500e-01	-4.98311e-10	
84	4.158000e-01	-5.62491e-10	
85	4.207500e-01	-6.34901e-10	
86	4.257000e-01	-7.16586e-10	
87	4.306500e-01	-8.08722e-10	
88	4.356000e-01	-9.12631e-10	
89	4.405500e-01	-1.02980e-09	
90	4.455000e-01	-1.16189e-09	
91	4.504500e-01	-1.31077e-09	
92	4.554000e-01	-1.47854e-09	
93	4.603500e-01	-1.66755e-09	
94	4.653000e-01	-1.88041e-09	
95	4.702500e-01	-2.12008e-09	
96	4.752000e-01	-2.38982e-09	
97	4.801500e-01	-2.69330e-09	
98	4.851000e-01	-3.03457e-09	
99	4.900500e-01	-3.41817e-09	
100	4.950000e-01	-3.84913e-09	
101	4.999500e-01	-4.33302e-09	
102	5.049000e-01	-4.87600e-09	
103	5.098500e-01	-5.48490e-09	
104	5.148000e-01	-6.16722e-09	
105	5.197500e-01	-6.93125e-09	
106	5.247000e-01	-7.78607e-09	
107	5.296500e-01	-8.74166e-09	
108	5.346000e-01	-9.80896e-09	
109	5.395500e-01	-1.09999e-08	
110	5.445000e-01	-1.23275e-08	
111	5.494500e-01	-1.38059e-08	
112	5.544000e-01	-1.54508e-08	

Index   v-sweep         vd#branch       
--------------------------------------------------------------------------------
113	5.593500e-01	-1.72787e-08	
114	5.643000e-01	-1.93080e-08	
115	5.692500e-01	-2.15584e-08	
116	5.742000e-01	-2.40512e-08	
117	5.791500e-01	-2.68094e-08	
118	5.841000e-01	-2.98579e-08	
119	5.890500e-01	-3.32230e-08	
120	5.940000e-01	-3.69331e-08	
121	5.989500e-01	-4.10180e-08	
122	6.039000e-01	-4.55093e-08	
123	6.088500e-01	-5.04398e-08	
124	6.138000e-01	-5.58434e-08	
125	6.187500e-01	-6.17548e-08	
126	6.237000e-01	-6.82089e-08	
127	6.286500e-01	-7.52404e-08	
128	6.336000e-01	-8.28833e-08	
129	6.385500e-01	-9.11703e-08	
130	6.435000e-01	-1.00132e-07	
131	6.484500e-01	-1.09797e-07	
132	6.534000e-01	-1.20191e-07	
133	6.583500e-01	-1.31336e-07	
134	6.633000e-01	-1.43251e-07	
135	6.682500e-01	-1.55949e-07	
136	6.732000e-01	-1.69442e-07	
137	6.781500e-01	-1.83736e-07	
138	6.831000e-01	-1.98832e-07	
139	6.880500e-01	-2.14730e-07	
140	6.930000e-01	-2.31423e-07	
141	6.979500e-01	-2.48902e-07	
142	7.029000e-01	-2.67157e-07	
143	7.078500e-01	-2.86172e-07	
144	7.128000e-01	-3.05931e-07	
145	7.177500e-01	-3.26416e-07	
146	7.227000e-01	-3.47608e-07	
147	7.276500e-01	-3.69146e-07	
148	7.326000e-01	-3.91698e-07	
149	7.375500e-01	-4.14894e-07	
150	7.425000e-01	-4.38710e-07	
151	7.474500e-01	-4.63125e-07	
152	7.524000e-01	-4.88118e-07	
153	7.573500e-01	-5.13666e-07	
154	7.623000e-01	-5.39748e-07	
155	7.672500e-01	-5.66345e-07	
156	7.722000e-01	-5.93436e-07	
157	7.771500e-01	-6.21002e-07	
158	7.821000e-01	-6.49024e-07	
159	7.870500e-01	-6.77484e-07	
160	7.920000e-01	-7.06366e-07	
161	7.969500e-01	-7.35651e-07	
162	8.019000e-01	-7.65325e-07	
163	8.068500e-01	-7.95372e-07	
164	8.118000e-01	-8.25777e-07	
165	8.167500e-01	-8.56527e-07	
166	8.217000e-01	-8.87609e-07	
167	8.266500e-01	-9.19008e-07	
168	8.316000e-01	-9.50714e-07	
169	8.365500e-01	-9.82714e-07	
170	8.415000e-01	-1.01500e-06	

Index   v-sweep         vd#branch       
--------------------------------------------------------------------------------
171	8.464500e-01	-1.04756e-06	
172	8.514000e-01	-1.08038e-06	
173	8.563500e-01	-1.11345e-06	
174	8.613000e-01	-1.14677e-06	
175	8.662500e-01	-1.18032e-06	
176	8.712000e-01	-1.21410e-06	
177	8.761500e-01	-1.24810e-06	
178	8.811000e-01	-1.28231e-06	
179	8.860500e-01	-1.31672e-06	
180	8.910000e-01	-1.35134e-06	
181	8.959500e-01	-1.38614e-06	
182	9.009000e-01	-1.42113e-06	
183	9.058500e-01	-1.45629e-06	
184	9.108000e-01	-1.49163e-06	
185	9.157500e-01	-1.52714e-06	
186	9.207000e-01	-1.56280e-06	
187	9.256500e-01	-1.59863e-06	
188	9.306000e-01	-1.63461e-06	
189	9.355500e-01	-1.67073e-06	
190	9.405000e-01	-1.70700e-06	
191	9.454500e-01	-1.74340e-06	
192	9.504000e-01	-1.77994e-06	
193	9.553500e-01	-1.81661e-06	
194	9.603000e-01	-1.85341e-06	
195	9.652500e-01	-1.89033e-06	
196	9.702000e-01	-1.92738e-06	
197	9.751500e-01	-1.96453e-06	
198	9.801000e-01	-2.00181e-06	
199	9.850500e-01	-2.03919e-06	
200	9.900000e-01	-2.07668e-06	


Total analysis time (seconds) = 0.033168

Total elapsed time (seconds) = 0.039 

Total DRAM available = 386307.215 MB.
DRAM currently available = 12985.184 MB.
Maximum ngspice program size =  529.719 MB.
Current ngspice program size =   14.086 MB.

Shared ngspice pages =   12.320 MB.
Text (code) pages =    6.266 MB.
Stack = 0 bytes.
Library pages =   59.137 MB.

