
Note: No compatibility mode selected!


Circuit: * 1t1c ccell=30.0ff

Doing analysis at TEMP = 27.000000 and TNOM = 27.000000

Using SPARSE 1.3 as Direct Linear Solver

Initial Transient Solution
--------------------------

Node                                   Voltage
----                                   -------
pre                                      0.495
bl                                       0.495
wl                                           0
plate                                        0
s                                            0
cell                                         0
vs#branch                                    0
vpl#branch                                   0
vwl#branch                                   0
vpre#branch                                  0


No. of Data Rows : 832

  Measurements for Transient Analysis

t_write             =  1.90024e-09
t_read              =  2.27776e-08
i_hold              =  -3.44050e-11 from=  2.50000e-08 to=  3.50250e-08
q_read              =   2.01628e-18 from=  1.20000e-08 to=  2.20000e-08

                              * 1t1c ccell=30.0ff
                              Transient Analysis  Wed Jun 24 01:02:50  2026
--------------------------------------------------------------------------------
Index   time            v(cell)         v(bl)           vpre#branch     
--------------------------------------------------------------------------------
0	0.000000e+00	0.000000e+00	4.950000e-01	0.000000e+00	
1	5.000000e-13	3.446889e-13	4.950000e-01	-1.41179e-17	
2	1.000000e-12	6.893713e-13	4.950000e-01	-2.71126e-17	
3	2.000000e-12	1.378735e-12	4.950000e-01	-5.30858e-17	
4	4.000000e-12	2.757462e-12	4.950000e-01	-1.04934e-16	
5	8.000000e-12	5.514916e-12	4.950000e-01	-2.08240e-16	
6	1.600000e-11	1.102982e-11	4.950000e-01	-4.13301e-16	
7	3.200000e-11	2.205964e-11	4.949999e-01	-8.17293e-16	
8	6.400000e-11	4.411926e-11	4.949998e-01	-1.60136e-15	
9	1.140000e-10	7.858741e-11	4.949997e-01	-2.76521e-15	
10	1.640000e-10	1.130556e-10	4.949996e-01	-3.85808e-15	
11	2.140000e-10	1.475237e-10	4.949995e-01	-4.88431e-15	
12	2.640000e-10	1.819918e-10	4.949994e-01	-5.84796e-15	
13	3.140000e-10	2.164599e-10	4.949993e-01	-6.75284e-15	
14	3.640000e-10	2.509280e-10	4.949992e-01	-7.60253e-15	
15	4.140000e-10	2.853961e-10	4.949992e-01	-8.40041e-15	
16	4.640000e-10	3.198642e-10	4.949991e-01	-9.14964e-15	
17	5.140000e-10	3.543323e-10	4.949990e-01	-9.85317e-15	
18	5.640000e-10	3.888004e-10	4.949989e-01	-1.05138e-14	
19	6.140000e-10	4.232685e-10	4.949989e-01	-1.11341e-14	
20	6.640000e-10	4.577365e-10	4.949988e-01	-1.17167e-14	
21	7.140000e-10	4.922046e-10	4.949988e-01	-1.22636e-14	
22	7.640000e-10	5.266726e-10	4.949987e-01	-1.27773e-14	
23	8.140000e-10	5.611407e-10	4.949987e-01	-1.32596e-14	
24	8.640000e-10	5.956087e-10	4.949986e-01	-1.37125e-14	
25	9.140000e-10	6.300768e-10	4.949986e-01	-1.41378e-14	
26	9.570000e-10	6.597193e-10	4.949986e-01	-1.44827e-14	
27	1.000000e-09	6.893618e-10	4.949985e-01	-1.48094e-14	
28	1.005000e-09	4.948701e-03	4.949985e-01	-1.48291e-14	
29	1.015000e-09	1.484608e-02	4.949985e-01	-1.48388e-14	
30	1.035000e-09	3.464083e-02	4.949985e-01	-1.47137e-14	
31	1.075000e-09	7.423034e-02	4.949986e-01	-1.41310e-14	
32	1.125000e-09	1.237172e-01	4.949987e-01	-1.32188e-14	
33	1.175000e-09	1.732041e-01	4.949988e-01	-1.23750e-14	
34	1.225000e-09	2.226910e-01	4.949988e-01	-1.16105e-14	
35	1.275000e-09	2.721779e-01	4.949989e-01	-1.08999e-14	
36	1.325000e-09	3.216648e-01	4.949990e-01	-1.02351e-14	
37	1.375000e-09	3.711517e-01	4.949990e-01	-9.61158e-15	
38	1.425000e-09	4.206386e-01	4.949991e-01	-9.02606e-15	
39	1.475000e-09	4.701254e-01	4.949992e-01	-8.47620e-15	
40	1.525000e-09	5.196123e-01	4.949992e-01	-7.95975e-15	
41	1.575000e-09	5.690992e-01	4.949993e-01	-7.47419e-15	
42	1.625000e-09	6.185861e-01	4.949993e-01	-7.01774e-15	
43	1.675000e-09	6.680730e-01	4.949993e-01	-6.58911e-15	
44	1.725000e-09	7.175599e-01	4.949994e-01	-6.18658e-15	
45	1.775000e-09	7.670468e-01	4.949994e-01	-5.80857e-15	
46	1.825000e-09	8.165337e-01	4.949995e-01	-5.45358e-15	
47	1.875000e-09	8.660206e-01	4.949995e-01	-5.12021e-15	
48	1.925000e-09	9.155074e-01	4.949995e-01	-4.80713e-15	
49	1.962500e-09	9.526226e-01	4.949995e-01	-4.58494e-15	
50	2.000000e-09	9.897378e-01	4.949996e-01	-4.37297e-15	
51	2.005000e-09	9.897378e-01	4.949996e-01	-4.34554e-15	
52	2.015000e-09	9.897378e-01	4.949996e-01	-4.29103e-15	
53	2.035000e-09	9.897378e-01	4.949996e-01	-4.18405e-15	
54	2.075000e-09	9.897378e-01	4.949996e-01	-3.97797e-15	

Index   time            v(cell)         v(bl)           vpre#branch     
--------------------------------------------------------------------------------
55	2.125000e-09	9.897378e-01	4.949996e-01	-3.73449e-15	
56	2.175000e-09	9.897378e-01	4.949996e-01	-3.50587e-15	
57	2.225000e-09	9.897378e-01	4.949997e-01	-3.29119e-15	
58	2.275000e-09	9.897378e-01	4.949997e-01	-3.08960e-15	
59	2.325000e-09	9.897378e-01	4.949997e-01	-2.90030e-15	
60	2.375000e-09	9.897378e-01	4.949997e-01	-2.72255e-15	
61	2.425000e-09	9.897378e-01	4.949997e-01	-2.55564e-15	
62	2.475000e-09	9.897378e-01	4.949998e-01	-2.39890e-15	
63	2.525000e-09	9.897378e-01	4.949998e-01	-2.25173e-15	
64	2.575000e-09	9.897378e-01	4.949998e-01	-2.11353e-15	
65	2.625000e-09	9.897378e-01	4.949998e-01	-1.98375e-15	
66	2.675000e-09	9.897378e-01	4.949998e-01	-1.86189e-15	
67	2.725000e-09	9.897378e-01	4.949998e-01	-1.74747e-15	
68	2.775000e-09	9.897378e-01	4.949998e-01	-1.64001e-15	
69	2.825000e-09	9.897378e-01	4.949998e-01	-1.53912e-15	
70	2.875000e-09	9.897378e-01	4.949999e-01	-1.44437e-15	
71	2.925000e-09	9.897378e-01	4.949999e-01	-1.35541e-15	
72	2.975000e-09	9.897378e-01	4.949999e-01	-1.27186e-15	
73	3.025000e-09	9.897378e-01	4.949999e-01	-1.19342e-15	
74	3.075000e-09	9.897378e-01	4.949999e-01	-1.11975e-15	
75	3.125000e-09	9.897378e-01	4.949999e-01	-1.05058e-15	
76	3.175000e-09	9.897378e-01	4.949999e-01	-9.85632e-16	
77	3.225000e-09	9.897378e-01	4.949999e-01	-9.24641e-16	
78	3.275000e-09	9.897378e-01	4.949999e-01	-8.67369e-16	
79	3.325000e-09	9.897378e-01	4.949999e-01	-8.13590e-16	
80	3.375000e-09	9.897378e-01	4.949999e-01	-7.63090e-16	
81	3.425000e-09	9.897378e-01	4.949999e-01	-7.15670e-16	
82	3.475000e-09	9.897378e-01	4.949999e-01	-6.71142e-16	
83	3.525000e-09	9.897378e-01	4.949999e-01	-6.29328e-16	
84	3.575000e-09	9.897378e-01	4.949999e-01	-5.90065e-16	
85	3.625000e-09	9.897378e-01	4.949999e-01	-5.53196e-16	
86	3.675000e-09	9.897378e-01	4.949999e-01	-5.18575e-16	
87	3.725000e-09	9.897378e-01	4.950000e-01	-4.86066e-16	
88	3.775000e-09	9.897378e-01	4.950000e-01	-4.55539e-16	
89	3.825000e-09	9.897378e-01	4.950000e-01	-4.26874e-16	
90	3.875000e-09	9.897378e-01	4.950000e-01	-3.99957e-16	
91	3.925000e-09	9.897378e-01	4.950000e-01	-3.74681e-16	
92	3.975000e-09	9.897378e-01	4.950000e-01	-3.50947e-16	
93	4.025000e-09	9.897378e-01	4.950000e-01	-3.28660e-16	
94	4.075000e-09	9.897378e-01	4.950000e-01	-3.07733e-16	
95	4.125000e-09	9.897378e-01	4.950000e-01	-2.88081e-16	
96	4.175000e-09	9.897378e-01	4.950000e-01	-2.69627e-16	
97	4.225000e-09	9.897378e-01	4.950000e-01	-2.52299e-16	
98	4.275000e-09	9.897378e-01	4.950000e-01	-2.36028e-16	
99	4.325000e-09	9.897378e-01	4.950000e-01	-2.20749e-16	
100	4.375000e-09	9.897378e-01	4.950000e-01	-2.06403e-16	
101	4.425000e-09	9.897378e-01	4.950000e-01	-1.92931e-16	
102	4.475000e-09	9.897378e-01	4.950000e-01	-1.80280e-16	
103	4.525000e-09	9.897378e-01	4.950000e-01	-1.68401e-16	
104	4.575000e-09	9.897378e-01	4.950000e-01	-1.57247e-16	
105	4.625000e-09	9.897378e-01	4.950000e-01	-1.46772e-16	
106	4.675000e-09	9.897378e-01	4.950000e-01	-1.36937e-16	
107	4.725000e-09	9.897378e-01	4.950000e-01	-1.27700e-16	
108	4.775000e-09	9.897378e-01	4.950000e-01	-1.19027e-16	
109	4.825000e-09	9.897378e-01	4.950000e-01	-1.10883e-16	
110	4.875000e-09	9.897378e-01	4.950000e-01	-1.03236e-16	
111	4.925000e-09	9.897378e-01	4.950000e-01	-9.60549e-17	
112	4.975000e-09	9.897378e-01	4.950000e-01	-8.93121e-17	

Index   time            v(cell)         v(bl)           vpre#branch     
--------------------------------------------------------------------------------
113	5.025000e-09	9.897378e-01	4.950000e-01	-8.29804e-17	
114	5.075000e-09	9.897378e-01	4.950000e-01	-7.70349e-17	
115	5.125000e-09	9.897378e-01	4.950000e-01	-7.14520e-17	
116	5.175000e-09	9.897378e-01	4.950000e-01	-6.62095e-17	
117	5.225000e-09	9.897378e-01	4.950000e-01	-6.12867e-17	
118	5.275000e-09	9.897378e-01	4.950000e-01	-5.66646e-17	
119	5.325000e-09	9.897378e-01	4.950000e-01	-5.23239e-17	
120	5.375000e-09	9.897378e-01	4.950000e-01	-4.82479e-17	
121	5.425000e-09	9.897378e-01	4.950000e-01	-4.44204e-17	
122	5.475000e-09	9.897378e-01	4.950000e-01	-4.08260e-17	
123	5.525000e-09	9.897378e-01	4.950000e-01	-3.74512e-17	
124	5.575000e-09	9.897378e-01	4.950000e-01	-3.42821e-17	
125	5.625000e-09	9.897378e-01	4.950000e-01	-3.13064e-17	
126	5.675000e-09	9.897378e-01	4.950000e-01	-2.85121e-17	
127	5.725000e-09	9.897378e-01	4.950000e-01	-2.58878e-17	
128	5.775000e-09	9.897378e-01	4.950000e-01	-2.34235e-17	
129	5.825000e-09	9.897378e-01	4.950000e-01	-2.11095e-17	
130	5.875000e-09	9.897378e-01	4.950000e-01	-1.89366e-17	
131	5.925000e-09	9.897378e-01	4.950000e-01	-1.68962e-17	
132	5.975000e-09	9.897378e-01	4.950000e-01	-1.49803e-17	
133	6.025000e-09	9.897378e-01	4.950000e-01	-1.31816e-17	
134	6.075000e-09	9.897378e-01	4.950000e-01	-1.14930e-17	
135	6.125000e-09	9.897378e-01	4.950000e-01	-9.90695e-18	
136	6.175000e-09	9.897378e-01	4.950000e-01	-8.41722e-18	
137	6.225000e-09	9.897378e-01	4.950000e-01	-7.01835e-18	
138	6.275000e-09	9.897378e-01	4.950000e-01	-5.70519e-18	
139	6.325000e-09	9.897378e-01	4.950000e-01	-4.47211e-18	
140	6.375000e-09	9.897378e-01	4.950000e-01	-3.31422e-18	
141	6.425000e-09	9.897378e-01	4.950000e-01	-2.22695e-18	
142	6.475000e-09	9.897378e-01	4.950000e-01	-1.20557e-18	
143	6.525000e-09	9.897378e-01	4.950000e-01	-2.46883e-19	
144	6.575000e-09	9.897378e-01	4.950000e-01	6.533395e-19	
145	6.625000e-09	9.897378e-01	4.950000e-01	1.499075e-18	
146	6.675000e-09	9.897378e-01	4.950000e-01	2.292824e-18	
147	6.725000e-09	9.897378e-01	4.950000e-01	3.038167e-18	
148	6.775000e-09	9.897378e-01	4.950000e-01	3.738057e-18	
149	6.825000e-09	9.897378e-01	4.950000e-01	4.395267e-18	
150	6.875000e-09	9.897378e-01	4.950000e-01	5.012810e-18	
151	6.925000e-09	9.897378e-01	4.950000e-01	5.592283e-18	
152	6.962500e-09	9.897378e-01	4.950000e-01	6.003526e-18	
153	7.000000e-09	9.897378e-01	4.950000e-01	6.395768e-18	
154	7.005000e-09	9.649943e-01	4.950000e-01	6.445150e-18	
155	7.015000e-09	9.155074e-01	4.950000e-01	6.540383e-18	
156	7.035000e-09	8.165336e-01	4.950000e-01	6.709870e-18	
157	7.067500e-09	6.557012e-01	4.950000e-01	6.924982e-18	
158	7.100000e-09	4.948688e-01	4.950000e-01	7.054417e-18	
159	7.105000e-09	4.948689e-01	4.950000e-01	7.008913e-18	
160	7.115000e-09	4.948689e-01	4.950000e-01	6.918413e-18	
161	7.135000e-09	4.948689e-01	4.950000e-01	6.740718e-18	
162	7.175000e-09	4.948689e-01	4.950000e-01	6.398391e-18	
163	7.225000e-09	4.948689e-01	4.950000e-01	5.993938e-18	
164	7.275000e-09	4.948689e-01	4.950000e-01	5.614153e-18	
165	7.325000e-09	4.948689e-01	4.950000e-01	5.257523e-18	
166	7.375000e-09	4.948689e-01	4.950000e-01	4.922643e-18	
167	7.425000e-09	4.948689e-01	4.950000e-01	4.608187e-18	
168	7.475000e-09	4.948689e-01	4.950000e-01	4.312906e-18	
169	7.525000e-09	4.948689e-01	4.950000e-01	4.035634e-18	
170	7.575000e-09	4.948689e-01	4.950000e-01	3.775271e-18	

Index   time            v(cell)         v(bl)           vpre#branch     
--------------------------------------------------------------------------------
171	7.625000e-09	4.948689e-01	4.950000e-01	3.530782e-18	
172	7.675000e-09	4.948689e-01	4.950000e-01	3.301200e-18	
173	7.725000e-09	4.948689e-01	4.950000e-01	3.085617e-18	
174	7.775000e-09	4.948689e-01	4.950000e-01	2.883183e-18	
175	7.825000e-09	4.948689e-01	4.950000e-01	2.693092e-18	
176	7.875000e-09	4.948689e-01	4.950000e-01	2.514596e-18	
177	7.925000e-09	4.948689e-01	4.950000e-01	2.346981e-18	
178	7.975000e-09	4.948689e-01	4.950000e-01	2.189590e-18	
179	8.025000e-09	4.948689e-01	4.950000e-01	2.041797e-18	
180	8.075000e-09	4.948689e-01	4.950000e-01	1.903017e-18	
181	8.125000e-09	4.948689e-01	4.950000e-01	1.772698e-18	
182	8.175000e-09	4.948689e-01	4.950000e-01	1.650328e-18	
183	8.225000e-09	4.948689e-01	4.950000e-01	1.535420e-18	
184	8.275000e-09	4.948689e-01	4.950000e-01	1.427519e-18	
185	8.325000e-09	4.948689e-01	4.950000e-01	1.326197e-18	
186	8.375000e-09	4.948689e-01	4.950000e-01	1.231057e-18	
187	8.425000e-09	4.948689e-01	4.950000e-01	1.141714e-18	
188	8.475000e-09	4.948689e-01	4.950000e-01	1.057824e-18	
189	8.525000e-09	4.948689e-01	4.950000e-01	9.790501e-19	
190	8.575000e-09	4.948689e-01	4.950000e-01	9.050779e-19	
191	8.625000e-09	4.948689e-01	4.950000e-01	8.356170e-19	
192	8.675000e-09	4.948689e-01	4.950000e-01	7.703930e-19	
193	8.725000e-09	4.948689e-01	4.950000e-01	7.091461e-19	
194	8.775000e-09	4.948689e-01	4.950000e-01	6.516339e-19	
195	8.825000e-09	4.948689e-01	4.950000e-01	5.976281e-19	
196	8.875000e-09	4.948689e-01	4.950000e-01	5.469186e-19	
197	8.925000e-09	4.948689e-01	4.950000e-01	4.993003e-19	
198	8.975000e-09	4.948689e-01	4.950000e-01	4.545829e-19	
199	9.025000e-09	4.948689e-01	4.950000e-01	4.125927e-19	
200	9.075000e-09	4.948689e-01	4.950000e-01	3.731652e-19	
201	9.125000e-09	4.948689e-01	4.950000e-01	3.361406e-19	
202	9.175000e-09	4.948689e-01	4.950000e-01	3.013733e-19	
203	9.225000e-09	4.948689e-01	4.950000e-01	2.687262e-19	
204	9.275000e-09	4.948689e-01	4.950000e-01	2.380692e-19	
205	9.325000e-09	4.948689e-01	4.950000e-01	2.092833e-19	
206	9.375000e-09	4.948689e-01	4.950000e-01	1.822519e-19	
207	9.425000e-09	4.948689e-01	4.950000e-01	1.568731e-19	
208	9.475000e-09	4.948689e-01	4.950000e-01	1.330388e-19	
209	9.525000e-09	4.948689e-01	4.950000e-01	1.106561e-19	
210	9.575000e-09	4.948689e-01	4.950000e-01	8.964239e-20	
211	9.625000e-09	4.948689e-01	4.950000e-01	6.990586e-20	
212	9.675000e-09	4.948689e-01	4.950000e-01	5.137453e-20	
213	9.725000e-09	4.948689e-01	4.950000e-01	3.397313e-20	
214	9.775000e-09	4.948689e-01	4.950000e-01	1.763053e-20	
215	9.825000e-09	4.948689e-01	4.950000e-01	2.287982e-21	
216	9.875000e-09	4.948689e-01	4.950000e-01	-1.21174e-20	
217	9.925000e-09	4.948689e-01	4.950000e-01	-2.56459e-20	
218	9.975000e-09	4.948689e-01	4.950000e-01	-3.83489e-20	
219	1.002500e-08	4.948689e-01	4.950000e-01	-5.02760e-20	
220	1.007500e-08	4.948689e-01	4.950000e-01	-6.14752e-20	
221	1.012500e-08	4.948689e-01	4.950000e-01	-7.19945e-20	
222	1.017500e-08	4.948689e-01	4.950000e-01	-8.18677e-20	
223	1.022500e-08	4.948689e-01	4.950000e-01	-9.11429e-20	
224	1.027500e-08	4.948689e-01	4.950000e-01	-9.98523e-20	
225	1.032500e-08	4.948689e-01	4.950000e-01	-1.08025e-19	
226	1.037500e-08	4.948689e-01	4.950000e-01	-1.15700e-19	
227	1.042500e-08	4.948689e-01	4.950000e-01	-1.22907e-19	
228	1.047500e-08	4.948689e-01	4.950000e-01	-1.29674e-19	

Index   time            v(cell)         v(bl)           vpre#branch     
--------------------------------------------------------------------------------
229	1.052500e-08	4.948689e-01	4.950000e-01	-1.36029e-19	
230	1.057500e-08	4.948689e-01	4.950000e-01	-1.41996e-19	
231	1.062500e-08	4.948689e-01	4.950000e-01	-1.47600e-19	
232	1.067500e-08	4.948689e-01	4.950000e-01	-1.52864e-19	
233	1.072500e-08	4.948689e-01	4.950000e-01	-1.57805e-19	
234	1.077500e-08	4.948689e-01	4.950000e-01	-1.62445e-19	
235	1.082500e-08	4.948689e-01	4.950000e-01	-1.66803e-19	
236	1.087500e-08	4.948689e-01	4.950000e-01	-1.70891e-19	
237	1.092500e-08	4.948689e-01	4.950000e-01	-1.74733e-19	
238	1.096250e-08	4.948689e-01	4.950000e-01	-1.77439e-19	
239	1.100000e-08	4.948689e-01	4.950000e-01	-1.79998e-19	
240	1.100500e-08	4.948702e-01	4.999188e-01	4.918794e-11	
241	1.101500e-08	4.948728e-01	5.096949e-01	1.469489e-10	
242	1.103500e-08	4.948780e-01	5.288827e-01	3.388271e-10	
243	1.107500e-08	4.948885e-01	5.658456e-01	7.084560e-10	
244	1.112500e-08	4.949017e-01	6.095134e-01	1.145134e-09	
245	1.117500e-08	4.949148e-01	6.505182e-01	1.555182e-09	
246	1.122500e-08	4.949279e-01	6.890224e-01	1.940224e-09	
247	1.127500e-08	4.949410e-01	7.251786e-01	2.301786e-09	
248	1.132500e-08	4.949541e-01	7.591298e-01	2.641298e-09	
249	1.137500e-08	4.949672e-01	7.910107e-01	2.960107e-09	
250	1.142500e-08	4.949803e-01	8.209473e-01	3.259473e-09	
251	1.147500e-08	4.949934e-01	8.490584e-01	3.540584e-09	
252	1.152500e-08	4.950065e-01	8.754551e-01	3.804551e-09	
253	1.157500e-08	4.950197e-01	9.002419e-01	4.052419e-09	
254	1.162500e-08	4.950328e-01	9.235165e-01	4.285165e-09	
255	1.167500e-08	4.950459e-01	9.453694e-01	4.503694e-09	
256	1.172500e-08	4.950590e-01	9.658814e-01	4.708814e-09	
257	1.177500e-08	4.950721e-01	9.851131e-01	4.901131e-09	
258	1.182500e-08	4.950853e-01	1.003006e+00	5.080062e-09	
259	1.187500e-08	4.950986e-01	1.019232e+00	5.242320e-09	
260	1.192500e-08	4.951125e-01	1.032549e+00	5.375495e-09	
261	1.196250e-08	4.951238e-01	1.038518e+00	5.435179e-09	
262	1.200000e-08	4.951373e-01	1.036217e+00	5.412172e-09	
263	1.200500e-08	4.951380e-01	1.030256e+00	5.352561e-09	
264	1.201500e-08	4.951394e-01	1.018462e+00	5.234625e-09	
265	1.203500e-08	4.951420e-01	9.956281e-01	5.006281e-09	
266	1.207500e-08	4.951470e-01	9.527579e-01	4.577579e-09	
267	1.212500e-08	4.951527e-01	9.039481e-01	4.089481e-09	
268	1.217500e-08	4.951579e-01	8.598726e-01	3.648726e-09	
269	1.222500e-08	4.951627e-01	8.199769e-01	3.249769e-09	
270	1.227500e-08	4.951672e-01	7.837913e-01	2.887913e-09	
271	1.232500e-08	4.951714e-01	7.509144e-01	2.559144e-09	
272	1.237500e-08	4.951753e-01	7.210086e-01	2.260086e-09	
273	1.242500e-08	4.951790e-01	6.937708e-01	1.987708e-09	
274	1.247500e-08	4.951824e-01	6.689275e-01	1.739275e-09	
275	1.252500e-08	4.951857e-01	6.462500e-01	1.512500e-09	
276	1.257500e-08	4.951889e-01	6.255365e-01	1.305365e-09	
277	1.262500e-08	4.951919e-01	6.066092e-01	1.116092e-09	
278	1.267500e-08	4.951947e-01	5.893113e-01	9.431128e-10	
279	1.272500e-08	4.951975e-01	5.735052e-01	7.850521e-10	
280	1.277500e-08	4.952001e-01	5.590719e-01	6.407189e-10	
281	1.282500e-08	4.952027e-01	5.459186e-01	5.091857e-10	
282	1.287500e-08	4.952051e-01	5.339695e-01	3.896946e-10	
283	1.292500e-08	4.952074e-01	5.231694e-01	2.816945e-10	
284	1.297500e-08	4.952095e-01	5.135138e-01	1.851384e-10	
285	1.302500e-08	4.952115e-01	5.051089e-01	1.010888e-10	
286	1.307500e-08	4.952131e-01	4.986465e-01	3.646504e-11	

Index   time            v(cell)         v(bl)           vpre#branch     
--------------------------------------------------------------------------------
287	1.312500e-08	4.952139e-01	4.956381e-01	6.380591e-12	
288	1.317500e-08	4.952140e-01	4.952127e-01	2.127290e-12	
289	1.322500e-08	4.952140e-01	4.952055e-01	2.054658e-12	
290	1.327500e-08	4.952140e-01	4.952070e-01	2.069586e-12	
291	1.332500e-08	4.952140e-01	4.952070e-01	2.069831e-12	
292	1.337500e-08	4.952140e-01	4.952070e-01	2.069816e-12	
293	1.342500e-08	4.952140e-01	4.952070e-01	2.069770e-12	
294	1.347500e-08	4.952140e-01	4.952070e-01	2.069749e-12	
295	1.352500e-08	4.952140e-01	4.952070e-01	2.069703e-12	
296	1.357500e-08	4.952140e-01	4.952070e-01	2.069682e-12	
297	1.362500e-08	4.952140e-01	4.952070e-01	2.069637e-12	
298	1.367500e-08	4.952140e-01	4.952070e-01	2.069616e-12	
299	1.372500e-08	4.952140e-01	4.952070e-01	2.069570e-12	
300	1.377500e-08	4.952140e-01	4.952070e-01	2.069549e-12	
301	1.382500e-08	4.952140e-01	4.952070e-01	2.069503e-12	
302	1.387500e-08	4.952139e-01	4.952069e-01	2.069482e-12	
303	1.392500e-08	4.952139e-01	4.952069e-01	2.069437e-12	
304	1.397500e-08	4.952139e-01	4.952069e-01	2.069416e-12	
305	1.402500e-08	4.952139e-01	4.952069e-01	2.069370e-12	
306	1.407500e-08	4.952139e-01	4.952069e-01	2.069349e-12	
307	1.412500e-08	4.952139e-01	4.952069e-01	2.069303e-12	
308	1.417500e-08	4.952139e-01	4.952069e-01	2.069282e-12	
309	1.422500e-08	4.952139e-01	4.952069e-01	2.069237e-12	
310	1.427500e-08	4.952139e-01	4.952069e-01	2.069215e-12	
311	1.432500e-08	4.952139e-01	4.952069e-01	2.069170e-12	
312	1.437500e-08	4.952139e-01	4.952069e-01	2.069149e-12	
313	1.442500e-08	4.952139e-01	4.952069e-01	2.069104e-12	
314	1.447500e-08	4.952139e-01	4.952069e-01	2.069082e-12	
315	1.452500e-08	4.952139e-01	4.952069e-01	2.069037e-12	
316	1.457500e-08	4.952139e-01	4.952069e-01	2.069015e-12	
317	1.462500e-08	4.952139e-01	4.952069e-01	2.068970e-12	
318	1.467500e-08	4.952139e-01	4.952069e-01	2.068949e-12	
319	1.472500e-08	4.952139e-01	4.952069e-01	2.068904e-12	
320	1.477500e-08	4.952139e-01	4.952069e-01	2.068882e-12	
321	1.482500e-08	4.952139e-01	4.952069e-01	2.068837e-12	
322	1.487500e-08	4.952139e-01	4.952069e-01	2.068815e-12	
323	1.492500e-08	4.952139e-01	4.952069e-01	2.068770e-12	
324	1.497500e-08	4.952139e-01	4.952069e-01	2.068748e-12	
325	1.502500e-08	4.952139e-01	4.952069e-01	2.068704e-12	
326	1.507500e-08	4.952139e-01	4.952069e-01	2.068682e-12	
327	1.512500e-08	4.952139e-01	4.952069e-01	2.068637e-12	
328	1.517500e-08	4.952139e-01	4.952069e-01	2.068615e-12	
329	1.522500e-08	4.952139e-01	4.952069e-01	2.068571e-12	
330	1.527500e-08	4.952139e-01	4.952069e-01	2.068548e-12	
331	1.532500e-08	4.952138e-01	4.952069e-01	2.068504e-12	
332	1.537500e-08	4.952138e-01	4.952068e-01	2.068482e-12	
333	1.542500e-08	4.952138e-01	4.952068e-01	2.068437e-12	
334	1.547500e-08	4.952138e-01	4.952068e-01	2.068415e-12	
335	1.552500e-08	4.952138e-01	4.952068e-01	2.068371e-12	
336	1.557500e-08	4.952138e-01	4.952068e-01	2.068348e-12	
337	1.562500e-08	4.952138e-01	4.952068e-01	2.068304e-12	
338	1.567500e-08	4.952138e-01	4.952068e-01	2.068282e-12	
339	1.572500e-08	4.952138e-01	4.952068e-01	2.068238e-12	
340	1.577500e-08	4.952138e-01	4.952068e-01	2.068215e-12	
341	1.582500e-08	4.952138e-01	4.952068e-01	2.068171e-12	
342	1.587500e-08	4.952138e-01	4.952068e-01	2.068148e-12	
343	1.592500e-08	4.952138e-01	4.952068e-01	2.068104e-12	
344	1.597500e-08	4.952138e-01	4.952068e-01	2.068082e-12	

Index   time            v(cell)         v(bl)           vpre#branch     
--------------------------------------------------------------------------------
345	1.602500e-08	4.952138e-01	4.952068e-01	2.068038e-12	
346	1.607500e-08	4.952138e-01	4.952068e-01	2.068015e-12	
347	1.612500e-08	4.952138e-01	4.952068e-01	2.067971e-12	
348	1.617500e-08	4.952138e-01	4.952068e-01	2.067948e-12	
349	1.622500e-08	4.952138e-01	4.952068e-01	2.067905e-12	
350	1.627500e-08	4.952138e-01	4.952068e-01	2.067882e-12	
351	1.632500e-08	4.952138e-01	4.952068e-01	2.067838e-12	
352	1.637500e-08	4.952138e-01	4.952068e-01	2.067815e-12	
353	1.642500e-08	4.952138e-01	4.952068e-01	2.067771e-12	
354	1.647500e-08	4.952138e-01	4.952068e-01	2.067748e-12	
355	1.652500e-08	4.952138e-01	4.952068e-01	2.067705e-12	
356	1.657500e-08	4.952138e-01	4.952068e-01	2.067682e-12	
357	1.662500e-08	4.952138e-01	4.952068e-01	2.067638e-12	
358	1.667500e-08	4.952138e-01	4.952068e-01	2.067615e-12	
359	1.672500e-08	4.952138e-01	4.952068e-01	2.067572e-12	
360	1.677500e-08	4.952137e-01	4.952068e-01	2.067548e-12	
361	1.682500e-08	4.952137e-01	4.952068e-01	2.067505e-12	
362	1.687500e-08	4.952137e-01	4.952067e-01	2.067482e-12	
363	1.692500e-08	4.952137e-01	4.952067e-01	2.067438e-12	
364	1.697500e-08	4.952137e-01	4.952067e-01	2.067415e-12	
365	1.702500e-08	4.952137e-01	4.952067e-01	2.067372e-12	
366	1.707500e-08	4.952137e-01	4.952067e-01	2.067348e-12	
367	1.712500e-08	4.952137e-01	4.952067e-01	2.067305e-12	
368	1.717500e-08	4.952137e-01	4.952067e-01	2.067282e-12	
369	1.722500e-08	4.952137e-01	4.952067e-01	2.067239e-12	
370	1.727500e-08	4.952137e-01	4.952067e-01	2.067215e-12	
371	1.732500e-08	4.952137e-01	4.952067e-01	2.067172e-12	
372	1.737500e-08	4.952137e-01	4.952067e-01	2.067148e-12	
373	1.742500e-08	4.952137e-01	4.952067e-01	2.067106e-12	
374	1.747500e-08	4.952137e-01	4.952067e-01	2.067082e-12	
375	1.752500e-08	4.952137e-01	4.952067e-01	2.067039e-12	
376	1.757500e-08	4.952137e-01	4.952067e-01	2.067015e-12	
377	1.762500e-08	4.952137e-01	4.952067e-01	2.066972e-12	
378	1.767500e-08	4.952137e-01	4.952067e-01	2.066949e-12	
379	1.772500e-08	4.952137e-01	4.952067e-01	2.066906e-12	
380	1.777500e-08	4.952137e-01	4.952067e-01	2.066882e-12	
381	1.782500e-08	4.952137e-01	4.952067e-01	2.066839e-12	
382	1.787500e-08	4.952137e-01	4.952067e-01	2.066815e-12	
383	1.792500e-08	4.952137e-01	4.952067e-01	2.066773e-12	
384	1.797500e-08	4.952137e-01	4.952067e-01	2.066749e-12	
385	1.802500e-08	4.952137e-01	4.952067e-01	2.066706e-12	
386	1.807500e-08	4.952137e-01	4.952067e-01	2.066682e-12	
387	1.812500e-08	4.952137e-01	4.952067e-01	2.066640e-12	
388	1.817500e-08	4.952137e-01	4.952067e-01	2.066615e-12	
389	1.822500e-08	4.952136e-01	4.952067e-01	2.066573e-12	
390	1.827500e-08	4.952136e-01	4.952067e-01	2.066549e-12	
391	1.832500e-08	4.952136e-01	4.952067e-01	2.066507e-12	
392	1.837500e-08	4.952136e-01	4.952066e-01	2.066482e-12	
393	1.842500e-08	4.952136e-01	4.952066e-01	2.066440e-12	
394	1.847500e-08	4.952136e-01	4.952066e-01	2.066416e-12	
395	1.852500e-08	4.952136e-01	4.952066e-01	2.066373e-12	
396	1.857500e-08	4.952136e-01	4.952066e-01	2.066349e-12	
397	1.862500e-08	4.952136e-01	4.952066e-01	2.066307e-12	
398	1.867500e-08	4.952136e-01	4.952066e-01	2.066282e-12	
399	1.872500e-08	4.952136e-01	4.952066e-01	2.066240e-12	
400	1.877500e-08	4.952136e-01	4.952066e-01	2.066216e-12	
401	1.882500e-08	4.952136e-01	4.952066e-01	2.066174e-12	
402	1.887500e-08	4.952136e-01	4.952066e-01	2.066149e-12	

Index   time            v(cell)         v(bl)           vpre#branch     
--------------------------------------------------------------------------------
403	1.892500e-08	4.952136e-01	4.952066e-01	2.066107e-12	
404	1.897500e-08	4.952136e-01	4.952066e-01	2.066083e-12	
405	1.902500e-08	4.952136e-01	4.952066e-01	2.066041e-12	
406	1.907500e-08	4.952136e-01	4.952066e-01	2.066016e-12	
407	1.912500e-08	4.952136e-01	4.952066e-01	2.065974e-12	
408	1.917500e-08	4.952136e-01	4.952066e-01	2.065949e-12	
409	1.922500e-08	4.952136e-01	4.952066e-01	2.065908e-12	
410	1.927500e-08	4.952136e-01	4.952066e-01	2.065883e-12	
411	1.932500e-08	4.952136e-01	4.952066e-01	2.065841e-12	
412	1.937500e-08	4.952136e-01	4.952066e-01	2.065816e-12	
413	1.942500e-08	4.952136e-01	4.952066e-01	2.065775e-12	
414	1.947500e-08	4.952136e-01	4.952066e-01	2.065750e-12	
415	1.952500e-08	4.952136e-01	4.952066e-01	2.065708e-12	
416	1.957500e-08	4.952136e-01	4.952066e-01	2.065683e-12	
417	1.962500e-08	4.952136e-01	4.952066e-01	2.065641e-12	
418	1.967500e-08	4.952135e-01	4.952066e-01	2.065616e-12	
419	1.972500e-08	4.952135e-01	4.952066e-01	2.065575e-12	
420	1.977500e-08	4.952135e-01	4.952066e-01	2.065550e-12	
421	1.982500e-08	4.952135e-01	4.952066e-01	2.065508e-12	
422	1.987500e-08	4.952135e-01	4.952065e-01	2.065483e-12	
423	1.992500e-08	4.952135e-01	4.952065e-01	2.065442e-12	
424	1.997500e-08	4.952135e-01	4.952065e-01	2.065417e-12	
425	2.002500e-08	4.952135e-01	4.952065e-01	2.065375e-12	
426	2.007500e-08	4.952135e-01	4.952065e-01	2.065350e-12	
427	2.012500e-08	4.952135e-01	4.952065e-01	2.065309e-12	
428	2.017500e-08	4.952135e-01	4.952065e-01	2.065284e-12	
429	2.022500e-08	4.952135e-01	4.952065e-01	2.065242e-12	
430	2.027500e-08	4.952135e-01	4.952065e-01	2.065217e-12	
431	2.032500e-08	4.952135e-01	4.952065e-01	2.065176e-12	
432	2.037500e-08	4.952135e-01	4.952065e-01	2.065150e-12	
433	2.042500e-08	4.952135e-01	4.952065e-01	2.065109e-12	
434	2.047500e-08	4.952135e-01	4.952065e-01	2.065084e-12	
435	2.052500e-08	4.952135e-01	4.952065e-01	2.065043e-12	
436	2.057500e-08	4.952135e-01	4.952065e-01	2.065017e-12	
437	2.062500e-08	4.952135e-01	4.952065e-01	2.064976e-12	
438	2.067500e-08	4.952135e-01	4.952065e-01	2.064951e-12	
439	2.072500e-08	4.952135e-01	4.952065e-01	2.064910e-12	
440	2.077500e-08	4.952135e-01	4.952065e-01	2.064884e-12	
441	2.082500e-08	4.952135e-01	4.952065e-01	2.064843e-12	
442	2.087500e-08	4.952135e-01	4.952065e-01	2.064818e-12	
443	2.092500e-08	4.952135e-01	4.952065e-01	2.064777e-12	
444	2.097500e-08	4.952135e-01	4.952065e-01	2.064751e-12	
445	2.102500e-08	4.952135e-01	4.952065e-01	2.064710e-12	
446	2.107500e-08	4.952135e-01	4.952065e-01	2.064684e-12	
447	2.112500e-08	4.952134e-01	4.952065e-01	2.064644e-12	
448	2.117500e-08	4.952134e-01	4.952065e-01	2.064618e-12	
449	2.122500e-08	4.952134e-01	4.952065e-01	2.064577e-12	
450	2.127500e-08	4.952134e-01	4.952065e-01	2.064551e-12	
451	2.132500e-08	4.952134e-01	4.952065e-01	2.064511e-12	
452	2.137500e-08	4.952134e-01	4.952064e-01	2.064485e-12	
453	2.142500e-08	4.952134e-01	4.952064e-01	2.064444e-12	
454	2.147500e-08	4.952134e-01	4.952064e-01	2.064418e-12	
455	2.152500e-08	4.952134e-01	4.952064e-01	2.064378e-12	
456	2.157500e-08	4.952134e-01	4.952064e-01	2.064352e-12	
457	2.162500e-08	4.952134e-01	4.952064e-01	2.064311e-12	
458	2.167500e-08	4.952134e-01	4.952064e-01	2.064285e-12	
459	2.172500e-08	4.952134e-01	4.952064e-01	2.064245e-12	
460	2.177500e-08	4.952134e-01	4.952064e-01	2.064219e-12	

Index   time            v(cell)         v(bl)           vpre#branch     
--------------------------------------------------------------------------------
461	2.182500e-08	4.952134e-01	4.952064e-01	2.064178e-12	
462	2.187500e-08	4.952134e-01	4.952064e-01	2.064152e-12	
463	2.192500e-08	4.952134e-01	4.952064e-01	2.064112e-12	
464	2.196250e-08	4.952134e-01	4.952064e-01	2.064094e-12	
465	2.200000e-08	4.952134e-01	4.952064e-01	2.064062e-12	
466	2.200500e-08	4.952119e-01	4.908388e-01	-4.16120e-11	
467	2.201500e-08	4.952090e-01	4.823078e-01	-1.26922e-10	
468	2.203500e-08	4.952030e-01	4.659404e-01	-2.90596e-10	
469	2.207500e-08	4.951910e-01	4.343266e-01	-6.06734e-10	
470	2.212500e-08	4.951762e-01	3.961570e-01	-9.88430e-10	
471	2.217500e-08	4.951617e-01	3.592115e-01	-1.35788e-09	
472	2.222500e-08	4.951475e-01	3.234578e-01	-1.71542e-09	
473	2.227500e-08	4.951336e-01	2.889328e-01	-2.06067e-09	
474	2.232500e-08	4.951198e-01	2.557117e-01	-2.39288e-09	
475	2.237500e-08	4.951063e-01	2.238714e-01	-2.71129e-09	
476	2.242500e-08	4.950929e-01	1.934763e-01	-3.01524e-09	
477	2.247500e-08	4.950796e-01	1.645694e-01	-3.30431e-09	
478	2.252500e-08	4.950664e-01	1.371685e-01	-3.57831e-09	
479	2.257500e-08	4.950532e-01	1.112467e-01	-3.83753e-09	
480	2.262500e-08	4.950400e-01	8.678206e-02	-4.08218e-09	
481	2.267500e-08	4.950269e-01	6.375299e-02	-4.31247e-09	
482	2.272500e-08	4.950138e-01	4.209668e-02	-4.52903e-09	
483	2.277500e-08	4.950007e-01	2.174412e-02	-4.73256e-09	
484	2.282500e-08	4.949876e-01	2.624074e-03	-4.92376e-09	
485	2.287500e-08	4.949744e-01	-1.53342e-02	-5.10334e-09	
486	2.292500e-08	4.949613e-01	-3.21994e-02	-5.27199e-09	
487	2.296250e-08	4.949515e-01	-4.41686e-02	-5.39169e-09	
488	2.300000e-08	4.949417e-01	-5.55865e-02	-5.50586e-09	
489	2.300500e-08	4.949417e-01	-5.21449e-02	-5.47145e-09	
490	2.301500e-08	4.949417e-01	-4.53047e-02	-5.40305e-09	
491	2.303500e-08	4.949417e-01	-3.18793e-02	-5.26879e-09	
492	2.307500e-08	4.949417e-01	-6.01719e-03	-5.01017e-09	
493	2.312500e-08	4.949417e-01	2.453608e-02	-4.70464e-09	
494	2.317500e-08	4.949417e-01	5.322609e-02	-4.41774e-09	
495	2.322500e-08	4.949417e-01	8.016651e-02	-4.14833e-09	
496	2.327500e-08	4.949417e-01	1.054640e-01	-3.89536e-09	
497	2.332500e-08	4.949417e-01	1.292189e-01	-3.65781e-09	
498	2.337500e-08	4.949417e-01	1.515251e-01	-3.43475e-09	
499	2.342500e-08	4.949417e-01	1.724710e-01	-3.22529e-09	
500	2.347500e-08	4.949417e-01	1.921396e-01	-3.02860e-09	
501	2.352500e-08	4.949417e-01	2.106087e-01	-2.84391e-09	
502	2.357500e-08	4.949417e-01	2.279515e-01	-2.67048e-09	
503	2.362500e-08	4.949417e-01	2.442368e-01	-2.50763e-09	
504	2.367500e-08	4.949417e-01	2.595289e-01	-2.35471e-09	
505	2.372500e-08	4.949417e-01	2.738885e-01	-2.21112e-09	
506	2.377500e-08	4.949417e-01	2.873724e-01	-2.07628e-09	
507	2.382500e-08	4.949417e-01	3.000340e-01	-1.94966e-09	
508	2.387500e-08	4.949417e-01	3.119235e-01	-1.83076e-09	
509	2.392500e-08	4.949417e-01	3.230879e-01	-1.71912e-09	
510	2.397500e-08	4.949417e-01	3.335715e-01	-1.61428e-09	
511	2.402500e-08	4.949417e-01	3.434158e-01	-1.51584e-09	
512	2.407500e-08	4.949417e-01	3.526598e-01	-1.42340e-09	
513	2.412500e-08	4.949417e-01	3.613400e-01	-1.33660e-09	
514	2.417500e-08	4.949417e-01	3.694909e-01	-1.25509e-09	
515	2.422500e-08	4.949417e-01	3.771448e-01	-1.17855e-09	
516	2.427500e-08	4.949417e-01	3.843319e-01	-1.10668e-09	
517	2.432500e-08	4.949417e-01	3.910807e-01	-1.03919e-09	
518	2.437500e-08	4.949417e-01	3.974179e-01	-9.75821e-10	

Index   time            v(cell)         v(bl)           vpre#branch     
--------------------------------------------------------------------------------
519	2.442500e-08	4.949417e-01	4.033687e-01	-9.16313e-10	
520	2.447500e-08	4.949417e-01	4.089566e-01	-8.60434e-10	
521	2.452500e-08	4.949417e-01	4.142037e-01	-8.07963e-10	
522	2.457500e-08	4.949417e-01	4.191309e-01	-7.58691e-10	
523	2.462500e-08	4.949417e-01	4.237575e-01	-7.12425e-10	
524	2.467500e-08	4.949417e-01	4.281021e-01	-6.68979e-10	
525	2.472500e-08	4.949417e-01	4.321817e-01	-6.28183e-10	
526	2.477500e-08	4.949417e-01	4.360125e-01	-5.89875e-10	
527	2.482500e-08	4.949417e-01	4.396097e-01	-5.53903e-10	
528	2.487500e-08	4.949417e-01	4.429875e-01	-5.20125e-10	
529	2.492500e-08	4.949417e-01	4.461594e-01	-4.88406e-10	
530	2.497500e-08	4.949417e-01	4.491378e-01	-4.58622e-10	
531	2.502500e-08	4.949417e-01	4.519346e-01	-4.30654e-10	
532	2.507500e-08	4.949417e-01	4.545608e-01	-4.04392e-10	
533	2.512500e-08	4.949417e-01	4.570269e-01	-3.79731e-10	
534	2.517500e-08	4.949417e-01	4.593426e-01	-3.56574e-10	
535	2.522500e-08	4.949417e-01	4.615170e-01	-3.34830e-10	
536	2.527500e-08	4.949417e-01	4.635589e-01	-3.14411e-10	
537	2.532500e-08	4.949417e-01	4.654763e-01	-2.95237e-10	
538	2.537500e-08	4.949417e-01	4.672767e-01	-2.77233e-10	
539	2.542500e-08	4.949417e-01	4.689673e-01	-2.60327e-10	
540	2.547500e-08	4.949417e-01	4.705548e-01	-2.44452e-10	
541	2.552500e-08	4.949417e-01	4.720456e-01	-2.29544e-10	
542	2.557500e-08	4.949417e-01	4.734454e-01	-2.15546e-10	
543	2.562500e-08	4.949417e-01	4.747598e-01	-2.02402e-10	
544	2.567500e-08	4.949417e-01	4.759941e-01	-1.90059e-10	
545	2.572500e-08	4.949417e-01	4.771532e-01	-1.78468e-10	
546	2.577500e-08	4.949417e-01	4.782415e-01	-1.67585e-10	
547	2.582500e-08	4.949417e-01	4.792635e-01	-1.57365e-10	
548	2.587500e-08	4.949417e-01	4.802231e-01	-1.47769e-10	
549	2.592500e-08	4.949417e-01	4.811242e-01	-1.38758e-10	
550	2.597500e-08	4.949417e-01	4.819704e-01	-1.30296e-10	
551	2.602500e-08	4.949417e-01	4.827650e-01	-1.22350e-10	
552	2.607500e-08	4.949417e-01	4.835111e-01	-1.14889e-10	
553	2.612500e-08	4.949417e-01	4.842117e-01	-1.07883e-10	
554	2.617500e-08	4.949417e-01	4.848696e-01	-1.01304e-10	
555	2.622500e-08	4.949417e-01	4.854874e-01	-9.51260e-11	
556	2.627500e-08	4.949417e-01	4.860675e-01	-8.93249e-11	
557	2.632500e-08	4.949417e-01	4.866122e-01	-8.38777e-11	
558	2.637500e-08	4.949417e-01	4.871237e-01	-7.87626e-11	
559	2.642500e-08	4.949417e-01	4.876040e-01	-7.39595e-11	
560	2.647500e-08	4.949417e-01	4.880551e-01	-6.94493e-11	
561	2.652500e-08	4.949417e-01	4.884786e-01	-6.52141e-11	
562	2.657500e-08	4.949417e-01	4.888763e-01	-6.12372e-11	
563	2.662500e-08	4.949417e-01	4.892497e-01	-5.75028e-11	
564	2.667500e-08	4.949417e-01	4.896004e-01	-5.39961e-11	
565	2.672500e-08	4.949417e-01	4.899297e-01	-5.07033e-11	
566	2.677500e-08	4.949417e-01	4.902389e-01	-4.76113e-11	
567	2.682500e-08	4.949417e-01	4.905292e-01	-4.47079e-11	
568	2.687500e-08	4.949417e-01	4.908019e-01	-4.19815e-11	
569	2.692500e-08	4.949417e-01	4.910579e-01	-3.94214e-11	
570	2.697500e-08	4.949417e-01	4.912983e-01	-3.70173e-11	
571	2.702500e-08	4.949417e-01	4.915240e-01	-3.47599e-11	
572	2.707500e-08	4.949417e-01	4.917360e-01	-3.26402e-11	
573	2.712500e-08	4.949417e-01	4.919350e-01	-3.06497e-11	
574	2.717500e-08	4.949417e-01	4.921219e-01	-2.87806e-11	
575	2.722500e-08	4.949417e-01	4.922974e-01	-2.70255e-11	
576	2.727500e-08	4.949417e-01	4.924623e-01	-2.53774e-11	

Index   time            v(cell)         v(bl)           vpre#branch     
--------------------------------------------------------------------------------
577	2.732500e-08	4.949417e-01	4.926170e-01	-2.38299e-11	
578	2.737500e-08	4.949417e-01	4.927623e-01	-2.23767e-11	
579	2.742500e-08	4.949417e-01	4.928988e-01	-2.10121e-11	
580	2.747500e-08	4.949417e-01	4.930269e-01	-1.97307e-11	
581	2.752500e-08	4.949417e-01	4.931473e-01	-1.85275e-11	
582	2.757500e-08	4.949417e-01	4.932602e-01	-1.73976e-11	
583	2.762500e-08	4.949417e-01	4.933663e-01	-1.63367e-11	
584	2.767500e-08	4.949417e-01	4.934660e-01	-1.53404e-11	
585	2.772500e-08	4.949417e-01	4.935595e-01	-1.44049e-11	
586	2.777500e-08	4.949417e-01	4.936474e-01	-1.35265e-11	
587	2.782500e-08	4.949417e-01	4.937298e-01	-1.27016e-11	
588	2.787500e-08	4.949417e-01	4.938073e-01	-1.19270e-11	
589	2.792500e-08	4.949417e-01	4.938800e-01	-1.11997e-11	
590	2.797500e-08	4.949417e-01	4.939483e-01	-1.05167e-11	
591	2.802500e-08	4.949417e-01	4.940125e-01	-9.87539e-12	
592	2.807500e-08	4.949417e-01	4.940727e-01	-9.27316e-12	
593	2.812500e-08	4.949417e-01	4.941292e-01	-8.70766e-12	
594	2.817500e-08	4.949417e-01	4.941823e-01	-8.17665e-12	
595	2.822500e-08	4.949417e-01	4.942322e-01	-7.67802e-12	
596	2.827500e-08	4.949417e-01	4.942790e-01	-7.20979e-12	
597	2.832500e-08	4.949417e-01	4.943230e-01	-6.77012e-12	
598	2.837500e-08	4.949417e-01	4.943643e-01	-6.35726e-12	
599	2.842500e-08	4.949417e-01	4.944030e-01	-5.96958e-12	
600	2.847500e-08	4.949417e-01	4.944394e-01	-5.60554e-12	
601	2.852500e-08	4.949417e-01	4.944736e-01	-5.26371e-12	
602	2.857500e-08	4.949417e-01	4.945057e-01	-4.94271e-12	
603	2.862500e-08	4.949417e-01	4.945359e-01	-4.64129e-12	
604	2.867500e-08	4.949417e-01	4.945642e-01	-4.35826e-12	
605	2.872500e-08	4.949417e-01	4.945908e-01	-4.09248e-12	
606	2.877500e-08	4.949417e-01	4.946157e-01	-3.84291e-12	
607	2.882500e-08	4.949417e-01	4.946391e-01	-3.60856e-12	
608	2.887500e-08	4.949417e-01	4.946611e-01	-3.38850e-12	
609	2.892500e-08	4.949417e-01	4.946818e-01	-3.18186e-12	
610	2.897500e-08	4.949417e-01	4.947012e-01	-2.98783e-12	
611	2.902500e-08	4.949417e-01	4.947194e-01	-2.80562e-12	
612	2.907500e-08	4.949417e-01	4.947365e-01	-2.63453e-12	
613	2.912500e-08	4.949417e-01	4.947526e-01	-2.47387e-12	
614	2.917500e-08	4.949417e-01	4.947677e-01	-2.32301e-12	
615	2.922500e-08	4.949417e-01	4.947819e-01	-2.18134e-12	
616	2.927500e-08	4.949417e-01	4.947952e-01	-2.04832e-12	
617	2.932500e-08	4.949417e-01	4.948077e-01	-1.92341e-12	
618	2.937500e-08	4.949417e-01	4.948194e-01	-1.80611e-12	
619	2.942500e-08	4.949417e-01	4.948304e-01	-1.69597e-12	
620	2.947500e-08	4.949417e-01	4.948407e-01	-1.59255e-12	
621	2.952500e-08	4.949417e-01	4.948505e-01	-1.49543e-12	
622	2.957500e-08	4.949417e-01	4.948596e-01	-1.40424e-12	
623	2.962500e-08	4.949417e-01	4.948681e-01	-1.31860e-12	
624	2.967500e-08	4.949417e-01	4.948762e-01	-1.23819e-12	
625	2.972500e-08	4.949417e-01	4.948837e-01	-1.16268e-12	
626	2.977500e-08	4.949417e-01	4.948908e-01	-1.09178e-12	
627	2.982500e-08	4.949417e-01	4.948975e-01	-1.02520e-12	
628	2.987500e-08	4.949417e-01	4.949037e-01	-9.62682e-13	
629	2.992500e-08	4.949417e-01	4.949096e-01	-9.03975e-13	
630	2.997500e-08	4.949417e-01	4.949151e-01	-8.48849e-13	
631	3.002500e-08	4.949417e-01	4.949203e-01	-7.97084e-13	
632	3.007500e-08	4.949417e-01	4.949252e-01	-7.48476e-13	
633	3.012500e-08	4.949417e-01	4.949297e-01	-7.02832e-13	
634	3.017500e-08	4.949417e-01	4.949340e-01	-6.59972e-13	

Index   time            v(cell)         v(bl)           vpre#branch     
--------------------------------------------------------------------------------
635	3.022500e-08	4.949417e-01	4.949380e-01	-6.19725e-13	
636	3.027500e-08	4.949417e-01	4.949418e-01	-5.81933e-13	
637	3.032500e-08	4.949417e-01	4.949454e-01	-5.46445e-13	
638	3.037500e-08	4.949417e-01	4.949487e-01	-5.13122e-13	
639	3.042500e-08	4.949417e-01	4.949518e-01	-4.81830e-13	
640	3.047500e-08	4.949417e-01	4.949548e-01	-4.52447e-13	
641	3.052500e-08	4.949417e-01	4.949575e-01	-4.24856e-13	
642	3.057500e-08	4.949417e-01	4.949601e-01	-3.98947e-13	
643	3.062500e-08	4.949417e-01	4.949625e-01	-3.74618e-13	
644	3.067500e-08	4.949417e-01	4.949648e-01	-3.51773e-13	
645	3.072500e-08	4.949417e-01	4.949670e-01	-3.30321e-13	
646	3.077500e-08	4.949417e-01	4.949690e-01	-3.10178e-13	
647	3.082500e-08	4.949417e-01	4.949709e-01	-2.91262e-13	
648	3.087500e-08	4.949417e-01	4.949726e-01	-2.73500e-13	
649	3.092500e-08	4.949417e-01	4.949743e-01	-2.56822e-13	
650	3.097500e-08	4.949417e-01	4.949759e-01	-2.41160e-13	
651	3.102500e-08	4.949417e-01	4.949774e-01	-2.26454e-13	
652	3.107500e-08	4.949417e-01	4.949787e-01	-2.12644e-13	
653	3.112500e-08	4.949417e-01	4.949800e-01	-1.99676e-13	
654	3.117500e-08	4.949417e-01	4.949813e-01	-1.87500e-13	
655	3.122500e-08	4.949417e-01	4.949824e-01	-1.76065e-13	
656	3.127500e-08	4.949417e-01	4.949835e-01	-1.65329e-13	
657	3.132500e-08	4.949417e-01	4.949845e-01	-1.55246e-13	
658	3.137500e-08	4.949417e-01	4.949854e-01	-1.45779e-13	
659	3.142500e-08	4.949417e-01	4.949863e-01	-1.36889e-13	
660	3.147500e-08	4.949417e-01	4.949871e-01	-1.28541e-13	
661	3.152500e-08	4.949417e-01	4.949879e-01	-1.20703e-13	
662	3.157500e-08	4.949417e-01	4.949887e-01	-1.13342e-13	
663	3.162500e-08	4.949417e-01	4.949894e-01	-1.06430e-13	
664	3.167500e-08	4.949417e-01	4.949900e-01	-9.99397e-14	
665	3.172500e-08	4.949417e-01	4.949906e-01	-9.38452e-14	
666	3.177500e-08	4.949417e-01	4.949912e-01	-8.81223e-14	
667	3.182500e-08	4.949417e-01	4.949917e-01	-8.27484e-14	
668	3.187500e-08	4.949417e-01	4.949922e-01	-7.77022e-14	
669	3.192500e-08	4.949417e-01	4.949927e-01	-7.29637e-14	
670	3.197500e-08	4.949417e-01	4.949931e-01	-6.85142e-14	
671	3.202500e-08	4.949417e-01	4.949936e-01	-6.43361e-14	
672	3.207500e-08	4.949417e-01	4.949940e-01	-6.04127e-14	
673	3.212500e-08	4.949417e-01	4.949943e-01	-5.67286e-14	
674	3.217500e-08	4.949417e-01	4.949947e-01	-5.32692e-14	
675	3.222500e-08	4.949417e-01	4.949950e-01	-5.00207e-14	
676	3.227500e-08	4.949417e-01	4.949953e-01	-4.69703e-14	
677	3.232500e-08	4.949417e-01	4.949956e-01	-4.41060e-14	
678	3.237500e-08	4.949417e-01	4.949959e-01	-4.14163e-14	
679	3.242500e-08	4.949417e-01	4.949961e-01	-3.88906e-14	
680	3.247500e-08	4.949417e-01	4.949963e-01	-3.65190e-14	
681	3.252500e-08	4.949417e-01	4.949966e-01	-3.42920e-14	
682	3.257500e-08	4.949417e-01	4.949968e-01	-3.22008e-14	
683	3.262500e-08	4.949417e-01	4.949970e-01	-3.02371e-14	
684	3.267500e-08	4.949417e-01	4.949972e-01	-2.83932e-14	
685	3.272500e-08	4.949417e-01	4.949973e-01	-2.66617e-14	
686	3.277500e-08	4.949417e-01	4.949975e-01	-2.50358e-14	
687	3.282500e-08	4.949417e-01	4.949976e-01	-2.35091e-14	
688	3.287500e-08	4.949417e-01	4.949978e-01	-2.20755e-14	
689	3.292500e-08	4.949417e-01	4.949979e-01	-2.07293e-14	
690	3.297500e-08	4.949417e-01	4.949981e-01	-1.94651e-14	
691	3.302500e-08	4.949417e-01	4.949982e-01	-1.82781e-14	
692	3.307500e-08	4.949417e-01	4.949983e-01	-1.71635e-14	

Index   time            v(cell)         v(bl)           vpre#branch     
--------------------------------------------------------------------------------
693	3.312500e-08	4.949417e-01	4.949984e-01	-1.61168e-14	
694	3.317500e-08	4.949417e-01	4.949985e-01	-1.51340e-14	
695	3.322500e-08	4.949417e-01	4.949986e-01	-1.42111e-14	
696	3.327500e-08	4.949417e-01	4.949987e-01	-1.33445e-14	
697	3.332500e-08	4.949417e-01	4.949987e-01	-1.25307e-14	
698	3.337500e-08	4.949417e-01	4.949988e-01	-1.17665e-14	
699	3.342500e-08	4.949417e-01	4.949989e-01	-1.10490e-14	
700	3.347500e-08	4.949417e-01	4.949990e-01	-1.03752e-14	
701	3.352500e-08	4.949417e-01	4.949990e-01	-9.74251e-15	
702	3.357500e-08	4.949417e-01	4.949991e-01	-9.14840e-15	
703	3.362500e-08	4.949417e-01	4.949991e-01	-8.59051e-15	
704	3.367500e-08	4.949417e-01	4.949992e-01	-8.06665e-15	
705	3.372500e-08	4.949417e-01	4.949992e-01	-7.57473e-15	
706	3.377500e-08	4.949417e-01	4.949993e-01	-7.11281e-15	
707	3.382500e-08	4.949417e-01	4.949993e-01	-6.67906e-15	
708	3.387500e-08	4.949417e-01	4.949994e-01	-6.27176e-15	
709	3.392500e-08	4.949417e-01	4.949994e-01	-5.88930e-15	
710	3.397500e-08	4.949417e-01	4.949994e-01	-5.53016e-15	
711	3.402500e-08	4.949417e-01	4.949995e-01	-5.19293e-15	
712	3.407500e-08	4.949417e-01	4.949995e-01	-4.87626e-15	
713	3.412500e-08	4.949417e-01	4.949995e-01	-4.57890e-15	
714	3.417500e-08	4.949417e-01	4.949996e-01	-4.29967e-15	
715	3.422500e-08	4.949417e-01	4.949996e-01	-4.03747e-15	
716	3.427500e-08	4.949417e-01	4.949996e-01	-3.79127e-15	
717	3.432500e-08	4.949417e-01	4.949996e-01	-3.56007e-15	
718	3.437500e-08	4.949417e-01	4.949997e-01	-3.34298e-15	
719	3.442500e-08	4.949417e-01	4.949997e-01	-3.13912e-15	
720	3.447500e-08	4.949417e-01	4.949997e-01	-2.94770e-15	
721	3.452500e-08	4.949417e-01	4.949997e-01	-2.76794e-15	
722	3.457500e-08	4.949417e-01	4.949997e-01	-2.59915e-15	
723	3.462500e-08	4.949417e-01	4.949998e-01	-2.44066e-15	
724	3.467500e-08	4.949417e-01	4.949998e-01	-2.29183e-15	
725	3.472500e-08	4.949417e-01	4.949998e-01	-2.15207e-15	
726	3.477500e-08	4.949417e-01	4.949998e-01	-2.02084e-15	
727	3.482500e-08	4.949417e-01	4.949998e-01	-1.89761e-15	
728	3.487500e-08	4.949417e-01	4.949998e-01	-1.78190e-15	
729	3.492500e-08	4.949417e-01	4.949998e-01	-1.67324e-15	
730	3.497500e-08	4.949417e-01	4.949998e-01	-1.57121e-15	
731	3.502500e-08	4.949417e-01	4.949999e-01	-1.47540e-15	
732	3.507500e-08	4.949417e-01	4.949999e-01	-1.38543e-15	
733	3.512500e-08	4.949417e-01	4.949999e-01	-1.30095e-15	
734	3.517500e-08	4.949417e-01	4.949999e-01	-1.22162e-15	
735	3.522500e-08	4.949417e-01	4.949999e-01	-1.14713e-15	
736	3.527500e-08	4.949417e-01	4.949999e-01	-1.07718e-15	
737	3.532500e-08	4.949417e-01	4.949999e-01	-1.01150e-15	
738	3.537500e-08	4.949417e-01	4.949999e-01	-9.49820e-16	
739	3.542500e-08	4.949417e-01	4.949999e-01	-8.91904e-16	
740	3.547500e-08	4.949417e-01	4.949999e-01	-8.37520e-16	
741	3.552500e-08	4.949417e-01	4.949999e-01	-7.86452e-16	
742	3.557500e-08	4.949417e-01	4.949999e-01	-7.38499e-16	
743	3.562500e-08	4.949417e-01	4.949999e-01	-6.93470e-16	
744	3.567500e-08	4.949417e-01	4.949999e-01	-6.51186e-16	
745	3.572500e-08	4.949417e-01	4.949999e-01	-6.11481e-16	
746	3.577500e-08	4.949417e-01	4.949999e-01	-5.74198e-16	
747	3.582500e-08	4.949417e-01	4.949999e-01	-5.39188e-16	
748	3.587500e-08	4.949417e-01	4.949999e-01	-5.06313e-16	
749	3.592500e-08	4.949417e-01	4.950000e-01	-4.75443e-16	
750	3.597500e-08	4.949417e-01	4.950000e-01	-4.46455e-16	

Index   time            v(cell)         v(bl)           vpre#branch     
--------------------------------------------------------------------------------
751	3.602500e-08	4.949417e-01	4.950000e-01	-4.19235e-16	
752	3.607500e-08	4.949417e-01	4.950000e-01	-3.93675e-16	
753	3.612500e-08	4.949417e-01	4.950000e-01	-3.69673e-16	
754	3.617500e-08	4.949417e-01	4.950000e-01	-3.47136e-16	
755	3.622500e-08	4.949417e-01	4.950000e-01	-3.25973e-16	
756	3.627500e-08	4.949417e-01	4.950000e-01	-3.06100e-16	
757	3.632500e-08	4.949417e-01	4.950000e-01	-2.87439e-16	
758	3.637500e-08	4.949417e-01	4.950000e-01	-2.69917e-16	
759	3.642500e-08	4.949417e-01	4.950000e-01	-2.53463e-16	
760	3.647500e-08	4.949417e-01	4.950000e-01	-2.38012e-16	
761	3.652500e-08	4.949417e-01	4.950000e-01	-2.23503e-16	
762	3.657500e-08	4.949417e-01	4.950000e-01	-2.09880e-16	
763	3.662500e-08	4.949417e-01	4.950000e-01	-1.97088e-16	
764	3.667500e-08	4.949417e-01	4.950000e-01	-1.85075e-16	
765	3.672500e-08	4.949417e-01	4.950000e-01	-1.73795e-16	
766	3.677500e-08	4.949417e-01	4.950000e-01	-1.63203e-16	
767	3.682500e-08	4.949417e-01	4.950000e-01	-1.53256e-16	
768	3.687500e-08	4.949417e-01	4.950000e-01	-1.43916e-16	
769	3.692500e-08	4.949417e-01	4.950000e-01	-1.35146e-16	
770	3.697500e-08	4.949417e-01	4.950000e-01	-1.26910e-16	
771	3.702500e-08	4.949417e-01	4.950000e-01	-1.19176e-16	
772	3.707500e-08	4.949417e-01	4.950000e-01	-1.11915e-16	
773	3.712500e-08	4.949417e-01	4.950000e-01	-1.05096e-16	
774	3.717500e-08	4.949417e-01	4.950000e-01	-9.86937e-17	
775	3.722500e-08	4.949417e-01	4.950000e-01	-9.26817e-17	
776	3.727500e-08	4.949417e-01	4.950000e-01	-8.70365e-17	
777	3.732500e-08	4.949417e-01	4.950000e-01	-8.17350e-17	
778	3.737500e-08	4.949417e-01	4.950000e-01	-7.67569e-17	
779	3.742500e-08	4.949417e-01	4.950000e-01	-7.20823e-17	
780	3.747500e-08	4.949417e-01	4.950000e-01	-6.76924e-17	
781	3.752500e-08	4.949417e-01	4.950000e-01	-6.35702e-17	
782	3.757500e-08	4.949417e-01	4.950000e-01	-5.96994e-17	
783	3.762500e-08	4.949417e-01	4.950000e-01	-5.60650e-17	
784	3.767500e-08	4.949417e-01	4.950000e-01	-5.26527e-17	
785	3.772500e-08	4.949417e-01	4.950000e-01	-4.94485e-17	
786	3.777500e-08	4.949417e-01	4.950000e-01	-4.64397e-17	
787	3.782500e-08	4.949417e-01	4.950000e-01	-4.36139e-17	
788	3.787500e-08	4.949417e-01	4.950000e-01	-4.09605e-17	
789	3.792500e-08	4.949417e-01	4.950000e-01	-3.84693e-17	
790	3.797500e-08	4.949417e-01	4.950000e-01	-3.61300e-17	
791	3.802500e-08	4.949417e-01	4.950000e-01	-3.39334e-17	
792	3.807500e-08	4.949417e-01	4.950000e-01	-3.18703e-17	
793	3.812500e-08	4.949417e-01	4.950000e-01	-2.99326e-17	
794	3.817500e-08	4.949417e-01	4.950000e-01	-2.81131e-17	
795	3.822500e-08	4.949417e-01	4.950000e-01	-2.64049e-17	
796	3.827500e-08	4.949417e-01	4.950000e-01	-2.48010e-17	
797	3.832500e-08	4.949417e-01	4.950000e-01	-2.32944e-17	
798	3.837500e-08	4.949417e-01	4.950000e-01	-2.18797e-17	
799	3.842500e-08	4.949417e-01	4.950000e-01	-2.05512e-17	
800	3.847500e-08	4.949417e-01	4.950000e-01	-1.93038e-17	
801	3.852500e-08	4.949417e-01	4.950000e-01	-1.81329e-17	
802	3.857500e-08	4.949417e-01	4.950000e-01	-1.70333e-17	
803	3.862500e-08	4.949417e-01	4.950000e-01	-1.60004e-17	
804	3.867500e-08	4.949417e-01	4.950000e-01	-1.50305e-17	
805	3.872500e-08	4.949417e-01	4.950000e-01	-1.41198e-17	
806	3.877500e-08	4.949417e-01	4.950000e-01	-1.32650e-17	
807	3.882500e-08	4.949417e-01	4.950000e-01	-1.24627e-17	
808	3.887500e-08	4.949417e-01	4.950000e-01	-1.17090e-17	

Index   time            v(cell)         v(bl)           vpre#branch     
--------------------------------------------------------------------------------
809	3.892500e-08	4.949417e-01	4.950000e-01	-1.10008e-17	
810	3.897500e-08	4.949417e-01	4.950000e-01	-1.03357e-17	
811	3.902500e-08	4.949417e-01	4.950000e-01	-9.71171e-18	
812	3.907500e-08	4.949417e-01	4.950000e-01	-9.12613e-18	
813	3.912500e-08	4.949417e-01	4.950000e-01	-8.57626e-18	
814	3.917500e-08	4.949417e-01	4.950000e-01	-8.05993e-18	
815	3.922500e-08	4.949417e-01	4.950000e-01	-7.57508e-18	
816	3.927500e-08	4.949417e-01	4.950000e-01	-7.11980e-18	
817	3.932500e-08	4.949417e-01	4.950000e-01	-6.69187e-18	
818	3.937500e-08	4.949417e-01	4.950000e-01	-6.29004e-18	
819	3.942500e-08	4.949417e-01	4.950000e-01	-5.91271e-18	
820	3.947500e-08	4.949417e-01	4.950000e-01	-5.55797e-18	
821	3.952500e-08	4.949417e-01	4.950000e-01	-5.22487e-18	
822	3.957500e-08	4.949417e-01	4.950000e-01	-4.91209e-18	
823	3.962500e-08	4.949417e-01	4.950000e-01	-4.61838e-18	
824	3.967500e-08	4.949417e-01	4.950000e-01	-4.34258e-18	
825	3.972500e-08	4.949417e-01	4.950000e-01	-4.08401e-18	
826	3.977500e-08	4.949417e-01	4.950000e-01	-3.84121e-18	
827	3.982500e-08	4.949417e-01	4.950000e-01	-3.61322e-18	
828	3.987500e-08	4.949417e-01	4.950000e-01	-3.39954e-18	
829	3.992500e-08	4.949417e-01	4.950000e-01	-3.19848e-18	
830	3.996250e-08	4.949417e-01	4.950000e-01	-3.05584e-18	
831	4.000000e-08	4.949417e-01	4.950000e-01	-2.91963e-18	


Total analysis time (seconds) = 0.0513557

Total elapsed time (seconds) = 0.060 

Total DRAM available = 386307.215 MB.
DRAM currently available = 8828.910 MB.
Maximum ngspice program size =  529.723 MB.
Current ngspice program size =   14.289 MB.

Shared ngspice pages =   12.469 MB.
Text (code) pages =    6.266 MB.
Stack = 0 bytes.
Library pages =   59.141 MB.

