
Note: No compatibility mode selected!


Circuit: * id-vg sweep vds=0.9000v

Doing analysis at TEMP = 27.000000 and TNOM = 27.000000

Using SPARSE 1.3 as Direct Linear Solver

No. of Data Rows : 201

  Measurements for DC Analysis

ion                 =  -1.67965e-06 at=  9.00000e-01
ioff                =  -6.21448e-14

                           * id-vg sweep vds=0.9000v
                           DC transfer characteristic  Tue Jun 23 21:10:21  2026
--------------------------------------------------------------------------------
Index   v-sweep         vd#branch       
--------------------------------------------------------------------------------
0	0.000000e+00	-6.21448e-14	
1	4.500000e-03	-6.88224e-14	
2	9.000000e-03	-7.66293e-14	
3	1.350000e-02	-8.53219e-14	
4	1.800000e-02	-9.50004e-14	
5	2.250000e-02	-1.05777e-13	
6	2.700000e-02	-1.17776e-13	
7	3.150000e-02	-1.31136e-13	
8	3.600000e-02	-1.46011e-13	
9	4.050000e-02	-1.62574e-13	
10	4.500000e-02	-1.81016e-13	
11	4.950000e-02	-2.01550e-13	
12	5.400000e-02	-2.24413e-13	
13	5.850000e-02	-2.49870e-13	
14	6.300000e-02	-2.78214e-13	
15	6.750000e-02	-3.09773e-13	
16	7.200000e-02	-3.44913e-13	
17	7.650000e-02	-3.84038e-13	
18	8.100000e-02	-4.27602e-13	
19	8.550000e-02	-4.76107e-13	
20	9.000000e-02	-5.30115e-13	
21	9.450000e-02	-5.90249e-13	
22	9.900000e-02	-6.57204e-13	
23	1.035000e-01	-7.31754e-13	
24	1.080000e-01	-8.14761e-13	
25	1.125000e-01	-9.07184e-13	
26	1.170000e-01	-1.01009e-12	
27	1.215000e-01	-1.12467e-12	
28	1.260000e-01	-1.25225e-12	
29	1.305000e-01	-1.39430e-12	
30	1.350000e-01	-1.55246e-12	
31	1.395000e-01	-1.72856e-12	
32	1.440000e-01	-1.92464e-12	
33	1.485000e-01	-2.14296e-12	
34	1.530000e-01	-2.38605e-12	
35	1.575000e-01	-2.65671e-12	
36	1.620000e-01	-2.95807e-12	
37	1.665000e-01	-3.29361e-12	
38	1.710000e-01	-3.66721e-12	
39	1.755000e-01	-4.08320e-12	
40	1.800000e-01	-4.54636e-12	
41	1.845000e-01	-5.06207e-12	
42	1.890000e-01	-5.63626e-12	
43	1.935000e-01	-6.27559e-12	
44	1.980000e-01	-6.98744e-12	
45	2.025000e-01	-7.78002e-12	
46	2.070000e-01	-8.66250e-12	
47	2.115000e-01	-9.64507e-12	
48	2.160000e-01	-1.07391e-11	
49	2.205000e-01	-1.19572e-11	
50	2.250000e-01	-1.33134e-11	
51	2.295000e-01	-1.48235e-11	
52	2.340000e-01	-1.65048e-11	
53	2.385000e-01	-1.83768e-11	
54	2.430000e-01	-2.04611e-11	

Index   v-sweep         vd#branch       
--------------------------------------------------------------------------------
55	2.475000e-01	-2.27817e-11	
56	2.520000e-01	-2.53655e-11	
57	2.565000e-01	-2.82423e-11	
58	2.610000e-01	-3.14453e-11	
59	2.655000e-01	-3.50114e-11	
60	2.700000e-01	-3.89819e-11	
61	2.745000e-01	-4.34024e-11	
62	2.790000e-01	-4.83241e-11	
63	2.835000e-01	-5.38037e-11	
64	2.880000e-01	-5.99043e-11	
65	2.925000e-01	-6.66963e-11	
66	2.970000e-01	-7.42580e-11	
67	3.015000e-01	-8.26765e-11	
68	3.060000e-01	-9.20488e-11	
69	3.105000e-01	-1.02483e-10	
70	3.150000e-01	-1.14098e-10	
71	3.195000e-01	-1.27029e-10	
72	3.240000e-01	-1.41424e-10	
73	3.285000e-01	-1.57449e-10	
74	3.330000e-01	-1.75286e-10	
75	3.375000e-01	-1.95142e-10	
76	3.420000e-01	-2.17244e-10	
77	3.465000e-01	-2.43144e-10	
78	3.510000e-01	-2.70671e-10	
79	3.555000e-01	-3.01308e-10	
80	3.600000e-01	-3.35404e-10	
81	3.645000e-01	-3.73347e-10	
82	3.690000e-01	-4.15570e-10	
83	3.735000e-01	-4.62552e-10	
84	3.780000e-01	-5.14826e-10	
85	3.825000e-01	-5.72983e-10	
86	3.870000e-01	-6.37680e-10	
87	3.915000e-01	-7.09645e-10	
88	3.960000e-01	-7.89684e-10	
89	4.005000e-01	-8.78695e-10	
90	4.050000e-01	-9.77668e-10	
91	4.095000e-01	-1.08770e-09	
92	4.140000e-01	-1.21002e-09	
93	4.185000e-01	-1.34595e-09	
94	4.230000e-01	-1.49700e-09	
95	4.275000e-01	-1.66480e-09	
96	4.320000e-01	-1.85117e-09	
97	4.365000e-01	-2.05810e-09	
98	4.410000e-01	-2.28779e-09	
99	4.455000e-01	-2.54268e-09	
100	4.500000e-01	-2.82541e-09	
101	4.545000e-01	-3.13892e-09	
102	4.590000e-01	-3.48641e-09	
103	4.635000e-01	-3.87138e-09	
104	4.680000e-01	-4.29766e-09	
105	4.725000e-01	-4.76943e-09	
106	4.770000e-01	-5.29125e-09	
107	4.815000e-01	-5.86805e-09	
108	4.860000e-01	-6.50521e-09	
109	4.905000e-01	-7.20854e-09	
110	4.950000e-01	-7.98431e-09	
111	4.995000e-01	-8.83930e-09	
112	5.040000e-01	-9.78079e-09	

Index   v-sweep         vd#branch       
--------------------------------------------------------------------------------
113	5.085000e-01	-1.08166e-08	
114	5.130000e-01	-1.19552e-08	
115	5.175000e-01	-1.32054e-08	
116	5.220000e-01	-1.45770e-08	
117	5.265000e-01	-1.60801e-08	
118	5.310000e-01	-1.77258e-08	
119	5.355000e-01	-1.95256e-08	
120	5.400000e-01	-2.14920e-08	
121	5.445000e-01	-2.36383e-08	
122	5.490000e-01	-2.59786e-08	
123	5.535000e-01	-2.85278e-08	
124	5.580000e-01	-3.13021e-08	
125	5.625000e-01	-3.43184e-08	
126	5.670000e-01	-3.75949e-08	
127	5.715000e-01	-4.11510e-08	
128	5.760000e-01	-4.50071e-08	
129	5.805000e-01	-4.91847e-08	
130	5.850000e-01	-5.37067e-08	
131	5.895000e-01	-5.85969e-08	
132	5.940000e-01	-6.38801e-08	
133	5.985000e-01	-6.95817e-08	
134	6.030000e-01	-7.57280e-08	
135	6.075000e-01	-8.23454e-08	
136	6.120000e-01	-8.94604e-08	
137	6.165000e-01	-9.70992e-08	
138	6.210000e-01	-1.05287e-07	
139	6.255000e-01	-1.14050e-07	
140	6.300000e-01	-1.23410e-07	
141	6.345000e-01	-1.33389e-07	
142	6.390000e-01	-1.44007e-07	
143	6.435000e-01	-1.55281e-07	
144	6.480000e-01	-1.67228e-07	
145	6.525000e-01	-1.79859e-07	
146	6.570000e-01	-1.93184e-07	
147	6.615000e-01	-2.07211e-07	
148	6.660000e-01	-2.21942e-07	
149	6.705000e-01	-2.37380e-07	
150	6.750000e-01	-2.53524e-07	
151	6.795000e-01	-2.70368e-07	
152	6.840000e-01	-2.87908e-07	
153	6.885000e-01	-3.06135e-07	
154	6.930000e-01	-3.25038e-07	
155	6.975000e-01	-3.44277e-07	
156	7.020000e-01	-3.64504e-07	
157	7.065000e-01	-3.85371e-07	
158	7.110000e-01	-4.06860e-07	
159	7.155000e-01	-4.28957e-07	
160	7.200000e-01	-4.51645e-07	
161	7.245000e-01	-4.74908e-07	
162	7.290000e-01	-4.98728e-07	
163	7.335000e-01	-5.23088e-07	
164	7.380000e-01	-5.47972e-07	
165	7.425000e-01	-5.73364e-07	
166	7.470000e-01	-5.99246e-07	
167	7.515000e-01	-6.25602e-07	
168	7.560000e-01	-6.52416e-07	
169	7.605000e-01	-6.79674e-07	
170	7.650000e-01	-7.07359e-07	

Index   v-sweep         vd#branch       
--------------------------------------------------------------------------------
171	7.695000e-01	-7.35457e-07	
172	7.740000e-01	-7.63955e-07	
173	7.785000e-01	-7.92837e-07	
174	7.830000e-01	-8.22092e-07	
175	7.875000e-01	-8.51705e-07	
176	7.920000e-01	-8.81665e-07	
177	7.965000e-01	-9.11960e-07	
178	8.010000e-01	-9.42578e-07	
179	8.055000e-01	-9.73508e-07	
180	8.100000e-01	-1.00474e-06	
181	8.145000e-01	-1.03626e-06	
182	8.190000e-01	-1.06807e-06	
183	8.235000e-01	-1.10014e-06	
184	8.280000e-01	-1.13249e-06	
185	8.325000e-01	-1.16508e-06	
186	8.370000e-01	-1.19792e-06	
187	8.415000e-01	-1.23100e-06	
188	8.460000e-01	-1.26431e-06	
189	8.505000e-01	-1.29785e-06	
190	8.550000e-01	-1.33160e-06	
191	8.595000e-01	-1.36556e-06	
192	8.640000e-01	-1.39972e-06	
193	8.685000e-01	-1.43408e-06	
194	8.730000e-01	-1.46863e-06	
195	8.775000e-01	-1.50337e-06	
196	8.820000e-01	-1.53828e-06	
197	8.865000e-01	-1.57338e-06	
198	8.910000e-01	-1.60864e-06	
199	8.955000e-01	-1.64406e-06	
200	9.000000e-01	-1.67965e-06	


Total analysis time (seconds) = 0.0325696

Total elapsed time (seconds) = 0.041 

Total DRAM available = 386307.215 MB.
DRAM currently available = 12890.305 MB.
Maximum ngspice program size =  529.719 MB.
Current ngspice program size =   14.086 MB.

Shared ngspice pages =   12.316 MB.
Text (code) pages =    6.266 MB.
Stack = 0 bytes.
Library pages =   59.137 MB.

