
Note: No compatibility mode selected!


Circuit: * 1t1c ccell=10.0ff

Doing analysis at TEMP = -40.000000 and TNOM = 27.000000

Using SPARSE 1.3 as Direct Linear Solver

Initial Transient Solution
--------------------------

Node                                   Voltage
----                                   -------
pre                                       0.45
bl                                        0.45
wl                                           0
plate                                        0
s                                            0
cell                                         0
vs#branch                                    0
vpl#branch                                   0
vwl#branch                                   0
vpre#branch                                  0


No. of Data Rows : 832

  Measurements for Transient Analysis

t_write             =  1.90072e-09
t_read              =  2.25093e-08
i_hold              =  -3.19870e-11 from=  2.50000e-08 to=  3.50250e-08
q_read              =   3.99873e-18 from=  1.20000e-08 to=  2.20000e-08

                              * 1t1c ccell=10.0ff
                              Transient Analysis  Tue Jun 23 16:37:07  2026
--------------------------------------------------------------------------------
Index   time            v(cell)         v(bl)           vpre#branch     
--------------------------------------------------------------------------------
0	0.000000e+00	0.000000e+00	4.500000e-01	0.000000e+00	
1	5.000000e-13	1.434323e-15	4.500000e-01	-1.90913e-20	
2	1.000000e-12	2.868587e-15	4.500000e-01	-3.71255e-20	
3	2.000000e-12	5.737108e-15	4.500000e-01	-7.31525e-20	
4	4.000000e-12	1.147415e-14	4.500000e-01	-1.45059e-19	
5	8.000000e-12	2.294824e-14	4.500000e-01	-2.88342e-19	
6	1.600000e-11	4.589640e-14	4.500000e-01	-5.72768e-19	
7	3.200000e-11	9.179274e-14	4.500000e-01	-1.13313e-18	
8	6.400000e-11	1.835854e-13	4.500000e-01	-2.22094e-18	
9	1.140000e-10	3.270115e-13	4.500000e-01	-3.83586e-18	
10	1.640000e-10	4.704375e-13	4.500000e-01	-5.35098e-18	
11	2.140000e-10	6.138636e-13	4.500000e-01	-6.77371e-18	
12	2.640000e-10	7.572896e-13	4.500000e-01	-8.10968e-18	
13	3.140000e-10	9.007157e-13	4.500000e-01	-9.36334e-18	
14	3.640000e-10	1.044142e-12	4.500000e-01	-1.05406e-17	
15	4.140000e-10	1.187568e-12	4.500000e-01	-1.16468e-17	
16	4.640000e-10	1.330994e-12	4.500000e-01	-1.26864e-17	
17	5.140000e-10	1.474420e-12	4.500000e-01	-1.36626e-17	
18	5.640000e-10	1.617846e-12	4.500000e-01	-1.45793e-17	
19	6.140000e-10	1.761272e-12	4.500000e-01	-1.54401e-17	
20	6.640000e-10	1.904698e-12	4.500000e-01	-1.62484e-17	
21	7.140000e-10	2.048124e-12	4.500000e-01	-1.70074e-17	
22	7.640000e-10	2.191550e-12	4.500000e-01	-1.77201e-17	
23	8.140000e-10	2.334976e-12	4.500000e-01	-1.83893e-17	
24	8.640000e-10	2.478402e-12	4.500000e-01	-1.90169e-17	
25	9.140000e-10	2.621828e-12	4.500000e-01	-1.96063e-17	
26	9.570000e-10	2.745175e-12	4.500000e-01	-2.00843e-17	
27	1.000000e-09	2.868521e-12	4.500000e-01	-2.05374e-17	
28	1.005000e-09	4.496447e-03	4.500000e-01	-2.05605e-17	
29	1.015000e-09	1.348930e-02	4.500000e-01	-2.05599e-17	
30	1.035000e-09	3.147500e-02	4.500000e-01	-2.03395e-17	
31	1.075000e-09	6.744641e-02	4.500000e-01	-1.97587e-17	
32	1.125000e-09	1.124107e-01	4.500000e-01	-1.91796e-17	
33	1.175000e-09	1.573749e-01	4.500000e-01	-1.86120e-17	
34	1.225000e-09	2.023392e-01	4.500000e-01	-1.80536e-17	
35	1.275000e-09	2.473034e-01	4.500000e-01	-1.75034e-17	
36	1.325000e-09	2.922677e-01	4.500000e-01	-1.69598e-17	
37	1.375000e-09	3.372320e-01	4.500000e-01	-1.64201e-17	
38	1.425000e-09	3.821962e-01	4.500000e-01	-1.58807e-17	
39	1.475000e-09	4.271605e-01	4.500000e-01	-1.53306e-17	
40	1.525000e-09	4.721247e-01	4.500000e-01	-1.47249e-17	
41	1.575000e-09	5.170890e-01	4.500000e-01	-1.37196e-17	
42	1.625000e-09	5.620533e-01	4.500000e-01	-1.23993e-17	
43	1.675000e-09	6.070175e-01	4.500000e-01	-1.11443e-17	
44	1.725000e-09	6.519818e-01	4.500000e-01	-9.93804e-18	
45	1.775000e-09	6.969460e-01	4.500000e-01	-8.77965e-18	
46	1.825000e-09	7.419103e-01	4.500000e-01	-7.66616e-18	
47	1.875000e-09	7.868746e-01	4.500000e-01	-6.59570e-18	
48	1.925000e-09	8.318388e-01	4.500000e-01	-5.56654e-18	
49	1.962500e-09	8.655620e-01	4.500000e-01	-4.82042e-18	
50	2.000000e-09	8.992852e-01	4.500000e-01	-4.09583e-18	
51	2.005000e-09	8.992852e-01	4.500000e-01	-4.00124e-18	
52	2.015000e-09	8.992852e-01	4.500000e-01	-3.81326e-18	
53	2.035000e-09	8.992852e-01	4.500000e-01	-3.44425e-18	
54	2.075000e-09	8.992852e-01	4.500000e-01	-2.73232e-18	

Index   time            v(cell)         v(bl)           vpre#branch     
--------------------------------------------------------------------------------
55	2.125000e-09	8.992852e-01	4.500000e-01	-1.89134e-18	
56	2.175000e-09	8.992852e-01	4.500000e-01	-1.10298e-18	
57	2.225000e-09	8.992852e-01	4.500000e-01	-3.62705e-19	
58	2.275000e-09	8.992852e-01	4.500000e-01	3.324307e-19	
59	2.325000e-09	8.992852e-01	4.500000e-01	9.851762e-19	
60	2.375000e-09	8.992852e-01	4.500000e-01	1.598113e-18	
61	2.425000e-09	8.992852e-01	4.500000e-01	2.173672e-18	
62	2.475000e-09	8.992852e-01	4.500000e-01	2.714130e-18	
63	2.525000e-09	8.992852e-01	4.500000e-01	3.222457e-18	
64	2.575000e-09	8.992852e-01	4.500000e-01	3.699783e-18	
65	2.625000e-09	8.992852e-01	4.500000e-01	4.147176e-18	
66	2.675000e-09	8.992852e-01	4.500000e-01	4.567284e-18	
67	2.725000e-09	8.992852e-01	4.500000e-01	4.961772e-18	
68	2.775000e-09	8.992852e-01	4.500000e-01	5.332203e-18	
69	2.825000e-09	8.992852e-01	4.500000e-01	5.680043e-18	
70	2.875000e-09	8.992852e-01	4.500000e-01	6.006670e-18	
71	2.925000e-09	8.992852e-01	4.500000e-01	6.313380e-18	
72	2.975000e-09	8.992852e-01	4.500000e-01	6.602212e-18	
73	3.025000e-09	8.992852e-01	4.500000e-01	6.873429e-18	
74	3.075000e-09	8.992852e-01	4.500000e-01	7.127282e-18	
75	3.125000e-09	8.992852e-01	4.500000e-01	7.365654e-18	
76	3.175000e-09	8.992852e-01	4.500000e-01	7.590314e-18	
77	3.225000e-09	8.992852e-01	4.500000e-01	7.802101e-18	
78	3.275000e-09	8.992852e-01	4.500000e-01	8.000143e-18	
79	3.325000e-09	8.992852e-01	4.500000e-01	8.185284e-18	
80	3.375000e-09	8.992852e-01	4.500000e-01	8.359963e-18	
81	3.425000e-09	8.992852e-01	4.500000e-01	8.523986e-18	
82	3.475000e-09	8.992852e-01	4.500000e-01	8.677181e-18	
83	3.525000e-09	8.992852e-01	4.500000e-01	8.821033e-18	
84	3.575000e-09	8.992852e-01	4.500000e-01	8.956938e-18	
85	3.625000e-09	8.992852e-01	4.500000e-01	9.084557e-18	
86	3.675000e-09	8.992852e-01	4.500000e-01	9.204393e-18	
87	3.725000e-09	8.992852e-01	4.500000e-01	9.317748e-18	
88	3.775000e-09	8.992852e-01	4.500000e-01	9.423362e-18	
89	3.825000e-09	8.992852e-01	4.500000e-01	9.521709e-18	
90	3.875000e-09	8.992852e-01	4.500000e-01	9.614061e-18	
91	3.925000e-09	8.992852e-01	4.500000e-01	9.701608e-18	
92	3.975000e-09	8.992852e-01	4.500000e-01	9.783813e-18	
93	4.025000e-09	8.992852e-01	4.500000e-01	9.860179e-18	
94	4.075000e-09	8.992852e-01	4.500000e-01	9.932716e-18	
95	4.125000e-09	8.992852e-01	4.500000e-01	1.000083e-17	
96	4.175000e-09	8.992852e-01	4.500000e-01	1.006396e-17	
97	4.225000e-09	8.992852e-01	4.500000e-01	1.012324e-17	
98	4.275000e-09	8.992852e-01	4.500000e-01	1.017973e-17	
99	4.325000e-09	8.992852e-01	4.500000e-01	1.023278e-17	
100	4.375000e-09	8.992852e-01	4.500000e-01	1.028260e-17	
101	4.425000e-09	8.992852e-01	4.500000e-01	1.032937e-17	
102	4.475000e-09	8.992852e-01	4.500000e-01	1.037246e-17	
103	4.525000e-09	8.992852e-01	4.500000e-01	1.041376e-17	
104	4.575000e-09	8.992852e-01	4.500000e-01	1.045336e-17	
105	4.625000e-09	8.992852e-01	4.500000e-01	1.049055e-17	
106	4.675000e-09	8.992852e-01	4.500000e-01	1.052547e-17	
107	4.725000e-09	8.992852e-01	4.500000e-01	1.055743e-17	
108	4.775000e-09	8.992852e-01	4.500000e-01	1.058662e-17	
109	4.825000e-09	8.992852e-01	4.500000e-01	1.061486e-17	
110	4.875000e-09	8.992852e-01	4.500000e-01	1.064137e-17	
111	4.925000e-09	8.992852e-01	4.500000e-01	1.066544e-17	
112	4.975000e-09	8.992852e-01	4.500000e-01	1.068804e-17	

Index   time            v(cell)         v(bl)           vpre#branch     
--------------------------------------------------------------------------------
113	5.025000e-09	8.992852e-01	4.500000e-01	1.070926e-17	
114	5.075000e-09	8.992852e-01	4.500000e-01	1.073002e-17	
115	5.125000e-09	8.992852e-01	4.500000e-01	1.075034e-17	
116	5.175000e-09	8.992852e-01	4.500000e-01	1.076941e-17	
117	5.225000e-09	8.992852e-01	4.500000e-01	1.078650e-17	
118	5.275000e-09	8.992852e-01	4.500000e-01	1.080255e-17	
119	5.325000e-09	8.992852e-01	4.500000e-01	1.081761e-17	
120	5.375000e-09	8.992852e-01	4.500000e-01	1.083176e-17	
121	5.425000e-09	8.992852e-01	4.500000e-01	1.084505e-17	
122	5.475000e-09	8.992852e-01	4.500000e-01	1.085669e-17	
123	5.525000e-09	8.992852e-01	4.500000e-01	1.086763e-17	
124	5.575000e-09	8.992852e-01	4.500000e-01	1.087791e-17	
125	5.625000e-09	8.992852e-01	4.500000e-01	1.088755e-17	
126	5.675000e-09	8.992852e-01	4.500000e-01	1.089661e-17	
127	5.725000e-09	8.992852e-01	4.500000e-01	1.090511e-17	
128	5.775000e-09	8.992852e-01	4.500000e-01	1.091310e-17	
129	5.825000e-09	8.992852e-01	4.500000e-01	1.092060e-17	
130	5.875000e-09	8.992852e-01	4.500000e-01	1.092846e-17	
131	5.925000e-09	8.992852e-01	4.500000e-01	1.093668e-17	
132	5.975000e-09	8.992852e-01	4.500000e-01	1.094439e-17	
133	6.025000e-09	8.992852e-01	4.500000e-01	1.095081e-17	
134	6.075000e-09	8.992852e-01	4.500000e-01	1.095684e-17	
135	6.125000e-09	8.992852e-01	4.500000e-01	1.096250e-17	
136	6.175000e-09	8.992852e-01	4.500000e-01	1.096698e-17	
137	6.225000e-09	8.992852e-01	4.500000e-01	1.097120e-17	
138	6.275000e-09	8.992852e-01	4.500000e-01	1.097598e-17	
139	6.325000e-09	8.992852e-01	4.500000e-01	1.098047e-17	
140	6.375000e-09	8.992852e-01	4.500000e-01	1.098468e-17	
141	6.425000e-09	8.992852e-01	4.500000e-01	1.098947e-17	
142	6.475000e-09	8.992852e-01	4.500000e-01	1.099396e-17	
143	6.525000e-09	8.992852e-01	4.500000e-01	1.099818e-17	
144	6.575000e-09	8.992852e-01	4.500000e-01	1.100132e-17	
145	6.625000e-09	8.992852e-01	4.500000e-01	1.100426e-17	
146	6.675000e-09	8.992852e-01	4.500000e-01	1.100786e-17	
147	6.725000e-09	8.992852e-01	4.500000e-01	1.101040e-17	
148	6.775000e-09	8.992852e-01	4.500000e-01	1.101280e-17	
149	6.825000e-09	8.992852e-01	4.500000e-01	1.101504e-17	
150	6.875000e-09	8.992852e-01	4.500000e-01	1.101632e-17	
151	6.925000e-09	8.992852e-01	4.500000e-01	1.101835e-17	
152	6.962500e-09	8.992852e-01	4.500000e-01	1.102008e-17	
153	7.000000e-09	8.992852e-01	4.500000e-01	1.102198e-17	
154	7.005000e-09	8.768030e-01	4.500000e-01	1.102104e-17	
155	7.015000e-09	8.318387e-01	4.500000e-01	1.101664e-17	
156	7.035000e-09	7.419102e-01	4.500000e-01	1.099338e-17	
157	7.067500e-09	5.957763e-01	4.500000e-01	1.091453e-17	
158	7.100000e-09	4.496425e-01	4.500000e-01	1.077650e-17	
159	7.105000e-09	4.496426e-01	4.500000e-01	1.070528e-17	
160	7.115000e-09	4.496426e-01	4.500000e-01	1.056379e-17	
161	7.135000e-09	4.496426e-01	4.500000e-01	1.028602e-17	
162	7.175000e-09	4.496426e-01	4.500000e-01	9.750875e-18	
163	7.225000e-09	4.496426e-01	4.500000e-01	9.118139e-18	
164	7.275000e-09	4.496426e-01	4.500000e-01	8.523357e-18	
165	7.325000e-09	4.496426e-01	4.500000e-01	7.965675e-18	
166	7.375000e-09	4.496426e-01	4.500000e-01	7.442003e-18	
167	7.425000e-09	4.496426e-01	4.500000e-01	6.950266e-18	
168	7.475000e-09	4.496426e-01	4.500000e-01	6.489341e-18	
169	7.525000e-09	4.496426e-01	4.500000e-01	6.056526e-18	
170	7.575000e-09	4.496426e-01	4.500000e-01	5.649275e-18	

Index   time            v(cell)         v(bl)           vpre#branch     
--------------------------------------------------------------------------------
171	7.625000e-09	4.496426e-01	4.500000e-01	5.266865e-18	
172	7.675000e-09	4.496426e-01	4.500000e-01	4.908601e-18	
173	7.725000e-09	4.496426e-01	4.500000e-01	4.571357e-18	
174	7.775000e-09	4.496426e-01	4.500000e-01	4.253853e-18	
175	7.825000e-09	4.496426e-01	4.500000e-01	3.956541e-18	
176	7.875000e-09	4.496426e-01	4.500000e-01	3.678182e-18	
177	7.925000e-09	4.496426e-01	4.500000e-01	3.416800e-18	
178	7.975000e-09	4.496426e-01	4.500000e-01	3.170533e-18	
179	8.025000e-09	4.496426e-01	4.500000e-01	2.939283e-18	
180	8.075000e-09	4.496426e-01	4.500000e-01	2.722136e-18	
181	8.125000e-09	4.496426e-01	4.500000e-01	2.517403e-18	
182	8.175000e-09	4.496426e-01	4.500000e-01	2.325156e-18	
183	8.225000e-09	4.496426e-01	4.500000e-01	2.144634e-18	
184	8.275000e-09	4.496426e-01	4.500000e-01	1.975121e-18	
185	8.325000e-09	4.496426e-01	4.500000e-01	1.816773e-18	
186	8.375000e-09	4.496426e-01	4.500000e-01	1.668909e-18	
187	8.425000e-09	4.496426e-01	4.500000e-01	1.529234e-18	
188	8.475000e-09	4.496426e-01	4.500000e-01	1.398075e-18	
189	8.525000e-09	4.496426e-01	4.500000e-01	1.275744e-18	
190	8.575000e-09	4.496426e-01	4.500000e-01	1.160043e-18	
191	8.625000e-09	4.496426e-01	4.500000e-01	1.051401e-18	
192	8.675000e-09	4.496426e-01	4.500000e-01	9.493833e-19	
193	8.725000e-09	4.496426e-01	4.500000e-01	8.535859e-19	
194	8.775000e-09	4.496426e-01	4.500000e-01	7.644588e-19	
195	8.825000e-09	4.496426e-01	4.500000e-01	6.799392e-19	
196	8.875000e-09	4.496426e-01	4.500000e-01	6.005720e-19	
197	8.925000e-09	4.496426e-01	4.500000e-01	5.260455e-19	
198	8.975000e-09	4.496426e-01	4.500000e-01	4.560635e-19	
199	9.025000e-09	4.496426e-01	4.500000e-01	3.903515e-19	
200	9.075000e-09	4.496426e-01	4.500000e-01	3.286471e-19	
201	9.125000e-09	4.496426e-01	4.500000e-01	2.707081e-19	
202	9.175000e-09	4.496426e-01	4.500000e-01	2.162995e-19	
203	9.225000e-09	4.496426e-01	4.500000e-01	1.660383e-19	
204	9.275000e-09	4.496426e-01	4.500000e-01	1.180130e-19	
205	9.325000e-09	4.496426e-01	4.500000e-01	7.300200e-20	
206	9.375000e-09	4.496426e-01	4.500000e-01	3.073224e-20	
207	9.425000e-09	4.496426e-01	4.500000e-01	-9.78224e-21	
208	9.475000e-09	4.496426e-01	4.500000e-01	-4.70021e-20	
209	9.525000e-09	4.496426e-01	4.500000e-01	-8.11249e-20	
210	9.575000e-09	4.496426e-01	4.500000e-01	-1.13999e-19	
211	9.625000e-09	4.496426e-01	4.500000e-01	-1.44862e-19	
212	9.675000e-09	4.496426e-01	4.500000e-01	-1.73845e-19	
213	9.725000e-09	4.496426e-01	4.500000e-01	-2.01058e-19	
214	9.775000e-09	4.496426e-01	4.500000e-01	-2.26614e-19	
215	9.825000e-09	4.496426e-01	4.500000e-01	-2.50609e-19	
216	9.875000e-09	4.496426e-01	4.500000e-01	-2.73144e-19	
217	9.925000e-09	4.496426e-01	4.500000e-01	-2.94302e-19	
218	9.975000e-09	4.496426e-01	4.500000e-01	-3.13345e-19	
219	1.002500e-08	4.496426e-01	4.500000e-01	-3.32054e-19	
220	1.007500e-08	4.496426e-01	4.500000e-01	-3.50448e-19	
221	1.012500e-08	4.496426e-01	4.500000e-01	-3.66891e-19	
222	1.017500e-08	4.496426e-01	4.500000e-01	-3.82333e-19	
223	1.022500e-08	4.496426e-01	4.500000e-01	-3.96836e-19	
224	1.027500e-08	4.496426e-01	4.500000e-01	-4.10454e-19	
225	1.032500e-08	4.496426e-01	4.500000e-01	-4.24065e-19	
226	1.037500e-08	4.496426e-01	4.500000e-01	-4.36022e-19	
227	1.042500e-08	4.496426e-01	4.500000e-01	-4.46421e-19	
228	1.047500e-08	4.496426e-01	4.500000e-01	-4.57013e-19	

Index   time            v(cell)         v(bl)           vpre#branch     
--------------------------------------------------------------------------------
229	1.052500e-08	4.496426e-01	4.500000e-01	-4.67786e-19	
230	1.057500e-08	4.496426e-01	4.500000e-01	-4.77075e-19	
231	1.062500e-08	4.496426e-01	4.500000e-01	-4.84972e-19	
232	1.067500e-08	4.496426e-01	4.500000e-01	-4.93215e-19	
233	1.072500e-08	4.496426e-01	4.500000e-01	-5.01779e-19	
234	1.077500e-08	4.496426e-01	4.500000e-01	-5.09822e-19	
235	1.082500e-08	4.496426e-01	4.500000e-01	-5.17375e-19	
236	1.087500e-08	4.496426e-01	4.500000e-01	-5.24466e-19	
237	1.092500e-08	4.496426e-01	4.500000e-01	-5.30297e-19	
238	1.096250e-08	4.496426e-01	4.500000e-01	-5.33895e-19	
239	1.100000e-08	4.496426e-01	4.500000e-01	-5.37399e-19	
240	1.100500e-08	4.496461e-01	4.544717e-01	4.471708e-11	
241	1.101500e-08	4.496533e-01	4.633592e-01	1.335922e-10	
242	1.103500e-08	4.496676e-01	4.808030e-01	3.080299e-10	
243	1.107500e-08	4.496962e-01	5.144062e-01	6.440617e-10	
244	1.112500e-08	4.497319e-01	5.541047e-01	1.041047e-09	
245	1.117500e-08	4.497677e-01	5.913824e-01	1.413824e-09	
246	1.122500e-08	4.498034e-01	6.263867e-01	1.763867e-09	
247	1.127500e-08	4.498391e-01	6.592563e-01	2.092563e-09	
248	1.132500e-08	4.498749e-01	6.901214e-01	2.401214e-09	
249	1.137500e-08	4.499106e-01	7.191043e-01	2.691043e-09	
250	1.142500e-08	4.499464e-01	7.463197e-01	2.963197e-09	
251	1.147500e-08	4.499821e-01	7.718754e-01	3.218754e-09	
252	1.152500e-08	4.500178e-01	7.958726e-01	3.458726e-09	
253	1.157500e-08	4.500536e-01	8.184064e-01	3.684064e-09	
254	1.162500e-08	4.500893e-01	8.395660e-01	3.895660e-09	
255	1.167500e-08	4.501251e-01	8.594353e-01	4.094353e-09	
256	1.172500e-08	4.501608e-01	8.780928e-01	4.280928e-09	
257	1.177500e-08	4.501966e-01	8.956124e-01	4.456124e-09	
258	1.182500e-08	4.502323e-01	9.120630e-01	4.620630e-09	
259	1.187500e-08	4.502680e-01	9.275082e-01	4.775082e-09	
260	1.192500e-08	4.503038e-01	9.420018e-01	4.920018e-09	
261	1.196250e-08	4.503306e-01	9.522609e-01	5.022609e-09	
262	1.200000e-08	4.503575e-01	9.619348e-01	5.119348e-09	
263	1.200500e-08	4.503576e-01	9.587023e-01	5.087023e-09	
264	1.201500e-08	4.503576e-01	9.522784e-01	5.022784e-09	
265	1.203500e-08	4.503577e-01	9.396728e-01	4.896728e-09	
266	1.207500e-08	4.503579e-01	9.154007e-01	4.654007e-09	
267	1.212500e-08	4.503582e-01	8.867444e-01	4.367444e-09	
268	1.217500e-08	4.503584e-01	8.598540e-01	4.098540e-09	
269	1.222500e-08	4.503586e-01	8.346195e-01	3.846195e-09	
270	1.227500e-08	4.503588e-01	8.109383e-01	3.609383e-09	
271	1.232500e-08	4.503589e-01	7.887140e-01	3.387140e-09	
272	1.237500e-08	4.503591e-01	7.678564e-01	3.178564e-09	
273	1.242500e-08	4.503593e-01	7.482810e-01	2.982810e-09	
274	1.247500e-08	4.503594e-01	7.299086e-01	2.799086e-09	
275	1.252500e-08	4.503595e-01	7.126650e-01	2.626650e-09	
276	1.257500e-08	4.503597e-01	6.964805e-01	2.464805e-09	
277	1.262500e-08	4.503598e-01	6.812898e-01	2.312898e-09	
278	1.267500e-08	4.503599e-01	6.670316e-01	2.170316e-09	
279	1.272500e-08	4.503601e-01	6.536486e-01	2.036486e-09	
280	1.277500e-08	4.503602e-01	6.410869e-01	1.910869e-09	
281	1.282500e-08	4.503603e-01	6.292960e-01	1.792960e-09	
282	1.287500e-08	4.503604e-01	6.182284e-01	1.682284e-09	
283	1.292500e-08	4.503605e-01	6.078397e-01	1.578397e-09	
284	1.297500e-08	4.503606e-01	5.980881e-01	1.480881e-09	
285	1.302500e-08	4.503607e-01	5.889346e-01	1.389346e-09	
286	1.307500e-08	4.503608e-01	5.803424e-01	1.303424e-09	

Index   time            v(cell)         v(bl)           vpre#branch     
--------------------------------------------------------------------------------
287	1.312500e-08	4.503609e-01	5.722770e-01	1.222770e-09	
288	1.317500e-08	4.503610e-01	5.647061e-01	1.147061e-09	
289	1.322500e-08	4.503611e-01	5.575993e-01	1.075993e-09	
290	1.327500e-08	4.503612e-01	5.509282e-01	1.009282e-09	
291	1.332500e-08	4.503613e-01	5.446660e-01	9.466603e-10	
292	1.337500e-08	4.503613e-01	5.387877e-01	8.878771e-10	
293	1.342500e-08	4.503614e-01	5.332697e-01	8.326971e-10	
294	1.347500e-08	4.503615e-01	5.280899e-01	7.808994e-10	
295	1.352500e-08	4.503616e-01	5.232277e-01	7.322767e-10	
296	1.357500e-08	4.503617e-01	5.186634e-01	6.866344e-10	
297	1.362500e-08	4.503618e-01	5.143790e-01	6.437900e-10	
298	1.367500e-08	4.503618e-01	5.103572e-01	6.035719e-10	
299	1.372500e-08	4.503619e-01	5.065819e-01	5.658195e-10	
300	1.377500e-08	4.503620e-01	5.030382e-01	5.303816e-10	
301	1.382500e-08	4.503621e-01	4.997117e-01	4.971167e-10	
302	1.387500e-08	4.503621e-01	4.965892e-01	4.658916e-10	
303	1.392500e-08	4.503622e-01	4.936582e-01	4.365816e-10	
304	1.397500e-08	4.503623e-01	4.909070e-01	4.090695e-10	
305	1.402500e-08	4.503624e-01	4.883245e-01	3.832453e-10	
306	1.407500e-08	4.503624e-01	4.859006e-01	3.590057e-10	
307	1.412500e-08	4.503625e-01	4.836254e-01	3.362538e-10	
308	1.417500e-08	4.503626e-01	4.814899e-01	3.148987e-10	
309	1.422500e-08	4.503626e-01	4.794855e-01	2.948550e-10	
310	1.427500e-08	4.503627e-01	4.776042e-01	2.760425e-10	
311	1.432500e-08	4.503628e-01	4.758386e-01	2.583860e-10	
312	1.437500e-08	4.503628e-01	4.741815e-01	2.418149e-10	
313	1.442500e-08	4.503629e-01	4.726263e-01	2.262628e-10	
314	1.447500e-08	4.503630e-01	4.711668e-01	2.116676e-10	
315	1.452500e-08	4.503630e-01	4.697971e-01	1.979708e-10	
316	1.457500e-08	4.503631e-01	4.685118e-01	1.851176e-10	
317	1.462500e-08	4.503632e-01	4.673056e-01	1.730565e-10	
318	1.467500e-08	4.503632e-01	4.661739e-01	1.617392e-10	
319	1.472500e-08	4.503633e-01	4.651120e-01	1.511203e-10	
320	1.477500e-08	4.503634e-01	4.641157e-01	1.411574e-10	
321	1.482500e-08	4.503634e-01	4.631810e-01	1.318104e-10	
322	1.487500e-08	4.503635e-01	4.623042e-01	1.230418e-10	
323	1.492500e-08	4.503635e-01	4.614817e-01	1.148166e-10	
324	1.497500e-08	4.503636e-01	4.607102e-01	1.071016e-10	
325	1.502500e-08	4.503636e-01	4.599866e-01	9.986589e-11	
326	1.507500e-08	4.503637e-01	4.593080e-01	9.308050e-11	
327	1.512500e-08	4.503638e-01	4.586718e-01	8.671815e-11	
328	1.517500e-08	4.503638e-01	4.580753e-01	8.075332e-11	
329	1.522500e-08	4.503639e-01	4.575162e-01	7.516211e-11	
330	1.527500e-08	4.503639e-01	4.569922e-01	6.992211e-11	
331	1.532500e-08	4.503640e-01	4.565012e-01	6.501237e-11	
332	1.537500e-08	4.503640e-01	4.560413e-01	6.041331e-11	
333	1.542500e-08	4.503641e-01	4.556107e-01	5.610663e-11	
334	1.547500e-08	4.503641e-01	4.552075e-01	5.207526e-11	
335	1.552500e-08	4.503642e-01	4.548303e-01	4.830331e-11	
336	1.557500e-08	4.503642e-01	4.544776e-01	4.477598e-11	
337	1.562500e-08	4.503643e-01	4.541480e-01	4.147957e-11	
338	1.567500e-08	4.503643e-01	4.538401e-01	3.840130e-11	
339	1.572500e-08	4.503644e-01	4.535529e-01	3.552937e-11	
340	1.577500e-08	4.503644e-01	4.532853e-01	3.285273e-11	
341	1.582500e-08	4.503644e-01	4.530361e-01	3.036108e-11	
342	1.587500e-08	4.503645e-01	4.528045e-01	2.804466e-11	
343	1.592500e-08	4.503645e-01	4.525894e-01	2.589416e-11	
344	1.597500e-08	4.503645e-01	4.523901e-01	2.390054e-11	

Index   time            v(cell)         v(bl)           vpre#branch     
--------------------------------------------------------------------------------
345	1.602500e-08	4.503646e-01	4.522055e-01	2.205497e-11	
346	1.607500e-08	4.503646e-01	4.520349e-01	2.034876e-11	
347	1.612500e-08	4.503646e-01	4.518773e-01	1.877335e-11	
348	1.617500e-08	4.503647e-01	4.517320e-01	1.732035e-11	
349	1.622500e-08	4.503647e-01	4.515982e-01	1.598159e-11	
350	1.627500e-08	4.503647e-01	4.514749e-01	1.474917e-11	
351	1.632500e-08	4.503647e-01	4.513616e-01	1.361552e-11	
352	1.637500e-08	4.503647e-01	4.512573e-01	1.257339e-11	
353	1.642500e-08	4.503648e-01	4.511616e-01	1.161592e-11	
354	1.647500e-08	4.503648e-01	4.510737e-01	1.073662e-11	
355	1.652500e-08	4.503648e-01	4.509929e-01	9.929419e-12	
356	1.657500e-08	4.503648e-01	4.509189e-01	9.188610e-12	
357	1.662500e-08	4.503648e-01	4.508509e-01	8.508895e-12	
358	1.667500e-08	4.503648e-01	4.507885e-01	7.885348e-12	
359	1.672500e-08	4.503648e-01	4.507313e-01	7.313412e-12	
360	1.677500e-08	4.503648e-01	4.506789e-01	6.788873e-12	
361	1.682500e-08	4.503648e-01	4.506308e-01	6.307845e-12	
362	1.687500e-08	4.503648e-01	4.505867e-01	5.866751e-12	
363	1.692500e-08	4.503648e-01	4.505462e-01	5.462296e-12	
364	1.697500e-08	4.503648e-01	4.505091e-01	5.091455e-12	
365	1.702500e-08	4.503648e-01	4.504751e-01	4.751446e-12	
366	1.707500e-08	4.503649e-01	4.504440e-01	4.439715e-12	
367	1.712500e-08	4.503649e-01	4.504154e-01	4.153918e-12	
368	1.717500e-08	4.503649e-01	4.503892e-01	3.891903e-12	
369	1.722500e-08	4.503649e-01	4.503652e-01	3.651696e-12	
370	1.727500e-08	4.503649e-01	4.503431e-01	3.431486e-12	
371	1.732500e-08	4.503649e-01	4.503230e-01	3.229611e-12	
372	1.737500e-08	4.503649e-01	4.503045e-01	3.044548e-12	
373	1.742500e-08	4.503649e-01	4.502875e-01	2.874899e-12	
374	1.747500e-08	4.503648e-01	4.502719e-01	2.719382e-12	
375	1.752500e-08	4.503648e-01	4.502577e-01	2.576820e-12	
376	1.757500e-08	4.503648e-01	4.502446e-01	2.446137e-12	
377	1.762500e-08	4.503648e-01	4.502326e-01	2.326343e-12	
378	1.767500e-08	4.503648e-01	4.502217e-01	2.216532e-12	
379	1.772500e-08	4.503648e-01	4.502116e-01	2.115872e-12	
380	1.777500e-08	4.503648e-01	4.502024e-01	2.023602e-12	
381	1.782500e-08	4.503648e-01	4.501939e-01	1.939021e-12	
382	1.787500e-08	4.503648e-01	4.501861e-01	1.861491e-12	
383	1.792500e-08	4.503648e-01	4.501790e-01	1.790422e-12	
384	1.797500e-08	4.503648e-01	4.501725e-01	1.725277e-12	
385	1.802500e-08	4.503648e-01	4.501666e-01	1.665562e-12	
386	1.807500e-08	4.503648e-01	4.501611e-01	1.610825e-12	
387	1.812500e-08	4.503648e-01	4.501561e-01	1.560650e-12	
388	1.817500e-08	4.503648e-01	4.501515e-01	1.514658e-12	
389	1.822500e-08	4.503648e-01	4.501472e-01	1.472499e-12	
390	1.827500e-08	4.503648e-01	4.501434e-01	1.433854e-12	
391	1.832500e-08	4.503648e-01	4.501398e-01	1.398431e-12	
392	1.837500e-08	4.503648e-01	4.501366e-01	1.365960e-12	
393	1.842500e-08	4.503648e-01	4.501336e-01	1.336195e-12	
394	1.847500e-08	4.503648e-01	4.501309e-01	1.308911e-12	
395	1.852500e-08	4.503648e-01	4.501284e-01	1.283901e-12	
396	1.857500e-08	4.503648e-01	4.501261e-01	1.260976e-12	
397	1.862500e-08	4.503648e-01	4.501240e-01	1.239961e-12	
398	1.867500e-08	4.503648e-01	4.501221e-01	1.220697e-12	
399	1.872500e-08	4.503648e-01	4.501203e-01	1.203038e-12	
400	1.877500e-08	4.503648e-01	4.501187e-01	1.186851e-12	
401	1.882500e-08	4.503647e-01	4.501172e-01	1.172012e-12	
402	1.887500e-08	4.503647e-01	4.501158e-01	1.158410e-12	

Index   time            v(cell)         v(bl)           vpre#branch     
--------------------------------------------------------------------------------
403	1.892500e-08	4.503647e-01	4.501146e-01	1.145941e-12	
404	1.897500e-08	4.503647e-01	4.501135e-01	1.134510e-12	
405	1.902500e-08	4.503647e-01	4.501124e-01	1.124032e-12	
406	1.907500e-08	4.503647e-01	4.501114e-01	1.114426e-12	
407	1.912500e-08	4.503647e-01	4.501106e-01	1.105620e-12	
408	1.917500e-08	4.503647e-01	4.501098e-01	1.097547e-12	
409	1.922500e-08	4.503647e-01	4.501090e-01	1.090146e-12	
410	1.927500e-08	4.503647e-01	4.501083e-01	1.083362e-12	
411	1.932500e-08	4.503647e-01	4.501077e-01	1.077141e-12	
412	1.937500e-08	4.503647e-01	4.501071e-01	1.071439e-12	
413	1.942500e-08	4.503647e-01	4.501066e-01	1.066211e-12	
414	1.947500e-08	4.503647e-01	4.501061e-01	1.061417e-12	
415	1.952500e-08	4.503647e-01	4.501057e-01	1.057022e-12	
416	1.957500e-08	4.503647e-01	4.501053e-01	1.052993e-12	
417	1.962500e-08	4.503647e-01	4.501049e-01	1.049298e-12	
418	1.967500e-08	4.503647e-01	4.501046e-01	1.045911e-12	
419	1.972500e-08	4.503647e-01	4.501043e-01	1.042804e-12	
420	1.977500e-08	4.503647e-01	4.501040e-01	1.039956e-12	
421	1.982500e-08	4.503646e-01	4.501037e-01	1.037344e-12	
422	1.987500e-08	4.503646e-01	4.501035e-01	1.034949e-12	
423	1.992500e-08	4.503646e-01	4.501033e-01	1.032752e-12	
424	1.997500e-08	4.503646e-01	4.501031e-01	1.030737e-12	
425	2.002500e-08	4.503646e-01	4.501029e-01	1.028889e-12	
426	2.007500e-08	4.503646e-01	4.501027e-01	1.027194e-12	
427	2.012500e-08	4.503646e-01	4.501026e-01	1.025640e-12	
428	2.017500e-08	4.503646e-01	4.501024e-01	1.024213e-12	
429	2.022500e-08	4.503646e-01	4.501023e-01	1.022905e-12	
430	2.027500e-08	4.503646e-01	4.501022e-01	1.021704e-12	
431	2.032500e-08	4.503646e-01	4.501021e-01	1.020603e-12	
432	2.037500e-08	4.503646e-01	4.501020e-01	1.019592e-12	
433	2.042500e-08	4.503646e-01	4.501019e-01	1.018664e-12	
434	2.047500e-08	4.503646e-01	4.501018e-01	1.017813e-12	
435	2.052500e-08	4.503646e-01	4.501017e-01	1.017031e-12	
436	2.057500e-08	4.503646e-01	4.501016e-01	1.016314e-12	
437	2.062500e-08	4.503646e-01	4.501016e-01	1.015655e-12	
438	2.067500e-08	4.503646e-01	4.501015e-01	1.015050e-12	
439	2.072500e-08	4.503646e-01	4.501014e-01	1.014494e-12	
440	2.077500e-08	4.503646e-01	4.501014e-01	1.013983e-12	
441	2.082500e-08	4.503645e-01	4.501014e-01	1.013514e-12	
442	2.087500e-08	4.503645e-01	4.501013e-01	1.013083e-12	
443	2.092500e-08	4.503645e-01	4.501013e-01	1.012686e-12	
444	2.097500e-08	4.503645e-01	4.501012e-01	1.012322e-12	
445	2.102500e-08	4.503645e-01	4.501012e-01	1.011987e-12	
446	2.107500e-08	4.503645e-01	4.501012e-01	1.011678e-12	
447	2.112500e-08	4.503645e-01	4.501011e-01	1.011394e-12	
448	2.117500e-08	4.503645e-01	4.501011e-01	1.011133e-12	
449	2.122500e-08	4.503645e-01	4.501011e-01	1.010892e-12	
450	2.127500e-08	4.503645e-01	4.501011e-01	1.010670e-12	
451	2.132500e-08	4.503645e-01	4.501010e-01	1.010466e-12	
452	2.137500e-08	4.503645e-01	4.501010e-01	1.010277e-12	
453	2.142500e-08	4.503645e-01	4.501010e-01	1.010103e-12	
454	2.147500e-08	4.503645e-01	4.501010e-01	1.009943e-12	
455	2.152500e-08	4.503645e-01	4.501010e-01	1.009794e-12	
456	2.157500e-08	4.503645e-01	4.501010e-01	1.009657e-12	
457	2.162500e-08	4.503645e-01	4.501010e-01	1.009530e-12	
458	2.167500e-08	4.503645e-01	4.501009e-01	1.009413e-12	
459	2.172500e-08	4.503645e-01	4.501009e-01	1.009304e-12	
460	2.177500e-08	4.503645e-01	4.501009e-01	1.009203e-12	

Index   time            v(cell)         v(bl)           vpre#branch     
--------------------------------------------------------------------------------
461	2.182500e-08	4.503644e-01	4.501009e-01	1.009109e-12	
462	2.187500e-08	4.503644e-01	4.501009e-01	1.009022e-12	
463	2.192500e-08	4.503644e-01	4.501009e-01	1.008941e-12	
464	2.196250e-08	4.503644e-01	4.501009e-01	1.008885e-12	
465	2.200000e-08	4.503644e-01	4.501009e-01	1.008831e-12	
466	2.200500e-08	4.503609e-01	4.456397e-01	-4.36032e-11	
467	2.201500e-08	4.503537e-01	4.367714e-01	-1.32286e-10	
468	2.203500e-08	4.503394e-01	4.193614e-01	-3.06386e-10	
469	2.207500e-08	4.503107e-01	3.858223e-01	-6.41777e-10	
470	2.212500e-08	4.502749e-01	3.461972e-01	-1.03803e-09	
471	2.217500e-08	4.502391e-01	3.089790e-01	-1.41021e-09	
472	2.222500e-08	4.502033e-01	2.740165e-01	-1.75983e-09	
473	2.227500e-08	4.501675e-01	2.411705e-01	-2.08830e-09	
474	2.232500e-08	4.501318e-01	2.103129e-01	-2.39687e-09	
475	2.237500e-08	4.500960e-01	1.813254e-01	-2.68675e-09	
476	2.242500e-08	4.500603e-01	1.540969e-01	-2.95903e-09	
477	2.247500e-08	4.500245e-01	1.285232e-01	-3.21477e-09	
478	2.252500e-08	4.499888e-01	1.045056e-01	-3.45494e-09	
479	2.257500e-08	4.499530e-01	8.195070e-02	-3.68049e-09	
480	2.262500e-08	4.499173e-01	6.077022e-02	-3.89230e-09	
481	2.267500e-08	4.498815e-01	4.088090e-02	-4.09119e-09	
482	2.272500e-08	4.498458e-01	2.220425e-02	-4.27796e-09	
483	2.277500e-08	4.498101e-01	4.666464e-03	-4.45334e-09	
484	2.282500e-08	4.497743e-01	-1.18018e-02	-4.61802e-09	
485	2.287500e-08	4.497386e-01	-2.72659e-02	-4.77266e-09	
486	2.292500e-08	4.497028e-01	-4.17869e-02	-4.91787e-09	
487	2.296250e-08	4.496760e-01	-5.20920e-02	-5.02092e-09	
488	2.300000e-08	4.496492e-01	-6.19222e-02	-5.11922e-09	
489	2.300500e-08	4.496492e-01	-5.87223e-02	-5.08722e-09	
490	2.301500e-08	4.496492e-01	-5.23624e-02	-5.02362e-09	
491	2.303500e-08	4.496492e-01	-3.98797e-02	-4.89880e-09	
492	2.307500e-08	4.496492e-01	-1.58335e-02	-4.65833e-09	
493	2.312500e-08	4.496492e-01	1.257462e-02	-4.37425e-09	
494	2.317500e-08	4.496492e-01	3.925030e-02	-4.10750e-09	
495	2.322500e-08	4.496492e-01	6.429920e-02	-3.85701e-09	
496	2.327500e-08	4.496492e-01	8.782054e-02	-3.62179e-09	
497	2.332500e-08	4.496492e-01	1.099075e-01	-3.40093e-09	
498	2.337500e-08	4.496492e-01	1.306475e-01	-3.19353e-09	
499	2.342500e-08	4.496492e-01	1.501227e-01	-2.99877e-09	
500	2.347500e-08	4.496492e-01	1.684102e-01	-2.81590e-09	
501	2.352500e-08	4.496492e-01	1.855825e-01	-2.64417e-09	
502	2.357500e-08	4.496492e-01	2.017076e-01	-2.48292e-09	
503	2.362500e-08	4.496492e-01	2.168493e-01	-2.33151e-09	
504	2.367500e-08	4.496492e-01	2.310676e-01	-2.18932e-09	
505	2.372500e-08	4.496492e-01	2.444188e-01	-2.05581e-09	
506	2.377500e-08	4.496492e-01	2.569559e-01	-1.93044e-09	
507	2.382500e-08	4.496492e-01	2.687284e-01	-1.81272e-09	
508	2.387500e-08	4.496492e-01	2.797829e-01	-1.70217e-09	
509	2.392500e-08	4.496492e-01	2.901633e-01	-1.59837e-09	
510	2.397500e-08	4.496492e-01	2.999107e-01	-1.50089e-09	
511	2.402500e-08	4.496492e-01	3.090637e-01	-1.40936e-09	
512	2.407500e-08	4.496492e-01	3.176584e-01	-1.32342e-09	
513	2.412500e-08	4.496492e-01	3.257291e-01	-1.24271e-09	
514	2.417500e-08	4.496492e-01	3.333075e-01	-1.16692e-09	
515	2.422500e-08	4.496492e-01	3.404238e-01	-1.09576e-09	
516	2.427500e-08	4.496492e-01	3.471062e-01	-1.02894e-09	
517	2.432500e-08	4.496492e-01	3.533810e-01	-9.66190e-10	
518	2.437500e-08	4.496492e-01	3.592731e-01	-9.07269e-10	

Index   time            v(cell)         v(bl)           vpre#branch     
--------------------------------------------------------------------------------
519	2.442500e-08	4.496492e-01	3.648060e-01	-8.51940e-10	
520	2.447500e-08	4.496492e-01	3.700014e-01	-7.99986e-10	
521	2.452500e-08	4.496492e-01	3.748800e-01	-7.51200e-10	
522	2.457500e-08	4.496492e-01	3.794610e-01	-7.05390e-10	
523	2.462500e-08	4.496492e-01	3.837628e-01	-6.62372e-10	
524	2.467500e-08	4.496492e-01	3.878021e-01	-6.21979e-10	
525	2.472500e-08	4.496492e-01	3.915952e-01	-5.84048e-10	
526	2.477500e-08	4.496492e-01	3.951569e-01	-5.48431e-10	
527	2.482500e-08	4.496492e-01	3.985014e-01	-5.14986e-10	
528	2.487500e-08	4.496492e-01	4.016420e-01	-4.83580e-10	
529	2.492500e-08	4.496492e-01	4.045910e-01	-4.54090e-10	
530	2.497500e-08	4.496492e-01	4.073602e-01	-4.26398e-10	
531	2.502500e-08	4.496492e-01	4.099605e-01	-4.00395e-10	
532	2.507500e-08	4.496492e-01	4.124023e-01	-3.75977e-10	
533	2.512500e-08	4.496492e-01	4.146951e-01	-3.53049e-10	
534	2.517500e-08	4.496492e-01	4.168481e-01	-3.31519e-10	
535	2.522500e-08	4.496492e-01	4.188698e-01	-3.11302e-10	
536	2.527500e-08	4.496492e-01	4.207682e-01	-2.92318e-10	
537	2.532500e-08	4.496492e-01	4.225509e-01	-2.74491e-10	
538	2.537500e-08	4.496492e-01	4.242248e-01	-2.57752e-10	
539	2.542500e-08	4.496492e-01	4.257967e-01	-2.42033e-10	
540	2.547500e-08	4.496492e-01	4.272727e-01	-2.27273e-10	
541	2.552500e-08	4.496492e-01	4.286587e-01	-2.13413e-10	
542	2.557500e-08	4.496492e-01	4.299601e-01	-2.00399e-10	
543	2.562500e-08	4.496492e-01	4.311822e-01	-1.88178e-10	
544	2.567500e-08	4.496492e-01	4.323298e-01	-1.76702e-10	
545	2.572500e-08	4.496492e-01	4.334074e-01	-1.65926e-10	
546	2.577500e-08	4.496492e-01	4.344193e-01	-1.55807e-10	
547	2.582500e-08	4.496492e-01	4.353694e-01	-1.46306e-10	
548	2.587500e-08	4.496492e-01	4.362617e-01	-1.37383e-10	
549	2.592500e-08	4.496492e-01	4.370995e-01	-1.29005e-10	
550	2.597500e-08	4.496492e-01	4.378862e-01	-1.21138e-10	
551	2.602500e-08	4.496492e-01	4.386249e-01	-1.13751e-10	
552	2.607500e-08	4.496492e-01	4.393186e-01	-1.06814e-10	
553	2.612500e-08	4.496492e-01	4.399700e-01	-1.00300e-10	
554	2.617500e-08	4.496492e-01	4.405817e-01	-9.41833e-11	
555	2.622500e-08	4.496492e-01	4.411560e-01	-8.84397e-11	
556	2.627500e-08	4.496492e-01	4.416954e-01	-8.30463e-11	
557	2.632500e-08	4.496492e-01	4.422018e-01	-7.79819e-11	
558	2.637500e-08	4.496492e-01	4.426774e-01	-7.32263e-11	
559	2.642500e-08	4.496492e-01	4.431239e-01	-6.87607e-11	
560	2.647500e-08	4.496492e-01	4.435433e-01	-6.45674e-11	
561	2.652500e-08	4.496492e-01	4.439370e-01	-6.06299e-11	
562	2.657500e-08	4.496492e-01	4.443068e-01	-5.69325e-11	
563	2.662500e-08	4.496492e-01	4.446539e-01	-5.34605e-11	
564	2.667500e-08	4.496492e-01	4.449800e-01	-5.02003e-11	
565	2.672500e-08	4.496492e-01	4.452861e-01	-4.71389e-11	
566	2.677500e-08	4.496492e-01	4.455736e-01	-4.42643e-11	
567	2.682500e-08	4.496492e-01	4.458435e-01	-4.15649e-11	
568	2.687500e-08	4.496492e-01	4.460970e-01	-3.90301e-11	
569	2.692500e-08	4.496492e-01	4.463350e-01	-3.66499e-11	
570	2.697500e-08	4.496492e-01	4.465585e-01	-3.44149e-11	
571	2.702500e-08	4.496492e-01	4.467684e-01	-3.23161e-11	
572	2.707500e-08	4.496492e-01	4.469655e-01	-3.03454e-11	
573	2.712500e-08	4.496492e-01	4.471505e-01	-2.84948e-11	
574	2.717500e-08	4.496492e-01	4.473243e-01	-2.67571e-11	
575	2.722500e-08	4.496492e-01	4.474875e-01	-2.51254e-11	
576	2.727500e-08	4.496492e-01	4.476407e-01	-2.35931e-11	

Index   time            v(cell)         v(bl)           vpre#branch     
--------------------------------------------------------------------------------
577	2.732500e-08	4.496492e-01	4.477846e-01	-2.21544e-11	
578	2.737500e-08	4.496492e-01	4.479197e-01	-2.08033e-11	
579	2.742500e-08	4.496492e-01	4.480465e-01	-1.95347e-11	
580	2.747500e-08	4.496492e-01	4.481657e-01	-1.83434e-11	
581	2.752500e-08	4.496492e-01	4.482775e-01	-1.72247e-11	
582	2.757500e-08	4.496492e-01	4.483826e-01	-1.61743e-11	
583	2.762500e-08	4.496492e-01	4.484812e-01	-1.51879e-11	
584	2.767500e-08	4.496492e-01	4.485738e-01	-1.42617e-11	
585	2.772500e-08	4.496492e-01	4.486608e-01	-1.33920e-11	
586	2.777500e-08	4.496492e-01	4.487425e-01	-1.25753e-11	
587	2.782500e-08	4.496492e-01	4.488192e-01	-1.18084e-11	
588	2.787500e-08	4.496492e-01	4.488912e-01	-1.10883e-11	
589	2.792500e-08	4.496492e-01	4.489588e-01	-1.04121e-11	
590	2.797500e-08	4.496492e-01	4.490223e-01	-9.77714e-12	
591	2.802500e-08	4.496492e-01	4.490819e-01	-9.18089e-12	
592	2.807500e-08	4.496492e-01	4.491379e-01	-8.62101e-12	
593	2.812500e-08	4.496492e-01	4.491905e-01	-8.09527e-12	
594	2.817500e-08	4.496492e-01	4.492398e-01	-7.60160e-12	
595	2.822500e-08	4.496492e-01	4.492862e-01	-7.13802e-12	
596	2.827500e-08	4.496492e-01	4.493297e-01	-6.70272e-12	
597	2.832500e-08	4.496492e-01	4.493706e-01	-6.29397e-12	
598	2.837500e-08	4.496492e-01	4.494090e-01	-5.91014e-12	
599	2.842500e-08	4.496492e-01	4.494450e-01	-5.54972e-12	
600	2.847500e-08	4.496492e-01	4.494789e-01	-5.21128e-12	
601	2.852500e-08	4.496492e-01	4.495107e-01	-4.89348e-12	
602	2.857500e-08	4.496492e-01	4.495405e-01	-4.59506e-12	
603	2.862500e-08	4.496492e-01	4.495685e-01	-4.31484e-12	
604	2.867500e-08	4.496492e-01	4.495948e-01	-4.05170e-12	
605	2.872500e-08	4.496492e-01	4.496195e-01	-3.80462e-12	
606	2.877500e-08	4.496492e-01	4.496427e-01	-3.57260e-12	
607	2.882500e-08	4.496492e-01	4.496645e-01	-3.35473e-12	
608	2.887500e-08	4.496492e-01	4.496850e-01	-3.15015e-12	
609	2.892500e-08	4.496492e-01	4.497042e-01	-2.95804e-12	
610	2.897500e-08	4.496492e-01	4.497222e-01	-2.77765e-12	
611	2.902500e-08	4.496492e-01	4.497392e-01	-2.60826e-12	
612	2.907500e-08	4.496492e-01	4.497551e-01	-2.44920e-12	
613	2.912500e-08	4.496492e-01	4.497700e-01	-2.29984e-12	
614	2.917500e-08	4.496492e-01	4.497840e-01	-2.15958e-12	
615	2.922500e-08	4.496492e-01	4.497972e-01	-2.02789e-12	
616	2.927500e-08	4.496492e-01	4.498096e-01	-1.90422e-12	
617	2.932500e-08	4.496492e-01	4.498212e-01	-1.78809e-12	
618	2.937500e-08	4.496492e-01	4.498321e-01	-1.67905e-12	
619	2.942500e-08	4.496492e-01	4.498423e-01	-1.57666e-12	
620	2.947500e-08	4.496492e-01	4.498519e-01	-1.48051e-12	
621	2.952500e-08	4.496492e-01	4.498610e-01	-1.39022e-12	
622	2.957500e-08	4.496492e-01	4.498695e-01	-1.30544e-12	
623	2.962500e-08	4.496492e-01	4.498774e-01	-1.22583e-12	
624	2.967500e-08	4.496492e-01	4.498849e-01	-1.15107e-12	
625	2.972500e-08	4.496492e-01	4.498919e-01	-1.08088e-12	
626	2.977500e-08	4.496492e-01	4.498985e-01	-1.01496e-12	
627	2.982500e-08	4.496492e-01	4.499047e-01	-9.53066e-13	
628	2.987500e-08	4.496492e-01	4.499105e-01	-8.94945e-13	
629	2.992500e-08	4.496492e-01	4.499160e-01	-8.40368e-13	
630	2.997500e-08	4.496492e-01	4.499211e-01	-7.89120e-13	
631	3.002500e-08	4.496492e-01	4.499259e-01	-7.40996e-13	
632	3.007500e-08	4.496492e-01	4.499304e-01	-6.95808e-13	
633	3.012500e-08	4.496492e-01	4.499347e-01	-6.53375e-13	
634	3.017500e-08	4.496492e-01	4.499386e-01	-6.13530e-13	

Index   time            v(cell)         v(bl)           vpre#branch     
--------------------------------------------------------------------------------
635	3.022500e-08	4.496492e-01	4.499424e-01	-5.76115e-13	
636	3.027500e-08	4.496492e-01	4.499459e-01	-5.40982e-13	
637	3.032500e-08	4.496492e-01	4.499492e-01	-5.07991e-13	
638	3.037500e-08	4.496492e-01	4.499523e-01	-4.77012e-13	
639	3.042500e-08	4.496492e-01	4.499552e-01	-4.47922e-13	
640	3.047500e-08	4.496492e-01	4.499579e-01	-4.20606e-13	
641	3.052500e-08	4.496492e-01	4.499605e-01	-3.94956e-13	
642	3.057500e-08	4.496492e-01	4.499629e-01	-3.70871e-13	
643	3.062500e-08	4.496492e-01	4.499652e-01	-3.48254e-13	
644	3.067500e-08	4.496492e-01	4.499673e-01	-3.27016e-13	
645	3.072500e-08	4.496492e-01	4.499693e-01	-3.07074e-13	
646	3.077500e-08	4.496492e-01	4.499712e-01	-2.88347e-13	
647	3.082500e-08	4.496492e-01	4.499729e-01	-2.70763e-13	
648	3.087500e-08	4.496492e-01	4.499746e-01	-2.54251e-13	
649	3.092500e-08	4.496492e-01	4.499761e-01	-2.38746e-13	
650	3.097500e-08	4.496492e-01	4.499776e-01	-2.24186e-13	
651	3.102500e-08	4.496492e-01	4.499789e-01	-2.10515e-13	
652	3.107500e-08	4.496492e-01	4.499802e-01	-1.97677e-13	
653	3.112500e-08	4.496492e-01	4.499814e-01	-1.85622e-13	
654	3.117500e-08	4.496492e-01	4.499826e-01	-1.74302e-13	
655	3.122500e-08	4.496492e-01	4.499836e-01	-1.63673e-13	
656	3.127500e-08	4.496492e-01	4.499846e-01	-1.53691e-13	
657	3.132500e-08	4.496492e-01	4.499856e-01	-1.44319e-13	
658	3.137500e-08	4.496492e-01	4.499864e-01	-1.35518e-13	
659	3.142500e-08	4.496492e-01	4.499873e-01	-1.27253e-13	
660	3.147500e-08	4.496492e-01	4.499881e-01	-1.19493e-13	
661	3.152500e-08	4.496492e-01	4.499888e-01	-1.12206e-13	
662	3.157500e-08	4.496492e-01	4.499895e-01	-1.05363e-13	
663	3.162500e-08	4.496492e-01	4.499901e-01	-9.89380e-14	
664	3.167500e-08	4.496492e-01	4.499907e-01	-9.29045e-14	
665	3.172500e-08	4.496492e-01	4.499913e-01	-8.72389e-14	
666	3.177500e-08	4.496492e-01	4.499918e-01	-8.19188e-14	
667	3.182500e-08	4.496492e-01	4.499923e-01	-7.69231e-14	
668	3.187500e-08	4.496492e-01	4.499928e-01	-7.22321e-14	
669	3.192500e-08	4.496492e-01	4.499932e-01	-6.78272e-14	
670	3.197500e-08	4.496492e-01	4.499936e-01	-6.36909e-14	
671	3.202500e-08	4.496492e-01	4.499940e-01	-5.98069e-14	
672	3.207500e-08	4.496492e-01	4.499944e-01	-5.61597e-14	
673	3.212500e-08	4.496492e-01	4.499947e-01	-5.27349e-14	
674	3.217500e-08	4.496492e-01	4.499950e-01	-4.95190e-14	
675	3.222500e-08	4.496492e-01	4.499954e-01	-4.64992e-14	
676	3.227500e-08	4.496492e-01	4.499956e-01	-4.36636e-14	
677	3.232500e-08	4.496492e-01	4.499959e-01	-4.10008e-14	
678	3.237500e-08	4.496492e-01	4.499961e-01	-3.85005e-14	
679	3.242500e-08	4.496492e-01	4.499964e-01	-3.61526e-14	
680	3.247500e-08	4.496492e-01	4.499966e-01	-3.39480e-14	
681	3.252500e-08	4.496492e-01	4.499968e-01	-3.18777e-14	
682	3.257500e-08	4.496492e-01	4.499970e-01	-2.99338e-14	
683	3.262500e-08	4.496492e-01	4.499972e-01	-2.81083e-14	
684	3.267500e-08	4.496492e-01	4.499974e-01	-2.63942e-14	
685	3.272500e-08	4.496492e-01	4.499975e-01	-2.47847e-14	
686	3.277500e-08	4.496492e-01	4.499977e-01	-2.32732e-14	
687	3.282500e-08	4.496492e-01	4.499978e-01	-2.18540e-14	
688	3.287500e-08	4.496492e-01	4.499979e-01	-2.05213e-14	
689	3.292500e-08	4.496492e-01	4.499981e-01	-1.92699e-14	
690	3.297500e-08	4.496492e-01	4.499982e-01	-1.80948e-14	
691	3.302500e-08	4.496492e-01	4.499983e-01	-1.69913e-14	
692	3.307500e-08	4.496492e-01	4.499984e-01	-1.59552e-14	

Index   time            v(cell)         v(bl)           vpre#branch     
--------------------------------------------------------------------------------
693	3.312500e-08	4.496492e-01	4.499985e-01	-1.49822e-14	
694	3.317500e-08	4.496492e-01	4.499986e-01	-1.40686e-14	
695	3.322500e-08	4.496492e-01	4.499987e-01	-1.32107e-14	
696	3.327500e-08	4.496492e-01	4.499988e-01	-1.24051e-14	
697	3.332500e-08	4.496492e-01	4.499988e-01	-1.16486e-14	
698	3.337500e-08	4.496492e-01	4.499989e-01	-1.09383e-14	
699	3.342500e-08	4.496492e-01	4.499990e-01	-1.02713e-14	
700	3.347500e-08	4.496492e-01	4.499990e-01	-9.64493e-15	
701	3.352500e-08	4.496492e-01	4.499991e-01	-9.05678e-15	
702	3.357500e-08	4.496492e-01	4.499991e-01	-8.50451e-15	
703	3.362500e-08	4.496492e-01	4.499992e-01	-7.98591e-15	
704	3.367500e-08	4.496492e-01	4.499993e-01	-7.49894e-15	
705	3.372500e-08	4.496492e-01	4.499993e-01	-7.04167e-15	
706	3.377500e-08	4.496492e-01	4.499993e-01	-6.61228e-15	
707	3.382500e-08	4.496492e-01	4.499994e-01	-6.20908e-15	
708	3.387500e-08	4.496492e-01	4.499994e-01	-5.83046e-15	
709	3.392500e-08	4.496492e-01	4.499995e-01	-5.47494e-15	
710	3.397500e-08	4.496492e-01	4.499995e-01	-5.14110e-15	
711	3.402500e-08	4.496492e-01	4.499995e-01	-4.82761e-15	
712	3.407500e-08	4.496492e-01	4.499995e-01	-4.53325e-15	
713	3.412500e-08	4.496492e-01	4.499996e-01	-4.25683e-15	
714	3.417500e-08	4.496492e-01	4.499996e-01	-3.99727e-15	
715	3.422500e-08	4.496492e-01	4.499996e-01	-3.75354e-15	
716	3.427500e-08	4.496492e-01	4.499996e-01	-3.52468e-15	
717	3.432500e-08	4.496492e-01	4.499997e-01	-3.30977e-15	
718	3.437500e-08	4.496492e-01	4.499997e-01	-3.10796e-15	
719	3.442500e-08	4.496492e-01	4.499997e-01	-2.91847e-15	
720	3.447500e-08	4.496492e-01	4.499997e-01	-2.74053e-15	
721	3.452500e-08	4.496492e-01	4.499997e-01	-2.57344e-15	
722	3.457500e-08	4.496492e-01	4.499998e-01	-2.41654e-15	
723	3.462500e-08	4.496492e-01	4.499998e-01	-2.26921e-15	
724	3.467500e-08	4.496492e-01	4.499998e-01	-2.13086e-15	
725	3.472500e-08	4.496492e-01	4.499998e-01	-2.00095e-15	
726	3.477500e-08	4.496492e-01	4.499998e-01	-1.87896e-15	
727	3.482500e-08	4.496492e-01	4.499998e-01	-1.76442e-15	
728	3.487500e-08	4.496492e-01	4.499998e-01	-1.65685e-15	
729	3.492500e-08	4.496492e-01	4.499998e-01	-1.55585e-15	
730	3.497500e-08	4.496492e-01	4.499999e-01	-1.46101e-15	
731	3.502500e-08	4.496492e-01	4.499999e-01	-1.37195e-15	
732	3.507500e-08	4.496492e-01	4.499999e-01	-1.28832e-15	
733	3.512500e-08	4.496492e-01	4.499999e-01	-1.20979e-15	
734	3.517500e-08	4.496492e-01	4.499999e-01	-1.13605e-15	
735	3.522500e-08	4.496492e-01	4.499999e-01	-1.06681e-15	
736	3.527500e-08	4.496492e-01	4.499999e-01	-1.00179e-15	
737	3.532500e-08	4.496492e-01	4.499999e-01	-9.40734e-16	
738	3.537500e-08	4.496492e-01	4.499999e-01	-8.83402e-16	
739	3.542500e-08	4.496492e-01	4.499999e-01	-8.29567e-16	
740	3.547500e-08	4.496492e-01	4.499999e-01	-7.79015e-16	
741	3.552500e-08	4.496492e-01	4.499999e-01	-7.31545e-16	
742	3.557500e-08	4.496492e-01	4.499999e-01	-6.86971e-16	
743	3.562500e-08	4.496492e-01	4.499999e-01	-6.45114e-16	
744	3.567500e-08	4.496492e-01	4.499999e-01	-6.05811e-16	
745	3.572500e-08	4.496492e-01	4.499999e-01	-5.68904e-16	
746	3.577500e-08	4.496492e-01	4.499999e-01	-5.34248e-16	
747	3.582500e-08	4.496492e-01	4.499999e-01	-5.01705e-16	
748	3.587500e-08	4.496492e-01	4.500000e-01	-4.71147e-16	
749	3.592500e-08	4.496492e-01	4.500000e-01	-4.42453e-16	
750	3.597500e-08	4.496492e-01	4.500000e-01	-4.15509e-16	

Index   time            v(cell)         v(bl)           vpre#branch     
--------------------------------------------------------------------------------
751	3.602500e-08	4.496492e-01	4.500000e-01	-3.90207e-16	
752	3.607500e-08	4.496492e-01	4.500000e-01	-3.66449e-16	
753	3.612500e-08	4.496492e-01	4.500000e-01	-3.44139e-16	
754	3.617500e-08	4.496492e-01	4.500000e-01	-3.23190e-16	
755	3.622500e-08	4.496492e-01	4.500000e-01	-3.03518e-16	
756	3.627500e-08	4.496492e-01	4.500000e-01	-2.85046e-16	
757	3.632500e-08	4.496492e-01	4.500000e-01	-2.67701e-16	
758	3.637500e-08	4.496492e-01	4.500000e-01	-2.51413e-16	
759	3.642500e-08	4.496492e-01	4.500000e-01	-2.36118e-16	
760	3.647500e-08	4.496492e-01	4.500000e-01	-2.21757e-16	
761	3.652500e-08	4.496492e-01	4.500000e-01	-2.08271e-16	
762	3.657500e-08	4.496492e-01	4.500000e-01	-1.95607e-16	
763	3.662500e-08	4.496492e-01	4.500000e-01	-1.83716e-16	
764	3.667500e-08	4.496492e-01	4.500000e-01	-1.72550e-16	
765	3.672500e-08	4.496492e-01	4.500000e-01	-1.62065e-16	
766	3.677500e-08	4.496492e-01	4.500000e-01	-1.52219e-16	
767	3.682500e-08	4.496492e-01	4.500000e-01	-1.42974e-16	
768	3.687500e-08	4.496492e-01	4.500000e-01	-1.34292e-16	
769	3.692500e-08	4.496492e-01	4.500000e-01	-1.26140e-16	
770	3.697500e-08	4.496492e-01	4.500000e-01	-1.18485e-16	
771	3.702500e-08	4.496492e-01	4.500000e-01	-1.11297e-16	
772	3.707500e-08	4.496492e-01	4.500000e-01	-1.04547e-16	
773	3.712500e-08	4.496492e-01	4.500000e-01	-9.82092e-17	
774	3.717500e-08	4.496492e-01	4.500000e-01	-9.22576e-17	
775	3.722500e-08	4.496492e-01	4.500000e-01	-8.66690e-17	
776	3.727500e-08	4.496492e-01	4.500000e-01	-8.14211e-17	
777	3.732500e-08	4.496492e-01	4.500000e-01	-7.64933e-17	
778	3.737500e-08	4.496492e-01	4.500000e-01	-7.18660e-17	
779	3.742500e-08	4.496492e-01	4.500000e-01	-6.75209e-17	
780	3.747500e-08	4.496492e-01	4.500000e-01	-6.34408e-17	
781	3.752500e-08	4.496492e-01	4.500000e-01	-5.96095e-17	
782	3.757500e-08	4.496492e-01	4.500000e-01	-5.60119e-17	
783	3.762500e-08	4.496492e-01	4.500000e-01	-5.26336e-17	
784	3.767500e-08	4.496492e-01	4.500000e-01	-4.94614e-17	
785	3.772500e-08	4.496492e-01	4.500000e-01	-4.64826e-17	
786	3.777500e-08	4.496492e-01	4.500000e-01	-4.36854e-17	
787	3.782500e-08	4.496492e-01	4.500000e-01	-4.10589e-17	
788	3.787500e-08	4.496492e-01	4.500000e-01	-3.85925e-17	
789	3.792500e-08	4.496492e-01	4.500000e-01	-3.62765e-17	
790	3.797500e-08	4.496492e-01	4.500000e-01	-3.41018e-17	
791	3.802500e-08	4.496492e-01	4.500000e-01	-3.20597e-17	
792	3.807500e-08	4.496492e-01	4.500000e-01	-3.01421e-17	
793	3.812500e-08	4.496492e-01	4.500000e-01	-2.83415e-17	
794	3.817500e-08	4.496492e-01	4.500000e-01	-2.66507e-17	
795	3.822500e-08	4.496492e-01	4.500000e-01	-2.50629e-17	
796	3.827500e-08	4.496492e-01	4.500000e-01	-2.35721e-17	
797	3.832500e-08	4.496492e-01	4.500000e-01	-2.21721e-17	
798	3.837500e-08	4.496492e-01	4.500000e-01	-2.08575e-17	
799	3.842500e-08	4.496492e-01	4.500000e-01	-1.96231e-17	
800	3.847500e-08	4.496492e-01	4.500000e-01	-1.84639e-17	
801	3.852500e-08	4.496492e-01	4.500000e-01	-1.73755e-17	
802	3.857500e-08	4.496492e-01	4.500000e-01	-1.63534e-17	
803	3.862500e-08	4.496492e-01	4.500000e-01	-1.53936e-17	
804	3.867500e-08	4.496492e-01	4.500000e-01	-1.44924e-17	
805	3.872500e-08	4.496492e-01	4.500000e-01	-1.36461e-17	
806	3.877500e-08	4.496492e-01	4.500000e-01	-1.28515e-17	
807	3.882500e-08	4.496492e-01	4.500000e-01	-1.21053e-17	
808	3.887500e-08	4.496492e-01	4.500000e-01	-1.14046e-17	

Index   time            v(cell)         v(bl)           vpre#branch     
--------------------------------------------------------------------------------
809	3.892500e-08	4.496492e-01	4.500000e-01	-1.07466e-17	
810	3.897500e-08	4.496492e-01	4.500000e-01	-1.01288e-17	
811	3.902500e-08	4.496492e-01	4.500000e-01	-9.54865e-18	
812	3.907500e-08	4.496492e-01	4.500000e-01	-9.00388e-18	
813	3.912500e-08	4.496492e-01	4.500000e-01	-8.49233e-18	
814	3.917500e-08	4.496492e-01	4.500000e-01	-8.01197e-18	
815	3.922500e-08	4.496492e-01	4.500000e-01	-7.56091e-18	
816	3.927500e-08	4.496492e-01	4.500000e-01	-7.13735e-18	
817	3.932500e-08	4.496492e-01	4.500000e-01	-6.73963e-18	
818	3.937500e-08	4.496492e-01	4.500000e-01	-6.36616e-18	
819	3.942500e-08	4.496492e-01	4.500000e-01	-6.01629e-18	
820	3.947500e-08	4.496492e-01	4.500000e-01	-5.68775e-18	
821	3.952500e-08	4.496492e-01	4.500000e-01	-5.37843e-18	
822	3.957500e-08	4.496492e-01	4.500000e-01	-5.08796e-18	
823	3.962500e-08	4.496492e-01	4.500000e-01	-4.81522e-18	
824	3.967500e-08	4.496492e-01	4.500000e-01	-4.55910e-18	
825	3.972500e-08	4.496492e-01	4.500000e-01	-4.31860e-18	
826	3.977500e-08	4.496492e-01	4.500000e-01	-4.09277e-18	
827	3.982500e-08	4.496492e-01	4.500000e-01	-3.88072e-18	
828	3.987500e-08	4.496492e-01	4.500000e-01	-3.68159e-18	
829	3.992500e-08	4.496492e-01	4.500000e-01	-3.49461e-18	
830	3.996250e-08	4.496492e-01	4.500000e-01	-3.36182e-18	
831	4.000000e-08	4.496492e-01	4.500000e-01	-3.23490e-18	


Total analysis time (seconds) = 0.492314

Total elapsed time (seconds) = 0.506 

Total DRAM available = 386307.215 MB.
DRAM currently available = 21233.473 MB.
Maximum ngspice program size =  529.719 MB.
Current ngspice program size =   14.172 MB.

Shared ngspice pages =   12.340 MB.
Text (code) pages =    6.266 MB.
Stack = 0 bytes.
Library pages =   59.137 MB.

