
Note: No compatibility mode selected!


Circuit: * id-vd sweep vgs=0.9000v

Doing analysis at TEMP = -40.000000 and TNOM = 27.000000

Using SPARSE 1.3 as Direct Linear Solver

No. of Data Rows : 101
                           * id-vd sweep vgs=0.9000v
                           DC transfer characteristic  Tue Jun 23 21:13:51  2026
--------------------------------------------------------------------------------
Index   v-sweep         vd#branch       v(d)            
--------------------------------------------------------------------------------
0	0.000000e+00	0.000000e+00	0.000000e+00	
1	9.000000e-03	-5.62852e-07	9.000000e-03	
2	1.800000e-02	-6.80445e-07	1.800000e-02	
3	2.700000e-02	-7.30117e-07	2.700000e-02	
4	3.600000e-02	-7.62325e-07	3.600000e-02	
5	4.500000e-02	-7.86290e-07	4.500000e-02	
6	5.400000e-02	-8.05499e-07	5.400000e-02	
7	6.300000e-02	-8.21628e-07	6.300000e-02	
8	7.200000e-02	-8.35610e-07	7.200000e-02	
9	8.100000e-02	-8.48728e-07	8.100000e-02	
10	9.000000e-02	-8.59767e-07	9.000000e-02	
11	9.900000e-02	-8.69906e-07	9.900000e-02	
12	1.080000e-01	-8.79311e-07	1.080000e-01	
13	1.170000e-01	-8.88107e-07	1.170000e-01	
14	1.260000e-01	-8.96390e-07	1.260000e-01	
15	1.350000e-01	-9.04235e-07	1.350000e-01	
16	1.440000e-01	-9.11703e-07	1.440000e-01	
17	1.530000e-01	-9.18841e-07	1.530000e-01	
18	1.620000e-01	-9.25690e-07	1.620000e-01	
19	1.710000e-01	-9.32283e-07	1.710000e-01	
20	1.800000e-01	-9.38646e-07	1.800000e-01	
21	1.890000e-01	-9.44805e-07	1.890000e-01	
22	1.980000e-01	-9.50778e-07	1.980000e-01	
23	2.070000e-01	-9.56583e-07	2.070000e-01	
24	2.160000e-01	-9.62236e-07	2.160000e-01	
25	2.250000e-01	-9.67748e-07	2.250000e-01	
26	2.340000e-01	-9.73132e-07	2.340000e-01	
27	2.430000e-01	-9.78397e-07	2.430000e-01	
28	2.520000e-01	-9.83553e-07	2.520000e-01	
29	2.610000e-01	-9.88607e-07	2.610000e-01	
30	2.700000e-01	-9.93567e-07	2.700000e-01	
31	2.790000e-01	-9.98439e-07	2.790000e-01	
32	2.880000e-01	-1.00323e-06	2.880000e-01	
33	2.970000e-01	-1.00794e-06	2.970000e-01	
34	3.060000e-01	-1.01258e-06	3.060000e-01	
35	3.150000e-01	-1.01716e-06	3.150000e-01	
36	3.240000e-01	-1.02167e-06	3.240000e-01	
37	3.330000e-01	-1.02612e-06	3.330000e-01	
38	3.420000e-01	-1.03051e-06	3.420000e-01	
39	3.510000e-01	-1.03485e-06	3.510000e-01	
40	3.600000e-01	-1.03914e-06	3.600000e-01	
41	3.690000e-01	-1.04338e-06	3.690000e-01	
42	3.780000e-01	-1.04758e-06	3.780000e-01	
43	3.870000e-01	-1.05173e-06	3.870000e-01	
44	3.960000e-01	-1.05584e-06	3.960000e-01	
45	4.050000e-01	-1.05991e-06	4.050000e-01	
46	4.140000e-01	-1.06395e-06	4.140000e-01	
47	4.230000e-01	-1.06795e-06	4.230000e-01	
48	4.320000e-01	-1.07191e-06	4.320000e-01	
49	4.410000e-01	-1.07584e-06	4.410000e-01	
50	4.500000e-01	-1.07974e-06	4.500000e-01	
51	4.590000e-01	-1.08361e-06	4.590000e-01	
52	4.680000e-01	-1.08745e-06	4.680000e-01	
53	4.770000e-01	-1.09126e-06	4.770000e-01	
54	4.860000e-01	-1.09505e-06	4.860000e-01	

Index   v-sweep         vd#branch       v(d)            
--------------------------------------------------------------------------------
55	4.950000e-01	-1.09881e-06	4.950000e-01	
56	5.040000e-01	-1.10255e-06	5.040000e-01	
57	5.130000e-01	-1.10626e-06	5.130000e-01	
58	5.220000e-01	-1.10995e-06	5.220000e-01	
59	5.310000e-01	-1.11362e-06	5.310000e-01	
60	5.400000e-01	-1.11727e-06	5.400000e-01	
61	5.490000e-01	-1.12089e-06	5.490000e-01	
62	5.580000e-01	-1.12450e-06	5.580000e-01	
63	5.670000e-01	-1.12809e-06	5.670000e-01	
64	5.760000e-01	-1.13166e-06	5.760000e-01	
65	5.850000e-01	-1.13521e-06	5.850000e-01	
66	5.940000e-01	-1.13875e-06	5.940000e-01	
67	6.030000e-01	-1.14227e-06	6.030000e-01	
68	6.120000e-01	-1.14577e-06	6.120000e-01	
69	6.210000e-01	-1.14926e-06	6.210000e-01	
70	6.300000e-01	-1.15273e-06	6.300000e-01	
71	6.390000e-01	-1.15618e-06	6.390000e-01	
72	6.480000e-01	-1.15963e-06	6.480000e-01	
73	6.570000e-01	-1.16306e-06	6.570000e-01	
74	6.660000e-01	-1.16647e-06	6.660000e-01	
75	6.750000e-01	-1.16988e-06	6.750000e-01	
76	6.840000e-01	-1.17327e-06	6.840000e-01	
77	6.930000e-01	-1.17665e-06	6.930000e-01	
78	7.020000e-01	-1.18001e-06	7.020000e-01	
79	7.110000e-01	-1.18337e-06	7.110000e-01	
80	7.200000e-01	-1.18671e-06	7.200000e-01	
81	7.290000e-01	-1.19005e-06	7.290000e-01	
82	7.380000e-01	-1.19337e-06	7.380000e-01	
83	7.470000e-01	-1.19668e-06	7.470000e-01	
84	7.560000e-01	-1.19998e-06	7.560000e-01	
85	7.650000e-01	-1.20328e-06	7.650000e-01	
86	7.740000e-01	-1.20656e-06	7.740000e-01	
87	7.830000e-01	-1.20983e-06	7.830000e-01	
88	7.920000e-01	-1.21310e-06	7.920000e-01	
89	8.010000e-01	-1.21635e-06	8.010000e-01	
90	8.100000e-01	-1.21960e-06	8.100000e-01	
91	8.190000e-01	-1.22284e-06	8.190000e-01	
92	8.280000e-01	-1.22607e-06	8.280000e-01	
93	8.370000e-01	-1.22930e-06	8.370000e-01	
94	8.460000e-01	-1.23251e-06	8.460000e-01	
95	8.550000e-01	-1.23572e-06	8.550000e-01	
96	8.640000e-01	-1.23892e-06	8.640000e-01	
97	8.730000e-01	-1.24211e-06	8.730000e-01	
98	8.820000e-01	-1.24530e-06	8.820000e-01	
99	8.910000e-01	-1.24848e-06	8.910000e-01	
100	9.000000e-01	-1.25165e-06	9.000000e-01	


Total analysis time (seconds) = 0.105363

Total elapsed time (seconds) = 0.111 

Total DRAM available = 386307.215 MB.
DRAM currently available = 12823.457 MB.
Maximum ngspice program size =  529.723 MB.
Current ngspice program size =   14.016 MB.

Shared ngspice pages =   12.250 MB.
Text (code) pages =    6.266 MB.
Stack = 0 bytes.
Library pages =   59.141 MB.

