
Note: No compatibility mode selected!


Circuit: * id-vg sweep vds=0.9000v

Doing analysis at TEMP = -40.000000 and TNOM = 27.000000

Using SPARSE 1.3 as Direct Linear Solver

No. of Data Rows : 201

  Measurements for DC Analysis

ion                 =  -1.25156e-06 at=  9.00000e-01
ioff                =  -1.26255e-16

                           * id-vg sweep vds=0.9000v
                           DC transfer characteristic  Tue Jun 23 21:13:51  2026
--------------------------------------------------------------------------------
Index   v-sweep         vd#branch       
--------------------------------------------------------------------------------
0	0.000000e+00	-1.26255e-16	
1	4.500000e-03	-1.43765e-16	
2	9.000000e-03	-1.65178e-16	
3	1.350000e-02	-1.89573e-16	
4	1.800000e-02	-2.17708e-16	
5	2.250000e-02	-2.50017e-16	
6	2.700000e-02	-2.87097e-16	
7	3.150000e-02	-3.29652e-16	
8	3.600000e-02	-3.78603e-16	
9	4.050000e-02	-4.34711e-16	
10	4.500000e-02	-4.99275e-16	
11	4.950000e-02	-5.73272e-16	
12	5.400000e-02	-6.58328e-16	
13	5.850000e-02	-7.56014e-16	
14	6.300000e-02	-8.68121e-16	
15	6.750000e-02	-9.96924e-16	
16	7.200000e-02	-1.14486e-15	
17	7.650000e-02	-1.31470e-15	
18	8.100000e-02	-1.50975e-15	
19	8.550000e-02	-1.73369e-15	
20	9.000000e-02	-1.99092e-15	
21	9.450000e-02	-2.28631e-15	
22	9.900000e-02	-2.62545e-15	
23	1.035000e-01	-3.01495e-15	
24	1.080000e-01	-3.46224e-15	
25	1.125000e-01	-3.97588e-15	
26	1.170000e-01	-4.56568e-15	
27	1.215000e-01	-5.24304e-15	
28	1.260000e-01	-6.02085e-15	
29	1.305000e-01	-6.91401e-15	
30	1.350000e-01	-7.93983e-15	
31	1.395000e-01	-9.11765e-15	
32	1.440000e-01	-1.04703e-14	
33	1.485000e-01	-1.20236e-14	
34	1.530000e-01	-1.38074e-14	
35	1.575000e-01	-1.58557e-14	
36	1.620000e-01	-1.82079e-14	
37	1.665000e-01	-2.09092e-14	
38	1.710000e-01	-2.40111e-14	
39	1.755000e-01	-2.75732e-14	
40	1.800000e-01	-3.16638e-14	
41	1.845000e-01	-3.63613e-14	
42	1.890000e-01	-4.17555e-14	
43	1.935000e-01	-4.79501e-14	
44	1.980000e-01	-5.50635e-14	
45	2.025000e-01	-6.32325e-14	
46	2.070000e-01	-7.26132e-14	
47	2.115000e-01	-8.33856e-14	
48	2.160000e-01	-9.57561e-14	
49	2.205000e-01	-1.09962e-13	
50	2.250000e-01	-1.26275e-13	
51	2.295000e-01	-1.45008e-13	
52	2.340000e-01	-1.66521e-13	
53	2.385000e-01	-1.91224e-13	
54	2.430000e-01	-2.19593e-13	

Index   v-sweep         vd#branch       
--------------------------------------------------------------------------------
55	2.475000e-01	-2.52170e-13	
56	2.520000e-01	-2.89581e-13	
57	2.565000e-01	-3.32541e-13	
58	2.610000e-01	-3.81874e-13	
59	2.655000e-01	-4.38526e-13	
60	2.700000e-01	-5.03582e-13	
61	2.745000e-01	-5.78290e-13	
62	2.790000e-01	-6.64080e-13	
63	2.835000e-01	-7.62598e-13	
64	2.880000e-01	-8.75731e-13	
65	2.925000e-01	-1.00565e-12	
66	2.970000e-01	-1.15484e-12	
67	3.015000e-01	-1.32616e-12	
68	3.060000e-01	-1.52289e-12	
69	3.105000e-01	-1.74881e-12	
70	3.150000e-01	-2.00825e-12	
71	3.195000e-01	-2.30617e-12	
72	3.240000e-01	-2.64829e-12	
73	3.285000e-01	-3.04116e-12	
74	3.330000e-01	-3.49231e-12	
75	3.375000e-01	-4.01038e-12	
76	3.420000e-01	-4.60530e-12	
77	3.465000e-01	-5.28847e-12	
78	3.510000e-01	-6.07298e-12	
79	3.555000e-01	-6.97386e-12	
80	3.600000e-01	-8.00836e-12	
81	3.645000e-01	-9.19630e-12	
82	3.690000e-01	-1.05604e-11	
83	3.735000e-01	-1.21269e-11	
84	3.780000e-01	-1.39257e-11	
85	3.825000e-01	-1.59912e-11	
86	3.870000e-01	-1.83631e-11	
87	3.915000e-01	-2.10866e-11	
88	3.960000e-01	-2.42141e-11	
89	4.005000e-01	-2.78052e-11	
90	4.050000e-01	-3.19286e-11	
91	4.095000e-01	-3.66634e-11	
92	4.140000e-01	-4.20999e-11	
93	4.185000e-01	-4.83422e-11	
94	4.230000e-01	-5.55094e-11	
95	4.275000e-01	-6.37384e-11	
96	4.320000e-01	-7.31863e-11	
97	4.365000e-01	-8.40334e-11	
98	4.410000e-01	-9.64864e-11	
99	4.455000e-01	-1.10783e-10	
100	4.500000e-01	-1.27194e-10	
101	4.545000e-01	-1.47312e-10	
102	4.590000e-01	-1.69124e-10	
103	4.635000e-01	-1.94158e-10	
104	4.680000e-01	-2.22889e-10	
105	4.725000e-01	-2.55858e-10	
106	4.770000e-01	-2.93688e-10	
107	4.815000e-01	-3.37089e-10	
108	4.860000e-01	-3.86876e-10	
109	4.905000e-01	-4.43980e-10	
110	4.950000e-01	-5.09463e-10	
111	4.995000e-01	-5.84541e-10	
112	5.040000e-01	-6.70598e-10	

Index   v-sweep         vd#branch       
--------------------------------------------------------------------------------
113	5.085000e-01	-7.69216e-10	
114	5.130000e-01	-8.82194e-10	
115	5.175000e-01	-1.01158e-09	
116	5.220000e-01	-1.15969e-09	
117	5.265000e-01	-1.32918e-09	
118	5.310000e-01	-1.52302e-09	
119	5.355000e-01	-1.74459e-09	
120	5.400000e-01	-1.99770e-09	
121	5.445000e-01	-2.28663e-09	
122	5.490000e-01	-2.61621e-09	
123	5.535000e-01	-2.99180e-09	
124	5.580000e-01	-3.41941e-09	
125	5.625000e-01	-3.90573e-09	
126	5.670000e-01	-4.45817e-09	
127	5.715000e-01	-5.08488e-09	
128	5.760000e-01	-5.79488e-09	
129	5.805000e-01	-6.59801e-09	
130	5.850000e-01	-7.50503e-09	
131	5.895000e-01	-8.52764e-09	
132	5.940000e-01	-9.67854e-09	
133	5.985000e-01	-1.09715e-08	
134	6.030000e-01	-1.24213e-08	
135	6.075000e-01	-1.40440e-08	
136	6.120000e-01	-1.58570e-08	
137	6.165000e-01	-1.78789e-08	
138	6.210000e-01	-2.01301e-08	
139	6.255000e-01	-2.26325e-08	
140	6.300000e-01	-2.54103e-08	
141	6.345000e-01	-2.84893e-08	
142	6.390000e-01	-3.18981e-08	
143	6.435000e-01	-3.56673e-08	
144	6.480000e-01	-3.98300e-08	
145	6.525000e-01	-4.44216e-08	
146	6.570000e-01	-4.94796e-08	
147	6.615000e-01	-5.50428e-08	
148	6.660000e-01	-6.11514e-08	
149	6.705000e-01	-6.78456e-08	
150	6.750000e-01	-7.51651e-08	
151	6.795000e-01	-8.31484e-08	
152	6.840000e-01	-9.18315e-08	
153	6.885000e-01	-1.01248e-07	
154	6.930000e-01	-1.11426e-07	
155	6.975000e-01	-1.22390e-07	
156	7.020000e-01	-1.34161e-07	
157	7.065000e-01	-1.46752e-07	
158	7.110000e-01	-1.60171e-07	
159	7.155000e-01	-1.74421e-07	
160	7.200000e-01	-1.89501e-07	
161	7.245000e-01	-2.05403e-07	
162	7.290000e-01	-2.22115e-07	
163	7.335000e-01	-2.39623e-07	
164	7.380000e-01	-2.57909e-07	
165	7.425000e-01	-2.76952e-07	
166	7.470000e-01	-2.96729e-07	
167	7.515000e-01	-3.17217e-07	
168	7.560000e-01	-3.38053e-07	
169	7.605000e-01	-3.59901e-07	
170	7.650000e-01	-3.82384e-07	

Index   v-sweep         vd#branch       
--------------------------------------------------------------------------------
171	7.695000e-01	-4.05477e-07	
172	7.740000e-01	-4.29154e-07	
173	7.785000e-01	-4.53392e-07	
174	7.830000e-01	-4.78166e-07	
175	7.875000e-01	-5.03454e-07	
176	7.920000e-01	-5.29232e-07	
177	7.965000e-01	-5.55479e-07	
178	8.010000e-01	-5.82175e-07	
179	8.055000e-01	-6.09299e-07	
180	8.100000e-01	-6.36834e-07	
181	8.145000e-01	-6.64761e-07	
182	8.190000e-01	-6.93062e-07	
183	8.235000e-01	-7.21723e-07	
184	8.280000e-01	-7.50726e-07	
185	8.325000e-01	-7.80059e-07	
186	8.370000e-01	-8.09706e-07	
187	8.415000e-01	-8.39655e-07	
188	8.460000e-01	-8.69892e-07	
189	8.505000e-01	-9.00408e-07	
190	8.550000e-01	-9.31189e-07	
191	8.595000e-01	-9.62226e-07	
192	8.640000e-01	-9.93509e-07	
193	8.685000e-01	-1.02503e-06	
194	8.730000e-01	-1.05677e-06	
195	8.775000e-01	-1.08874e-06	
196	8.820000e-01	-1.12091e-06	
197	8.865000e-01	-1.15329e-06	
198	8.910000e-01	-1.18586e-06	
199	8.955000e-01	-1.21862e-06	
200	9.000000e-01	-1.25156e-06	


Total analysis time (seconds) = 0.0730069

Total elapsed time (seconds) = 0.078 

Total DRAM available = 386307.215 MB.
DRAM currently available = 12820.504 MB.
Maximum ngspice program size =  529.719 MB.
Current ngspice program size =   13.980 MB.

Shared ngspice pages =   12.223 MB.
Text (code) pages =    6.266 MB.
Stack = 0 bytes.
Library pages =   59.137 MB.

