
Note: No compatibility mode selected!


Circuit: * id-vd sweep vgs=0.9315v

Doing analysis at TEMP = 27.000000 and TNOM = 27.000000

Using SPARSE 1.3 as Direct Linear Solver

No. of Data Rows : 101
                           * id-vd sweep vgs=0.9315v
                           DC transfer characteristic  Tue Jun 23 23:55:36  2026
--------------------------------------------------------------------------------
Index   v-sweep         vd#branch       v(d)            
--------------------------------------------------------------------------------
0	0.000000e+00	1.589070e-28	0.000000e+00	
1	8.100000e-03	-5.88067e-07	8.100000e-03	
2	1.620000e-02	-9.51410e-07	1.620000e-02	
3	2.430000e-02	-1.08817e-06	2.430000e-02	
4	3.240000e-02	-1.16030e-06	3.240000e-02	
5	4.050000e-02	-1.20945e-06	4.050000e-02	
6	4.860000e-02	-1.24677e-06	4.860000e-02	
7	5.670000e-02	-1.27694e-06	5.670000e-02	
8	6.480000e-02	-1.30234e-06	6.480000e-02	
9	7.290000e-02	-1.32433e-06	7.290000e-02	
10	8.100000e-02	-1.34494e-06	8.100000e-02	
11	8.910000e-02	-1.36218e-06	8.910000e-02	
12	9.720000e-02	-1.37793e-06	9.720000e-02	
13	1.053000e-01	-1.39246e-06	1.053000e-01	
14	1.134000e-01	-1.40598e-06	1.134000e-01	
15	1.215000e-01	-1.41863e-06	1.215000e-01	
16	1.296000e-01	-1.43054e-06	1.296000e-01	
17	1.377000e-01	-1.44181e-06	1.377000e-01	
18	1.458000e-01	-1.45253e-06	1.458000e-01	
19	1.539000e-01	-1.46275e-06	1.539000e-01	
20	1.620000e-01	-1.47253e-06	1.620000e-01	
21	1.701000e-01	-1.48193e-06	1.701000e-01	
22	1.782000e-01	-1.49097e-06	1.782000e-01	
23	1.863000e-01	-1.49970e-06	1.863000e-01	
24	1.944000e-01	-1.50814e-06	1.944000e-01	
25	2.025000e-01	-1.51632e-06	2.025000e-01	
26	2.106000e-01	-1.52426e-06	2.106000e-01	
27	2.187000e-01	-1.53198e-06	2.187000e-01	
28	2.268000e-01	-1.53949e-06	2.268000e-01	
29	2.349000e-01	-1.54682e-06	2.349000e-01	
30	2.430000e-01	-1.55397e-06	2.430000e-01	
31	2.511000e-01	-1.56096e-06	2.511000e-01	
32	2.592000e-01	-1.56779e-06	2.592000e-01	
33	2.673000e-01	-1.57449e-06	2.673000e-01	
34	2.754000e-01	-1.58105e-06	2.754000e-01	
35	2.835000e-01	-1.58749e-06	2.835000e-01	
36	2.916000e-01	-1.59381e-06	2.916000e-01	
37	2.997000e-01	-1.60002e-06	2.997000e-01	
38	3.078000e-01	-1.60613e-06	3.078000e-01	
39	3.159000e-01	-1.61214e-06	3.159000e-01	
40	3.240000e-01	-1.61806e-06	3.240000e-01	
41	3.321000e-01	-1.62389e-06	3.321000e-01	
42	3.402000e-01	-1.62963e-06	3.402000e-01	
43	3.483000e-01	-1.63530e-06	3.483000e-01	
44	3.564000e-01	-1.64089e-06	3.564000e-01	
45	3.645000e-01	-1.64640e-06	3.645000e-01	
46	3.726000e-01	-1.65185e-06	3.726000e-01	
47	3.807000e-01	-1.65724e-06	3.807000e-01	
48	3.888000e-01	-1.66256e-06	3.888000e-01	
49	3.969000e-01	-1.66782e-06	3.969000e-01	
50	4.050000e-01	-1.67302e-06	4.050000e-01	
51	4.131000e-01	-1.67817e-06	4.131000e-01	
52	4.212000e-01	-1.68327e-06	4.212000e-01	
53	4.293000e-01	-1.68831e-06	4.293000e-01	
54	4.374000e-01	-1.69331e-06	4.374000e-01	

Index   v-sweep         vd#branch       v(d)            
--------------------------------------------------------------------------------
55	4.455000e-01	-1.69826e-06	4.455000e-01	
56	4.536000e-01	-1.70317e-06	4.536000e-01	
57	4.617000e-01	-1.70803e-06	4.617000e-01	
58	4.698000e-01	-1.71285e-06	4.698000e-01	
59	4.779000e-01	-1.71763e-06	4.779000e-01	
60	4.860000e-01	-1.72237e-06	4.860000e-01	
61	4.941000e-01	-1.72708e-06	4.941000e-01	
62	5.022000e-01	-1.73175e-06	5.022000e-01	
63	5.103000e-01	-1.73638e-06	5.103000e-01	
64	5.184000e-01	-1.74098e-06	5.184000e-01	
65	5.265000e-01	-1.74555e-06	5.265000e-01	
66	5.346000e-01	-1.75009e-06	5.346000e-01	
67	5.427000e-01	-1.75459e-06	5.427000e-01	
68	5.508000e-01	-1.75907e-06	5.508000e-01	
69	5.589000e-01	-1.76352e-06	5.589000e-01	
70	5.670000e-01	-1.76794e-06	5.670000e-01	
71	5.751000e-01	-1.77233e-06	5.751000e-01	
72	5.832000e-01	-1.77670e-06	5.832000e-01	
73	5.913000e-01	-1.78104e-06	5.913000e-01	
74	5.994000e-01	-1.78536e-06	5.994000e-01	
75	6.075000e-01	-1.78965e-06	6.075000e-01	
76	6.156000e-01	-1.79392e-06	6.156000e-01	
77	6.237000e-01	-1.79817e-06	6.237000e-01	
78	6.318000e-01	-1.80239e-06	6.318000e-01	
79	6.399000e-01	-1.80660e-06	6.399000e-01	
80	6.480000e-01	-1.81078e-06	6.480000e-01	
81	6.561000e-01	-1.81495e-06	6.561000e-01	
82	6.642000e-01	-1.81909e-06	6.642000e-01	
83	6.723000e-01	-1.82322e-06	6.723000e-01	
84	6.804000e-01	-1.82732e-06	6.804000e-01	
85	6.885000e-01	-1.83141e-06	6.885000e-01	
86	6.966000e-01	-1.83548e-06	6.966000e-01	
87	7.047000e-01	-1.83953e-06	7.047000e-01	
88	7.128000e-01	-1.84357e-06	7.128000e-01	
89	7.209000e-01	-1.84759e-06	7.209000e-01	
90	7.290000e-01	-1.85159e-06	7.290000e-01	
91	7.371000e-01	-1.85558e-06	7.371000e-01	
92	7.452000e-01	-1.85955e-06	7.452000e-01	
93	7.533000e-01	-1.86351e-06	7.533000e-01	
94	7.614000e-01	-1.86745e-06	7.614000e-01	
95	7.695000e-01	-1.87138e-06	7.695000e-01	
96	7.776000e-01	-1.87530e-06	7.776000e-01	
97	7.857000e-01	-1.87920e-06	7.857000e-01	
98	7.938000e-01	-1.88308e-06	7.938000e-01	
99	8.019000e-01	-1.88696e-06	8.019000e-01	
100	8.100000e-01	-1.89082e-06	8.100000e-01	


Total analysis time (seconds) = 0.00871602

Total elapsed time (seconds) = 0.016 

Total DRAM available = 386307.215 MB.
DRAM currently available = 2165.930 MB.
Maximum ngspice program size =  529.719 MB.
Current ngspice program size =   14.023 MB.

Shared ngspice pages =   12.254 MB.
Text (code) pages =    6.266 MB.
Stack = 0 bytes.
Library pages =   59.137 MB.

