
Note: No compatibility mode selected!


Circuit: * 1t1c ccell=10.0ff

Doing analysis at TEMP = 125.000000 and TNOM = 27.000000

Using SPARSE 1.3 as Direct Linear Solver

Initial Transient Solution
--------------------------

Node                                   Voltage
----                                   -------
pre                                     0.3825
bl                                      0.3825
wl                                           0
plate                                        0
b                                            0
s                                            0
cell                                         0
vs#branch                                    0
vb#branch                                    0
vpl#branch                                   0
vwl#branch                                   0
vpre#branch                                  0


No. of Data Rows : 832

  Measurements for Transient Analysis

t_write             =  1.90054e-09
t_read              =  2.28157e-08
i_hold              =  -6.87599e-12 from=  2.50000e-08 to=  3.50250e-08
q_read              =   2.17615e-19 from=  1.20000e-08 to=  2.20000e-08

                              * 1t1c ccell=10.0ff
                              Transient Analysis  Wed Jun 24 01:12:30  2026
--------------------------------------------------------------------------------
Index   time            v(cell)         v(bl)           vpre#branch     
--------------------------------------------------------------------------------
0	0.000000e+00	0.000000e+00	3.825000e-01	0.000000e+00	
1	5.000000e-13	5.425748e-11	3.824999e-01	-1.42495e-15	
2	1.000000e-12	1.085075e-10	3.824998e-01	-2.33470e-15	
3	2.000000e-12	2.170022e-10	3.824996e-01	-4.15267e-15	
4	4.000000e-12	4.339844e-10	3.824992e-01	-7.77947e-15	
5	8.000000e-12	8.679516e-10	3.824985e-01	-1.49966e-14	
6	1.600000e-11	1.735884e-09	3.824971e-01	-2.92865e-14	
7	3.200000e-11	3.471749e-09	3.824943e-01	-5.72977e-14	
8	6.400000e-11	6.943472e-09	3.824889e-01	-1.11121e-13	
9	1.140000e-10	1.236803e-08	3.824810e-01	-1.89661e-13	
10	1.640000e-10	1.779258e-08	3.824738e-01	-2.61870e-13	
11	2.140000e-10	2.321711e-08	3.824672e-01	-3.28259e-13	
12	2.640000e-10	2.864163e-08	3.824611e-01	-3.89297e-13	
13	3.140000e-10	3.406615e-08	3.824555e-01	-4.45415e-13	
14	3.640000e-10	3.949065e-08	3.824503e-01	-4.97010e-13	
15	4.140000e-10	4.491514e-08	3.824456e-01	-5.44446e-13	
16	4.640000e-10	5.033963e-08	3.824412e-01	-5.88059e-13	
17	5.140000e-10	5.576411e-08	3.824372e-01	-6.28156e-13	
18	5.640000e-10	6.118858e-08	3.824335e-01	-6.65022e-13	
19	6.140000e-10	6.661305e-08	3.824301e-01	-6.98916e-13	
20	6.640000e-10	7.203751e-08	3.824270e-01	-7.30077e-13	
21	7.140000e-10	7.746196e-08	3.824241e-01	-7.58728e-13	
22	7.640000e-10	8.288641e-08	3.824215e-01	-7.85069e-13	
23	8.140000e-10	8.831086e-08	3.824191e-01	-8.09286e-13	
24	8.640000e-10	9.373530e-08	3.824168e-01	-8.31552e-13	
25	9.140000e-10	9.915973e-08	3.824148e-01	-8.52023e-13	
26	9.570000e-10	1.038247e-07	3.824132e-01	-8.68301e-13	
27	1.000000e-09	1.084898e-07	3.824117e-01	-8.83444e-13	
28	1.005000e-09	3.822955e-03	3.824114e-01	-8.85969e-13	
29	1.015000e-09	1.146842e-02	3.824111e-01	-8.89364e-13	
30	1.035000e-09	2.675931e-02	3.824113e-01	-8.87278e-13	
31	1.075000e-09	5.734112e-02	3.824141e-01	-8.58676e-13	
32	1.125000e-09	9.556836e-02	3.824199e-01	-8.01466e-13	
33	1.175000e-09	1.337956e-01	3.824260e-01	-7.40283e-13	
34	1.225000e-09	1.720229e-01	3.824318e-01	-6.81920e-13	
35	1.275000e-09	2.102501e-01	3.824373e-01	-6.27452e-13	
36	1.325000e-09	2.484774e-01	3.824423e-01	-5.77067e-13	
37	1.375000e-09	2.867046e-01	3.824469e-01	-5.30625e-13	
38	1.425000e-09	3.249319e-01	3.824512e-01	-4.87883e-13	
39	1.475000e-09	3.631591e-01	3.824551e-01	-4.48568e-13	
40	1.525000e-09	4.013864e-01	3.824588e-01	-4.12414e-13	
41	1.575000e-09	4.396136e-01	3.824621e-01	-3.79169e-13	
42	1.625000e-09	4.778409e-01	3.824651e-01	-3.48602e-13	
43	1.675000e-09	5.160681e-01	3.824680e-01	-3.20499e-13	
44	1.725000e-09	5.542954e-01	3.824705e-01	-2.94662e-13	
45	1.775000e-09	5.925227e-01	3.824729e-01	-2.70906e-13	
46	1.825000e-09	6.307499e-01	3.824751e-01	-2.49065e-13	
47	1.875000e-09	6.689772e-01	3.824771e-01	-2.28985e-13	
48	1.925000e-09	7.072044e-01	3.824789e-01	-2.10523e-13	
49	1.962500e-09	7.358748e-01	3.824802e-01	-1.97663e-13	
50	2.000000e-09	7.645453e-01	3.824814e-01	-1.85588e-13	
51	2.005000e-09	7.645452e-01	3.824816e-01	-1.84042e-13	
52	2.015000e-09	7.645452e-01	3.824819e-01	-1.80975e-13	
53	2.035000e-09	7.645452e-01	3.824825e-01	-1.74993e-13	
54	2.075000e-09	7.645452e-01	3.824836e-01	-1.63613e-13	

Index   time            v(cell)         v(bl)           vpre#branch     
--------------------------------------------------------------------------------
55	2.125000e-09	7.645452e-01	3.824850e-01	-1.50420e-13	
56	2.175000e-09	7.645452e-01	3.824862e-01	-1.38290e-13	
57	2.225000e-09	7.645452e-01	3.824873e-01	-1.27138e-13	
58	2.275000e-09	7.645452e-01	3.824883e-01	-1.16885e-13	
59	2.325000e-09	7.645452e-01	3.824893e-01	-1.07458e-13	
60	2.375000e-09	7.645452e-01	3.824901e-01	-9.87907e-14	
61	2.425000e-09	7.645452e-01	3.824909e-01	-9.08222e-14	
62	2.475000e-09	7.645452e-01	3.824917e-01	-8.34959e-14	
63	2.525000e-09	7.645452e-01	3.824923e-01	-7.67602e-14	
64	2.575000e-09	7.645452e-01	3.824929e-01	-7.05674e-14	
65	2.625000e-09	7.645452e-01	3.824935e-01	-6.48737e-14	
66	2.675000e-09	7.645452e-01	3.824940e-01	-5.96390e-14	
67	2.725000e-09	7.645452e-01	3.824945e-01	-5.48261e-14	
68	2.775000e-09	7.645452e-01	3.824950e-01	-5.04012e-14	
69	2.825000e-09	7.645452e-01	3.824954e-01	-4.63329e-14	
70	2.875000e-09	7.645452e-01	3.824957e-01	-4.25925e-14	
71	2.925000e-09	7.645452e-01	3.824961e-01	-3.91537e-14	
72	2.975000e-09	7.645452e-01	3.824964e-01	-3.59919e-14	
73	3.025000e-09	7.645452e-01	3.824967e-01	-3.30851e-14	
74	3.075000e-09	7.645452e-01	3.824970e-01	-3.04125e-14	
75	3.125000e-09	7.645452e-01	3.824972e-01	-2.79553e-14	
76	3.175000e-09	7.645452e-01	3.824974e-01	-2.56962e-14	
77	3.225000e-09	7.645452e-01	3.824976e-01	-2.36191e-14	
78	3.275000e-09	7.645452e-01	3.824978e-01	-2.17095e-14	
79	3.325000e-09	7.645452e-01	3.824980e-01	-1.99538e-14	
80	3.375000e-09	7.645452e-01	3.824982e-01	-1.83396e-14	
81	3.425000e-09	7.645452e-01	3.824983e-01	-1.68555e-14	
82	3.475000e-09	7.645452e-01	3.824985e-01	-1.54910e-14	
83	3.525000e-09	7.645452e-01	3.824986e-01	-1.42365e-14	
84	3.575000e-09	7.645452e-01	3.824987e-01	-1.30831e-14	
85	3.625000e-09	7.645452e-01	3.824988e-01	-1.20227e-14	
86	3.675000e-09	7.645452e-01	3.824989e-01	-1.10478e-14	
87	3.725000e-09	7.645452e-01	3.824990e-01	-1.01514e-14	
88	3.775000e-09	7.645452e-01	3.824991e-01	-9.32729e-15	
89	3.825000e-09	7.645452e-01	3.824991e-01	-8.56959e-15	
90	3.875000e-09	7.645452e-01	3.824992e-01	-7.87296e-15	
91	3.925000e-09	7.645452e-01	3.824993e-01	-7.23248e-15	
92	3.975000e-09	7.645452e-01	3.824993e-01	-6.64363e-15	
93	4.025000e-09	7.645452e-01	3.824994e-01	-6.10224e-15	
94	4.075000e-09	7.645452e-01	3.824994e-01	-5.60448e-15	
95	4.125000e-09	7.645452e-01	3.824995e-01	-5.14684e-15	
96	4.175000e-09	7.645452e-01	3.824995e-01	-4.72609e-15	
97	4.225000e-09	7.645452e-01	3.824996e-01	-4.33925e-15	
98	4.275000e-09	7.645452e-01	3.824996e-01	-3.98359e-15	
99	4.325000e-09	7.645452e-01	3.824996e-01	-3.65660e-15	
100	4.375000e-09	7.645452e-01	3.824997e-01	-3.35596e-15	
101	4.425000e-09	7.645452e-01	3.824997e-01	-3.07956e-15	
102	4.475000e-09	7.645452e-01	3.824997e-01	-2.82543e-15	
103	4.525000e-09	7.645452e-01	3.824997e-01	-2.59178e-15	
104	4.575000e-09	7.645452e-01	3.824998e-01	-2.37697e-15	
105	4.625000e-09	7.645452e-01	3.824998e-01	-2.17947e-15	
106	4.675000e-09	7.645452e-01	3.824998e-01	-1.99789e-15	
107	4.725000e-09	7.645452e-01	3.824998e-01	-1.83095e-15	
108	4.775000e-09	7.645452e-01	3.824998e-01	-1.67746e-15	
109	4.825000e-09	7.645452e-01	3.824998e-01	-1.53634e-15	
110	4.875000e-09	7.645452e-01	3.824999e-01	-1.40660e-15	
111	4.925000e-09	7.645452e-01	3.824999e-01	-1.28731e-15	
112	4.975000e-09	7.645452e-01	3.824999e-01	-1.17764e-15	

Index   time            v(cell)         v(bl)           vpre#branch     
--------------------------------------------------------------------------------
113	5.025000e-09	7.645452e-01	3.824999e-01	-1.07681e-15	
114	5.075000e-09	7.645452e-01	3.824999e-01	-9.84103e-16	
115	5.125000e-09	7.645452e-01	3.824999e-01	-8.98870e-16	
116	5.175000e-09	7.645452e-01	3.824999e-01	-8.20507e-16	
117	5.225000e-09	7.645452e-01	3.824999e-01	-7.48460e-16	
118	5.275000e-09	7.645452e-01	3.824999e-01	-6.82220e-16	
119	5.325000e-09	7.645452e-01	3.824999e-01	-6.21319e-16	
120	5.375000e-09	7.645452e-01	3.824999e-01	-5.65327e-16	
121	5.425000e-09	7.645452e-01	3.824999e-01	-5.13848e-16	
122	5.475000e-09	7.645452e-01	3.825000e-01	-4.66518e-16	
123	5.525000e-09	7.645452e-01	3.825000e-01	-4.23003e-16	
124	5.575000e-09	7.645452e-01	3.825000e-01	-3.82995e-16	
125	5.625000e-09	7.645452e-01	3.825000e-01	-3.46211e-16	
126	5.675000e-09	7.645452e-01	3.825000e-01	-3.12393e-16	
127	5.725000e-09	7.645452e-01	3.825000e-01	-2.81300e-16	
128	5.775000e-09	7.645452e-01	3.825000e-01	-2.52714e-16	
129	5.825000e-09	7.645452e-01	3.825000e-01	-2.26431e-16	
130	5.875000e-09	7.645452e-01	3.825000e-01	-2.02267e-16	
131	5.925000e-09	7.645452e-01	3.825000e-01	-1.80051e-16	
132	5.975000e-09	7.645452e-01	3.825000e-01	-1.59625e-16	
133	6.025000e-09	7.645452e-01	3.825000e-01	-1.40845e-16	
134	6.075000e-09	7.645452e-01	3.825000e-01	-1.23579e-16	
135	6.125000e-09	7.645452e-01	3.825000e-01	-1.07705e-16	
136	6.175000e-09	7.645452e-01	3.825000e-01	-9.31103e-17	
137	6.225000e-09	7.645452e-01	3.825000e-01	-7.96919e-17	
138	6.275000e-09	7.645452e-01	3.825000e-01	-6.73550e-17	
139	6.325000e-09	7.645452e-01	3.825000e-01	-5.60124e-17	
140	6.375000e-09	7.645452e-01	3.825000e-01	-4.55840e-17	
141	6.425000e-09	7.645452e-01	3.825000e-01	-3.59963e-17	
142	6.475000e-09	7.645452e-01	3.825000e-01	-2.71812e-17	
143	6.525000e-09	7.645452e-01	3.825000e-01	-1.90767e-17	
144	6.575000e-09	7.645452e-01	3.825000e-01	-1.16254e-17	
145	6.625000e-09	7.645452e-01	3.825000e-01	-4.77476e-18	
146	6.675000e-09	7.645452e-01	3.825000e-01	1.523804e-18	
147	6.725000e-09	7.645452e-01	3.825000e-01	7.314704e-18	
148	6.775000e-09	7.645452e-01	3.825000e-01	1.263879e-17	
149	6.825000e-09	7.645452e-01	3.825000e-01	1.753374e-17	
150	6.875000e-09	7.645452e-01	3.825000e-01	2.203423e-17	
151	6.925000e-09	7.645452e-01	3.825000e-01	2.617205e-17	
152	6.962500e-09	7.645452e-01	3.825000e-01	2.905430e-17	
153	7.000000e-09	7.645452e-01	3.825000e-01	3.176053e-17	
154	7.005000e-09	7.454309e-01	3.825000e-01	3.210016e-17	
155	7.015000e-09	7.072036e-01	3.825000e-01	3.276575e-17	
156	7.035000e-09	6.307492e-01	3.825000e-01	3.401515e-17	
157	7.067500e-09	5.065105e-01	3.825000e-01	3.578095e-17	
158	7.100000e-09	3.822720e-01	3.825000e-01	3.703328e-17	
159	7.105000e-09	3.822726e-01	3.825000e-01	3.673776e-17	
160	7.115000e-09	3.822727e-01	3.825000e-01	3.611430e-17	
161	7.135000e-09	3.822726e-01	3.825000e-01	3.489198e-17	
162	7.175000e-09	3.822727e-01	3.825000e-01	3.257216e-17	
163	7.225000e-09	3.822726e-01	3.825000e-01	2.987873e-17	
164	7.275000e-09	3.822727e-01	3.825000e-01	2.740589e-17	
165	7.325000e-09	3.822726e-01	3.825000e-01	2.512891e-17	
166	7.375000e-09	3.822727e-01	3.825000e-01	2.303876e-17	
167	7.425000e-09	3.822726e-01	3.825000e-01	2.111383e-17	
168	7.475000e-09	3.822727e-01	3.825000e-01	1.934727e-17	
169	7.525000e-09	3.822726e-01	3.825000e-01	1.771994e-17	
170	7.575000e-09	3.822727e-01	3.825000e-01	1.622684e-17	

Index   time            v(cell)         v(bl)           vpre#branch     
--------------------------------------------------------------------------------
171	7.625000e-09	3.822726e-01	3.825000e-01	1.485114e-17	
172	7.675000e-09	3.822727e-01	3.825000e-01	1.358926e-17	
173	7.725000e-09	3.822726e-01	3.825000e-01	1.242620e-17	
174	7.775000e-09	3.822727e-01	3.825000e-01	1.135970e-17	
175	7.825000e-09	3.822726e-01	3.825000e-01	1.037640e-17	
176	7.875000e-09	3.822727e-01	3.825000e-01	9.474987e-18	
177	7.925000e-09	3.822726e-01	3.825000e-01	8.643650e-18	
178	7.975000e-09	3.822727e-01	3.825000e-01	7.881881e-18	
179	8.025000e-09	3.822726e-01	3.825000e-01	7.178999e-18	
180	8.075000e-09	3.822727e-01	3.825000e-01	6.535217e-18	
181	8.125000e-09	3.822726e-01	3.825000e-01	5.940941e-18	
182	8.175000e-09	3.822727e-01	3.825000e-01	5.396887e-18	
183	8.225000e-09	3.822726e-01	3.825000e-01	4.894439e-18	
184	8.275000e-09	3.822726e-01	3.825000e-01	4.434727e-18	
185	8.325000e-09	3.822726e-01	3.825000e-01	4.009806e-18	
186	8.375000e-09	3.822726e-01	3.825000e-01	3.621222e-18	
187	8.425000e-09	3.822726e-01	3.825000e-01	3.261928e-18	
188	8.475000e-09	3.822726e-01	3.825000e-01	2.933706e-18	
189	8.525000e-09	3.822726e-01	3.825000e-01	2.629936e-18	
190	8.575000e-09	3.822726e-01	3.825000e-01	2.352536e-18	
191	8.625000e-09	3.822726e-01	3.825000e-01	2.095629e-18	
192	8.675000e-09	3.822726e-01	3.825000e-01	1.861367e-18	
193	8.725000e-09	3.822726e-01	3.825000e-01	1.644155e-18	
194	8.775000e-09	3.822726e-01	3.825000e-01	1.446169e-18	
195	8.825000e-09	3.822726e-01	3.825000e-01	1.262338e-18	
196	8.875000e-09	3.822726e-01	3.825000e-01	1.095099e-18	
197	8.925000e-09	3.822726e-01	3.825000e-01	9.396656e-19	
198	8.975000e-09	3.822726e-01	3.825000e-01	7.983244e-19	
199	9.025000e-09	3.822726e-01	3.825000e-01	6.667771e-19	
200	9.075000e-09	3.822726e-01	3.825000e-01	5.473404e-19	
201	9.125000e-09	3.822726e-01	3.825000e-01	4.360532e-19	
202	9.175000e-09	3.822726e-01	3.825000e-01	3.352298e-19	
203	9.225000e-09	3.822726e-01	3.825000e-01	2.411380e-19	
204	9.275000e-09	3.822726e-01	3.825000e-01	1.560559e-19	
205	9.325000e-09	3.822726e-01	3.825000e-01	7.636862e-20	
206	9.375000e-09	3.822726e-01	3.825000e-01	4.462639e-21	
207	9.425000e-09	3.822726e-01	3.825000e-01	-6.29791e-20	
208	9.475000e-09	3.822726e-01	3.825000e-01	-1.23632e-19	
209	9.525000e-09	3.822726e-01	3.825000e-01	-1.80672e-19	
210	9.575000e-09	3.822726e-01	3.825000e-01	-2.31867e-19	
211	9.625000e-09	3.822726e-01	3.825000e-01	-2.80159e-19	
212	9.675000e-09	3.822726e-01	3.825000e-01	-3.23365e-19	
213	9.725000e-09	3.822726e-01	3.825000e-01	-3.64203e-19	
214	9.775000e-09	3.822726e-01	3.825000e-01	-4.00677e-19	
215	9.825000e-09	3.822726e-01	3.825000e-01	-4.35315e-19	
216	9.875000e-09	3.822726e-01	3.825000e-01	-4.66000e-19	
217	9.925000e-09	3.822726e-01	3.825000e-01	-4.95279e-19	
218	9.975000e-09	3.822726e-01	3.825000e-01	-5.21278e-19	
219	1.002500e-08	3.822726e-01	3.825000e-01	-5.46199e-19	
220	1.007500e-08	3.822726e-01	3.825000e-01	-5.68118e-19	
221	1.012500e-08	3.822726e-01	3.825000e-01	-5.89243e-19	
222	1.017500e-08	3.822726e-01	3.825000e-01	-6.07648e-19	
223	1.022500e-08	3.822726e-01	3.825000e-01	-6.25497e-19	
224	1.027500e-08	3.822726e-01	3.825000e-01	-6.41070e-19	
225	1.032500e-08	3.822726e-01	3.825000e-01	-6.56276e-19	
226	1.037500e-08	3.822726e-01	3.825000e-01	-6.69321e-19	
227	1.042500e-08	3.822726e-01	3.825000e-01	-6.82162e-19	
228	1.047500e-08	3.822726e-01	3.825000e-01	-6.93205e-19	

Index   time            v(cell)         v(bl)           vpre#branch     
--------------------------------------------------------------------------------
229	1.052500e-08	3.822726e-01	3.825000e-01	-7.04171e-19	
230	1.057500e-08	3.822726e-01	3.825000e-01	-7.13463e-19	
231	1.062500e-08	3.822726e-01	3.825000e-01	-7.22728e-19	
232	1.067500e-08	3.822726e-01	3.825000e-01	-7.30490e-19	
233	1.072500e-08	3.822726e-01	3.825000e-01	-7.38366e-19	
234	1.077500e-08	3.822726e-01	3.825000e-01	-7.44814e-19	
235	1.082500e-08	3.822726e-01	3.825000e-01	-7.51456e-19	
236	1.087500e-08	3.822726e-01	3.825000e-01	-7.56933e-19	
237	1.092500e-08	3.822726e-01	3.825000e-01	-7.62648e-19	
238	1.096250e-08	3.822726e-01	3.825000e-01	-7.65993e-19	
239	1.100000e-08	3.822726e-01	3.825000e-01	-7.69783e-19	
240	1.100500e-08	3.822748e-01	3.862913e-01	3.791346e-11	
241	1.101500e-08	3.822793e-01	3.938109e-01	1.131088e-10	
242	1.103500e-08	3.822884e-01	4.084773e-01	2.597730e-10	
243	1.107500e-08	3.823066e-01	4.363801e-01	5.388007e-10	
244	1.112500e-08	3.823294e-01	4.687284e-01	8.622843e-10	
245	1.117500e-08	3.823521e-01	4.984695e-01	1.159695e-09	
246	1.122500e-08	3.823749e-01	5.258134e-01	1.433134e-09	
247	1.127500e-08	3.823976e-01	5.509534e-01	1.684534e-09	
248	1.132500e-08	3.824204e-01	5.740669e-01	1.915669e-09	
249	1.137500e-08	3.824431e-01	5.953173e-01	2.128173e-09	
250	1.142500e-08	3.824659e-01	6.148544e-01	2.323544e-09	
251	1.147500e-08	3.824886e-01	6.328153e-01	2.503153e-09	
252	1.152500e-08	3.825114e-01	6.493248e-01	2.668248e-09	
253	1.157500e-08	3.825341e-01	6.644935e-01	2.819935e-09	
254	1.162500e-08	3.825569e-01	6.784131e-01	2.959131e-09	
255	1.167500e-08	3.825798e-01	6.911237e-01	3.086237e-09	
256	1.172500e-08	3.826029e-01	7.025813e-01	3.200813e-09	
257	1.177500e-08	3.826266e-01	7.125348e-01	3.300348e-09	
258	1.182500e-08	3.826519e-01	7.201734e-01	3.376734e-09	
259	1.187500e-08	3.826813e-01	7.232955e-01	3.407955e-09	
260	1.192500e-08	3.827207e-01	7.163538e-01	3.338538e-09	
261	1.196250e-08	3.827639e-01	6.980307e-01	3.155307e-09	
262	1.200000e-08	3.828293e-01	6.579740e-01	2.754740e-09	
263	1.200500e-08	3.828360e-01	6.454522e-01	2.629522e-09	
264	1.201500e-08	3.828485e-01	6.204291e-01	2.379291e-09	
265	1.203500e-08	3.828727e-01	5.723839e-01	1.898839e-09	
266	1.207500e-08	3.829187e-01	4.855261e-01	1.030261e-09	
267	1.212500e-08	3.829646e-01	4.040516e-01	2.155161e-10	
268	1.217500e-08	3.829832e-01	3.825356e-01	3.557229e-13	
269	1.222500e-08	3.829825e-01	3.830793e-01	5.793378e-12	
270	1.227500e-08	3.829826e-01	3.829479e-01	4.478831e-12	
271	1.232500e-08	3.829826e-01	3.829796e-01	4.795651e-12	
272	1.237500e-08	3.829826e-01	3.829747e-01	4.747102e-12	
273	1.242500e-08	3.829825e-01	3.829731e-01	4.730931e-12	
274	1.247500e-08	3.829825e-01	3.829762e-01	4.761708e-12	
275	1.252500e-08	3.829825e-01	3.829728e-01	4.727598e-12	
276	1.257500e-08	3.829825e-01	3.829761e-01	4.761111e-12	
277	1.262500e-08	3.829824e-01	3.829728e-01	4.727973e-12	
278	1.267500e-08	3.829824e-01	3.829760e-01	4.759650e-12	
279	1.272500e-08	3.829824e-01	3.829729e-01	4.728510e-12	
280	1.277500e-08	3.829824e-01	3.829758e-01	4.758199e-12	
281	1.282500e-08	3.829823e-01	3.829729e-01	4.728999e-12	
282	1.287500e-08	3.829823e-01	3.829757e-01	4.756807e-12	
283	1.292500e-08	3.829823e-01	3.829729e-01	4.729428e-12	
284	1.297500e-08	3.829823e-01	3.829755e-01	4.755473e-12	
285	1.302500e-08	3.829822e-01	3.829730e-01	4.729801e-12	
286	1.307500e-08	3.829822e-01	3.829754e-01	4.754194e-12	

Index   time            v(cell)         v(bl)           vpre#branch     
--------------------------------------------------------------------------------
287	1.312500e-08	3.829822e-01	3.829730e-01	4.730121e-12	
288	1.317500e-08	3.829822e-01	3.829753e-01	4.752966e-12	
289	1.322500e-08	3.829821e-01	3.829730e-01	4.730392e-12	
290	1.327500e-08	3.829821e-01	3.829752e-01	4.751786e-12	
291	1.332500e-08	3.829821e-01	3.829731e-01	4.730617e-12	
292	1.337500e-08	3.829821e-01	3.829751e-01	4.750651e-12	
293	1.342500e-08	3.829821e-01	3.829731e-01	4.730799e-12	
294	1.347500e-08	3.829820e-01	3.829750e-01	4.749558e-12	
295	1.352500e-08	3.829820e-01	3.829731e-01	4.730940e-12	
296	1.357500e-08	3.829820e-01	3.829749e-01	4.748505e-12	
297	1.362500e-08	3.829820e-01	3.829731e-01	4.731043e-12	
298	1.367500e-08	3.829819e-01	3.829747e-01	4.747489e-12	
299	1.372500e-08	3.829819e-01	3.829731e-01	4.731111e-12	
300	1.377500e-08	3.829819e-01	3.829747e-01	4.746508e-12	
301	1.382500e-08	3.829819e-01	3.829731e-01	4.731145e-12	
302	1.387500e-08	3.829818e-01	3.829746e-01	4.745559e-12	
303	1.392500e-08	3.829818e-01	3.829731e-01	4.731147e-12	
304	1.397500e-08	3.829818e-01	3.829745e-01	4.744641e-12	
305	1.402500e-08	3.829818e-01	3.829731e-01	4.731121e-12	
306	1.407500e-08	3.829818e-01	3.829744e-01	4.743751e-12	
307	1.412500e-08	3.829817e-01	3.829731e-01	4.731067e-12	
308	1.417500e-08	3.829817e-01	3.829743e-01	4.742888e-12	
309	1.422500e-08	3.829817e-01	3.829731e-01	4.730987e-12	
310	1.427500e-08	3.829817e-01	3.829742e-01	4.742050e-12	
311	1.432500e-08	3.829816e-01	3.829731e-01	4.730883e-12	
312	1.437500e-08	3.829816e-01	3.829741e-01	4.741236e-12	
313	1.442500e-08	3.829816e-01	3.829731e-01	4.730756e-12	
314	1.447500e-08	3.829816e-01	3.829740e-01	4.740444e-12	
315	1.452500e-08	3.829815e-01	3.829731e-01	4.730608e-12	
316	1.457500e-08	3.829815e-01	3.829740e-01	4.739672e-12	
317	1.462500e-08	3.829815e-01	3.829730e-01	4.730440e-12	
318	1.467500e-08	3.829815e-01	3.829739e-01	4.738920e-12	
319	1.472500e-08	3.829814e-01	3.829730e-01	4.730254e-12	
320	1.477500e-08	3.829814e-01	3.829738e-01	4.738186e-12	
321	1.482500e-08	3.829814e-01	3.829730e-01	4.730050e-12	
322	1.487500e-08	3.829814e-01	3.829737e-01	4.737469e-12	
323	1.492500e-08	3.829813e-01	3.829730e-01	4.729830e-12	
324	1.497500e-08	3.829813e-01	3.829737e-01	4.736768e-12	
325	1.502500e-08	3.829813e-01	3.829730e-01	4.729595e-12	
326	1.507500e-08	3.829813e-01	3.829736e-01	4.736081e-12	
327	1.512500e-08	3.829813e-01	3.829729e-01	4.729345e-12	
328	1.517500e-08	3.829812e-01	3.829735e-01	4.735409e-12	
329	1.522500e-08	3.829812e-01	3.829729e-01	4.729082e-12	
330	1.527500e-08	3.829812e-01	3.829735e-01	4.734750e-12	
331	1.532500e-08	3.829812e-01	3.829729e-01	4.728806e-12	
332	1.537500e-08	3.829811e-01	3.829734e-01	4.734103e-12	
333	1.542500e-08	3.829811e-01	3.829729e-01	4.728519e-12	
334	1.547500e-08	3.829811e-01	3.829733e-01	4.733468e-12	
335	1.552500e-08	3.829811e-01	3.829728e-01	4.728220e-12	
336	1.557500e-08	3.829810e-01	3.829733e-01	4.732844e-12	
337	1.562500e-08	3.829810e-01	3.829728e-01	4.727911e-12	
338	1.567500e-08	3.829810e-01	3.829732e-01	4.732229e-12	
339	1.572500e-08	3.829810e-01	3.829728e-01	4.727592e-12	
340	1.577500e-08	3.829809e-01	3.829732e-01	4.731624e-12	
341	1.582500e-08	3.829809e-01	3.829727e-01	4.727264e-12	
342	1.587500e-08	3.829809e-01	3.829731e-01	4.731029e-12	
343	1.592500e-08	3.829809e-01	3.829727e-01	4.726928e-12	
344	1.597500e-08	3.829809e-01	3.829730e-01	4.730441e-12	

Index   time            v(cell)         v(bl)           vpre#branch     
--------------------------------------------------------------------------------
345	1.602500e-08	3.829808e-01	3.829727e-01	4.726584e-12	
346	1.607500e-08	3.829808e-01	3.829730e-01	4.729861e-12	
347	1.612500e-08	3.829808e-01	3.829726e-01	4.726232e-12	
348	1.617500e-08	3.829808e-01	3.829729e-01	4.729289e-12	
349	1.622500e-08	3.829807e-01	3.829726e-01	4.725873e-12	
350	1.627500e-08	3.829807e-01	3.829729e-01	4.728723e-12	
351	1.632500e-08	3.829807e-01	3.829726e-01	4.725508e-12	
352	1.637500e-08	3.829807e-01	3.829728e-01	4.728164e-12	
353	1.642500e-08	3.829806e-01	3.829725e-01	4.725136e-12	
354	1.647500e-08	3.829806e-01	3.829728e-01	4.727611e-12	
355	1.652500e-08	3.829806e-01	3.829725e-01	4.724759e-12	
356	1.657500e-08	3.829806e-01	3.829727e-01	4.727064e-12	
357	1.662500e-08	3.829805e-01	3.829724e-01	4.724377e-12	
358	1.667500e-08	3.829805e-01	3.829727e-01	4.726522e-12	
359	1.672500e-08	3.829805e-01	3.829724e-01	4.723989e-12	
360	1.677500e-08	3.829805e-01	3.829726e-01	4.725984e-12	
361	1.682500e-08	3.829805e-01	3.829724e-01	4.723596e-12	
362	1.687500e-08	3.829804e-01	3.829725e-01	4.725452e-12	
363	1.692500e-08	3.829804e-01	3.829723e-01	4.723200e-12	
364	1.697500e-08	3.829804e-01	3.829725e-01	4.724924e-12	
365	1.702500e-08	3.829804e-01	3.829723e-01	4.722799e-12	
366	1.707500e-08	3.829803e-01	3.829724e-01	4.724400e-12	
367	1.712500e-08	3.829803e-01	3.829722e-01	4.722394e-12	
368	1.717500e-08	3.829803e-01	3.829724e-01	4.723880e-12	
369	1.722500e-08	3.829803e-01	3.829722e-01	4.721985e-12	
370	1.727500e-08	3.829802e-01	3.829723e-01	4.723363e-12	
371	1.732500e-08	3.829802e-01	3.829722e-01	4.721573e-12	
372	1.737500e-08	3.829802e-01	3.829723e-01	4.722850e-12	
373	1.742500e-08	3.829802e-01	3.829721e-01	4.721158e-12	
374	1.747500e-08	3.829801e-01	3.829722e-01	4.722340e-12	
375	1.752500e-08	3.829801e-01	3.829721e-01	4.720740e-12	
376	1.757500e-08	3.829801e-01	3.829722e-01	4.721833e-12	
377	1.762500e-08	3.829801e-01	3.829720e-01	4.720319e-12	
378	1.767500e-08	3.829801e-01	3.829721e-01	4.721329e-12	
379	1.772500e-08	3.829800e-01	3.829720e-01	4.719896e-12	
380	1.777500e-08	3.829800e-01	3.829721e-01	4.720828e-12	
381	1.782500e-08	3.829800e-01	3.829719e-01	4.719470e-12	
382	1.787500e-08	3.829800e-01	3.829720e-01	4.720329e-12	
383	1.792500e-08	3.829799e-01	3.829719e-01	4.719042e-12	
384	1.797500e-08	3.829799e-01	3.829720e-01	4.719832e-12	
385	1.802500e-08	3.829799e-01	3.829719e-01	4.718611e-12	
386	1.807500e-08	3.829799e-01	3.829719e-01	4.719337e-12	
387	1.812500e-08	3.829798e-01	3.829718e-01	4.718179e-12	
388	1.817500e-08	3.829798e-01	3.829719e-01	4.718845e-12	
389	1.822500e-08	3.829798e-01	3.829718e-01	4.717745e-12	
390	1.827500e-08	3.829798e-01	3.829718e-01	4.718354e-12	
391	1.832500e-08	3.829797e-01	3.829717e-01	4.717309e-12	
392	1.837500e-08	3.829797e-01	3.829718e-01	4.717865e-12	
393	1.842500e-08	3.829797e-01	3.829717e-01	4.716871e-12	
394	1.847500e-08	3.829797e-01	3.829717e-01	4.717378e-12	
395	1.852500e-08	3.829797e-01	3.829716e-01	4.716432e-12	
396	1.857500e-08	3.829796e-01	3.829717e-01	4.716892e-12	
397	1.862500e-08	3.829796e-01	3.829716e-01	4.715991e-12	
398	1.867500e-08	3.829796e-01	3.829716e-01	4.716408e-12	
399	1.872500e-08	3.829796e-01	3.829716e-01	4.715549e-12	
400	1.877500e-08	3.829795e-01	3.829716e-01	4.715925e-12	
401	1.882500e-08	3.829795e-01	3.829715e-01	4.715106e-12	
402	1.887500e-08	3.829795e-01	3.829715e-01	4.715444e-12	

Index   time            v(cell)         v(bl)           vpre#branch     
--------------------------------------------------------------------------------
403	1.892500e-08	3.829795e-01	3.829715e-01	4.714661e-12	
404	1.897500e-08	3.829794e-01	3.829715e-01	4.714964e-12	
405	1.902500e-08	3.829794e-01	3.829714e-01	4.714216e-12	
406	1.907500e-08	3.829794e-01	3.829714e-01	4.714485e-12	
407	1.912500e-08	3.829794e-01	3.829714e-01	4.713769e-12	
408	1.917500e-08	3.829793e-01	3.829714e-01	4.714007e-12	
409	1.922500e-08	3.829793e-01	3.829713e-01	4.713322e-12	
410	1.927500e-08	3.829793e-01	3.829714e-01	4.713530e-12	
411	1.932500e-08	3.829793e-01	3.829713e-01	4.712873e-12	
412	1.937500e-08	3.829793e-01	3.829713e-01	4.713054e-12	
413	1.942500e-08	3.829792e-01	3.829712e-01	4.712424e-12	
414	1.947500e-08	3.829792e-01	3.829713e-01	4.712579e-12	
415	1.952500e-08	3.829792e-01	3.829712e-01	4.711974e-12	
416	1.957500e-08	3.829792e-01	3.829712e-01	4.712104e-12	
417	1.962500e-08	3.829791e-01	3.829712e-01	4.711523e-12	
418	1.967500e-08	3.829791e-01	3.829712e-01	4.711631e-12	
419	1.972500e-08	3.829791e-01	3.829711e-01	4.711072e-12	
420	1.977500e-08	3.829791e-01	3.829711e-01	4.711158e-12	
421	1.982500e-08	3.829790e-01	3.829711e-01	4.710620e-12	
422	1.987500e-08	3.829790e-01	3.829711e-01	4.710686e-12	
423	1.992500e-08	3.829790e-01	3.829710e-01	4.710167e-12	
424	1.997500e-08	3.829790e-01	3.829710e-01	4.710215e-12	
425	2.002500e-08	3.829789e-01	3.829710e-01	4.709714e-12	
426	2.007500e-08	3.829789e-01	3.829710e-01	4.709744e-12	
427	2.012500e-08	3.829789e-01	3.829709e-01	4.709260e-12	
428	2.017500e-08	3.829789e-01	3.829709e-01	4.709274e-12	
429	2.022500e-08	3.829789e-01	3.829709e-01	4.708806e-12	
430	2.027500e-08	3.829788e-01	3.829709e-01	4.708805e-12	
431	2.032500e-08	3.829788e-01	3.829708e-01	4.708352e-12	
432	2.037500e-08	3.829788e-01	3.829708e-01	4.708336e-12	
433	2.042500e-08	3.829788e-01	3.829708e-01	4.707896e-12	
434	2.047500e-08	3.829787e-01	3.829708e-01	4.707867e-12	
435	2.052500e-08	3.829787e-01	3.829707e-01	4.707441e-12	
436	2.057500e-08	3.829787e-01	3.829707e-01	4.707399e-12	
437	2.062500e-08	3.829787e-01	3.829707e-01	4.706985e-12	
438	2.067500e-08	3.829786e-01	3.829707e-01	4.706931e-12	
439	2.072500e-08	3.829786e-01	3.829707e-01	4.706529e-12	
440	2.077500e-08	3.829786e-01	3.829706e-01	4.706464e-12	
441	2.082500e-08	3.829786e-01	3.829706e-01	4.706073e-12	
442	2.087500e-08	3.829785e-01	3.829706e-01	4.705997e-12	
443	2.092500e-08	3.829785e-01	3.829706e-01	4.705616e-12	
444	2.097500e-08	3.829785e-01	3.829706e-01	4.705531e-12	
445	2.102500e-08	3.829785e-01	3.829705e-01	4.705159e-12	
446	2.107500e-08	3.829785e-01	3.829705e-01	4.705065e-12	
447	2.112500e-08	3.829784e-01	3.829705e-01	4.704702e-12	
448	2.117500e-08	3.829784e-01	3.829705e-01	4.704599e-12	
449	2.122500e-08	3.829784e-01	3.829704e-01	4.704244e-12	
450	2.127500e-08	3.829784e-01	3.829704e-01	4.704133e-12	
451	2.132500e-08	3.829783e-01	3.829704e-01	4.703786e-12	
452	2.137500e-08	3.829783e-01	3.829704e-01	4.703668e-12	
453	2.142500e-08	3.829783e-01	3.829703e-01	4.703329e-12	
454	2.147500e-08	3.829783e-01	3.829703e-01	4.703203e-12	
455	2.152500e-08	3.829782e-01	3.829703e-01	4.702870e-12	
456	2.157500e-08	3.829782e-01	3.829703e-01	4.702738e-12	
457	2.162500e-08	3.829782e-01	3.829702e-01	4.702412e-12	
458	2.167500e-08	3.829782e-01	3.829702e-01	4.702274e-12	
459	2.172500e-08	3.829781e-01	3.829702e-01	4.701954e-12	
460	2.177500e-08	3.829781e-01	3.829702e-01	4.701810e-12	

Index   time            v(cell)         v(bl)           vpre#branch     
--------------------------------------------------------------------------------
461	2.182500e-08	3.829781e-01	3.829701e-01	4.701495e-12	
462	2.187500e-08	3.829781e-01	3.829701e-01	4.701346e-12	
463	2.192500e-08	3.829781e-01	3.829701e-01	4.701037e-12	
464	2.196250e-08	3.829780e-01	3.829701e-01	4.700939e-12	
465	2.200000e-08	3.829780e-01	3.829701e-01	4.700694e-12	
466	2.200500e-08	3.829739e-01	3.795864e-01	-2.91362e-11	
467	2.201500e-08	3.829634e-01	3.747749e-01	-7.72512e-11	
468	2.203500e-08	3.829401e-01	3.689393e-01	-1.35607e-10	
469	2.207500e-08	3.828982e-01	3.587881e-01	-2.37119e-10	
470	2.212500e-08	3.828552e-01	3.432949e-01	-3.92051e-10	
471	2.217500e-08	3.828194e-01	3.238867e-01	-5.86133e-10	
472	2.222500e-08	3.827879e-01	3.021071e-01	-8.03929e-10	
473	2.227500e-08	3.827591e-01	2.792268e-01	-1.03273e-09	
474	2.232500e-08	3.827320e-01	2.560880e-01	-1.26412e-09	
475	2.237500e-08	3.827063e-01	2.332529e-01	-1.49247e-09	
476	2.242500e-08	3.826814e-01	2.111046e-01	-1.71395e-09	
477	2.247500e-08	3.826573e-01	1.899033e-01	-1.92597e-09	
478	2.252500e-08	3.826336e-01	1.698182e-01	-2.12682e-09	
479	2.257500e-08	3.826103e-01	1.508520e-01	-2.31648e-09	
480	2.262500e-08	3.825872e-01	1.330810e-01	-2.49419e-09	
481	2.267500e-08	3.825643e-01	1.166223e-01	-2.65878e-09	
482	2.272500e-08	3.825414e-01	1.014233e-01	-2.81077e-09	
483	2.277500e-08	3.825186e-01	8.741494e-02	-2.95085e-09	
484	2.282500e-08	3.824958e-01	7.451910e-02	-3.07981e-09	
485	2.287500e-08	3.824730e-01	6.265536e-02	-3.19845e-09	
486	2.292500e-08	3.824503e-01	5.174491e-02	-3.30755e-09	
487	2.296250e-08	3.824332e-01	4.414496e-02	-3.38355e-09	
488	2.300000e-08	3.824161e-01	3.700936e-02	-3.45491e-09	
489	2.300500e-08	3.824160e-01	3.988702e-02	-3.42613e-09	
490	2.301500e-08	3.824160e-01	4.559437e-02	-3.36906e-09	
491	2.303500e-08	3.824160e-01	5.672602e-02	-3.25774e-09	
492	2.307500e-08	3.824160e-01	7.790335e-02	-3.04597e-09	
493	2.312500e-08	3.824160e-01	1.024542e-01	-2.80046e-09	
494	2.317500e-08	3.824160e-01	1.250262e-01	-2.57474e-09	
495	2.322500e-08	3.824160e-01	1.457788e-01	-2.36721e-09	
496	2.327500e-08	3.824160e-01	1.648587e-01	-2.17641e-09	
497	2.332500e-08	3.824160e-01	1.824007e-01	-2.00099e-09	
498	2.337500e-08	3.824160e-01	1.985289e-01	-1.83971e-09	
499	2.342500e-08	3.824160e-01	2.133571e-01	-1.69143e-09	
500	2.347500e-08	3.824160e-01	2.269901e-01	-1.55510e-09	
501	2.352500e-08	3.824160e-01	2.395243e-01	-1.42976e-09	
502	2.357500e-08	3.824160e-01	2.510482e-01	-1.31452e-09	
503	2.362500e-08	3.824160e-01	2.616433e-01	-1.20857e-09	
504	2.367500e-08	3.824160e-01	2.713844e-01	-1.11116e-09	
505	2.372500e-08	3.824160e-01	2.803404e-01	-1.02160e-09	
506	2.377500e-08	3.824160e-01	2.885745e-01	-9.39255e-10	
507	2.382500e-08	3.824160e-01	2.961449e-01	-8.63551e-10	
508	2.387500e-08	3.824160e-01	3.031052e-01	-7.93948e-10	
509	2.392500e-08	3.824160e-01	3.095044e-01	-7.29956e-10	
510	2.397500e-08	3.824160e-01	3.153879e-01	-6.71121e-10	
511	2.402500e-08	3.824160e-01	3.207972e-01	-6.17028e-10	
512	2.407500e-08	3.824160e-01	3.257705e-01	-5.67295e-10	
513	2.412500e-08	3.824160e-01	3.303429e-01	-5.21571e-10	
514	2.417500e-08	3.824160e-01	3.345468e-01	-4.79532e-10	
515	2.422500e-08	3.824160e-01	3.384118e-01	-4.40882e-10	
516	2.427500e-08	3.824160e-01	3.419654e-01	-4.05346e-10	
517	2.432500e-08	3.824160e-01	3.452325e-01	-3.72675e-10	
518	2.437500e-08	3.824160e-01	3.482362e-01	-3.42638e-10	

Index   time            v(cell)         v(bl)           vpre#branch     
--------------------------------------------------------------------------------
519	2.442500e-08	3.824160e-01	3.509979e-01	-3.15021e-10	
520	2.447500e-08	3.824160e-01	3.535370e-01	-2.89630e-10	
521	2.452500e-08	3.824160e-01	3.558714e-01	-2.66286e-10	
522	2.457500e-08	3.824160e-01	3.580177e-01	-2.44823e-10	
523	2.462500e-08	3.824160e-01	3.599910e-01	-2.25090e-10	
524	2.467500e-08	3.824160e-01	3.618052e-01	-2.06948e-10	
525	2.472500e-08	3.824160e-01	3.634732e-01	-1.90268e-10	
526	2.477500e-08	3.824160e-01	3.650068e-01	-1.74932e-10	
527	2.482500e-08	3.824160e-01	3.664168e-01	-1.60832e-10	
528	2.487500e-08	3.824160e-01	3.677131e-01	-1.47869e-10	
529	2.492500e-08	3.824160e-01	3.689049e-01	-1.35951e-10	
530	2.497500e-08	3.824160e-01	3.700007e-01	-1.24993e-10	
531	2.502500e-08	3.824160e-01	3.710081e-01	-1.14919e-10	
532	2.507500e-08	3.824160e-01	3.719344e-01	-1.05656e-10	
533	2.512500e-08	3.824160e-01	3.727860e-01	-9.71402e-11	
534	2.517500e-08	3.824160e-01	3.735689e-01	-8.93107e-11	
535	2.522500e-08	3.824160e-01	3.742888e-01	-8.21122e-11	
536	2.527500e-08	3.824160e-01	3.749506e-01	-7.54939e-11	
537	2.532500e-08	3.824160e-01	3.755591e-01	-6.94091e-11	
538	2.537500e-08	3.824160e-01	3.761185e-01	-6.38147e-11	
539	2.542500e-08	3.824160e-01	3.766329e-01	-5.86712e-11	
540	2.547500e-08	3.824160e-01	3.771058e-01	-5.39422e-11	
541	2.552500e-08	3.824160e-01	3.775406e-01	-4.95945e-11	
542	2.557500e-08	3.824160e-01	3.779403e-01	-4.55971e-11	
543	2.562500e-08	3.824160e-01	3.783078e-01	-4.19220e-11	
544	2.567500e-08	3.824160e-01	3.786457e-01	-3.85430e-11	
545	2.572500e-08	3.824160e-01	3.789564e-01	-3.54365e-11	
546	2.577500e-08	3.824160e-01	3.792420e-01	-3.25803e-11	
547	2.582500e-08	3.824160e-01	3.795046e-01	-2.99543e-11	
548	2.587500e-08	3.824160e-01	3.797460e-01	-2.75399e-11	
549	2.592500e-08	3.824160e-01	3.799680e-01	-2.53202e-11	
550	2.597500e-08	3.824160e-01	3.801721e-01	-2.32794e-11	
551	2.602500e-08	3.824160e-01	3.803597e-01	-2.14031e-11	
552	2.607500e-08	3.824160e-01	3.805322e-01	-1.96780e-11	
553	2.612500e-08	3.824160e-01	3.806908e-01	-1.80919e-11	
554	2.617500e-08	3.824160e-01	3.808366e-01	-1.66337e-11	
555	2.622500e-08	3.824160e-01	3.809707e-01	-1.52930e-11	
556	2.627500e-08	3.824160e-01	3.810940e-01	-1.40604e-11	
557	2.632500e-08	3.824160e-01	3.812073e-01	-1.29271e-11	
558	2.637500e-08	3.824160e-01	3.813115e-01	-1.18852e-11	
559	2.642500e-08	3.824160e-01	3.814073e-01	-1.09272e-11	
560	2.647500e-08	3.824160e-01	3.814954e-01	-1.00465e-11	
561	2.652500e-08	3.824160e-01	3.815763e-01	-9.23674e-12	
562	2.657500e-08	3.824160e-01	3.816508e-01	-8.49225e-12	
563	2.662500e-08	3.824160e-01	3.817192e-01	-7.80777e-12	
564	2.667500e-08	3.824160e-01	3.817822e-01	-7.17846e-12	
565	2.672500e-08	3.824160e-01	3.818400e-01	-6.59988e-12	
566	2.677500e-08	3.824160e-01	3.818932e-01	-6.06792e-12	
567	2.682500e-08	3.824160e-01	3.819421e-01	-5.57885e-12	
568	2.687500e-08	3.824160e-01	3.819871e-01	-5.12919e-12	
569	2.692500e-08	3.824160e-01	3.820284e-01	-4.71577e-12	
570	2.697500e-08	3.824160e-01	3.820664e-01	-4.33568e-12	
571	2.702500e-08	3.824160e-01	3.821014e-01	-3.98622e-12	
572	2.707500e-08	3.824160e-01	3.821335e-01	-3.66493e-12	
573	2.712500e-08	3.824160e-01	3.821630e-01	-3.36954e-12	
574	2.717500e-08	3.824160e-01	3.821902e-01	-3.09795e-12	
575	2.722500e-08	3.824160e-01	3.822152e-01	-2.84825e-12	
576	2.727500e-08	3.824160e-01	3.822381e-01	-2.61868e-12	

Index   time            v(cell)         v(bl)           vpre#branch     
--------------------------------------------------------------------------------
577	2.732500e-08	3.824160e-01	3.822592e-01	-2.40762e-12	
578	2.737500e-08	3.824160e-01	3.822786e-01	-2.21356e-12	
579	2.742500e-08	3.824160e-01	3.822965e-01	-2.03515e-12	
580	2.747500e-08	3.824160e-01	3.823129e-01	-1.87111e-12	
581	2.752500e-08	3.824160e-01	3.823280e-01	-1.72030e-12	
582	2.757500e-08	3.824160e-01	3.823418e-01	-1.58164e-12	
583	2.762500e-08	3.824160e-01	3.823546e-01	-1.45416e-12	
584	2.767500e-08	3.824160e-01	3.823663e-01	-1.33696e-12	
585	2.772500e-08	3.824160e-01	3.823771e-01	-1.22920e-12	
586	2.777500e-08	3.824160e-01	3.823870e-01	-1.13012e-12	
587	2.782500e-08	3.824160e-01	3.823961e-01	-1.03903e-12	
588	2.787500e-08	3.824160e-01	3.824045e-01	-9.55288e-13	
589	2.792500e-08	3.824160e-01	3.824122e-01	-8.78291e-13	
590	2.797500e-08	3.824160e-01	3.824192e-01	-8.07501e-13	
591	2.802500e-08	3.824160e-01	3.824258e-01	-7.42416e-13	
592	2.807500e-08	3.824160e-01	3.824317e-01	-6.82577e-13	
593	2.812500e-08	3.824160e-01	3.824372e-01	-6.27561e-13	
594	2.817500e-08	3.824160e-01	3.824423e-01	-5.76979e-13	
595	2.822500e-08	3.824160e-01	3.824470e-01	-5.30474e-13	
596	2.827500e-08	3.824160e-01	3.824512e-01	-4.87718e-13	
597	2.832500e-08	3.824160e-01	3.824552e-01	-4.48407e-13	
598	2.837500e-08	3.824160e-01	3.824588e-01	-4.12266e-13	
599	2.842500e-08	3.824160e-01	3.824621e-01	-3.79037e-13	
600	2.847500e-08	3.824160e-01	3.824652e-01	-3.48486e-13	
601	2.852500e-08	3.824160e-01	3.824680e-01	-3.20398e-13	
602	2.857500e-08	3.824160e-01	3.824705e-01	-2.94574e-13	
603	2.862500e-08	3.824160e-01	3.824729e-01	-2.70831e-13	
604	2.867500e-08	3.824160e-01	3.824751e-01	-2.49002e-13	
605	2.872500e-08	3.824160e-01	3.824771e-01	-2.28932e-13	
606	2.877500e-08	3.824160e-01	3.824790e-01	-2.10480e-13	
607	2.882500e-08	3.824160e-01	3.824806e-01	-1.93516e-13	
608	2.887500e-08	3.824160e-01	3.824822e-01	-1.77918e-13	
609	2.892500e-08	3.824160e-01	3.824836e-01	-1.63578e-13	
610	2.897500e-08	3.824160e-01	3.824850e-01	-1.50393e-13	
611	2.902500e-08	3.824160e-01	3.824862e-01	-1.38272e-13	
612	2.907500e-08	3.824160e-01	3.824873e-01	-1.27127e-13	
613	2.912500e-08	3.824160e-01	3.824883e-01	-1.16881e-13	
614	2.917500e-08	3.824160e-01	3.824893e-01	-1.07460e-13	
615	2.922500e-08	3.824160e-01	3.824901e-01	-9.87986e-14	
616	2.927500e-08	3.824160e-01	3.824909e-01	-9.08354e-14	
617	2.932500e-08	3.824160e-01	3.824916e-01	-8.35141e-14	
618	2.937500e-08	3.824160e-01	3.824923e-01	-7.67828e-14	
619	2.942500e-08	3.824160e-01	3.824929e-01	-7.05941e-14	
620	2.947500e-08	3.824160e-01	3.824935e-01	-6.49042e-14	
621	2.952500e-08	3.824160e-01	3.824940e-01	-5.96729e-14	
622	2.957500e-08	3.824160e-01	3.824945e-01	-5.48633e-14	
623	2.962500e-08	3.824160e-01	3.824950e-01	-5.04413e-14	
624	2.967500e-08	3.824160e-01	3.824954e-01	-4.63757e-14	
625	2.972500e-08	3.824160e-01	3.824957e-01	-4.26379e-14	
626	2.977500e-08	3.824160e-01	3.824961e-01	-3.92012e-14	
627	2.982500e-08	3.824160e-01	3.824964e-01	-3.60416e-14	
628	2.987500e-08	3.824160e-01	3.824967e-01	-3.31367e-14	
629	2.992500e-08	3.824160e-01	3.824970e-01	-3.04659e-14	
630	2.997500e-08	3.824160e-01	3.824972e-01	-2.80103e-14	
631	3.002500e-08	3.824160e-01	3.824974e-01	-2.57527e-14	
632	3.007500e-08	3.824160e-01	3.824976e-01	-2.36771e-14	
633	3.012500e-08	3.824160e-01	3.824978e-01	-2.17687e-14	
634	3.017500e-08	3.824160e-01	3.824980e-01	-2.00142e-14	

Index   time            v(cell)         v(bl)           vpre#branch     
--------------------------------------------------------------------------------
635	3.022500e-08	3.824160e-01	3.824982e-01	-1.84010e-14	
636	3.027500e-08	3.824160e-01	3.824983e-01	-1.69179e-14	
637	3.032500e-08	3.824160e-01	3.824984e-01	-1.55544e-14	
638	3.037500e-08	3.824160e-01	3.824986e-01	-1.43007e-14	
639	3.042500e-08	3.824160e-01	3.824987e-01	-1.31481e-14	
640	3.047500e-08	3.824160e-01	3.824988e-01	-1.20884e-14	
641	3.052500e-08	3.824160e-01	3.824989e-01	-1.11141e-14	
642	3.057500e-08	3.824160e-01	3.824990e-01	-1.02183e-14	
643	3.062500e-08	3.824160e-01	3.824991e-01	-9.39471e-15	
644	3.067500e-08	3.824160e-01	3.824991e-01	-8.63751e-15	
645	3.072500e-08	3.824160e-01	3.824992e-01	-7.94135e-15	
646	3.077500e-08	3.824160e-01	3.824993e-01	-7.30130e-15	
647	3.082500e-08	3.824160e-01	3.824993e-01	-6.71283e-15	
648	3.087500e-08	3.824160e-01	3.824994e-01	-6.17180e-15	
649	3.092500e-08	3.824160e-01	3.824994e-01	-5.67438e-15	
650	3.097500e-08	3.824160e-01	3.824995e-01	-5.21704e-15	
651	3.102500e-08	3.824160e-01	3.824995e-01	-4.79657e-15	
652	3.107500e-08	3.824160e-01	3.824996e-01	-4.40999e-15	
653	3.112500e-08	3.824160e-01	3.824996e-01	-4.05457e-15	
654	3.117500e-08	3.824160e-01	3.824996e-01	-3.72779e-15	
655	3.122500e-08	3.824160e-01	3.824997e-01	-3.42735e-15	
656	3.127500e-08	3.824160e-01	3.824997e-01	-3.15113e-15	
657	3.132500e-08	3.824160e-01	3.824997e-01	-2.89717e-15	
658	3.137500e-08	3.824160e-01	3.824997e-01	-2.66368e-15	
659	3.142500e-08	3.824160e-01	3.824998e-01	-2.44901e-15	
660	3.147500e-08	3.824160e-01	3.824998e-01	-2.25165e-15	
661	3.152500e-08	3.824160e-01	3.824998e-01	-2.07019e-15	
662	3.157500e-08	3.824160e-01	3.824998e-01	-1.90335e-15	
663	3.162500e-08	3.824160e-01	3.824998e-01	-1.74997e-15	
664	3.167500e-08	3.824160e-01	3.824998e-01	-1.60894e-15	
665	3.172500e-08	3.824160e-01	3.824999e-01	-1.47929e-15	
666	3.177500e-08	3.824160e-01	3.824999e-01	-1.36008e-15	
667	3.182500e-08	3.824160e-01	3.824999e-01	-1.25048e-15	
668	3.187500e-08	3.824160e-01	3.824999e-01	-1.14972e-15	
669	3.192500e-08	3.824160e-01	3.824999e-01	-1.05707e-15	
670	3.197500e-08	3.824160e-01	3.824999e-01	-9.71897e-16	
671	3.202500e-08	3.824160e-01	3.824999e-01	-8.93586e-16	
672	3.207500e-08	3.824160e-01	3.824999e-01	-8.21587e-16	
673	3.212500e-08	3.824160e-01	3.824999e-01	-7.55392e-16	
674	3.217500e-08	3.824160e-01	3.824999e-01	-6.94531e-16	
675	3.222500e-08	3.824160e-01	3.824999e-01	-6.38576e-16	
676	3.227500e-08	3.824160e-01	3.824999e-01	-5.87131e-16	
677	3.232500e-08	3.824160e-01	3.824999e-01	-5.39832e-16	
678	3.237500e-08	3.824160e-01	3.825000e-01	-4.96346e-16	
679	3.242500e-08	3.824160e-01	3.825000e-01	-4.56365e-16	
680	3.247500e-08	3.824160e-01	3.825000e-01	-4.19606e-16	
681	3.252500e-08	3.824160e-01	3.825000e-01	-3.85810e-16	
682	3.257500e-08	3.824160e-01	3.825000e-01	-3.54739e-16	
683	3.262500e-08	3.824160e-01	3.825000e-01	-3.26171e-16	
684	3.267500e-08	3.824160e-01	3.825000e-01	-2.99906e-16	
685	3.272500e-08	3.824160e-01	3.825000e-01	-2.75758e-16	
686	3.277500e-08	3.824160e-01	3.825000e-01	-2.53556e-16	
687	3.282500e-08	3.824160e-01	3.825000e-01	-2.33144e-16	
688	3.287500e-08	3.824160e-01	3.825000e-01	-2.14377e-16	
689	3.292500e-08	3.824160e-01	3.825000e-01	-1.97122e-16	
690	3.297500e-08	3.824160e-01	3.825000e-01	-1.81258e-16	
691	3.302500e-08	3.824160e-01	3.825000e-01	-1.66673e-16	
692	3.307500e-08	3.824160e-01	3.825000e-01	-1.53264e-16	

Index   time            v(cell)         v(bl)           vpre#branch     
--------------------------------------------------------------------------------
693	3.312500e-08	3.824160e-01	3.825000e-01	-1.40935e-16	
694	3.317500e-08	3.824160e-01	3.825000e-01	-1.29600e-16	
695	3.322500e-08	3.824160e-01	3.825000e-01	-1.19179e-16	
696	3.327500e-08	3.824160e-01	3.825000e-01	-1.09597e-16	
697	3.332500e-08	3.824160e-01	3.825000e-01	-1.00788e-16	
698	3.337500e-08	3.824160e-01	3.825000e-01	-9.26892e-17	
699	3.342500e-08	3.824160e-01	3.825000e-01	-8.52429e-17	
700	3.347500e-08	3.824160e-01	3.825000e-01	-7.83967e-17	
701	3.352500e-08	3.824160e-01	3.825000e-01	-7.21024e-17	
702	3.357500e-08	3.824160e-01	3.825000e-01	-6.63154e-17	
703	3.362500e-08	3.824160e-01	3.825000e-01	-6.09948e-17	
704	3.367500e-08	3.824160e-01	3.825000e-01	-5.61031e-17	
705	3.372500e-08	3.824160e-01	3.825000e-01	-5.16056e-17	
706	3.377500e-08	3.824160e-01	3.825000e-01	-4.74706e-17	
707	3.382500e-08	3.824160e-01	3.825000e-01	-4.36690e-17	
708	3.387500e-08	3.824160e-01	3.825000e-01	-4.01737e-17	
709	3.392500e-08	3.824160e-01	3.825000e-01	-3.69602e-17	
710	3.397500e-08	3.824160e-01	3.825000e-01	-3.40056e-17	
711	3.402500e-08	3.824160e-01	3.825000e-01	-3.12892e-17	
712	3.407500e-08	3.824160e-01	3.825000e-01	-2.87917e-17	
713	3.412500e-08	3.824160e-01	3.825000e-01	-2.64955e-17	
714	3.417500e-08	3.824160e-01	3.825000e-01	-2.43844e-17	
715	3.422500e-08	3.824160e-01	3.825000e-01	-2.24435e-17	
716	3.427500e-08	3.824160e-01	3.825000e-01	-2.06590e-17	
717	3.432500e-08	3.824160e-01	3.825000e-01	-1.90184e-17	
718	3.437500e-08	3.824160e-01	3.825000e-01	-1.75100e-17	
719	3.442500e-08	3.824160e-01	3.825000e-01	-1.61231e-17	
720	3.447500e-08	3.824160e-01	3.825000e-01	-1.48481e-17	
721	3.452500e-08	3.824160e-01	3.825000e-01	-1.36758e-17	
722	3.457500e-08	3.824160e-01	3.825000e-01	-1.25980e-17	
723	3.462500e-08	3.824160e-01	3.825000e-01	-1.16070e-17	
724	3.467500e-08	3.824160e-01	3.825000e-01	-1.06959e-17	
725	3.472500e-08	3.824160e-01	3.825000e-01	-9.85828e-18	
726	3.477500e-08	3.824160e-01	3.825000e-01	-9.08817e-18	
727	3.482500e-08	3.824160e-01	3.825000e-01	-8.38014e-18	
728	3.487500e-08	3.824160e-01	3.825000e-01	-7.72918e-18	
729	3.492500e-08	3.824160e-01	3.825000e-01	-7.13068e-18	
730	3.497500e-08	3.824160e-01	3.825000e-01	-6.58042e-18	
731	3.502500e-08	3.824160e-01	3.825000e-01	-6.07452e-18	
732	3.507500e-08	3.824160e-01	3.825000e-01	-5.60939e-18	
733	3.512500e-08	3.824160e-01	3.825000e-01	-5.18175e-18	
734	3.517500e-08	3.824160e-01	3.825000e-01	-4.78858e-18	
735	3.522500e-08	3.824160e-01	3.825000e-01	-4.42710e-18	
736	3.527500e-08	3.824160e-01	3.825000e-01	-4.09468e-18	
737	3.532500e-08	3.824160e-01	3.825000e-01	-3.78906e-18	
738	3.537500e-08	3.824160e-01	3.825000e-01	-3.50814e-18	
739	3.542500e-08	3.824160e-01	3.825000e-01	-3.24986e-18	
740	3.547500e-08	3.824160e-01	3.825000e-01	-3.01240e-18	
741	3.552500e-08	3.824160e-01	3.825000e-01	-2.79408e-18	
742	3.557500e-08	3.824160e-01	3.825000e-01	-2.59336e-18	
743	3.562500e-08	3.824160e-01	3.825000e-01	-2.40881e-18	
744	3.567500e-08	3.824160e-01	3.825000e-01	-2.23914e-18	
745	3.572500e-08	3.824160e-01	3.825000e-01	-2.08315e-18	
746	3.577500e-08	3.824160e-01	3.825000e-01	-1.93972e-18	
747	3.582500e-08	3.824160e-01	3.825000e-01	-1.80786e-18	
748	3.587500e-08	3.824160e-01	3.825000e-01	-1.68663e-18	
749	3.592500e-08	3.824160e-01	3.825000e-01	-1.57517e-18	
750	3.597500e-08	3.824160e-01	3.825000e-01	-1.47269e-18	

Index   time            v(cell)         v(bl)           vpre#branch     
--------------------------------------------------------------------------------
751	3.602500e-08	3.824160e-01	3.825000e-01	-1.37847e-18	
752	3.607500e-08	3.824160e-01	3.825000e-01	-1.29185e-18	
753	3.612500e-08	3.824160e-01	3.825000e-01	-1.21220e-18	
754	3.617500e-08	3.824160e-01	3.825000e-01	-1.13898e-18	
755	3.622500e-08	3.824160e-01	3.825000e-01	-1.07165e-18	
756	3.627500e-08	3.824160e-01	3.825000e-01	-1.00976e-18	
757	3.632500e-08	3.824160e-01	3.825000e-01	-9.52853e-19	
758	3.637500e-08	3.824160e-01	3.825000e-01	-9.00535e-19	
759	3.642500e-08	3.824160e-01	3.825000e-01	-8.52362e-19	
760	3.647500e-08	3.824160e-01	3.825000e-01	-8.08076e-19	
761	3.652500e-08	3.824160e-01	3.825000e-01	-7.67425e-19	
762	3.657500e-08	3.824160e-01	3.825000e-01	-7.30053e-19	
763	3.662500e-08	3.824160e-01	3.825000e-01	-6.95690e-19	
764	3.667500e-08	3.824160e-01	3.825000e-01	-6.64097e-19	
765	3.672500e-08	3.824160e-01	3.825000e-01	-6.35051e-19	
766	3.677500e-08	3.824160e-01	3.825000e-01	-6.08279e-19	
767	3.682500e-08	3.824160e-01	3.825000e-01	-5.83664e-19	
768	3.687500e-08	3.824160e-01	3.825000e-01	-5.61101e-19	
769	3.692500e-08	3.824160e-01	3.825000e-01	-5.40357e-19	
770	3.697500e-08	3.824160e-01	3.825000e-01	-5.21285e-19	
771	3.702500e-08	3.824160e-01	3.825000e-01	-5.03748e-19	
772	3.707500e-08	3.824160e-01	3.825000e-01	-4.87626e-19	
773	3.712500e-08	3.824160e-01	3.825000e-01	-4.72804e-19	
774	3.717500e-08	3.824160e-01	3.825000e-01	-4.59177e-19	
775	3.722500e-08	3.824160e-01	3.825000e-01	-4.46647e-19	
776	3.727500e-08	3.824160e-01	3.825000e-01	-4.35128e-19	
777	3.732500e-08	3.824160e-01	3.825000e-01	-4.24536e-19	
778	3.737500e-08	3.824160e-01	3.825000e-01	-4.14800e-19	
779	3.742500e-08	3.824160e-01	3.825000e-01	-4.05847e-19	
780	3.747500e-08	3.824160e-01	3.825000e-01	-3.97617e-19	
781	3.752500e-08	3.824160e-01	3.825000e-01	-3.90050e-19	
782	3.757500e-08	3.824160e-01	3.825000e-01	-3.83093e-19	
783	3.762500e-08	3.824160e-01	3.825000e-01	-3.76697e-19	
784	3.767500e-08	3.824160e-01	3.825000e-01	-3.70816e-19	
785	3.772500e-08	3.824160e-01	3.825000e-01	-3.65407e-19	
786	3.777500e-08	3.824160e-01	3.825000e-01	-3.60436e-19	
787	3.782500e-08	3.824160e-01	3.825000e-01	-3.55865e-19	
788	3.787500e-08	3.824160e-01	3.825000e-01	-3.51593e-19	
789	3.792500e-08	3.824160e-01	3.825000e-01	-3.47667e-19	
790	3.797500e-08	3.824160e-01	3.825000e-01	-3.44125e-19	
791	3.802500e-08	3.824160e-01	3.825000e-01	-3.40868e-19	
792	3.807500e-08	3.824160e-01	3.825000e-01	-3.37875e-19	
793	3.812500e-08	3.824160e-01	3.825000e-01	-3.35126e-19	
794	3.817500e-08	3.824160e-01	3.825000e-01	-3.32594e-19	
795	3.822500e-08	3.824160e-01	3.825000e-01	-3.30200e-19	
796	3.827500e-08	3.824160e-01	3.825000e-01	-3.27999e-19	
797	3.832500e-08	3.824160e-01	3.825000e-01	-3.26041e-19	
798	3.837500e-08	3.824160e-01	3.825000e-01	-3.24244e-19	
799	3.842500e-08	3.824160e-01	3.825000e-01	-3.22522e-19	
800	3.847500e-08	3.824160e-01	3.825000e-01	-3.20939e-19	
801	3.852500e-08	3.824160e-01	3.825000e-01	-3.19551e-19	
802	3.857500e-08	3.824160e-01	3.825000e-01	-3.18277e-19	
803	3.862500e-08	3.824160e-01	3.825000e-01	-3.17104e-19	
804	3.867500e-08	3.824160e-01	3.825000e-01	-3.16026e-19	
805	3.872500e-08	3.824160e-01	3.825000e-01	-3.15036e-19	
806	3.877500e-08	3.824160e-01	3.825000e-01	-3.14124e-19	
807	3.882500e-08	3.824160e-01	3.825000e-01	-3.13286e-19	
808	3.887500e-08	3.824160e-01	3.825000e-01	-3.12514e-19	

Index   time            v(cell)         v(bl)           vpre#branch     
--------------------------------------------------------------------------------
809	3.892500e-08	3.824160e-01	3.825000e-01	-3.11738e-19	
810	3.897500e-08	3.824160e-01	3.825000e-01	-3.11022e-19	
811	3.902500e-08	3.824160e-01	3.825000e-01	-3.10436e-19	
812	3.907500e-08	3.824160e-01	3.825000e-01	-3.09826e-19	
813	3.912500e-08	3.824160e-01	3.825000e-01	-3.09267e-19	
814	3.917500e-08	3.824160e-01	3.825000e-01	-3.08820e-19	
815	3.922500e-08	3.824160e-01	3.825000e-01	-3.08409e-19	
816	3.927500e-08	3.824160e-01	3.825000e-01	-3.08032e-19	
817	3.932500e-08	3.824160e-01	3.825000e-01	-3.07616e-19	
818	3.937500e-08	3.824160e-01	3.825000e-01	-3.07167e-19	
819	3.942500e-08	3.824160e-01	3.825000e-01	-3.06822e-19	
820	3.947500e-08	3.824160e-01	3.825000e-01	-3.06571e-19	
821	3.952500e-08	3.824160e-01	3.825000e-01	-3.06341e-19	
822	3.957500e-08	3.824160e-01	3.825000e-01	-3.06131e-19	
823	3.962500e-08	3.824160e-01	3.825000e-01	-3.05938e-19	
824	3.967500e-08	3.824160e-01	3.825000e-01	-3.05761e-19	
825	3.972500e-08	3.824160e-01	3.825000e-01	-3.05596e-19	
826	3.977500e-08	3.824160e-01	3.825000e-01	-3.05447e-19	
827	3.982500e-08	3.824160e-01	3.825000e-01	-3.05240e-19	
828	3.987500e-08	3.824160e-01	3.825000e-01	-3.05048e-19	
829	3.992500e-08	3.824160e-01	3.825000e-01	-3.04941e-19	
830	3.996250e-08	3.824160e-01	3.825000e-01	-3.04880e-19	
831	4.000000e-08	3.824160e-01	3.825000e-01	-3.04846e-19	


Total analysis time (seconds) = 0.0517395

Total elapsed time (seconds) = 0.061 

Total DRAM available = 386307.215 MB.
DRAM currently available = 7564.789 MB.
Maximum ngspice program size =  529.723 MB.
Current ngspice program size =   14.160 MB.

Shared ngspice pages =   12.344 MB.
Text (code) pages =    6.266 MB.
Stack = 0 bytes.
Library pages =   59.141 MB.

