
Note: No compatibility mode selected!


Circuit: * id-vd sweep vgs=0.8797v

Doing analysis at TEMP = 125.000000 and TNOM = 27.000000

Using SPARSE 1.3 as Direct Linear Solver

No. of Data Rows : 101
                           * id-vd sweep vgs=0.8797v
                           DC transfer characteristic  Wed Jun 24 01:12:27  2026
--------------------------------------------------------------------------------
Index   v-sweep         vd#branch       v(d)            
--------------------------------------------------------------------------------
0	0.000000e+00	0.000000e+00	0.000000e+00	
1	7.650000e-03	-5.87798e-08	7.650000e-03	
2	1.530000e-02	-1.16875e-07	1.530000e-02	
3	2.295000e-02	-1.73655e-07	2.295000e-02	
4	3.060000e-02	-2.28328e-07	3.060000e-02	
5	3.825000e-02	-2.80002e-07	3.825000e-02	
6	4.590000e-02	-3.27706e-07	4.590000e-02	
7	5.355000e-02	-3.70329e-07	5.355000e-02	
8	6.120000e-02	-4.06837e-07	6.120000e-02	
9	6.885000e-02	-4.36863e-07	6.885000e-02	
10	7.650000e-02	-4.60996e-07	7.650000e-02	
11	8.415000e-02	-4.80389e-07	8.415000e-02	
12	9.180000e-02	-4.96216e-07	9.180000e-02	
13	9.945000e-02	-5.09413e-07	9.945000e-02	
14	1.071000e-01	-5.20657e-07	1.071000e-01	
15	1.147500e-01	-5.30417e-07	1.147500e-01	
16	1.224000e-01	-5.39554e-07	1.224000e-01	
17	1.300500e-01	-5.47144e-07	1.300500e-01	
18	1.377000e-01	-5.54009e-07	1.377000e-01	
19	1.453500e-01	-5.60277e-07	1.453500e-01	
20	1.530000e-01	-5.66042e-07	1.530000e-01	
21	1.606500e-01	-5.71375e-07	1.606500e-01	
22	1.683000e-01	-5.76336e-07	1.683000e-01	
23	1.759500e-01	-5.80972e-07	1.759500e-01	
24	1.836000e-01	-5.85322e-07	1.836000e-01	
25	1.912500e-01	-5.89418e-07	1.912500e-01	
26	1.989000e-01	-5.93289e-07	1.989000e-01	
27	2.065500e-01	-5.96956e-07	2.065500e-01	
28	2.142000e-01	-6.00440e-07	2.142000e-01	
29	2.218500e-01	-6.03757e-07	2.218500e-01	
30	2.295000e-01	-6.06923e-07	2.295000e-01	
31	2.371500e-01	-6.09951e-07	2.371500e-01	
32	2.448000e-01	-6.12852e-07	2.448000e-01	
33	2.524500e-01	-6.15635e-07	2.524500e-01	
34	2.601000e-01	-6.18311e-07	2.601000e-01	
35	2.677500e-01	-6.20886e-07	2.677500e-01	
36	2.754000e-01	-6.23368e-07	2.754000e-01	
37	2.830500e-01	-6.25763e-07	2.830500e-01	
38	2.907000e-01	-6.28077e-07	2.907000e-01	
39	2.983500e-01	-6.30316e-07	2.983500e-01	
40	3.060000e-01	-6.32483e-07	3.060000e-01	
41	3.136500e-01	-6.34583e-07	3.136500e-01	
42	3.213000e-01	-6.36621e-07	3.213000e-01	
43	3.289500e-01	-6.38599e-07	3.289500e-01	
44	3.366000e-01	-6.40522e-07	3.366000e-01	
45	3.442500e-01	-6.42391e-07	3.442500e-01	
46	3.519000e-01	-6.44210e-07	3.519000e-01	
47	3.595500e-01	-6.45981e-07	3.595500e-01	
48	3.672000e-01	-6.47707e-07	3.672000e-01	
49	3.748500e-01	-6.49391e-07	3.748500e-01	
50	3.825000e-01	-6.51033e-07	3.825000e-01	
51	3.901500e-01	-6.52636e-07	3.901500e-01	
52	3.978000e-01	-6.54202e-07	3.978000e-01	
53	4.054500e-01	-6.55732e-07	4.054500e-01	
54	4.131000e-01	-6.57228e-07	4.131000e-01	

Index   v-sweep         vd#branch       v(d)            
--------------------------------------------------------------------------------
55	4.207500e-01	-6.58692e-07	4.207500e-01	
56	4.284000e-01	-6.60124e-07	4.284000e-01	
57	4.360500e-01	-6.61527e-07	4.360500e-01	
58	4.437000e-01	-6.62901e-07	4.437000e-01	
59	4.513500e-01	-6.64247e-07	4.513500e-01	
60	4.590000e-01	-6.65566e-07	4.590000e-01	
61	4.666500e-01	-6.66860e-07	4.666500e-01	
62	4.743000e-01	-6.68130e-07	4.743000e-01	
63	4.819500e-01	-6.69376e-07	4.819500e-01	
64	4.896000e-01	-6.70599e-07	4.896000e-01	
65	4.972500e-01	-6.71800e-07	4.972500e-01	
66	5.049000e-01	-6.72980e-07	5.049000e-01	
67	5.125500e-01	-6.74139e-07	5.125500e-01	
68	5.202000e-01	-6.75278e-07	5.202000e-01	
69	5.278500e-01	-6.76398e-07	5.278500e-01	
70	5.355000e-01	-6.77500e-07	5.355000e-01	
71	5.431500e-01	-6.78584e-07	5.431500e-01	
72	5.508000e-01	-6.79650e-07	5.508000e-01	
73	5.584500e-01	-6.80700e-07	5.584500e-01	
74	5.661000e-01	-6.81733e-07	5.661000e-01	
75	5.737500e-01	-6.82750e-07	5.737500e-01	
76	5.814000e-01	-6.83752e-07	5.814000e-01	
77	5.890500e-01	-6.84740e-07	5.890500e-01	
78	5.967000e-01	-6.85712e-07	5.967000e-01	
79	6.043500e-01	-6.86671e-07	6.043500e-01	
80	6.120000e-01	-6.87616e-07	6.120000e-01	
81	6.196500e-01	-6.88547e-07	6.196500e-01	
82	6.273000e-01	-6.89466e-07	6.273000e-01	
83	6.349500e-01	-6.90372e-07	6.349500e-01	
84	6.426000e-01	-6.91266e-07	6.426000e-01	
85	6.502500e-01	-6.92148e-07	6.502500e-01	
86	6.579000e-01	-6.93018e-07	6.579000e-01	
87	6.655500e-01	-6.93877e-07	6.655500e-01	
88	6.732000e-01	-6.94725e-07	6.732000e-01	
89	6.808500e-01	-6.95562e-07	6.808500e-01	
90	6.885000e-01	-6.96389e-07	6.885000e-01	
91	6.961500e-01	-6.97205e-07	6.961500e-01	
92	7.038000e-01	-6.98012e-07	7.038000e-01	
93	7.114500e-01	-6.98809e-07	7.114500e-01	
94	7.191000e-01	-6.99596e-07	7.191000e-01	
95	7.267500e-01	-7.00374e-07	7.267500e-01	
96	7.344000e-01	-7.01143e-07	7.344000e-01	
97	7.420500e-01	-7.01903e-07	7.420500e-01	
98	7.497000e-01	-7.02654e-07	7.497000e-01	
99	7.573500e-01	-7.03397e-07	7.573500e-01	
100	7.650000e-01	-7.04131e-07	7.650000e-01	


Total analysis time (seconds) = 0.00718235

Total elapsed time (seconds) = 0.012 

Total DRAM available = 386307.215 MB.
DRAM currently available = 7576.250 MB.
Maximum ngspice program size =  529.727 MB.
Current ngspice program size =   13.980 MB.

Shared ngspice pages =   12.219 MB.
Text (code) pages =    6.266 MB.
Stack = 0 bytes.
Library pages =   59.145 MB.

