
Note: No compatibility mode selected!


Circuit: * id-vg sweep vds=0.3825v

Doing analysis at TEMP = 125.000000 and TNOM = 27.000000

Using SPARSE 1.3 as Direct Linear Solver

No. of Data Rows : 201

  Measurements for DC Analysis

ion                 =  -4.55678e-07 at=  7.65000e-01
ioff                =  -1.08556e-12

                           * id-vg sweep vds=0.3825v
                           DC transfer characteristic  Tue Jun 23 23:59:15  2026
--------------------------------------------------------------------------------
Index   v-sweep         vd#branch       
--------------------------------------------------------------------------------
0	0.000000e+00	-1.08556e-12	
1	3.825000e-03	-1.18980e-12	
2	7.650000e-03	-1.30970e-12	
3	1.147500e-02	-1.44169e-12	
4	1.530000e-02	-1.58698e-12	
5	1.912500e-02	-1.74692e-12	
6	2.295000e-02	-1.92297e-12	
7	2.677500e-02	-2.11676e-12	
8	3.060000e-02	-2.33008e-12	
9	3.442500e-02	-2.56490e-12	
10	3.825000e-02	-2.82338e-12	
11	4.207500e-02	-3.10791e-12	
12	4.590000e-02	-3.42111e-12	
13	4.972500e-02	-3.76588e-12	
14	5.355000e-02	-4.14538e-12	
15	5.737500e-02	-4.56313e-12	
16	6.120000e-02	-5.02297e-12	
17	6.502500e-02	-5.52915e-12	
18	6.885000e-02	-6.08633e-12	
19	7.267500e-02	-6.69965e-12	
20	7.650000e-02	-7.37478e-12	
21	8.032500e-02	-8.11792e-12	
22	8.415000e-02	-8.93595e-12	
23	8.797500e-02	-9.83639e-12	
24	9.180000e-02	-1.08275e-11	
25	9.562500e-02	-1.19186e-11	
26	9.945000e-02	-1.31195e-11	
27	1.032750e-01	-1.44414e-11	
28	1.071000e-01	-1.58965e-11	
29	1.109250e-01	-1.74981e-11	
30	1.147500e-01	-1.92611e-11	
31	1.185750e-01	-2.12017e-11	
32	1.224000e-01	-2.33376e-11	
33	1.262250e-01	-2.56887e-11	
34	1.300500e-01	-2.82766e-11	
35	1.338750e-01	-3.11250e-11	
36	1.377000e-01	-3.42602e-11	
37	1.415250e-01	-3.77111e-11	
38	1.453500e-01	-4.15093e-11	
39	1.491750e-01	-4.56899e-11	
40	1.530000e-01	-5.02911e-11	
41	1.568250e-01	-5.53554e-11	
42	1.606500e-01	-6.09292e-11	
43	1.644750e-01	-6.70636e-11	
44	1.683000e-01	-7.38150e-11	
45	1.721250e-01	-8.12453e-11	
46	1.759500e-01	-8.94225e-11	
47	1.797750e-01	-9.84215e-11	
48	1.836000e-01	-1.08325e-10	
49	1.874250e-01	-1.19223e-10	
50	1.912500e-01	-1.31215e-10	
51	1.950750e-01	-1.44411e-10	
52	1.989000e-01	-1.58931e-10	
53	2.027250e-01	-1.74907e-10	
54	2.065500e-01	-1.92484e-10	

Index   v-sweep         vd#branch       
--------------------------------------------------------------------------------
55	2.103750e-01	-2.11823e-10	
56	2.142000e-01	-2.33098e-10	
57	2.180250e-01	-2.56501e-10	
58	2.218500e-01	-2.82245e-10	
59	2.256750e-01	-3.11893e-10	
60	2.295000e-01	-3.43166e-10	
61	2.333250e-01	-3.77559e-10	
62	2.371500e-01	-4.15377e-10	
63	2.409750e-01	-4.56957e-10	
64	2.448000e-01	-5.02670e-10	
65	2.486250e-01	-5.52918e-10	
66	2.524500e-01	-6.08144e-10	
67	2.562750e-01	-6.68832e-10	
68	2.601000e-01	-7.35511e-10	
69	2.639250e-01	-8.08759e-10	
70	2.677500e-01	-8.89207e-10	
71	2.715750e-01	-9.77543e-10	
72	2.754000e-01	-1.07452e-09	
73	2.792250e-01	-1.18095e-09	
74	2.830500e-01	-1.29772e-09	
75	2.868750e-01	-1.42580e-09	
76	2.907000e-01	-1.56624e-09	
77	2.945250e-01	-1.72016e-09	
78	2.983500e-01	-1.88880e-09	
79	3.021750e-01	-2.07349e-09	
80	3.060000e-01	-2.27564e-09	
81	3.098250e-01	-2.49681e-09	
82	3.136500e-01	-2.73863e-09	
83	3.174750e-01	-3.00288e-09	
84	3.213000e-01	-3.29144e-09	
85	3.251250e-01	-3.60633e-09	
86	3.289500e-01	-3.94969e-09	
87	3.327750e-01	-4.32379e-09	
88	3.366000e-01	-4.73100e-09	
89	3.404250e-01	-5.17385e-09	
90	3.442500e-01	-5.65497e-09	
91	3.480750e-01	-6.17709e-09	
92	3.519000e-01	-6.74307e-09	
93	3.557250e-01	-7.35584e-09	
94	3.595500e-01	-8.01842e-09	
95	3.633750e-01	-8.73388e-09	
96	3.672000e-01	-9.50535e-09	
97	3.710250e-01	-1.03360e-08	
98	3.748500e-01	-1.12289e-08	
99	3.786750e-01	-1.21872e-08	
100	3.825000e-01	-1.32139e-08	
101	3.863250e-01	-1.43121e-08	
102	3.901500e-01	-1.54846e-08	
103	3.939750e-01	-1.67341e-08	
104	3.978000e-01	-1.80633e-08	
105	4.016250e-01	-1.94744e-08	
106	4.054500e-01	-2.09697e-08	
107	4.092750e-01	-2.25512e-08	
108	4.131000e-01	-2.42207e-08	
109	4.169250e-01	-2.59795e-08	
110	4.207500e-01	-2.78291e-08	
111	4.245750e-01	-2.97704e-08	
112	4.284000e-01	-3.18043e-08	

Index   v-sweep         vd#branch       
--------------------------------------------------------------------------------
113	4.322250e-01	-3.39313e-08	
114	4.360500e-01	-3.61516e-08	
115	4.398750e-01	-3.84655e-08	
116	4.437000e-01	-4.08728e-08	
117	4.475250e-01	-4.33731e-08	
118	4.513500e-01	-4.59199e-08	
119	4.551750e-01	-4.86052e-08	
120	4.590000e-01	-5.13816e-08	
121	4.628250e-01	-5.42483e-08	
122	4.666500e-01	-5.72042e-08	
123	4.704750e-01	-6.02481e-08	
124	4.743000e-01	-6.33787e-08	
125	4.781250e-01	-6.65946e-08	
126	4.819500e-01	-6.98945e-08	
127	4.857750e-01	-7.32769e-08	
128	4.896000e-01	-7.67401e-08	
129	4.934250e-01	-8.02828e-08	
130	4.972500e-01	-8.39032e-08	
131	5.010750e-01	-8.75998e-08	
132	5.049000e-01	-9.13710e-08	
133	5.087250e-01	-9.52151e-08	
134	5.125500e-01	-9.91305e-08	
135	5.163750e-01	-1.03116e-07	
136	5.202000e-01	-1.07169e-07	
137	5.240250e-01	-1.11288e-07	
138	5.278500e-01	-1.15473e-07	
139	5.316750e-01	-1.19721e-07	
140	5.355000e-01	-1.24031e-07	
141	5.393250e-01	-1.28401e-07	
142	5.431500e-01	-1.32830e-07	
143	5.469750e-01	-1.37316e-07	
144	5.508000e-01	-1.41858e-07	
145	5.546250e-01	-1.46455e-07	
146	5.584500e-01	-1.51105e-07	
147	5.622750e-01	-1.55807e-07	
148	5.661000e-01	-1.60560e-07	
149	5.699250e-01	-1.65362e-07	
150	5.737500e-01	-1.70213e-07	
151	5.775750e-01	-1.75111e-07	
152	5.814000e-01	-1.80054e-07	
153	5.852250e-01	-1.85042e-07	
154	5.890500e-01	-1.90074e-07	
155	5.928750e-01	-1.95149e-07	
156	5.967000e-01	-2.00266e-07	
157	6.005250e-01	-2.05423e-07	
158	6.043500e-01	-2.10620e-07	
159	6.081750e-01	-2.15856e-07	
160	6.120000e-01	-2.21129e-07	
161	6.158250e-01	-2.26440e-07	
162	6.196500e-01	-2.31788e-07	
163	6.234750e-01	-2.37170e-07	
164	6.273000e-01	-2.42588e-07	
165	6.311250e-01	-2.48039e-07	
166	6.349500e-01	-2.53524e-07	
167	6.387750e-01	-2.59041e-07	
168	6.426000e-01	-2.64590e-07	
169	6.464250e-01	-2.70170e-07	
170	6.502500e-01	-2.75781e-07	

Index   v-sweep         vd#branch       
--------------------------------------------------------------------------------
171	6.540750e-01	-2.81422e-07	
172	6.579000e-01	-2.87091e-07	
173	6.617250e-01	-2.92790e-07	
174	6.655500e-01	-2.98517e-07	
175	6.693750e-01	-3.04271e-07	
176	6.732000e-01	-3.10052e-07	
177	6.770250e-01	-3.15859e-07	
178	6.808500e-01	-3.21693e-07	
179	6.846750e-01	-3.27552e-07	
180	6.885000e-01	-3.33436e-07	
181	6.923250e-01	-3.39344e-07	
182	6.961500e-01	-3.45276e-07	
183	6.999750e-01	-3.51232e-07	
184	7.038000e-01	-3.57211e-07	
185	7.076250e-01	-3.63212e-07	
186	7.114500e-01	-3.69236e-07	
187	7.152750e-01	-3.75281e-07	
188	7.191000e-01	-3.81348e-07	
189	7.229250e-01	-3.87436e-07	
190	7.267500e-01	-3.93544e-07	
191	7.305750e-01	-3.99673e-07	
192	7.344000e-01	-4.05821e-07	
193	7.382250e-01	-4.11989e-07	
194	7.420500e-01	-4.18176e-07	
195	7.458750e-01	-4.24382e-07	
196	7.497000e-01	-4.30606e-07	
197	7.535250e-01	-4.36848e-07	
198	7.573500e-01	-4.43107e-07	
199	7.611750e-01	-4.49384e-07	
200	7.650000e-01	-4.55678e-07	


Total analysis time (seconds) = 0.0166076

Total elapsed time (seconds) = 0.024 

Total DRAM available = 386307.215 MB.
DRAM currently available = 2092.633 MB.
Maximum ngspice program size =  529.723 MB.
Current ngspice program size =   14.078 MB.

Shared ngspice pages =   12.320 MB.
Text (code) pages =    6.266 MB.
Stack = 0 bytes.
Library pages =   59.141 MB.

