
Note: No compatibility mode selected!


Circuit: * id-vd sweep vgs=0.7500v

Warning: Model issue on line 7 :
  .model nfet bsimcmg_va type=1 bulkmod=0 bulkmod=0 igcmod=0 igbmod=0 gidl ...
unrecognized parameter (sasatcv) - ignored

Doing analysis at TEMP = -40.000000 and TNOM = 27.000000

Using SPARSE 1.3 as Direct Linear Solver

No. of Data Rows : 101
                           * id-vd sweep vgs=0.7500v
                           DC transfer characteristic  Tue Jun 23 16:45:08  2026
--------------------------------------------------------------------------------
Index   v-sweep         vd#branch       v(d)            
--------------------------------------------------------------------------------
0	0.000000e+00	0.000000e+00	0.000000e+00	
1	7.500000e-03	-3.86053e-07	7.500000e-03	
2	1.500000e-02	-7.63722e-07	1.500000e-02	
3	2.250000e-02	-1.12513e-06	2.250000e-02	
4	3.000000e-02	-1.46162e-06	3.000000e-02	
5	3.750000e-02	-1.76552e-06	3.750000e-02	
6	4.500000e-02	-2.03067e-06	4.500000e-02	
7	5.250000e-02	-2.25284e-06	5.250000e-02	
8	6.000000e-02	-2.43243e-06	6.000000e-02	
9	6.750000e-02	-2.57507e-06	6.750000e-02	
10	7.500000e-02	-2.68882e-06	7.500000e-02	
11	8.250000e-02	-2.78112e-06	8.250000e-02	
12	9.000000e-02	-2.85775e-06	9.000000e-02	
13	9.750000e-02	-2.92279e-06	9.750000e-02	
14	1.050000e-01	-2.97909e-06	1.050000e-01	
15	1.125000e-01	-3.02863e-06	1.125000e-01	
16	1.200000e-01	-3.07530e-06	1.200000e-01	
17	1.275000e-01	-3.11474e-06	1.275000e-01	
18	1.350000e-01	-3.15071e-06	1.350000e-01	
19	1.425000e-01	-3.18379e-06	1.425000e-01	
20	1.500000e-01	-3.21440e-06	1.500000e-01	
21	1.575000e-01	-3.24289e-06	1.575000e-01	
22	1.650000e-01	-3.26953e-06	1.650000e-01	
23	1.725000e-01	-3.29454e-06	1.725000e-01	
24	1.800000e-01	-3.31810e-06	1.800000e-01	
25	1.875000e-01	-3.34039e-06	1.875000e-01	
26	1.950000e-01	-3.36152e-06	1.950000e-01	
27	2.025000e-01	-3.38162e-06	2.025000e-01	
28	2.100000e-01	-3.40077e-06	2.100000e-01	
29	2.175000e-01	-3.41906e-06	2.175000e-01	
30	2.250000e-01	-3.43657e-06	2.250000e-01	
31	2.325000e-01	-3.45336e-06	2.325000e-01	
32	2.400000e-01	-3.46949e-06	2.400000e-01	
33	2.475000e-01	-3.48500e-06	2.475000e-01	
34	2.550000e-01	-3.49994e-06	2.550000e-01	
35	2.625000e-01	-3.51436e-06	2.625000e-01	
36	2.700000e-01	-3.52828e-06	2.700000e-01	
37	2.775000e-01	-3.54175e-06	2.775000e-01	
38	2.850000e-01	-3.55478e-06	2.850000e-01	
39	2.925000e-01	-3.56741e-06	2.925000e-01	
40	3.000000e-01	-3.57966e-06	3.000000e-01	
41	3.075000e-01	-3.59155e-06	3.075000e-01	
42	3.150000e-01	-3.60311e-06	3.150000e-01	
43	3.225000e-01	-3.61434e-06	3.225000e-01	
44	3.300000e-01	-3.62528e-06	3.300000e-01	
45	3.375000e-01	-3.63592e-06	3.375000e-01	
46	3.450000e-01	-3.64630e-06	3.450000e-01	
47	3.525000e-01	-3.65642e-06	3.525000e-01	
48	3.600000e-01	-3.66629e-06	3.600000e-01	
49	3.675000e-01	-3.67593e-06	3.675000e-01	
50	3.750000e-01	-3.68535e-06	3.750000e-01	
51	3.825000e-01	-3.69456e-06	3.825000e-01	
52	3.900000e-01	-3.70356e-06	3.900000e-01	
53	3.975000e-01	-3.71237e-06	3.975000e-01	
54	4.050000e-01	-3.72099e-06	4.050000e-01	

Index   v-sweep         vd#branch       v(d)            
--------------------------------------------------------------------------------
55	4.125000e-01	-3.72943e-06	4.125000e-01	
56	4.200000e-01	-3.73770e-06	4.200000e-01	
57	4.275000e-01	-3.74581e-06	4.275000e-01	
58	4.350000e-01	-3.75375e-06	4.350000e-01	
59	4.425000e-01	-3.76155e-06	4.425000e-01	
60	4.500000e-01	-3.76920e-06	4.500000e-01	
61	4.575000e-01	-3.77671e-06	4.575000e-01	
62	4.650000e-01	-3.78408e-06	4.650000e-01	
63	4.725000e-01	-3.79133e-06	4.725000e-01	
64	4.800000e-01	-3.79844e-06	4.800000e-01	
65	4.875000e-01	-3.80544e-06	4.875000e-01	
66	4.950000e-01	-3.81232e-06	4.950000e-01	
67	5.025000e-01	-3.81908e-06	5.025000e-01	
68	5.100000e-01	-3.82573e-06	5.100000e-01	
69	5.175000e-01	-3.83228e-06	5.175000e-01	
70	5.250000e-01	-3.83872e-06	5.250000e-01	
71	5.325000e-01	-3.84507e-06	5.325000e-01	
72	5.400000e-01	-3.85132e-06	5.400000e-01	
73	5.475000e-01	-3.85747e-06	5.475000e-01	
74	5.550000e-01	-3.86353e-06	5.550000e-01	
75	5.625000e-01	-3.86951e-06	5.625000e-01	
76	5.700000e-01	-3.87539e-06	5.700000e-01	
77	5.775000e-01	-3.88120e-06	5.775000e-01	
78	5.850000e-01	-3.88692e-06	5.850000e-01	
79	5.925000e-01	-3.89257e-06	5.925000e-01	
80	6.000000e-01	-3.89813e-06	6.000000e-01	
81	6.075000e-01	-3.90363e-06	6.075000e-01	
82	6.150000e-01	-3.90905e-06	6.150000e-01	
83	6.225000e-01	-3.91440e-06	6.225000e-01	
84	6.300000e-01	-3.91968e-06	6.300000e-01	
85	6.375000e-01	-3.92490e-06	6.375000e-01	
86	6.450000e-01	-3.93005e-06	6.450000e-01	
87	6.525000e-01	-3.93513e-06	6.525000e-01	
88	6.600000e-01	-3.94016e-06	6.600000e-01	
89	6.675000e-01	-3.94512e-06	6.675000e-01	
90	6.750000e-01	-3.95003e-06	6.750000e-01	
91	6.825000e-01	-3.95487e-06	6.825000e-01	
92	6.900000e-01	-3.95966e-06	6.900000e-01	
93	6.975000e-01	-3.96440e-06	6.975000e-01	
94	7.050000e-01	-3.96908e-06	7.050000e-01	
95	7.125000e-01	-3.97371e-06	7.125000e-01	
96	7.200000e-01	-3.97829e-06	7.200000e-01	
97	7.275000e-01	-3.98282e-06	7.275000e-01	
98	7.350000e-01	-3.98730e-06	7.350000e-01	
99	7.425000e-01	-3.99173e-06	7.425000e-01	
100	7.500000e-01	-3.99611e-06	7.500000e-01	


Total analysis time (seconds) = 0.684856

Total elapsed time (seconds) = 0.693 

Total DRAM available = 386307.215 MB.
DRAM currently available = 19505.508 MB.
Maximum ngspice program size =  529.719 MB.
Current ngspice program size =   13.984 MB.

Shared ngspice pages =   12.211 MB.
Text (code) pages =    6.266 MB.
Stack = 0 bytes.
Library pages =   59.137 MB.

