
Note: No compatibility mode selected!


Circuit: * id-vg sweep vds=0.7500v

Warning: Model issue on line 7 :
  .model nfet bsimcmg_va type=1 bulkmod=0 bulkmod=0 igcmod=0 igbmod=0 gidl ...
unrecognized parameter (sasatcv) - ignored

Doing analysis at TEMP = -40.000000 and TNOM = 27.000000

Using SPARSE 1.3 as Direct Linear Solver

No. of Data Rows : 201

  Measurements for DC Analysis

ion                 =  -3.99605e-06 at=  7.50000e-01
ioff                =  -3.37464e-13

                           * id-vg sweep vds=0.7500v
                           DC transfer characteristic  Tue Jun 23 23:56:53  2026
--------------------------------------------------------------------------------
Index   v-sweep         vd#branch       
--------------------------------------------------------------------------------
0	0.000000e+00	-3.37464e-13	
1	3.750000e-03	-3.85717e-13	
2	7.500000e-03	-4.45006e-13	
3	1.125000e-02	-5.13409e-13	
4	1.500000e-02	-5.92327e-13	
5	1.875000e-02	-6.83375e-13	
6	2.250000e-02	-7.88418e-13	
7	2.625000e-02	-9.09608e-13	
8	3.000000e-02	-1.04943e-12	
9	3.375000e-02	-1.21074e-12	
10	3.750000e-02	-1.39684e-12	
11	4.125000e-02	-1.61155e-12	
12	4.500000e-02	-1.85926e-12	
13	4.875000e-02	-2.14505e-12	
14	5.250000e-02	-2.47477e-12	
15	5.625000e-02	-2.85517e-12	
16	6.000000e-02	-3.29404e-12	
17	6.375000e-02	-3.80037e-12	
18	6.750000e-02	-4.38453e-12	
19	7.125000e-02	-5.05847e-12	
20	7.500000e-02	-5.83600e-12	
21	7.875000e-02	-6.73304e-12	
22	8.250000e-02	-7.76796e-12	
23	8.625000e-02	-8.96194e-12	
24	9.000000e-02	-1.03394e-11	
25	9.375000e-02	-1.19287e-11	
26	9.750000e-02	-1.37621e-11	
27	1.012500e-01	-1.58774e-11	
28	1.050000e-01	-1.83177e-11	
29	1.087500e-01	-2.11331e-11	
30	1.125000e-01	-2.43811e-11	
31	1.162500e-01	-2.81283e-11	
32	1.200000e-01	-3.24513e-11	
33	1.237500e-01	-3.74386e-11	
34	1.275000e-01	-4.31922e-11	
35	1.312500e-01	-4.98298e-11	
36	1.350000e-01	-5.74871e-11	
37	1.387500e-01	-6.63208e-11	
38	1.425000e-01	-7.65113e-11	
39	1.462500e-01	-8.82671e-11	
40	1.500000e-01	-1.01828e-10	
41	1.537500e-01	-1.17471e-10	
42	1.575000e-01	-1.36786e-10	
43	1.612500e-01	-1.57795e-10	
44	1.650000e-01	-1.82029e-10	
45	1.687500e-01	-2.09980e-10	
46	1.725000e-01	-2.42217e-10	
47	1.762500e-01	-2.79398e-10	
48	1.800000e-01	-3.22276e-10	
49	1.837500e-01	-3.71723e-10	
50	1.875000e-01	-4.28740e-10	
51	1.912500e-01	-4.94482e-10	
52	1.950000e-01	-5.70276e-10	
53	1.987500e-01	-6.57649e-10	
54	2.025000e-01	-7.58359e-10	

Index   v-sweep         vd#branch       
--------------------------------------------------------------------------------
55	2.062500e-01	-8.74425e-10	
56	2.100000e-01	-1.00817e-09	
57	2.137500e-01	-1.16225e-09	
58	2.175000e-01	-1.33972e-09	
59	2.212500e-01	-1.54409e-09	
60	2.250000e-01	-1.77936e-09	
61	2.287500e-01	-2.05011e-09	
62	2.325000e-01	-2.36160e-09	
63	2.362500e-01	-2.71978e-09	
64	2.400000e-01	-3.13146e-09	
65	2.437500e-01	-3.60437e-09	
66	2.475000e-01	-4.14726e-09	
67	2.512500e-01	-4.77006e-09	
68	2.550000e-01	-5.48393e-09	
69	2.587500e-01	-6.30144e-09	
70	2.625000e-01	-7.23666e-09	
71	2.662500e-01	-8.30528e-09	
72	2.700000e-01	-9.52472e-09	
73	2.737500e-01	-1.09142e-08	
74	2.775000e-01	-1.24949e-08	
75	2.812500e-01	-1.42898e-08	
76	2.850000e-01	-1.63238e-08	
77	2.887500e-01	-1.86239e-08	
78	2.925000e-01	-2.12185e-08	
79	2.962500e-01	-2.41378e-08	
80	3.000000e-01	-2.74134e-08	
81	3.037500e-01	-3.10778e-08	
82	3.075000e-01	-3.51643e-08	
83	3.112500e-01	-3.97067e-08	
84	3.150000e-01	-4.47384e-08	
85	3.187500e-01	-5.02924e-08	
86	3.225000e-01	-5.64009e-08	
87	3.262500e-01	-6.30944e-08	
88	3.300000e-01	-7.04018e-08	
89	3.337500e-01	-7.83501e-08	
90	3.375000e-01	-8.69637e-08	
91	3.412500e-01	-9.62649e-08	
92	3.450000e-01	-1.06273e-07	
93	3.487500e-01	-1.17006e-07	
94	3.525000e-01	-1.28478e-07	
95	3.562500e-01	-1.40701e-07	
96	3.600000e-01	-1.53684e-07	
97	3.637500e-01	-1.67436e-07	
98	3.675000e-01	-1.81961e-07	
99	3.712500e-01	-1.97263e-07	
100	3.750000e-01	-2.13341e-07	
101	3.787500e-01	-2.30195e-07	
102	3.825000e-01	-2.47820e-07	
103	3.862500e-01	-2.66213e-07	
104	3.900000e-01	-2.85366e-07	
105	3.937500e-01	-3.05270e-07	
106	3.975000e-01	-3.25917e-07	
107	4.012500e-01	-3.47294e-07	
108	4.050000e-01	-3.69033e-07	
109	4.087500e-01	-3.91843e-07	
110	4.125000e-01	-4.15345e-07	
111	4.162500e-01	-4.39526e-07	
112	4.200000e-01	-4.64372e-07	

Index   v-sweep         vd#branch       
--------------------------------------------------------------------------------
113	4.237500e-01	-4.89867e-07	
114	4.275000e-01	-5.15997e-07	
115	4.312500e-01	-5.42747e-07	
116	4.350000e-01	-5.70102e-07	
117	4.387500e-01	-5.98047e-07	
118	4.425000e-01	-6.26567e-07	
119	4.462500e-01	-6.55648e-07	
120	4.500000e-01	-6.85275e-07	
121	4.537500e-01	-7.15434e-07	
122	4.575000e-01	-7.46111e-07	
123	4.612500e-01	-7.77293e-07	
124	4.650000e-01	-8.08966e-07	
125	4.687500e-01	-8.41117e-07	
126	4.725000e-01	-8.73734e-07	
127	4.762500e-01	-9.06802e-07	
128	4.800000e-01	-9.40311e-07	
129	4.837500e-01	-9.74248e-07	
130	4.875000e-01	-1.00860e-06	
131	4.912500e-01	-1.04336e-06	
132	4.950000e-01	-1.07851e-06	
133	4.987500e-01	-1.11405e-06	
134	5.025000e-01	-1.14995e-06	
135	5.062500e-01	-1.18622e-06	
136	5.100000e-01	-1.22284e-06	
137	5.137500e-01	-1.25980e-06	
138	5.175000e-01	-1.29709e-06	
139	5.212500e-01	-1.33470e-06	
140	5.250000e-01	-1.37263e-06	
141	5.287500e-01	-1.41086e-06	
142	5.325000e-01	-1.44938e-06	
143	5.362500e-01	-1.48819e-06	
144	5.400000e-01	-1.52729e-06	
145	5.437500e-01	-1.56665e-06	
146	5.475000e-01	-1.60628e-06	
147	5.512500e-01	-1.64616e-06	
148	5.550000e-01	-1.68629e-06	
149	5.587500e-01	-1.72666e-06	
150	5.625000e-01	-1.76727e-06	
151	5.662500e-01	-1.80811e-06	
152	5.700000e-01	-1.84917e-06	
153	5.737500e-01	-1.89044e-06	
154	5.775000e-01	-1.93193e-06	
155	5.812500e-01	-1.97362e-06	
156	5.850000e-01	-2.01551e-06	
157	5.887500e-01	-2.05759e-06	
158	5.925000e-01	-2.09987e-06	
159	5.962500e-01	-2.14232e-06	
160	6.000000e-01	-2.18496e-06	
161	6.037500e-01	-2.22777e-06	
162	6.075000e-01	-2.27074e-06	
163	6.112500e-01	-2.31389e-06	
164	6.150000e-01	-2.35719e-06	
165	6.187500e-01	-2.40065e-06	
166	6.225000e-01	-2.44426e-06	
167	6.262500e-01	-2.48802e-06	
168	6.300000e-01	-2.53193e-06	
169	6.337500e-01	-2.57598e-06	
170	6.375000e-01	-2.62016e-06	

Index   v-sweep         vd#branch       
--------------------------------------------------------------------------------
171	6.412500e-01	-2.66448e-06	
172	6.450000e-01	-2.70893e-06	
173	6.487500e-01	-2.75351e-06	
174	6.525000e-01	-2.79822e-06	
175	6.562500e-01	-2.84304e-06	
176	6.600000e-01	-2.88799e-06	
177	6.637500e-01	-2.93305e-06	
178	6.675000e-01	-2.97822e-06	
179	6.712500e-01	-3.02350e-06	
180	6.750000e-01	-3.06890e-06	
181	6.787500e-01	-3.11440e-06	
182	6.825000e-01	-3.16000e-06	
183	6.862500e-01	-3.20570e-06	
184	6.900000e-01	-3.25150e-06	
185	6.937500e-01	-3.29739e-06	
186	6.975000e-01	-3.34339e-06	
187	7.012500e-01	-3.38947e-06	
188	7.050000e-01	-3.43564e-06	
189	7.087500e-01	-3.48190e-06	
190	7.125000e-01	-3.52825e-06	
191	7.162500e-01	-3.57468e-06	
192	7.200000e-01	-3.62119e-06	
193	7.237500e-01	-3.66778e-06	
194	7.275000e-01	-3.71446e-06	
195	7.312500e-01	-3.76121e-06	
196	7.350000e-01	-3.80803e-06	
197	7.387500e-01	-3.85493e-06	
198	7.425000e-01	-3.90190e-06	
199	7.462500e-01	-3.94894e-06	
200	7.500000e-01	-3.99605e-06	


Total analysis time (seconds) = 0.0162341

Total elapsed time (seconds) = 0.025 

Total DRAM available = 386307.215 MB.
DRAM currently available = 2055.863 MB.
Maximum ngspice program size =  529.719 MB.
Current ngspice program size =   14.207 MB.

Shared ngspice pages =   12.441 MB.
Text (code) pages =    6.266 MB.
Stack = 0 bytes.
Library pages =   59.137 MB.

