
Note: No compatibility mode selected!


Circuit: * id-vd sweep vgs=0.8625v

Warning: Model issue on line 7 :
  .model nfet bsimcmg_va type=1 bulkmod=0 bulkmod=0 igcmod=0 igbmod=0 gidl ...
unrecognized parameter (sasatcv) - ignored

Doing analysis at TEMP = -40.000000 and TNOM = 27.000000

Using SPARSE 1.3 as Direct Linear Solver

No. of Data Rows : 101
                           * id-vd sweep vgs=0.8625v
                           DC transfer characteristic  Tue Jun 23 21:19:08  2026
--------------------------------------------------------------------------------
Index   v-sweep         vd#branch       v(d)            
--------------------------------------------------------------------------------
0	0.000000e+00	0.000000e+00	0.000000e+00	
1	7.500000e-03	-4.31814e-07	7.500000e-03	
2	1.500000e-02	-8.58268e-07	1.500000e-02	
3	2.250000e-02	-1.27451e-06	2.250000e-02	
4	3.000000e-02	-1.67475e-06	3.000000e-02	
5	3.750000e-02	-2.05285e-06	3.750000e-02	
6	4.500000e-02	-2.40301e-06	4.500000e-02	
7	5.250000e-02	-2.71966e-06	5.250000e-02	
8	6.000000e-02	-2.99768e-06	6.000000e-02	
9	6.750000e-02	-3.23419e-06	6.750000e-02	
10	7.500000e-02	-3.43059e-06	7.500000e-02	
11	8.250000e-02	-3.59204e-06	8.250000e-02	
12	9.000000e-02	-3.72528e-06	9.000000e-02	
13	9.750000e-02	-3.83669e-06	9.750000e-02	
14	1.050000e-01	-3.93138e-06	1.050000e-01	
15	1.125000e-01	-4.01323e-06	1.125000e-01	
16	1.200000e-01	-4.08507e-06	1.200000e-01	
17	1.275000e-01	-4.15264e-06	1.275000e-01	
18	1.350000e-01	-4.20946e-06	1.350000e-01	
19	1.425000e-01	-4.26112e-06	1.425000e-01	
20	1.500000e-01	-4.30850e-06	1.500000e-01	
21	1.575000e-01	-4.35224e-06	1.575000e-01	
22	1.650000e-01	-4.39285e-06	1.650000e-01	
23	1.725000e-01	-4.43074e-06	1.725000e-01	
24	1.800000e-01	-4.46626e-06	1.800000e-01	
25	1.875000e-01	-4.49967e-06	1.875000e-01	
26	1.950000e-01	-4.53121e-06	1.950000e-01	
27	2.025000e-01	-4.56107e-06	2.025000e-01	
28	2.100000e-01	-4.58943e-06	2.100000e-01	
29	2.175000e-01	-4.61642e-06	2.175000e-01	
30	2.250000e-01	-4.64218e-06	2.250000e-01	
31	2.325000e-01	-4.66680e-06	2.325000e-01	
32	2.400000e-01	-4.69039e-06	2.400000e-01	
33	2.475000e-01	-4.71302e-06	2.475000e-01	
34	2.550000e-01	-4.73476e-06	2.550000e-01	
35	2.625000e-01	-4.75570e-06	2.625000e-01	
36	2.700000e-01	-4.77587e-06	2.700000e-01	
37	2.775000e-01	-4.79534e-06	2.775000e-01	
38	2.850000e-01	-4.81416e-06	2.850000e-01	
39	2.925000e-01	-4.83236e-06	2.925000e-01	
40	3.000000e-01	-4.84998e-06	3.000000e-01	
41	3.075000e-01	-4.86706e-06	3.075000e-01	
42	3.150000e-01	-4.88363e-06	3.150000e-01	
43	3.225000e-01	-4.89972e-06	3.225000e-01	
44	3.300000e-01	-4.91536e-06	3.300000e-01	
45	3.375000e-01	-4.93057e-06	3.375000e-01	
46	3.450000e-01	-4.94537e-06	3.450000e-01	
47	3.525000e-01	-4.95979e-06	3.525000e-01	
48	3.600000e-01	-4.97385e-06	3.600000e-01	
49	3.675000e-01	-4.98755e-06	3.675000e-01	
50	3.750000e-01	-5.00093e-06	3.750000e-01	
51	3.825000e-01	-5.01399e-06	3.825000e-01	
52	3.900000e-01	-5.02674e-06	3.900000e-01	
53	3.975000e-01	-5.03922e-06	3.975000e-01	
54	4.050000e-01	-5.05141e-06	4.050000e-01	

Index   v-sweep         vd#branch       v(d)            
--------------------------------------------------------------------------------
55	4.125000e-01	-5.06335e-06	4.125000e-01	
56	4.200000e-01	-5.07503e-06	4.200000e-01	
57	4.275000e-01	-5.08647e-06	4.275000e-01	
58	4.350000e-01	-5.09768e-06	4.350000e-01	
59	4.425000e-01	-5.10866e-06	4.425000e-01	
60	4.500000e-01	-5.11943e-06	4.500000e-01	
61	4.575000e-01	-5.13000e-06	4.575000e-01	
62	4.650000e-01	-5.14037e-06	4.650000e-01	
63	4.725000e-01	-5.15054e-06	4.725000e-01	
64	4.800000e-01	-5.16054e-06	4.800000e-01	
65	4.875000e-01	-5.17035e-06	4.875000e-01	
66	4.950000e-01	-5.18000e-06	4.950000e-01	
67	5.025000e-01	-5.18947e-06	5.025000e-01	
68	5.100000e-01	-5.19879e-06	5.100000e-01	
69	5.175000e-01	-5.20796e-06	5.175000e-01	
70	5.250000e-01	-5.21697e-06	5.250000e-01	
71	5.325000e-01	-5.22584e-06	5.325000e-01	
72	5.400000e-01	-5.23457e-06	5.400000e-01	
73	5.475000e-01	-5.24317e-06	5.475000e-01	
74	5.550000e-01	-5.25163e-06	5.550000e-01	
75	5.625000e-01	-5.25997e-06	5.625000e-01	
76	5.700000e-01	-5.26818e-06	5.700000e-01	
77	5.775000e-01	-5.27627e-06	5.775000e-01	
78	5.850000e-01	-5.28425e-06	5.850000e-01	
79	5.925000e-01	-5.29211e-06	5.925000e-01	
80	6.000000e-01	-5.29986e-06	6.000000e-01	
81	6.075000e-01	-5.30750e-06	6.075000e-01	
82	6.150000e-01	-5.31504e-06	6.150000e-01	
83	6.225000e-01	-5.32248e-06	6.225000e-01	
84	6.300000e-01	-5.32982e-06	6.300000e-01	
85	6.375000e-01	-5.33707e-06	6.375000e-01	
86	6.450000e-01	-5.34422e-06	6.450000e-01	
87	6.525000e-01	-5.35128e-06	6.525000e-01	
88	6.600000e-01	-5.35825e-06	6.600000e-01	
89	6.675000e-01	-5.36513e-06	6.675000e-01	
90	6.750000e-01	-5.37193e-06	6.750000e-01	
91	6.825000e-01	-5.37865e-06	6.825000e-01	
92	6.900000e-01	-5.38529e-06	6.900000e-01	
93	6.975000e-01	-5.39185e-06	6.975000e-01	
94	7.050000e-01	-5.39833e-06	7.050000e-01	
95	7.125000e-01	-5.40473e-06	7.125000e-01	
96	7.200000e-01	-5.41107e-06	7.200000e-01	
97	7.275000e-01	-5.41733e-06	7.275000e-01	
98	7.350000e-01	-5.42352e-06	7.350000e-01	
99	7.425000e-01	-5.42965e-06	7.425000e-01	
100	7.500000e-01	-5.43570e-06	7.500000e-01	


Total analysis time (seconds) = 0.0124828

Total elapsed time (seconds) = 0.018 

Total DRAM available = 386307.215 MB.
DRAM currently available = 12946.234 MB.
Maximum ngspice program size =  529.723 MB.
Current ngspice program size =   13.949 MB.

Shared ngspice pages =   12.188 MB.
Text (code) pages =    6.266 MB.
Stack = 0 bytes.
Library pages =   59.141 MB.

