
Note: No compatibility mode selected!


Circuit: * 1t1c ccell=20.0ff

Warning: Model issue on line 7 :
  .model nfet bsimcmg_va type=1 bulkmod=0 bulkmod=0 igcmod=0 igbmod=0 gidl ...
unrecognized parameter (sasatcv) - ignored

Doing analysis at TEMP = -40.000000 and TNOM = 27.000000

Using SPARSE 1.3 as Direct Linear Solver

Initial Transient Solution
--------------------------

Node                                   Voltage
----                                   -------
pre                                      0.375
bl                                       0.375
wl                                           0
plate                                        0
s                                            0
cell                                         0
vs#branch                                    0
vpl#branch                                   0
vwl#branch                                   0
vpre#branch                                  0


No. of Data Rows : 832

  Measurements for Transient Analysis


Error: measure  t_read  find(AT) : out of interval
 .measure tran t_read find time when v(cell)=0.375000 cross=1 from=12n to=23n failed!

t_write             =  1.90106e-09
i_hold              =  -5.04093e-10 from=  2.50000e-08 to=  3.50250e-08
q_read              =   1.63075e-19 from=  1.20000e-08 to=  2.20000e-08

                              * 1t1c ccell=20.0ff
                              Transient Analysis  Wed Jun 24 01:10:36  2026
--------------------------------------------------------------------------------
Index   time            v(cell)         v(bl)           vpre#branch     
--------------------------------------------------------------------------------
0	0.000000e+00	0.000000e+00	3.750000e-01	0.000000e+00	
1	5.000000e-13	7.426060e-12	3.750000e-01	-8.01654e-17	
2	1.000000e-12	1.485064e-11	3.750000e-01	-1.43071e-16	
3	2.000000e-12	2.969917e-11	3.750000e-01	-2.68854e-16	
4	4.000000e-12	5.939576e-11	3.749999e-01	-5.20262e-16	
5	8.000000e-12	1.187893e-10	3.749999e-01	-1.02244e-15	
6	1.600000e-11	2.375760e-10	3.749998e-01	-2.02425e-15	
7	3.200000e-11	4.751497e-10	3.749996e-01	-4.01772e-15	
8	6.400000e-11	9.502967e-10	3.749992e-01	-7.96443e-15	
9	1.140000e-10	1.692714e-09	3.749986e-01	-1.40252e-14	
10	1.640000e-10	2.435131e-09	3.749980e-01	-1.99591e-14	
11	2.140000e-10	3.177548e-09	3.749974e-01	-2.57687e-14	
12	2.640000e-10	3.919964e-09	3.749969e-01	-3.14565e-14	
13	3.140000e-10	4.662381e-09	3.749963e-01	-3.70253e-14	
14	3.640000e-10	5.404797e-09	3.749958e-01	-4.24774e-14	
15	4.140000e-10	6.147213e-09	3.749952e-01	-4.78153e-14	
16	4.640000e-10	6.889629e-09	3.749947e-01	-5.30413e-14	
17	5.140000e-10	7.632044e-09	3.749942e-01	-5.81580e-14	
18	5.640000e-10	8.374459e-09	3.749937e-01	-6.31674e-14	
19	6.140000e-10	9.116875e-09	3.749932e-01	-6.80719e-14	
20	6.640000e-10	9.859290e-09	3.749927e-01	-7.28737e-14	
21	7.140000e-10	1.060170e-08	3.749922e-01	-7.75749e-14	
22	7.640000e-10	1.134412e-08	3.749918e-01	-8.21776e-14	
23	8.140000e-10	1.208653e-08	3.749913e-01	-8.66839e-14	
24	8.640000e-10	1.282895e-08	3.749909e-01	-9.10958e-14	
25	9.140000e-10	1.357136e-08	3.749905e-01	-9.54154e-14	
26	9.570000e-10	1.420984e-08	3.749901e-01	-9.90577e-14	
27	1.000000e-09	1.484831e-08	3.749897e-01	-1.02634e-13	
28	1.005000e-09	3.745709e-03	3.749897e-01	-1.03004e-13	
29	1.015000e-09	1.123687e-02	3.749896e-01	-1.03582e-13	
30	1.035000e-09	2.621917e-02	3.749896e-01	-1.03972e-13	
31	1.075000e-09	5.618379e-02	3.749897e-01	-1.02966e-13	
32	1.125000e-09	9.363955e-02	3.749899e-01	-1.00596e-13	
33	1.175000e-09	1.310953e-01	3.749902e-01	-9.83304e-14	
34	1.225000e-09	1.685511e-01	3.749904e-01	-9.62337e-14	
35	1.275000e-09	2.060069e-01	3.749906e-01	-9.42092e-14	
36	1.325000e-09	2.434626e-01	3.749908e-01	-9.22339e-14	
37	1.375000e-09	2.809184e-01	3.749910e-01	-9.03015e-14	
38	1.425000e-09	3.183741e-01	3.749912e-01	-8.84099e-14	
39	1.475000e-09	3.558299e-01	3.749913e-01	-8.65581e-14	
40	1.525000e-09	3.932857e-01	3.749915e-01	-8.47450e-14	
41	1.575000e-09	4.307414e-01	3.749917e-01	-8.29699e-14	
42	1.625000e-09	4.681972e-01	3.749919e-01	-8.12320e-14	
43	1.675000e-09	5.056530e-01	3.749920e-01	-7.95304e-14	
44	1.725000e-09	5.431087e-01	3.749922e-01	-7.78645e-14	
45	1.775000e-09	5.805645e-01	3.749924e-01	-7.62335e-14	
46	1.825000e-09	6.180203e-01	3.749925e-01	-7.46367e-14	
47	1.875000e-09	6.554760e-01	3.749927e-01	-7.30733e-14	
48	1.925000e-09	6.929318e-01	3.749928e-01	-7.15426e-14	
49	1.962500e-09	7.210236e-01	3.749930e-01	-7.04157e-14	
50	2.000000e-09	7.491154e-01	3.749931e-01	-6.93066e-14	
51	2.005000e-09	7.491153e-01	3.749931e-01	-6.91602e-14	
52	2.015000e-09	7.491153e-01	3.749931e-01	-6.88680e-14	
53	2.035000e-09	7.491153e-01	3.749932e-01	-6.82873e-14	
54	2.075000e-09	7.491153e-01	3.749933e-01	-6.71406e-14	

Index   time            v(cell)         v(bl)           vpre#branch     
--------------------------------------------------------------------------------
55	2.125000e-09	7.491153e-01	3.749934e-01	-6.57342e-14	
56	2.175000e-09	7.491153e-01	3.749936e-01	-6.43572e-14	
57	2.225000e-09	7.491153e-01	3.749937e-01	-6.30091e-14	
58	2.275000e-09	7.491153e-01	3.749938e-01	-6.16893e-14	
59	2.325000e-09	7.491153e-01	3.749940e-01	-6.03971e-14	
60	2.375000e-09	7.491153e-01	3.749941e-01	-5.91319e-14	
61	2.425000e-09	7.491153e-01	3.749942e-01	-5.78933e-14	
62	2.475000e-09	7.491153e-01	3.749943e-01	-5.66806e-14	
63	2.525000e-09	7.491153e-01	3.749945e-01	-5.54933e-14	
64	2.575000e-09	7.491153e-01	3.749946e-01	-5.43309e-14	
65	2.625000e-09	7.491153e-01	3.749947e-01	-5.31928e-14	
66	2.675000e-09	7.491153e-01	3.749948e-01	-5.20785e-14	
67	2.725000e-09	7.491153e-01	3.749949e-01	-5.09876e-14	
68	2.775000e-09	7.491153e-01	3.749950e-01	-4.99196e-14	
69	2.825000e-09	7.491153e-01	3.749951e-01	-4.88739e-14	
70	2.875000e-09	7.491153e-01	3.749952e-01	-4.78501e-14	
71	2.925000e-09	7.491153e-01	3.749953e-01	-4.68478e-14	
72	2.975000e-09	7.491153e-01	3.749954e-01	-4.58665e-14	
73	3.025000e-09	7.491153e-01	3.749955e-01	-4.49057e-14	
74	3.075000e-09	7.491153e-01	3.749956e-01	-4.39650e-14	
75	3.125000e-09	7.491153e-01	3.749957e-01	-4.30441e-14	
76	3.175000e-09	7.491153e-01	3.749958e-01	-4.21424e-14	
77	3.225000e-09	7.491153e-01	3.749959e-01	-4.12596e-14	
78	3.275000e-09	7.491153e-01	3.749960e-01	-4.03953e-14	
79	3.325000e-09	7.491153e-01	3.749960e-01	-3.95491e-14	
80	3.375000e-09	7.491153e-01	3.749961e-01	-3.87207e-14	
81	3.425000e-09	7.491153e-01	3.749962e-01	-3.79096e-14	
82	3.475000e-09	7.491153e-01	3.749963e-01	-3.71155e-14	
83	3.525000e-09	7.491153e-01	3.749964e-01	-3.63380e-14	
84	3.575000e-09	7.491153e-01	3.749964e-01	-3.55768e-14	
85	3.625000e-09	7.491153e-01	3.749965e-01	-3.48315e-14	
86	3.675000e-09	7.491153e-01	3.749966e-01	-3.41019e-14	
87	3.725000e-09	7.491153e-01	3.749967e-01	-3.33875e-14	
88	3.775000e-09	7.491153e-01	3.749967e-01	-3.26881e-14	
89	3.825000e-09	7.491153e-01	3.749968e-01	-3.20034e-14	
90	3.875000e-09	7.491153e-01	3.749969e-01	-3.13330e-14	
91	3.925000e-09	7.491153e-01	3.749969e-01	-3.06766e-14	
92	3.975000e-09	7.491153e-01	3.749970e-01	-3.00340e-14	
93	4.025000e-09	7.491153e-01	3.749971e-01	-2.94048e-14	
94	4.075000e-09	7.491153e-01	3.749971e-01	-2.87888e-14	
95	4.125000e-09	7.491153e-01	3.749972e-01	-2.81858e-14	
96	4.175000e-09	7.491153e-01	3.749972e-01	-2.75953e-14	
97	4.225000e-09	7.491153e-01	3.749973e-01	-2.70173e-14	
98	4.275000e-09	7.491153e-01	3.749974e-01	-2.64513e-14	
99	4.325000e-09	7.491153e-01	3.749974e-01	-2.58972e-14	
100	4.375000e-09	7.491153e-01	3.749975e-01	-2.53547e-14	
101	4.425000e-09	7.491153e-01	3.749975e-01	-2.48235e-14	
102	4.475000e-09	7.491153e-01	3.749976e-01	-2.43035e-14	
103	4.525000e-09	7.491153e-01	3.749976e-01	-2.37944e-14	
104	4.575000e-09	7.491153e-01	3.749977e-01	-2.32959e-14	
105	4.625000e-09	7.491153e-01	3.749977e-01	-2.28079e-14	
106	4.675000e-09	7.491153e-01	3.749978e-01	-2.23301e-14	
107	4.725000e-09	7.491153e-01	3.749978e-01	-2.18623e-14	
108	4.775000e-09	7.491153e-01	3.749979e-01	-2.14043e-14	
109	4.825000e-09	7.491153e-01	3.749979e-01	-2.09559e-14	
110	4.875000e-09	7.491153e-01	3.749979e-01	-2.05169e-14	
111	4.925000e-09	7.491153e-01	3.749980e-01	-2.00871e-14	
112	4.975000e-09	7.491153e-01	3.749980e-01	-1.96663e-14	

Index   time            v(cell)         v(bl)           vpre#branch     
--------------------------------------------------------------------------------
113	5.025000e-09	7.491153e-01	3.749981e-01	-1.92543e-14	
114	5.075000e-09	7.491153e-01	3.749981e-01	-1.88510e-14	
115	5.125000e-09	7.491153e-01	3.749982e-01	-1.84560e-14	
116	5.175000e-09	7.491153e-01	3.749982e-01	-1.80694e-14	
117	5.225000e-09	7.491153e-01	3.749982e-01	-1.76908e-14	
118	5.275000e-09	7.491153e-01	3.749983e-01	-1.73202e-14	
119	5.325000e-09	7.491153e-01	3.749983e-01	-1.69574e-14	
120	5.375000e-09	7.491153e-01	3.749983e-01	-1.66021e-14	
121	5.425000e-09	7.491153e-01	3.749984e-01	-1.62543e-14	
122	5.475000e-09	7.491153e-01	3.749984e-01	-1.59138e-14	
123	5.525000e-09	7.491153e-01	3.749984e-01	-1.55804e-14	
124	5.575000e-09	7.491153e-01	3.749985e-01	-1.52540e-14	
125	5.625000e-09	7.491153e-01	3.749985e-01	-1.49344e-14	
126	5.675000e-09	7.491153e-01	3.749985e-01	-1.46215e-14	
127	5.725000e-09	7.491153e-01	3.749986e-01	-1.43152e-14	
128	5.775000e-09	7.491153e-01	3.749986e-01	-1.40153e-14	
129	5.825000e-09	7.491153e-01	3.749986e-01	-1.37217e-14	
130	5.875000e-09	7.491153e-01	3.749987e-01	-1.34342e-14	
131	5.925000e-09	7.491153e-01	3.749987e-01	-1.31527e-14	
132	5.975000e-09	7.491153e-01	3.749987e-01	-1.28772e-14	
133	6.025000e-09	7.491153e-01	3.749987e-01	-1.26074e-14	
134	6.075000e-09	7.491153e-01	3.749988e-01	-1.23433e-14	
135	6.125000e-09	7.491153e-01	3.749988e-01	-1.20847e-14	
136	6.175000e-09	7.491153e-01	3.749988e-01	-1.18315e-14	
137	6.225000e-09	7.491153e-01	3.749988e-01	-1.15836e-14	
138	6.275000e-09	7.491153e-01	3.749989e-01	-1.13409e-14	
139	6.325000e-09	7.491153e-01	3.749989e-01	-1.11033e-14	
140	6.375000e-09	7.491153e-01	3.749989e-01	-1.08707e-14	
141	6.425000e-09	7.491153e-01	3.749989e-01	-1.06429e-14	
142	6.475000e-09	7.491153e-01	3.749990e-01	-1.04199e-14	
143	6.525000e-09	7.491153e-01	3.749990e-01	-1.02016e-14	
144	6.575000e-09	7.491153e-01	3.749990e-01	-9.98784e-15	
145	6.625000e-09	7.491153e-01	3.749990e-01	-9.77858e-15	
146	6.675000e-09	7.491153e-01	3.749990e-01	-9.57369e-15	
147	6.725000e-09	7.491153e-01	3.749991e-01	-9.37310e-15	
148	6.775000e-09	7.491153e-01	3.749991e-01	-9.17671e-15	
149	6.825000e-09	7.491153e-01	3.749991e-01	-8.98443e-15	
150	6.875000e-09	7.491153e-01	3.749991e-01	-8.79618e-15	
151	6.925000e-09	7.491153e-01	3.749991e-01	-8.61187e-15	
152	6.962500e-09	7.491153e-01	3.749992e-01	-8.47618e-15	
153	7.000000e-09	7.491153e-01	3.749992e-01	-8.34263e-15	
154	7.005000e-09	7.303869e-01	3.749992e-01	-8.32500e-15	
155	7.015000e-09	6.929311e-01	3.749992e-01	-8.28982e-15	
156	7.035000e-09	6.180196e-01	3.749992e-01	-8.21990e-15	
157	7.067500e-09	4.962883e-01	3.749992e-01	-8.10754e-15	
158	7.100000e-09	3.745571e-01	3.749992e-01	-7.99672e-15	
159	7.105000e-09	3.745577e-01	3.749992e-01	-7.97983e-15	
160	7.115000e-09	3.745577e-01	3.749992e-01	-7.94612e-15	
161	7.135000e-09	3.745577e-01	3.749992e-01	-7.87912e-15	
162	7.175000e-09	3.745577e-01	3.749992e-01	-7.74681e-15	
163	7.225000e-09	3.745577e-01	3.749992e-01	-7.58455e-15	
164	7.275000e-09	3.745577e-01	3.749993e-01	-7.42568e-15	
165	7.325000e-09	3.745577e-01	3.749993e-01	-7.27015e-15	
166	7.375000e-09	3.745577e-01	3.749993e-01	-7.11787e-15	
167	7.425000e-09	3.745577e-01	3.749993e-01	-6.96878e-15	
168	7.475000e-09	3.745577e-01	3.749993e-01	-6.82281e-15	
169	7.525000e-09	3.745577e-01	3.749993e-01	-6.67990e-15	
170	7.575000e-09	3.745577e-01	3.749993e-01	-6.53998e-15	

Index   time            v(cell)         v(bl)           vpre#branch     
--------------------------------------------------------------------------------
171	7.625000e-09	3.745577e-01	3.749994e-01	-6.40300e-15	
172	7.675000e-09	3.745577e-01	3.749994e-01	-6.26888e-15	
173	7.725000e-09	3.745577e-01	3.749994e-01	-6.13758e-15	
174	7.775000e-09	3.745577e-01	3.749994e-01	-6.00902e-15	
175	7.825000e-09	3.745577e-01	3.749994e-01	-5.88316e-15	
176	7.875000e-09	3.745577e-01	3.749994e-01	-5.75993e-15	
177	7.925000e-09	3.745577e-01	3.749994e-01	-5.63928e-15	
178	7.975000e-09	3.745577e-01	3.749994e-01	-5.52116e-15	
179	8.025000e-09	3.745577e-01	3.749995e-01	-5.40552e-15	
180	8.075000e-09	3.745577e-01	3.749995e-01	-5.29229e-15	
181	8.125000e-09	3.745577e-01	3.749995e-01	-5.18144e-15	
182	8.175000e-09	3.745577e-01	3.749995e-01	-5.07291e-15	
183	8.225000e-09	3.745577e-01	3.749995e-01	-4.96666e-15	
184	8.275000e-09	3.745577e-01	3.749995e-01	-4.86263e-15	
185	8.325000e-09	3.745577e-01	3.749995e-01	-4.76078e-15	
186	8.375000e-09	3.745577e-01	3.749995e-01	-4.66106e-15	
187	8.425000e-09	3.745577e-01	3.749995e-01	-4.56343e-15	
188	8.475000e-09	3.745577e-01	3.749996e-01	-4.46784e-15	
189	8.525000e-09	3.745577e-01	3.749996e-01	-4.37426e-15	
190	8.575000e-09	3.745577e-01	3.749996e-01	-4.28264e-15	
191	8.625000e-09	3.745577e-01	3.749996e-01	-4.19294e-15	
192	8.675000e-09	3.745577e-01	3.749996e-01	-4.10511e-15	
193	8.725000e-09	3.745577e-01	3.749996e-01	-4.01913e-15	
194	8.775000e-09	3.745577e-01	3.749996e-01	-3.93494e-15	
195	8.825000e-09	3.745577e-01	3.749996e-01	-3.85252e-15	
196	8.875000e-09	3.745577e-01	3.749996e-01	-3.77183e-15	
197	8.925000e-09	3.745577e-01	3.749996e-01	-3.69283e-15	
198	8.975000e-09	3.745577e-01	3.749996e-01	-3.61548e-15	
199	9.025000e-09	3.745577e-01	3.749996e-01	-3.53975e-15	
200	9.075000e-09	3.745577e-01	3.749997e-01	-3.46561e-15	
201	9.125000e-09	3.745577e-01	3.749997e-01	-3.39302e-15	
202	9.175000e-09	3.745577e-01	3.749997e-01	-3.32195e-15	
203	9.225000e-09	3.745577e-01	3.749997e-01	-3.25237e-15	
204	9.275000e-09	3.745577e-01	3.749997e-01	-3.18424e-15	
205	9.325000e-09	3.745577e-01	3.749997e-01	-3.11755e-15	
206	9.375000e-09	3.745577e-01	3.749997e-01	-3.05225e-15	
207	9.425000e-09	3.745577e-01	3.749997e-01	-2.98832e-15	
208	9.475000e-09	3.745577e-01	3.749997e-01	-2.92573e-15	
209	9.525000e-09	3.745577e-01	3.749997e-01	-2.86444e-15	
210	9.575000e-09	3.745577e-01	3.749997e-01	-2.80445e-15	
211	9.625000e-09	3.745577e-01	3.749997e-01	-2.74571e-15	
212	9.675000e-09	3.745577e-01	3.749997e-01	-2.68820e-15	
213	9.725000e-09	3.745577e-01	3.749997e-01	-2.63189e-15	
214	9.775000e-09	3.745577e-01	3.749997e-01	-2.57676e-15	
215	9.825000e-09	3.745577e-01	3.749997e-01	-2.52279e-15	
216	9.875000e-09	3.745577e-01	3.749998e-01	-2.46995e-15	
217	9.925000e-09	3.745577e-01	3.749998e-01	-2.41822e-15	
218	9.975000e-09	3.745577e-01	3.749998e-01	-2.36757e-15	
219	1.002500e-08	3.745577e-01	3.749998e-01	-2.31798e-15	
220	1.007500e-08	3.745577e-01	3.749998e-01	-2.26943e-15	
221	1.012500e-08	3.745577e-01	3.749998e-01	-2.22189e-15	
222	1.017500e-08	3.745577e-01	3.749998e-01	-2.17535e-15	
223	1.022500e-08	3.745577e-01	3.749998e-01	-2.12979e-15	
224	1.027500e-08	3.745577e-01	3.749998e-01	-2.08518e-15	
225	1.032500e-08	3.745577e-01	3.749998e-01	-2.04150e-15	
226	1.037500e-08	3.745577e-01	3.749998e-01	-1.99874e-15	
227	1.042500e-08	3.745577e-01	3.749998e-01	-1.95688e-15	
228	1.047500e-08	3.745577e-01	3.749998e-01	-1.91589e-15	

Index   time            v(cell)         v(bl)           vpre#branch     
--------------------------------------------------------------------------------
229	1.052500e-08	3.745577e-01	3.749998e-01	-1.87576e-15	
230	1.057500e-08	3.745577e-01	3.749998e-01	-1.83648e-15	
231	1.062500e-08	3.745577e-01	3.749998e-01	-1.79801e-15	
232	1.067500e-08	3.745577e-01	3.749998e-01	-1.76035e-15	
233	1.072500e-08	3.745577e-01	3.749998e-01	-1.72348e-15	
234	1.077500e-08	3.745577e-01	3.749998e-01	-1.68738e-15	
235	1.082500e-08	3.745577e-01	3.749998e-01	-1.65204e-15	
236	1.087500e-08	3.745577e-01	3.749998e-01	-1.61744e-15	
237	1.092500e-08	3.745577e-01	3.749998e-01	-1.58356e-15	
238	1.096250e-08	3.745577e-01	3.749998e-01	-1.55862e-15	
239	1.100000e-08	3.745577e-01	3.749998e-01	-1.53407e-15	
240	1.100500e-08	3.745620e-01	3.787417e-01	3.741709e-11	
241	1.101500e-08	3.745708e-01	3.862096e-01	1.120963e-10	
242	1.103500e-08	3.745885e-01	4.010510e-01	2.605101e-10	
243	1.107500e-08	3.746239e-01	4.303600e-01	5.535995e-10	
244	1.112500e-08	3.746681e-01	4.663055e-01	9.130549e-10	
245	1.117500e-08	3.747124e-01	5.014981e-01	1.264981e-09	
246	1.122500e-08	3.747566e-01	5.359536e-01	1.609536e-09	
247	1.127500e-08	3.748008e-01	5.696873e-01	1.946873e-09	
248	1.132500e-08	3.748451e-01	6.027145e-01	2.277145e-09	
249	1.137500e-08	3.748893e-01	6.350499e-01	2.600499e-09	
250	1.142500e-08	3.749335e-01	6.667080e-01	2.917080e-09	
251	1.147500e-08	3.749778e-01	6.977028e-01	3.227028e-09	
252	1.152500e-08	3.750220e-01	7.280481e-01	3.530481e-09	
253	1.157500e-08	3.750662e-01	7.577565e-01	3.827565e-09	
254	1.162500e-08	3.751105e-01	7.868366e-01	4.118366e-09	
255	1.167500e-08	3.751548e-01	8.152646e-01	4.402646e-09	
256	1.172500e-08	3.751994e-01	8.429158e-01	4.679158e-09	
257	1.177500e-08	3.752450e-01	8.692437e-01	4.942437e-09	
258	1.182500e-08	3.752950e-01	8.919301e-01	5.169301e-09	
259	1.187500e-08	3.753625e-01	9.018682e-01	5.268682e-09	
260	1.192500e-08	3.754894e-01	8.690358e-01	4.940358e-09	
261	1.196250e-08	3.756731e-01	7.797122e-01	4.047122e-09	
262	1.200000e-08	3.759867e-01	5.928775e-01	2.178775e-09	
263	1.200500e-08	3.760300e-01	5.560800e-01	1.810800e-09	
264	1.201500e-08	3.761128e-01	4.852359e-01	1.102359e-09	
265	1.203500e-08	3.762304e-01	3.887575e-01	1.375745e-10	
266	1.207500e-08	3.762664e-01	3.705084e-01	-4.49161e-11	
267	1.212500e-08	3.762454e-01	3.806079e-01	5.607900e-11	
268	1.217500e-08	3.762600e-01	3.734319e-01	-1.56808e-11	
269	1.222500e-08	3.762500e-01	3.783216e-01	3.321584e-11	
270	1.227500e-08	3.762569e-01	3.748498e-01	-1.50234e-12	
271	1.232500e-08	3.762521e-01	3.772625e-01	2.262456e-11	
272	1.237500e-08	3.762553e-01	3.755525e-01	5.525165e-12	
273	1.242500e-08	3.762531e-01	3.767529e-01	1.752850e-11	
274	1.247500e-08	3.762546e-01	3.758941e-01	8.940935e-12	
275	1.252500e-08	3.762536e-01	3.765001e-01	1.500070e-11	
276	1.257500e-08	3.762541e-01	3.760705e-01	1.070524e-11	
277	1.262500e-08	3.762537e-01	3.763821e-01	1.382148e-11	
278	1.267500e-08	3.762539e-01	3.761559e-01	1.155948e-11	
279	1.272500e-08	3.762538e-01	3.763235e-01	1.323541e-11	
280	1.277500e-08	3.762537e-01	3.761977e-01	1.197732e-11	
281	1.282500e-08	3.762538e-01	3.762944e-01	1.294438e-11	
282	1.287500e-08	3.762536e-01	3.762183e-01	1.218320e-11	
283	1.292500e-08	3.762537e-01	3.762799e-01	1.279900e-11	
284	1.297500e-08	3.762536e-01	3.762286e-01	1.228564e-11	
285	1.302500e-08	3.762537e-01	3.762725e-01	1.272530e-11	
286	1.307500e-08	3.762535e-01	3.762337e-01	1.233745e-11	

Index   time            v(cell)         v(bl)           vpre#branch     
--------------------------------------------------------------------------------
287	1.312500e-08	3.762536e-01	3.762687e-01	1.268684e-11	
288	1.317500e-08	3.762534e-01	3.762364e-01	1.236442e-11	
289	1.322500e-08	3.762536e-01	3.762666e-01	1.266573e-11	
290	1.327500e-08	3.762534e-01	3.762379e-01	1.237917e-11	
291	1.332500e-08	3.762535e-01	3.762653e-01	1.265318e-11	
292	1.337500e-08	3.762533e-01	3.762388e-01	1.238788e-11	
293	1.342500e-08	3.762534e-01	3.762645e-01	1.264487e-11	
294	1.347500e-08	3.762532e-01	3.762394e-01	1.239359e-11	
295	1.352500e-08	3.762534e-01	3.762639e-01	1.263871e-11	
296	1.357500e-08	3.762532e-01	3.762398e-01	1.239776e-11	
297	1.362500e-08	3.762533e-01	3.762634e-01	1.263364e-11	
298	1.367500e-08	3.762531e-01	3.762401e-01	1.240115e-11	
299	1.372500e-08	3.762532e-01	3.762629e-01	1.262917e-11	
300	1.377500e-08	3.762531e-01	3.762404e-01	1.240410e-11	
301	1.382500e-08	3.762532e-01	3.762625e-01	1.262503e-11	
302	1.387500e-08	3.762530e-01	3.762407e-01	1.240678e-11	
303	1.392500e-08	3.762531e-01	3.762621e-01	1.262110e-11	
304	1.397500e-08	3.762529e-01	3.762409e-01	1.240930e-11	
305	1.402500e-08	3.762531e-01	3.762617e-01	1.261732e-11	
306	1.407500e-08	3.762529e-01	3.762412e-01	1.241169e-11	
307	1.412500e-08	3.762530e-01	3.762614e-01	1.261367e-11	
308	1.417500e-08	3.762528e-01	3.762414e-01	1.241397e-11	
309	1.422500e-08	3.762529e-01	3.762610e-01	1.261011e-11	
310	1.427500e-08	3.762527e-01	3.762416e-01	1.241617e-11	
311	1.432500e-08	3.762529e-01	3.762607e-01	1.260664e-11	
312	1.437500e-08	3.762527e-01	3.762418e-01	1.241828e-11	
313	1.442500e-08	3.762528e-01	3.762603e-01	1.260327e-11	
314	1.447500e-08	3.762526e-01	3.762420e-01	1.242031e-11	
315	1.452500e-08	3.762527e-01	3.762600e-01	1.259997e-11	
316	1.457500e-08	3.762526e-01	3.762422e-01	1.242226e-11	
317	1.462500e-08	3.762527e-01	3.762597e-01	1.259675e-11	
318	1.467500e-08	3.762525e-01	3.762424e-01	1.242414e-11	
319	1.472500e-08	3.762526e-01	3.762594e-01	1.259361e-11	
320	1.477500e-08	3.762524e-01	3.762426e-01	1.242595e-11	
321	1.482500e-08	3.762525e-01	3.762591e-01	1.259054e-11	
322	1.487500e-08	3.762524e-01	3.762428e-01	1.242769e-11	
323	1.492500e-08	3.762525e-01	3.762588e-01	1.258754e-11	
324	1.497500e-08	3.762523e-01	3.762429e-01	1.242936e-11	
325	1.502500e-08	3.762524e-01	3.762585e-01	1.258461e-11	
326	1.507500e-08	3.762523e-01	3.762431e-01	1.243097e-11	
327	1.512500e-08	3.762523e-01	3.762582e-01	1.258175e-11	
328	1.517500e-08	3.762522e-01	3.762433e-01	1.243251e-11	
329	1.522500e-08	3.762523e-01	3.762579e-01	1.257895e-11	
330	1.527500e-08	3.762521e-01	3.762434e-01	1.243399e-11	
331	1.532500e-08	3.762522e-01	3.762576e-01	1.257621e-11	
332	1.537500e-08	3.762521e-01	3.762435e-01	1.243542e-11	
333	1.542500e-08	3.762522e-01	3.762574e-01	1.257354e-11	
334	1.547500e-08	3.762520e-01	3.762437e-01	1.243678e-11	
335	1.552500e-08	3.762521e-01	3.762571e-01	1.257093e-11	
336	1.557500e-08	3.762520e-01	3.762438e-01	1.243809e-11	
337	1.562500e-08	3.762520e-01	3.762568e-01	1.256837e-11	
338	1.567500e-08	3.762519e-01	3.762439e-01	1.243934e-11	
339	1.572500e-08	3.762520e-01	3.762566e-01	1.256587e-11	
340	1.577500e-08	3.762518e-01	3.762441e-01	1.244054e-11	
341	1.582500e-08	3.762519e-01	3.762563e-01	1.256343e-11	
342	1.587500e-08	3.762518e-01	3.762442e-01	1.244169e-11	
343	1.592500e-08	3.762518e-01	3.762561e-01	1.256103e-11	
344	1.597500e-08	3.762517e-01	3.762443e-01	1.244278e-11	

Index   time            v(cell)         v(bl)           vpre#branch     
--------------------------------------------------------------------------------
345	1.602500e-08	3.762518e-01	3.762559e-01	1.255869e-11	
346	1.607500e-08	3.762517e-01	3.762444e-01	1.244383e-11	
347	1.612500e-08	3.762517e-01	3.762556e-01	1.255640e-11	
348	1.617500e-08	3.762516e-01	3.762445e-01	1.244483e-11	
349	1.622500e-08	3.762516e-01	3.762554e-01	1.255416e-11	
350	1.627500e-08	3.762515e-01	3.762446e-01	1.244578e-11	
351	1.632500e-08	3.762516e-01	3.762552e-01	1.255196e-11	
352	1.637500e-08	3.762515e-01	3.762447e-01	1.244669e-11	
353	1.642500e-08	3.762515e-01	3.762550e-01	1.254981e-11	
354	1.647500e-08	3.762514e-01	3.762448e-01	1.244756e-11	
355	1.652500e-08	3.762515e-01	3.762548e-01	1.254770e-11	
356	1.657500e-08	3.762513e-01	3.762448e-01	1.244838e-11	
357	1.662500e-08	3.762514e-01	3.762546e-01	1.254564e-11	
358	1.667500e-08	3.762513e-01	3.762449e-01	1.244916e-11	
359	1.672500e-08	3.762513e-01	3.762544e-01	1.254362e-11	
360	1.677500e-08	3.762512e-01	3.762450e-01	1.244990e-11	
361	1.682500e-08	3.762513e-01	3.762542e-01	1.254164e-11	
362	1.687500e-08	3.762512e-01	3.762451e-01	1.245061e-11	
363	1.692500e-08	3.762512e-01	3.762540e-01	1.253970e-11	
364	1.697500e-08	3.762511e-01	3.762451e-01	1.245127e-11	
365	1.702500e-08	3.762511e-01	3.762538e-01	1.253779e-11	
366	1.707500e-08	3.762510e-01	3.762452e-01	1.245190e-11	
367	1.712500e-08	3.762511e-01	3.762536e-01	1.253593e-11	
368	1.717500e-08	3.762510e-01	3.762452e-01	1.245249e-11	
369	1.722500e-08	3.762510e-01	3.762534e-01	1.253409e-11	
370	1.727500e-08	3.762509e-01	3.762453e-01	1.245305e-11	
371	1.732500e-08	3.762509e-01	3.762532e-01	1.253230e-11	
372	1.737500e-08	3.762509e-01	3.762454e-01	1.245358e-11	
373	1.742500e-08	3.762509e-01	3.762531e-01	1.253054e-11	
374	1.747500e-08	3.762508e-01	3.762454e-01	1.245407e-11	
375	1.752500e-08	3.762508e-01	3.762529e-01	1.252881e-11	
376	1.757500e-08	3.762507e-01	3.762455e-01	1.245453e-11	
377	1.762500e-08	3.762508e-01	3.762527e-01	1.252711e-11	
378	1.767500e-08	3.762507e-01	3.762455e-01	1.245496e-11	
379	1.772500e-08	3.762507e-01	3.762525e-01	1.252545e-11	
380	1.777500e-08	3.762506e-01	3.762455e-01	1.245535e-11	
381	1.782500e-08	3.762506e-01	3.762524e-01	1.252381e-11	
382	1.787500e-08	3.762506e-01	3.762456e-01	1.245572e-11	
383	1.792500e-08	3.762506e-01	3.762522e-01	1.252220e-11	
384	1.797500e-08	3.762505e-01	3.762456e-01	1.245607e-11	
385	1.802500e-08	3.762505e-01	3.762521e-01	1.252063e-11	
386	1.807500e-08	3.762504e-01	3.762456e-01	1.245638e-11	
387	1.812500e-08	3.762504e-01	3.762519e-01	1.251908e-11	
388	1.817500e-08	3.762504e-01	3.762457e-01	1.245667e-11	
389	1.822500e-08	3.762504e-01	3.762518e-01	1.251755e-11	
390	1.827500e-08	3.762503e-01	3.762457e-01	1.245693e-11	
391	1.832500e-08	3.762503e-01	3.762516e-01	1.251606e-11	
392	1.837500e-08	3.762502e-01	3.762457e-01	1.245716e-11	
393	1.842500e-08	3.762503e-01	3.762515e-01	1.251458e-11	
394	1.847500e-08	3.762502e-01	3.762457e-01	1.245737e-11	
395	1.852500e-08	3.762502e-01	3.762513e-01	1.251314e-11	
396	1.857500e-08	3.762501e-01	3.762458e-01	1.245756e-11	
397	1.862500e-08	3.762501e-01	3.762512e-01	1.251171e-11	
398	1.867500e-08	3.762501e-01	3.762458e-01	1.245773e-11	
399	1.872500e-08	3.762501e-01	3.762510e-01	1.251031e-11	
400	1.877500e-08	3.762500e-01	3.762458e-01	1.245787e-11	
401	1.882500e-08	3.762500e-01	3.762509e-01	1.250893e-11	
402	1.887500e-08	3.762499e-01	3.762458e-01	1.245799e-11	

Index   time            v(cell)         v(bl)           vpre#branch     
--------------------------------------------------------------------------------
403	1.892500e-08	3.762499e-01	3.762508e-01	1.250758e-11	
404	1.897500e-08	3.762499e-01	3.762458e-01	1.245809e-11	
405	1.902500e-08	3.762499e-01	3.762506e-01	1.250624e-11	
406	1.907500e-08	3.762498e-01	3.762458e-01	1.245817e-11	
407	1.912500e-08	3.762498e-01	3.762505e-01	1.250493e-11	
408	1.917500e-08	3.762498e-01	3.762458e-01	1.245822e-11	
409	1.922500e-08	3.762498e-01	3.762504e-01	1.250364e-11	
410	1.927500e-08	3.762497e-01	3.762458e-01	1.245826e-11	
411	1.932500e-08	3.762497e-01	3.762502e-01	1.250236e-11	
412	1.937500e-08	3.762496e-01	3.762458e-01	1.245828e-11	
413	1.942500e-08	3.762496e-01	3.762501e-01	1.250111e-11	
414	1.947500e-08	3.762496e-01	3.762458e-01	1.245829e-11	
415	1.952500e-08	3.762496e-01	3.762500e-01	1.249987e-11	
416	1.957500e-08	3.762495e-01	3.762458e-01	1.245827e-11	
417	1.962500e-08	3.762495e-01	3.762499e-01	1.249865e-11	
418	1.967500e-08	3.762494e-01	3.762458e-01	1.245824e-11	
419	1.972500e-08	3.762494e-01	3.762497e-01	1.249745e-11	
420	1.977500e-08	3.762494e-01	3.762458e-01	1.245819e-11	
421	1.982500e-08	3.762494e-01	3.762496e-01	1.249626e-11	
422	1.987500e-08	3.762493e-01	3.762458e-01	1.245812e-11	
423	1.992500e-08	3.762493e-01	3.762495e-01	1.249509e-11	
424	1.997500e-08	3.762493e-01	3.762458e-01	1.245804e-11	
425	2.002500e-08	3.762493e-01	3.762494e-01	1.249394e-11	
426	2.007500e-08	3.762492e-01	3.762458e-01	1.245794e-11	
427	2.012500e-08	3.762492e-01	3.762493e-01	1.249280e-11	
428	2.017500e-08	3.762491e-01	3.762458e-01	1.245783e-11	
429	2.022500e-08	3.762491e-01	3.762492e-01	1.249168e-11	
430	2.027500e-08	3.762491e-01	3.762458e-01	1.245770e-11	
431	2.032500e-08	3.762491e-01	3.762491e-01	1.249057e-11	
432	2.037500e-08	3.762490e-01	3.762458e-01	1.245756e-11	
433	2.042500e-08	3.762490e-01	3.762489e-01	1.248947e-11	
434	2.047500e-08	3.762489e-01	3.762457e-01	1.245740e-11	
435	2.052500e-08	3.762489e-01	3.762488e-01	1.248839e-11	
436	2.057500e-08	3.762489e-01	3.762457e-01	1.245724e-11	
437	2.062500e-08	3.762489e-01	3.762487e-01	1.248732e-11	
438	2.067500e-08	3.762488e-01	3.762457e-01	1.245705e-11	
439	2.072500e-08	3.762488e-01	3.762486e-01	1.248627e-11	
440	2.077500e-08	3.762488e-01	3.762457e-01	1.245686e-11	
441	2.082500e-08	3.762488e-01	3.762485e-01	1.248523e-11	
442	2.087500e-08	3.762487e-01	3.762457e-01	1.245665e-11	
443	2.092500e-08	3.762487e-01	3.762484e-01	1.248420e-11	
444	2.097500e-08	3.762486e-01	3.762456e-01	1.245644e-11	
445	2.102500e-08	3.762486e-01	3.762483e-01	1.248318e-11	
446	2.107500e-08	3.762486e-01	3.762456e-01	1.245621e-11	
447	2.112500e-08	3.762486e-01	3.762482e-01	1.248217e-11	
448	2.117500e-08	3.762485e-01	3.762456e-01	1.245597e-11	
449	2.122500e-08	3.762485e-01	3.762481e-01	1.248118e-11	
450	2.127500e-08	3.762485e-01	3.762456e-01	1.245572e-11	
451	2.132500e-08	3.762484e-01	3.762480e-01	1.248019e-11	
452	2.137500e-08	3.762484e-01	3.762455e-01	1.245545e-11	
453	2.142500e-08	3.762484e-01	3.762479e-01	1.247922e-11	
454	2.147500e-08	3.762483e-01	3.762455e-01	1.245518e-11	
455	2.152500e-08	3.762483e-01	3.762478e-01	1.247825e-11	
456	2.157500e-08	3.762483e-01	3.762455e-01	1.245490e-11	
457	2.162500e-08	3.762483e-01	3.762477e-01	1.247730e-11	
458	2.167500e-08	3.762482e-01	3.762455e-01	1.245461e-11	
459	2.172500e-08	3.762482e-01	3.762476e-01	1.247636e-11	
460	2.177500e-08	3.762481e-01	3.762454e-01	1.245431e-11	

Index   time            v(cell)         v(bl)           vpre#branch     
--------------------------------------------------------------------------------
461	2.182500e-08	3.762481e-01	3.762475e-01	1.247542e-11	
462	2.187500e-08	3.762481e-01	3.762454e-01	1.245400e-11	
463	2.192500e-08	3.762481e-01	3.762474e-01	1.247450e-11	
464	2.196250e-08	3.762480e-01	3.762454e-01	1.245380e-11	
465	2.200000e-08	3.762480e-01	3.762474e-01	1.247364e-11	
466	2.200500e-08	3.762379e-01	3.741226e-01	-8.77435e-12	
467	2.201500e-08	3.762134e-01	3.718752e-01	-3.12483e-11	
468	2.203500e-08	3.761597e-01	3.709490e-01	-4.05104e-11	
469	2.207500e-08	3.760663e-01	3.674508e-01	-7.54923e-11	
470	2.212500e-08	3.759740e-01	3.580756e-01	-1.69244e-10	
471	2.217500e-08	3.759018e-01	3.406977e-01	-3.43023e-10	
472	2.222500e-08	3.758404e-01	3.171009e-01	-5.78991e-10	
473	2.227500e-08	3.757846e-01	2.901549e-01	-8.48451e-10	
474	2.232500e-08	3.757320e-01	2.614405e-01	-1.13559e-09	
475	2.237500e-08	3.756814e-01	2.317640e-01	-1.43236e-09	
476	2.242500e-08	3.756322e-01	2.015805e-01	-1.73419e-09	
477	2.247500e-08	3.755842e-01	1.711738e-01	-2.03826e-09	
478	2.252500e-08	3.755369e-01	1.407351e-01	-2.34265e-09	
479	2.257500e-08	3.754904e-01	1.104019e-01	-2.64598e-09	
480	2.262500e-08	3.754443e-01	8.027749e-02	-2.94723e-09	
481	2.267500e-08	3.753988e-01	5.041570e-02	-3.24584e-09	
482	2.272500e-08	3.753535e-01	2.090804e-02	-3.54092e-09	
483	2.277500e-08	3.753085e-01	-8.16855e-03	-3.83169e-09	
484	2.282500e-08	3.752637e-01	-3.68182e-02	-4.11818e-09	
485	2.287500e-08	3.752191e-01	-6.50071e-02	-4.40007e-09	
486	2.292500e-08	3.751746e-01	-9.26949e-02	-4.67695e-09	
487	2.296250e-08	3.751413e-01	-1.13121e-01	-4.88121e-09	
488	2.300000e-08	3.751080e-01	-1.33251e-01	-5.08251e-09	
489	2.300500e-08	3.751079e-01	-1.32167e-01	-5.07167e-09	
490	2.301500e-08	3.751079e-01	-1.30006e-01	-5.05006e-09	
491	2.303500e-08	3.751078e-01	-1.25715e-01	-5.00715e-09	
492	2.307500e-08	3.751078e-01	-1.17256e-01	-4.92256e-09	
493	2.312500e-08	3.751077e-01	-1.06899e-01	-4.81899e-09	
494	2.317500e-08	3.751077e-01	-9.67756e-02	-4.71776e-09	
495	2.322500e-08	3.751076e-01	-8.68752e-02	-4.61875e-09	
496	2.327500e-08	3.751076e-01	-7.71880e-02	-4.52188e-09	
497	2.332500e-08	3.751076e-01	-6.77076e-02	-4.42708e-09	
498	2.337500e-08	3.751076e-01	-5.84284e-02	-4.33428e-09	
499	2.342500e-08	3.751076e-01	-4.93454e-02	-4.24345e-09	
500	2.347500e-08	3.751076e-01	-4.04539e-02	-4.15454e-09	
501	2.352500e-08	3.751076e-01	-3.17495e-02	-4.06750e-09	
502	2.357500e-08	3.751076e-01	-2.32281e-02	-3.98228e-09	
503	2.362500e-08	3.751076e-01	-1.48856e-02	-3.89886e-09	
504	2.367500e-08	3.751076e-01	-6.71821e-03	-3.81718e-09	
505	2.372500e-08	3.751076e-01	1.277915e-03	-3.73722e-09	
506	2.377500e-08	3.751076e-01	9.106387e-03	-3.65894e-09	
507	2.382500e-08	3.751076e-01	1.677077e-02	-3.58229e-09	
508	2.387500e-08	3.751076e-01	2.427452e-02	-3.50725e-09	
509	2.392500e-08	3.751076e-01	3.162103e-02	-3.43379e-09	
510	2.397500e-08	3.751076e-01	3.881362e-02	-3.36186e-09	
511	2.402500e-08	3.751076e-01	4.585552e-02	-3.29144e-09	
512	2.407500e-08	3.751076e-01	5.274988e-02	-3.22250e-09	
513	2.412500e-08	3.751076e-01	5.949982e-02	-3.15500e-09	
514	2.417500e-08	3.751076e-01	6.610836e-02	-3.08892e-09	
515	2.422500e-08	3.751076e-01	7.257847e-02	-3.02422e-09	
516	2.427500e-08	3.751076e-01	7.891304e-02	-2.96087e-09	
517	2.432500e-08	3.751076e-01	8.511493e-02	-2.89885e-09	
518	2.437500e-08	3.751076e-01	9.118690e-02	-2.83813e-09	

Index   time            v(cell)         v(bl)           vpre#branch     
--------------------------------------------------------------------------------
519	2.442500e-08	3.751076e-01	9.713168e-02	-2.77868e-09	
520	2.447500e-08	3.751076e-01	1.029519e-01	-2.72048e-09	
521	2.452500e-08	3.751076e-01	1.086503e-01	-2.66350e-09	
522	2.457500e-08	3.751076e-01	1.142293e-01	-2.60771e-09	
523	2.462500e-08	3.751076e-01	1.196914e-01	-2.55309e-09	
524	2.467500e-08	3.751076e-01	1.250391e-01	-2.49961e-09	
525	2.472500e-08	3.751076e-01	1.302748e-01	-2.44725e-09	
526	2.477500e-08	3.751076e-01	1.354009e-01	-2.39599e-09	
527	2.482500e-08	3.751076e-01	1.404195e-01	-2.34580e-09	
528	2.487500e-08	3.751076e-01	1.453331e-01	-2.29667e-09	
529	2.492500e-08	3.751076e-01	1.501437e-01	-2.24856e-09	
530	2.497500e-08	3.751076e-01	1.548535e-01	-2.20146e-09	
531	2.502500e-08	3.751076e-01	1.594647e-01	-2.15535e-09	
532	2.507500e-08	3.751076e-01	1.639794e-01	-2.11021e-09	
533	2.512500e-08	3.751076e-01	1.683994e-01	-2.06601e-09	
534	2.517500e-08	3.751076e-01	1.727269e-01	-2.02273e-09	
535	2.522500e-08	3.751076e-01	1.769637e-01	-1.98036e-09	
536	2.527500e-08	3.751076e-01	1.811118e-01	-1.93888e-09	
537	2.532500e-08	3.751076e-01	1.851730e-01	-1.89827e-09	
538	2.537500e-08	3.751076e-01	1.891491e-01	-1.85851e-09	
539	2.542500e-08	3.751076e-01	1.930420e-01	-1.81958e-09	
540	2.547500e-08	3.751076e-01	1.968533e-01	-1.78147e-09	
541	2.552500e-08	3.751076e-01	2.005848e-01	-1.74415e-09	
542	2.557500e-08	3.751076e-01	2.042381e-01	-1.70762e-09	
543	2.562500e-08	3.751076e-01	2.078149e-01	-1.67185e-09	
544	2.567500e-08	3.751076e-01	2.113167e-01	-1.63683e-09	
545	2.572500e-08	3.751076e-01	2.147453e-01	-1.60255e-09	
546	2.577500e-08	3.751076e-01	2.181020e-01	-1.56898e-09	
547	2.582500e-08	3.751076e-01	2.213884e-01	-1.53612e-09	
548	2.587500e-08	3.751076e-01	2.246059e-01	-1.50394e-09	
549	2.592500e-08	3.751076e-01	2.277561e-01	-1.47244e-09	
550	2.597500e-08	3.751076e-01	2.308403e-01	-1.44160e-09	
551	2.602500e-08	3.751076e-01	2.338598e-01	-1.41140e-09	
552	2.607500e-08	3.751076e-01	2.368162e-01	-1.38184e-09	
553	2.612500e-08	3.751076e-01	2.397106e-01	-1.35289e-09	
554	2.617500e-08	3.751076e-01	2.425444e-01	-1.32456e-09	
555	2.622500e-08	3.751076e-01	2.453188e-01	-1.29681e-09	
556	2.627500e-08	3.751076e-01	2.480351e-01	-1.26965e-09	
557	2.632500e-08	3.751076e-01	2.506945e-01	-1.24305e-09	
558	2.637500e-08	3.751076e-01	2.532982e-01	-1.21702e-09	
559	2.642500e-08	3.751076e-01	2.558474e-01	-1.19153e-09	
560	2.647500e-08	3.751076e-01	2.583432e-01	-1.16657e-09	
561	2.652500e-08	3.751076e-01	2.607867e-01	-1.14213e-09	
562	2.657500e-08	3.751076e-01	2.631790e-01	-1.11821e-09	
563	2.662500e-08	3.751076e-01	2.655212e-01	-1.09479e-09	
564	2.667500e-08	3.751076e-01	2.678144e-01	-1.07186e-09	
565	2.672500e-08	3.751076e-01	2.700595e-01	-1.04941e-09	
566	2.677500e-08	3.751076e-01	2.722576e-01	-1.02742e-09	
567	2.682500e-08	3.751076e-01	2.744096e-01	-1.00590e-09	
568	2.687500e-08	3.751076e-01	2.765166e-01	-9.84834e-10	
569	2.692500e-08	3.751076e-01	2.785794e-01	-9.64206e-10	
570	2.697500e-08	3.751076e-01	2.805991e-01	-9.44009e-10	
571	2.702500e-08	3.751076e-01	2.825764e-01	-9.24236e-10	
572	2.707500e-08	3.751076e-01	2.845123e-01	-9.04877e-10	
573	2.712500e-08	3.751076e-01	2.864077e-01	-8.85923e-10	
574	2.717500e-08	3.751076e-01	2.882633e-01	-8.67367e-10	
575	2.722500e-08	3.751076e-01	2.900801e-01	-8.49199e-10	
576	2.727500e-08	3.751076e-01	2.918589e-01	-8.31411e-10	

Index   time            v(cell)         v(bl)           vpre#branch     
--------------------------------------------------------------------------------
577	2.732500e-08	3.751076e-01	2.936003e-01	-8.13997e-10	
578	2.737500e-08	3.751076e-01	2.953053e-01	-7.96947e-10	
579	2.742500e-08	3.751076e-01	2.969746e-01	-7.80254e-10	
580	2.747500e-08	3.751076e-01	2.986090e-01	-7.63910e-10	
581	2.752500e-08	3.751076e-01	3.002091e-01	-7.47909e-10	
582	2.757500e-08	3.751076e-01	3.017756e-01	-7.32244e-10	
583	2.762500e-08	3.751076e-01	3.033094e-01	-7.16906e-10	
584	2.767500e-08	3.751076e-01	3.048110e-01	-7.01890e-10	
585	2.772500e-08	3.751076e-01	3.062812e-01	-6.87188e-10	
586	2.777500e-08	3.751076e-01	3.077206e-01	-6.72794e-10	
587	2.782500e-08	3.751076e-01	3.091298e-01	-6.58702e-10	
588	2.787500e-08	3.751076e-01	3.105096e-01	-6.44904e-10	
589	2.792500e-08	3.751076e-01	3.118604e-01	-6.31396e-10	
590	2.797500e-08	3.751076e-01	3.131829e-01	-6.18171e-10	
591	2.802500e-08	3.751076e-01	3.144777e-01	-6.05223e-10	
592	2.807500e-08	3.751076e-01	3.157454e-01	-5.92546e-10	
593	2.812500e-08	3.751076e-01	3.169866e-01	-5.80134e-10	
594	2.817500e-08	3.751076e-01	3.182017e-01	-5.67983e-10	
595	2.822500e-08	3.751076e-01	3.193914e-01	-5.56086e-10	
596	2.827500e-08	3.751076e-01	3.205562e-01	-5.44438e-10	
597	2.832500e-08	3.751076e-01	3.216966e-01	-5.33034e-10	
598	2.837500e-08	3.751076e-01	3.228131e-01	-5.21869e-10	
599	2.842500e-08	3.751076e-01	3.239062e-01	-5.10938e-10	
600	2.847500e-08	3.751076e-01	3.249764e-01	-5.00236e-10	
601	2.852500e-08	3.751076e-01	3.260242e-01	-4.89758e-10	
602	2.857500e-08	3.751076e-01	3.270501e-01	-4.79499e-10	
603	2.862500e-08	3.751076e-01	3.280544e-01	-4.69456e-10	
604	2.867500e-08	3.751076e-01	3.290378e-01	-4.59622e-10	
605	2.872500e-08	3.751076e-01	3.300005e-01	-4.49995e-10	
606	2.877500e-08	3.751076e-01	3.309431e-01	-4.40569e-10	
607	2.882500e-08	3.751076e-01	3.318659e-01	-4.31341e-10	
608	2.887500e-08	3.751076e-01	3.327694e-01	-4.22306e-10	
609	2.892500e-08	3.751076e-01	3.336539e-01	-4.13461e-10	
610	2.897500e-08	3.751076e-01	3.345200e-01	-4.04800e-10	
611	2.902500e-08	3.751076e-01	3.353679e-01	-3.96321e-10	
612	2.907500e-08	3.751076e-01	3.361980e-01	-3.88020e-10	
613	2.912500e-08	3.751076e-01	3.370108e-01	-3.79892e-10	
614	2.917500e-08	3.751076e-01	3.378065e-01	-3.71935e-10	
615	2.922500e-08	3.751076e-01	3.385855e-01	-3.64145e-10	
616	2.927500e-08	3.751076e-01	3.393483e-01	-3.56517e-10	
617	2.932500e-08	3.751076e-01	3.400950e-01	-3.49050e-10	
618	2.937500e-08	3.751076e-01	3.408262e-01	-3.41738e-10	
619	2.942500e-08	3.751076e-01	3.415420e-01	-3.34580e-10	
620	2.947500e-08	3.751076e-01	3.422428e-01	-3.27572e-10	
621	2.952500e-08	3.751076e-01	3.429289e-01	-3.20711e-10	
622	2.957500e-08	3.751076e-01	3.436007e-01	-3.13993e-10	
623	2.962500e-08	3.751076e-01	3.442584e-01	-3.07416e-10	
624	2.967500e-08	3.751076e-01	3.449023e-01	-3.00977e-10	
625	2.972500e-08	3.751076e-01	3.455327e-01	-2.94673e-10	
626	2.977500e-08	3.751076e-01	3.461499e-01	-2.88501e-10	
627	2.982500e-08	3.751076e-01	3.467542e-01	-2.82458e-10	
628	2.987500e-08	3.751076e-01	3.473459e-01	-2.76541e-10	
629	2.992500e-08	3.751076e-01	3.479251e-01	-2.70749e-10	
630	2.997500e-08	3.751076e-01	3.484922e-01	-2.65078e-10	
631	3.002500e-08	3.751076e-01	3.490475e-01	-2.59525e-10	
632	3.007500e-08	3.751076e-01	3.495911e-01	-2.54089e-10	
633	3.012500e-08	3.751076e-01	3.501233e-01	-2.48767e-10	
634	3.017500e-08	3.751076e-01	3.506444e-01	-2.43556e-10	

Index   time            v(cell)         v(bl)           vpre#branch     
--------------------------------------------------------------------------------
635	3.022500e-08	3.751076e-01	3.511545e-01	-2.38455e-10	
636	3.027500e-08	3.751076e-01	3.516540e-01	-2.33460e-10	
637	3.032500e-08	3.751076e-01	3.521430e-01	-2.28570e-10	
638	3.037500e-08	3.751076e-01	3.526218e-01	-2.23782e-10	
639	3.042500e-08	3.751076e-01	3.530905e-01	-2.19095e-10	
640	3.047500e-08	3.751076e-01	3.535494e-01	-2.14506e-10	
641	3.052500e-08	3.751076e-01	3.539987e-01	-2.10013e-10	
642	3.057500e-08	3.751076e-01	3.544386e-01	-2.05614e-10	
643	3.062500e-08	3.751076e-01	3.548693e-01	-2.01307e-10	
644	3.067500e-08	3.751076e-01	3.552909e-01	-1.97091e-10	
645	3.072500e-08	3.751076e-01	3.557038e-01	-1.92962e-10	
646	3.077500e-08	3.751076e-01	3.561080e-01	-1.88920e-10	
647	3.082500e-08	3.751076e-01	3.565037e-01	-1.84963e-10	
648	3.087500e-08	3.751076e-01	3.568911e-01	-1.81089e-10	
649	3.092500e-08	3.751076e-01	3.572704e-01	-1.77296e-10	
650	3.097500e-08	3.751076e-01	3.576418e-01	-1.73582e-10	
651	3.102500e-08	3.751076e-01	3.580054e-01	-1.69946e-10	
652	3.107500e-08	3.751076e-01	3.583613e-01	-1.66387e-10	
653	3.112500e-08	3.751076e-01	3.587098e-01	-1.62902e-10	
654	3.117500e-08	3.751076e-01	3.590511e-01	-1.59489e-10	
655	3.122500e-08	3.751076e-01	3.593851e-01	-1.56149e-10	
656	3.127500e-08	3.751076e-01	3.597122e-01	-1.52878e-10	
657	3.132500e-08	3.751076e-01	3.600324e-01	-1.49676e-10	
658	3.137500e-08	3.751076e-01	3.603459e-01	-1.46541e-10	
659	3.142500e-08	3.751076e-01	3.606529e-01	-1.43471e-10	
660	3.147500e-08	3.751076e-01	3.609534e-01	-1.40466e-10	
661	3.152500e-08	3.751076e-01	3.612476e-01	-1.37524e-10	
662	3.157500e-08	3.751076e-01	3.615357e-01	-1.34643e-10	
663	3.162500e-08	3.751076e-01	3.618177e-01	-1.31823e-10	
664	3.167500e-08	3.751076e-01	3.620938e-01	-1.29062e-10	
665	3.172500e-08	3.751076e-01	3.623641e-01	-1.26359e-10	
666	3.177500e-08	3.751076e-01	3.626288e-01	-1.23712e-10	
667	3.182500e-08	3.751076e-01	3.628879e-01	-1.21121e-10	
668	3.187500e-08	3.751076e-01	3.631416e-01	-1.18584e-10	
669	3.192500e-08	3.751076e-01	3.633900e-01	-1.16100e-10	
670	3.197500e-08	3.751076e-01	3.636332e-01	-1.13668e-10	
671	3.202500e-08	3.751076e-01	3.638713e-01	-1.11287e-10	
672	3.207500e-08	3.751076e-01	3.641044e-01	-1.08956e-10	
673	3.212500e-08	3.751076e-01	3.643326e-01	-1.06674e-10	
674	3.217500e-08	3.751076e-01	3.645561e-01	-1.04439e-10	
675	3.222500e-08	3.751076e-01	3.647748e-01	-1.02252e-10	
676	3.227500e-08	3.751076e-01	3.649890e-01	-1.00110e-10	
677	3.232500e-08	3.751076e-01	3.651987e-01	-9.80131e-11	
678	3.237500e-08	3.751076e-01	3.654040e-01	-9.59601e-11	
679	3.242500e-08	3.751076e-01	3.656050e-01	-9.39501e-11	
680	3.247500e-08	3.751076e-01	3.658018e-01	-9.19822e-11	
681	3.252500e-08	3.751076e-01	3.659944e-01	-9.00556e-11	
682	3.257500e-08	3.751076e-01	3.661831e-01	-8.81692e-11	
683	3.262500e-08	3.751076e-01	3.663678e-01	-8.63224e-11	
684	3.267500e-08	3.751076e-01	3.665486e-01	-8.45143e-11	
685	3.272500e-08	3.751076e-01	3.667256e-01	-8.27441e-11	
686	3.277500e-08	3.751076e-01	3.668989e-01	-8.10109e-11	
687	3.282500e-08	3.751076e-01	3.670686e-01	-7.93141e-11	
688	3.287500e-08	3.751076e-01	3.672347e-01	-7.76527e-11	
689	3.292500e-08	3.751076e-01	3.673974e-01	-7.60262e-11	
690	3.297500e-08	3.751076e-01	3.675566e-01	-7.44338e-11	
691	3.302500e-08	3.751076e-01	3.677125e-01	-7.28747e-11	
692	3.307500e-08	3.751076e-01	3.678652e-01	-7.13482e-11	

Index   time            v(cell)         v(bl)           vpre#branch     
--------------------------------------------------------------------------------
693	3.312500e-08	3.751076e-01	3.680146e-01	-6.98538e-11	
694	3.317500e-08	3.751076e-01	3.681609e-01	-6.83906e-11	
695	3.322500e-08	3.751076e-01	3.683042e-01	-6.69581e-11	
696	3.327500e-08	3.751076e-01	3.684444e-01	-6.55556e-11	
697	3.332500e-08	3.751076e-01	3.685818e-01	-6.41825e-11	
698	3.337500e-08	3.751076e-01	3.687162e-01	-6.28381e-11	
699	3.342500e-08	3.751076e-01	3.688478e-01	-6.15219e-11	
700	3.347500e-08	3.751076e-01	3.689767e-01	-6.02332e-11	
701	3.352500e-08	3.751076e-01	3.691028e-01	-5.89716e-11	
702	3.357500e-08	3.751076e-01	3.692264e-01	-5.77364e-11	
703	3.362500e-08	3.751076e-01	3.693473e-01	-5.65270e-11	
704	3.367500e-08	3.751076e-01	3.694657e-01	-5.53430e-11	
705	3.372500e-08	3.751076e-01	3.695816e-01	-5.41838e-11	
706	3.377500e-08	3.751076e-01	3.696951e-01	-5.30488e-11	
707	3.382500e-08	3.751076e-01	3.698062e-01	-5.19377e-11	
708	3.387500e-08	3.751076e-01	3.699150e-01	-5.08498e-11	
709	3.392500e-08	3.751076e-01	3.700215e-01	-4.97847e-11	
710	3.397500e-08	3.751076e-01	3.701258e-01	-4.87419e-11	
711	3.402500e-08	3.751076e-01	3.702279e-01	-4.77209e-11	
712	3.407500e-08	3.751076e-01	3.703279e-01	-4.67214e-11	
713	3.412500e-08	3.751076e-01	3.704257e-01	-4.57427e-11	
714	3.417500e-08	3.751076e-01	3.705215e-01	-4.47846e-11	
715	3.422500e-08	3.751076e-01	3.706153e-01	-4.38466e-11	
716	3.427500e-08	3.751076e-01	3.707072e-01	-4.29281e-11	
717	3.432500e-08	3.751076e-01	3.707971e-01	-4.20290e-11	
718	3.437500e-08	3.751076e-01	3.708851e-01	-4.11486e-11	
719	3.442500e-08	3.751076e-01	3.709713e-01	-4.02867e-11	
720	3.447500e-08	3.751076e-01	3.710557e-01	-3.94429e-11	
721	3.452500e-08	3.751076e-01	3.711383e-01	-3.86167e-11	
722	3.457500e-08	3.751076e-01	3.712192e-01	-3.78078e-11	
723	3.462500e-08	3.751076e-01	3.712984e-01	-3.70159e-11	
724	3.467500e-08	3.751076e-01	3.713759e-01	-3.62406e-11	
725	3.472500e-08	3.751076e-01	3.714519e-01	-3.54815e-11	
726	3.477500e-08	3.751076e-01	3.715262e-01	-3.47383e-11	
727	3.482500e-08	3.751076e-01	3.715989e-01	-3.40106e-11	
728	3.487500e-08	3.751076e-01	3.716702e-01	-3.32983e-11	
729	3.492500e-08	3.751076e-01	3.717399e-01	-3.26008e-11	
730	3.497500e-08	3.751076e-01	3.718082e-01	-3.19179e-11	
731	3.502500e-08	3.751076e-01	3.718751e-01	-3.12494e-11	
732	3.507500e-08	3.751076e-01	3.719405e-01	-3.05948e-11	
733	3.512500e-08	3.751076e-01	3.720046e-01	-2.99540e-11	
734	3.517500e-08	3.751076e-01	3.720673e-01	-2.93266e-11	
735	3.522500e-08	3.751076e-01	3.721288e-01	-2.87123e-11	
736	3.527500e-08	3.751076e-01	3.721889e-01	-2.81109e-11	
737	3.532500e-08	3.751076e-01	3.722478e-01	-2.75221e-11	
738	3.537500e-08	3.751076e-01	3.723054e-01	-2.69456e-11	
739	3.542500e-08	3.751076e-01	3.723619e-01	-2.63812e-11	
740	3.547500e-08	3.751076e-01	3.724171e-01	-2.58286e-11	
741	3.552500e-08	3.751076e-01	3.724712e-01	-2.52876e-11	
742	3.557500e-08	3.751076e-01	3.725242e-01	-2.47579e-11	
743	3.562500e-08	3.751076e-01	3.725761e-01	-2.42393e-11	
744	3.567500e-08	3.751076e-01	3.726268e-01	-2.37316e-11	
745	3.572500e-08	3.751076e-01	3.726765e-01	-2.32345e-11	
746	3.577500e-08	3.751076e-01	3.727252e-01	-2.27479e-11	
747	3.582500e-08	3.751076e-01	3.727729e-01	-2.22714e-11	
748	3.587500e-08	3.751076e-01	3.728195e-01	-2.18049e-11	
749	3.592500e-08	3.751076e-01	3.728652e-01	-2.13482e-11	
750	3.597500e-08	3.751076e-01	3.729099e-01	-2.09010e-11	

Index   time            v(cell)         v(bl)           vpre#branch     
--------------------------------------------------------------------------------
751	3.602500e-08	3.751076e-01	3.729537e-01	-2.04632e-11	
752	3.607500e-08	3.751076e-01	3.729965e-01	-2.00346e-11	
753	3.612500e-08	3.751076e-01	3.730385e-01	-1.96149e-11	
754	3.617500e-08	3.751076e-01	3.730796e-01	-1.92041e-11	
755	3.622500e-08	3.751076e-01	3.731198e-01	-1.88018e-11	
756	3.627500e-08	3.751076e-01	3.731592e-01	-1.84080e-11	
757	3.632500e-08	3.751076e-01	3.731978e-01	-1.80224e-11	
758	3.637500e-08	3.751076e-01	3.732355e-01	-1.76449e-11	
759	3.642500e-08	3.751076e-01	3.732725e-01	-1.72753e-11	
760	3.647500e-08	3.751076e-01	3.733087e-01	-1.69135e-11	
761	3.652500e-08	3.751076e-01	3.733441e-01	-1.65592e-11	
762	3.657500e-08	3.751076e-01	3.733788e-01	-1.62124e-11	
763	3.662500e-08	3.751076e-01	3.734127e-01	-1.58728e-11	
764	3.667500e-08	3.751076e-01	3.734460e-01	-1.55403e-11	
765	3.672500e-08	3.751076e-01	3.734785e-01	-1.52148e-11	
766	3.677500e-08	3.751076e-01	3.735104e-01	-1.48961e-11	
767	3.682500e-08	3.751076e-01	3.735416e-01	-1.45841e-11	
768	3.687500e-08	3.751076e-01	3.735721e-01	-1.42786e-11	
769	3.692500e-08	3.751076e-01	3.736020e-01	-1.39795e-11	
770	3.697500e-08	3.751076e-01	3.736313e-01	-1.36867e-11	
771	3.702500e-08	3.751076e-01	3.736600e-01	-1.34000e-11	
772	3.707500e-08	3.751076e-01	3.736881e-01	-1.31194e-11	
773	3.712500e-08	3.751076e-01	3.737155e-01	-1.28446e-11	
774	3.717500e-08	3.751076e-01	3.737424e-01	-1.25755e-11	
775	3.722500e-08	3.751076e-01	3.737688e-01	-1.23121e-11	
776	3.727500e-08	3.751076e-01	3.737946e-01	-1.20542e-11	
777	3.732500e-08	3.751076e-01	3.738198e-01	-1.18017e-11	
778	3.737500e-08	3.751076e-01	3.738445e-01	-1.15545e-11	
779	3.742500e-08	3.751076e-01	3.738687e-01	-1.13125e-11	
780	3.747500e-08	3.751076e-01	3.738924e-01	-1.10756e-11	
781	3.752500e-08	3.751076e-01	3.739156e-01	-1.08436e-11	
782	3.757500e-08	3.751076e-01	3.739384e-01	-1.06164e-11	
783	3.762500e-08	3.751076e-01	3.739606e-01	-1.03941e-11	
784	3.767500e-08	3.751076e-01	3.739824e-01	-1.01763e-11	
785	3.772500e-08	3.751076e-01	3.740037e-01	-9.96319e-12	
786	3.777500e-08	3.751076e-01	3.740245e-01	-9.75450e-12	
787	3.782500e-08	3.751076e-01	3.740450e-01	-9.55018e-12	
788	3.787500e-08	3.751076e-01	3.740650e-01	-9.35014e-12	
789	3.792500e-08	3.751076e-01	3.740846e-01	-9.15430e-12	
790	3.797500e-08	3.751076e-01	3.741037e-01	-8.96255e-12	
791	3.802500e-08	3.751076e-01	3.741225e-01	-8.77482e-12	
792	3.807500e-08	3.751076e-01	3.741409e-01	-8.59102e-12	
793	3.812500e-08	3.751076e-01	3.741589e-01	-8.41107e-12	
794	3.817500e-08	3.751076e-01	3.741765e-01	-8.23489e-12	
795	3.822500e-08	3.751076e-01	3.741938e-01	-8.06241e-12	
796	3.827500e-08	3.751076e-01	3.742106e-01	-7.89353e-12	
797	3.832500e-08	3.751076e-01	3.742272e-01	-7.72819e-12	
798	3.837500e-08	3.751076e-01	3.742434e-01	-7.56632e-12	
799	3.842500e-08	3.751076e-01	3.742592e-01	-7.40783e-12	
800	3.847500e-08	3.751076e-01	3.742747e-01	-7.25267e-12	
801	3.852500e-08	3.751076e-01	3.742899e-01	-7.10075e-12	
802	3.857500e-08	3.751076e-01	3.743048e-01	-6.95202e-12	
803	3.862500e-08	3.751076e-01	3.743194e-01	-6.80640e-12	
804	3.867500e-08	3.751076e-01	3.743336e-01	-6.66383e-12	
805	3.872500e-08	3.751076e-01	3.743476e-01	-6.52425e-12	
806	3.877500e-08	3.751076e-01	3.743612e-01	-6.38760e-12	
807	3.882500e-08	3.751076e-01	3.743746e-01	-6.25380e-12	
808	3.887500e-08	3.751076e-01	3.743877e-01	-6.12281e-12	

Index   time            v(cell)         v(bl)           vpre#branch     
--------------------------------------------------------------------------------
809	3.892500e-08	3.751076e-01	3.744005e-01	-5.99456e-12	
810	3.897500e-08	3.751076e-01	3.744131e-01	-5.86900e-12	
811	3.902500e-08	3.751076e-01	3.744254e-01	-5.74606e-12	
812	3.907500e-08	3.751076e-01	3.744374e-01	-5.62571e-12	
813	3.912500e-08	3.751076e-01	3.744492e-01	-5.50787e-12	
814	3.917500e-08	3.751076e-01	3.744607e-01	-5.39250e-12	
815	3.922500e-08	3.751076e-01	3.744720e-01	-5.27955e-12	
816	3.927500e-08	3.751076e-01	3.744831e-01	-5.16896e-12	
817	3.932500e-08	3.751076e-01	3.744939e-01	-5.06069e-12	
818	3.937500e-08	3.751076e-01	3.745045e-01	-4.95469e-12	
819	3.942500e-08	3.751076e-01	3.745149e-01	-4.85091e-12	
820	3.947500e-08	3.751076e-01	3.745251e-01	-4.74930e-12	
821	3.952500e-08	3.751076e-01	3.745350e-01	-4.64982e-12	
822	3.957500e-08	3.751076e-01	3.745448e-01	-4.55243e-12	
823	3.962500e-08	3.751076e-01	3.745543e-01	-4.45707e-12	
824	3.967500e-08	3.751076e-01	3.745636e-01	-4.36372e-12	
825	3.972500e-08	3.751076e-01	3.745728e-01	-4.27231e-12	
826	3.977500e-08	3.751076e-01	3.745817e-01	-4.18282e-12	
827	3.982500e-08	3.751076e-01	3.745905e-01	-4.09521e-12	
828	3.987500e-08	3.751076e-01	3.745991e-01	-4.00943e-12	
829	3.992500e-08	3.751076e-01	3.746075e-01	-3.92545e-12	
830	3.996250e-08	3.751076e-01	3.746136e-01	-3.86362e-12	
831	4.000000e-08	3.751076e-01	3.746197e-01	-3.80277e-12	


Total analysis time (seconds) = 0.0510648

Total elapsed time (seconds) = 0.060 

Total DRAM available = 386307.215 MB.
DRAM currently available = 8428.523 MB.
Maximum ngspice program size =  529.719 MB.
Current ngspice program size =   14.234 MB.

Shared ngspice pages =   12.414 MB.
Text (code) pages =    6.266 MB.
Stack = 0 bytes.
Library pages =   59.137 MB.

