
Note: No compatibility mode selected!


Circuit: * id-vg sweep vds=0.3750v

Doing analysis at TEMP = 85.000000 and TNOM = 27.000000

Using SPARSE 1.3 as Direct Linear Solver

No. of Data Rows : 201

  Measurements for DC Analysis

ion                 =  -1.70946e-06 at=  7.50000e-01
ioff                =  -6.35253e-13

                           * id-vg sweep vds=0.3750v
                           DC transfer characteristic  Tue Jun 23 16:46:33  2026
--------------------------------------------------------------------------------
Index   v-sweep         vd#branch       
--------------------------------------------------------------------------------
0	0.000000e+00	-6.35253e-13	
1	3.750000e-03	-7.12396e-13	
2	7.500000e-03	-8.04381e-13	
3	1.125000e-02	-9.08242e-13	
4	1.500000e-02	-1.02551e-12	
5	1.875000e-02	-1.15793e-12	
6	2.250000e-02	-1.30744e-12	
7	2.625000e-02	-1.47625e-12	
8	3.000000e-02	-1.66686e-12	
9	3.375000e-02	-1.88208e-12	
10	3.750000e-02	-2.12510e-12	
11	4.125000e-02	-2.39948e-12	
12	4.500000e-02	-2.70930e-12	
13	4.875000e-02	-3.05911e-12	
14	5.250000e-02	-3.45410e-12	
15	5.625000e-02	-3.90008e-12	
16	6.000000e-02	-4.40364e-12	
17	6.375000e-02	-4.97222e-12	
18	6.750000e-02	-5.61420e-12	
19	7.125000e-02	-6.33908e-12	
20	7.500000e-02	-7.15754e-12	
21	7.875000e-02	-8.08166e-12	
22	8.250000e-02	-9.12509e-12	
23	8.625000e-02	-1.03032e-11	
24	9.000000e-02	-1.16335e-11	
25	9.375000e-02	-1.31354e-11	
26	9.750000e-02	-1.48313e-11	
27	1.012500e-01	-1.67461e-11	
28	1.050000e-01	-1.89080e-11	
29	1.087500e-01	-2.13491e-11	
30	1.125000e-01	-2.41052e-11	
31	1.162500e-01	-2.72170e-11	
32	1.200000e-01	-3.07304e-11	
33	1.237500e-01	-3.46973e-11	
34	1.275000e-01	-3.91761e-11	
35	1.312500e-01	-4.42329e-11	
36	1.350000e-01	-4.99421e-11	
37	1.387500e-01	-5.63879e-11	
38	1.425000e-01	-6.36653e-11	
39	1.462500e-01	-7.18813e-11	
40	1.500000e-01	-8.11570e-11	
41	1.537500e-01	-9.16289e-11	
42	1.575000e-01	-1.03451e-10	
43	1.612500e-01	-1.16797e-10	
44	1.650000e-01	-1.31863e-10	
45	1.687500e-01	-1.48870e-10	
46	1.725000e-01	-1.68068e-10	
47	1.762500e-01	-1.91033e-10	
48	1.800000e-01	-2.15659e-10	
49	1.837500e-01	-2.43453e-10	
50	1.875000e-01	-2.74823e-10	
51	1.912500e-01	-3.10225e-10	
52	1.950000e-01	-3.50175e-10	
53	1.987500e-01	-3.95255e-10	
54	2.025000e-01	-4.46119e-10	

Index   v-sweep         vd#branch       
--------------------------------------------------------------------------------
55	2.062500e-01	-5.03503e-10	
56	2.100000e-01	-5.68237e-10	
57	2.137500e-01	-6.41254e-10	
58	2.175000e-01	-7.23602e-10	
59	2.212500e-01	-8.16460e-10	
60	2.250000e-01	-9.21152e-10	
61	2.287500e-01	-1.03916e-09	
62	2.325000e-01	-1.17216e-09	
63	2.362500e-01	-1.32201e-09	
64	2.400000e-01	-1.49081e-09	
65	2.437500e-01	-1.68088e-09	
66	2.475000e-01	-1.89485e-09	
67	2.512500e-01	-2.13562e-09	
68	2.550000e-01	-2.40644e-09	
69	2.587500e-01	-2.71092e-09	
70	2.625000e-01	-3.05305e-09	
71	2.662500e-01	-3.43726e-09	
72	2.700000e-01	-3.86846e-09	
73	2.737500e-01	-4.35203e-09	
74	2.775000e-01	-4.89389e-09	
75	2.812500e-01	-5.50053e-09	
76	2.850000e-01	-6.17903e-09	
77	2.887500e-01	-6.93706e-09	
78	2.925000e-01	-7.78293e-09	
79	2.962500e-01	-8.72558e-09	
80	3.000000e-01	-9.77460e-09	
81	3.037500e-01	-1.09401e-08	
82	3.075000e-01	-1.22330e-08	
83	3.112500e-01	-1.36644e-08	
84	3.150000e-01	-1.52462e-08	
85	3.187500e-01	-1.69905e-08	
86	3.225000e-01	-1.89096e-08	
87	3.262500e-01	-2.10163e-08	
88	3.300000e-01	-2.33230e-08	
89	3.337500e-01	-2.58423e-08	
90	3.375000e-01	-2.85863e-08	
91	3.412500e-01	-3.15669e-08	
92	3.450000e-01	-3.47954e-08	
93	3.487500e-01	-3.82821e-08	
94	3.525000e-01	-4.20369e-08	
95	3.562500e-01	-4.60687e-08	
96	3.600000e-01	-5.03852e-08	
97	3.637500e-01	-5.49934e-08	
98	3.675000e-01	-5.98994e-08	
99	3.712500e-01	-6.51081e-08	
100	3.750000e-01	-7.06236e-08	
101	3.787500e-01	-7.64492e-08	
102	3.825000e-01	-8.25873e-08	
103	3.862500e-01	-8.90395e-08	
104	3.900000e-01	-9.58068e-08	
105	3.937500e-01	-1.02889e-07	
106	3.975000e-01	-1.10287e-07	
107	4.012500e-01	-1.17999e-07	
108	4.050000e-01	-1.26024e-07	
109	4.087500e-01	-1.34359e-07	
110	4.125000e-01	-1.43003e-07	
111	4.162500e-01	-1.51800e-07	
112	4.200000e-01	-1.61053e-07	

Index   v-sweep         vd#branch       
--------------------------------------------------------------------------------
113	4.237500e-01	-1.70605e-07	
114	4.275000e-01	-1.80453e-07	
115	4.312500e-01	-1.90591e-07	
116	4.350000e-01	-2.01017e-07	
117	4.387500e-01	-2.11724e-07	
118	4.425000e-01	-2.22709e-07	
119	4.462500e-01	-2.33967e-07	
120	4.500000e-01	-2.45492e-07	
121	4.537500e-01	-2.57281e-07	
122	4.575000e-01	-2.69327e-07	
123	4.612500e-01	-2.81627e-07	
124	4.650000e-01	-2.94176e-07	
125	4.687500e-01	-3.06968e-07	
126	4.725000e-01	-3.20000e-07	
127	4.762500e-01	-3.33267e-07	
128	4.800000e-01	-3.46765e-07	
129	4.837500e-01	-3.60488e-07	
130	4.875000e-01	-3.74434e-07	
131	4.912500e-01	-3.88598e-07	
132	4.950000e-01	-4.02977e-07	
133	4.987500e-01	-4.17566e-07	
134	5.025000e-01	-4.32361e-07	
135	5.062500e-01	-4.47360e-07	
136	5.100000e-01	-4.62558e-07	
137	5.137500e-01	-4.77952e-07	
138	5.175000e-01	-4.93539e-07	
139	5.212500e-01	-5.09315e-07	
140	5.250000e-01	-5.25276e-07	
141	5.287500e-01	-5.41420e-07	
142	5.325000e-01	-5.57743e-07	
143	5.362500e-01	-5.74241e-07	
144	5.400000e-01	-5.90911e-07	
145	5.437500e-01	-6.07751e-07	
146	5.475000e-01	-6.24755e-07	
147	5.512500e-01	-6.41922e-07	
148	5.550000e-01	-6.59248e-07	
149	5.587500e-01	-6.76730e-07	
150	5.625000e-01	-6.94363e-07	
151	5.662500e-01	-7.12146e-07	
152	5.700000e-01	-7.30075e-07	
153	5.737500e-01	-7.48146e-07	
154	5.775000e-01	-7.66356e-07	
155	5.812500e-01	-7.84703e-07	
156	5.850000e-01	-8.03183e-07	
157	5.887500e-01	-8.21793e-07	
158	5.925000e-01	-8.40529e-07	
159	5.962500e-01	-8.59390e-07	
160	6.000000e-01	-8.78372e-07	
161	6.037500e-01	-8.97472e-07	
162	6.075000e-01	-9.16687e-07	
163	6.112500e-01	-9.36014e-07	
164	6.150000e-01	-9.55451e-07	
165	6.187500e-01	-9.74995e-07	
166	6.225000e-01	-9.94643e-07	
167	6.262500e-01	-1.01439e-06	
168	6.300000e-01	-1.03424e-06	
169	6.337500e-01	-1.05419e-06	
170	6.375000e-01	-1.07423e-06	

Index   v-sweep         vd#branch       
--------------------------------------------------------------------------------
171	6.412500e-01	-1.09436e-06	
172	6.450000e-01	-1.11458e-06	
173	6.487500e-01	-1.13489e-06	
174	6.525000e-01	-1.15529e-06	
175	6.562500e-01	-1.17576e-06	
176	6.600000e-01	-1.19632e-06	
177	6.637500e-01	-1.21696e-06	
178	6.675000e-01	-1.23767e-06	
179	6.712500e-01	-1.25846e-06	
180	6.750000e-01	-1.27933e-06	
181	6.787500e-01	-1.30026e-06	
182	6.825000e-01	-1.32126e-06	
183	6.862500e-01	-1.34233e-06	
184	6.900000e-01	-1.36347e-06	
185	6.937500e-01	-1.38467e-06	
186	6.975000e-01	-1.40594e-06	
187	7.012500e-01	-1.42727e-06	
188	7.050000e-01	-1.44865e-06	
189	7.087500e-01	-1.47010e-06	
190	7.125000e-01	-1.49160e-06	
191	7.162500e-01	-1.51316e-06	
192	7.200000e-01	-1.53477e-06	
193	7.237500e-01	-1.55643e-06	
194	7.275000e-01	-1.57815e-06	
195	7.312500e-01	-1.59991e-06	
196	7.350000e-01	-1.62173e-06	
197	7.387500e-01	-1.64359e-06	
198	7.425000e-01	-1.66550e-06	
199	7.462500e-01	-1.68746e-06	
200	7.500000e-01	-1.70946e-06	


Total analysis time (seconds) = 0.209819

Total elapsed time (seconds) = 0.218 

Total DRAM available = 386307.215 MB.
DRAM currently available = 19104.996 MB.
Maximum ngspice program size =  529.723 MB.
Current ngspice program size =   14.082 MB.

Shared ngspice pages =   12.312 MB.
Text (code) pages =    6.266 MB.
Stack = 0 bytes.
Library pages =   59.141 MB.

