
Note: No compatibility mode selected!


Circuit: * mini-array n=8 layout

Doing analysis at TEMP = 27.000000 and TNOM = 27.000000

Using SPARSE 1.3 as Direct Linear Solver

Initial Transient Solution
--------------------------

Node                                   Voltage
----                                   -------
pre                                       0.45
bl0                                       0.45
s                                            0
bltap0                                    0.45
wl0                                          0
bl1                                       0.45
bltap1                                    0.45
wl1                                          0
bl2                                       0.45
bltap2                                    0.45
wl2                                          0
bl3                                       0.45
bltap3                                    0.45
wl3                                          0
bl4                                       0.45
bltap4                                    0.45
wl4                                          0
bl5                                       0.45
bltap5                                    0.45
wl5                                          0
bl6                                       0.45
bltap6                                    0.45
wl6                                          0
bl7                                       0.45
bltap7                                    0.45
wl7                                          0
plate0                                       0
cell0                                        0
plate1                                    0.45
cell1                                 0.449997
plate2                                    0.45
cell2                                 0.449997
plate3                                    0.45
cell3                                 0.449997
plate4                                    0.45
cell4                                 0.449997
plate5                                    0.45
cell5                                 0.449997
plate6                                    0.45
cell6                                 0.449997
plate7                                    0.45
cell7                                 0.449997
vplate7#branch                               0
vwl7#branch                                  0
vplate6#branch                               0
vwl6#branch                                  0
vplate5#branch                               0
vwl5#branch                                  0
vplate4#branch                               0
vwl4#branch                                  0
vplate3#branch                               0
vwl3#branch                                  0
vplate2#branch                               0
vwl2#branch                                  0
vplate1#branch                               0
vwl1#branch                                  0
vplate0#branch                               0
vwl0#branch                                  0
vs#branch                                    0
vpre#branch                                  0


No. of Data Rows : 514

  Measurements for Transient Analysis

t_bl_settle         =  5.06936e-09
i_bl_leak           =  -1.58145e-10 from=  1.50000e-08 to=  2.50000e-08

                            * mini-array n=8 layout
                            Transient Analysis  Tue Jun 23 14:40:37  2026
--------------------------------------------------------------------------------
Index   time            v(bl0)          v(bl7)          vpre#branch     
--------------------------------------------------------------------------------
0	0.000000e+00	4.500000e-01	4.500000e-01	0.000000e+00	
1	5.000000e-13	4.500000e-01	4.500000e-01	-1.07037e-21	
2	1.000000e-12	4.500000e-01	4.500000e-01	-1.86612e-21	
3	2.000000e-12	4.500000e-01	4.500000e-01	-3.18961e-21	
4	4.000000e-12	4.500000e-01	4.500000e-01	-5.14258e-21	
5	8.000000e-12	4.500000e-01	4.500000e-01	-8.65231e-21	
6	1.600000e-11	4.500000e-01	4.500000e-01	-1.56544e-20	
7	3.200000e-11	4.500000e-01	4.500000e-01	-2.95907e-20	
8	6.400000e-11	4.500000e-01	4.500000e-01	-5.75676e-20	
9	1.140000e-10	4.500000e-01	4.500000e-01	-1.01439e-19	
10	1.640000e-10	4.500000e-01	4.500000e-01	-1.44994e-19	
11	2.140000e-10	4.500000e-01	4.500000e-01	-1.88566e-19	
12	2.640000e-10	4.500000e-01	4.500000e-01	-2.32120e-19	
13	3.140000e-10	4.500000e-01	4.500000e-01	-2.75691e-19	
14	3.640000e-10	4.500000e-01	4.500000e-01	-3.19245e-19	
15	4.140000e-10	4.500000e-01	4.500000e-01	-3.62815e-19	
16	4.640000e-10	4.500000e-01	4.500000e-01	-4.06368e-19	
17	5.140000e-10	4.500000e-01	4.500000e-01	-4.49937e-19	
18	5.640000e-10	4.500000e-01	4.500000e-01	-4.93494e-19	
19	6.140000e-10	4.500000e-01	4.500000e-01	-5.37064e-19	
20	6.640000e-10	4.500000e-01	4.500000e-01	-5.80619e-19	
21	7.140000e-10	4.500000e-01	4.500000e-01	-6.24188e-19	
22	7.640000e-10	4.500000e-01	4.500000e-01	-6.67742e-19	
23	8.140000e-10	4.500000e-01	4.500000e-01	-7.11310e-19	
24	8.640000e-10	4.500000e-01	4.500000e-01	-7.54866e-19	
25	9.140000e-10	4.500000e-01	4.500000e-01	-7.98433e-19	
26	9.570000e-10	4.500000e-01	4.500000e-01	-8.36049e-19	
27	1.000000e-09	4.500000e-01	4.500000e-01	-8.73844e-19	
28	1.005000e-09	4.500551e-01	4.500312e-01	5.506836e-13	
29	1.015000e-09	4.501427e-01	4.501108e-01	1.426979e-12	
30	1.035000e-09	4.503071e-01	4.502810e-01	3.070785e-12	
31	1.075000e-09	4.506441e-01	4.506131e-01	6.441246e-12	
32	1.125000e-09	4.510600e-01	4.510335e-01	1.060047e-11	
33	1.175000e-09	4.514803e-01	4.514497e-01	1.480346e-11	
34	1.225000e-09	4.518966e-01	4.518697e-01	1.896598e-11	
35	1.275000e-09	4.523166e-01	4.522862e-01	2.316589e-11	
36	1.325000e-09	4.527331e-01	4.527060e-01	2.733117e-11	
37	1.375000e-09	4.531528e-01	4.531227e-01	3.152837e-11	
38	1.425000e-09	4.535696e-01	4.535422e-01	3.569566e-11	
39	1.475000e-09	4.539890e-01	4.539591e-01	3.988962e-11	
40	1.525000e-09	4.544056e-01	4.543780e-01	4.405586e-11	
41	1.575000e-09	4.548239e-01	4.547943e-01	4.823888e-11	
42	1.625000e-09	4.552381e-01	4.552106e-01	5.238100e-11	
43	1.675000e-09	4.556493e-01	4.556205e-01	5.649324e-11	
44	1.725000e-09	4.560469e-01	4.560208e-01	6.046855e-11	
45	1.775000e-09	4.564227e-01	4.563971e-01	6.422654e-11	
46	1.825000e-09	4.567591e-01	4.567380e-01	6.759089e-11	
47	1.875000e-09	4.570466e-01	4.570280e-01	7.046620e-11	
48	1.925000e-09	4.572733e-01	4.572602e-01	7.273349e-11	
49	1.962500e-09	4.574021e-01	4.573913e-01	7.402103e-11	
50	2.000000e-09	4.574914e-01	4.574852e-01	7.491445e-11	
51	2.005000e-09	4.574463e-01	4.574635e-01	7.446267e-11	
52	2.015000e-09	4.573782e-01	4.574034e-01	7.378240e-11	
53	2.035000e-09	4.572537e-01	4.572729e-01	7.253689e-11	
54	2.075000e-09	4.569994e-01	4.570232e-01	6.999385e-11	

Index   time            v(bl0)          v(bl7)          vpre#branch     
--------------------------------------------------------------------------------
55	2.125000e-09	4.566923e-01	4.567112e-01	6.692320e-11	
56	2.175000e-09	4.563869e-01	4.564095e-01	6.386900e-11	
57	2.225000e-09	4.560913e-01	4.561097e-01	6.091299e-11	
58	2.275000e-09	4.557977e-01	4.558192e-01	5.797685e-11	
59	2.325000e-09	4.555130e-01	4.555310e-01	5.513033e-11	
60	2.375000e-09	4.552306e-01	4.552511e-01	5.230632e-11	
61	2.425000e-09	4.549564e-01	4.549739e-01	4.956439e-11	
62	2.475000e-09	4.546847e-01	4.547043e-01	4.684695e-11	
63	2.525000e-09	4.544205e-01	4.544375e-01	4.420493e-11	
64	2.575000e-09	4.541589e-01	4.541776e-01	4.158882e-11	
65	2.625000e-09	4.539042e-01	4.539207e-01	3.904225e-11	
66	2.675000e-09	4.536523e-01	4.536702e-01	3.652256e-11	
67	2.725000e-09	4.534067e-01	4.534227e-01	3.406716e-11	
68	2.775000e-09	4.531639e-01	4.531811e-01	3.163924e-11	
69	2.825000e-09	4.529271e-01	4.529426e-01	2.927095e-11	
70	2.875000e-09	4.526930e-01	4.527095e-01	2.693044e-11	
71	2.925000e-09	4.524645e-01	4.524796e-01	2.464538e-11	
72	2.975000e-09	4.522388e-01	4.522547e-01	2.238815e-11	
73	3.025000e-09	4.520183e-01	4.520328e-01	2.018262e-11	
74	3.075000e-09	4.518005e-01	4.518157e-01	1.800479e-11	
75	3.125000e-09	4.515875e-01	4.516017e-01	1.587527e-11	
76	3.175000e-09	4.513773e-01	4.513920e-01	1.377315e-11	
77	3.225000e-09	4.511716e-01	4.511853e-01	1.171630e-11	
78	3.275000e-09	4.509686e-01	4.509827e-01	9.686414e-12	
79	3.325000e-09	4.507699e-01	4.507832e-01	7.699031e-12	
80	3.375000e-09	4.505738e-01	4.505874e-01	5.738100e-12	
81	3.425000e-09	4.503817e-01	4.503946e-01	3.817151e-12	
82	3.475000e-09	4.501922e-01	4.502053e-01	1.922058e-12	
83	3.525000e-09	4.500065e-01	4.500189e-01	6.465059e-14	
84	3.575000e-09	4.498232e-01	4.498359e-01	-1.76755e-12	
85	3.625000e-09	4.496436e-01	4.496557e-01	-3.56417e-12	
86	3.675000e-09	4.494664e-01	4.494786e-01	-5.33627e-12	
87	3.725000e-09	4.492925e-01	4.493042e-01	-7.07472e-12	
88	3.775000e-09	4.491211e-01	4.491329e-01	-8.78936e-12	
89	3.825000e-09	4.489528e-01	4.489641e-01	-1.04721e-11	
90	3.875000e-09	4.487868e-01	4.487982e-01	-1.21318e-11	
91	3.925000e-09	4.486239e-01	4.486349e-01	-1.37613e-11	
92	3.975000e-09	4.484632e-01	4.484742e-01	-1.53684e-11	
93	4.025000e-09	4.483053e-01	4.483160e-01	-1.69469e-11	
94	4.075000e-09	4.481496e-01	4.481603e-01	-1.85037e-11	
95	4.125000e-09	4.479967e-01	4.480070e-01	-2.00332e-11	
96	4.175000e-09	4.478458e-01	4.478562e-01	-2.15419e-11	
97	4.225000e-09	4.476975e-01	4.477076e-01	-2.30245e-11	
98	4.275000e-09	4.475513e-01	4.475613e-01	-2.44871e-11	
99	4.325000e-09	4.474075e-01	4.474173e-01	-2.59248e-11	
100	4.375000e-09	4.472657e-01	4.472754e-01	-2.73432e-11	
101	4.425000e-09	4.471262e-01	4.471357e-01	-2.87379e-11	
102	4.475000e-09	4.469886e-01	4.469980e-01	-3.01139e-11	
103	4.525000e-09	4.468533e-01	4.468625e-01	-3.14674e-11	
104	4.575000e-09	4.467197e-01	4.467289e-01	-3.28028e-11	
105	4.625000e-09	4.465883e-01	4.465973e-01	-3.41166e-11	
106	4.675000e-09	4.464587e-01	4.464676e-01	-3.54131e-11	
107	4.725000e-09	4.463311e-01	4.463398e-01	-3.66889e-11	
108	4.775000e-09	4.462052e-01	4.462138e-01	-3.79480e-11	
109	4.825000e-09	4.460813e-01	4.460897e-01	-3.91874e-11	
110	4.875000e-09	4.459589e-01	4.459673e-01	-4.04107e-11	
111	4.925000e-09	4.458385e-01	4.458467e-01	-4.16150e-11	
112	4.975000e-09	4.457196e-01	4.457277e-01	-4.28039e-11	

Index   time            v(bl0)          v(bl7)          vpre#branch     
--------------------------------------------------------------------------------
113	5.025000e-09	4.456025e-01	4.456105e-01	-4.39746e-11	
114	5.075000e-09	4.454870e-01	4.454949e-01	-4.51304e-11	
115	5.125000e-09	4.453731e-01	4.453809e-01	-4.62688e-11	
116	5.175000e-09	4.452607e-01	4.452684e-01	-4.73929e-11	
117	5.225000e-09	4.451500e-01	4.451575e-01	-4.85003e-11	
118	5.275000e-09	4.450406e-01	4.450481e-01	-4.95938e-11	
119	5.325000e-09	4.449329e-01	4.449402e-01	-5.06714e-11	
120	5.375000e-09	4.448264e-01	4.448337e-01	-5.17356e-11	
121	5.425000e-09	4.447216e-01	4.447287e-01	-5.27845e-11	
122	5.475000e-09	4.446180e-01	4.446250e-01	-5.38205e-11	
123	5.525000e-09	4.445158e-01	4.445228e-01	-5.48418e-11	
124	5.575000e-09	4.444149e-01	4.444218e-01	-5.58507e-11	
125	5.625000e-09	4.443155e-01	4.443222e-01	-5.68454e-11	
126	5.675000e-09	4.442172e-01	4.442239e-01	-5.78282e-11	
127	5.725000e-09	4.441203e-01	4.441269e-01	-5.87973e-11	
128	5.775000e-09	4.440245e-01	4.440310e-01	-5.97550e-11	
129	5.825000e-09	4.439300e-01	4.439365e-01	-6.06996e-11	
130	5.875000e-09	4.438367e-01	4.438431e-01	-6.16331e-11	
131	5.925000e-09	4.437446e-01	4.437509e-01	-6.25539e-11	
132	5.975000e-09	4.436536e-01	4.436598e-01	-6.34641e-11	
133	6.025000e-09	4.435638e-01	4.435699e-01	-6.43622e-11	
134	6.075000e-09	4.434750e-01	4.434811e-01	-6.52500e-11	
135	6.125000e-09	4.433874e-01	4.433934e-01	-6.61260e-11	
136	6.175000e-09	4.433008e-01	4.433067e-01	-6.69922e-11	
137	6.225000e-09	4.432153e-01	4.432211e-01	-6.78470e-11	
138	6.275000e-09	4.431308e-01	4.431365e-01	-6.86923e-11	
139	6.325000e-09	4.430473e-01	4.430530e-01	-6.95267e-11	
140	6.375000e-09	4.429648e-01	4.429704e-01	-7.03519e-11	
141	6.425000e-09	4.428833e-01	4.428889e-01	-7.11666e-11	
142	6.475000e-09	4.428028e-01	4.428083e-01	-7.19724e-11	
143	6.525000e-09	4.427232e-01	4.427286e-01	-7.27681e-11	
144	6.575000e-09	4.426445e-01	4.426499e-01	-7.35552e-11	
145	6.625000e-09	4.425667e-01	4.425721e-01	-7.43325e-11	
146	6.675000e-09	4.424898e-01	4.424951e-01	-7.51015e-11	
147	6.725000e-09	4.424139e-01	4.424191e-01	-7.58612e-11	
148	6.775000e-09	4.423387e-01	4.423439e-01	-7.66128e-11	
149	6.825000e-09	4.422645e-01	4.422695e-01	-7.73553e-11	
150	6.875000e-09	4.421910e-01	4.421960e-01	-7.80900e-11	
151	6.925000e-09	4.421184e-01	4.421234e-01	-7.88160e-11	
152	6.975000e-09	4.420466e-01	4.420515e-01	-7.95345e-11	
153	7.025000e-09	4.419756e-01	4.419804e-01	-8.02445e-11	
154	7.075000e-09	4.419053e-01	4.419101e-01	-8.09472e-11	
155	7.125000e-09	4.418358e-01	4.418406e-01	-8.16418e-11	
156	7.175000e-09	4.417671e-01	4.417718e-01	-8.23294e-11	
157	7.225000e-09	4.416991e-01	4.417037e-01	-8.30090e-11	
158	7.275000e-09	4.416318e-01	4.416364e-01	-8.36819e-11	
159	7.325000e-09	4.415653e-01	4.415698e-01	-8.43471e-11	
160	7.375000e-09	4.414994e-01	4.415039e-01	-8.50058e-11	
161	7.425000e-09	4.414343e-01	4.414387e-01	-8.56571e-11	
162	7.475000e-09	4.413698e-01	4.413742e-01	-8.63020e-11	
163	7.525000e-09	4.413060e-01	4.413104e-01	-8.69398e-11	
164	7.575000e-09	4.412429e-01	4.412472e-01	-8.75714e-11	
165	7.625000e-09	4.411804e-01	4.411847e-01	-8.81961e-11	
166	7.675000e-09	4.411185e-01	4.411227e-01	-8.88148e-11	
167	7.725000e-09	4.410573e-01	4.410615e-01	-8.94268e-11	
168	7.775000e-09	4.409967e-01	4.410008e-01	-9.00331e-11	
169	7.825000e-09	4.409367e-01	4.409408e-01	-9.06329e-11	
170	7.875000e-09	4.408773e-01	4.408814e-01	-9.12271e-11	

Index   time            v(bl0)          v(bl7)          vpre#branch     
--------------------------------------------------------------------------------
171	7.925000e-09	4.408185e-01	4.408225e-01	-9.18150e-11	
172	7.975000e-09	4.407603e-01	4.407642e-01	-9.23975e-11	
173	8.025000e-09	4.407026e-01	4.407066e-01	-9.29738e-11	
174	8.075000e-09	4.406455e-01	4.406494e-01	-9.35450e-11	
175	8.125000e-09	4.405890e-01	4.405928e-01	-9.41102e-11	
176	8.175000e-09	4.405330e-01	4.405368e-01	-9.46704e-11	
177	8.225000e-09	4.404775e-01	4.404813e-01	-9.52248e-11	
178	8.275000e-09	4.404226e-01	4.404263e-01	-9.57743e-11	
179	8.325000e-09	4.403682e-01	4.403719e-01	-9.63183e-11	
180	8.375000e-09	4.403143e-01	4.403179e-01	-9.68574e-11	
181	8.425000e-09	4.402609e-01	4.402645e-01	-9.73912e-11	
182	8.475000e-09	4.402080e-01	4.402116e-01	-9.79203e-11	
183	8.525000e-09	4.401556e-01	4.401592e-01	-9.84442e-11	
184	8.575000e-09	4.401036e-01	4.401072e-01	-9.89636e-11	
185	8.625000e-09	4.400522e-01	4.400557e-01	-9.94780e-11	
186	8.675000e-09	4.400012e-01	4.400047e-01	-9.99879e-11	
187	8.725000e-09	4.399507e-01	4.399542e-01	-1.00493e-10	
188	8.775000e-09	4.399006e-01	4.399041e-01	-1.00994e-10	
189	8.825000e-09	4.398510e-01	4.398544e-01	-1.01490e-10	
190	8.875000e-09	4.398018e-01	4.398052e-01	-1.01982e-10	
191	8.925000e-09	4.397531e-01	4.397564e-01	-1.02469e-10	
192	8.975000e-09	4.397048e-01	4.397081e-01	-1.02952e-10	
193	9.025000e-09	4.396569e-01	4.396602e-01	-1.03431e-10	
194	9.075000e-09	4.396094e-01	4.396127e-01	-1.03906e-10	
195	9.125000e-09	4.395624e-01	4.395656e-01	-1.04376e-10	
196	9.175000e-09	4.395157e-01	4.395189e-01	-1.04843e-10	
197	9.225000e-09	4.394695e-01	4.394726e-01	-1.05305e-10	
198	9.275000e-09	4.394236e-01	4.394268e-01	-1.05764e-10	
199	9.325000e-09	4.393782e-01	4.393813e-01	-1.06218e-10	
200	9.375000e-09	4.393331e-01	4.393361e-01	-1.06669e-10	
201	9.425000e-09	4.392884e-01	4.392914e-01	-1.07116e-10	
202	9.475000e-09	4.392440e-01	4.392471e-01	-1.07560e-10	
203	9.525000e-09	4.392001e-01	4.392031e-01	-1.07999e-10	
204	9.575000e-09	4.391564e-01	4.391594e-01	-1.08436e-10	
205	9.625000e-09	4.391132e-01	4.391162e-01	-1.08868e-10	
206	9.675000e-09	4.390703e-01	4.390732e-01	-1.09297e-10	
207	9.725000e-09	4.390278e-01	4.390307e-01	-1.09722e-10	
208	9.775000e-09	4.389856e-01	4.389884e-01	-1.10144e-10	
209	9.825000e-09	4.389437e-01	4.389466e-01	-1.10563e-10	
210	9.875000e-09	4.389022e-01	4.389050e-01	-1.10978e-10	
211	9.925000e-09	4.388610e-01	4.388638e-01	-1.11390e-10	
212	9.975000e-09	4.388201e-01	4.388229e-01	-1.11799e-10	
213	1.002500e-08	4.387795e-01	4.387823e-01	-1.12205e-10	
214	1.007500e-08	4.387393e-01	4.387421e-01	-1.12607e-10	
215	1.012500e-08	4.386994e-01	4.387021e-01	-1.13006e-10	
216	1.017500e-08	4.386598e-01	4.386625e-01	-1.13402e-10	
217	1.022500e-08	4.386205e-01	4.386232e-01	-1.13795e-10	
218	1.027500e-08	4.385814e-01	4.385841e-01	-1.14186e-10	
219	1.032500e-08	4.385427e-01	4.385454e-01	-1.14573e-10	
220	1.037500e-08	4.385043e-01	4.385070e-01	-1.14957e-10	
221	1.042500e-08	4.384662e-01	4.384688e-01	-1.15338e-10	
222	1.047500e-08	4.384284e-01	4.384309e-01	-1.15716e-10	
223	1.052500e-08	4.383908e-01	4.383934e-01	-1.16092e-10	
224	1.057500e-08	4.383535e-01	4.383561e-01	-1.16465e-10	
225	1.062500e-08	4.383165e-01	4.383190e-01	-1.16835e-10	
226	1.067500e-08	4.382798e-01	4.382823e-01	-1.17202e-10	
227	1.072500e-08	4.382433e-01	4.382458e-01	-1.17567e-10	
228	1.077500e-08	4.382071e-01	4.382096e-01	-1.17929e-10	

Index   time            v(bl0)          v(bl7)          vpre#branch     
--------------------------------------------------------------------------------
229	1.082500e-08	4.381712e-01	4.381736e-01	-1.18288e-10	
230	1.087500e-08	4.381355e-01	4.381380e-01	-1.18645e-10	
231	1.092500e-08	4.381001e-01	4.381025e-01	-1.18999e-10	
232	1.097500e-08	4.380649e-01	4.380673e-01	-1.19351e-10	
233	1.102500e-08	4.380300e-01	4.380324e-01	-1.19700e-10	
234	1.107500e-08	4.379953e-01	4.379977e-01	-1.20047e-10	
235	1.112500e-08	4.379609e-01	4.379633e-01	-1.20391e-10	
236	1.117500e-08	4.379267e-01	4.379291e-01	-1.20733e-10	
237	1.122500e-08	4.378928e-01	4.378951e-01	-1.21072e-10	
238	1.127500e-08	4.378590e-01	4.378614e-01	-1.21410e-10	
239	1.132500e-08	4.378256e-01	4.378279e-01	-1.21744e-10	
240	1.137500e-08	4.377923e-01	4.377946e-01	-1.22077e-10	
241	1.142500e-08	4.377593e-01	4.377615e-01	-1.22407e-10	
242	1.147500e-08	4.377265e-01	4.377287e-01	-1.22735e-10	
243	1.152500e-08	4.376939e-01	4.376961e-01	-1.23061e-10	
244	1.157500e-08	4.376615e-01	4.376638e-01	-1.23385e-10	
245	1.162500e-08	4.376294e-01	4.376316e-01	-1.23706e-10	
246	1.167500e-08	4.375975e-01	4.375997e-01	-1.24025e-10	
247	1.172500e-08	4.375658e-01	4.375679e-01	-1.24342e-10	
248	1.177500e-08	4.375342e-01	4.375364e-01	-1.24658e-10	
249	1.182500e-08	4.375029e-01	4.375051e-01	-1.24971e-10	
250	1.187500e-08	4.374718e-01	4.374740e-01	-1.25282e-10	
251	1.192500e-08	4.374410e-01	4.374431e-01	-1.25590e-10	
252	1.197500e-08	4.374103e-01	4.374124e-01	-1.25897e-10	
253	1.202500e-08	4.373798e-01	4.373818e-01	-1.26202e-10	
254	1.207500e-08	4.373495e-01	4.373515e-01	-1.26505e-10	
255	1.212500e-08	4.373194e-01	4.373214e-01	-1.26806e-10	
256	1.217500e-08	4.372894e-01	4.372915e-01	-1.27106e-10	
257	1.222500e-08	4.372597e-01	4.372617e-01	-1.27403e-10	
258	1.227500e-08	4.372302e-01	4.372322e-01	-1.27698e-10	
259	1.232500e-08	4.372008e-01	4.372028e-01	-1.27992e-10	
260	1.237500e-08	4.371716e-01	4.371736e-01	-1.28284e-10	
261	1.242500e-08	4.371427e-01	4.371446e-01	-1.28573e-10	
262	1.247500e-08	4.371138e-01	4.371158e-01	-1.28862e-10	
263	1.252500e-08	4.370852e-01	4.370872e-01	-1.29148e-10	
264	1.257500e-08	4.370567e-01	4.370587e-01	-1.29433e-10	
265	1.262500e-08	4.370285e-01	4.370304e-01	-1.29715e-10	
266	1.267500e-08	4.370003e-01	4.370023e-01	-1.29997e-10	
267	1.272500e-08	4.369724e-01	4.369743e-01	-1.30276e-10	
268	1.277500e-08	4.369446e-01	4.369465e-01	-1.30554e-10	
269	1.282500e-08	4.369170e-01	4.369189e-01	-1.30830e-10	
270	1.287500e-08	4.368896e-01	4.368915e-01	-1.31104e-10	
271	1.292500e-08	4.368623e-01	4.368642e-01	-1.31377e-10	
272	1.297500e-08	4.368352e-01	4.368370e-01	-1.31648e-10	
273	1.302500e-08	4.368082e-01	4.368101e-01	-1.31918e-10	
274	1.307500e-08	4.367814e-01	4.367832e-01	-1.32186e-10	
275	1.312500e-08	4.367548e-01	4.367566e-01	-1.32452e-10	
276	1.317500e-08	4.367283e-01	4.367301e-01	-1.32717e-10	
277	1.322500e-08	4.367019e-01	4.367037e-01	-1.32981e-10	
278	1.327500e-08	4.366757e-01	4.366775e-01	-1.33243e-10	
279	1.332500e-08	4.366497e-01	4.366515e-01	-1.33503e-10	
280	1.337500e-08	4.366238e-01	4.366256e-01	-1.33762e-10	
281	1.342500e-08	4.365981e-01	4.365998e-01	-1.34019e-10	
282	1.347500e-08	4.365725e-01	4.365742e-01	-1.34275e-10	
283	1.352500e-08	4.365470e-01	4.365488e-01	-1.34530e-10	
284	1.357500e-08	4.365217e-01	4.365235e-01	-1.34783e-10	
285	1.362500e-08	4.364966e-01	4.364983e-01	-1.35034e-10	
286	1.367500e-08	4.364715e-01	4.364732e-01	-1.35285e-10	

Index   time            v(bl0)          v(bl7)          vpre#branch     
--------------------------------------------------------------------------------
287	1.372500e-08	4.364466e-01	4.364484e-01	-1.35534e-10	
288	1.377500e-08	4.364219e-01	4.364236e-01	-1.35781e-10	
289	1.382500e-08	4.363973e-01	4.363990e-01	-1.36027e-10	
290	1.387500e-08	4.363728e-01	4.363745e-01	-1.36272e-10	
291	1.392500e-08	4.363485e-01	4.363501e-01	-1.36515e-10	
292	1.397500e-08	4.363242e-01	4.363259e-01	-1.36758e-10	
293	1.402500e-08	4.363002e-01	4.363018e-01	-1.36998e-10	
294	1.407500e-08	4.362762e-01	4.362778e-01	-1.37238e-10	
295	1.412500e-08	4.362524e-01	4.362540e-01	-1.37476e-10	
296	1.417500e-08	4.362287e-01	4.362303e-01	-1.37713e-10	
297	1.422500e-08	4.362051e-01	4.362067e-01	-1.37949e-10	
298	1.427500e-08	4.361817e-01	4.361833e-01	-1.38183e-10	
299	1.432500e-08	4.361583e-01	4.361599e-01	-1.38417e-10	
300	1.437500e-08	4.361351e-01	4.361367e-01	-1.38649e-10	
301	1.442500e-08	4.361121e-01	4.361136e-01	-1.38879e-10	
302	1.447500e-08	4.360891e-01	4.360907e-01	-1.39109e-10	
303	1.452500e-08	4.360662e-01	4.360678e-01	-1.39338e-10	
304	1.457500e-08	4.360435e-01	4.360451e-01	-1.39565e-10	
305	1.462500e-08	4.360209e-01	4.360225e-01	-1.39791e-10	
306	1.467500e-08	4.359984e-01	4.360000e-01	-1.40016e-10	
307	1.472500e-08	4.359761e-01	4.359776e-01	-1.40239e-10	
308	1.477500e-08	4.359538e-01	4.359553e-01	-1.40462e-10	
309	1.482500e-08	4.359316e-01	4.359332e-01	-1.40684e-10	
310	1.487500e-08	4.359096e-01	4.359111e-01	-1.40904e-10	
311	1.492500e-08	4.358877e-01	4.358892e-01	-1.41123e-10	
312	1.497500e-08	4.358659e-01	4.358673e-01	-1.41341e-10	
313	1.502500e-08	4.358441e-01	4.358456e-01	-1.41559e-10	
314	1.507500e-08	4.358225e-01	4.358240e-01	-1.41775e-10	
315	1.512500e-08	4.358011e-01	4.358025e-01	-1.41989e-10	
316	1.517500e-08	4.357797e-01	4.357811e-01	-1.42203e-10	
317	1.522500e-08	4.357584e-01	4.357598e-01	-1.42416e-10	
318	1.527500e-08	4.357372e-01	4.357387e-01	-1.42628e-10	
319	1.532500e-08	4.357161e-01	4.357176e-01	-1.42839e-10	
320	1.537500e-08	4.356951e-01	4.356966e-01	-1.43049e-10	
321	1.542500e-08	4.356743e-01	4.356757e-01	-1.43257e-10	
322	1.547500e-08	4.356535e-01	4.356549e-01	-1.43465e-10	
323	1.552500e-08	4.356328e-01	4.356342e-01	-1.43672e-10	
324	1.557500e-08	4.356123e-01	4.356137e-01	-1.43877e-10	
325	1.562500e-08	4.355918e-01	4.355932e-01	-1.44082e-10	
326	1.567500e-08	4.355714e-01	4.355728e-01	-1.44286e-10	
327	1.572500e-08	4.355511e-01	4.355525e-01	-1.44489e-10	
328	1.577500e-08	4.355309e-01	4.355323e-01	-1.44691e-10	
329	1.582500e-08	4.355108e-01	4.355122e-01	-1.44892e-10	
330	1.587500e-08	4.354908e-01	4.354922e-01	-1.45092e-10	
331	1.592500e-08	4.354709e-01	4.354723e-01	-1.45291e-10	
332	1.597500e-08	4.354511e-01	4.354525e-01	-1.45489e-10	
333	1.602500e-08	4.354314e-01	4.354328e-01	-1.45686e-10	
334	1.607500e-08	4.354118e-01	4.354131e-01	-1.45882e-10	
335	1.612500e-08	4.353922e-01	4.353936e-01	-1.46078e-10	
336	1.617500e-08	4.353728e-01	4.353741e-01	-1.46272e-10	
337	1.622500e-08	4.353534e-01	4.353547e-01	-1.46466e-10	
338	1.627500e-08	4.353341e-01	4.353355e-01	-1.46659e-10	
339	1.632500e-08	4.353150e-01	4.353163e-01	-1.46850e-10	
340	1.637500e-08	4.352959e-01	4.352972e-01	-1.47041e-10	
341	1.642500e-08	4.352768e-01	4.352781e-01	-1.47232e-10	
342	1.647500e-08	4.352579e-01	4.352592e-01	-1.47421e-10	
343	1.652500e-08	4.352391e-01	4.352403e-01	-1.47609e-10	
344	1.657500e-08	4.352203e-01	4.352216e-01	-1.47797e-10	

Index   time            v(bl0)          v(bl7)          vpre#branch     
--------------------------------------------------------------------------------
345	1.662500e-08	4.352016e-01	4.352029e-01	-1.47984e-10	
346	1.667500e-08	4.351830e-01	4.351843e-01	-1.48170e-10	
347	1.672500e-08	4.351645e-01	4.351658e-01	-1.48355e-10	
348	1.677500e-08	4.351461e-01	4.351473e-01	-1.48539e-10	
349	1.682500e-08	4.351277e-01	4.351290e-01	-1.48723e-10	
350	1.687500e-08	4.351094e-01	4.351107e-01	-1.48906e-10	
351	1.692500e-08	4.350912e-01	4.350925e-01	-1.49088e-10	
352	1.697500e-08	4.350731e-01	4.350744e-01	-1.49269e-10	
353	1.702500e-08	4.350551e-01	4.350563e-01	-1.49449e-10	
354	1.707500e-08	4.350371e-01	4.350384e-01	-1.49629e-10	
355	1.712500e-08	4.350192e-01	4.350205e-01	-1.49808e-10	
356	1.717500e-08	4.350014e-01	4.350026e-01	-1.49986e-10	
357	1.722500e-08	4.349837e-01	4.349849e-01	-1.50163e-10	
358	1.727500e-08	4.349660e-01	4.349672e-01	-1.50340e-10	
359	1.732500e-08	4.349485e-01	4.349497e-01	-1.50515e-10	
360	1.737500e-08	4.349309e-01	4.349321e-01	-1.50691e-10	
361	1.742500e-08	4.349135e-01	4.349147e-01	-1.50865e-10	
362	1.747500e-08	4.348961e-01	4.348973e-01	-1.51039e-10	
363	1.752500e-08	4.348788e-01	4.348800e-01	-1.51212e-10	
364	1.757500e-08	4.348616e-01	4.348628e-01	-1.51384e-10	
365	1.762500e-08	4.348445e-01	4.348456e-01	-1.51555e-10	
366	1.767500e-08	4.348274e-01	4.348286e-01	-1.51726e-10	
367	1.772500e-08	4.348104e-01	4.348115e-01	-1.51896e-10	
368	1.777500e-08	4.347934e-01	4.347946e-01	-1.52066e-10	
369	1.782500e-08	4.347766e-01	4.347777e-01	-1.52234e-10	
370	1.787500e-08	4.347598e-01	4.347609e-01	-1.52402e-10	
371	1.792500e-08	4.347430e-01	4.347442e-01	-1.52570e-10	
372	1.797500e-08	4.347264e-01	4.347275e-01	-1.52736e-10	
373	1.802500e-08	4.347098e-01	4.347109e-01	-1.52902e-10	
374	1.807500e-08	4.346932e-01	4.346944e-01	-1.53068e-10	
375	1.812500e-08	4.346768e-01	4.346779e-01	-1.53232e-10	
376	1.817500e-08	4.346604e-01	4.346615e-01	-1.53396e-10	
377	1.822500e-08	4.346440e-01	4.346451e-01	-1.53560e-10	
378	1.827500e-08	4.346278e-01	4.346289e-01	-1.53722e-10	
379	1.832500e-08	4.346115e-01	4.346127e-01	-1.53885e-10	
380	1.837500e-08	4.345954e-01	4.345965e-01	-1.54046e-10	
381	1.842500e-08	4.345793e-01	4.345804e-01	-1.54207e-10	
382	1.847500e-08	4.345633e-01	4.345644e-01	-1.54367e-10	
383	1.852500e-08	4.345473e-01	4.345484e-01	-1.54527e-10	
384	1.857500e-08	4.345314e-01	4.345325e-01	-1.54686e-10	
385	1.862500e-08	4.345156e-01	4.345167e-01	-1.54844e-10	
386	1.867500e-08	4.344998e-01	4.345009e-01	-1.55002e-10	
387	1.872500e-08	4.344841e-01	4.344852e-01	-1.55159e-10	
388	1.877500e-08	4.344685e-01	4.344695e-01	-1.55315e-10	
389	1.882500e-08	4.344529e-01	4.344540e-01	-1.55471e-10	
390	1.887500e-08	4.344373e-01	4.344384e-01	-1.55627e-10	
391	1.892500e-08	4.344219e-01	4.344229e-01	-1.55781e-10	
392	1.897500e-08	4.344065e-01	4.344075e-01	-1.55935e-10	
393	1.902500e-08	4.343911e-01	4.343922e-01	-1.56089e-10	
394	1.907500e-08	4.343758e-01	4.343769e-01	-1.56242e-10	
395	1.912500e-08	4.343606e-01	4.343616e-01	-1.56394e-10	
396	1.917500e-08	4.343454e-01	4.343464e-01	-1.56546e-10	
397	1.922500e-08	4.343302e-01	4.343313e-01	-1.56698e-10	
398	1.927500e-08	4.343152e-01	4.343162e-01	-1.56848e-10	
399	1.932500e-08	4.343002e-01	4.343012e-01	-1.56998e-10	
400	1.937500e-08	4.342852e-01	4.342862e-01	-1.57148e-10	
401	1.942500e-08	4.342703e-01	4.342713e-01	-1.57297e-10	
402	1.947500e-08	4.342554e-01	4.342565e-01	-1.57446e-10	

Index   time            v(bl0)          v(bl7)          vpre#branch     
--------------------------------------------------------------------------------
403	1.952500e-08	4.342406e-01	4.342416e-01	-1.57594e-10	
404	1.957500e-08	4.342259e-01	4.342269e-01	-1.57741e-10	
405	1.962500e-08	4.342112e-01	4.342122e-01	-1.57888e-10	
406	1.967500e-08	4.341966e-01	4.341976e-01	-1.58034e-10	
407	1.972500e-08	4.341820e-01	4.341830e-01	-1.58180e-10	
408	1.977500e-08	4.341674e-01	4.341684e-01	-1.58326e-10	
409	1.982500e-08	4.341530e-01	4.341540e-01	-1.58470e-10	
410	1.987500e-08	4.341385e-01	4.341395e-01	-1.58615e-10	
411	1.992500e-08	4.341242e-01	4.341251e-01	-1.58758e-10	
412	1.997500e-08	4.341098e-01	4.341108e-01	-1.58902e-10	
413	2.002500e-08	4.340956e-01	4.340965e-01	-1.59044e-10	
414	2.007500e-08	4.340813e-01	4.340823e-01	-1.59187e-10	
415	2.012500e-08	4.340672e-01	4.340681e-01	-1.59328e-10	
416	2.017500e-08	4.340530e-01	4.340540e-01	-1.59470e-10	
417	2.022500e-08	4.340390e-01	4.340399e-01	-1.59610e-10	
418	2.027500e-08	4.340249e-01	4.340259e-01	-1.59751e-10	
419	2.032500e-08	4.340110e-01	4.340119e-01	-1.59890e-10	
420	2.037500e-08	4.339970e-01	4.339980e-01	-1.60030e-10	
421	2.042500e-08	4.339831e-01	4.339841e-01	-1.60169e-10	
422	2.047500e-08	4.339693e-01	4.339703e-01	-1.60307e-10	
423	2.052500e-08	4.339555e-01	4.339565e-01	-1.60445e-10	
424	2.057500e-08	4.339418e-01	4.339427e-01	-1.60582e-10	
425	2.062500e-08	4.339281e-01	4.339290e-01	-1.60719e-10	
426	2.067500e-08	4.339145e-01	4.339154e-01	-1.60855e-10	
427	2.072500e-08	4.339009e-01	4.339018e-01	-1.60991e-10	
428	2.077500e-08	4.338873e-01	4.338882e-01	-1.61127e-10	
429	2.082500e-08	4.338738e-01	4.338747e-01	-1.61262e-10	
430	2.087500e-08	4.338603e-01	4.338613e-01	-1.61397e-10	
431	2.092500e-08	4.338469e-01	4.338478e-01	-1.61531e-10	
432	2.097500e-08	4.338336e-01	4.338345e-01	-1.61664e-10	
433	2.102500e-08	4.338202e-01	4.338211e-01	-1.61798e-10	
434	2.107500e-08	4.338069e-01	4.338079e-01	-1.61931e-10	
435	2.112500e-08	4.337937e-01	4.337946e-01	-1.62063e-10	
436	2.117500e-08	4.337805e-01	4.337814e-01	-1.62195e-10	
437	2.122500e-08	4.337674e-01	4.337683e-01	-1.62326e-10	
438	2.127500e-08	4.337543e-01	4.337552e-01	-1.62457e-10	
439	2.132500e-08	4.337412e-01	4.337421e-01	-1.62588e-10	
440	2.137500e-08	4.337282e-01	4.337291e-01	-1.62718e-10	
441	2.142500e-08	4.337152e-01	4.337161e-01	-1.62848e-10	
442	2.147500e-08	4.337023e-01	4.337032e-01	-1.62977e-10	
443	2.152500e-08	4.336894e-01	4.336903e-01	-1.63106e-10	
444	2.157500e-08	4.336765e-01	4.336774e-01	-1.63235e-10	
445	2.162500e-08	4.336637e-01	4.336646e-01	-1.63363e-10	
446	2.167500e-08	4.336509e-01	4.336518e-01	-1.63491e-10	
447	2.172500e-08	4.336382e-01	4.336391e-01	-1.63618e-10	
448	2.177500e-08	4.336255e-01	4.336264e-01	-1.63745e-10	
449	2.182500e-08	4.336129e-01	4.336138e-01	-1.63871e-10	
450	2.187500e-08	4.336003e-01	4.336011e-01	-1.63997e-10	
451	2.192500e-08	4.335877e-01	4.335886e-01	-1.64123e-10	
452	2.197500e-08	4.335752e-01	4.335761e-01	-1.64248e-10	
453	2.202500e-08	4.335627e-01	4.335636e-01	-1.64373e-10	
454	2.207500e-08	4.335503e-01	4.335511e-01	-1.64497e-10	
455	2.212500e-08	4.335379e-01	4.335387e-01	-1.64621e-10	
456	2.217500e-08	4.335255e-01	4.335263e-01	-1.64745e-10	
457	2.222500e-08	4.335132e-01	4.335140e-01	-1.64868e-10	
458	2.227500e-08	4.335009e-01	4.335017e-01	-1.64991e-10	
459	2.232500e-08	4.334886e-01	4.334895e-01	-1.65114e-10	
460	2.237500e-08	4.334764e-01	4.334772e-01	-1.65236e-10	

Index   time            v(bl0)          v(bl7)          vpre#branch     
--------------------------------------------------------------------------------
461	2.242500e-08	4.334642e-01	4.334651e-01	-1.65358e-10	
462	2.247500e-08	4.334521e-01	4.334529e-01	-1.65479e-10	
463	2.252500e-08	4.334400e-01	4.334408e-01	-1.65600e-10	
464	2.257500e-08	4.334279e-01	4.334287e-01	-1.65721e-10	
465	2.262500e-08	4.334159e-01	4.334167e-01	-1.65841e-10	
466	2.267500e-08	4.334039e-01	4.334047e-01	-1.65961e-10	
467	2.272500e-08	4.333919e-01	4.333928e-01	-1.66081e-10	
468	2.277500e-08	4.333800e-01	4.333808e-01	-1.66200e-10	
469	2.282500e-08	4.333681e-01	4.333690e-01	-1.66319e-10	
470	2.287500e-08	4.333563e-01	4.333571e-01	-1.66437e-10	
471	2.292500e-08	4.333445e-01	4.333453e-01	-1.66555e-10	
472	2.297500e-08	4.333327e-01	4.333335e-01	-1.66673e-10	
473	2.302500e-08	4.333210e-01	4.333218e-01	-1.66790e-10	
474	2.307500e-08	4.333093e-01	4.333101e-01	-1.66907e-10	
475	2.312500e-08	4.332976e-01	4.332984e-01	-1.67024e-10	
476	2.317500e-08	4.332860e-01	4.332868e-01	-1.67140e-10	
477	2.322500e-08	4.332744e-01	4.332752e-01	-1.67256e-10	
478	2.327500e-08	4.332628e-01	4.332636e-01	-1.67372e-10	
479	2.332500e-08	4.332513e-01	4.332521e-01	-1.67487e-10	
480	2.337500e-08	4.332398e-01	4.332406e-01	-1.67602e-10	
481	2.342500e-08	4.332283e-01	4.332291e-01	-1.67717e-10	
482	2.347500e-08	4.332169e-01	4.332177e-01	-1.67831e-10	
483	2.352500e-08	4.332055e-01	4.332063e-01	-1.67945e-10	
484	2.357500e-08	4.331941e-01	4.331949e-01	-1.68059e-10	
485	2.362500e-08	4.331828e-01	4.331836e-01	-1.68172e-10	
486	2.367500e-08	4.331715e-01	4.331723e-01	-1.68285e-10	
487	2.372500e-08	4.331602e-01	4.331610e-01	-1.68398e-10	
488	2.377500e-08	4.331490e-01	4.331498e-01	-1.68510e-10	
489	2.382500e-08	4.331378e-01	4.331386e-01	-1.68622e-10	
490	2.387500e-08	4.331266e-01	4.331274e-01	-1.68734e-10	
491	2.392500e-08	4.331155e-01	4.331163e-01	-1.68845e-10	
492	2.397500e-08	4.331044e-01	4.331051e-01	-1.68956e-10	
493	2.402500e-08	4.330933e-01	4.330941e-01	-1.69067e-10	
494	2.407500e-08	4.330823e-01	4.330830e-01	-1.69177e-10	
495	2.412500e-08	4.330713e-01	4.330720e-01	-1.69287e-10	
496	2.417500e-08	4.330603e-01	4.330610e-01	-1.69397e-10	
497	2.422500e-08	4.330493e-01	4.330501e-01	-1.69507e-10	
498	2.427500e-08	4.330384e-01	4.330392e-01	-1.69616e-10	
499	2.432500e-08	4.330275e-01	4.330283e-01	-1.69725e-10	
500	2.437500e-08	4.330167e-01	4.330174e-01	-1.69833e-10	
501	2.442500e-08	4.330059e-01	4.330066e-01	-1.69941e-10	
502	2.447500e-08	4.329951e-01	4.329958e-01	-1.70049e-10	
503	2.452500e-08	4.329843e-01	4.329850e-01	-1.70157e-10	
504	2.457500e-08	4.329736e-01	4.329743e-01	-1.70264e-10	
505	2.462500e-08	4.329629e-01	4.329636e-01	-1.70371e-10	
506	2.467500e-08	4.329522e-01	4.329529e-01	-1.70478e-10	
507	2.472500e-08	4.329415e-01	4.329423e-01	-1.70585e-10	
508	2.477500e-08	4.329309e-01	4.329317e-01	-1.70691e-10	
509	2.482500e-08	4.329203e-01	4.329211e-01	-1.70797e-10	
510	2.487500e-08	4.329098e-01	4.329105e-01	-1.70902e-10	
511	2.492500e-08	4.328993e-01	4.329000e-01	-1.71007e-10	
512	2.496250e-08	4.328914e-01	4.328921e-01	-1.71086e-10	
513	2.500000e-08	4.328835e-01	4.328842e-01	-1.71165e-10	


Total analysis time (seconds) = 0.0629125

Total elapsed time (seconds) = 0.070 

Total DRAM available = 386307.215 MB.
DRAM currently available = 28049.297 MB.
Maximum ngspice program size =  529.848 MB.
Current ngspice program size =   14.383 MB.

Shared ngspice pages =   12.438 MB.
Text (code) pages =    6.266 MB.
Stack = 0 bytes.
Library pages =   59.266 MB.

