
Note: No compatibility mode selected!


Circuit: * 1t1c ccell=30.0ff

Doing analysis at TEMP = 125.000000 and TNOM = 27.000000

Using SPARSE 1.3 as Direct Linear Solver

Initial Transient Solution
--------------------------

Node                                   Voltage
----                                   -------
pre                                     0.3375
bl                                      0.3375
wl                                           0
plate                                        0
s                                            0
cell                                         0
vs#branch                                    0
vpl#branch                                   0
vwl#branch                                   0
vpre#branch                                  0


No. of Data Rows : 832

  Measurements for Transient Analysis

t_write             =  1.90025e-09
t_read              =  2.29030e-08
i_hold              =  -2.51552e-11 from=  2.50000e-08 to=  3.50250e-08
q_read              =   5.56272e-20 from=  1.20000e-08 to=  2.20000e-08

                              * 1t1c ccell=30.0ff
                              Transient Analysis  Tue Jun 23 16:40:10  2026
--------------------------------------------------------------------------------
Index   time            v(cell)         v(bl)           vpre#branch     
--------------------------------------------------------------------------------
0	0.000000e+00	0.000000e+00	3.375000e-01	0.000000e+00	
1	5.000000e-13	5.543673e-11	3.374998e-01	-2.22381e-15	
2	1.000000e-12	1.108721e-10	3.374996e-01	-4.22052e-15	
3	2.000000e-12	2.217424e-10	3.374992e-01	-8.21154e-15	
4	4.000000e-12	4.434830e-10	3.374984e-01	-1.61792e-14	
5	8.000000e-12	8.869640e-10	3.374968e-01	-3.20572e-14	
6	1.600000e-11	1.773925e-09	3.374936e-01	-6.35853e-14	
7	3.200000e-11	3.547845e-09	3.374874e-01	-1.25741e-13	
8	6.400000e-11	7.095673e-09	3.374753e-01	-2.46533e-13	
9	1.140000e-10	1.263913e-08	3.374574e-01	-4.26242e-13	
10	1.640000e-10	1.818255e-08	3.374405e-01	-5.95465e-13	
11	2.140000e-10	2.372593e-08	3.374245e-01	-7.54815e-13	
12	2.640000e-10	2.926929e-08	3.374095e-01	-9.04868e-13	
13	3.140000e-10	3.481262e-08	3.373954e-01	-1.04617e-12	
14	3.640000e-10	4.035593e-08	3.373821e-01	-1.17922e-12	
15	4.140000e-10	4.589921e-08	3.373695e-01	-1.30451e-12	
16	4.640000e-10	5.144246e-08	3.373578e-01	-1.42249e-12	
17	5.140000e-10	5.698570e-08	3.373466e-01	-1.53359e-12	
18	5.640000e-10	6.252891e-08	3.373362e-01	-1.63821e-12	
19	6.140000e-10	6.807210e-08	3.373263e-01	-1.73672e-12	
20	6.640000e-10	7.361527e-08	3.373171e-01	-1.82948e-12	
21	7.140000e-10	7.915843e-08	3.373083e-01	-1.91683e-12	
22	7.640000e-10	8.470157e-08	3.373001e-01	-1.99909e-12	
23	8.140000e-10	9.024469e-08	3.372923e-01	-2.07654e-12	
24	8.640000e-10	9.578780e-08	3.372851e-01	-2.14948e-12	
25	9.140000e-10	1.013309e-07	3.372782e-01	-2.21816e-12	
26	9.570000e-10	1.060979e-07	3.372726e-01	-2.27401e-12	
27	1.000000e-09	1.108650e-07	3.372673e-01	-2.32704e-12	
28	1.005000e-09	3.374186e-03	3.372665e-01	-2.33499e-12	
29	1.015000e-09	1.012232e-02	3.372653e-01	-2.34683e-12	
30	1.035000e-09	2.361857e-02	3.372649e-01	-2.35054e-12	
31	1.075000e-09	5.061109e-02	3.372697e-01	-2.30283e-12	
32	1.125000e-09	8.435173e-02	3.372807e-01	-2.19339e-12	
33	1.175000e-09	1.180924e-01	3.372928e-01	-2.07213e-12	
34	1.225000e-09	1.518330e-01	3.373046e-01	-1.95375e-12	
35	1.275000e-09	1.855737e-01	3.373159e-01	-1.84070e-12	
36	1.325000e-09	2.193143e-01	3.373266e-01	-1.73366e-12	
37	1.375000e-09	2.530549e-01	3.373367e-01	-1.63265e-12	
38	1.425000e-09	2.867956e-01	3.373463e-01	-1.53745e-12	
39	1.475000e-09	3.205362e-01	3.373552e-01	-1.44777e-12	
40	1.525000e-09	3.542769e-01	3.373637e-01	-1.36331e-12	
41	1.575000e-09	3.880175e-01	3.373716e-01	-1.28377e-12	
42	1.625000e-09	4.217582e-01	3.373791e-01	-1.20887e-12	
43	1.675000e-09	4.554988e-01	3.373862e-01	-1.13834e-12	
44	1.725000e-09	4.892394e-01	3.373928e-01	-1.07192e-12	
45	1.775000e-09	5.229801e-01	3.373991e-01	-1.00938e-12	
46	1.825000e-09	5.567207e-01	3.374050e-01	-9.50480e-13	
47	1.875000e-09	5.904614e-01	3.374105e-01	-8.95021e-13	
48	1.925000e-09	6.242020e-01	3.374157e-01	-8.42797e-13	
49	1.962500e-09	6.495075e-01	3.374194e-01	-8.05643e-13	
50	2.000000e-09	6.748130e-01	3.374230e-01	-7.70126e-13	
51	2.005000e-09	6.748130e-01	3.374234e-01	-7.65525e-13	
52	2.015000e-09	6.748130e-01	3.374244e-01	-7.56378e-13	
53	2.035000e-09	6.748130e-01	3.374262e-01	-7.38409e-13	
54	2.075000e-09	6.748130e-01	3.374296e-01	-7.03736e-13	

Index   time            v(cell)         v(bl)           vpre#branch     
--------------------------------------------------------------------------------
55	2.125000e-09	6.748130e-01	3.374337e-01	-6.62671e-13	
56	2.175000e-09	6.748130e-01	3.374376e-01	-6.24002e-13	
57	2.225000e-09	6.748130e-01	3.374412e-01	-5.87588e-13	
58	2.275000e-09	6.748130e-01	3.374447e-01	-5.53299e-13	
59	2.325000e-09	6.748130e-01	3.374479e-01	-5.21010e-13	
60	2.375000e-09	6.748130e-01	3.374509e-01	-4.90605e-13	
61	2.425000e-09	6.748130e-01	3.374538e-01	-4.61973e-13	
62	2.475000e-09	6.748130e-01	3.374565e-01	-4.35012e-13	
63	2.525000e-09	6.748130e-01	3.374590e-01	-4.09624e-13	
64	2.575000e-09	6.748130e-01	3.374614e-01	-3.85717e-13	
65	2.625000e-09	6.748130e-01	3.374637e-01	-3.63204e-13	
66	2.675000e-09	6.748130e-01	3.374658e-01	-3.42005e-13	
67	2.725000e-09	6.748130e-01	3.374678e-01	-3.22043e-13	
68	2.775000e-09	6.748130e-01	3.374697e-01	-3.03245e-13	
69	2.825000e-09	6.748130e-01	3.374714e-01	-2.85544e-13	
70	2.875000e-09	6.748130e-01	3.374731e-01	-2.68875e-13	
71	2.925000e-09	6.748130e-01	3.374747e-01	-2.53179e-13	
72	2.975000e-09	6.748130e-01	3.374762e-01	-2.38399e-13	
73	3.025000e-09	6.748130e-01	3.374776e-01	-2.24480e-13	
74	3.075000e-09	6.748130e-01	3.374789e-01	-2.11374e-13	
75	3.125000e-09	6.748130e-01	3.374801e-01	-1.99033e-13	
76	3.175000e-09	6.748130e-01	3.374813e-01	-1.87411e-13	
77	3.225000e-09	6.748130e-01	3.374824e-01	-1.76467e-13	
78	3.275000e-09	6.748130e-01	3.374834e-01	-1.66162e-13	
79	3.325000e-09	6.748130e-01	3.374844e-01	-1.56458e-13	
80	3.375000e-09	6.748130e-01	3.374853e-01	-1.47320e-13	
81	3.425000e-09	6.748130e-01	3.374861e-01	-1.38715e-13	
82	3.475000e-09	6.748130e-01	3.374869e-01	-1.30613e-13	
83	3.525000e-09	6.748130e-01	3.374877e-01	-1.22982e-13	
84	3.575000e-09	6.748130e-01	3.374884e-01	-1.15797e-13	
85	3.625000e-09	6.748130e-01	3.374891e-01	-1.09032e-13	
86	3.675000e-09	6.748130e-01	3.374897e-01	-1.02660e-13	
87	3.725000e-09	6.748130e-01	3.374903e-01	-9.66610e-14	
88	3.775000e-09	6.748130e-01	3.374909e-01	-9.10115e-14	
89	3.825000e-09	6.748130e-01	3.374914e-01	-8.56917e-14	
90	3.875000e-09	6.748130e-01	3.374919e-01	-8.06821e-14	
91	3.925000e-09	6.748130e-01	3.374924e-01	-7.59649e-14	
92	3.975000e-09	6.748130e-01	3.374928e-01	-7.15228e-14	
93	4.025000e-09	6.748130e-01	3.374933e-01	-6.73398e-14	
94	4.075000e-09	6.748130e-01	3.374937e-01	-6.34009e-14	
95	4.125000e-09	6.748130e-01	3.374940e-01	-5.96918e-14	
96	4.175000e-09	6.748130e-01	3.374944e-01	-5.61991e-14	
97	4.225000e-09	6.748130e-01	3.374947e-01	-5.29101e-14	
98	4.275000e-09	6.748130e-01	3.374950e-01	-4.98130e-14	
99	4.325000e-09	6.748130e-01	3.374953e-01	-4.68965e-14	
100	4.375000e-09	6.748130e-01	3.374956e-01	-4.41502e-14	
101	4.425000e-09	6.748130e-01	3.374958e-01	-4.15642e-14	
102	4.475000e-09	6.748130e-01	3.374961e-01	-3.91290e-14	
103	4.525000e-09	6.748130e-01	3.374963e-01	-3.68358e-14	
104	4.575000e-09	6.748130e-01	3.374965e-01	-3.46765e-14	
105	4.625000e-09	6.748130e-01	3.374967e-01	-3.26431e-14	
106	4.675000e-09	6.748130e-01	3.374969e-01	-3.07283e-14	
107	4.725000e-09	6.748130e-01	3.374971e-01	-2.89252e-14	
108	4.775000e-09	6.748130e-01	3.374973e-01	-2.72274e-14	
109	4.825000e-09	6.748130e-01	3.374974e-01	-2.56285e-14	
110	4.875000e-09	6.748130e-01	3.374976e-01	-2.41230e-14	
111	4.925000e-09	6.748130e-01	3.374977e-01	-2.27053e-14	
112	4.975000e-09	6.748130e-01	3.374979e-01	-2.13703e-14	

Index   time            v(cell)         v(bl)           vpre#branch     
--------------------------------------------------------------------------------
113	5.025000e-09	6.748130e-01	3.374980e-01	-2.01131e-14	
114	5.075000e-09	6.748130e-01	3.374981e-01	-1.89293e-14	
115	5.125000e-09	6.748130e-01	3.374982e-01	-1.78146e-14	
116	5.175000e-09	6.748130e-01	3.374983e-01	-1.67649e-14	
117	5.225000e-09	6.748130e-01	3.374984e-01	-1.57764e-14	
118	5.275000e-09	6.748130e-01	3.374985e-01	-1.48456e-14	
119	5.325000e-09	6.748130e-01	3.374986e-01	-1.39691e-14	
120	5.375000e-09	6.748130e-01	3.374987e-01	-1.31438e-14	
121	5.425000e-09	6.748130e-01	3.374988e-01	-1.23666e-14	
122	5.475000e-09	6.748130e-01	3.374988e-01	-1.16347e-14	
123	5.525000e-09	6.748130e-01	3.374989e-01	-1.09455e-14	
124	5.575000e-09	6.748130e-01	3.374990e-01	-1.02965e-14	
125	5.625000e-09	6.748130e-01	3.374990e-01	-9.68543e-15	
126	5.675000e-09	6.748130e-01	3.374991e-01	-9.10997e-15	
127	5.725000e-09	6.748130e-01	3.374991e-01	-8.56808e-15	
128	5.775000e-09	6.748130e-01	3.374992e-01	-8.05780e-15	
129	5.825000e-09	6.748130e-01	3.374992e-01	-7.57730e-15	
130	5.875000e-09	6.748130e-01	3.374993e-01	-7.12482e-15	
131	5.925000e-09	6.748130e-01	3.374993e-01	-6.69874e-15	
132	5.975000e-09	6.748130e-01	3.374994e-01	-6.29752e-15	
133	6.025000e-09	6.748130e-01	3.374994e-01	-5.91970e-15	
134	6.075000e-09	6.748130e-01	3.374994e-01	-5.56393e-15	
135	6.125000e-09	6.748130e-01	3.374995e-01	-5.22891e-15	
136	6.175000e-09	6.748130e-01	3.374995e-01	-4.91344e-15	
137	6.225000e-09	6.748130e-01	3.374995e-01	-4.61637e-15	
138	6.275000e-09	6.748130e-01	3.374996e-01	-4.33663e-15	
139	6.325000e-09	6.748130e-01	3.374996e-01	-4.07320e-15	
140	6.375000e-09	6.748130e-01	3.374996e-01	-3.82515e-15	
141	6.425000e-09	6.748130e-01	3.374996e-01	-3.59157e-15	
142	6.475000e-09	6.748130e-01	3.374997e-01	-3.37161e-15	
143	6.525000e-09	6.748130e-01	3.374997e-01	-3.16449e-15	
144	6.575000e-09	6.748130e-01	3.374997e-01	-2.96945e-15	
145	6.625000e-09	6.748130e-01	3.374997e-01	-2.78579e-15	
146	6.675000e-09	6.748130e-01	3.374997e-01	-2.61284e-15	
147	6.725000e-09	6.748130e-01	3.374998e-01	-2.44998e-15	
148	6.775000e-09	6.748130e-01	3.374998e-01	-2.29663e-15	
149	6.825000e-09	6.748130e-01	3.374998e-01	-2.15222e-15	
150	6.875000e-09	6.748130e-01	3.374998e-01	-2.01623e-15	
151	6.925000e-09	6.748130e-01	3.374998e-01	-1.88818e-15	
152	6.962500e-09	6.748130e-01	3.374998e-01	-1.79708e-15	
153	7.000000e-09	6.748130e-01	3.374998e-01	-1.70999e-15	
154	7.005000e-09	6.579426e-01	3.374998e-01	-1.69872e-15	
155	7.015000e-09	6.242019e-01	3.374998e-01	-1.67633e-15	
156	7.035000e-09	5.567207e-01	3.374998e-01	-1.63243e-15	
157	7.067500e-09	4.470636e-01	3.374998e-01	-1.56362e-15	
158	7.100000e-09	3.374065e-01	3.374999e-01	-1.49820e-15	
159	7.105000e-09	3.374065e-01	3.374999e-01	-1.48925e-15	
160	7.115000e-09	3.374065e-01	3.374999e-01	-1.47147e-15	
161	7.135000e-09	3.374065e-01	3.374999e-01	-1.43654e-15	
162	7.175000e-09	3.374065e-01	3.374999e-01	-1.36914e-15	
163	7.225000e-09	3.374065e-01	3.374999e-01	-1.28932e-15	
164	7.275000e-09	3.374065e-01	3.374999e-01	-1.21415e-15	
165	7.325000e-09	3.374065e-01	3.374999e-01	-1.14337e-15	
166	7.375000e-09	3.374065e-01	3.374999e-01	-1.07672e-15	
167	7.425000e-09	3.374065e-01	3.374999e-01	-1.01396e-15	
168	7.475000e-09	3.374065e-01	3.374999e-01	-9.54856e-16	
169	7.525000e-09	3.374065e-01	3.374999e-01	-8.99203e-16	
170	7.575000e-09	3.374065e-01	3.374999e-01	-8.46796e-16	

Index   time            v(cell)         v(bl)           vpre#branch     
--------------------------------------------------------------------------------
171	7.625000e-09	3.374065e-01	3.374999e-01	-7.97446e-16	
172	7.675000e-09	3.374065e-01	3.374999e-01	-7.50975e-16	
173	7.725000e-09	3.374065e-01	3.374999e-01	-7.07216e-16	
174	7.775000e-09	3.374065e-01	3.374999e-01	-6.66009e-16	
175	7.825000e-09	3.374065e-01	3.374999e-01	-6.27206e-16	
176	7.875000e-09	3.374065e-01	3.374999e-01	-5.90667e-16	
177	7.925000e-09	3.374065e-01	3.374999e-01	-5.56259e-16	
178	7.975000e-09	3.374065e-01	3.374999e-01	-5.23859e-16	
179	8.025000e-09	3.374065e-01	3.375000e-01	-4.93349e-16	
180	8.075000e-09	3.374065e-01	3.375000e-01	-4.64618e-16	
181	8.125000e-09	3.374065e-01	3.375000e-01	-4.37564e-16	
182	8.175000e-09	3.374065e-01	3.375000e-01	-4.12088e-16	
183	8.225000e-09	3.374065e-01	3.375000e-01	-3.88099e-16	
184	8.275000e-09	3.374065e-01	3.375000e-01	-3.65509e-16	
185	8.325000e-09	3.374065e-01	3.375000e-01	-3.44236e-16	
186	8.375000e-09	3.374065e-01	3.375000e-01	-3.24205e-16	
187	8.425000e-09	3.374065e-01	3.375000e-01	-3.05343e-16	
188	8.475000e-09	3.374065e-01	3.375000e-01	-2.87580e-16	
189	8.525000e-09	3.374065e-01	3.375000e-01	-2.70854e-16	
190	8.575000e-09	3.374065e-01	3.375000e-01	-2.55104e-16	
191	8.625000e-09	3.374065e-01	3.375000e-01	-2.40273e-16	
192	8.675000e-09	3.374065e-01	3.375000e-01	-2.26307e-16	
193	8.725000e-09	3.374065e-01	3.375000e-01	-2.13155e-16	
194	8.775000e-09	3.374065e-01	3.375000e-01	-2.00771e-16	
195	8.825000e-09	3.374065e-01	3.375000e-01	-1.89110e-16	
196	8.875000e-09	3.374065e-01	3.375000e-01	-1.78129e-16	
197	8.925000e-09	3.374065e-01	3.375000e-01	-1.67788e-16	
198	8.975000e-09	3.374065e-01	3.375000e-01	-1.58051e-16	
199	9.025000e-09	3.374065e-01	3.375000e-01	-1.48881e-16	
200	9.075000e-09	3.374065e-01	3.375000e-01	-1.40247e-16	
201	9.125000e-09	3.374065e-01	3.375000e-01	-1.32116e-16	
202	9.175000e-09	3.374065e-01	3.375000e-01	-1.24460e-16	
203	9.225000e-09	3.374065e-01	3.375000e-01	-1.17250e-16	
204	9.275000e-09	3.374065e-01	3.375000e-01	-1.10460e-16	
205	9.325000e-09	3.374065e-01	3.375000e-01	-1.04067e-16	
206	9.375000e-09	3.374065e-01	3.375000e-01	-9.80469e-17	
207	9.425000e-09	3.374065e-01	3.375000e-01	-9.23781e-17	
208	9.475000e-09	3.374065e-01	3.375000e-01	-8.70396e-17	
209	9.525000e-09	3.374065e-01	3.375000e-01	-8.20129e-17	
210	9.575000e-09	3.374065e-01	3.375000e-01	-7.72794e-17	
211	9.625000e-09	3.374065e-01	3.375000e-01	-7.28224e-17	
212	9.675000e-09	3.374065e-01	3.375000e-01	-6.86250e-17	
213	9.725000e-09	3.374065e-01	3.375000e-01	-6.46728e-17	
214	9.775000e-09	3.374065e-01	3.375000e-01	-6.09508e-17	
215	9.825000e-09	3.374065e-01	3.375000e-01	-5.74461e-17	
216	9.875000e-09	3.374065e-01	3.375000e-01	-5.41455e-17	
217	9.925000e-09	3.374065e-01	3.375000e-01	-5.10380e-17	
218	9.975000e-09	3.374065e-01	3.375000e-01	-4.81115e-17	
219	1.002500e-08	3.374065e-01	3.375000e-01	-4.53557e-17	
220	1.007500e-08	3.374065e-01	3.375000e-01	-4.27605e-17	
221	1.012500e-08	3.374065e-01	3.375000e-01	-4.03170e-17	
222	1.017500e-08	3.374065e-01	3.375000e-01	-3.80157e-17	
223	1.022500e-08	3.374065e-01	3.375000e-01	-3.58490e-17	
224	1.027500e-08	3.374065e-01	3.375000e-01	-3.38084e-17	
225	1.032500e-08	3.374065e-01	3.375000e-01	-3.18870e-17	
226	1.037500e-08	3.374065e-01	3.375000e-01	-3.00776e-17	
227	1.042500e-08	3.374065e-01	3.375000e-01	-2.83739e-17	
228	1.047500e-08	3.374065e-01	3.375000e-01	-2.67694e-17	

Index   time            v(cell)         v(bl)           vpre#branch     
--------------------------------------------------------------------------------
229	1.052500e-08	3.374065e-01	3.375000e-01	-2.52587e-17	
230	1.057500e-08	3.374065e-01	3.375000e-01	-2.38361e-17	
231	1.062500e-08	3.374065e-01	3.375000e-01	-2.24968e-17	
232	1.067500e-08	3.374065e-01	3.375000e-01	-2.12353e-17	
233	1.072500e-08	3.374065e-01	3.375000e-01	-2.00479e-17	
234	1.077500e-08	3.374065e-01	3.375000e-01	-1.89293e-17	
235	1.082500e-08	3.374065e-01	3.375000e-01	-1.78760e-17	
236	1.087500e-08	3.374065e-01	3.375000e-01	-1.68839e-17	
237	1.092500e-08	3.374065e-01	3.375000e-01	-1.59500e-17	
238	1.096250e-08	3.374065e-01	3.375000e-01	-1.52852e-17	
239	1.100000e-08	3.374065e-01	3.375000e-01	-1.46498e-17	
240	1.100500e-08	3.374075e-01	3.408546e-01	3.354611e-11	
241	1.101500e-08	3.374093e-01	3.475238e-01	1.002376e-10	
242	1.103500e-08	3.374131e-01	3.606245e-01	2.312446e-10	
243	1.107500e-08	3.374206e-01	3.859034e-01	4.840336e-10	
244	1.112500e-08	3.374299e-01	4.158429e-01	7.834291e-10	
245	1.117500e-08	3.374393e-01	4.440358e-01	1.065358e-09	
246	1.122500e-08	3.374486e-01	4.705840e-01	1.330840e-09	
247	1.127500e-08	3.374580e-01	4.955834e-01	1.580834e-09	
248	1.132500e-08	3.374673e-01	5.191241e-01	1.816241e-09	
249	1.137500e-08	3.374767e-01	5.412911e-01	2.037911e-09	
250	1.142500e-08	3.374861e-01	5.621638e-01	2.246638e-09	
251	1.147500e-08	3.374954e-01	5.818155e-01	2.443155e-09	
252	1.152500e-08	3.375048e-01	6.003121e-01	2.628121e-09	
253	1.157500e-08	3.375142e-01	6.176999e-01	2.801999e-09	
254	1.162500e-08	3.375236e-01	6.339931e-01	2.964931e-09	
255	1.167500e-08	3.375331e-01	6.491262e-01	3.116262e-09	
256	1.172500e-08	3.375429e-01	6.628138e-01	3.253138e-09	
257	1.177500e-08	3.375534e-01	6.741968e-01	3.366968e-09	
258	1.182500e-08	3.375658e-01	6.809157e-01	3.434157e-09	
259	1.187500e-08	3.375833e-01	6.768194e-01	3.393194e-09	
260	1.192500e-08	3.376129e-01	6.470489e-01	3.095489e-09	
261	1.196250e-08	3.376512e-01	5.919032e-01	2.544032e-09	
262	1.200000e-08	3.377129e-01	4.890768e-01	1.515768e-09	
263	1.200500e-08	3.377195e-01	4.648483e-01	1.273483e-09	
264	1.201500e-08	3.377321e-01	4.183477e-01	8.084774e-10	
265	1.203500e-08	3.377509e-01	3.533991e-01	1.589909e-10	
266	1.207500e-08	3.377637e-01	3.354397e-01	-2.06035e-11	
267	1.212500e-08	3.377606e-01	3.388671e-01	1.367125e-11	
268	1.217500e-08	3.377620e-01	3.372559e-01	-2.44087e-12	
269	1.222500e-08	3.377614e-01	3.379952e-01	4.951651e-12	
270	1.227500e-08	3.377616e-01	3.376408e-01	1.407951e-12	
271	1.232500e-08	3.377615e-01	3.378198e-01	3.197639e-12	
272	1.237500e-08	3.377616e-01	3.377271e-01	2.271101e-12	
273	1.242500e-08	3.377616e-01	3.377812e-01	2.811940e-12	
274	1.247500e-08	3.377615e-01	3.377453e-01	2.452668e-12	
275	1.252500e-08	3.377616e-01	3.377728e-01	2.728005e-12	
276	1.257500e-08	3.377615e-01	3.377492e-01	2.492476e-12	
277	1.262500e-08	3.377615e-01	3.377709e-01	2.708564e-12	
278	1.267500e-08	3.377615e-01	3.377502e-01	2.502377e-12	
279	1.272500e-08	3.377615e-01	3.377703e-01	2.702828e-12	
280	1.277500e-08	3.377615e-01	3.377506e-01	2.505926e-12	
281	1.282500e-08	3.377615e-01	3.377700e-01	2.700024e-12	
282	1.287500e-08	3.377615e-01	3.377508e-01	2.508101e-12	
283	1.292500e-08	3.377615e-01	3.377698e-01	2.697871e-12	
284	1.297500e-08	3.377615e-01	3.377510e-01	2.509956e-12	
285	1.302500e-08	3.377615e-01	3.377696e-01	2.695884e-12	
286	1.307500e-08	3.377615e-01	3.377512e-01	2.511714e-12	

Index   time            v(cell)         v(bl)           vpre#branch     
--------------------------------------------------------------------------------
287	1.312500e-08	3.377615e-01	3.377694e-01	2.693962e-12	
288	1.317500e-08	3.377615e-01	3.377513e-01	2.513424e-12	
289	1.322500e-08	3.377615e-01	3.377692e-01	2.692082e-12	
290	1.327500e-08	3.377615e-01	3.377515e-01	2.515097e-12	
291	1.332500e-08	3.377615e-01	3.377690e-01	2.690239e-12	
292	1.337500e-08	3.377614e-01	3.377517e-01	2.516734e-12	
293	1.342500e-08	3.377615e-01	3.377688e-01	2.688430e-12	
294	1.347500e-08	3.377614e-01	3.377518e-01	2.518338e-12	
295	1.352500e-08	3.377615e-01	3.377687e-01	2.686656e-12	
296	1.357500e-08	3.377614e-01	3.377520e-01	2.519908e-12	
297	1.362500e-08	3.377615e-01	3.377685e-01	2.684914e-12	
298	1.367500e-08	3.377614e-01	3.377521e-01	2.521447e-12	
299	1.372500e-08	3.377614e-01	3.377683e-01	2.683206e-12	
300	1.377500e-08	3.377614e-01	3.377523e-01	2.522953e-12	
301	1.382500e-08	3.377614e-01	3.377682e-01	2.681530e-12	
302	1.387500e-08	3.377614e-01	3.377524e-01	2.524428e-12	
303	1.392500e-08	3.377614e-01	3.377680e-01	2.679885e-12	
304	1.397500e-08	3.377614e-01	3.377526e-01	2.525872e-12	
305	1.402500e-08	3.377614e-01	3.377678e-01	2.678271e-12	
306	1.407500e-08	3.377614e-01	3.377527e-01	2.527287e-12	
307	1.412500e-08	3.377614e-01	3.377677e-01	2.676687e-12	
308	1.417500e-08	3.377614e-01	3.377529e-01	2.528672e-12	
309	1.422500e-08	3.377614e-01	3.377675e-01	2.675132e-12	
310	1.427500e-08	3.377614e-01	3.377530e-01	2.530028e-12	
311	1.432500e-08	3.377614e-01	3.377674e-01	2.673607e-12	
312	1.437500e-08	3.377614e-01	3.377531e-01	2.531356e-12	
313	1.442500e-08	3.377614e-01	3.377672e-01	2.672110e-12	
314	1.447500e-08	3.377614e-01	3.377533e-01	2.532656e-12	
315	1.452500e-08	3.377614e-01	3.377671e-01	2.670641e-12	
316	1.457500e-08	3.377613e-01	3.377534e-01	2.533930e-12	
317	1.462500e-08	3.377614e-01	3.377669e-01	2.669199e-12	
318	1.467500e-08	3.377613e-01	3.377535e-01	2.535176e-12	
319	1.472500e-08	3.377614e-01	3.377668e-01	2.667784e-12	
320	1.477500e-08	3.377613e-01	3.377536e-01	2.536396e-12	
321	1.482500e-08	3.377613e-01	3.377666e-01	2.666395e-12	
322	1.487500e-08	3.377613e-01	3.377538e-01	2.537591e-12	
323	1.492500e-08	3.377613e-01	3.377665e-01	2.665032e-12	
324	1.497500e-08	3.377613e-01	3.377539e-01	2.538761e-12	
325	1.502500e-08	3.377613e-01	3.377664e-01	2.663694e-12	
326	1.507500e-08	3.377613e-01	3.377540e-01	2.539906e-12	
327	1.512500e-08	3.377613e-01	3.377662e-01	2.662381e-12	
328	1.517500e-08	3.377613e-01	3.377541e-01	2.541027e-12	
329	1.522500e-08	3.377613e-01	3.377661e-01	2.661092e-12	
330	1.527500e-08	3.377613e-01	3.377542e-01	2.542124e-12	
331	1.532500e-08	3.377613e-01	3.377660e-01	2.659827e-12	
332	1.537500e-08	3.377613e-01	3.377543e-01	2.543198e-12	
333	1.542500e-08	3.377613e-01	3.377659e-01	2.658585e-12	
334	1.547500e-08	3.377613e-01	3.377544e-01	2.544249e-12	
335	1.552500e-08	3.377613e-01	3.377657e-01	2.657366e-12	
336	1.557500e-08	3.377613e-01	3.377545e-01	2.545278e-12	
337	1.562500e-08	3.377613e-01	3.377656e-01	2.656169e-12	
338	1.567500e-08	3.377613e-01	3.377546e-01	2.546285e-12	
339	1.572500e-08	3.377613e-01	3.377655e-01	2.654994e-12	
340	1.577500e-08	3.377612e-01	3.377547e-01	2.547271e-12	
341	1.582500e-08	3.377613e-01	3.377654e-01	2.653840e-12	
342	1.587500e-08	3.377612e-01	3.377548e-01	2.548236e-12	
343	1.592500e-08	3.377613e-01	3.377653e-01	2.652708e-12	
344	1.597500e-08	3.377612e-01	3.377549e-01	2.549180e-12	

Index   time            v(cell)         v(bl)           vpre#branch     
--------------------------------------------------------------------------------
345	1.602500e-08	3.377612e-01	3.377652e-01	2.651596e-12	
346	1.607500e-08	3.377612e-01	3.377550e-01	2.550104e-12	
347	1.612500e-08	3.377612e-01	3.377651e-01	2.650505e-12	
348	1.617500e-08	3.377612e-01	3.377551e-01	2.551008e-12	
349	1.622500e-08	3.377612e-01	3.377649e-01	2.649433e-12	
350	1.627500e-08	3.377612e-01	3.377552e-01	2.551892e-12	
351	1.632500e-08	3.377612e-01	3.377648e-01	2.648381e-12	
352	1.637500e-08	3.377612e-01	3.377553e-01	2.552758e-12	
353	1.642500e-08	3.377612e-01	3.377647e-01	2.647348e-12	
354	1.647500e-08	3.377612e-01	3.377554e-01	2.553605e-12	
355	1.652500e-08	3.377612e-01	3.377646e-01	2.646333e-12	
356	1.657500e-08	3.377612e-01	3.377554e-01	2.554433e-12	
357	1.662500e-08	3.377612e-01	3.377645e-01	2.645337e-12	
358	1.667500e-08	3.377612e-01	3.377555e-01	2.555244e-12	
359	1.672500e-08	3.377612e-01	3.377644e-01	2.644359e-12	
360	1.677500e-08	3.377612e-01	3.377556e-01	2.556037e-12	
361	1.682500e-08	3.377612e-01	3.377643e-01	2.643398e-12	
362	1.687500e-08	3.377612e-01	3.377557e-01	2.556813e-12	
363	1.692500e-08	3.377612e-01	3.377642e-01	2.642455e-12	
364	1.697500e-08	3.377611e-01	3.377558e-01	2.557572e-12	
365	1.702500e-08	3.377612e-01	3.377642e-01	2.641528e-12	
366	1.707500e-08	3.377611e-01	3.377558e-01	2.558314e-12	
367	1.712500e-08	3.377611e-01	3.377641e-01	2.640618e-12	
368	1.717500e-08	3.377611e-01	3.377559e-01	2.559040e-12	
369	1.722500e-08	3.377611e-01	3.377640e-01	2.639724e-12	
370	1.727500e-08	3.377611e-01	3.377560e-01	2.559750e-12	
371	1.732500e-08	3.377611e-01	3.377639e-01	2.638847e-12	
372	1.737500e-08	3.377611e-01	3.377560e-01	2.560444e-12	
373	1.742500e-08	3.377611e-01	3.377638e-01	2.637984e-12	
374	1.747500e-08	3.377611e-01	3.377561e-01	2.561124e-12	
375	1.752500e-08	3.377611e-01	3.377637e-01	2.637137e-12	
376	1.757500e-08	3.377611e-01	3.377562e-01	2.561788e-12	
377	1.762500e-08	3.377611e-01	3.377636e-01	2.636306e-12	
378	1.767500e-08	3.377611e-01	3.377562e-01	2.562437e-12	
379	1.772500e-08	3.377611e-01	3.377635e-01	2.635488e-12	
380	1.777500e-08	3.377611e-01	3.377563e-01	2.563072e-12	
381	1.782500e-08	3.377611e-01	3.377635e-01	2.634686e-12	
382	1.787500e-08	3.377611e-01	3.377564e-01	2.563693e-12	
383	1.792500e-08	3.377611e-01	3.377634e-01	2.633897e-12	
384	1.797500e-08	3.377611e-01	3.377564e-01	2.564300e-12	
385	1.802500e-08	3.377611e-01	3.377633e-01	2.633122e-12	
386	1.807500e-08	3.377610e-01	3.377565e-01	2.564893e-12	
387	1.812500e-08	3.377611e-01	3.377632e-01	2.632361e-12	
388	1.817500e-08	3.377610e-01	3.377565e-01	2.565473e-12	
389	1.822500e-08	3.377610e-01	3.377632e-01	2.631613e-12	
390	1.827500e-08	3.377610e-01	3.377566e-01	2.566040e-12	
391	1.832500e-08	3.377610e-01	3.377631e-01	2.630878e-12	
392	1.837500e-08	3.377610e-01	3.377567e-01	2.566594e-12	
393	1.842500e-08	3.377610e-01	3.377630e-01	2.630156e-12	
394	1.847500e-08	3.377610e-01	3.377567e-01	2.567136e-12	
395	1.852500e-08	3.377610e-01	3.377629e-01	2.629447e-12	
396	1.857500e-08	3.377610e-01	3.377568e-01	2.567665e-12	
397	1.862500e-08	3.377610e-01	3.377629e-01	2.628749e-12	
398	1.867500e-08	3.377610e-01	3.377568e-01	2.568182e-12	
399	1.872500e-08	3.377610e-01	3.377628e-01	2.628064e-12	
400	1.877500e-08	3.377610e-01	3.377569e-01	2.568688e-12	
401	1.882500e-08	3.377610e-01	3.377627e-01	2.627391e-12	
402	1.887500e-08	3.377610e-01	3.377569e-01	2.569181e-12	

Index   time            v(cell)         v(bl)           vpre#branch     
--------------------------------------------------------------------------------
403	1.892500e-08	3.377610e-01	3.377627e-01	2.626729e-12	
404	1.897500e-08	3.377610e-01	3.377570e-01	2.569663e-12	
405	1.902500e-08	3.377610e-01	3.377626e-01	2.626078e-12	
406	1.907500e-08	3.377610e-01	3.377570e-01	2.570135e-12	
407	1.912500e-08	3.377610e-01	3.377625e-01	2.625439e-12	
408	1.917500e-08	3.377610e-01	3.377571e-01	2.570595e-12	
409	1.922500e-08	3.377610e-01	3.377625e-01	2.624810e-12	
410	1.927500e-08	3.377609e-01	3.377571e-01	2.571044e-12	
411	1.932500e-08	3.377610e-01	3.377624e-01	2.624193e-12	
412	1.937500e-08	3.377609e-01	3.377571e-01	2.571483e-12	
413	1.942500e-08	3.377609e-01	3.377624e-01	2.623585e-12	
414	1.947500e-08	3.377609e-01	3.377572e-01	2.571912e-12	
415	1.952500e-08	3.377609e-01	3.377623e-01	2.622988e-12	
416	1.957500e-08	3.377609e-01	3.377572e-01	2.572330e-12	
417	1.962500e-08	3.377609e-01	3.377622e-01	2.622401e-12	
418	1.967500e-08	3.377609e-01	3.377573e-01	2.572739e-12	
419	1.972500e-08	3.377609e-01	3.377622e-01	2.621824e-12	
420	1.977500e-08	3.377609e-01	3.377573e-01	2.573138e-12	
421	1.982500e-08	3.377609e-01	3.377621e-01	2.621257e-12	
422	1.987500e-08	3.377609e-01	3.377574e-01	2.573527e-12	
423	1.992500e-08	3.377609e-01	3.377621e-01	2.620699e-12	
424	1.997500e-08	3.377609e-01	3.377574e-01	2.573907e-12	
425	2.002500e-08	3.377609e-01	3.377620e-01	2.620150e-12	
426	2.007500e-08	3.377609e-01	3.377574e-01	2.574278e-12	
427	2.012500e-08	3.377609e-01	3.377620e-01	2.619611e-12	
428	2.017500e-08	3.377609e-01	3.377575e-01	2.574640e-12	
429	2.022500e-08	3.377609e-01	3.377619e-01	2.619080e-12	
430	2.027500e-08	3.377609e-01	3.377575e-01	2.574993e-12	
431	2.032500e-08	3.377609e-01	3.377619e-01	2.618558e-12	
432	2.037500e-08	3.377609e-01	3.377575e-01	2.575338e-12	
433	2.042500e-08	3.377609e-01	3.377618e-01	2.618045e-12	
434	2.047500e-08	3.377608e-01	3.377576e-01	2.575674e-12	
435	2.052500e-08	3.377608e-01	3.377618e-01	2.617540e-12	
436	2.057500e-08	3.377608e-01	3.377576e-01	2.576002e-12	
437	2.062500e-08	3.377608e-01	3.377617e-01	2.617044e-12	
438	2.067500e-08	3.377608e-01	3.377576e-01	2.576321e-12	
439	2.072500e-08	3.377608e-01	3.377617e-01	2.616555e-12	
440	2.077500e-08	3.377608e-01	3.377577e-01	2.576633e-12	
441	2.082500e-08	3.377608e-01	3.377616e-01	2.616075e-12	
442	2.087500e-08	3.377608e-01	3.377577e-01	2.576937e-12	
443	2.092500e-08	3.377608e-01	3.377616e-01	2.615602e-12	
444	2.097500e-08	3.377608e-01	3.377577e-01	2.577233e-12	
445	2.102500e-08	3.377608e-01	3.377615e-01	2.615137e-12	
446	2.107500e-08	3.377608e-01	3.377578e-01	2.577522e-12	
447	2.112500e-08	3.377608e-01	3.377615e-01	2.614679e-12	
448	2.117500e-08	3.377608e-01	3.377578e-01	2.577803e-12	
449	2.122500e-08	3.377608e-01	3.377614e-01	2.614228e-12	
450	2.127500e-08	3.377608e-01	3.377578e-01	2.578077e-12	
451	2.132500e-08	3.377608e-01	3.377614e-01	2.613785e-12	
452	2.137500e-08	3.377608e-01	3.377578e-01	2.578344e-12	
453	2.142500e-08	3.377608e-01	3.377613e-01	2.613349e-12	
454	2.147500e-08	3.377608e-01	3.377579e-01	2.578604e-12	
455	2.152500e-08	3.377608e-01	3.377613e-01	2.612920e-12	
456	2.157500e-08	3.377607e-01	3.377579e-01	2.578858e-12	
457	2.162500e-08	3.377608e-01	3.377612e-01	2.612497e-12	
458	2.167500e-08	3.377607e-01	3.377579e-01	2.579104e-12	
459	2.172500e-08	3.377607e-01	3.377612e-01	2.612081e-12	
460	2.177500e-08	3.377607e-01	3.377579e-01	2.579344e-12	

Index   time            v(cell)         v(bl)           vpre#branch     
--------------------------------------------------------------------------------
461	2.182500e-08	3.377607e-01	3.377612e-01	2.611672e-12	
462	2.187500e-08	3.377607e-01	3.377580e-01	2.579578e-12	
463	2.192500e-08	3.377607e-01	3.377611e-01	2.611269e-12	
464	2.196250e-08	3.377607e-01	3.377580e-01	2.579868e-12	
465	2.200000e-08	3.377607e-01	3.377611e-01	2.610791e-12	
466	2.200500e-08	3.377574e-01	3.349262e-01	-2.57382e-11	
467	2.201500e-08	3.377492e-01	3.314625e-01	-6.03749e-11	
468	2.203500e-08	3.377311e-01	3.285568e-01	-8.94318e-11	
469	2.207500e-08	3.377012e-01	3.243452e-01	-1.31548e-10	
470	2.212500e-08	3.376747e-01	3.165360e-01	-2.09640e-10	
471	2.217500e-08	3.376557e-01	3.037113e-01	-3.37887e-10	
472	2.222500e-08	3.376404e-01	2.866168e-01	-5.08832e-10	
473	2.227500e-08	3.376271e-01	2.668197e-01	-7.06803e-10	
474	2.232500e-08	3.376150e-01	2.455452e-01	-9.19548e-10	
475	2.237500e-08	3.376036e-01	2.235905e-01	-1.13910e-09	
476	2.242500e-08	3.375928e-01	2.014773e-01	-1.36023e-09	
477	2.247500e-08	3.375824e-01	1.795613e-01	-1.57939e-09	
478	2.252500e-08	3.375723e-01	1.580933e-01	-1.79407e-09	
479	2.257500e-08	3.375624e-01	1.372531e-01	-2.00247e-09	
480	2.262500e-08	3.375526e-01	1.171670e-01	-2.20333e-09	
481	2.267500e-08	3.375430e-01	9.785412e-02	-2.39646e-09	
482	2.272500e-08	3.375335e-01	7.938582e-02	-2.58114e-09	
483	2.277500e-08	3.375241e-01	6.186701e-02	-2.75633e-09	
484	2.282500e-08	3.375146e-01	4.528955e-02	-2.92210e-09	
485	2.287500e-08	3.375053e-01	2.963094e-02	-3.07869e-09	
486	2.292500e-08	3.374959e-01	1.485823e-02	-3.22642e-09	
487	2.296250e-08	3.374888e-01	4.340072e-03	-3.33160e-09	
488	2.300000e-08	3.374818e-01	-5.71795e-03	-3.43218e-09	
489	2.300500e-08	3.374818e-01	-3.66621e-03	-3.41166e-09	
490	2.301500e-08	3.374818e-01	4.125555e-04	-3.37087e-09	
491	2.303500e-08	3.374818e-01	8.423543e-03	-3.29076e-09	
492	2.307500e-08	3.374818e-01	2.387780e-02	-3.13622e-09	
493	2.312500e-08	3.374818e-01	4.217744e-02	-2.95323e-09	
494	2.317500e-08	3.374818e-01	5.940794e-02	-2.78092e-09	
495	2.322500e-08	3.374818e-01	7.563265e-02	-2.61867e-09	
496	2.327500e-08	3.374818e-01	9.091042e-02	-2.46590e-09	
497	2.332500e-08	3.374818e-01	1.052966e-01	-2.32203e-09	
498	2.337500e-08	3.374818e-01	1.188434e-01	-2.18657e-09	
499	2.342500e-08	3.374818e-01	1.315998e-01	-2.05900e-09	
500	2.347500e-08	3.374818e-01	1.436118e-01	-1.93888e-09	
501	2.352500e-08	3.374818e-01	1.549231e-01	-1.82577e-09	
502	2.357500e-08	3.374818e-01	1.655744e-01	-1.71926e-09	
503	2.362500e-08	3.374818e-01	1.756043e-01	-1.61896e-09	
504	2.367500e-08	3.374818e-01	1.850491e-01	-1.52451e-09	
505	2.372500e-08	3.374818e-01	1.939429e-01	-1.43557e-09	
506	2.377500e-08	3.374818e-01	2.023178e-01	-1.35182e-09	
507	2.382500e-08	3.374818e-01	2.102041e-01	-1.27296e-09	
508	2.387500e-08	3.374818e-01	2.176303e-01	-1.19870e-09	
509	2.392500e-08	3.374818e-01	2.246233e-01	-1.12877e-09	
510	2.397500e-08	3.374818e-01	2.312084e-01	-1.06292e-09	
511	2.402500e-08	3.374818e-01	2.374092e-01	-1.00091e-09	
512	2.407500e-08	3.374818e-01	2.432484e-01	-9.42516e-10	
513	2.412500e-08	3.374818e-01	2.487468e-01	-8.87532e-10	
514	2.417500e-08	3.374818e-01	2.539245e-01	-8.35755e-10	
515	2.422500e-08	3.374818e-01	2.588002e-01	-7.86998e-10	
516	2.427500e-08	3.374818e-01	2.633914e-01	-7.41086e-10	
517	2.432500e-08	3.374818e-01	2.677148e-01	-6.97852e-10	
518	2.437500e-08	3.374818e-01	2.717859e-01	-6.57141e-10	

Index   time            v(cell)         v(bl)           vpre#branch     
--------------------------------------------------------------------------------
519	2.442500e-08	3.374818e-01	2.756196e-01	-6.18804e-10	
520	2.447500e-08	3.374818e-01	2.792296e-01	-5.82704e-10	
521	2.452500e-08	3.374818e-01	2.826289e-01	-5.48711e-10	
522	2.457500e-08	3.374818e-01	2.858300e-01	-5.16700e-10	
523	2.462500e-08	3.374818e-01	2.888444e-01	-4.86556e-10	
524	2.467500e-08	3.374818e-01	2.916828e-01	-4.58172e-10	
525	2.472500e-08	3.374818e-01	2.943557e-01	-4.31443e-10	
526	2.477500e-08	3.374818e-01	2.968727e-01	-4.06273e-10	
527	2.482500e-08	3.374818e-01	2.992428e-01	-3.82572e-10	
528	2.487500e-08	3.374818e-01	3.014747e-01	-3.60253e-10	
529	2.492500e-08	3.374818e-01	3.035763e-01	-3.39237e-10	
530	2.497500e-08	3.374818e-01	3.055554e-01	-3.19446e-10	
531	2.502500e-08	3.374818e-01	3.074190e-01	-3.00810e-10	
532	2.507500e-08	3.374818e-01	3.091738e-01	-2.83262e-10	
533	2.512500e-08	3.374818e-01	3.108263e-01	-2.66737e-10	
534	2.517500e-08	3.374818e-01	3.123824e-01	-2.51176e-10	
535	2.522500e-08	3.374818e-01	3.138477e-01	-2.36523e-10	
536	2.527500e-08	3.374818e-01	3.152276e-01	-2.22724e-10	
537	2.532500e-08	3.374818e-01	3.165269e-01	-2.09731e-10	
538	2.537500e-08	3.374818e-01	3.177504e-01	-1.97496e-10	
539	2.542500e-08	3.374818e-01	3.189026e-01	-1.85974e-10	
540	2.547500e-08	3.374818e-01	3.199875e-01	-1.75125e-10	
541	2.552500e-08	3.374818e-01	3.210092e-01	-1.64908e-10	
542	2.557500e-08	3.374818e-01	3.219712e-01	-1.55288e-10	
543	2.562500e-08	3.374818e-01	3.228771e-01	-1.46229e-10	
544	2.567500e-08	3.374818e-01	3.237302e-01	-1.37698e-10	
545	2.572500e-08	3.374818e-01	3.245335e-01	-1.29665e-10	
546	2.577500e-08	3.374818e-01	3.252900e-01	-1.22100e-10	
547	2.582500e-08	3.374818e-01	3.260023e-01	-1.14977e-10	
548	2.587500e-08	3.374818e-01	3.266730e-01	-1.08270e-10	
549	2.592500e-08	3.374818e-01	3.273047e-01	-1.01953e-10	
550	2.597500e-08	3.374818e-01	3.278994e-01	-9.60056e-11	
551	2.602500e-08	3.374818e-01	3.284595e-01	-9.04048e-11	
552	2.607500e-08	3.374818e-01	3.289869e-01	-8.51308e-11	
553	2.612500e-08	3.374818e-01	3.294836e-01	-8.01644e-11	
554	2.617500e-08	3.374818e-01	3.299512e-01	-7.54877e-11	
555	2.622500e-08	3.374818e-01	3.303916e-01	-7.10839e-11	
556	2.627500e-08	3.374818e-01	3.308063e-01	-6.69370e-11	
557	2.632500e-08	3.374818e-01	3.311968e-01	-6.30320e-11	
558	2.637500e-08	3.374818e-01	3.315645e-01	-5.93549e-11	
559	2.642500e-08	3.374818e-01	3.319108e-01	-5.58922e-11	
560	2.647500e-08	3.374818e-01	3.322368e-01	-5.26315e-11	
561	2.652500e-08	3.374818e-01	3.325439e-01	-4.95611e-11	
562	2.657500e-08	3.374818e-01	3.328330e-01	-4.66698e-11	
563	2.662500e-08	3.374818e-01	3.331053e-01	-4.39472e-11	
564	2.667500e-08	3.374818e-01	3.333617e-01	-4.13834e-11	
565	2.672500e-08	3.374818e-01	3.336031e-01	-3.89691e-11	
566	2.677500e-08	3.374818e-01	3.338304e-01	-3.66958e-11	
567	2.682500e-08	3.374818e-01	3.340445e-01	-3.45550e-11	
568	2.687500e-08	3.374818e-01	3.342461e-01	-3.25391e-11	
569	2.692500e-08	3.374818e-01	3.344359e-01	-3.06408e-11	
570	2.697500e-08	3.374818e-01	3.346147e-01	-2.88533e-11	
571	2.702500e-08	3.374818e-01	3.347830e-01	-2.71701e-11	
572	2.707500e-08	3.374818e-01	3.349415e-01	-2.55850e-11	
573	2.712500e-08	3.374818e-01	3.350908e-01	-2.40924e-11	
574	2.717500e-08	3.374818e-01	3.352313e-01	-2.26869e-11	
575	2.722500e-08	3.374818e-01	3.353637e-01	-2.13634e-11	
576	2.727500e-08	3.374818e-01	3.354883e-01	-2.01171e-11	

Index   time            v(cell)         v(bl)           vpre#branch     
--------------------------------------------------------------------------------
577	2.732500e-08	3.374818e-01	3.356057e-01	-1.89435e-11	
578	2.737500e-08	3.374818e-01	3.357162e-01	-1.78384e-11	
579	2.742500e-08	3.374818e-01	3.358202e-01	-1.67977e-11	
580	2.747500e-08	3.374818e-01	3.359182e-01	-1.58178e-11	
581	2.752500e-08	3.374818e-01	3.360105e-01	-1.48950e-11	
582	2.757500e-08	3.374818e-01	3.360974e-01	-1.40260e-11	
583	2.762500e-08	3.374818e-01	3.361792e-01	-1.32078e-11	
584	2.767500e-08	3.374818e-01	3.362563e-01	-1.24373e-11	
585	2.772500e-08	3.374818e-01	3.363288e-01	-1.17117e-11	
586	2.777500e-08	3.374818e-01	3.363972e-01	-1.10285e-11	
587	2.782500e-08	3.374818e-01	3.364615e-01	-1.03851e-11	
588	2.787500e-08	3.374818e-01	3.365221e-01	-9.77923e-12	
589	2.792500e-08	3.374818e-01	3.365791e-01	-9.20873e-12	
590	2.797500e-08	3.374818e-01	3.366328e-01	-8.67151e-12	
591	2.802500e-08	3.374818e-01	3.366834e-01	-8.16563e-12	
592	2.807500e-08	3.374818e-01	3.367311e-01	-7.68926e-12	
593	2.812500e-08	3.374818e-01	3.367759e-01	-7.24068e-12	
594	2.817500e-08	3.374818e-01	3.368182e-01	-6.81827e-12	
595	2.822500e-08	3.374818e-01	3.368579e-01	-6.42051e-12	
596	2.827500e-08	3.374818e-01	3.368954e-01	-6.04594e-12	
597	2.832500e-08	3.374818e-01	3.369307e-01	-5.69324e-12	
598	2.837500e-08	3.374818e-01	3.369639e-01	-5.36110e-12	
599	2.842500e-08	3.374818e-01	3.369952e-01	-5.04834e-12	
600	2.847500e-08	3.374818e-01	3.370246e-01	-4.75383e-12	
601	2.852500e-08	3.374818e-01	3.370523e-01	-4.47650e-12	
602	2.857500e-08	3.374818e-01	3.370785e-01	-4.21535e-12	
603	2.862500e-08	3.374818e-01	3.371031e-01	-3.96944e-12	
604	2.867500e-08	3.374818e-01	3.371262e-01	-3.73787e-12	
605	2.872500e-08	3.374818e-01	3.371480e-01	-3.51981e-12	
606	2.877500e-08	3.374818e-01	3.371686e-01	-3.31447e-12	
607	2.882500e-08	3.374818e-01	3.371879e-01	-3.12111e-12	
608	2.887500e-08	3.374818e-01	3.372061e-01	-2.93903e-12	
609	2.892500e-08	3.374818e-01	3.372232e-01	-2.76757e-12	
610	2.897500e-08	3.374818e-01	3.372394e-01	-2.60611e-12	
611	2.902500e-08	3.374818e-01	3.372546e-01	-2.45408e-12	
612	2.907500e-08	3.374818e-01	3.372689e-01	-2.31091e-12	
613	2.912500e-08	3.374818e-01	3.372824e-01	-2.17610e-12	
614	2.917500e-08	3.374818e-01	3.372951e-01	-2.04915e-12	
615	2.922500e-08	3.374818e-01	3.373070e-01	-1.92960e-12	
616	2.927500e-08	3.374818e-01	3.373183e-01	-1.81703e-12	
617	2.932500e-08	3.374818e-01	3.373289e-01	-1.71103e-12	
618	2.937500e-08	3.374818e-01	3.373389e-01	-1.61121e-12	
619	2.942500e-08	3.374818e-01	3.373483e-01	-1.51722e-12	
620	2.947500e-08	3.374818e-01	3.373571e-01	-1.42871e-12	
621	2.952500e-08	3.374818e-01	3.373655e-01	-1.34536e-12	
622	2.957500e-08	3.374818e-01	3.373733e-01	-1.26687e-12	
623	2.962500e-08	3.374818e-01	3.373807e-01	-1.19297e-12	
624	2.967500e-08	3.374818e-01	3.373877e-01	-1.12337e-12	
625	2.972500e-08	3.374818e-01	3.373942e-01	-1.05783e-12	
626	2.977500e-08	3.374818e-01	3.374004e-01	-9.96122e-13	
627	2.982500e-08	3.374818e-01	3.374062e-01	-9.38010e-13	
628	2.987500e-08	3.374818e-01	3.374117e-01	-8.83288e-13	
629	2.992500e-08	3.374818e-01	3.374168e-01	-8.31759e-13	
630	2.997500e-08	3.374818e-01	3.374217e-01	-7.83236e-13	
631	3.002500e-08	3.374818e-01	3.374262e-01	-7.37543e-13	
632	3.007500e-08	3.374818e-01	3.374305e-01	-6.94516e-13	
633	3.012500e-08	3.374818e-01	3.374346e-01	-6.53999e-13	
634	3.017500e-08	3.374818e-01	3.374384e-01	-6.15846e-13	

Index   time            v(cell)         v(bl)           vpre#branch     
--------------------------------------------------------------------------------
635	3.022500e-08	3.374818e-01	3.374420e-01	-5.79919e-13	
636	3.027500e-08	3.374818e-01	3.374454e-01	-5.46087e-13	
637	3.032500e-08	3.374818e-01	3.374486e-01	-5.14230e-13	
638	3.037500e-08	3.374818e-01	3.374516e-01	-4.84230e-13	
639	3.042500e-08	3.374818e-01	3.374544e-01	-4.55981e-13	
640	3.047500e-08	3.374818e-01	3.374571e-01	-4.29380e-13	
641	3.052500e-08	3.374818e-01	3.374596e-01	-4.04331e-13	
642	3.057500e-08	3.374818e-01	3.374619e-01	-3.80743e-13	
643	3.062500e-08	3.374818e-01	3.374641e-01	-3.58531e-13	
644	3.067500e-08	3.374818e-01	3.374662e-01	-3.37615e-13	
645	3.072500e-08	3.374818e-01	3.374682e-01	-3.17919e-13	
646	3.077500e-08	3.374818e-01	3.374701e-01	-2.99372e-13	
647	3.082500e-08	3.374818e-01	3.374718e-01	-2.81908e-13	
648	3.087500e-08	3.374818e-01	3.374735e-01	-2.65462e-13	
649	3.092500e-08	3.374818e-01	3.374750e-01	-2.49975e-13	
650	3.097500e-08	3.374818e-01	3.374765e-01	-2.35392e-13	
651	3.102500e-08	3.374818e-01	3.374778e-01	-2.21660e-13	
652	3.107500e-08	3.374818e-01	3.374791e-01	-2.08728e-13	
653	3.112500e-08	3.374818e-01	3.374803e-01	-1.96552e-13	
654	3.117500e-08	3.374818e-01	3.374815e-01	-1.85085e-13	
655	3.122500e-08	3.374818e-01	3.374826e-01	-1.74288e-13	
656	3.127500e-08	3.374818e-01	3.374836e-01	-1.64120e-13	
657	3.132500e-08	3.374818e-01	3.374845e-01	-1.54545e-13	
658	3.137500e-08	3.374818e-01	3.374854e-01	-1.45530e-13	
659	3.142500e-08	3.374818e-01	3.374863e-01	-1.37040e-13	
660	3.147500e-08	3.374818e-01	3.374871e-01	-1.29045e-13	
661	3.152500e-08	3.374818e-01	3.374878e-01	-1.21517e-13	
662	3.157500e-08	3.374818e-01	3.374886e-01	-1.14428e-13	
663	3.162500e-08	3.374818e-01	3.374892e-01	-1.07752e-13	
664	3.167500e-08	3.374818e-01	3.374899e-01	-1.01466e-13	
665	3.172500e-08	3.374818e-01	3.374904e-01	-9.55468e-14	
666	3.177500e-08	3.374818e-01	3.374910e-01	-8.99728e-14	
667	3.182500e-08	3.374818e-01	3.374915e-01	-8.47239e-14	
668	3.187500e-08	3.374818e-01	3.374920e-01	-7.97813e-14	
669	3.192500e-08	3.374818e-01	3.374925e-01	-7.51270e-14	
670	3.197500e-08	3.374818e-01	3.374929e-01	-7.07443e-14	
671	3.202500e-08	3.374818e-01	3.374933e-01	-6.66172e-14	
672	3.207500e-08	3.374818e-01	3.374937e-01	-6.27309e-14	
673	3.212500e-08	3.374818e-01	3.374941e-01	-5.90713e-14	
674	3.217500e-08	3.374818e-01	3.374944e-01	-5.56252e-14	
675	3.222500e-08	3.374818e-01	3.374948e-01	-5.23801e-14	
676	3.227500e-08	3.374818e-01	3.374951e-01	-4.93243e-14	
677	3.232500e-08	3.374818e-01	3.374954e-01	-4.64469e-14	
678	3.237500e-08	3.374818e-01	3.374956e-01	-4.37372e-14	
679	3.242500e-08	3.374818e-01	3.374959e-01	-4.11857e-14	
680	3.247500e-08	3.374818e-01	3.374961e-01	-3.87830e-14	
681	3.252500e-08	3.374818e-01	3.374963e-01	-3.65205e-14	
682	3.257500e-08	3.374818e-01	3.374966e-01	-3.43900e-14	
683	3.262500e-08	3.374818e-01	3.374968e-01	-3.23837e-14	
684	3.267500e-08	3.374818e-01	3.374970e-01	-3.04945e-14	
685	3.272500e-08	3.374818e-01	3.374971e-01	-2.87155e-14	
686	3.277500e-08	3.374818e-01	3.374973e-01	-2.70403e-14	
687	3.282500e-08	3.374818e-01	3.374975e-01	-2.54629e-14	
688	3.287500e-08	3.374818e-01	3.374976e-01	-2.39774e-14	
689	3.292500e-08	3.374818e-01	3.374977e-01	-2.25786e-14	
690	3.297500e-08	3.374818e-01	3.374979e-01	-2.12614e-14	
691	3.302500e-08	3.374818e-01	3.374980e-01	-2.00211e-14	
692	3.307500e-08	3.374818e-01	3.374981e-01	-1.88531e-14	

Index   time            v(cell)         v(bl)           vpre#branch     
--------------------------------------------------------------------------------
693	3.312500e-08	3.374818e-01	3.374982e-01	-1.77533e-14	
694	3.317500e-08	3.374818e-01	3.374983e-01	-1.67176e-14	
695	3.322500e-08	3.374818e-01	3.374984e-01	-1.57423e-14	
696	3.327500e-08	3.374818e-01	3.374985e-01	-1.48239e-14	
697	3.332500e-08	3.374818e-01	3.374986e-01	-1.39591e-14	
698	3.337500e-08	3.374818e-01	3.374987e-01	-1.31448e-14	
699	3.342500e-08	3.374818e-01	3.374988e-01	-1.23780e-14	
700	3.347500e-08	3.374818e-01	3.374988e-01	-1.16559e-14	
701	3.352500e-08	3.374818e-01	3.374989e-01	-1.09759e-14	
702	3.357500e-08	3.374818e-01	3.374990e-01	-1.03356e-14	
703	3.362500e-08	3.374818e-01	3.374990e-01	-9.73264e-15	
704	3.367500e-08	3.374818e-01	3.374991e-01	-9.16486e-15	
705	3.372500e-08	3.374818e-01	3.374991e-01	-8.63021e-15	
706	3.377500e-08	3.374818e-01	3.374992e-01	-8.12675e-15	
707	3.382500e-08	3.374818e-01	3.374992e-01	-7.65266e-15	
708	3.387500e-08	3.374818e-01	3.374993e-01	-7.20623e-15	
709	3.392500e-08	3.374818e-01	3.374993e-01	-6.78584e-15	
710	3.397500e-08	3.374818e-01	3.374994e-01	-6.38997e-15	
711	3.402500e-08	3.374818e-01	3.374994e-01	-6.01720e-15	
712	3.407500e-08	3.374818e-01	3.374994e-01	-5.66618e-15	
713	3.412500e-08	3.374818e-01	3.374995e-01	-5.33563e-15	
714	3.417500e-08	3.374818e-01	3.374995e-01	-5.02437e-15	
715	3.422500e-08	3.374818e-01	3.374995e-01	-4.73127e-15	
716	3.427500e-08	3.374818e-01	3.374996e-01	-4.45527e-15	
717	3.432500e-08	3.374818e-01	3.374996e-01	-4.19536e-15	
718	3.437500e-08	3.374818e-01	3.374996e-01	-3.95062e-15	
719	3.442500e-08	3.374818e-01	3.374996e-01	-3.72016e-15	
720	3.447500e-08	3.374818e-01	3.374996e-01	-3.50314e-15	
721	3.452500e-08	3.374818e-01	3.374997e-01	-3.29878e-15	
722	3.457500e-08	3.374818e-01	3.374997e-01	-3.10635e-15	
723	3.462500e-08	3.374818e-01	3.374997e-01	-2.92514e-15	
724	3.467500e-08	3.374818e-01	3.374997e-01	-2.75450e-15	
725	3.472500e-08	3.374818e-01	3.374997e-01	-2.59382e-15	
726	3.477500e-08	3.374818e-01	3.374998e-01	-2.44251e-15	
727	3.482500e-08	3.374818e-01	3.374998e-01	-2.30003e-15	
728	3.487500e-08	3.374818e-01	3.374998e-01	-2.16586e-15	
729	3.492500e-08	3.374818e-01	3.374998e-01	-2.03951e-15	
730	3.497500e-08	3.374818e-01	3.374998e-01	-1.92054e-15	
731	3.502500e-08	3.374818e-01	3.374998e-01	-1.80851e-15	
732	3.507500e-08	3.374818e-01	3.374998e-01	-1.70301e-15	
733	3.512500e-08	3.374818e-01	3.374998e-01	-1.60367e-15	
734	3.517500e-08	3.374818e-01	3.374998e-01	-1.51013e-15	
735	3.522500e-08	3.374818e-01	3.374999e-01	-1.42204e-15	
736	3.527500e-08	3.374818e-01	3.374999e-01	-1.33909e-15	
737	3.532500e-08	3.374818e-01	3.374999e-01	-1.26098e-15	
738	3.537500e-08	3.374818e-01	3.374999e-01	-1.18743e-15	
739	3.542500e-08	3.374818e-01	3.374999e-01	-1.11816e-15	
740	3.547500e-08	3.374818e-01	3.374999e-01	-1.05294e-15	
741	3.552500e-08	3.374818e-01	3.374999e-01	-9.91524e-16	
742	3.557500e-08	3.374818e-01	3.374999e-01	-9.33690e-16	
743	3.562500e-08	3.374818e-01	3.374999e-01	-8.79230e-16	
744	3.567500e-08	3.374818e-01	3.374999e-01	-8.27947e-16	
745	3.572500e-08	3.374818e-01	3.374999e-01	-7.79655e-16	
746	3.577500e-08	3.374818e-01	3.374999e-01	-7.34182e-16	
747	3.582500e-08	3.374818e-01	3.374999e-01	-6.91360e-16	
748	3.587500e-08	3.374818e-01	3.374999e-01	-6.51037e-16	
749	3.592500e-08	3.374818e-01	3.374999e-01	-6.13067e-16	
750	3.597500e-08	3.374818e-01	3.374999e-01	-5.77311e-16	

Index   time            v(cell)         v(bl)           vpre#branch     
--------------------------------------------------------------------------------
751	3.602500e-08	3.374818e-01	3.374999e-01	-5.43642e-16	
752	3.607500e-08	3.374818e-01	3.374999e-01	-5.11937e-16	
753	3.612500e-08	3.374818e-01	3.375000e-01	-4.82081e-16	
754	3.617500e-08	3.374818e-01	3.375000e-01	-4.53967e-16	
755	3.622500e-08	3.374818e-01	3.375000e-01	-4.27493e-16	
756	3.627500e-08	3.374818e-01	3.375000e-01	-4.02564e-16	
757	3.632500e-08	3.374818e-01	3.375000e-01	-3.79089e-16	
758	3.637500e-08	3.374818e-01	3.375000e-01	-3.56983e-16	
759	3.642500e-08	3.374818e-01	3.375000e-01	-3.36167e-16	
760	3.647500e-08	3.374818e-01	3.375000e-01	-3.16566e-16	
761	3.652500e-08	3.374818e-01	3.375000e-01	-2.98108e-16	
762	3.657500e-08	3.374818e-01	3.375000e-01	-2.80726e-16	
763	3.662500e-08	3.374818e-01	3.375000e-01	-2.64358e-16	
764	3.667500e-08	3.374818e-01	3.375000e-01	-2.48945e-16	
765	3.672500e-08	3.374818e-01	3.375000e-01	-2.34432e-16	
766	3.677500e-08	3.374818e-01	3.375000e-01	-2.20765e-16	
767	3.682500e-08	3.374818e-01	3.375000e-01	-2.07895e-16	
768	3.687500e-08	3.374818e-01	3.375000e-01	-1.95776e-16	
769	3.692500e-08	3.374818e-01	3.375000e-01	-1.84364e-16	
770	3.697500e-08	3.374818e-01	3.375000e-01	-1.73618e-16	
771	3.702500e-08	3.374818e-01	3.375000e-01	-1.63498e-16	
772	3.707500e-08	3.374818e-01	3.375000e-01	-1.53970e-16	
773	3.712500e-08	3.374818e-01	3.375000e-01	-1.44997e-16	
774	3.717500e-08	3.374818e-01	3.375000e-01	-1.36547e-16	
775	3.722500e-08	3.374818e-01	3.375000e-01	-1.28590e-16	
776	3.727500e-08	3.374818e-01	3.375000e-01	-1.21098e-16	
777	3.732500e-08	3.374818e-01	3.375000e-01	-1.14043e-16	
778	3.737500e-08	3.374818e-01	3.375000e-01	-1.07399e-16	
779	3.742500e-08	3.374818e-01	3.375000e-01	-1.01143e-16	
780	3.747500e-08	3.374818e-01	3.375000e-01	-9.52513e-17	
781	3.752500e-08	3.374818e-01	3.375000e-01	-8.97039e-17	
782	3.757500e-08	3.374818e-01	3.375000e-01	-8.44804e-17	
783	3.762500e-08	3.374818e-01	3.375000e-01	-7.95614e-17	
784	3.767500e-08	3.374818e-01	3.375000e-01	-7.49291e-17	
785	3.772500e-08	3.374818e-01	3.375000e-01	-7.05671e-17	
786	3.777500e-08	3.374818e-01	3.375000e-01	-6.64596e-17	
787	3.782500e-08	3.374818e-01	3.375000e-01	-6.25917e-17	
788	3.787500e-08	3.374818e-01	3.375000e-01	-5.89494e-17	
789	3.792500e-08	3.374818e-01	3.375000e-01	-5.55196e-17	
790	3.797500e-08	3.374818e-01	3.375000e-01	-5.22899e-17	
791	3.802500e-08	3.374818e-01	3.375000e-01	-4.92488e-17	
792	3.807500e-08	3.374818e-01	3.375000e-01	-4.63852e-17	
793	3.812500e-08	3.374818e-01	3.375000e-01	-4.36886e-17	
794	3.817500e-08	3.374818e-01	3.375000e-01	-4.11493e-17	
795	3.822500e-08	3.374818e-01	3.375000e-01	-3.87579e-17	
796	3.827500e-08	3.374818e-01	3.375000e-01	-3.65061e-17	
797	3.832500e-08	3.374818e-01	3.375000e-01	-3.43856e-17	
798	3.837500e-08	3.374818e-01	3.375000e-01	-3.23889e-17	
799	3.842500e-08	3.374818e-01	3.375000e-01	-3.05088e-17	
800	3.847500e-08	3.374818e-01	3.375000e-01	-2.87386e-17	
801	3.852500e-08	3.374818e-01	3.375000e-01	-2.70714e-17	
802	3.857500e-08	3.374818e-01	3.375000e-01	-2.55014e-17	
803	3.862500e-08	3.374818e-01	3.375000e-01	-2.40231e-17	
804	3.867500e-08	3.374818e-01	3.375000e-01	-2.26313e-17	
805	3.872500e-08	3.374818e-01	3.375000e-01	-2.13206e-17	
806	3.877500e-08	3.374818e-01	3.375000e-01	-2.00862e-17	
807	3.882500e-08	3.374818e-01	3.375000e-01	-1.89237e-17	
808	3.887500e-08	3.374818e-01	3.375000e-01	-1.78289e-17	

Index   time            v(cell)         v(bl)           vpre#branch     
--------------------------------------------------------------------------------
809	3.892500e-08	3.374818e-01	3.375000e-01	-1.67981e-17	
810	3.897500e-08	3.374818e-01	3.375000e-01	-1.58273e-17	
811	3.902500e-08	3.374818e-01	3.375000e-01	-1.49134e-17	
812	3.907500e-08	3.374818e-01	3.375000e-01	-1.40528e-17	
813	3.912500e-08	3.374818e-01	3.375000e-01	-1.32422e-17	
814	3.917500e-08	3.374818e-01	3.375000e-01	-1.24789e-17	
815	3.922500e-08	3.374818e-01	3.375000e-01	-1.17604e-17	
816	3.927500e-08	3.374818e-01	3.375000e-01	-1.10837e-17	
817	3.932500e-08	3.374818e-01	3.375000e-01	-1.04464e-17	
818	3.937500e-08	3.374818e-01	3.375000e-01	-9.84617e-18	
819	3.942500e-08	3.374818e-01	3.375000e-01	-9.28119e-18	
820	3.947500e-08	3.374818e-01	3.375000e-01	-8.74918e-18	
821	3.952500e-08	3.374818e-01	3.375000e-01	-8.24800e-18	
822	3.957500e-08	3.374818e-01	3.375000e-01	-7.77626e-18	
823	3.962500e-08	3.374818e-01	3.375000e-01	-7.33203e-18	
824	3.967500e-08	3.374818e-01	3.375000e-01	-6.91373e-18	
825	3.972500e-08	3.374818e-01	3.375000e-01	-6.51982e-18	
826	3.977500e-08	3.374818e-01	3.375000e-01	-6.14870e-18	
827	3.982500e-08	3.374818e-01	3.375000e-01	-5.79923e-18	
828	3.987500e-08	3.374818e-01	3.375000e-01	-5.47015e-18	
829	3.992500e-08	3.374818e-01	3.375000e-01	-5.16026e-18	
830	3.996250e-08	3.374818e-01	3.375000e-01	-4.93980e-18	
831	4.000000e-08	3.374818e-01	3.375000e-01	-4.72928e-18	


Total analysis time (seconds) = 0.171273

Total elapsed time (seconds) = 0.185 

Total DRAM available = 386307.215 MB.
DRAM currently available = 21700.422 MB.
Maximum ngspice program size =  529.719 MB.
Current ngspice program size =   14.109 MB.

Shared ngspice pages =   12.277 MB.
Text (code) pages =    6.266 MB.
Stack = 0 bytes.
Library pages =   59.137 MB.

