
Note: No compatibility mode selected!


Circuit: * id-vd sweep vgs=0.6750v

Doing analysis at TEMP = 125.000000 and TNOM = 27.000000

Using SPARSE 1.3 as Direct Linear Solver

No. of Data Rows : 101
                           * id-vd sweep vgs=0.6750v
                           DC transfer characteristic  Tue Jun 23 21:15:34  2026
--------------------------------------------------------------------------------
Index   v-sweep         vd#branch       v(d)            
--------------------------------------------------------------------------------
0	0.000000e+00	0.000000e+00	0.000000e+00	
1	6.750000e-03	-2.16926e-07	6.750000e-03	
2	1.350000e-02	-4.19255e-07	1.350000e-02	
3	2.025000e-02	-5.93389e-07	2.025000e-02	
4	2.700000e-02	-7.31338e-07	2.700000e-02	
5	3.375000e-02	-8.32268e-07	3.375000e-02	
6	4.050000e-02	-9.03523e-07	4.050000e-02	
7	4.725000e-02	-9.54947e-07	4.725000e-02	
8	5.400000e-02	-9.93863e-07	5.400000e-02	
9	6.075000e-02	-1.02474e-06	6.075000e-02	
10	6.750000e-02	-1.05020e-06	6.750000e-02	
11	7.425000e-02	-1.07182e-06	7.425000e-02	
12	8.100000e-02	-1.09061e-06	8.100000e-02	
13	8.775000e-02	-1.10822e-06	8.775000e-02	
14	9.450000e-02	-1.12291e-06	9.450000e-02	
15	1.012500e-01	-1.13625e-06	1.012500e-01	
16	1.080000e-01	-1.14849e-06	1.080000e-01	
17	1.147500e-01	-1.15977e-06	1.147500e-01	
18	1.215000e-01	-1.17025e-06	1.215000e-01	
19	1.282500e-01	-1.18003e-06	1.282500e-01	
20	1.350000e-01	-1.18919e-06	1.350000e-01	
21	1.417500e-01	-1.19781e-06	1.417500e-01	
22	1.485000e-01	-1.20595e-06	1.485000e-01	
23	1.552500e-01	-1.21366e-06	1.552500e-01	
24	1.620000e-01	-1.22099e-06	1.620000e-01	
25	1.687500e-01	-1.22796e-06	1.687500e-01	
26	1.755000e-01	-1.23461e-06	1.755000e-01	
27	1.822500e-01	-1.24098e-06	1.822500e-01	
28	1.890000e-01	-1.24708e-06	1.890000e-01	
29	1.957500e-01	-1.25293e-06	1.957500e-01	
30	2.025000e-01	-1.25856e-06	2.025000e-01	
31	2.092500e-01	-1.26398e-06	2.092500e-01	
32	2.160000e-01	-1.26920e-06	2.160000e-01	
33	2.227500e-01	-1.27424e-06	2.227500e-01	
34	2.295000e-01	-1.27911e-06	2.295000e-01	
35	2.362500e-01	-1.28383e-06	2.362500e-01	
36	2.430000e-01	-1.28839e-06	2.430000e-01	
37	2.497500e-01	-1.29282e-06	2.497500e-01	
38	2.565000e-01	-1.29712e-06	2.565000e-01	
39	2.632500e-01	-1.30129e-06	2.632500e-01	
40	2.700000e-01	-1.30535e-06	2.700000e-01	
41	2.767500e-01	-1.30929e-06	2.767500e-01	
42	2.835000e-01	-1.31313e-06	2.835000e-01	
43	2.902500e-01	-1.31688e-06	2.902500e-01	
44	2.970000e-01	-1.32052e-06	2.970000e-01	
45	3.037500e-01	-1.32408e-06	3.037500e-01	
46	3.105000e-01	-1.32756e-06	3.105000e-01	
47	3.172500e-01	-1.33095e-06	3.172500e-01	
48	3.240000e-01	-1.33426e-06	3.240000e-01	
49	3.307500e-01	-1.33750e-06	3.307500e-01	
50	3.375000e-01	-1.34067e-06	3.375000e-01	
51	3.442500e-01	-1.34377e-06	3.442500e-01	
52	3.510000e-01	-1.34681e-06	3.510000e-01	
53	3.577500e-01	-1.34978e-06	3.577500e-01	
54	3.645000e-01	-1.35269e-06	3.645000e-01	

Index   v-sweep         vd#branch       v(d)            
--------------------------------------------------------------------------------
55	3.712500e-01	-1.35555e-06	3.712500e-01	
56	3.780000e-01	-1.35835e-06	3.780000e-01	
57	3.847500e-01	-1.36110e-06	3.847500e-01	
58	3.915000e-01	-1.36379e-06	3.915000e-01	
59	3.982500e-01	-1.36644e-06	3.982500e-01	
60	4.050000e-01	-1.36904e-06	4.050000e-01	
61	4.117500e-01	-1.37159e-06	4.117500e-01	
62	4.185000e-01	-1.37410e-06	4.185000e-01	
63	4.252500e-01	-1.37656e-06	4.252500e-01	
64	4.320000e-01	-1.37899e-06	4.320000e-01	
65	4.387500e-01	-1.38137e-06	4.387500e-01	
66	4.455000e-01	-1.38372e-06	4.455000e-01	
67	4.522500e-01	-1.38602e-06	4.522500e-01	
68	4.590000e-01	-1.38829e-06	4.590000e-01	
69	4.657500e-01	-1.39053e-06	4.657500e-01	
70	4.725000e-01	-1.39273e-06	4.725000e-01	
71	4.792500e-01	-1.39490e-06	4.792500e-01	
72	4.860000e-01	-1.39704e-06	4.860000e-01	
73	4.927500e-01	-1.39914e-06	4.927500e-01	
74	4.995000e-01	-1.40122e-06	4.995000e-01	
75	5.062500e-01	-1.40326e-06	5.062500e-01	
76	5.130000e-01	-1.40528e-06	5.130000e-01	
77	5.197500e-01	-1.40727e-06	5.197500e-01	
78	5.265000e-01	-1.40923e-06	5.265000e-01	
79	5.332500e-01	-1.41116e-06	5.332500e-01	
80	5.400000e-01	-1.41307e-06	5.400000e-01	
81	5.467500e-01	-1.41496e-06	5.467500e-01	
82	5.535000e-01	-1.41682e-06	5.535000e-01	
83	5.602500e-01	-1.41865e-06	5.602500e-01	
84	5.670000e-01	-1.42047e-06	5.670000e-01	
85	5.737500e-01	-1.42226e-06	5.737500e-01	
86	5.805000e-01	-1.42403e-06	5.805000e-01	
87	5.872500e-01	-1.42577e-06	5.872500e-01	
88	5.940000e-01	-1.42750e-06	5.940000e-01	
89	6.007500e-01	-1.42920e-06	6.007500e-01	
90	6.075000e-01	-1.43089e-06	6.075000e-01	
91	6.142500e-01	-1.43256e-06	6.142500e-01	
92	6.210000e-01	-1.43420e-06	6.210000e-01	
93	6.277500e-01	-1.43583e-06	6.277500e-01	
94	6.345000e-01	-1.43744e-06	6.345000e-01	
95	6.412500e-01	-1.43903e-06	6.412500e-01	
96	6.480000e-01	-1.44061e-06	6.480000e-01	
97	6.547500e-01	-1.44216e-06	6.547500e-01	
98	6.615000e-01	-1.44370e-06	6.615000e-01	
99	6.682500e-01	-1.44523e-06	6.682500e-01	
100	6.750000e-01	-1.44674e-06	6.750000e-01	


Total analysis time (seconds) = 0.00982023

Total elapsed time (seconds) = 0.015 

Total DRAM available = 386307.215 MB.
DRAM currently available = 12533.129 MB.
Maximum ngspice program size =  529.719 MB.
Current ngspice program size =   14.043 MB.

Shared ngspice pages =   12.273 MB.
Text (code) pages =    6.266 MB.
Stack = 0 bytes.
Library pages =   59.137 MB.

