
Note: No compatibility mode selected!


Circuit: * id-vg sweep vds=0.6750v

Doing analysis at TEMP = 125.000000 and TNOM = 27.000000

Using SPARSE 1.3 as Direct Linear Solver

No. of Data Rows : 201

  Measurements for DC Analysis

ion                 =  -1.44669e-06 at=  6.75000e-01
ioff                =  -3.58981e-12

                           * id-vg sweep vds=0.6750v
                           DC transfer characteristic  Wed Jun 24 01:06:41  2026
--------------------------------------------------------------------------------
Index   v-sweep         vd#branch       
--------------------------------------------------------------------------------
0	0.000000e+00	-3.58981e-12	
1	3.375000e-03	-3.94274e-12	
2	6.750000e-03	-4.35005e-12	
3	1.012500e-02	-4.79944e-12	
4	1.350000e-02	-5.29525e-12	
5	1.687500e-02	-5.84228e-12	
6	2.025000e-02	-6.44582e-12	
7	2.362500e-02	-7.11171e-12	
8	2.700000e-02	-7.84639e-12	
9	3.037500e-02	-8.65695e-12	
10	3.375000e-02	-9.55125e-12	
11	3.712500e-02	-1.05379e-11	
12	4.050000e-02	-1.16265e-11	
13	4.387500e-02	-1.28275e-11	
14	4.725000e-02	-1.41526e-11	
15	5.062500e-02	-1.56146e-11	
16	5.400000e-02	-1.72276e-11	
17	5.737500e-02	-1.90071e-11	
18	6.075000e-02	-2.09705e-11	
19	6.412500e-02	-2.31367e-11	
20	6.750000e-02	-2.55265e-11	
21	7.087500e-02	-2.81632e-11	
22	7.425000e-02	-3.10722e-11	
23	7.762500e-02	-3.42816e-11	
24	8.100000e-02	-3.78224e-11	
25	8.437500e-02	-4.17288e-11	
26	8.775000e-02	-4.60386e-11	
27	9.112500e-02	-5.07933e-11	
28	9.450000e-02	-5.60390e-11	
29	9.787500e-02	-6.18261e-11	
30	1.012500e-01	-6.82107e-11	
31	1.046250e-01	-7.52543e-11	
32	1.080000e-01	-8.30248e-11	
33	1.113750e-01	-9.15973e-11	
34	1.147500e-01	-1.01054e-10	
35	1.181250e-01	-1.11487e-10	
36	1.215000e-01	-1.22996e-10	
37	1.248750e-01	-1.35692e-10	
38	1.282500e-01	-1.49698e-10	
39	1.316250e-01	-1.65147e-10	
40	1.350000e-01	-1.82189e-10	
41	1.383750e-01	-2.00988e-10	
42	1.417500e-01	-2.21724e-10	
43	1.451250e-01	-2.44596e-10	
44	1.485000e-01	-2.69823e-10	
45	1.518750e-01	-2.98994e-10	
46	1.552500e-01	-3.29820e-10	
47	1.586250e-01	-3.63817e-10	
48	1.620000e-01	-4.01310e-10	
49	1.653750e-01	-4.42656e-10	
50	1.687500e-01	-4.88248e-10	
51	1.721250e-01	-5.38521e-10	
52	1.755000e-01	-5.93952e-10	
53	1.788750e-01	-6.55065e-10	
54	1.822500e-01	-7.22438e-10	

Index   v-sweep         vd#branch       
--------------------------------------------------------------------------------
55	1.856250e-01	-7.96706e-10	
56	1.890000e-01	-8.78568e-10	
57	1.923750e-01	-9.68791e-10	
58	1.957500e-01	-1.06822e-09	
59	1.991250e-01	-1.17778e-09	
60	2.025000e-01	-1.29848e-09	
61	2.058750e-01	-1.43145e-09	
62	2.092500e-01	-1.57790e-09	
63	2.126250e-01	-1.73917e-09	
64	2.160000e-01	-1.91674e-09	
65	2.193750e-01	-2.11220e-09	
66	2.227500e-01	-2.32731e-09	
67	2.261250e-01	-2.56398e-09	
68	2.295000e-01	-2.82431e-09	
69	2.328750e-01	-3.11057e-09	
70	2.362500e-01	-3.42525e-09	
71	2.396250e-01	-3.77103e-09	
72	2.430000e-01	-4.15085e-09	
73	2.463750e-01	-4.56787e-09	
74	2.497500e-01	-5.02553e-09	
75	2.531250e-01	-5.52753e-09	
76	2.565000e-01	-6.07786e-09	
77	2.598750e-01	-6.68081e-09	
78	2.632500e-01	-7.34099e-09	
79	2.666250e-01	-8.06332e-09	
80	2.700000e-01	-8.85305e-09	
81	2.733750e-01	-9.71576e-09	
82	2.767500e-01	-1.06574e-08	
83	2.801250e-01	-1.16841e-08	
84	2.835000e-01	-1.28026e-08	
85	2.868750e-01	-1.40197e-08	
86	2.902500e-01	-1.53425e-08	
87	2.936250e-01	-1.67785e-08	
88	2.970000e-01	-1.83354e-08	
89	3.003750e-01	-2.00211e-08	
90	3.037500e-01	-2.18436e-08	
91	3.071250e-01	-2.38111e-08	
92	3.105000e-01	-2.59317e-08	
93	3.138750e-01	-2.82138e-08	
94	3.172500e-01	-3.06654e-08	
95	3.206250e-01	-3.32946e-08	
96	3.240000e-01	-3.61092e-08	
97	3.273750e-01	-3.91168e-08	
98	3.307500e-01	-4.23249e-08	
99	3.341250e-01	-4.57401e-08	
100	3.375000e-01	-4.93692e-08	
101	3.408750e-01	-5.32182e-08	
102	3.442500e-01	-5.72926e-08	
103	3.476250e-01	-6.15977e-08	
104	3.510000e-01	-6.61379e-08	
105	3.543750e-01	-7.09176e-08	
106	3.577500e-01	-7.59402e-08	
107	3.611250e-01	-8.12089e-08	
108	3.645000e-01	-8.67265e-08	
109	3.678750e-01	-9.24950e-08	
110	3.712500e-01	-9.85164e-08	
111	3.746250e-01	-1.04792e-07	
112	3.780000e-01	-1.11323e-07	

Index   v-sweep         vd#branch       
--------------------------------------------------------------------------------
113	3.813750e-01	-1.18109e-07	
114	3.847500e-01	-1.25152e-07	
115	3.881250e-01	-1.32323e-07	
116	3.915000e-01	-1.39878e-07	
117	3.948750e-01	-1.47689e-07	
118	3.982500e-01	-1.55753e-07	
119	4.016250e-01	-1.64071e-07	
120	4.050000e-01	-1.72641e-07	
121	4.083750e-01	-1.81461e-07	
122	4.117500e-01	-1.90530e-07	
123	4.151250e-01	-1.99844e-07	
124	4.185000e-01	-2.09403e-07	
125	4.218750e-01	-2.19203e-07	
126	4.252500e-01	-2.29243e-07	
127	4.286250e-01	-2.39518e-07	
128	4.320000e-01	-2.50028e-07	
129	4.353750e-01	-2.60767e-07	
130	4.387500e-01	-2.71735e-07	
131	4.421250e-01	-2.82927e-07	
132	4.455000e-01	-2.94341e-07	
133	4.488750e-01	-3.05973e-07	
134	4.522500e-01	-3.17820e-07	
135	4.556250e-01	-3.29880e-07	
136	4.590000e-01	-3.42149e-07	
137	4.623750e-01	-3.54623e-07	
138	4.657500e-01	-3.67301e-07	
139	4.691250e-01	-3.80178e-07	
140	4.725000e-01	-3.93252e-07	
141	4.758750e-01	-4.06520e-07	
142	4.792500e-01	-4.19979e-07	
143	4.826250e-01	-4.33627e-07	
144	4.860000e-01	-4.47460e-07	
145	4.893750e-01	-4.61476e-07	
146	4.927500e-01	-4.75672e-07	
147	4.961250e-01	-4.90046e-07	
148	4.995000e-01	-5.04595e-07	
149	5.028750e-01	-5.19316e-07	
150	5.062500e-01	-5.34208e-07	
151	5.096250e-01	-5.49267e-07	
152	5.130000e-01	-5.64491e-07	
153	5.163750e-01	-5.79879e-07	
154	5.197500e-01	-5.95427e-07	
155	5.231250e-01	-6.11134e-07	
156	5.265000e-01	-6.26996e-07	
157	5.298750e-01	-6.43013e-07	
158	5.332500e-01	-6.59181e-07	
159	5.366250e-01	-6.75498e-07	
160	5.400000e-01	-6.91963e-07	
161	5.433750e-01	-7.08572e-07	
162	5.467500e-01	-7.25324e-07	
163	5.501250e-01	-7.42216e-07	
164	5.535000e-01	-7.59247e-07	
165	5.568750e-01	-7.76413e-07	
166	5.602500e-01	-7.93714e-07	
167	5.636250e-01	-8.11146e-07	
168	5.670000e-01	-8.28707e-07	
169	5.703750e-01	-8.46395e-07	
170	5.737500e-01	-8.64209e-07	

Index   v-sweep         vd#branch       
--------------------------------------------------------------------------------
171	5.771250e-01	-8.82145e-07	
172	5.805000e-01	-9.00202e-07	
173	5.838750e-01	-9.18378e-07	
174	5.872500e-01	-9.36670e-07	
175	5.906250e-01	-9.55077e-07	
176	5.940000e-01	-9.73596e-07	
177	5.973750e-01	-9.92225e-07	
178	6.007500e-01	-1.01096e-06	
179	6.041250e-01	-1.02980e-06	
180	6.075000e-01	-1.04875e-06	
181	6.108750e-01	-1.06780e-06	
182	6.142500e-01	-1.08695e-06	
183	6.176250e-01	-1.10620e-06	
184	6.210000e-01	-1.12554e-06	
185	6.243750e-01	-1.14498e-06	
186	6.277500e-01	-1.16451e-06	
187	6.311250e-01	-1.18413e-06	
188	6.345000e-01	-1.20384e-06	
189	6.378750e-01	-1.22364e-06	
190	6.412500e-01	-1.24353e-06	
191	6.446250e-01	-1.26349e-06	
192	6.480000e-01	-1.28354e-06	
193	6.513750e-01	-1.30367e-06	
194	6.547500e-01	-1.32388e-06	
195	6.581250e-01	-1.34416e-06	
196	6.615000e-01	-1.36453e-06	
197	6.648750e-01	-1.38496e-06	
198	6.682500e-01	-1.40547e-06	
199	6.716250e-01	-1.42605e-06	
200	6.750000e-01	-1.44669e-06	


Total analysis time (seconds) = 0.0133674

Total elapsed time (seconds) = 0.019 

Total DRAM available = 386307.215 MB.
DRAM currently available = 8396.578 MB.
Maximum ngspice program size =  529.719 MB.
Current ngspice program size =   14.109 MB.

Shared ngspice pages =   12.352 MB.
Text (code) pages =    6.266 MB.
Stack = 0 bytes.
Library pages =   59.137 MB.

