
Note: No compatibility mode selected!


Circuit: * 1t1c ccell=10.0ff

Doing analysis at TEMP = 27.000000 and TNOM = 27.000000

Using SPARSE 1.3 as Direct Linear Solver

Initial Transient Solution
--------------------------

Node                                   Voltage
----                                   -------
pre                                       0.45
bl                                        0.45
wl                                           0
plate                                        0
s                                            0
cell                                         0
vs#branch                                    0
vpl#branch                                   0
vwl#branch                                   0
vpre#branch                                  0


No. of Data Rows : 832

  Measurements for Transient Analysis

t_write             =  1.90072e-09
t_read              =  2.26533e-08
i_hold              =  -3.16521e-11 from=  2.50000e-08 to=  3.50250e-08
q_read              =   2.85374e-18 from=  1.20000e-08 to=  2.20000e-08

                              * 1t1c ccell=10.0ff
                              Transient Analysis  Tue Jun 23 23:53:13  2026
--------------------------------------------------------------------------------
Index   time            v(cell)         v(bl)           vpre#branch     
--------------------------------------------------------------------------------
0	0.000000e+00	0.000000e+00	4.500000e-01	0.000000e+00	
1	5.000000e-13	9.131917e-13	4.500000e-01	-1.24737e-17	
2	1.000000e-12	1.826331e-12	4.500000e-01	-2.39551e-17	
3	2.000000e-12	3.652600e-12	4.500000e-01	-4.69033e-17	
4	4.000000e-12	7.305137e-12	4.500000e-01	-9.27132e-17	
5	8.000000e-12	1.461021e-11	4.500000e-01	-1.83988e-16	
6	1.600000e-11	2.922036e-11	4.500000e-01	-3.65167e-16	
7	3.200000e-11	5.844066e-11	4.499999e-01	-7.22110e-16	
8	6.400000e-11	1.168812e-10	4.499999e-01	-1.41487e-15	
9	1.140000e-10	2.081946e-10	4.499998e-01	-2.44317e-15	
10	1.640000e-10	2.995080e-10	4.499997e-01	-3.40877e-15	
11	2.140000e-10	3.908213e-10	4.499996e-01	-4.31548e-15	
12	2.640000e-10	4.821347e-10	4.499995e-01	-5.16689e-15	
13	3.140000e-10	5.734480e-10	4.499994e-01	-5.96639e-15	
14	3.640000e-10	6.647613e-10	4.499993e-01	-6.71713e-15	
15	4.140000e-10	7.560745e-10	4.499993e-01	-7.42209e-15	
16	4.640000e-10	8.473878e-10	4.499992e-01	-8.08405e-15	
17	5.140000e-10	9.387010e-10	4.499991e-01	-8.70565e-15	
18	5.640000e-10	1.030014e-09	4.499991e-01	-9.28934e-15	
19	6.140000e-10	1.121327e-09	4.499990e-01	-9.83744e-15	
20	6.640000e-10	1.212641e-09	4.499990e-01	-1.03521e-14	
21	7.140000e-10	1.303954e-09	4.499989e-01	-1.08354e-14	
22	7.640000e-10	1.395267e-09	4.499989e-01	-1.12892e-14	
23	8.140000e-10	1.486580e-09	4.499988e-01	-1.17154e-14	
24	8.640000e-10	1.577893e-09	4.499988e-01	-1.21155e-14	
25	9.140000e-10	1.669206e-09	4.499988e-01	-1.24913e-14	
26	9.570000e-10	1.747736e-09	4.499987e-01	-1.27960e-14	
27	1.000000e-09	1.826265e-09	4.499987e-01	-1.30847e-14	
28	1.005000e-09	4.496458e-03	4.499987e-01	-1.31034e-14	
29	1.015000e-09	1.348931e-02	4.499987e-01	-1.31166e-14	
30	1.035000e-09	3.147501e-02	4.499987e-01	-1.30223e-14	
31	1.075000e-09	6.744642e-02	4.499987e-01	-1.25429e-14	
32	1.125000e-09	1.124107e-01	4.499988e-01	-1.17596e-14	
33	1.175000e-09	1.573749e-01	4.499989e-01	-1.10150e-14	
34	1.225000e-09	2.023392e-01	4.499990e-01	-1.03352e-14	
35	1.275000e-09	2.473035e-01	4.499990e-01	-9.70257e-15	
36	1.325000e-09	2.922677e-01	4.499991e-01	-9.11019e-15	
37	1.375000e-09	3.372320e-01	4.499991e-01	-8.55480e-15	
38	1.425000e-09	3.821962e-01	4.499992e-01	-8.03372e-15	
39	1.475000e-09	4.271605e-01	4.499992e-01	-7.54436e-15	
40	1.525000e-09	4.721248e-01	4.499993e-01	-7.08473e-15	
41	1.575000e-09	5.170890e-01	4.499993e-01	-6.65254e-15	
42	1.625000e-09	5.620533e-01	4.499994e-01	-6.24620e-15	
43	1.675000e-09	6.070175e-01	4.499994e-01	-5.86463e-15	
44	1.725000e-09	6.519818e-01	4.499994e-01	-5.50630e-15	
45	1.775000e-09	6.969461e-01	4.499995e-01	-5.16979e-15	
46	1.825000e-09	7.419103e-01	4.499995e-01	-4.85377e-15	
47	1.875000e-09	7.868746e-01	4.499995e-01	-4.55699e-15	
48	1.925000e-09	8.318388e-01	4.499996e-01	-4.27829e-15	
49	1.962500e-09	8.655620e-01	4.499996e-01	-4.08048e-15	
50	2.000000e-09	8.992852e-01	4.499996e-01	-3.89178e-15	
51	2.005000e-09	8.992852e-01	4.499996e-01	-3.86736e-15	
52	2.015000e-09	8.992852e-01	4.499996e-01	-3.81884e-15	
53	2.035000e-09	8.992852e-01	4.499996e-01	-3.72360e-15	
54	2.075000e-09	8.992852e-01	4.499996e-01	-3.54014e-15	

Index   time            v(cell)         v(bl)           vpre#branch     
--------------------------------------------------------------------------------
55	2.125000e-09	8.992852e-01	4.499997e-01	-3.32339e-15	
56	2.175000e-09	8.992852e-01	4.499997e-01	-3.11986e-15	
57	2.225000e-09	8.992852e-01	4.499997e-01	-2.92875e-15	
58	2.275000e-09	8.992852e-01	4.499997e-01	-2.74928e-15	
59	2.325000e-09	8.992852e-01	4.499997e-01	-2.58077e-15	
60	2.375000e-09	8.992852e-01	4.499998e-01	-2.42253e-15	
61	2.425000e-09	8.992852e-01	4.499998e-01	-2.27393e-15	
62	2.475000e-09	8.992852e-01	4.499998e-01	-2.13440e-15	
63	2.525000e-09	8.992852e-01	4.499998e-01	-2.00338e-15	
64	2.575000e-09	8.992852e-01	4.499998e-01	-1.88035e-15	
65	2.625000e-09	8.992852e-01	4.499998e-01	-1.76482e-15	
66	2.675000e-09	8.992852e-01	4.499998e-01	-1.65634e-15	
67	2.725000e-09	8.992852e-01	4.499998e-01	-1.55447e-15	
68	2.775000e-09	8.992852e-01	4.499999e-01	-1.45882e-15	
69	2.825000e-09	8.992852e-01	4.499999e-01	-1.36900e-15	
70	2.875000e-09	8.992852e-01	4.499999e-01	-1.28465e-15	
71	2.925000e-09	8.992852e-01	4.499999e-01	-1.20545e-15	
72	2.975000e-09	8.992852e-01	4.499999e-01	-1.13108e-15	
73	3.025000e-09	8.992852e-01	4.499999e-01	-1.06124e-15	
74	3.075000e-09	8.992852e-01	4.499999e-01	-9.95667e-16	
75	3.125000e-09	8.992852e-01	4.499999e-01	-9.34089e-16	
76	3.175000e-09	8.992852e-01	4.499999e-01	-8.76266e-16	
77	3.225000e-09	8.992852e-01	4.499999e-01	-8.21969e-16	
78	3.275000e-09	8.992852e-01	4.499999e-01	-7.70984e-16	
79	3.325000e-09	8.992852e-01	4.499999e-01	-7.23108e-16	
80	3.375000e-09	8.992852e-01	4.499999e-01	-6.78151e-16	
81	3.425000e-09	8.992852e-01	4.499999e-01	-6.35936e-16	
82	3.475000e-09	8.992852e-01	4.499999e-01	-5.96295e-16	
83	3.525000e-09	8.992852e-01	4.499999e-01	-5.59072e-16	
84	3.575000e-09	8.992852e-01	4.499999e-01	-5.24118e-16	
85	3.625000e-09	8.992852e-01	4.500000e-01	-4.91296e-16	
86	3.675000e-09	8.992852e-01	4.500000e-01	-4.60476e-16	
87	3.725000e-09	8.992852e-01	4.500000e-01	-4.31535e-16	
88	3.775000e-09	8.992852e-01	4.500000e-01	-4.04359e-16	
89	3.825000e-09	8.992852e-01	4.500000e-01	-3.78841e-16	
90	3.875000e-09	8.992852e-01	4.500000e-01	-3.54878e-16	
91	3.925000e-09	8.992852e-01	4.500000e-01	-3.32377e-16	
92	3.975000e-09	8.992852e-01	4.500000e-01	-3.11248e-16	
93	4.025000e-09	8.992852e-01	4.500000e-01	-2.91407e-16	
94	4.075000e-09	8.992852e-01	4.500000e-01	-2.72777e-16	
95	4.125000e-09	8.992852e-01	4.500000e-01	-2.55282e-16	
96	4.175000e-09	8.992852e-01	4.500000e-01	-2.38854e-16	
97	4.225000e-09	8.992852e-01	4.500000e-01	-2.23429e-16	
98	4.275000e-09	8.992852e-01	4.500000e-01	-2.08943e-16	
99	4.325000e-09	8.992852e-01	4.500000e-01	-1.95342e-16	
100	4.375000e-09	8.992852e-01	4.500000e-01	-1.82569e-16	
101	4.425000e-09	8.992852e-01	4.500000e-01	-1.70576e-16	
102	4.475000e-09	8.992852e-01	4.500000e-01	-1.59314e-16	
103	4.525000e-09	8.992852e-01	4.500000e-01	-1.48739e-16	
104	4.575000e-09	8.992852e-01	4.500000e-01	-1.38809e-16	
105	4.625000e-09	8.992852e-01	4.500000e-01	-1.29484e-16	
106	4.675000e-09	8.992852e-01	4.500000e-01	-1.20728e-16	
107	4.725000e-09	8.992852e-01	4.500000e-01	-1.12506e-16	
108	4.775000e-09	8.992852e-01	4.500000e-01	-1.04785e-16	
109	4.825000e-09	8.992852e-01	4.500000e-01	-9.75349e-17	
110	4.875000e-09	8.992852e-01	4.500000e-01	-9.07270e-17	
111	4.925000e-09	8.992852e-01	4.500000e-01	-8.43344e-17	
112	4.975000e-09	8.992852e-01	4.500000e-01	-7.83315e-17	

Index   time            v(cell)         v(bl)           vpre#branch     
--------------------------------------------------------------------------------
113	5.025000e-09	8.992852e-01	4.500000e-01	-7.26947e-17	
114	5.075000e-09	8.992852e-01	4.500000e-01	-6.74017e-17	
115	5.125000e-09	8.992852e-01	4.500000e-01	-6.24314e-17	
116	5.175000e-09	8.992852e-01	4.500000e-01	-5.77643e-17	
117	5.225000e-09	8.992852e-01	4.500000e-01	-5.33817e-17	
118	5.275000e-09	8.992852e-01	4.500000e-01	-4.92665e-17	
119	5.325000e-09	8.992852e-01	4.500000e-01	-4.54021e-17	
120	5.375000e-09	8.992852e-01	4.500000e-01	-4.17735e-17	
121	5.425000e-09	8.992852e-01	4.500000e-01	-3.83661e-17	
122	5.475000e-09	8.992852e-01	4.500000e-01	-3.51665e-17	
123	5.525000e-09	8.992852e-01	4.500000e-01	-3.21620e-17	
124	5.575000e-09	8.992852e-01	4.500000e-01	-2.93408e-17	
125	5.625000e-09	8.992852e-01	4.500000e-01	-2.66915e-17	
126	5.675000e-09	8.992852e-01	4.500000e-01	-2.42039e-17	
127	5.725000e-09	8.992852e-01	4.500000e-01	-2.18679e-17	
128	5.775000e-09	8.992852e-01	4.500000e-01	-1.96744e-17	
129	5.825000e-09	8.992852e-01	4.500000e-01	-1.76147e-17	
130	5.875000e-09	8.992852e-01	4.500000e-01	-1.56806e-17	
131	5.925000e-09	8.992852e-01	4.500000e-01	-1.38644e-17	
132	5.975000e-09	8.992852e-01	4.500000e-01	-1.21594e-17	
133	6.025000e-09	8.992852e-01	4.500000e-01	-1.05584e-17	
134	6.075000e-09	8.992852e-01	4.500000e-01	-9.05454e-18	
135	6.125000e-09	8.992852e-01	4.500000e-01	-7.64243e-18	
136	6.175000e-09	8.992852e-01	4.500000e-01	-6.31644e-18	
137	6.225000e-09	8.992852e-01	4.500000e-01	-5.07130e-18	
138	6.275000e-09	8.992852e-01	4.500000e-01	-3.90210e-18	
139	6.325000e-09	8.992852e-01	4.500000e-01	-2.80420e-18	
140	6.375000e-09	8.992852e-01	4.500000e-01	-1.77325e-18	
141	6.425000e-09	8.992852e-01	4.500000e-01	-8.05174e-19	
142	6.475000e-09	8.992852e-01	4.500000e-01	1.038682e-19	
143	6.525000e-09	8.992852e-01	4.500000e-01	9.574731e-19	
144	6.575000e-09	8.992852e-01	4.500000e-01	1.759023e-18	
145	6.625000e-09	8.992852e-01	4.500000e-01	2.511694e-18	
146	6.675000e-09	8.992852e-01	4.500000e-01	3.218464e-18	
147	6.725000e-09	8.992852e-01	4.500000e-01	3.882135e-18	
148	6.775000e-09	8.992852e-01	4.500000e-01	4.505335e-18	
149	6.825000e-09	8.992852e-01	4.500000e-01	5.090532e-18	
150	6.875000e-09	8.992852e-01	4.500000e-01	5.639627e-18	
151	6.925000e-09	8.992852e-01	4.500000e-01	6.155238e-18	
152	6.962500e-09	8.992852e-01	4.500000e-01	6.521193e-18	
153	7.000000e-09	8.992852e-01	4.500000e-01	6.870242e-18	
154	7.005000e-09	8.768029e-01	4.500000e-01	6.914147e-18	
155	7.015000e-09	8.318386e-01	4.500000e-01	6.998739e-18	
156	7.035000e-09	7.419101e-01	4.500000e-01	7.148753e-18	
157	7.067500e-09	5.957763e-01	4.500000e-01	7.336690e-18	
158	7.100000e-09	4.496424e-01	4.500000e-01	7.443787e-18	
159	7.105000e-09	4.496426e-01	4.500000e-01	7.393124e-18	
160	7.115000e-09	4.496426e-01	4.500000e-01	7.292435e-18	
161	7.135000e-09	4.496426e-01	4.500000e-01	7.094902e-18	
162	7.175000e-09	4.496426e-01	4.500000e-01	6.714650e-18	
163	7.225000e-09	4.496426e-01	4.500000e-01	6.265164e-18	
164	7.275000e-09	4.496426e-01	4.500000e-01	5.842525e-18	
165	7.325000e-09	4.496426e-01	4.500000e-01	5.445658e-18	
166	7.375000e-09	4.496426e-01	4.500000e-01	5.072993e-18	
167	7.425000e-09	4.496426e-01	4.500000e-01	4.723466e-18	
168	7.475000e-09	4.496426e-01	4.500000e-01	4.395257e-18	
169	7.525000e-09	4.496426e-01	4.500000e-01	4.086648e-18	
170	7.575000e-09	4.496426e-01	4.500000e-01	3.797271e-18	

Index   time            v(cell)         v(bl)           vpre#branch     
--------------------------------------------------------------------------------
171	7.625000e-09	4.496426e-01	4.500000e-01	3.525542e-18	
172	7.675000e-09	4.496426e-01	4.500000e-01	3.270383e-18	
173	7.725000e-09	4.496426e-01	4.500000e-01	3.030785e-18	
174	7.775000e-09	4.496426e-01	4.500000e-01	2.805801e-18	
175	7.825000e-09	4.496426e-01	4.500000e-01	2.594947e-18	
176	7.875000e-09	4.496426e-01	4.500000e-01	2.396951e-18	
177	7.925000e-09	4.496426e-01	4.500000e-01	2.210616e-18	
178	7.975000e-09	4.496426e-01	4.500000e-01	2.035646e-18	
179	8.025000e-09	4.496426e-01	4.500000e-01	1.871344e-18	
180	8.075000e-09	4.496426e-01	4.500000e-01	1.716651e-18	
181	8.125000e-09	4.496426e-01	4.500000e-01	1.571390e-18	
182	8.175000e-09	4.496426e-01	4.500000e-01	1.434986e-18	
183	8.225000e-09	4.496426e-01	4.500000e-01	1.307314e-18	
184	8.275000e-09	4.496426e-01	4.500000e-01	1.187428e-18	
185	8.325000e-09	4.496426e-01	4.500000e-01	1.074853e-18	
186	8.375000e-09	4.496426e-01	4.500000e-01	9.695574e-19	
187	8.425000e-09	4.496426e-01	4.500000e-01	8.702693e-19	
188	8.475000e-09	4.496426e-01	4.500000e-01	7.766250e-19	
189	8.525000e-09	4.496426e-01	4.500000e-01	6.886882e-19	
190	8.575000e-09	4.496426e-01	4.500000e-01	6.065302e-19	
191	8.625000e-09	4.496426e-01	4.500000e-01	5.293807e-19	
192	8.675000e-09	4.496426e-01	4.500000e-01	4.565235e-19	
193	8.725000e-09	4.496426e-01	4.500000e-01	3.885218e-19	
194	8.775000e-09	4.496426e-01	4.500000e-01	3.250795e-19	
195	8.825000e-09	4.496426e-01	4.500000e-01	2.650915e-19	
196	8.875000e-09	4.496426e-01	4.500000e-01	2.087638e-19	
197	8.925000e-09	4.496426e-01	4.500000e-01	1.562850e-19	
198	8.975000e-09	4.496426e-01	4.500000e-01	1.070090e-19	
199	9.025000e-09	4.496426e-01	4.500000e-01	6.031966e-20	
200	9.075000e-09	4.496426e-01	4.500000e-01	1.606633e-20	
201	9.125000e-09	4.496426e-01	4.500000e-01	-2.54879e-20	
202	9.175000e-09	4.496426e-01	4.500000e-01	-6.40941e-20	
203	9.225000e-09	4.496426e-01	4.500000e-01	-9.99367e-20	
204	9.275000e-09	4.496426e-01	4.500000e-01	-1.34002e-19	
205	9.325000e-09	4.496426e-01	4.500000e-01	-1.66406e-19	
206	9.375000e-09	4.496426e-01	4.500000e-01	-1.96832e-19	
207	9.425000e-09	4.496426e-01	4.500000e-01	-2.24990e-19	
208	9.475000e-09	4.496426e-01	4.500000e-01	-2.51016e-19	
209	9.525000e-09	4.496426e-01	4.500000e-01	-2.75872e-19	
210	9.575000e-09	4.496426e-01	4.500000e-01	-2.99626e-19	
211	9.625000e-09	4.496426e-01	4.500000e-01	-3.21931e-19	
212	9.675000e-09	4.496426e-01	4.500000e-01	-3.42460e-19	
213	9.725000e-09	4.496426e-01	4.500000e-01	-3.61739e-19	
214	9.775000e-09	4.496426e-01	4.500000e-01	-3.79842e-19	
215	9.825000e-09	4.496426e-01	4.500000e-01	-3.96425e-19	
216	9.875000e-09	4.496426e-01	4.500000e-01	-4.12000e-19	
217	9.925000e-09	4.496426e-01	4.500000e-01	-4.26583e-19	
218	9.975000e-09	4.496426e-01	4.500000e-01	-4.40276e-19	
219	1.002500e-08	4.496426e-01	4.500000e-01	-4.53549e-19	
220	1.007500e-08	4.496426e-01	4.500000e-01	-4.66425e-19	
221	1.012500e-08	4.496426e-01	4.500000e-01	-4.78101e-19	
222	1.017500e-08	4.496426e-01	4.500000e-01	-4.88695e-19	
223	1.022500e-08	4.496426e-01	4.500000e-01	-4.98642e-19	
224	1.027500e-08	4.496426e-01	4.500000e-01	-5.07982e-19	
225	1.032500e-08	4.496426e-01	4.500000e-01	-5.16751e-19	
226	1.037500e-08	4.496426e-01	4.500000e-01	-5.24985e-19	
227	1.042500e-08	4.496426e-01	4.500000e-01	-5.32716e-19	
228	1.047500e-08	4.496426e-01	4.500000e-01	-5.40390e-19	

Index   time            v(cell)         v(bl)           vpre#branch     
--------------------------------------------------------------------------------
229	1.052500e-08	4.496426e-01	4.500000e-01	-5.47599e-19	
230	1.057500e-08	4.496426e-01	4.500000e-01	-5.54366e-19	
231	1.062500e-08	4.496426e-01	4.500000e-01	-5.60722e-19	
232	1.067500e-08	4.496426e-01	4.500000e-01	-5.66275e-19	
233	1.072500e-08	4.496426e-01	4.500000e-01	-5.71904e-19	
234	1.077500e-08	4.496426e-01	4.500000e-01	-5.77603e-19	
235	1.082500e-08	4.496426e-01	4.500000e-01	-5.82953e-19	
236	1.087500e-08	4.496426e-01	4.500000e-01	-5.87564e-19	
237	1.092500e-08	4.496426e-01	4.500000e-01	-5.91480e-19	
238	1.096250e-08	4.496426e-01	4.500000e-01	-5.94277e-19	
239	1.100000e-08	4.496426e-01	4.500000e-01	-5.97265e-19	
240	1.100500e-08	4.496461e-01	4.544716e-01	4.471631e-11	
241	1.101500e-08	4.496533e-01	4.633590e-01	1.335899e-10	
242	1.103500e-08	4.496676e-01	4.808025e-01	3.080247e-10	
243	1.107500e-08	4.496962e-01	5.144051e-01	6.440509e-10	
244	1.112500e-08	4.497319e-01	5.541031e-01	1.041031e-09	
245	1.117500e-08	4.497677e-01	5.913802e-01	1.413802e-09	
246	1.122500e-08	4.498034e-01	6.263840e-01	1.763840e-09	
247	1.127500e-08	4.498391e-01	6.592532e-01	2.092532e-09	
248	1.132500e-08	4.498749e-01	6.901180e-01	2.401180e-09	
249	1.137500e-08	4.499106e-01	7.191006e-01	2.691006e-09	
250	1.142500e-08	4.499464e-01	7.463158e-01	2.963158e-09	
251	1.147500e-08	4.499821e-01	7.718713e-01	3.218713e-09	
252	1.152500e-08	4.500178e-01	7.958683e-01	3.458683e-09	
253	1.157500e-08	4.500536e-01	8.184018e-01	3.684018e-09	
254	1.162500e-08	4.500893e-01	8.395606e-01	3.895606e-09	
255	1.167500e-08	4.501251e-01	8.594277e-01	4.094277e-09	
256	1.172500e-08	4.501608e-01	8.780785e-01	4.280785e-09	
257	1.177500e-08	4.501966e-01	8.955770e-01	4.455770e-09	
258	1.182500e-08	4.502324e-01	9.119612e-01	4.619612e-09	
259	1.187500e-08	4.502683e-01	9.271234e-01	4.771234e-09	
260	1.192500e-08	4.503049e-01	9.406698e-01	4.906698e-09	
261	1.196250e-08	4.503332e-01	9.491582e-01	4.991582e-09	
262	1.200000e-08	4.503636e-01	9.548102e-01	5.048102e-09	
263	1.200500e-08	4.503642e-01	9.508429e-01	5.008429e-09	
264	1.201500e-08	4.503655e-01	9.429702e-01	4.929702e-09	
265	1.203500e-08	4.503680e-01	9.275901e-01	4.775901e-09	
266	1.207500e-08	4.503729e-01	8.982290e-01	4.482290e-09	
267	1.212500e-08	4.503785e-01	8.639939e-01	4.139939e-09	
268	1.217500e-08	4.503838e-01	8.322884e-01	3.822884e-09	
269	1.222500e-08	4.503888e-01	8.029033e-01	3.529033e-09	
270	1.227500e-08	4.503935e-01	7.756527e-01	3.256527e-09	
271	1.232500e-08	4.503979e-01	7.503684e-01	3.003684e-09	
272	1.237500e-08	4.504021e-01	7.268977e-01	2.768977e-09	
273	1.242500e-08	4.504062e-01	7.051015e-01	2.551015e-09	
274	1.247500e-08	4.504100e-01	6.848530e-01	2.348530e-09	
275	1.252500e-08	4.504137e-01	6.660364e-01	2.160364e-09	
276	1.257500e-08	4.504172e-01	6.485454e-01	1.985454e-09	
277	1.262500e-08	4.504206e-01	6.322826e-01	1.822826e-09	
278	1.267500e-08	4.504239e-01	6.171586e-01	1.671586e-09	
279	1.272500e-08	4.504271e-01	6.030909e-01	1.530909e-09	
280	1.277500e-08	4.504302e-01	5.900038e-01	1.400038e-09	
281	1.282500e-08	4.504331e-01	5.778275e-01	1.278275e-09	
282	1.287500e-08	4.504360e-01	5.664974e-01	1.164974e-09	
283	1.292500e-08	4.504389e-01	5.559541e-01	1.059541e-09	
284	1.297500e-08	4.504416e-01	5.461428e-01	9.614282e-10	
285	1.302500e-08	4.504443e-01	5.370129e-01	8.701285e-10	
286	1.307500e-08	4.504469e-01	5.285175e-01	7.851746e-10	

Index   time            v(cell)         v(bl)           vpre#branch     
--------------------------------------------------------------------------------
287	1.312500e-08	4.504494e-01	5.206135e-01	7.061354e-10	
288	1.317500e-08	4.504519e-01	5.132614e-01	6.326135e-10	
289	1.322500e-08	4.504544e-01	5.064243e-01	5.642430e-10	
290	1.327500e-08	4.504568e-01	5.000688e-01	5.006876e-10	
291	1.332500e-08	4.504591e-01	4.941639e-01	4.416388e-10	
292	1.337500e-08	4.504614e-01	4.886815e-01	3.868149e-10	
293	1.342500e-08	4.504636e-01	4.835960e-01	3.359598e-10	
294	1.347500e-08	4.504658e-01	4.788843e-01	2.888429e-10	
295	1.352500e-08	4.504679e-01	4.745259e-01	2.452594e-10	
296	1.357500e-08	4.504700e-01	4.705032e-01	2.050322e-10	
297	1.362500e-08	4.504720e-01	4.668016e-01	1.680161e-10	
298	1.367500e-08	4.504739e-01	4.634162e-01	1.341623e-10	
299	1.372500e-08	4.504758e-01	4.603456e-01	1.034557e-10	
300	1.377500e-08	4.504775e-01	4.575976e-01	7.597649e-11	
301	1.382500e-08	4.504791e-01	4.552187e-01	5.218728e-11	
302	1.387500e-08	4.504804e-01	4.533208e-01	3.320774e-11	
303	1.392500e-08	4.504813e-01	4.520163e-01	2.016287e-11	
304	1.397500e-08	4.504818e-01	4.512552e-01	1.255250e-11	
305	1.402500e-08	4.504821e-01	4.508514e-01	8.514419e-12	
306	1.407500e-08	4.504822e-01	4.506448e-01	6.447674e-12	
307	1.412500e-08	4.504823e-01	4.505414e-01	5.413671e-12	
308	1.417500e-08	4.504823e-01	4.504893e-01	4.892532e-12	
309	1.422500e-08	4.504823e-01	4.504630e-01	4.629537e-12	
310	1.427500e-08	4.504823e-01	4.504497e-01	4.496764e-12	
311	1.432500e-08	4.504822e-01	4.504430e-01	4.429676e-12	
312	1.437500e-08	4.504822e-01	4.504396e-01	4.395738e-12	
313	1.442500e-08	4.504822e-01	4.504379e-01	4.378514e-12	
314	1.447500e-08	4.504822e-01	4.504370e-01	4.369732e-12	
315	1.452500e-08	4.504822e-01	4.504365e-01	4.365199e-12	
316	1.457500e-08	4.504821e-01	4.504363e-01	4.362820e-12	
317	1.462500e-08	4.504821e-01	4.504362e-01	4.361517e-12	
318	1.467500e-08	4.504821e-01	4.504361e-01	4.360767e-12	
319	1.472500e-08	4.504821e-01	4.504360e-01	4.360287e-12	
320	1.477500e-08	4.504820e-01	4.504360e-01	4.359952e-12	
321	1.482500e-08	4.504820e-01	4.504360e-01	4.359680e-12	
322	1.487500e-08	4.504820e-01	4.504359e-01	4.359451e-12	
323	1.492500e-08	4.504820e-01	4.504359e-01	4.359233e-12	
324	1.497500e-08	4.504820e-01	4.504359e-01	4.359030e-12	
325	1.502500e-08	4.504819e-01	4.504359e-01	4.358826e-12	
326	1.507500e-08	4.504819e-01	4.504359e-01	4.358630e-12	
327	1.512500e-08	4.504819e-01	4.504358e-01	4.358429e-12	
328	1.517500e-08	4.504819e-01	4.504358e-01	4.358235e-12	
329	1.522500e-08	4.504819e-01	4.504358e-01	4.358035e-12	
330	1.527500e-08	4.504818e-01	4.504358e-01	4.357842e-12	
331	1.532500e-08	4.504818e-01	4.504358e-01	4.357642e-12	
332	1.537500e-08	4.504818e-01	4.504357e-01	4.357448e-12	
333	1.542500e-08	4.504818e-01	4.504357e-01	4.357249e-12	
334	1.547500e-08	4.504817e-01	4.504357e-01	4.357055e-12	
335	1.552500e-08	4.504817e-01	4.504357e-01	4.356856e-12	
336	1.557500e-08	4.504817e-01	4.504357e-01	4.356662e-12	
337	1.562500e-08	4.504817e-01	4.504356e-01	4.356463e-12	
338	1.567500e-08	4.504817e-01	4.504356e-01	4.356269e-12	
339	1.572500e-08	4.504816e-01	4.504356e-01	4.356070e-12	
340	1.577500e-08	4.504816e-01	4.504356e-01	4.355876e-12	
341	1.582500e-08	4.504816e-01	4.504356e-01	4.355677e-12	
342	1.587500e-08	4.504816e-01	4.504355e-01	4.355483e-12	
343	1.592500e-08	4.504815e-01	4.504355e-01	4.355284e-12	
344	1.597500e-08	4.504815e-01	4.504355e-01	4.355091e-12	

Index   time            v(cell)         v(bl)           vpre#branch     
--------------------------------------------------------------------------------
345	1.602500e-08	4.504815e-01	4.504355e-01	4.354891e-12	
346	1.607500e-08	4.504815e-01	4.504355e-01	4.354698e-12	
347	1.612500e-08	4.504815e-01	4.504354e-01	4.354498e-12	
348	1.617500e-08	4.504814e-01	4.504354e-01	4.354305e-12	
349	1.622500e-08	4.504814e-01	4.504354e-01	4.354105e-12	
350	1.627500e-08	4.504814e-01	4.504354e-01	4.353912e-12	
351	1.632500e-08	4.504814e-01	4.504354e-01	4.353713e-12	
352	1.637500e-08	4.504814e-01	4.504354e-01	4.353519e-12	
353	1.642500e-08	4.504813e-01	4.504353e-01	4.353320e-12	
354	1.647500e-08	4.504813e-01	4.504353e-01	4.353127e-12	
355	1.652500e-08	4.504813e-01	4.504353e-01	4.352927e-12	
356	1.657500e-08	4.504813e-01	4.504353e-01	4.352734e-12	
357	1.662500e-08	4.504812e-01	4.504353e-01	4.352535e-12	
358	1.667500e-08	4.504812e-01	4.504352e-01	4.352341e-12	
359	1.672500e-08	4.504812e-01	4.504352e-01	4.352142e-12	
360	1.677500e-08	4.504812e-01	4.504352e-01	4.351949e-12	
361	1.682500e-08	4.504812e-01	4.504352e-01	4.351749e-12	
362	1.687500e-08	4.504811e-01	4.504352e-01	4.351556e-12	
363	1.692500e-08	4.504811e-01	4.504351e-01	4.351357e-12	
364	1.697500e-08	4.504811e-01	4.504351e-01	4.351164e-12	
365	1.702500e-08	4.504811e-01	4.504351e-01	4.350964e-12	
366	1.707500e-08	4.504810e-01	4.504351e-01	4.350771e-12	
367	1.712500e-08	4.504810e-01	4.504351e-01	4.350572e-12	
368	1.717500e-08	4.504810e-01	4.504350e-01	4.350379e-12	
369	1.722500e-08	4.504810e-01	4.504350e-01	4.350180e-12	
370	1.727500e-08	4.504810e-01	4.504350e-01	4.349986e-12	
371	1.732500e-08	4.504809e-01	4.504350e-01	4.349787e-12	
372	1.737500e-08	4.504809e-01	4.504350e-01	4.349594e-12	
373	1.742500e-08	4.504809e-01	4.504349e-01	4.349395e-12	
374	1.747500e-08	4.504809e-01	4.504349e-01	4.349201e-12	
375	1.752500e-08	4.504809e-01	4.504349e-01	4.349003e-12	
376	1.757500e-08	4.504808e-01	4.504349e-01	4.348809e-12	
377	1.762500e-08	4.504808e-01	4.504349e-01	4.348610e-12	
378	1.767500e-08	4.504808e-01	4.504348e-01	4.348417e-12	
379	1.772500e-08	4.504808e-01	4.504348e-01	4.348218e-12	
380	1.777500e-08	4.504807e-01	4.504348e-01	4.348025e-12	
381	1.782500e-08	4.504807e-01	4.504348e-01	4.347826e-12	
382	1.787500e-08	4.504807e-01	4.504348e-01	4.347632e-12	
383	1.792500e-08	4.504807e-01	4.504347e-01	4.347434e-12	
384	1.797500e-08	4.504807e-01	4.504347e-01	4.347240e-12	
385	1.802500e-08	4.504806e-01	4.504347e-01	4.347041e-12	
386	1.807500e-08	4.504806e-01	4.504347e-01	4.346848e-12	
387	1.812500e-08	4.504806e-01	4.504347e-01	4.346649e-12	
388	1.817500e-08	4.504806e-01	4.504346e-01	4.346456e-12	
389	1.822500e-08	4.504805e-01	4.504346e-01	4.346257e-12	
390	1.827500e-08	4.504805e-01	4.504346e-01	4.346064e-12	
391	1.832500e-08	4.504805e-01	4.504346e-01	4.345865e-12	
392	1.837500e-08	4.504805e-01	4.504346e-01	4.345672e-12	
393	1.842500e-08	4.504805e-01	4.504345e-01	4.345473e-12	
394	1.847500e-08	4.504804e-01	4.504345e-01	4.345280e-12	
395	1.852500e-08	4.504804e-01	4.504345e-01	4.345081e-12	
396	1.857500e-08	4.504804e-01	4.504345e-01	4.344888e-12	
397	1.862500e-08	4.504804e-01	4.504345e-01	4.344689e-12	
398	1.867500e-08	4.504804e-01	4.504344e-01	4.344496e-12	
399	1.872500e-08	4.504803e-01	4.504344e-01	4.344297e-12	
400	1.877500e-08	4.504803e-01	4.504344e-01	4.344104e-12	
401	1.882500e-08	4.504803e-01	4.504344e-01	4.343906e-12	
402	1.887500e-08	4.504803e-01	4.504344e-01	4.343712e-12	

Index   time            v(cell)         v(bl)           vpre#branch     
--------------------------------------------------------------------------------
403	1.892500e-08	4.504802e-01	4.504344e-01	4.343514e-12	
404	1.897500e-08	4.504802e-01	4.504343e-01	4.343320e-12	
405	1.902500e-08	4.504802e-01	4.504343e-01	4.343122e-12	
406	1.907500e-08	4.504802e-01	4.504343e-01	4.342929e-12	
407	1.912500e-08	4.504802e-01	4.504343e-01	4.342730e-12	
408	1.917500e-08	4.504801e-01	4.504343e-01	4.342537e-12	
409	1.922500e-08	4.504801e-01	4.504342e-01	4.342338e-12	
410	1.927500e-08	4.504801e-01	4.504342e-01	4.342145e-12	
411	1.932500e-08	4.504801e-01	4.504342e-01	4.341947e-12	
412	1.937500e-08	4.504801e-01	4.504342e-01	4.341753e-12	
413	1.942500e-08	4.504800e-01	4.504342e-01	4.341555e-12	
414	1.947500e-08	4.504800e-01	4.504341e-01	4.341362e-12	
415	1.952500e-08	4.504800e-01	4.504341e-01	4.341164e-12	
416	1.957500e-08	4.504800e-01	4.504341e-01	4.340970e-12	
417	1.962500e-08	4.504799e-01	4.504341e-01	4.340772e-12	
418	1.967500e-08	4.504799e-01	4.504341e-01	4.340579e-12	
419	1.972500e-08	4.504799e-01	4.504340e-01	4.340380e-12	
420	1.977500e-08	4.504799e-01	4.504340e-01	4.340187e-12	
421	1.982500e-08	4.504799e-01	4.504340e-01	4.339989e-12	
422	1.987500e-08	4.504798e-01	4.504340e-01	4.339795e-12	
423	1.992500e-08	4.504798e-01	4.504340e-01	4.339597e-12	
424	1.997500e-08	4.504798e-01	4.504339e-01	4.339404e-12	
425	2.002500e-08	4.504798e-01	4.504339e-01	4.339206e-12	
426	2.007500e-08	4.504797e-01	4.504339e-01	4.339013e-12	
427	2.012500e-08	4.504797e-01	4.504339e-01	4.338815e-12	
428	2.017500e-08	4.504797e-01	4.504339e-01	4.338621e-12	
429	2.022500e-08	4.504797e-01	4.504338e-01	4.338423e-12	
430	2.027500e-08	4.504797e-01	4.504338e-01	4.338230e-12	
431	2.032500e-08	4.504796e-01	4.504338e-01	4.338032e-12	
432	2.037500e-08	4.504796e-01	4.504338e-01	4.337838e-12	
433	2.042500e-08	4.504796e-01	4.504338e-01	4.337641e-12	
434	2.047500e-08	4.504796e-01	4.504337e-01	4.337447e-12	
435	2.052500e-08	4.504796e-01	4.504337e-01	4.337249e-12	
436	2.057500e-08	4.504795e-01	4.504337e-01	4.337056e-12	
437	2.062500e-08	4.504795e-01	4.504337e-01	4.336858e-12	
438	2.067500e-08	4.504795e-01	4.504337e-01	4.336665e-12	
439	2.072500e-08	4.504795e-01	4.504336e-01	4.336467e-12	
440	2.077500e-08	4.504794e-01	4.504336e-01	4.336274e-12	
441	2.082500e-08	4.504794e-01	4.504336e-01	4.336076e-12	
442	2.087500e-08	4.504794e-01	4.504336e-01	4.335882e-12	
443	2.092500e-08	4.504794e-01	4.504336e-01	4.335685e-12	
444	2.097500e-08	4.504794e-01	4.504335e-01	4.335491e-12	
445	2.102500e-08	4.504793e-01	4.504335e-01	4.335294e-12	
446	2.107500e-08	4.504793e-01	4.504335e-01	4.335100e-12	
447	2.112500e-08	4.504793e-01	4.504335e-01	4.334902e-12	
448	2.117500e-08	4.504793e-01	4.504335e-01	4.334709e-12	
449	2.122500e-08	4.504792e-01	4.504335e-01	4.334511e-12	
450	2.127500e-08	4.504792e-01	4.504334e-01	4.334318e-12	
451	2.132500e-08	4.504792e-01	4.504334e-01	4.334120e-12	
452	2.137500e-08	4.504792e-01	4.504334e-01	4.333927e-12	
453	2.142500e-08	4.504792e-01	4.504334e-01	4.333730e-12	
454	2.147500e-08	4.504791e-01	4.504334e-01	4.333536e-12	
455	2.152500e-08	4.504791e-01	4.504333e-01	4.333339e-12	
456	2.157500e-08	4.504791e-01	4.504333e-01	4.333145e-12	
457	2.162500e-08	4.504791e-01	4.504333e-01	4.332948e-12	
458	2.167500e-08	4.504791e-01	4.504333e-01	4.332754e-12	
459	2.172500e-08	4.504790e-01	4.504333e-01	4.332557e-12	
460	2.177500e-08	4.504790e-01	4.504332e-01	4.332364e-12	

Index   time            v(cell)         v(bl)           vpre#branch     
--------------------------------------------------------------------------------
461	2.182500e-08	4.504790e-01	4.504332e-01	4.332166e-12	
462	2.187500e-08	4.504790e-01	4.504332e-01	4.331973e-12	
463	2.192500e-08	4.504789e-01	4.504332e-01	4.331775e-12	
464	2.196250e-08	4.504789e-01	4.504332e-01	4.331631e-12	
465	2.200000e-08	4.504789e-01	4.504331e-01	4.331482e-12	
466	2.200500e-08	4.504752e-01	4.461365e-01	-3.86354e-11	
467	2.201500e-08	4.504678e-01	4.376505e-01	-1.23495e-10	
468	2.203500e-08	4.504527e-01	4.211525e-01	-2.88475e-10	
469	2.207500e-08	4.504224e-01	3.894800e-01	-6.05200e-10	
470	2.212500e-08	4.503847e-01	3.519925e-01	-9.80075e-10	
471	2.217500e-08	4.503472e-01	3.165194e-01	-1.33481e-09	
472	2.222500e-08	4.503099e-01	2.828335e-01	-1.67166e-09	
473	2.227500e-08	4.502730e-01	2.508209e-01	-1.99179e-09	
474	2.232500e-08	4.502364e-01	2.204087e-01	-2.29591e-09	
475	2.237500e-08	4.502000e-01	1.915507e-01	-2.58449e-09	
476	2.242500e-08	4.501639e-01	1.642130e-01	-2.85787e-09	
477	2.247500e-08	4.501278e-01	1.383624e-01	-3.11638e-09	
478	2.252500e-08	4.500919e-01	1.139601e-01	-3.36040e-09	
479	2.257500e-08	4.500561e-01	9.095972e-02	-3.59040e-09	
480	2.262500e-08	4.500203e-01	6.930652e-02	-3.80693e-09	
481	2.267500e-08	4.499845e-01	4.893985e-02	-4.01060e-09	
482	2.272500e-08	4.499487e-01	2.979531e-02	-4.20205e-09	
483	2.277500e-08	4.499130e-01	1.180707e-02	-4.38193e-09	
484	2.282500e-08	4.498772e-01	-5.09025e-03	-4.55090e-09	
485	2.287500e-08	4.498415e-01	-2.09603e-02	-4.70960e-09	
486	2.292500e-08	4.498057e-01	-3.58641e-02	-4.85864e-09	
487	2.296250e-08	4.497789e-01	-4.64414e-02	-4.96441e-09	
488	2.300000e-08	4.497521e-01	-5.65315e-02	-5.06531e-09	
489	2.300500e-08	4.497521e-01	-5.33652e-02	-5.03365e-09	
490	2.301500e-08	4.497521e-01	-4.70724e-02	-4.97072e-09	
491	2.303500e-08	4.497521e-01	-3.47212e-02	-4.84721e-09	
492	2.307500e-08	4.497521e-01	-1.09284e-02	-4.60928e-09	
493	2.312500e-08	4.497521e-01	1.718014e-02	-4.32820e-09	
494	2.317500e-08	4.497521e-01	4.357454e-02	-4.06425e-09	
495	2.322500e-08	4.497521e-01	6.835934e-02	-3.81641e-09	
496	2.327500e-08	4.497521e-01	9.163269e-02	-3.58367e-09	
497	2.332500e-08	4.497521e-01	1.134868e-01	-3.36513e-09	
498	2.337500e-08	4.497521e-01	1.340081e-01	-3.15992e-09	
499	2.342500e-08	4.497521e-01	1.532781e-01	-2.96722e-09	
500	2.347500e-08	4.497521e-01	1.713729e-01	-2.78627e-09	
501	2.352500e-08	4.497521e-01	1.883642e-01	-2.61636e-09	
502	2.357500e-08	4.497521e-01	2.043194e-01	-2.45681e-09	
503	2.362500e-08	4.497521e-01	2.193016e-01	-2.30698e-09	
504	2.367500e-08	4.497521e-01	2.333701e-01	-2.16630e-09	
505	2.372500e-08	4.497521e-01	2.465807e-01	-2.03419e-09	
506	2.377500e-08	4.497521e-01	2.589857e-01	-1.91014e-09	
507	2.382500e-08	4.497521e-01	2.706342e-01	-1.79366e-09	
508	2.387500e-08	4.497521e-01	2.815723e-01	-1.68428e-09	
509	2.392500e-08	4.497521e-01	2.918435e-01	-1.58157e-09	
510	2.397500e-08	4.497521e-01	3.014882e-01	-1.48512e-09	
511	2.402500e-08	4.497521e-01	3.105448e-01	-1.39455e-09	
512	2.407500e-08	4.497521e-01	3.190491e-01	-1.30951e-09	
513	2.412500e-08	4.497521e-01	3.270348e-01	-1.22965e-09	
514	2.417500e-08	4.497521e-01	3.345335e-01	-1.15466e-09	
515	2.422500e-08	4.497521e-01	3.415749e-01	-1.08425e-09	
516	2.427500e-08	4.497521e-01	3.481869e-01	-1.01813e-09	
517	2.432500e-08	4.497521e-01	3.543957e-01	-9.56043e-10	
518	2.437500e-08	4.497521e-01	3.602259e-01	-8.97741e-10	

Index   time            v(cell)         v(bl)           vpre#branch     
--------------------------------------------------------------------------------
519	2.442500e-08	4.497521e-01	3.657006e-01	-8.42994e-10	
520	2.447500e-08	4.497521e-01	3.708413e-01	-7.91587e-10	
521	2.452500e-08	4.497521e-01	3.756686e-01	-7.43314e-10	
522	2.457500e-08	4.497521e-01	3.802015e-01	-6.97985e-10	
523	2.462500e-08	4.497521e-01	3.844580e-01	-6.55420e-10	
524	2.467500e-08	4.497521e-01	3.884549e-01	-6.15451e-10	
525	2.472500e-08	4.497521e-01	3.922081e-01	-5.77919e-10	
526	2.477500e-08	4.497521e-01	3.957324e-01	-5.42676e-10	
527	2.482500e-08	4.497521e-01	3.990417e-01	-5.09583e-10	
528	2.487500e-08	4.497521e-01	4.021493e-01	-4.78507e-10	
529	2.492500e-08	4.497521e-01	4.050673e-01	-4.49327e-10	
530	2.497500e-08	4.497521e-01	4.078074e-01	-4.21926e-10	
531	2.502500e-08	4.497521e-01	4.103804e-01	-3.96196e-10	
532	2.507500e-08	4.497521e-01	4.127965e-01	-3.72035e-10	
533	2.512500e-08	4.497521e-01	4.150653e-01	-3.49347e-10	
534	2.517500e-08	4.497521e-01	4.171957e-01	-3.28043e-10	
535	2.522500e-08	4.497521e-01	4.191962e-01	-3.08038e-10	
536	2.527500e-08	4.497521e-01	4.210747e-01	-2.89253e-10	
537	2.532500e-08	4.497521e-01	4.228386e-01	-2.71614e-10	
538	2.537500e-08	4.497521e-01	4.244950e-01	-2.55050e-10	
539	2.542500e-08	4.497521e-01	4.260503e-01	-2.39497e-10	
540	2.547500e-08	4.497521e-01	4.275108e-01	-2.24892e-10	
541	2.552500e-08	4.497521e-01	4.288823e-01	-2.11177e-10	
542	2.557500e-08	4.497521e-01	4.301701e-01	-1.98299e-10	
543	2.562500e-08	4.497521e-01	4.313794e-01	-1.86206e-10	
544	2.567500e-08	4.497521e-01	4.325149e-01	-1.74851e-10	
545	2.572500e-08	4.497521e-01	4.335812e-01	-1.64188e-10	
546	2.577500e-08	4.497521e-01	4.345824e-01	-1.54176e-10	
547	2.582500e-08	4.497521e-01	4.355226e-01	-1.44774e-10	
548	2.587500e-08	4.497521e-01	4.364055e-01	-1.35945e-10	
549	2.592500e-08	4.497521e-01	4.372345e-01	-1.27655e-10	
550	2.597500e-08	4.497521e-01	4.380130e-01	-1.19870e-10	
551	2.602500e-08	4.497521e-01	4.387440e-01	-1.12560e-10	
552	2.607500e-08	4.497521e-01	4.394304e-01	-1.05696e-10	
553	2.612500e-08	4.497521e-01	4.400750e-01	-9.92504e-11	
554	2.617500e-08	4.497521e-01	4.406802e-01	-9.31979e-11	
555	2.622500e-08	4.497521e-01	4.412486e-01	-8.75145e-11	
556	2.627500e-08	4.497521e-01	4.417822e-01	-8.21776e-11	
557	2.632500e-08	4.497521e-01	4.422834e-01	-7.71662e-11	
558	2.637500e-08	4.497521e-01	4.427540e-01	-7.24605e-11	
559	2.642500e-08	4.497521e-01	4.431958e-01	-6.80417e-11	
560	2.647500e-08	4.497521e-01	4.436108e-01	-6.38923e-11	
561	2.652500e-08	4.497521e-01	4.440004e-01	-5.99960e-11	
562	2.657500e-08	4.497521e-01	4.443663e-01	-5.63373e-11	
563	2.662500e-08	4.497521e-01	4.447098e-01	-5.29017e-11	
564	2.667500e-08	4.497521e-01	4.450324e-01	-4.96757e-11	
565	2.672500e-08	4.497521e-01	4.453354e-01	-4.66463e-11	
566	2.677500e-08	4.497521e-01	4.456198e-01	-4.38017e-11	
567	2.682500e-08	4.497521e-01	4.458869e-01	-4.11306e-11	
568	2.687500e-08	4.497521e-01	4.461378e-01	-3.86223e-11	
569	2.692500e-08	4.497521e-01	4.463733e-01	-3.62671e-11	
570	2.697500e-08	4.497521e-01	4.465945e-01	-3.40554e-11	
571	2.702500e-08	4.497521e-01	4.468021e-01	-3.19786e-11	
572	2.707500e-08	4.497521e-01	4.469972e-01	-3.00285e-11	
573	2.712500e-08	4.497521e-01	4.471803e-01	-2.81973e-11	
574	2.717500e-08	4.497521e-01	4.473522e-01	-2.64778e-11	
575	2.722500e-08	4.497521e-01	4.475137e-01	-2.48631e-11	
576	2.727500e-08	4.497521e-01	4.476653e-01	-2.33469e-11	

Index   time            v(cell)         v(bl)           vpre#branch     
--------------------------------------------------------------------------------
577	2.732500e-08	4.497521e-01	4.478077e-01	-2.19231e-11	
578	2.737500e-08	4.497521e-01	4.479414e-01	-2.05862e-11	
579	2.742500e-08	4.497521e-01	4.480669e-01	-1.93308e-11	
580	2.747500e-08	4.497521e-01	4.481848e-01	-1.81520e-11	
581	2.752500e-08	4.497521e-01	4.482955e-01	-1.70450e-11	
582	2.757500e-08	4.497521e-01	4.483994e-01	-1.60056e-11	
583	2.762500e-08	4.497521e-01	4.484970e-01	-1.50295e-11	
584	2.767500e-08	4.497521e-01	4.485887e-01	-1.41130e-11	
585	2.772500e-08	4.497521e-01	4.486748e-01	-1.32523e-11	
586	2.777500e-08	4.497521e-01	4.487556e-01	-1.24442e-11	
587	2.782500e-08	4.497521e-01	4.488315e-01	-1.16853e-11	
588	2.787500e-08	4.497521e-01	4.489027e-01	-1.09727e-11	
589	2.792500e-08	4.497521e-01	4.489696e-01	-1.03036e-11	
590	2.797500e-08	4.497521e-01	4.490325e-01	-9.67523e-12	
591	2.802500e-08	4.497521e-01	4.490915e-01	-9.08521e-12	
592	2.807500e-08	4.497521e-01	4.491469e-01	-8.53117e-12	
593	2.812500e-08	4.497521e-01	4.491989e-01	-8.01092e-12	
594	2.817500e-08	4.497521e-01	4.492478e-01	-7.52239e-12	
595	2.822500e-08	4.497521e-01	4.492936e-01	-7.06366e-12	
596	2.827500e-08	4.497521e-01	4.493367e-01	-6.63290e-12	
597	2.832500e-08	4.497521e-01	4.493772e-01	-6.22841e-12	
598	2.837500e-08	4.497521e-01	4.494151e-01	-5.84859e-12	
599	2.842500e-08	4.497521e-01	4.494508e-01	-5.49193e-12	
600	2.847500e-08	4.497521e-01	4.494843e-01	-5.15702e-12	
601	2.852500e-08	4.497521e-01	4.495157e-01	-4.84253e-12	
602	2.857500e-08	4.497521e-01	4.495453e-01	-4.54722e-12	
603	2.862500e-08	4.497521e-01	4.495730e-01	-4.26992e-12	
604	2.867500e-08	4.497521e-01	4.495990e-01	-4.00953e-12	
605	2.872500e-08	4.497521e-01	4.496235e-01	-3.76502e-12	
606	2.877500e-08	4.497521e-01	4.496465e-01	-3.53542e-12	
607	2.882500e-08	4.497521e-01	4.496680e-01	-3.31982e-12	
608	2.887500e-08	4.497521e-01	4.496883e-01	-3.11737e-12	
609	2.892500e-08	4.497521e-01	4.497073e-01	-2.92727e-12	
610	2.897500e-08	4.497521e-01	4.497251e-01	-2.74876e-12	
611	2.902500e-08	4.497521e-01	4.497419e-01	-2.58113e-12	
612	2.907500e-08	4.497521e-01	4.497576e-01	-2.42373e-12	
613	2.912500e-08	4.497521e-01	4.497724e-01	-2.27592e-12	
614	2.917500e-08	4.497521e-01	4.497863e-01	-2.13713e-12	
615	2.922500e-08	4.497521e-01	4.497993e-01	-2.00680e-12	
616	2.927500e-08	4.497521e-01	4.498116e-01	-1.88442e-12	
617	2.932500e-08	4.497521e-01	4.498230e-01	-1.76951e-12	
618	2.937500e-08	4.497521e-01	4.498338e-01	-1.66160e-12	
619	2.942500e-08	4.497521e-01	4.498440e-01	-1.56027e-12	
620	2.947500e-08	4.497521e-01	4.498535e-01	-1.46512e-12	
621	2.952500e-08	4.497521e-01	4.498624e-01	-1.37578e-12	
622	2.957500e-08	4.497521e-01	4.498708e-01	-1.29188e-12	
623	2.962500e-08	4.497521e-01	4.498787e-01	-1.21310e-12	
624	2.967500e-08	4.497521e-01	4.498861e-01	-1.13912e-12	
625	2.972500e-08	4.497521e-01	4.498930e-01	-1.06965e-12	
626	2.977500e-08	4.497521e-01	4.498996e-01	-1.00442e-12	
627	2.982500e-08	4.497521e-01	4.499057e-01	-9.43170e-13	
628	2.987500e-08	4.497521e-01	4.499114e-01	-8.85653e-13	
629	2.992500e-08	4.497521e-01	4.499168e-01	-8.31644e-13	
630	2.997500e-08	4.497521e-01	4.499219e-01	-7.80929e-13	
631	3.002500e-08	4.497521e-01	4.499267e-01	-7.33306e-13	
632	3.007500e-08	4.497521e-01	4.499311e-01	-6.88587e-13	
633	3.012500e-08	4.497521e-01	4.499353e-01	-6.46595e-13	
634	3.017500e-08	4.497521e-01	4.499393e-01	-6.07165e-13	

Index   time            v(cell)         v(bl)           vpre#branch     
--------------------------------------------------------------------------------
635	3.022500e-08	4.497521e-01	4.499430e-01	-5.70138e-13	
636	3.027500e-08	4.497521e-01	4.499465e-01	-5.35370e-13	
637	3.032500e-08	4.497521e-01	4.499497e-01	-5.02722e-13	
638	3.037500e-08	4.497521e-01	4.499528e-01	-4.72065e-13	
639	3.042500e-08	4.497521e-01	4.499557e-01	-4.43277e-13	
640	3.047500e-08	4.497521e-01	4.499584e-01	-4.16245e-13	
641	3.052500e-08	4.497521e-01	4.499609e-01	-3.90861e-13	
642	3.057500e-08	4.497521e-01	4.499633e-01	-3.67026e-13	
643	3.062500e-08	4.497521e-01	4.499655e-01	-3.44644e-13	
644	3.067500e-08	4.497521e-01	4.499676e-01	-3.23627e-13	
645	3.072500e-08	4.497521e-01	4.499696e-01	-3.03891e-13	
646	3.077500e-08	4.497521e-01	4.499715e-01	-2.85359e-13	
647	3.082500e-08	4.497521e-01	4.499732e-01	-2.67957e-13	
648	3.087500e-08	4.497521e-01	4.499748e-01	-2.51617e-13	
649	3.092500e-08	4.497521e-01	4.499764e-01	-2.36272e-13	
650	3.097500e-08	4.497521e-01	4.499778e-01	-2.21864e-13	
651	3.102500e-08	4.497521e-01	4.499792e-01	-2.08334e-13	
652	3.107500e-08	4.497521e-01	4.499804e-01	-1.95630e-13	
653	3.112500e-08	4.497521e-01	4.499816e-01	-1.83700e-13	
654	3.117500e-08	4.497521e-01	4.499828e-01	-1.72497e-13	
655	3.122500e-08	4.497521e-01	4.499838e-01	-1.61978e-13	
656	3.127500e-08	4.497521e-01	4.499848e-01	-1.52100e-13	
657	3.132500e-08	4.497521e-01	4.499857e-01	-1.42825e-13	
658	3.137500e-08	4.497521e-01	4.499866e-01	-1.34115e-13	
659	3.142500e-08	4.497521e-01	4.499874e-01	-1.25936e-13	
660	3.147500e-08	4.497521e-01	4.499882e-01	-1.18257e-13	
661	3.152500e-08	4.497521e-01	4.499889e-01	-1.11045e-13	
662	3.157500e-08	4.497521e-01	4.499896e-01	-1.04273e-13	
663	3.162500e-08	4.497521e-01	4.499902e-01	-9.79145e-14	
664	3.167500e-08	4.497521e-01	4.499908e-01	-9.19434e-14	
665	3.172500e-08	4.497521e-01	4.499914e-01	-8.63365e-14	
666	3.177500e-08	4.497521e-01	4.499919e-01	-8.10715e-14	
667	3.182500e-08	4.497521e-01	4.499924e-01	-7.61276e-14	
668	3.187500e-08	4.497521e-01	4.499929e-01	-7.14852e-14	
669	3.192500e-08	4.497521e-01	4.499933e-01	-6.71259e-14	
670	3.197500e-08	4.497521e-01	4.499937e-01	-6.30324e-14	
671	3.202500e-08	4.497521e-01	4.499941e-01	-5.91886e-14	
672	3.207500e-08	4.497521e-01	4.499944e-01	-5.55792e-14	
673	3.212500e-08	4.497521e-01	4.499948e-01	-5.21899e-14	
674	3.217500e-08	4.497521e-01	4.499951e-01	-4.90072e-14	
675	3.222500e-08	4.497521e-01	4.499954e-01	-4.60187e-14	
676	3.227500e-08	4.497521e-01	4.499957e-01	-4.32124e-14	
677	3.232500e-08	4.497521e-01	4.499959e-01	-4.05772e-14	
678	3.237500e-08	4.497521e-01	4.499962e-01	-3.81027e-14	
679	3.242500e-08	4.497521e-01	4.499964e-01	-3.57792e-14	
680	3.247500e-08	4.497521e-01	4.499966e-01	-3.35973e-14	
681	3.252500e-08	4.497521e-01	4.499968e-01	-3.15485e-14	
682	3.257500e-08	4.497521e-01	4.499970e-01	-2.96246e-14	
683	3.262500e-08	4.497521e-01	4.499972e-01	-2.78181e-14	
684	3.267500e-08	4.497521e-01	4.499974e-01	-2.61217e-14	
685	3.272500e-08	4.497521e-01	4.499975e-01	-2.45287e-14	
686	3.277500e-08	4.497521e-01	4.499977e-01	-2.30330e-14	
687	3.282500e-08	4.497521e-01	4.499978e-01	-2.16284e-14	
688	3.287500e-08	4.497521e-01	4.499980e-01	-2.03095e-14	
689	3.292500e-08	4.497521e-01	4.499981e-01	-1.90710e-14	
690	3.297500e-08	4.497521e-01	4.499982e-01	-1.79080e-14	
691	3.302500e-08	4.497521e-01	4.499983e-01	-1.68160e-14	
692	3.307500e-08	4.497521e-01	4.499984e-01	-1.57905e-14	

Index   time            v(cell)         v(bl)           vpre#branch     
--------------------------------------------------------------------------------
693	3.312500e-08	4.497521e-01	4.499985e-01	-1.48276e-14	
694	3.317500e-08	4.497521e-01	4.499986e-01	-1.39234e-14	
695	3.322500e-08	4.497521e-01	4.499987e-01	-1.30743e-14	
696	3.327500e-08	4.497521e-01	4.499988e-01	-1.22771e-14	
697	3.332500e-08	4.497521e-01	4.499988e-01	-1.15284e-14	
698	3.337500e-08	4.497521e-01	4.499989e-01	-1.08254e-14	
699	3.342500e-08	4.497521e-01	4.499990e-01	-1.01653e-14	
700	3.347500e-08	4.497521e-01	4.499990e-01	-9.54540e-15	
701	3.352500e-08	4.497521e-01	4.499991e-01	-8.96333e-15	
702	3.357500e-08	4.497521e-01	4.499992e-01	-8.41675e-15	
703	3.362500e-08	4.497521e-01	4.499992e-01	-7.90351e-15	
704	3.367500e-08	4.497521e-01	4.499993e-01	-7.42156e-15	
705	3.372500e-08	4.497521e-01	4.499993e-01	-6.96900e-15	
706	3.377500e-08	4.497521e-01	4.499993e-01	-6.54405e-15	
707	3.382500e-08	4.497521e-01	4.499994e-01	-6.14500e-15	
708	3.387500e-08	4.497521e-01	4.499994e-01	-5.77029e-15	
709	3.392500e-08	4.497521e-01	4.499995e-01	-5.41843e-15	
710	3.397500e-08	4.497521e-01	4.499995e-01	-5.08803e-15	
711	3.402500e-08	4.497521e-01	4.499995e-01	-4.77778e-15	
712	3.407500e-08	4.497521e-01	4.499996e-01	-4.48645e-15	
713	3.412500e-08	4.497521e-01	4.499996e-01	-4.21288e-15	
714	3.417500e-08	4.497521e-01	4.499996e-01	-3.95600e-15	
715	3.422500e-08	4.497521e-01	4.499996e-01	-3.71478e-15	
716	3.427500e-08	4.497521e-01	4.499997e-01	-3.48827e-15	
717	3.432500e-08	4.497521e-01	4.499997e-01	-3.27558e-15	
718	3.437500e-08	4.497521e-01	4.499997e-01	-3.07585e-15	
719	3.442500e-08	4.497521e-01	4.499997e-01	-2.88831e-15	
720	3.447500e-08	4.497521e-01	4.499997e-01	-2.71220e-15	
721	3.452500e-08	4.497521e-01	4.499997e-01	-2.54683e-15	
722	3.457500e-08	4.497521e-01	4.499998e-01	-2.39155e-15	
723	3.462500e-08	4.497521e-01	4.499998e-01	-2.24573e-15	
724	3.467500e-08	4.497521e-01	4.499998e-01	-2.10881e-15	
725	3.472500e-08	4.497521e-01	4.499998e-01	-1.98024e-15	
726	3.477500e-08	4.497521e-01	4.499998e-01	-1.85951e-15	
727	3.482500e-08	4.497521e-01	4.499998e-01	-1.74614e-15	
728	3.487500e-08	4.497521e-01	4.499998e-01	-1.63968e-15	
729	3.492500e-08	4.497521e-01	4.499998e-01	-1.53972e-15	
730	3.497500e-08	4.497521e-01	4.499999e-01	-1.44585e-15	
731	3.502500e-08	4.497521e-01	4.499999e-01	-1.35771e-15	
732	3.507500e-08	4.497521e-01	4.499999e-01	-1.27494e-15	
733	3.512500e-08	4.497521e-01	4.499999e-01	-1.19722e-15	
734	3.517500e-08	4.497521e-01	4.499999e-01	-1.12424e-15	
735	3.522500e-08	4.497521e-01	4.499999e-01	-1.05570e-15	
736	3.527500e-08	4.497521e-01	4.499999e-01	-9.91353e-16	
737	3.532500e-08	4.497521e-01	4.499999e-01	-9.30925e-16	
738	3.537500e-08	4.497521e-01	4.499999e-01	-8.74183e-16	
739	3.542500e-08	4.497521e-01	4.499999e-01	-8.20901e-16	
740	3.547500e-08	4.497521e-01	4.499999e-01	-7.70869e-16	
741	3.552500e-08	4.497521e-01	4.499999e-01	-7.23887e-16	
742	3.557500e-08	4.497521e-01	4.499999e-01	-6.79770e-16	
743	3.562500e-08	4.497521e-01	4.499999e-01	-6.38344e-16	
744	3.567500e-08	4.497521e-01	4.499999e-01	-5.99444e-16	
745	3.572500e-08	4.497521e-01	4.499999e-01	-5.62917e-16	
746	3.577500e-08	4.497521e-01	4.499999e-01	-5.28617e-16	
747	3.582500e-08	4.497521e-01	4.500000e-01	-4.96408e-16	
748	3.587500e-08	4.497521e-01	4.500000e-01	-4.66164e-16	
749	3.592500e-08	4.497521e-01	4.500000e-01	-4.37764e-16	
750	3.597500e-08	4.497521e-01	4.500000e-01	-4.11096e-16	

Index   time            v(cell)         v(bl)           vpre#branch     
--------------------------------------------------------------------------------
751	3.602500e-08	4.497521e-01	4.500000e-01	-3.86055e-16	
752	3.607500e-08	4.497521e-01	4.500000e-01	-3.62540e-16	
753	3.612500e-08	4.497521e-01	4.500000e-01	-3.40459e-16	
754	3.617500e-08	4.497521e-01	4.500000e-01	-3.19725e-16	
755	3.622500e-08	4.497521e-01	4.500000e-01	-3.00256e-16	
756	3.627500e-08	4.497521e-01	4.500000e-01	-2.81973e-16	
757	3.632500e-08	4.497521e-01	4.500000e-01	-2.64806e-16	
758	3.637500e-08	4.497521e-01	4.500000e-01	-2.48685e-16	
759	3.642500e-08	4.497521e-01	4.500000e-01	-2.33548e-16	
760	3.647500e-08	4.497521e-01	4.500000e-01	-2.19333e-16	
761	3.652500e-08	4.497521e-01	4.500000e-01	-2.05986e-16	
762	3.657500e-08	4.497521e-01	4.500000e-01	-1.93452e-16	
763	3.662500e-08	4.497521e-01	4.500000e-01	-1.81683e-16	
764	3.667500e-08	4.497521e-01	4.500000e-01	-1.70632e-16	
765	3.672500e-08	4.497521e-01	4.500000e-01	-1.60254e-16	
766	3.677500e-08	4.497521e-01	4.500000e-01	-1.50509e-16	
767	3.682500e-08	4.497521e-01	4.500000e-01	-1.41359e-16	
768	3.687500e-08	4.497521e-01	4.500000e-01	-1.32766e-16	
769	3.692500e-08	4.497521e-01	4.500000e-01	-1.24697e-16	
770	3.697500e-08	4.497521e-01	4.500000e-01	-1.17121e-16	
771	3.702500e-08	4.497521e-01	4.500000e-01	-1.10006e-16	
772	3.707500e-08	4.497521e-01	4.500000e-01	-1.03326e-16	
773	3.712500e-08	4.497521e-01	4.500000e-01	-9.70526e-17	
774	3.717500e-08	4.497521e-01	4.500000e-01	-9.11616e-17	
775	3.722500e-08	4.497521e-01	4.500000e-01	-8.56299e-17	
776	3.727500e-08	4.497521e-01	4.500000e-01	-8.04355e-17	
777	3.732500e-08	4.497521e-01	4.500000e-01	-7.55579e-17	
778	3.737500e-08	4.497521e-01	4.500000e-01	-7.09781e-17	
779	3.742500e-08	4.497521e-01	4.500000e-01	-6.66776e-17	
780	3.747500e-08	4.497521e-01	4.500000e-01	-6.26394e-17	
781	3.752500e-08	4.497521e-01	4.500000e-01	-5.88474e-17	
782	3.757500e-08	4.497521e-01	4.500000e-01	-5.52867e-17	
783	3.762500e-08	4.497521e-01	4.500000e-01	-5.19431e-17	
784	3.767500e-08	4.497521e-01	4.500000e-01	-4.88035e-17	
785	3.772500e-08	4.497521e-01	4.500000e-01	-4.58553e-17	
786	3.777500e-08	4.497521e-01	4.500000e-01	-4.30868e-17	
787	3.782500e-08	4.497521e-01	4.500000e-01	-4.04872e-17	
788	3.787500e-08	4.497521e-01	4.500000e-01	-3.80462e-17	
789	3.792500e-08	4.497521e-01	4.500000e-01	-3.57539e-17	
790	3.797500e-08	4.497521e-01	4.500000e-01	-3.36015e-17	
791	3.802500e-08	4.497521e-01	4.500000e-01	-3.15799e-17	
792	3.807500e-08	4.497521e-01	4.500000e-01	-2.96816e-17	
793	3.812500e-08	4.497521e-01	4.500000e-01	-2.78995e-17	
794	3.817500e-08	4.497521e-01	4.500000e-01	-2.62261e-17	
795	3.822500e-08	4.497521e-01	4.500000e-01	-2.46547e-17	
796	3.827500e-08	4.497521e-01	4.500000e-01	-2.31791e-17	
797	3.832500e-08	4.497521e-01	4.500000e-01	-2.17935e-17	
798	3.837500e-08	4.497521e-01	4.500000e-01	-2.04925e-17	
799	3.842500e-08	4.497521e-01	4.500000e-01	-1.92707e-17	
800	3.847500e-08	4.497521e-01	4.500000e-01	-1.81235e-17	
801	3.852500e-08	4.497521e-01	4.500000e-01	-1.70458e-17	
802	3.857500e-08	4.497521e-01	4.500000e-01	-1.60338e-17	
803	3.862500e-08	4.497521e-01	4.500000e-01	-1.50840e-17	
804	3.867500e-08	4.497521e-01	4.500000e-01	-1.41920e-17	
805	3.872500e-08	4.497521e-01	4.500000e-01	-1.33545e-17	
806	3.877500e-08	4.497521e-01	4.500000e-01	-1.25681e-17	
807	3.882500e-08	4.497521e-01	4.500000e-01	-1.18296e-17	
808	3.887500e-08	4.497521e-01	4.500000e-01	-1.11361e-17	

Index   time            v(cell)         v(bl)           vpre#branch     
--------------------------------------------------------------------------------
809	3.892500e-08	4.497521e-01	4.500000e-01	-1.04849e-17	
810	3.897500e-08	4.497521e-01	4.500000e-01	-9.87348e-18	
811	3.902500e-08	4.497521e-01	4.500000e-01	-9.29931e-18	
812	3.907500e-08	4.497521e-01	4.500000e-01	-8.76015e-18	
813	3.912500e-08	4.497521e-01	4.500000e-01	-8.25387e-18	
814	3.917500e-08	4.497521e-01	4.500000e-01	-7.77846e-18	
815	3.922500e-08	4.497521e-01	4.500000e-01	-7.33205e-18	
816	3.927500e-08	4.497521e-01	4.500000e-01	-6.91286e-18	
817	3.932500e-08	4.497521e-01	4.500000e-01	-6.51924e-18	
818	3.937500e-08	4.497521e-01	4.500000e-01	-6.14961e-18	
819	3.942500e-08	4.497521e-01	4.500000e-01	-5.80253e-18	
820	3.947500e-08	4.497521e-01	4.500000e-01	-5.47661e-18	
821	3.952500e-08	4.497521e-01	4.500000e-01	-5.17057e-18	
822	3.957500e-08	4.497521e-01	4.500000e-01	-4.88319e-18	
823	3.962500e-08	4.497521e-01	4.500000e-01	-4.61334e-18	
824	3.967500e-08	4.497521e-01	4.500000e-01	-4.35995e-18	
825	3.972500e-08	4.497521e-01	4.500000e-01	-4.12200e-18	
826	3.977500e-08	4.497521e-01	4.500000e-01	-3.89857e-18	
827	3.982500e-08	4.497521e-01	4.500000e-01	-3.68876e-18	
828	3.987500e-08	4.497521e-01	4.500000e-01	-3.49175e-18	
829	3.992500e-08	4.497521e-01	4.500000e-01	-3.30675e-18	
830	3.996250e-08	4.497521e-01	4.500000e-01	-3.17533e-18	
831	4.000000e-08	4.497521e-01	4.500000e-01	-3.04995e-18	


Total analysis time (seconds) = 0.0591058

Total elapsed time (seconds) = 0.068 

Total DRAM available = 386307.215 MB.
DRAM currently available = 2241.191 MB.
Maximum ngspice program size =  529.715 MB.
Current ngspice program size =   14.203 MB.

Shared ngspice pages =   12.383 MB.
Text (code) pages =    6.266 MB.
Stack = 0 bytes.
Library pages =   59.133 MB.

