
Note: No compatibility mode selected!


Circuit: * id-vd sweep vgs=0.9000v

Doing analysis at TEMP = 27.000000 and TNOM = 27.000000

Using SPARSE 1.3 as Direct Linear Solver

No. of Data Rows : 101
                           * id-vd sweep vgs=0.9000v
                           DC transfer characteristic  Tue Jun 23 21:16:24  2026
--------------------------------------------------------------------------------
Index   v-sweep         vd#branch       v(d)            
--------------------------------------------------------------------------------
0	0.000000e+00	1.521250e-28	0.000000e+00	
1	9.000000e-03	-5.52650e-07	9.000000e-03	
2	1.800000e-02	-8.21442e-07	1.800000e-02	
3	2.700000e-02	-9.14580e-07	2.700000e-02	
4	3.600000e-02	-9.67374e-07	3.600000e-02	
5	4.500000e-02	-1.00444e-06	4.500000e-02	
6	5.400000e-02	-1.03312e-06	5.400000e-02	
7	6.300000e-02	-1.05661e-06	6.300000e-02	
8	7.200000e-02	-1.07659e-06	7.200000e-02	
9	8.100000e-02	-1.09405e-06	8.100000e-02	
10	9.000000e-02	-1.11049e-06	9.000000e-02	
11	9.900000e-02	-1.12441e-06	9.900000e-02	
12	1.080000e-01	-1.13720e-06	1.080000e-01	
13	1.170000e-01	-1.14908e-06	1.170000e-01	
14	1.260000e-01	-1.16018e-06	1.260000e-01	
15	1.350000e-01	-1.17063e-06	1.350000e-01	
16	1.440000e-01	-1.18052e-06	1.440000e-01	
17	1.530000e-01	-1.18992e-06	1.530000e-01	
18	1.620000e-01	-1.19889e-06	1.620000e-01	
19	1.710000e-01	-1.20749e-06	1.710000e-01	
20	1.800000e-01	-1.21575e-06	1.800000e-01	
21	1.890000e-01	-1.22372e-06	1.890000e-01	
22	1.980000e-01	-1.23141e-06	1.980000e-01	
23	2.070000e-01	-1.23886e-06	2.070000e-01	
24	2.160000e-01	-1.24609e-06	2.160000e-01	
25	2.250000e-01	-1.25312e-06	2.250000e-01	
26	2.340000e-01	-1.25996e-06	2.340000e-01	
27	2.430000e-01	-1.26663e-06	2.430000e-01	
28	2.520000e-01	-1.27314e-06	2.520000e-01	
29	2.610000e-01	-1.27951e-06	2.610000e-01	
30	2.700000e-01	-1.28574e-06	2.700000e-01	
31	2.790000e-01	-1.29185e-06	2.790000e-01	
32	2.880000e-01	-1.29784e-06	2.880000e-01	
33	2.970000e-01	-1.30372e-06	2.970000e-01	
34	3.060000e-01	-1.30950e-06	3.060000e-01	
35	3.150000e-01	-1.31518e-06	3.150000e-01	
36	3.240000e-01	-1.32077e-06	3.240000e-01	
37	3.330000e-01	-1.32627e-06	3.330000e-01	
38	3.420000e-01	-1.33170e-06	3.420000e-01	
39	3.510000e-01	-1.33705e-06	3.510000e-01	
40	3.600000e-01	-1.34233e-06	3.600000e-01	
41	3.690000e-01	-1.34753e-06	3.690000e-01	
42	3.780000e-01	-1.35268e-06	3.780000e-01	
43	3.870000e-01	-1.35776e-06	3.870000e-01	
44	3.960000e-01	-1.36278e-06	3.960000e-01	
45	4.050000e-01	-1.36775e-06	4.050000e-01	
46	4.140000e-01	-1.37267e-06	4.140000e-01	
47	4.230000e-01	-1.37753e-06	4.230000e-01	
48	4.320000e-01	-1.38235e-06	4.320000e-01	
49	4.410000e-01	-1.38712e-06	4.410000e-01	
50	4.500000e-01	-1.39184e-06	4.500000e-01	
51	4.590000e-01	-1.39652e-06	4.590000e-01	
52	4.680000e-01	-1.40116e-06	4.680000e-01	
53	4.770000e-01	-1.40577e-06	4.770000e-01	
54	4.860000e-01	-1.41033e-06	4.860000e-01	

Index   v-sweep         vd#branch       v(d)            
--------------------------------------------------------------------------------
55	4.950000e-01	-1.41486e-06	4.950000e-01	
56	5.040000e-01	-1.41936e-06	5.040000e-01	
57	5.130000e-01	-1.42382e-06	5.130000e-01	
58	5.220000e-01	-1.42825e-06	5.220000e-01	
59	5.310000e-01	-1.43264e-06	5.310000e-01	
60	5.400000e-01	-1.43701e-06	5.400000e-01	
61	5.490000e-01	-1.44135e-06	5.490000e-01	
62	5.580000e-01	-1.44566e-06	5.580000e-01	
63	5.670000e-01	-1.44995e-06	5.670000e-01	
64	5.760000e-01	-1.45421e-06	5.760000e-01	
65	5.850000e-01	-1.45844e-06	5.850000e-01	
66	5.940000e-01	-1.46265e-06	5.940000e-01	
67	6.030000e-01	-1.46683e-06	6.030000e-01	
68	6.120000e-01	-1.47100e-06	6.120000e-01	
69	6.210000e-01	-1.47514e-06	6.210000e-01	
70	6.300000e-01	-1.47926e-06	6.300000e-01	
71	6.390000e-01	-1.48336e-06	6.390000e-01	
72	6.480000e-01	-1.48744e-06	6.480000e-01	
73	6.570000e-01	-1.49150e-06	6.570000e-01	
74	6.660000e-01	-1.49554e-06	6.660000e-01	
75	6.750000e-01	-1.49956e-06	6.750000e-01	
76	6.840000e-01	-1.50356e-06	6.840000e-01	
77	6.930000e-01	-1.50755e-06	6.930000e-01	
78	7.020000e-01	-1.51152e-06	7.020000e-01	
79	7.110000e-01	-1.51548e-06	7.110000e-01	
80	7.200000e-01	-1.51942e-06	7.200000e-01	
81	7.290000e-01	-1.52334e-06	7.290000e-01	
82	7.380000e-01	-1.52725e-06	7.380000e-01	
83	7.470000e-01	-1.53114e-06	7.470000e-01	
84	7.560000e-01	-1.53502e-06	7.560000e-01	
85	7.650000e-01	-1.53888e-06	7.650000e-01	
86	7.740000e-01	-1.54274e-06	7.740000e-01	
87	7.830000e-01	-1.54657e-06	7.830000e-01	
88	7.920000e-01	-1.55040e-06	7.920000e-01	
89	8.010000e-01	-1.55421e-06	8.010000e-01	
90	8.100000e-01	-1.55801e-06	8.100000e-01	
91	8.190000e-01	-1.56180e-06	8.190000e-01	
92	8.280000e-01	-1.56558e-06	8.280000e-01	
93	8.370000e-01	-1.56934e-06	8.370000e-01	
94	8.460000e-01	-1.57310e-06	8.460000e-01	
95	8.550000e-01	-1.57684e-06	8.550000e-01	
96	8.640000e-01	-1.58058e-06	8.640000e-01	
97	8.730000e-01	-1.58430e-06	8.730000e-01	
98	8.820000e-01	-1.58801e-06	8.820000e-01	
99	8.910000e-01	-1.59172e-06	8.910000e-01	
100	9.000000e-01	-1.59541e-06	9.000000e-01	


Total analysis time (seconds) = 0.00854052

Total elapsed time (seconds) = 0.013 

Total DRAM available = 386307.215 MB.
DRAM currently available = 12812.613 MB.
Maximum ngspice program size =  529.719 MB.
Current ngspice program size =   14.141 MB.

Shared ngspice pages =   12.375 MB.
Text (code) pages =    6.266 MB.
Stack = 0 bytes.
Library pages =   59.137 MB.

