
Note: No compatibility mode selected!


Circuit: * mini-array n=8 layout

Warning: Model issue on line 7 :
  .model nfet bsimcmg_va type=1 bulkmod=0 bulkmod=0 igcmod=0 igbmod=0 gidl ...
unrecognized parameter (sasatcv) - ignored

Doing analysis at TEMP = 27.000000 and TNOM = 27.000000

Using SPARSE 1.3 as Direct Linear Solver

Initial Transient Solution
--------------------------

Node                                   Voltage
----                                   -------
pre                                     0.3375
bl0                                     0.3375
s                                            0
bltap0                                  0.3375
wl0                                          0
bl1                                     0.3375
bltap1                                  0.3375
wl1                                          0
bl2                                     0.3375
bltap2                                  0.3375
wl2                                          0
bl3                                     0.3375
bltap3                                  0.3375
wl3                                          0
bl4                                     0.3375
bltap4                                  0.3375
wl4                                          0
bl5                                     0.3375
bltap5                                  0.3375
wl5                                          0
bl6                                     0.3375
bltap6                                  0.3375
wl6                                          0
bl7                                     0.3375
bltap7                                  0.3375
wl7                                          0
plate0                                       0
cell0                                        0
plate1                                  0.3375
cell1                                   0.3375
plate2                                  0.3375
cell2                                   0.3375
plate3                                  0.3375
cell3                                   0.3375
plate4                                  0.3375
cell4                                   0.3375
plate5                                  0.3375
cell5                                   0.3375
plate6                                  0.3375
cell6                                   0.3375
plate7                                  0.3375
cell7                                   0.3375
vplate7#branch                               0
vwl7#branch                                  0
vplate6#branch                               0
vwl6#branch                                  0
vplate5#branch                               0
vwl5#branch                                  0
vplate4#branch                               0
vwl4#branch                                  0
vplate3#branch                               0
vwl3#branch                                  0
vplate2#branch                               0
vwl2#branch                                  0
vplate1#branch                               0
vwl1#branch                                  0
vplate0#branch                               0
vwl0#branch                                  0
vs#branch                                    0
vpre#branch                                  0


No. of Data Rows : 514

  Measurements for Transient Analysis

t_bl_settle         =  2.62001e-09
i_bl_leak           =  -2.27201e-10 from=  1.50000e-08 to=  2.50000e-08

                            * mini-array n=8 layout
                            Transient Analysis  Tue Jun 23 21:18:19  2026
--------------------------------------------------------------------------------
Index   time            v(bl0)          v(bl7)          vpre#branch     
--------------------------------------------------------------------------------
0	0.000000e+00	3.375000e-01	3.375000e-01	0.000000e+00	
1	5.000000e-13	3.375000e-01	3.375000e-01	-1.04270e-18	
2	1.000000e-12	3.375000e-01	3.375000e-01	-1.82091e-18	
3	2.000000e-12	3.375000e-01	3.375000e-01	-3.11677e-18	
4	4.000000e-12	3.375000e-01	3.375000e-01	-5.04049e-18	
5	8.000000e-12	3.375000e-01	3.375000e-01	-8.49472e-18	
6	1.600000e-11	3.375000e-01	3.375000e-01	-1.53649e-17	
7	3.200000e-11	3.375000e-01	3.375000e-01	-2.91322e-17	
8	6.400000e-11	3.375000e-01	3.375000e-01	-5.66430e-17	
9	1.140000e-10	3.375000e-01	3.375000e-01	-9.96473e-17	
10	1.640000e-10	3.375000e-01	3.375000e-01	-1.42637e-16	
11	2.140000e-10	3.375000e-01	3.375000e-01	-1.85640e-16	
12	2.640000e-10	3.375000e-01	3.375000e-01	-2.28629e-16	
13	3.140000e-10	3.375000e-01	3.375000e-01	-2.71632e-16	
14	3.640000e-10	3.375000e-01	3.375000e-01	-3.14622e-16	
15	4.140000e-10	3.375000e-01	3.375000e-01	-3.57624e-16	
16	4.640000e-10	3.375000e-01	3.375000e-01	-4.00613e-16	
17	5.140000e-10	3.375000e-01	3.375000e-01	-4.43615e-16	
18	5.640000e-10	3.375000e-01	3.375000e-01	-4.86604e-16	
19	6.140000e-10	3.374999e-01	3.374999e-01	-5.29605e-16	
20	6.640000e-10	3.374999e-01	3.374999e-01	-5.72594e-16	
21	7.140000e-10	3.374999e-01	3.374999e-01	-6.15594e-16	
22	7.640000e-10	3.374999e-01	3.374999e-01	-6.58583e-16	
23	8.140000e-10	3.374999e-01	3.374999e-01	-7.01583e-16	
24	8.640000e-10	3.374999e-01	3.374999e-01	-7.44572e-16	
25	9.140000e-10	3.374999e-01	3.374999e-01	-7.87571e-16	
26	9.570000e-10	3.374999e-01	3.374999e-01	-8.24541e-16	
27	1.000000e-09	3.374999e-01	3.374999e-01	-8.61521e-16	
28	1.005000e-09	3.375415e-01	3.375235e-01	4.150719e-13	
29	1.015000e-09	3.376077e-01	3.375836e-01	1.077105e-12	
30	1.035000e-09	3.377319e-01	3.377121e-01	2.318785e-12	
31	1.075000e-09	3.379865e-01	3.379630e-01	4.864812e-12	
32	1.125000e-09	3.383006e-01	3.382806e-01	8.006371e-12	
33	1.175000e-09	3.386180e-01	3.385949e-01	1.118045e-11	
34	1.225000e-09	3.389322e-01	3.389119e-01	1.432227e-11	
35	1.275000e-09	3.392488e-01	3.392259e-01	1.748803e-11	
36	1.325000e-09	3.395616e-01	3.395413e-01	2.061610e-11	
37	1.375000e-09	3.398740e-01	3.398516e-01	2.373956e-11	
38	1.425000e-09	3.401775e-01	3.401578e-01	2.677470e-11	
39	1.475000e-09	3.404700e-01	3.404496e-01	2.969976e-11	
40	1.525000e-09	3.407384e-01	3.407216e-01	3.238409e-11	
41	1.575000e-09	3.409762e-01	3.409603e-01	3.476172e-11	
42	1.625000e-09	3.411699e-01	3.411586e-01	3.669882e-11	
43	1.675000e-09	3.413142e-01	3.413053e-01	3.814185e-11	
44	1.725000e-09	3.413994e-01	3.413959e-01	3.899399e-11	
45	1.775000e-09	3.414233e-01	3.414231e-01	3.923295e-11	
46	1.825000e-09	3.413799e-01	3.413854e-01	3.879924e-11	
47	1.875000e-09	3.412696e-01	3.412788e-01	3.769565e-11	
48	1.925000e-09	3.410890e-01	3.411039e-01	3.589037e-11	
49	1.962500e-09	3.409090e-01	3.409267e-01	3.409035e-11	
50	2.000000e-09	3.406895e-01	3.407114e-01	3.189520e-11	
51	2.005000e-09	3.406162e-01	3.406561e-01	3.116245e-11	
52	2.015000e-09	3.404870e-01	3.405327e-01	2.986996e-11	
53	2.035000e-09	3.402392e-01	3.402799e-01	2.739179e-11	
54	2.075000e-09	3.397465e-01	3.397900e-01	2.246541e-11	

Index   time            v(bl0)          v(bl7)          vpre#branch     
--------------------------------------------------------------------------------
55	2.125000e-09	3.391518e-01	3.391906e-01	1.651814e-11	
56	2.175000e-09	3.385720e-01	3.386126e-01	1.071959e-11	
57	2.225000e-09	3.380127e-01	3.380493e-01	5.126729e-12	
58	2.275000e-09	3.374674e-01	3.375055e-01	-3.26359e-13	
59	2.325000e-09	3.369409e-01	3.369754e-01	-5.59147e-12	
60	2.375000e-09	3.364275e-01	3.364633e-01	-1.07253e-11	
61	2.425000e-09	3.359313e-01	3.359640e-01	-1.56870e-11	
62	2.475000e-09	3.354474e-01	3.354811e-01	-2.05255e-11	
63	2.525000e-09	3.349794e-01	3.350103e-01	-2.52062e-11	
64	2.575000e-09	3.345229e-01	3.345545e-01	-2.97712e-11	
65	2.625000e-09	3.340809e-01	3.341102e-01	-3.41913e-11	
66	2.675000e-09	3.336497e-01	3.336796e-01	-3.85028e-11	
67	2.725000e-09	3.332319e-01	3.332597e-01	-4.26810e-11	
68	2.775000e-09	3.328243e-01	3.328524e-01	-4.67573e-11	
69	2.825000e-09	3.324289e-01	3.324553e-01	-5.07107e-11	
70	2.875000e-09	3.320431e-01	3.320697e-01	-5.45686e-11	
71	2.925000e-09	3.316687e-01	3.316937e-01	-5.83130e-11	
72	2.975000e-09	3.313032e-01	3.313284e-01	-6.19678e-11	
73	3.025000e-09	3.309482e-01	3.309720e-01	-6.55177e-11	
74	3.075000e-09	3.306017e-01	3.306255e-01	-6.89835e-11	
75	3.125000e-09	3.302648e-01	3.302874e-01	-7.23521e-11	
76	3.175000e-09	3.299358e-01	3.299584e-01	-7.56417e-11	
77	3.225000e-09	3.296159e-01	3.296374e-01	-7.88413e-11	
78	3.275000e-09	3.293033e-01	3.293248e-01	-8.19667e-11	
79	3.325000e-09	3.289992e-01	3.290196e-01	-8.50084e-11	
80	3.375000e-09	3.287019e-01	3.287223e-01	-8.79805e-11	
81	3.425000e-09	3.284125e-01	3.284320e-01	-9.08747e-11	
82	3.475000e-09	3.281296e-01	3.281490e-01	-9.37035e-11	
83	3.525000e-09	3.278540e-01	3.278726e-01	-9.64598e-11	
84	3.575000e-09	3.275845e-01	3.276030e-01	-9.91546e-11	
85	3.625000e-09	3.273218e-01	3.273396e-01	-1.01782e-10	
86	3.675000e-09	3.270649e-01	3.270825e-01	-1.04351e-10	
87	3.725000e-09	3.268143e-01	3.268312e-01	-1.06857e-10	
88	3.775000e-09	3.265692e-01	3.265859e-01	-1.09308e-10	
89	3.825000e-09	3.263299e-01	3.263461e-01	-1.11701e-10	
90	3.875000e-09	3.260958e-01	3.261118e-01	-1.14042e-10	
91	3.925000e-09	3.258672e-01	3.258827e-01	-1.16328e-10	
92	3.975000e-09	3.256435e-01	3.256588e-01	-1.18565e-10	
93	4.025000e-09	3.254250e-01	3.254398e-01	-1.20750e-10	
94	4.075000e-09	3.252110e-01	3.252256e-01	-1.22890e-10	
95	4.125000e-09	3.250019e-01	3.250161e-01	-1.24981e-10	
96	4.175000e-09	3.247971e-01	3.248111e-01	-1.27029e-10	
97	4.225000e-09	3.245969e-01	3.246105e-01	-1.29031e-10	
98	4.275000e-09	3.244008e-01	3.244141e-01	-1.30992e-10	
99	4.325000e-09	3.242089e-01	3.242220e-01	-1.32911e-10	
100	4.375000e-09	3.240210e-01	3.240338e-01	-1.34790e-10	
101	4.425000e-09	3.238371e-01	3.238495e-01	-1.36629e-10	
102	4.475000e-09	3.236568e-01	3.236691e-01	-1.38432e-10	
103	4.525000e-09	3.234804e-01	3.234923e-01	-1.40196e-10	
104	4.575000e-09	3.233074e-01	3.233192e-01	-1.41926e-10	
105	4.625000e-09	3.231380e-01	3.231495e-01	-1.43620e-10	
106	4.675000e-09	3.229719e-01	3.229832e-01	-1.45281e-10	
107	4.725000e-09	3.228093e-01	3.228203e-01	-1.46907e-10	
108	4.775000e-09	3.226497e-01	3.226606e-01	-1.48503e-10	
109	4.825000e-09	3.224934e-01	3.225040e-01	-1.50066e-10	
110	4.875000e-09	3.223400e-01	3.223505e-01	-1.51600e-10	
111	4.925000e-09	3.221897e-01	3.222000e-01	-1.53103e-10	
112	4.975000e-09	3.220422e-01	3.220523e-01	-1.54578e-10	

Index   time            v(bl0)          v(bl7)          vpre#branch     
--------------------------------------------------------------------------------
113	5.025000e-09	3.218977e-01	3.219075e-01	-1.56023e-10	
114	5.075000e-09	3.217558e-01	3.217654e-01	-1.57442e-10	
115	5.125000e-09	3.216166e-01	3.216261e-01	-1.58834e-10	
116	5.175000e-09	3.214800e-01	3.214893e-01	-1.60200e-10	
117	5.225000e-09	3.213461e-01	3.213552e-01	-1.61539e-10	
118	5.275000e-09	3.212145e-01	3.212235e-01	-1.62855e-10	
119	5.325000e-09	3.210855e-01	3.210943e-01	-1.64145e-10	
120	5.375000e-09	3.209588e-01	3.209674e-01	-1.65412e-10	
121	5.425000e-09	3.208345e-01	3.208430e-01	-1.66655e-10	
122	5.475000e-09	3.207124e-01	3.207207e-01	-1.67876e-10	
123	5.525000e-09	3.205926e-01	3.206007e-01	-1.69074e-10	
124	5.575000e-09	3.204749e-01	3.204829e-01	-1.70251e-10	
125	5.625000e-09	3.203593e-01	3.203672e-01	-1.71407e-10	
126	5.675000e-09	3.202458e-01	3.202536e-01	-1.72542e-10	
127	5.725000e-09	3.201344e-01	3.201420e-01	-1.73656e-10	
128	5.775000e-09	3.200250e-01	3.200324e-01	-1.74750e-10	
129	5.825000e-09	3.199175e-01	3.199248e-01	-1.75825e-10	
130	5.875000e-09	3.198119e-01	3.198191e-01	-1.76881e-10	
131	5.925000e-09	3.197083e-01	3.197153e-01	-1.77917e-10	
132	5.975000e-09	3.196064e-01	3.196133e-01	-1.78936e-10	
133	6.025000e-09	3.195064e-01	3.195132e-01	-1.79936e-10	
134	6.075000e-09	3.194080e-01	3.194147e-01	-1.80920e-10	
135	6.125000e-09	3.193115e-01	3.193181e-01	-1.81885e-10	
136	6.175000e-09	3.192167e-01	3.192231e-01	-1.82833e-10	
137	6.225000e-09	3.191235e-01	3.191299e-01	-1.83765e-10	
138	6.275000e-09	3.190320e-01	3.190382e-01	-1.84680e-10	
139	6.325000e-09	3.189421e-01	3.189482e-01	-1.85579e-10	
140	6.375000e-09	3.188538e-01	3.188598e-01	-1.86462e-10	
141	6.425000e-09	3.187671e-01	3.187730e-01	-1.87329e-10	
142	6.475000e-09	3.186819e-01	3.186877e-01	-1.88181e-10	
143	6.525000e-09	3.185982e-01	3.186039e-01	-1.89018e-10	
144	6.575000e-09	3.185160e-01	3.185216e-01	-1.89840e-10	
145	6.625000e-09	3.184353e-01	3.184408e-01	-1.90647e-10	
146	6.675000e-09	3.183560e-01	3.183614e-01	-1.91440e-10	
147	6.725000e-09	3.182781e-01	3.182834e-01	-1.92219e-10	
148	6.775000e-09	3.182017e-01	3.182069e-01	-1.92983e-10	
149	6.825000e-09	3.181266e-01	3.181317e-01	-1.93734e-10	
150	6.875000e-09	3.180529e-01	3.180579e-01	-1.94471e-10	
151	6.925000e-09	3.179806e-01	3.179855e-01	-1.95194e-10	
152	6.975000e-09	3.179096e-01	3.179144e-01	-1.95904e-10	
153	7.025000e-09	3.178399e-01	3.178446e-01	-1.96601e-10	
154	7.075000e-09	3.177715e-01	3.177761e-01	-1.97285e-10	
155	7.125000e-09	3.177044e-01	3.177090e-01	-1.97956e-10	
156	7.175000e-09	3.176385e-01	3.176430e-01	-1.98615e-10	
157	7.225000e-09	3.175739e-01	3.175783e-01	-1.99261e-10	
158	7.275000e-09	3.175106e-01	3.175149e-01	-1.99894e-10	
159	7.325000e-09	3.174484e-01	3.174527e-01	-2.00516e-10	
160	7.375000e-09	3.173875e-01	3.173916e-01	-2.01125e-10	
161	7.425000e-09	3.173277e-01	3.173318e-01	-2.01723e-10	
162	7.475000e-09	3.172691e-01	3.172731e-01	-2.02309e-10	
163	7.525000e-09	3.172117e-01	3.172157e-01	-2.02883e-10	
164	7.575000e-09	3.171555e-01	3.171593e-01	-2.03445e-10	
165	7.625000e-09	3.171003e-01	3.171041e-01	-2.03997e-10	
166	7.675000e-09	3.170463e-01	3.170500e-01	-2.04537e-10	
167	7.725000e-09	3.169934e-01	3.169970e-01	-2.05066e-10	
168	7.775000e-09	3.169416e-01	3.169451e-01	-2.05584e-10	
169	7.825000e-09	3.168908e-01	3.168943e-01	-2.06092e-10	
170	7.875000e-09	3.168411e-01	3.168445e-01	-2.06589e-10	

Index   time            v(bl0)          v(bl7)          vpre#branch     
--------------------------------------------------------------------------------
171	7.925000e-09	3.167925e-01	3.167958e-01	-2.07075e-10	
172	7.975000e-09	3.167448e-01	3.167481e-01	-2.07552e-10	
173	8.025000e-09	3.166982e-01	3.167014e-01	-2.08018e-10	
174	8.075000e-09	3.166526e-01	3.166557e-01	-2.08474e-10	
175	8.125000e-09	3.166080e-01	3.166110e-01	-2.08920e-10	
176	8.175000e-09	3.165643e-01	3.165673e-01	-2.09357e-10	
177	8.225000e-09	3.165216e-01	3.165245e-01	-2.09784e-10	
178	8.275000e-09	3.164799e-01	3.164827e-01	-2.10201e-10	
179	8.325000e-09	3.164390e-01	3.164418e-01	-2.10610e-10	
180	8.375000e-09	3.163991e-01	3.164018e-01	-2.11009e-10	
181	8.425000e-09	3.163601e-01	3.163627e-01	-2.11399e-10	
182	8.475000e-09	3.163219e-01	3.163245e-01	-2.11781e-10	
183	8.525000e-09	3.162846e-01	3.162872e-01	-2.12154e-10	
184	8.575000e-09	3.162482e-01	3.162507e-01	-2.12518e-10	
185	8.625000e-09	3.162126e-01	3.162150e-01	-2.12874e-10	
186	8.675000e-09	3.161778e-01	3.161802e-01	-2.13222e-10	
187	8.725000e-09	3.161438e-01	3.161461e-01	-2.13562e-10	
188	8.775000e-09	3.161106e-01	3.161128e-01	-2.13894e-10	
189	8.825000e-09	3.160782e-01	3.160804e-01	-2.14218e-10	
190	8.875000e-09	3.160465e-01	3.160486e-01	-2.14535e-10	
191	8.925000e-09	3.160156e-01	3.160177e-01	-2.14844e-10	
192	8.975000e-09	3.159853e-01	3.159874e-01	-2.15147e-10	
193	9.025000e-09	3.159559e-01	3.159579e-01	-2.15441e-10	
194	9.075000e-09	3.159270e-01	3.159290e-01	-2.15730e-10	
195	9.125000e-09	3.158989e-01	3.159009e-01	-2.16011e-10	
196	9.175000e-09	3.158715e-01	3.158734e-01	-2.16285e-10	
197	9.225000e-09	3.158447e-01	3.158465e-01	-2.16553e-10	
198	9.275000e-09	3.158186e-01	3.158203e-01	-2.16814e-10	
199	9.325000e-09	3.157930e-01	3.157948e-01	-2.17070e-10	
200	9.375000e-09	3.157681e-01	3.157698e-01	-2.17319e-10	
201	9.425000e-09	3.157438e-01	3.157455e-01	-2.17562e-10	
202	9.475000e-09	3.157201e-01	3.157217e-01	-2.17799e-10	
203	9.525000e-09	3.156970e-01	3.156985e-01	-2.18030e-10	
204	9.575000e-09	3.156744e-01	3.156759e-01	-2.18256e-10	
205	9.625000e-09	3.156523e-01	3.156538e-01	-2.18477e-10	
206	9.675000e-09	3.156308e-01	3.156323e-01	-2.18692e-10	
207	9.725000e-09	3.156098e-01	3.156112e-01	-2.18902e-10	
208	9.775000e-09	3.155893e-01	3.155907e-01	-2.19107e-10	
209	9.825000e-09	3.155694e-01	3.155707e-01	-2.19306e-10	
210	9.875000e-09	3.155499e-01	3.155512e-01	-2.19501e-10	
211	9.925000e-09	3.155309e-01	3.155322e-01	-2.19691e-10	
212	9.975000e-09	3.155123e-01	3.155136e-01	-2.19877e-10	
213	1.002500e-08	3.154942e-01	3.154954e-01	-2.20058e-10	
214	1.007500e-08	3.154766e-01	3.154778e-01	-2.20234e-10	
215	1.012500e-08	3.154593e-01	3.154605e-01	-2.20407e-10	
216	1.017500e-08	3.154425e-01	3.154437e-01	-2.20575e-10	
217	1.022500e-08	3.154261e-01	3.154272e-01	-2.20739e-10	
218	1.027500e-08	3.154101e-01	3.154112e-01	-2.20899e-10	
219	1.032500e-08	3.153945e-01	3.153956e-01	-2.21055e-10	
220	1.037500e-08	3.153793e-01	3.153803e-01	-2.21207e-10	
221	1.042500e-08	3.153645e-01	3.153655e-01	-2.21355e-10	
222	1.047500e-08	3.153500e-01	3.153510e-01	-2.21500e-10	
223	1.052500e-08	3.153358e-01	3.153368e-01	-2.21642e-10	
224	1.057500e-08	3.153220e-01	3.153230e-01	-2.21780e-10	
225	1.062500e-08	3.153086e-01	3.153095e-01	-2.21914e-10	
226	1.067500e-08	3.152955e-01	3.152964e-01	-2.22045e-10	
227	1.072500e-08	3.152827e-01	3.152835e-01	-2.22173e-10	
228	1.077500e-08	3.152702e-01	3.152710e-01	-2.22298e-10	

Index   time            v(bl0)          v(bl7)          vpre#branch     
--------------------------------------------------------------------------------
229	1.082500e-08	3.152580e-01	3.152588e-01	-2.22420e-10	
230	1.087500e-08	3.152461e-01	3.152469e-01	-2.22539e-10	
231	1.092500e-08	3.152345e-01	3.152353e-01	-2.22655e-10	
232	1.097500e-08	3.152232e-01	3.152240e-01	-2.22768e-10	
233	1.102500e-08	3.152121e-01	3.152129e-01	-2.22879e-10	
234	1.107500e-08	3.152014e-01	3.152021e-01	-2.22986e-10	
235	1.112500e-08	3.151909e-01	3.151916e-01	-2.23091e-10	
236	1.117500e-08	3.151806e-01	3.151813e-01	-2.23194e-10	
237	1.122500e-08	3.151706e-01	3.151713e-01	-2.23294e-10	
238	1.127500e-08	3.151608e-01	3.151615e-01	-2.23392e-10	
239	1.132500e-08	3.151513e-01	3.151520e-01	-2.23487e-10	
240	1.137500e-08	3.151420e-01	3.151426e-01	-2.23580e-10	
241	1.142500e-08	3.151329e-01	3.151336e-01	-2.23671e-10	
242	1.147500e-08	3.151241e-01	3.151247e-01	-2.23759e-10	
243	1.152500e-08	3.151155e-01	3.151160e-01	-2.23845e-10	
244	1.157500e-08	3.151070e-01	3.151076e-01	-2.23930e-10	
245	1.162500e-08	3.150988e-01	3.150994e-01	-2.24012e-10	
246	1.167500e-08	3.150908e-01	3.150913e-01	-2.24092e-10	
247	1.172500e-08	3.150830e-01	3.150835e-01	-2.24170e-10	
248	1.177500e-08	3.150753e-01	3.150758e-01	-2.24247e-10	
249	1.182500e-08	3.150679e-01	3.150684e-01	-2.24321e-10	
250	1.187500e-08	3.150606e-01	3.150611e-01	-2.24394e-10	
251	1.192500e-08	3.150535e-01	3.150540e-01	-2.24465e-10	
252	1.197500e-08	3.150465e-01	3.150470e-01	-2.24535e-10	
253	1.202500e-08	3.150398e-01	3.150402e-01	-2.24602e-10	
254	1.207500e-08	3.150332e-01	3.150336e-01	-2.24668e-10	
255	1.212500e-08	3.150267e-01	3.150272e-01	-2.24733e-10	
256	1.217500e-08	3.150205e-01	3.150209e-01	-2.24795e-10	
257	1.222500e-08	3.150143e-01	3.150147e-01	-2.24857e-10	
258	1.227500e-08	3.150083e-01	3.150087e-01	-2.24917e-10	
259	1.232500e-08	3.150025e-01	3.150029e-01	-2.24975e-10	
260	1.237500e-08	3.149968e-01	3.149972e-01	-2.25032e-10	
261	1.242500e-08	3.149912e-01	3.149916e-01	-2.25088e-10	
262	1.247500e-08	3.149858e-01	3.149862e-01	-2.25142e-10	
263	1.252500e-08	3.149805e-01	3.149809e-01	-2.25195e-10	
264	1.257500e-08	3.149753e-01	3.149757e-01	-2.25247e-10	
265	1.262500e-08	3.149703e-01	3.149706e-01	-2.25297e-10	
266	1.267500e-08	3.149653e-01	3.149657e-01	-2.25347e-10	
267	1.272500e-08	3.149605e-01	3.149609e-01	-2.25395e-10	
268	1.277500e-08	3.149558e-01	3.149562e-01	-2.25442e-10	
269	1.282500e-08	3.149513e-01	3.149516e-01	-2.25487e-10	
270	1.287500e-08	3.149468e-01	3.149471e-01	-2.25532e-10	
271	1.292500e-08	3.149424e-01	3.149427e-01	-2.25576e-10	
272	1.297500e-08	3.149382e-01	3.149385e-01	-2.25618e-10	
273	1.302500e-08	3.149340e-01	3.149343e-01	-2.25660e-10	
274	1.307500e-08	3.149299e-01	3.149302e-01	-2.25701e-10	
275	1.312500e-08	3.149260e-01	3.149263e-01	-2.25740e-10	
276	1.317500e-08	3.149221e-01	3.149224e-01	-2.25779e-10	
277	1.322500e-08	3.149184e-01	3.149186e-01	-2.25816e-10	
278	1.327500e-08	3.149147e-01	3.149149e-01	-2.25853e-10	
279	1.332500e-08	3.149111e-01	3.149113e-01	-2.25889e-10	
280	1.337500e-08	3.149076e-01	3.149078e-01	-2.25924e-10	
281	1.342500e-08	3.149041e-01	3.149044e-01	-2.25959e-10	
282	1.347500e-08	3.149008e-01	3.149010e-01	-2.25992e-10	
283	1.352500e-08	3.148975e-01	3.148978e-01	-2.26025e-10	
284	1.357500e-08	3.148943e-01	3.148946e-01	-2.26057e-10	
285	1.362500e-08	3.148912e-01	3.148914e-01	-2.26088e-10	
286	1.367500e-08	3.148882e-01	3.148884e-01	-2.26118e-10	

Index   time            v(bl0)          v(bl7)          vpre#branch     
--------------------------------------------------------------------------------
287	1.372500e-08	3.148852e-01	3.148854e-01	-2.26148e-10	
288	1.377500e-08	3.148823e-01	3.148825e-01	-2.26177e-10	
289	1.382500e-08	3.148795e-01	3.148797e-01	-2.26205e-10	
290	1.387500e-08	3.148768e-01	3.148770e-01	-2.26232e-10	
291	1.392500e-08	3.148741e-01	3.148743e-01	-2.26259e-10	
292	1.397500e-08	3.148715e-01	3.148716e-01	-2.26285e-10	
293	1.402500e-08	3.148689e-01	3.148691e-01	-2.26311e-10	
294	1.407500e-08	3.148664e-01	3.148666e-01	-2.26336e-10	
295	1.412500e-08	3.148640e-01	3.148641e-01	-2.26360e-10	
296	1.417500e-08	3.148616e-01	3.148617e-01	-2.26384e-10	
297	1.422500e-08	3.148593e-01	3.148594e-01	-2.26407e-10	
298	1.427500e-08	3.148570e-01	3.148571e-01	-2.26430e-10	
299	1.432500e-08	3.148548e-01	3.148549e-01	-2.26452e-10	
300	1.437500e-08	3.148526e-01	3.148528e-01	-2.26474e-10	
301	1.442500e-08	3.148505e-01	3.148506e-01	-2.26495e-10	
302	1.447500e-08	3.148484e-01	3.148486e-01	-2.26516e-10	
303	1.452500e-08	3.148464e-01	3.148466e-01	-2.26536e-10	
304	1.457500e-08	3.148445e-01	3.148446e-01	-2.26555e-10	
305	1.462500e-08	3.148426e-01	3.148427e-01	-2.26574e-10	
306	1.467500e-08	3.148407e-01	3.148408e-01	-2.26593e-10	
307	1.472500e-08	3.148389e-01	3.148390e-01	-2.26611e-10	
308	1.477500e-08	3.148371e-01	3.148372e-01	-2.26629e-10	
309	1.482500e-08	3.148354e-01	3.148355e-01	-2.26646e-10	
310	1.487500e-08	3.148337e-01	3.148338e-01	-2.26663e-10	
311	1.492500e-08	3.148320e-01	3.148321e-01	-2.26680e-10	
312	1.497500e-08	3.148304e-01	3.148305e-01	-2.26696e-10	
313	1.502500e-08	3.148288e-01	3.148289e-01	-2.26712e-10	
314	1.507500e-08	3.148273e-01	3.148274e-01	-2.26727e-10	
315	1.512500e-08	3.148258e-01	3.148259e-01	-2.26742e-10	
316	1.517500e-08	3.148243e-01	3.148244e-01	-2.26757e-10	
317	1.522500e-08	3.148229e-01	3.148230e-01	-2.26771e-10	
318	1.527500e-08	3.148215e-01	3.148216e-01	-2.26785e-10	
319	1.532500e-08	3.148201e-01	3.148202e-01	-2.26799e-10	
320	1.537500e-08	3.148188e-01	3.148189e-01	-2.26812e-10	
321	1.542500e-08	3.148175e-01	3.148176e-01	-2.26825e-10	
322	1.547500e-08	3.148162e-01	3.148163e-01	-2.26838e-10	
323	1.552500e-08	3.148150e-01	3.148151e-01	-2.26850e-10	
324	1.557500e-08	3.148138e-01	3.148139e-01	-2.26862e-10	
325	1.562500e-08	3.148126e-01	3.148127e-01	-2.26874e-10	
326	1.567500e-08	3.148115e-01	3.148116e-01	-2.26885e-10	
327	1.572500e-08	3.148104e-01	3.148104e-01	-2.26896e-10	
328	1.577500e-08	3.148093e-01	3.148094e-01	-2.26907e-10	
329	1.582500e-08	3.148082e-01	3.148083e-01	-2.26918e-10	
330	1.587500e-08	3.148072e-01	3.148073e-01	-2.26928e-10	
331	1.592500e-08	3.148062e-01	3.148062e-01	-2.26938e-10	
332	1.597500e-08	3.148052e-01	3.148052e-01	-2.26948e-10	
333	1.602500e-08	3.148042e-01	3.148043e-01	-2.26958e-10	
334	1.607500e-08	3.148033e-01	3.148033e-01	-2.26967e-10	
335	1.612500e-08	3.148024e-01	3.148024e-01	-2.26976e-10	
336	1.617500e-08	3.148015e-01	3.148015e-01	-2.26985e-10	
337	1.622500e-08	3.148006e-01	3.148007e-01	-2.26994e-10	
338	1.627500e-08	3.147997e-01	3.147998e-01	-2.27003e-10	
339	1.632500e-08	3.147989e-01	3.147990e-01	-2.27011e-10	
340	1.637500e-08	3.147981e-01	3.147982e-01	-2.27019e-10	
341	1.642500e-08	3.147973e-01	3.147974e-01	-2.27027e-10	
342	1.647500e-08	3.147965e-01	3.147966e-01	-2.27035e-10	
343	1.652500e-08	3.147958e-01	3.147958e-01	-2.27042e-10	
344	1.657500e-08	3.147951e-01	3.147951e-01	-2.27049e-10	

Index   time            v(bl0)          v(bl7)          vpre#branch     
--------------------------------------------------------------------------------
345	1.662500e-08	3.147943e-01	3.147944e-01	-2.27057e-10	
346	1.667500e-08	3.147936e-01	3.147937e-01	-2.27064e-10	
347	1.672500e-08	3.147930e-01	3.147930e-01	-2.27070e-10	
348	1.677500e-08	3.147923e-01	3.147924e-01	-2.27077e-10	
349	1.682500e-08	3.147917e-01	3.147917e-01	-2.27083e-10	
350	1.687500e-08	3.147910e-01	3.147911e-01	-2.27090e-10	
351	1.692500e-08	3.147904e-01	3.147905e-01	-2.27096e-10	
352	1.697500e-08	3.147898e-01	3.147899e-01	-2.27102e-10	
353	1.702500e-08	3.147892e-01	3.147893e-01	-2.27108e-10	
354	1.707500e-08	3.147887e-01	3.147887e-01	-2.27113e-10	
355	1.712500e-08	3.147881e-01	3.147882e-01	-2.27119e-10	
356	1.717500e-08	3.147876e-01	3.147876e-01	-2.27124e-10	
357	1.722500e-08	3.147871e-01	3.147871e-01	-2.27129e-10	
358	1.727500e-08	3.147865e-01	3.147866e-01	-2.27135e-10	
359	1.732500e-08	3.147860e-01	3.147861e-01	-2.27140e-10	
360	1.737500e-08	3.147856e-01	3.147856e-01	-2.27144e-10	
361	1.742500e-08	3.147851e-01	3.147851e-01	-2.27149e-10	
362	1.747500e-08	3.147846e-01	3.147846e-01	-2.27154e-10	
363	1.752500e-08	3.147842e-01	3.147842e-01	-2.27158e-10	
364	1.757500e-08	3.147837e-01	3.147838e-01	-2.27163e-10	
365	1.762500e-08	3.147833e-01	3.147833e-01	-2.27167e-10	
366	1.767500e-08	3.147829e-01	3.147829e-01	-2.27171e-10	
367	1.772500e-08	3.147825e-01	3.147825e-01	-2.27175e-10	
368	1.777500e-08	3.147821e-01	3.147821e-01	-2.27179e-10	
369	1.782500e-08	3.147817e-01	3.147817e-01	-2.27183e-10	
370	1.787500e-08	3.147813e-01	3.147813e-01	-2.27187e-10	
371	1.792500e-08	3.147810e-01	3.147810e-01	-2.27190e-10	
372	1.797500e-08	3.147806e-01	3.147806e-01	-2.27194e-10	
373	1.802500e-08	3.147803e-01	3.147803e-01	-2.27197e-10	
374	1.807500e-08	3.147799e-01	3.147799e-01	-2.27201e-10	
375	1.812500e-08	3.147796e-01	3.147796e-01	-2.27204e-10	
376	1.817500e-08	3.147793e-01	3.147793e-01	-2.27207e-10	
377	1.822500e-08	3.147790e-01	3.147790e-01	-2.27210e-10	
378	1.827500e-08	3.147787e-01	3.147787e-01	-2.27213e-10	
379	1.832500e-08	3.147784e-01	3.147784e-01	-2.27216e-10	
380	1.837500e-08	3.147781e-01	3.147781e-01	-2.27219e-10	
381	1.842500e-08	3.147778e-01	3.147778e-01	-2.27222e-10	
382	1.847500e-08	3.147775e-01	3.147775e-01	-2.27225e-10	
383	1.852500e-08	3.147773e-01	3.147773e-01	-2.27227e-10	
384	1.857500e-08	3.147770e-01	3.147770e-01	-2.27230e-10	
385	1.862500e-08	3.147768e-01	3.147768e-01	-2.27232e-10	
386	1.867500e-08	3.147765e-01	3.147765e-01	-2.27235e-10	
387	1.872500e-08	3.147763e-01	3.147763e-01	-2.27237e-10	
388	1.877500e-08	3.147760e-01	3.147761e-01	-2.27240e-10	
389	1.882500e-08	3.147758e-01	3.147758e-01	-2.27242e-10	
390	1.887500e-08	3.147756e-01	3.147756e-01	-2.27244e-10	
391	1.892500e-08	3.147754e-01	3.147754e-01	-2.27246e-10	
392	1.897500e-08	3.147752e-01	3.147752e-01	-2.27248e-10	
393	1.902500e-08	3.147750e-01	3.147750e-01	-2.27250e-10	
394	1.907500e-08	3.147748e-01	3.147748e-01	-2.27252e-10	
395	1.912500e-08	3.147746e-01	3.147746e-01	-2.27254e-10	
396	1.917500e-08	3.147744e-01	3.147745e-01	-2.27256e-10	
397	1.922500e-08	3.147743e-01	3.147743e-01	-2.27257e-10	
398	1.927500e-08	3.147741e-01	3.147741e-01	-2.27259e-10	
399	1.932500e-08	3.147739e-01	3.147739e-01	-2.27261e-10	
400	1.937500e-08	3.147738e-01	3.147738e-01	-2.27262e-10	
401	1.942500e-08	3.147736e-01	3.147736e-01	-2.27264e-10	
402	1.947500e-08	3.147735e-01	3.147735e-01	-2.27265e-10	

Index   time            v(bl0)          v(bl7)          vpre#branch     
--------------------------------------------------------------------------------
403	1.952500e-08	3.147733e-01	3.147733e-01	-2.27267e-10	
404	1.957500e-08	3.147732e-01	3.147732e-01	-2.27268e-10	
405	1.962500e-08	3.147730e-01	3.147730e-01	-2.27270e-10	
406	1.967500e-08	3.147729e-01	3.147729e-01	-2.27271e-10	
407	1.972500e-08	3.147728e-01	3.147728e-01	-2.27272e-10	
408	1.977500e-08	3.147726e-01	3.147727e-01	-2.27274e-10	
409	1.982500e-08	3.147725e-01	3.147725e-01	-2.27275e-10	
410	1.987500e-08	3.147724e-01	3.147724e-01	-2.27276e-10	
411	1.992500e-08	3.147723e-01	3.147723e-01	-2.27277e-10	
412	1.997500e-08	3.147722e-01	3.147722e-01	-2.27278e-10	
413	2.002500e-08	3.147721e-01	3.147721e-01	-2.27279e-10	
414	2.007500e-08	3.147720e-01	3.147720e-01	-2.27280e-10	
415	2.012500e-08	3.147719e-01	3.147719e-01	-2.27281e-10	
416	2.017500e-08	3.147718e-01	3.147718e-01	-2.27282e-10	
417	2.022500e-08	3.147717e-01	3.147717e-01	-2.27283e-10	
418	2.027500e-08	3.147716e-01	3.147716e-01	-2.27284e-10	
419	2.032500e-08	3.147715e-01	3.147715e-01	-2.27285e-10	
420	2.037500e-08	3.147714e-01	3.147714e-01	-2.27286e-10	
421	2.042500e-08	3.147714e-01	3.147714e-01	-2.27286e-10	
422	2.047500e-08	3.147713e-01	3.147713e-01	-2.27287e-10	
423	2.052500e-08	3.147712e-01	3.147712e-01	-2.27288e-10	
424	2.057500e-08	3.147711e-01	3.147711e-01	-2.27289e-10	
425	2.062500e-08	3.147711e-01	3.147711e-01	-2.27289e-10	
426	2.067500e-08	3.147710e-01	3.147710e-01	-2.27290e-10	
427	2.072500e-08	3.147709e-01	3.147709e-01	-2.27291e-10	
428	2.077500e-08	3.147709e-01	3.147709e-01	-2.27291e-10	
429	2.082500e-08	3.147708e-01	3.147708e-01	-2.27292e-10	
430	2.087500e-08	3.147708e-01	3.147708e-01	-2.27292e-10	
431	2.092500e-08	3.147707e-01	3.147707e-01	-2.27293e-10	
432	2.097500e-08	3.147707e-01	3.147707e-01	-2.27293e-10	
433	2.102500e-08	3.147706e-01	3.147706e-01	-2.27294e-10	
434	2.107500e-08	3.147706e-01	3.147706e-01	-2.27294e-10	
435	2.112500e-08	3.147705e-01	3.147705e-01	-2.27295e-10	
436	2.117500e-08	3.147705e-01	3.147705e-01	-2.27295e-10	
437	2.122500e-08	3.147704e-01	3.147704e-01	-2.27296e-10	
438	2.127500e-08	3.147704e-01	3.147704e-01	-2.27296e-10	
439	2.132500e-08	3.147704e-01	3.147704e-01	-2.27296e-10	
440	2.137500e-08	3.147703e-01	3.147703e-01	-2.27297e-10	
441	2.142500e-08	3.147703e-01	3.147703e-01	-2.27297e-10	
442	2.147500e-08	3.147703e-01	3.147703e-01	-2.27297e-10	
443	2.152500e-08	3.147702e-01	3.147702e-01	-2.27298e-10	
444	2.157500e-08	3.147702e-01	3.147702e-01	-2.27298e-10	
445	2.162500e-08	3.147702e-01	3.147702e-01	-2.27298e-10	
446	2.167500e-08	3.147702e-01	3.147702e-01	-2.27298e-10	
447	2.172500e-08	3.147702e-01	3.147702e-01	-2.27298e-10	
448	2.177500e-08	3.147701e-01	3.147701e-01	-2.27299e-10	
449	2.182500e-08	3.147701e-01	3.147701e-01	-2.27299e-10	
450	2.187500e-08	3.147701e-01	3.147701e-01	-2.27299e-10	
451	2.192500e-08	3.147701e-01	3.147701e-01	-2.27299e-10	
452	2.197500e-08	3.147701e-01	3.147701e-01	-2.27299e-10	
453	2.202500e-08	3.147701e-01	3.147701e-01	-2.27299e-10	
454	2.207500e-08	3.147700e-01	3.147700e-01	-2.27300e-10	
455	2.212500e-08	3.147700e-01	3.147700e-01	-2.27300e-10	
456	2.217500e-08	3.147700e-01	3.147700e-01	-2.27300e-10	
457	2.222500e-08	3.147700e-01	3.147700e-01	-2.27300e-10	
458	2.227500e-08	3.147700e-01	3.147700e-01	-2.27300e-10	
459	2.232500e-08	3.147700e-01	3.147700e-01	-2.27300e-10	
460	2.237500e-08	3.147700e-01	3.147700e-01	-2.27300e-10	

Index   time            v(bl0)          v(bl7)          vpre#branch     
--------------------------------------------------------------------------------
461	2.242500e-08	3.147700e-01	3.147700e-01	-2.27300e-10	
462	2.247500e-08	3.147700e-01	3.147700e-01	-2.27300e-10	
463	2.252500e-08	3.147700e-01	3.147700e-01	-2.27300e-10	
464	2.257500e-08	3.147700e-01	3.147700e-01	-2.27300e-10	
465	2.262500e-08	3.147700e-01	3.147700e-01	-2.27300e-10	
466	2.267500e-08	3.147700e-01	3.147700e-01	-2.27300e-10	
467	2.272500e-08	3.147700e-01	3.147700e-01	-2.27300e-10	
468	2.277500e-08	3.147700e-01	3.147700e-01	-2.27300e-10	
469	2.282500e-08	3.147700e-01	3.147700e-01	-2.27300e-10	
470	2.287500e-08	3.147700e-01	3.147700e-01	-2.27300e-10	
471	2.292500e-08	3.147701e-01	3.147701e-01	-2.27299e-10	
472	2.297500e-08	3.147701e-01	3.147701e-01	-2.27299e-10	
473	2.302500e-08	3.147701e-01	3.147701e-01	-2.27299e-10	
474	2.307500e-08	3.147701e-01	3.147701e-01	-2.27299e-10	
475	2.312500e-08	3.147701e-01	3.147701e-01	-2.27299e-10	
476	2.317500e-08	3.147701e-01	3.147701e-01	-2.27299e-10	
477	2.322500e-08	3.147701e-01	3.147701e-01	-2.27299e-10	
478	2.327500e-08	3.147701e-01	3.147701e-01	-2.27299e-10	
479	2.332500e-08	3.147702e-01	3.147702e-01	-2.27298e-10	
480	2.337500e-08	3.147702e-01	3.147702e-01	-2.27298e-10	
481	2.342500e-08	3.147702e-01	3.147702e-01	-2.27298e-10	
482	2.347500e-08	3.147702e-01	3.147702e-01	-2.27298e-10	
483	2.352500e-08	3.147702e-01	3.147702e-01	-2.27298e-10	
484	2.357500e-08	3.147702e-01	3.147702e-01	-2.27298e-10	
485	2.362500e-08	3.147703e-01	3.147703e-01	-2.27297e-10	
486	2.367500e-08	3.147703e-01	3.147703e-01	-2.27297e-10	
487	2.372500e-08	3.147703e-01	3.147703e-01	-2.27297e-10	
488	2.377500e-08	3.147703e-01	3.147703e-01	-2.27297e-10	
489	2.382500e-08	3.147703e-01	3.147703e-01	-2.27297e-10	
490	2.387500e-08	3.147704e-01	3.147704e-01	-2.27296e-10	
491	2.392500e-08	3.147704e-01	3.147704e-01	-2.27296e-10	
492	2.397500e-08	3.147704e-01	3.147704e-01	-2.27296e-10	
493	2.402500e-08	3.147704e-01	3.147704e-01	-2.27296e-10	
494	2.407500e-08	3.147705e-01	3.147705e-01	-2.27295e-10	
495	2.412500e-08	3.147705e-01	3.147705e-01	-2.27295e-10	
496	2.417500e-08	3.147705e-01	3.147705e-01	-2.27295e-10	
497	2.422500e-08	3.147705e-01	3.147705e-01	-2.27295e-10	
498	2.427500e-08	3.147706e-01	3.147706e-01	-2.27294e-10	
499	2.432500e-08	3.147706e-01	3.147706e-01	-2.27294e-10	
500	2.437500e-08	3.147706e-01	3.147706e-01	-2.27294e-10	
501	2.442500e-08	3.147707e-01	3.147707e-01	-2.27293e-10	
502	2.447500e-08	3.147707e-01	3.147707e-01	-2.27293e-10	
503	2.452500e-08	3.147707e-01	3.147707e-01	-2.27293e-10	
504	2.457500e-08	3.147707e-01	3.147707e-01	-2.27293e-10	
505	2.462500e-08	3.147708e-01	3.147708e-01	-2.27292e-10	
506	2.467500e-08	3.147708e-01	3.147708e-01	-2.27292e-10	
507	2.472500e-08	3.147708e-01	3.147708e-01	-2.27292e-10	
508	2.477500e-08	3.147709e-01	3.147709e-01	-2.27291e-10	
509	2.482500e-08	3.147709e-01	3.147709e-01	-2.27291e-10	
510	2.487500e-08	3.147709e-01	3.147709e-01	-2.27291e-10	
511	2.492500e-08	3.147710e-01	3.147710e-01	-2.27290e-10	
512	2.496250e-08	3.147710e-01	3.147710e-01	-2.27290e-10	
513	2.500000e-08	3.147710e-01	3.147710e-01	-2.27290e-10	


Total analysis time (seconds) = 0.171404

Total elapsed time (seconds) = 0.181 

Total DRAM available = 386307.215 MB.
DRAM currently available = 12737.934 MB.
Maximum ngspice program size =  529.848 MB.
Current ngspice program size =   14.273 MB.

Shared ngspice pages =   12.332 MB.
Text (code) pages =    6.266 MB.
Stack = 0 bytes.
Library pages =   59.266 MB.

