
Note: No compatibility mode selected!


Circuit: * 1t1c ccell=20.0ff

Warning: Model issue on line 7 :
  .model nfet bsimcmg_va type=1 bulkmod=0 bulkmod=0 igcmod=0 igbmod=0 gidl ...
unrecognized parameter (sasatcv) - ignored

Doing analysis at TEMP = 27.000000 and TNOM = 27.000000

Using SPARSE 1.3 as Direct Linear Solver

Initial Transient Solution
--------------------------

Node                                   Voltage
----                                   -------
pre                                     0.3375
bl                                      0.3375
wl                                           0
plate                                        0
s                                            0
cell                                         0
vs#branch                                    0
vpl#branch                                   0
vwl#branch                                   0
vpre#branch                                  0


No. of Data Rows : 832

  Measurements for Transient Analysis


Error: measure  t_read  find(AT) : out of interval
 .measure tran t_read find time when v(cell)=0.337500 cross=1 from=12n to=23n failed!

t_write             =  1.90106e-09
i_hold              =  -4.14965e-10 from=  2.50000e-08 to=  3.50250e-08
q_read              =   1.18912e-19 from=  1.20000e-08 to=  2.20000e-08

                              * 1t1c ccell=20.0ff
                              Transient Analysis  Wed Jun 24 01:09:38  2026
--------------------------------------------------------------------------------
Index   time            v(cell)         v(bl)           vpre#branch     
--------------------------------------------------------------------------------
0	0.000000e+00	0.000000e+00	3.375000e-01	0.000000e+00	
1	5.000000e-13	4.643637e-10	3.374995e-01	-5.12222e-15	
2	1.000000e-12	9.286296e-10	3.374991e-01	-9.05567e-15	
3	2.000000e-12	1.857116e-09	3.374983e-01	-1.69209e-14	
4	4.000000e-12	3.714052e-09	3.374967e-01	-3.26413e-14	
5	8.000000e-12	7.427943e-09	3.374936e-01	-6.40423e-14	
6	1.600000e-11	1.485569e-08	3.374873e-01	-1.26685e-13	
7	3.200000e-11	2.971113e-08	3.374749e-01	-2.51335e-13	
8	6.400000e-11	5.942171e-08	3.374502e-01	-4.98117e-13	
9	1.140000e-10	1.058438e-07	3.374123e-01	-8.77085e-13	
10	1.640000e-10	1.522650e-07	3.373752e-01	-1.24811e-12	
11	2.140000e-10	1.986853e-07	3.373389e-01	-1.61135e-12	
12	2.640000e-10	2.451048e-07	3.373033e-01	-1.96698e-12	
13	3.140000e-10	2.915235e-07	3.372685e-01	-2.31515e-12	
14	3.640000e-10	3.379414e-07	3.372344e-01	-2.65602e-12	
15	4.140000e-10	3.843584e-07	3.372010e-01	-2.98975e-12	
16	4.640000e-10	4.307747e-07	3.371684e-01	-3.31648e-12	
17	5.140000e-10	4.771903e-07	3.371364e-01	-3.63636e-12	
18	5.640000e-10	5.236051e-07	3.371050e-01	-3.94953e-12	
19	6.140000e-10	5.700191e-07	3.370744e-01	-4.25614e-12	
20	6.640000e-10	6.164324e-07	3.370444e-01	-4.55632e-12	
21	7.140000e-10	6.628451e-07	3.370150e-01	-4.85021e-12	
22	7.640000e-10	7.092570e-07	3.369862e-01	-5.13793e-12	
23	8.140000e-10	7.556683e-07	3.369580e-01	-5.41962e-12	
24	8.640000e-10	8.020788e-07	3.369305e-01	-5.69541e-12	
25	9.140000e-10	8.484888e-07	3.369035e-01	-5.96541e-12	
26	9.570000e-10	8.884008e-07	3.368807e-01	-6.19308e-12	
27	1.000000e-09	9.283124e-07	3.368583e-01	-6.41664e-12	
28	1.005000e-09	3.372068e-03	3.368560e-01	-6.44040e-12	
29	1.015000e-09	1.011412e-02	3.368519e-01	-6.48063e-12	
30	1.035000e-09	2.359820e-02	3.368476e-01	-6.52353e-12	
31	1.075000e-09	5.056636e-02	3.368493e-01	-6.50677e-12	
32	1.125000e-09	8.427655e-02	3.368605e-01	-6.39507e-12	
33	1.175000e-09	1.179867e-01	3.368737e-01	-6.26328e-12	
34	1.225000e-09	1.516969e-01	3.368867e-01	-6.13284e-12	
35	1.275000e-09	1.854071e-01	3.368995e-01	-6.00463e-12	
36	1.325000e-09	2.191173e-01	3.369121e-01	-5.87894e-12	
37	1.375000e-09	2.528275e-01	3.369244e-01	-5.75583e-12	
38	1.425000e-09	2.865377e-01	3.369365e-01	-5.63527e-12	
39	1.475000e-09	3.202479e-01	3.369483e-01	-5.51723e-12	
40	1.525000e-09	3.539581e-01	3.369598e-01	-5.40166e-12	
41	1.575000e-09	3.876683e-01	3.369712e-01	-5.28850e-12	
42	1.625000e-09	4.213784e-01	3.369822e-01	-5.17771e-12	
43	1.675000e-09	4.550886e-01	3.369931e-01	-5.06924e-12	
44	1.725000e-09	4.887988e-01	3.370037e-01	-4.96305e-12	
45	1.775000e-09	5.225090e-01	3.370141e-01	-4.85908e-12	
46	1.825000e-09	5.562192e-01	3.370243e-01	-4.75728e-12	
47	1.875000e-09	5.899294e-01	3.370342e-01	-4.65762e-12	
48	1.925000e-09	6.236396e-01	3.370440e-01	-4.56004e-12	
49	1.962500e-09	6.489222e-01	3.370512e-01	-4.48821e-12	
50	2.000000e-09	6.742049e-01	3.370582e-01	-4.41750e-12	
51	2.005000e-09	6.742047e-01	3.370592e-01	-4.40817e-12	
52	2.015000e-09	6.742047e-01	3.370610e-01	-4.38954e-12	
53	2.035000e-09	6.742047e-01	3.370647e-01	-4.35253e-12	
54	2.075000e-09	6.742047e-01	3.370721e-01	-4.27942e-12	

Index   time            v(cell)         v(bl)           vpre#branch     
--------------------------------------------------------------------------------
55	2.125000e-09	6.742047e-01	3.370810e-01	-4.18977e-12	
56	2.175000e-09	6.742047e-01	3.370898e-01	-4.10199e-12	
57	2.225000e-09	6.742047e-01	3.370984e-01	-4.01606e-12	
58	2.275000e-09	6.742047e-01	3.371068e-01	-3.93192e-12	
59	2.325000e-09	6.742047e-01	3.371150e-01	-3.84954e-12	
60	2.375000e-09	6.742047e-01	3.371231e-01	-3.76889e-12	
61	2.425000e-09	6.742047e-01	3.371310e-01	-3.68993e-12	
62	2.475000e-09	6.742047e-01	3.371387e-01	-3.61262e-12	
63	2.525000e-09	6.742047e-01	3.371463e-01	-3.53694e-12	
64	2.575000e-09	6.742047e-01	3.371537e-01	-3.46283e-12	
65	2.625000e-09	6.742047e-01	3.371610e-01	-3.39028e-12	
66	2.675000e-09	6.742047e-01	3.371681e-01	-3.31925e-12	
67	2.725000e-09	6.742047e-01	3.371750e-01	-3.24971e-12	
68	2.775000e-09	6.742047e-01	3.371818e-01	-3.18163e-12	
69	2.825000e-09	6.742047e-01	3.371885e-01	-3.11497e-12	
70	2.875000e-09	6.742047e-01	3.371950e-01	-3.04970e-12	
71	2.925000e-09	6.742047e-01	3.372014e-01	-2.98581e-12	
72	2.975000e-09	6.742047e-01	3.372077e-01	-2.92325e-12	
73	3.025000e-09	6.742047e-01	3.372138e-01	-2.86200e-12	
74	3.075000e-09	6.742047e-01	3.372198e-01	-2.80204e-12	
75	3.125000e-09	6.742047e-01	3.372257e-01	-2.74333e-12	
76	3.175000e-09	6.742047e-01	3.372314e-01	-2.68585e-12	
77	3.225000e-09	6.742047e-01	3.372370e-01	-2.62957e-12	
78	3.275000e-09	6.742047e-01	3.372426e-01	-2.57448e-12	
79	3.325000e-09	6.742047e-01	3.372479e-01	-2.52053e-12	
80	3.375000e-09	6.742047e-01	3.372532e-01	-2.46772e-12	
81	3.425000e-09	6.742047e-01	3.372584e-01	-2.41601e-12	
82	3.475000e-09	6.742047e-01	3.372635e-01	-2.36539e-12	
83	3.525000e-09	6.742047e-01	3.372684e-01	-2.31583e-12	
84	3.575000e-09	6.742047e-01	3.372733e-01	-2.26730e-12	
85	3.625000e-09	6.742047e-01	3.372780e-01	-2.21979e-12	
86	3.675000e-09	6.742047e-01	3.372827e-01	-2.17328e-12	
87	3.725000e-09	6.742047e-01	3.372872e-01	-2.12774e-12	
88	3.775000e-09	6.742047e-01	3.372917e-01	-2.08316e-12	
89	3.825000e-09	6.742047e-01	3.372960e-01	-2.03951e-12	
90	3.875000e-09	6.742047e-01	3.373003e-01	-1.99677e-12	
91	3.925000e-09	6.742047e-01	3.373045e-01	-1.95493e-12	
92	3.975000e-09	6.742047e-01	3.373086e-01	-1.91396e-12	
93	4.025000e-09	6.742047e-01	3.373126e-01	-1.87385e-12	
94	4.075000e-09	6.742047e-01	3.373165e-01	-1.83459e-12	
95	4.125000e-09	6.742047e-01	3.373204e-01	-1.79614e-12	
96	4.175000e-09	6.742047e-01	3.373241e-01	-1.75850e-12	
97	4.225000e-09	6.742047e-01	3.373278e-01	-1.72165e-12	
98	4.275000e-09	6.742047e-01	3.373314e-01	-1.68557e-12	
99	4.325000e-09	6.742047e-01	3.373350e-01	-1.65025e-12	
100	4.375000e-09	6.742047e-01	3.373384e-01	-1.61567e-12	
101	4.425000e-09	6.742047e-01	3.373418e-01	-1.58181e-12	
102	4.475000e-09	6.742047e-01	3.373451e-01	-1.54866e-12	
103	4.525000e-09	6.742047e-01	3.373484e-01	-1.51620e-12	
104	4.575000e-09	6.742047e-01	3.373516e-01	-1.48442e-12	
105	4.625000e-09	6.742047e-01	3.373547e-01	-1.45331e-12	
106	4.675000e-09	6.742047e-01	3.373577e-01	-1.42286e-12	
107	4.725000e-09	6.742047e-01	3.373607e-01	-1.39304e-12	
108	4.775000e-09	6.742047e-01	3.373636e-01	-1.36384e-12	
109	4.825000e-09	6.742047e-01	3.373665e-01	-1.33525e-12	
110	4.875000e-09	6.742047e-01	3.373693e-01	-1.30727e-12	
111	4.925000e-09	6.742047e-01	3.373720e-01	-1.27987e-12	
112	4.975000e-09	6.742047e-01	3.373747e-01	-1.25304e-12	

Index   time            v(cell)         v(bl)           vpre#branch     
--------------------------------------------------------------------------------
113	5.025000e-09	6.742047e-01	3.373773e-01	-1.22678e-12	
114	5.075000e-09	6.742047e-01	3.373799e-01	-1.20107e-12	
115	5.125000e-09	6.742047e-01	3.373824e-01	-1.17589e-12	
116	5.175000e-09	6.742047e-01	3.373849e-01	-1.15124e-12	
117	5.225000e-09	6.742047e-01	3.373873e-01	-1.12711e-12	
118	5.275000e-09	6.742047e-01	3.373897e-01	-1.10349e-12	
119	5.325000e-09	6.742047e-01	3.373920e-01	-1.08036e-12	
120	5.375000e-09	6.742047e-01	3.373942e-01	-1.05771e-12	
121	5.425000e-09	6.742047e-01	3.373964e-01	-1.03554e-12	
122	5.475000e-09	6.742047e-01	3.373986e-01	-1.01383e-12	
123	5.525000e-09	6.742047e-01	3.374007e-01	-9.92576e-13	
124	5.575000e-09	6.742047e-01	3.374028e-01	-9.71768e-13	
125	5.625000e-09	6.742047e-01	3.374049e-01	-9.51396e-13	
126	5.675000e-09	6.742047e-01	3.374069e-01	-9.31450e-13	
127	5.725000e-09	6.742047e-01	3.374088e-01	-9.11923e-13	
128	5.775000e-09	6.742047e-01	3.374107e-01	-8.92804e-13	
129	5.825000e-09	6.742047e-01	3.374126e-01	-8.74086e-13	
130	5.875000e-09	6.742047e-01	3.374144e-01	-8.55760e-13	
131	5.925000e-09	6.742047e-01	3.374162e-01	-8.37817e-13	
132	5.975000e-09	6.742047e-01	3.374180e-01	-8.20251e-13	
133	6.025000e-09	6.742047e-01	3.374197e-01	-8.03053e-13	
134	6.075000e-09	6.742047e-01	3.374214e-01	-7.86214e-13	
135	6.125000e-09	6.742047e-01	3.374230e-01	-7.69729e-13	
136	6.175000e-09	6.742047e-01	3.374246e-01	-7.53589e-13	
137	6.225000e-09	6.742047e-01	3.374262e-01	-7.37787e-13	
138	6.275000e-09	6.742047e-01	3.374278e-01	-7.22315e-13	
139	6.325000e-09	6.742047e-01	3.374293e-01	-7.07168e-13	
140	6.375000e-09	6.742047e-01	3.374308e-01	-6.92338e-13	
141	6.425000e-09	6.742047e-01	3.374322e-01	-6.77819e-13	
142	6.475000e-09	6.742047e-01	3.374336e-01	-6.63604e-13	
143	6.525000e-09	6.742047e-01	3.374350e-01	-6.49687e-13	
144	6.575000e-09	6.742047e-01	3.374364e-01	-6.36061e-13	
145	6.625000e-09	6.742047e-01	3.374377e-01	-6.22721e-13	
146	6.675000e-09	6.742047e-01	3.374390e-01	-6.09660e-13	
147	6.725000e-09	6.742047e-01	3.374403e-01	-5.96872e-13	
148	6.775000e-09	6.742047e-01	3.374416e-01	-5.84353e-13	
149	6.825000e-09	6.742047e-01	3.374428e-01	-5.72095e-13	
150	6.875000e-09	6.742047e-01	3.374440e-01	-5.60095e-13	
151	6.925000e-09	6.742047e-01	3.374452e-01	-5.48346e-13	
152	6.962500e-09	6.742047e-01	3.374460e-01	-5.39696e-13	
153	7.000000e-09	6.742047e-01	3.374469e-01	-5.31182e-13	
154	7.005000e-09	6.573491e-01	3.374470e-01	-5.30058e-13	
155	7.015000e-09	6.236388e-01	3.374472e-01	-5.27815e-13	
156	7.035000e-09	5.562185e-01	3.374477e-01	-5.23358e-13	
157	7.067500e-09	4.466603e-01	3.374484e-01	-5.16197e-13	
158	7.100000e-09	3.371023e-01	3.374491e-01	-5.09134e-13	
159	7.105000e-09	3.371028e-01	3.374492e-01	-5.08058e-13	
160	7.115000e-09	3.371029e-01	3.374494e-01	-5.05912e-13	
161	7.135000e-09	3.371028e-01	3.374498e-01	-5.01647e-13	
162	7.175000e-09	3.371029e-01	3.374507e-01	-4.93223e-13	
163	7.225000e-09	3.371028e-01	3.374517e-01	-4.82893e-13	
164	7.275000e-09	3.371029e-01	3.374527e-01	-4.72778e-13	
165	7.325000e-09	3.371028e-01	3.374537e-01	-4.62876e-13	
166	7.375000e-09	3.371029e-01	3.374547e-01	-4.53181e-13	
167	7.425000e-09	3.371028e-01	3.374556e-01	-4.43688e-13	
168	7.475000e-09	3.371029e-01	3.374566e-01	-4.34395e-13	
169	7.525000e-09	3.371028e-01	3.374575e-01	-4.25297e-13	
170	7.575000e-09	3.371029e-01	3.374584e-01	-4.16389e-13	

Index   time            v(cell)         v(bl)           vpre#branch     
--------------------------------------------------------------------------------
171	7.625000e-09	3.371028e-01	3.374592e-01	-4.07667e-13	
172	7.675000e-09	3.371029e-01	3.374601e-01	-3.99129e-13	
173	7.725000e-09	3.371028e-01	3.374609e-01	-3.90769e-13	
174	7.775000e-09	3.371029e-01	3.374617e-01	-3.82584e-13	
175	7.825000e-09	3.371028e-01	3.374625e-01	-3.74571e-13	
176	7.875000e-09	3.371029e-01	3.374633e-01	-3.66725e-13	
177	7.925000e-09	3.371028e-01	3.374641e-01	-3.59044e-13	
178	7.975000e-09	3.371029e-01	3.374648e-01	-3.51524e-13	
179	8.025000e-09	3.371028e-01	3.374656e-01	-3.44161e-13	
180	8.075000e-09	3.371029e-01	3.374663e-01	-3.36952e-13	
181	8.125000e-09	3.371028e-01	3.374670e-01	-3.29895e-13	
182	8.175000e-09	3.371029e-01	3.374677e-01	-3.22985e-13	
183	8.225000e-09	3.371028e-01	3.374684e-01	-3.16220e-13	
184	8.275000e-09	3.371029e-01	3.374690e-01	-3.09597e-13	
185	8.325000e-09	3.371028e-01	3.374697e-01	-3.03112e-13	
186	8.375000e-09	3.371029e-01	3.374703e-01	-2.96764e-13	
187	8.425000e-09	3.371028e-01	3.374709e-01	-2.90548e-13	
188	8.475000e-09	3.371029e-01	3.374716e-01	-2.84462e-13	
189	8.525000e-09	3.371028e-01	3.374721e-01	-2.78504e-13	
190	8.575000e-09	3.371029e-01	3.374727e-01	-2.72671e-13	
191	8.625000e-09	3.371028e-01	3.374733e-01	-2.66960e-13	
192	8.675000e-09	3.371029e-01	3.374739e-01	-2.61368e-13	
193	8.725000e-09	3.371028e-01	3.374744e-01	-2.55894e-13	
194	8.775000e-09	3.371029e-01	3.374749e-01	-2.50534e-13	
195	8.825000e-09	3.371028e-01	3.374755e-01	-2.45287e-13	
196	8.875000e-09	3.371029e-01	3.374760e-01	-2.40149e-13	
197	8.925000e-09	3.371028e-01	3.374765e-01	-2.35120e-13	
198	8.975000e-09	3.371029e-01	3.374770e-01	-2.30195e-13	
199	9.025000e-09	3.371028e-01	3.374775e-01	-2.25374e-13	
200	9.075000e-09	3.371029e-01	3.374779e-01	-2.20653e-13	
201	9.125000e-09	3.371028e-01	3.374784e-01	-2.16032e-13	
202	9.175000e-09	3.371029e-01	3.374788e-01	-2.11507e-13	
203	9.225000e-09	3.371028e-01	3.374793e-01	-2.07077e-13	
204	9.275000e-09	3.371029e-01	3.374797e-01	-2.02740e-13	
205	9.325000e-09	3.371028e-01	3.374802e-01	-1.98494e-13	
206	9.375000e-09	3.371029e-01	3.374806e-01	-1.94336e-13	
207	9.425000e-09	3.371028e-01	3.374810e-01	-1.90266e-13	
208	9.475000e-09	3.371029e-01	3.374814e-01	-1.86281e-13	
209	9.525000e-09	3.371028e-01	3.374818e-01	-1.82379e-13	
210	9.575000e-09	3.371029e-01	3.374821e-01	-1.78559e-13	
211	9.625000e-09	3.371028e-01	3.374825e-01	-1.74820e-13	
212	9.675000e-09	3.371029e-01	3.374829e-01	-1.71158e-13	
213	9.725000e-09	3.371028e-01	3.374832e-01	-1.67573e-13	
214	9.775000e-09	3.371029e-01	3.374836e-01	-1.64064e-13	
215	9.825000e-09	3.371028e-01	3.374839e-01	-1.60627e-13	
216	9.875000e-09	3.371029e-01	3.374843e-01	-1.57263e-13	
217	9.925000e-09	3.371028e-01	3.374846e-01	-1.53969e-13	
218	9.975000e-09	3.371029e-01	3.374849e-01	-1.50745e-13	
219	1.002500e-08	3.371028e-01	3.374852e-01	-1.47587e-13	
220	1.007500e-08	3.371029e-01	3.374856e-01	-1.44496e-13	
221	1.012500e-08	3.371028e-01	3.374859e-01	-1.41470e-13	
222	1.017500e-08	3.371029e-01	3.374861e-01	-1.38507e-13	
223	1.022500e-08	3.371028e-01	3.374864e-01	-1.35606e-13	
224	1.027500e-08	3.371029e-01	3.374867e-01	-1.32766e-13	
225	1.032500e-08	3.371028e-01	3.374870e-01	-1.29985e-13	
226	1.037500e-08	3.371029e-01	3.374873e-01	-1.27263e-13	
227	1.042500e-08	3.371028e-01	3.374875e-01	-1.24598e-13	
228	1.047500e-08	3.371029e-01	3.374878e-01	-1.21988e-13	

Index   time            v(cell)         v(bl)           vpre#branch     
--------------------------------------------------------------------------------
229	1.052500e-08	3.371028e-01	3.374881e-01	-1.19433e-13	
230	1.057500e-08	3.371029e-01	3.374883e-01	-1.16932e-13	
231	1.062500e-08	3.371028e-01	3.374886e-01	-1.14483e-13	
232	1.067500e-08	3.371029e-01	3.374888e-01	-1.12085e-13	
233	1.072500e-08	3.371028e-01	3.374890e-01	-1.09738e-13	
234	1.077500e-08	3.371029e-01	3.374893e-01	-1.07439e-13	
235	1.082500e-08	3.371028e-01	3.374895e-01	-1.05189e-13	
236	1.087500e-08	3.371029e-01	3.374897e-01	-1.02986e-13	
237	1.092500e-08	3.371028e-01	3.374899e-01	-1.00829e-13	
238	1.096250e-08	3.371029e-01	3.374901e-01	-9.92415e-14	
239	1.100000e-08	3.371028e-01	3.374902e-01	-9.76785e-14	
240	1.100500e-08	3.371067e-01	3.408579e-01	3.357909e-11	
241	1.101500e-08	3.371147e-01	3.475790e-01	1.007903e-10	
242	1.103500e-08	3.371306e-01	3.609363e-01	2.343628e-10	
243	1.107500e-08	3.371624e-01	3.873143e-01	4.981434e-10	
244	1.112500e-08	3.372023e-01	4.196653e-01	8.216532e-10	
245	1.117500e-08	3.372421e-01	4.513387e-01	1.138387e-09	
246	1.122500e-08	3.372819e-01	4.823486e-01	1.448486e-09	
247	1.127500e-08	3.373217e-01	5.127088e-01	1.752088e-09	
248	1.132500e-08	3.373615e-01	5.424328e-01	2.049328e-09	
249	1.137500e-08	3.374013e-01	5.715332e-01	2.340332e-09	
250	1.142500e-08	3.374411e-01	6.000215e-01	2.625215e-09	
251	1.147500e-08	3.374809e-01	6.279061e-01	2.904061e-09	
252	1.152500e-08	3.375208e-01	6.551870e-01	3.176870e-09	
253	1.157500e-08	3.375608e-01	6.818214e-01	3.443214e-09	
254	1.162500e-08	3.376010e-01	7.076919e-01	3.701919e-09	
255	1.167500e-08	3.376420e-01	7.324767e-01	3.949767e-09	
256	1.172500e-08	3.376849e-01	7.552585e-01	4.177585e-09	
257	1.177500e-08	3.377333e-01	7.735562e-01	4.360562e-09	
258	1.182500e-08	3.377960e-01	7.809147e-01	4.434147e-09	
259	1.187500e-08	3.378937e-01	7.618825e-01	4.243825e-09	
260	1.192500e-08	3.380680e-01	6.853735e-01	3.478735e-09	
261	1.196250e-08	3.382818e-01	5.652985e-01	2.277985e-09	
262	1.200000e-08	3.385700e-01	3.914793e-01	5.397931e-10	
263	1.200500e-08	3.385996e-01	3.678456e-01	3.034560e-10	
264	1.201500e-08	3.386376e-01	3.438939e-01	6.393862e-11	
265	1.203500e-08	3.386506e-01	3.371206e-01	-3.79421e-12	
266	1.207500e-08	3.386459e-01	3.395690e-01	2.069017e-11	
267	1.212500e-08	3.386487e-01	3.380435e-01	5.434588e-12	
268	1.217500e-08	3.386468e-01	3.390479e-01	1.547907e-11	
269	1.222500e-08	3.386480e-01	3.383773e-01	8.772854e-12	
270	1.227500e-08	3.386472e-01	3.388204e-01	1.320420e-11	
271	1.232500e-08	3.386477e-01	3.385271e-01	1.027122e-11	
272	1.237500e-08	3.386473e-01	3.387246e-01	1.224616e-11	
273	1.242500e-08	3.386475e-01	3.385916e-01	1.091577e-11	
274	1.247500e-08	3.386474e-01	3.386826e-01	1.182577e-11	
275	1.252500e-08	3.386474e-01	3.386195e-01	1.119508e-11	
276	1.257500e-08	3.386473e-01	3.386641e-01	1.164144e-11	
277	1.262500e-08	3.386473e-01	3.386317e-01	1.131667e-11	
278	1.267500e-08	3.386473e-01	3.386560e-01	1.156014e-11	
279	1.272500e-08	3.386472e-01	3.386370e-01	1.136989e-11	
280	1.277500e-08	3.386472e-01	3.386524e-01	1.152371e-11	
281	1.282500e-08	3.386472e-01	3.386393e-01	1.139342e-11	
282	1.287500e-08	3.386472e-01	3.386507e-01	1.150682e-11	
283	1.292500e-08	3.386471e-01	3.386404e-01	1.140404e-11	
284	1.297500e-08	3.386471e-01	3.386498e-01	1.149845e-11	
285	1.302500e-08	3.386470e-01	3.386409e-01	1.140902e-11	
286	1.307500e-08	3.386471e-01	3.386494e-01	1.149379e-11	

Index   time            v(cell)         v(bl)           vpre#branch     
--------------------------------------------------------------------------------
287	1.312500e-08	3.386470e-01	3.386412e-01	1.141154e-11	
288	1.317500e-08	3.386470e-01	3.386491e-01	1.149078e-11	
289	1.322500e-08	3.386469e-01	3.386413e-01	1.141297e-11	
290	1.327500e-08	3.386470e-01	3.386488e-01	1.148850e-11	
291	1.332500e-08	3.386469e-01	3.386414e-01	1.141390e-11	
292	1.337500e-08	3.386469e-01	3.386487e-01	1.148655e-11	
293	1.342500e-08	3.386468e-01	3.386415e-01	1.141459e-11	
294	1.347500e-08	3.386468e-01	3.386485e-01	1.148478e-11	
295	1.352500e-08	3.386468e-01	3.386415e-01	1.141517e-11	
296	1.357500e-08	3.386468e-01	3.386483e-01	1.148309e-11	
297	1.362500e-08	3.386467e-01	3.386416e-01	1.141568e-11	
298	1.367500e-08	3.386467e-01	3.386481e-01	1.148146e-11	
299	1.372500e-08	3.386466e-01	3.386416e-01	1.141613e-11	
300	1.377500e-08	3.386467e-01	3.386480e-01	1.147988e-11	
301	1.382500e-08	3.386466e-01	3.386417e-01	1.141655e-11	
302	1.387500e-08	3.386466e-01	3.386478e-01	1.147833e-11	
303	1.392500e-08	3.386465e-01	3.386417e-01	1.141694e-11	
304	1.397500e-08	3.386466e-01	3.386477e-01	1.147681e-11	
305	1.402500e-08	3.386465e-01	3.386417e-01	1.141730e-11	
306	1.407500e-08	3.386465e-01	3.386475e-01	1.147532e-11	
307	1.412500e-08	3.386464e-01	3.386418e-01	1.141762e-11	
308	1.417500e-08	3.386464e-01	3.386474e-01	1.147386e-11	
309	1.422500e-08	3.386464e-01	3.386418e-01	1.141792e-11	
310	1.427500e-08	3.386464e-01	3.386472e-01	1.147243e-11	
311	1.432500e-08	3.386463e-01	3.386418e-01	1.141820e-11	
312	1.437500e-08	3.386463e-01	3.386471e-01	1.147103e-11	
313	1.442500e-08	3.386463e-01	3.386418e-01	1.141845e-11	
314	1.447500e-08	3.386463e-01	3.386470e-01	1.146965e-11	
315	1.452500e-08	3.386462e-01	3.386419e-01	1.141867e-11	
316	1.457500e-08	3.386462e-01	3.386468e-01	1.146829e-11	
317	1.462500e-08	3.386461e-01	3.386419e-01	1.141887e-11	
318	1.467500e-08	3.386461e-01	3.386467e-01	1.146696e-11	
319	1.472500e-08	3.386461e-01	3.386419e-01	1.141904e-11	
320	1.477500e-08	3.386461e-01	3.386466e-01	1.146566e-11	
321	1.482500e-08	3.386460e-01	3.386419e-01	1.141919e-11	
322	1.487500e-08	3.386460e-01	3.386464e-01	1.146437e-11	
323	1.492500e-08	3.386460e-01	3.386419e-01	1.141932e-11	
324	1.497500e-08	3.386460e-01	3.386463e-01	1.146311e-11	
325	1.502500e-08	3.386459e-01	3.386419e-01	1.141943e-11	
326	1.507500e-08	3.386459e-01	3.386462e-01	1.146187e-11	
327	1.512500e-08	3.386459e-01	3.386420e-01	1.141952e-11	
328	1.517500e-08	3.386459e-01	3.386461e-01	1.146065e-11	
329	1.522500e-08	3.386458e-01	3.386420e-01	1.141959e-11	
330	1.527500e-08	3.386458e-01	3.386459e-01	1.145945e-11	
331	1.532500e-08	3.386457e-01	3.386420e-01	1.141964e-11	
332	1.537500e-08	3.386457e-01	3.386458e-01	1.145827e-11	
333	1.542500e-08	3.386457e-01	3.386420e-01	1.141967e-11	
334	1.547500e-08	3.386457e-01	3.386457e-01	1.145711e-11	
335	1.552500e-08	3.386456e-01	3.386420e-01	1.141968e-11	
336	1.557500e-08	3.386456e-01	3.386456e-01	1.145597e-11	
337	1.562500e-08	3.386456e-01	3.386420e-01	1.141968e-11	
338	1.567500e-08	3.386456e-01	3.386455e-01	1.145484e-11	
339	1.572500e-08	3.386455e-01	3.386420e-01	1.141965e-11	
340	1.577500e-08	3.386455e-01	3.386454e-01	1.145373e-11	
341	1.582500e-08	3.386455e-01	3.386420e-01	1.141961e-11	
342	1.587500e-08	3.386455e-01	3.386453e-01	1.145264e-11	
343	1.592500e-08	3.386454e-01	3.386420e-01	1.141956e-11	
344	1.597500e-08	3.386454e-01	3.386452e-01	1.145156e-11	

Index   time            v(cell)         v(bl)           vpre#branch     
--------------------------------------------------------------------------------
345	1.602500e-08	3.386453e-01	3.386419e-01	1.141949e-11	
346	1.607500e-08	3.386453e-01	3.386451e-01	1.145050e-11	
347	1.612500e-08	3.386453e-01	3.386419e-01	1.141940e-11	
348	1.617500e-08	3.386453e-01	3.386449e-01	1.144946e-11	
349	1.622500e-08	3.386452e-01	3.386419e-01	1.141930e-11	
350	1.627500e-08	3.386452e-01	3.386448e-01	1.144843e-11	
351	1.632500e-08	3.386452e-01	3.386419e-01	1.141918e-11	
352	1.637500e-08	3.386452e-01	3.386447e-01	1.144741e-11	
353	1.642500e-08	3.386451e-01	3.386419e-01	1.141905e-11	
354	1.647500e-08	3.386451e-01	3.386446e-01	1.144641e-11	
355	1.652500e-08	3.386451e-01	3.386419e-01	1.141891e-11	
356	1.657500e-08	3.386451e-01	3.386445e-01	1.144542e-11	
357	1.662500e-08	3.386450e-01	3.386419e-01	1.141875e-11	
358	1.667500e-08	3.386450e-01	3.386444e-01	1.144444e-11	
359	1.672500e-08	3.386450e-01	3.386419e-01	1.141859e-11	
360	1.677500e-08	3.386449e-01	3.386443e-01	1.144348e-11	
361	1.682500e-08	3.386449e-01	3.386418e-01	1.141841e-11	
362	1.687500e-08	3.386449e-01	3.386443e-01	1.144253e-11	
363	1.692500e-08	3.386448e-01	3.386418e-01	1.141821e-11	
364	1.697500e-08	3.386448e-01	3.386442e-01	1.144159e-11	
365	1.702500e-08	3.386448e-01	3.386418e-01	1.141801e-11	
366	1.707500e-08	3.386448e-01	3.386441e-01	1.144066e-11	
367	1.712500e-08	3.386447e-01	3.386418e-01	1.141779e-11	
368	1.717500e-08	3.386447e-01	3.386440e-01	1.143974e-11	
369	1.722500e-08	3.386447e-01	3.386418e-01	1.141757e-11	
370	1.727500e-08	3.386447e-01	3.386439e-01	1.143883e-11	
371	1.732500e-08	3.386446e-01	3.386417e-01	1.141733e-11	
372	1.737500e-08	3.386446e-01	3.386438e-01	1.143794e-11	
373	1.742500e-08	3.386446e-01	3.386417e-01	1.141709e-11	
374	1.747500e-08	3.386445e-01	3.386437e-01	1.143705e-11	
375	1.752500e-08	3.386445e-01	3.386417e-01	1.141683e-11	
376	1.757500e-08	3.386445e-01	3.386436e-01	1.143618e-11	
377	1.762500e-08	3.386444e-01	3.386417e-01	1.141656e-11	
378	1.767500e-08	3.386444e-01	3.386435e-01	1.143531e-11	
379	1.772500e-08	3.386444e-01	3.386416e-01	1.141629e-11	
380	1.777500e-08	3.386444e-01	3.386434e-01	1.143445e-11	
381	1.782500e-08	3.386443e-01	3.386416e-01	1.141600e-11	
382	1.787500e-08	3.386443e-01	3.386434e-01	1.143360e-11	
383	1.792500e-08	3.386443e-01	3.386416e-01	1.141571e-11	
384	1.797500e-08	3.386443e-01	3.386433e-01	1.143276e-11	
385	1.802500e-08	3.386442e-01	3.386415e-01	1.141541e-11	
386	1.807500e-08	3.386442e-01	3.386432e-01	1.143193e-11	
387	1.812500e-08	3.386442e-01	3.386415e-01	1.141510e-11	
388	1.817500e-08	3.386441e-01	3.386431e-01	1.143111e-11	
389	1.822500e-08	3.386441e-01	3.386415e-01	1.141479e-11	
390	1.827500e-08	3.386441e-01	3.386430e-01	1.143029e-11	
391	1.832500e-08	3.386440e-01	3.386414e-01	1.141446e-11	
392	1.837500e-08	3.386440e-01	3.386429e-01	1.142948e-11	
393	1.842500e-08	3.386440e-01	3.386414e-01	1.141413e-11	
394	1.847500e-08	3.386440e-01	3.386429e-01	1.142868e-11	
395	1.852500e-08	3.386439e-01	3.386414e-01	1.141379e-11	
396	1.857500e-08	3.386439e-01	3.386428e-01	1.142789e-11	
397	1.862500e-08	3.386439e-01	3.386413e-01	1.141344e-11	
398	1.867500e-08	3.386439e-01	3.386427e-01	1.142710e-11	
399	1.872500e-08	3.386438e-01	3.386413e-01	1.141309e-11	
400	1.877500e-08	3.386438e-01	3.386426e-01	1.142632e-11	
401	1.882500e-08	3.386438e-01	3.386413e-01	1.141273e-11	
402	1.887500e-08	3.386437e-01	3.386426e-01	1.142555e-11	

Index   time            v(cell)         v(bl)           vpre#branch     
--------------------------------------------------------------------------------
403	1.892500e-08	3.386437e-01	3.386412e-01	1.141236e-11	
404	1.897500e-08	3.386437e-01	3.386425e-01	1.142478e-11	
405	1.902500e-08	3.386436e-01	3.386412e-01	1.141199e-11	
406	1.907500e-08	3.386436e-01	3.386424e-01	1.142402e-11	
407	1.912500e-08	3.386436e-01	3.386412e-01	1.141161e-11	
408	1.917500e-08	3.386436e-01	3.386423e-01	1.142326e-11	
409	1.922500e-08	3.386435e-01	3.386411e-01	1.141123e-11	
410	1.927500e-08	3.386435e-01	3.386423e-01	1.142252e-11	
411	1.932500e-08	3.386435e-01	3.386411e-01	1.141084e-11	
412	1.937500e-08	3.386435e-01	3.386422e-01	1.142177e-11	
413	1.942500e-08	3.386434e-01	3.386410e-01	1.141045e-11	
414	1.947500e-08	3.386434e-01	3.386421e-01	1.142103e-11	
415	1.952500e-08	3.386434e-01	3.386410e-01	1.141005e-11	
416	1.957500e-08	3.386433e-01	3.386420e-01	1.142030e-11	
417	1.962500e-08	3.386433e-01	3.386410e-01	1.140964e-11	
418	1.967500e-08	3.386433e-01	3.386420e-01	1.141957e-11	
419	1.972500e-08	3.386432e-01	3.386409e-01	1.140923e-11	
420	1.977500e-08	3.386432e-01	3.386419e-01	1.141885e-11	
421	1.982500e-08	3.386432e-01	3.386409e-01	1.140882e-11	
422	1.987500e-08	3.386432e-01	3.386418e-01	1.141813e-11	
423	1.992500e-08	3.386431e-01	3.386408e-01	1.140840e-11	
424	1.997500e-08	3.386431e-01	3.386417e-01	1.141742e-11	
425	2.002500e-08	3.386431e-01	3.386408e-01	1.140797e-11	
426	2.007500e-08	3.386431e-01	3.386417e-01	1.141671e-11	
427	2.012500e-08	3.386430e-01	3.386408e-01	1.140754e-11	
428	2.017500e-08	3.386430e-01	3.386416e-01	1.141600e-11	
429	2.022500e-08	3.386430e-01	3.386407e-01	1.140711e-11	
430	2.027500e-08	3.386429e-01	3.386415e-01	1.141530e-11	
431	2.032500e-08	3.386429e-01	3.386407e-01	1.140667e-11	
432	2.037500e-08	3.386429e-01	3.386415e-01	1.141461e-11	
433	2.042500e-08	3.386429e-01	3.386406e-01	1.140623e-11	
434	2.047500e-08	3.386428e-01	3.386414e-01	1.141391e-11	
435	2.052500e-08	3.386428e-01	3.386406e-01	1.140579e-11	
436	2.057500e-08	3.386428e-01	3.386413e-01	1.141323e-11	
437	2.062500e-08	3.386427e-01	3.386405e-01	1.140534e-11	
438	2.067500e-08	3.386427e-01	3.386413e-01	1.141254e-11	
439	2.072500e-08	3.386427e-01	3.386405e-01	1.140489e-11	
440	2.077500e-08	3.386427e-01	3.386412e-01	1.141186e-11	
441	2.082500e-08	3.386426e-01	3.386404e-01	1.140443e-11	
442	2.087500e-08	3.386426e-01	3.386411e-01	1.141118e-11	
443	2.092500e-08	3.386426e-01	3.386404e-01	1.140397e-11	
444	2.097500e-08	3.386425e-01	3.386411e-01	1.141051e-11	
445	2.102500e-08	3.386425e-01	3.386404e-01	1.140351e-11	
446	2.107500e-08	3.386425e-01	3.386410e-01	1.140984e-11	
447	2.112500e-08	3.386425e-01	3.386403e-01	1.140305e-11	
448	2.117500e-08	3.386424e-01	3.386409e-01	1.140917e-11	
449	2.122500e-08	3.386424e-01	3.386403e-01	1.140258e-11	
450	2.127500e-08	3.386424e-01	3.386409e-01	1.140851e-11	
451	2.132500e-08	3.386423e-01	3.386402e-01	1.140211e-11	
452	2.137500e-08	3.386423e-01	3.386408e-01	1.140784e-11	
453	2.142500e-08	3.386423e-01	3.386402e-01	1.140163e-11	
454	2.147500e-08	3.386423e-01	3.386407e-01	1.140719e-11	
455	2.152500e-08	3.386422e-01	3.386401e-01	1.140116e-11	
456	2.157500e-08	3.386422e-01	3.386407e-01	1.140653e-11	
457	2.162500e-08	3.386422e-01	3.386401e-01	1.140068e-11	
458	2.167500e-08	3.386421e-01	3.386406e-01	1.140588e-11	
459	2.172500e-08	3.386421e-01	3.386400e-01	1.140019e-11	
460	2.177500e-08	3.386421e-01	3.386405e-01	1.140523e-11	

Index   time            v(cell)         v(bl)           vpre#branch     
--------------------------------------------------------------------------------
461	2.182500e-08	3.386421e-01	3.386400e-01	1.139971e-11	
462	2.187500e-08	3.386420e-01	3.386405e-01	1.140458e-11	
463	2.192500e-08	3.386420e-01	3.386399e-01	1.139922e-11	
464	2.196250e-08	3.386420e-01	3.386404e-01	1.140399e-11	
465	2.200000e-08	3.386420e-01	3.386399e-01	1.139890e-11	
466	2.200500e-08	3.386336e-01	3.366162e-01	-8.83845e-12	
467	2.201500e-08	3.386131e-01	3.343750e-01	-3.12499e-11	
468	2.203500e-08	3.385666e-01	3.335476e-01	-3.95236e-11	
469	2.207500e-08	3.384816e-01	3.313562e-01	-6.14378e-11	
470	2.212500e-08	3.383901e-01	3.264204e-01	-1.10796e-10	
471	2.217500e-08	3.383132e-01	3.173946e-01	-2.01054e-10	
472	2.222500e-08	3.382475e-01	3.031276e-01	-3.43724e-10	
473	2.227500e-08	3.381896e-01	2.843015e-01	-5.31985e-10	
474	2.232500e-08	3.381365e-01	2.622903e-01	-7.52097e-10	
475	2.237500e-08	3.380866e-01	2.384204e-01	-9.90796e-10	
476	2.242500e-08	3.380387e-01	2.135331e-01	-1.23967e-09	
477	2.247500e-08	3.379925e-01	1.879229e-01	-1.49577e-09	
478	2.252500e-08	3.379474e-01	1.618868e-01	-1.75613e-09	
479	2.257500e-08	3.379033e-01	1.356283e-01	-2.01872e-09	
480	2.262500e-08	3.378600e-01	1.092936e-01	-2.28206e-09	
481	2.267500e-08	3.378174e-01	8.299290e-02	-2.54507e-09	
482	2.272500e-08	3.377752e-01	5.678698e-02	-2.80713e-09	
483	2.277500e-08	3.377336e-01	3.074889e-02	-3.06751e-09	
484	2.282500e-08	3.376923e-01	4.981307e-03	-3.32519e-09	
485	2.287500e-08	3.376513e-01	-2.04918e-02	-3.57992e-09	
486	2.292500e-08	3.376106e-01	-4.56526e-02	-3.83153e-09	
487	2.296250e-08	3.375801e-01	-6.42837e-02	-4.01784e-09	
488	2.300000e-08	3.375498e-01	-8.26969e-02	-4.20197e-09	
489	2.300500e-08	3.375496e-01	-8.17647e-02	-4.19265e-09	
490	2.301500e-08	3.375495e-01	-7.99067e-02	-4.17407e-09	
491	2.303500e-08	3.375493e-01	-7.62284e-02	-4.13728e-09	
492	2.307500e-08	3.375490e-01	-6.90108e-02	-4.06511e-09	
493	2.312500e-08	3.375487e-01	-6.02284e-02	-3.97728e-09	
494	2.317500e-08	3.375484e-01	-5.16912e-02	-3.89191e-09	
495	2.322500e-08	3.375482e-01	-4.33790e-02	-3.80879e-09	
496	2.327500e-08	3.375481e-01	-3.52759e-02	-3.72776e-09	
497	2.332500e-08	3.375479e-01	-2.73711e-02	-3.64871e-09	
498	2.337500e-08	3.375478e-01	-1.96538e-02	-3.57154e-09	
499	2.342500e-08	3.375478e-01	-1.21133e-02	-3.49613e-09	
500	2.347500e-08	3.375477e-01	-4.74265e-03	-3.42243e-09	
501	2.352500e-08	3.375477e-01	2.464297e-03	-3.35036e-09	
502	2.357500e-08	3.375476e-01	9.512931e-03	-3.27987e-09	
503	2.362500e-08	3.375476e-01	1.640809e-02	-3.21092e-09	
504	2.367500e-08	3.375476e-01	2.315419e-02	-3.14346e-09	
505	2.372500e-08	3.375476e-01	2.975526e-02	-3.07745e-09	
506	2.377500e-08	3.375475e-01	3.621508e-02	-3.01285e-09	
507	2.382500e-08	3.375475e-01	4.253719e-02	-2.94963e-09	
508	2.387500e-08	3.375475e-01	4.872493e-02	-2.88775e-09	
509	2.392500e-08	3.375475e-01	5.478147e-02	-2.82719e-09	
510	2.397500e-08	3.375475e-01	6.070985e-02	-2.76790e-09	
511	2.402500e-08	3.375475e-01	6.651300e-02	-2.70987e-09	
512	2.407500e-08	3.375475e-01	7.219371e-02	-2.65306e-09	
513	2.412500e-08	3.375475e-01	7.775473e-02	-2.59745e-09	
514	2.417500e-08	3.375475e-01	8.319866e-02	-2.54301e-09	
515	2.422500e-08	3.375475e-01	8.852806e-02	-2.48972e-09	
516	2.427500e-08	3.375475e-01	9.374543e-02	-2.43755e-09	
517	2.432500e-08	3.375475e-01	9.885316e-02	-2.38647e-09	
518	2.437500e-08	3.375475e-01	1.038536e-01	-2.33646e-09	

Index   time            v(cell)         v(bl)           vpre#branch     
--------------------------------------------------------------------------------
519	2.442500e-08	3.375475e-01	1.087491e-01	-2.28751e-09	
520	2.447500e-08	3.375475e-01	1.135418e-01	-2.23958e-09	
521	2.452500e-08	3.375475e-01	1.182340e-01	-2.19266e-09	
522	2.457500e-08	3.375475e-01	1.228277e-01	-2.14672e-09	
523	2.462500e-08	3.375475e-01	1.273251e-01	-2.10175e-09	
524	2.467500e-08	3.375475e-01	1.317281e-01	-2.05772e-09	
525	2.472500e-08	3.375475e-01	1.360389e-01	-2.01461e-09	
526	2.477500e-08	3.375474e-01	1.402593e-01	-1.97241e-09	
527	2.482500e-08	3.375475e-01	1.443912e-01	-1.93109e-09	
528	2.487500e-08	3.375474e-01	1.484365e-01	-1.89064e-09	
529	2.492500e-08	3.375475e-01	1.523970e-01	-1.85103e-09	
530	2.497500e-08	3.375474e-01	1.562745e-01	-1.81225e-09	
531	2.502500e-08	3.375475e-01	1.600708e-01	-1.77429e-09	
532	2.507500e-08	3.375474e-01	1.637875e-01	-1.73713e-09	
533	2.512500e-08	3.375474e-01	1.674263e-01	-1.70074e-09	
534	2.517500e-08	3.375474e-01	1.709889e-01	-1.66511e-09	
535	2.522500e-08	3.375474e-01	1.744768e-01	-1.63023e-09	
536	2.527500e-08	3.375474e-01	1.778917e-01	-1.59608e-09	
537	2.532500e-08	3.375474e-01	1.812350e-01	-1.56265e-09	
538	2.537500e-08	3.375474e-01	1.845083e-01	-1.52992e-09	
539	2.542500e-08	3.375474e-01	1.877129e-01	-1.49787e-09	
540	2.547500e-08	3.375474e-01	1.908505e-01	-1.46649e-09	
541	2.552500e-08	3.375474e-01	1.939223e-01	-1.43578e-09	
542	2.557500e-08	3.375474e-01	1.969298e-01	-1.40570e-09	
543	2.562500e-08	3.375474e-01	1.998743e-01	-1.37626e-09	
544	2.567500e-08	3.375474e-01	2.027571e-01	-1.34743e-09	
545	2.572500e-08	3.375474e-01	2.055794e-01	-1.31921e-09	
546	2.577500e-08	3.375474e-01	2.083427e-01	-1.29157e-09	
547	2.582500e-08	3.375474e-01	2.110481e-01	-1.26452e-09	
548	2.587500e-08	3.375474e-01	2.136968e-01	-1.23803e-09	
549	2.592500e-08	3.375474e-01	2.162901e-01	-1.21210e-09	
550	2.597500e-08	3.375474e-01	2.188290e-01	-1.18671e-09	
551	2.602500e-08	3.375474e-01	2.213147e-01	-1.16185e-09	
552	2.607500e-08	3.375474e-01	2.237483e-01	-1.13752e-09	
553	2.612500e-08	3.375474e-01	2.261310e-01	-1.11369e-09	
554	2.617500e-08	3.375474e-01	2.284638e-01	-1.09036e-09	
555	2.622500e-08	3.375474e-01	2.307477e-01	-1.06752e-09	
556	2.627500e-08	3.375474e-01	2.329838e-01	-1.04516e-09	
557	2.632500e-08	3.375474e-01	2.351730e-01	-1.02327e-09	
558	2.637500e-08	3.375474e-01	2.373163e-01	-1.00184e-09	
559	2.642500e-08	3.375474e-01	2.394148e-01	-9.80852e-10	
560	2.647500e-08	3.375474e-01	2.414693e-01	-9.60307e-10	
561	2.652500e-08	3.375474e-01	2.434808e-01	-9.40192e-10	
562	2.657500e-08	3.375474e-01	2.454501e-01	-9.20499e-10	
563	2.662500e-08	3.375474e-01	2.473782e-01	-9.01218e-10	
564	2.667500e-08	3.375474e-01	2.492659e-01	-8.82341e-10	
565	2.672500e-08	3.375474e-01	2.511141e-01	-8.63859e-10	
566	2.677500e-08	3.375474e-01	2.529236e-01	-8.45764e-10	
567	2.682500e-08	3.375474e-01	2.546951e-01	-8.28049e-10	
568	2.687500e-08	3.375474e-01	2.564296e-01	-8.10704e-10	
569	2.692500e-08	3.375474e-01	2.581277e-01	-7.93723e-10	
570	2.697500e-08	3.375474e-01	2.597902e-01	-7.77098e-10	
571	2.702500e-08	3.375474e-01	2.614179e-01	-7.60821e-10	
572	2.707500e-08	3.375474e-01	2.630115e-01	-7.44885e-10	
573	2.712500e-08	3.375474e-01	2.645718e-01	-7.29282e-10	
574	2.717500e-08	3.375474e-01	2.660994e-01	-7.14006e-10	
575	2.722500e-08	3.375474e-01	2.675949e-01	-6.99051e-10	
576	2.727500e-08	3.375474e-01	2.690592e-01	-6.84408e-10	

Index   time            v(cell)         v(bl)           vpre#branch     
--------------------------------------------------------------------------------
577	2.732500e-08	3.375474e-01	2.704927e-01	-6.70073e-10	
578	2.737500e-08	3.375474e-01	2.718963e-01	-6.56037e-10	
579	2.742500e-08	3.375474e-01	2.732704e-01	-6.42296e-10	
580	2.747500e-08	3.375474e-01	2.746158e-01	-6.28842e-10	
581	2.752500e-08	3.375474e-01	2.759329e-01	-6.15671e-10	
582	2.757500e-08	3.375474e-01	2.772225e-01	-6.02775e-10	
583	2.762500e-08	3.375474e-01	2.784851e-01	-5.90149e-10	
584	2.767500e-08	3.375474e-01	2.797212e-01	-5.77788e-10	
585	2.772500e-08	3.375474e-01	2.809315e-01	-5.65685e-10	
586	2.777500e-08	3.375474e-01	2.821164e-01	-5.53836e-10	
587	2.782500e-08	3.375474e-01	2.832764e-01	-5.42236e-10	
588	2.787500e-08	3.375474e-01	2.844122e-01	-5.30878e-10	
589	2.792500e-08	3.375474e-01	2.855242e-01	-5.19758e-10	
590	2.797500e-08	3.375474e-01	2.866129e-01	-5.08871e-10	
591	2.802500e-08	3.375474e-01	2.876788e-01	-4.98212e-10	
592	2.807500e-08	3.375474e-01	2.887223e-01	-4.87777e-10	
593	2.812500e-08	3.375474e-01	2.897440e-01	-4.77560e-10	
594	2.817500e-08	3.375474e-01	2.907443e-01	-4.67557e-10	
595	2.822500e-08	3.375474e-01	2.917237e-01	-4.57763e-10	
596	2.827500e-08	3.375474e-01	2.926825e-01	-4.48175e-10	
597	2.832500e-08	3.375474e-01	2.936212e-01	-4.38788e-10	
598	2.837500e-08	3.375474e-01	2.945403e-01	-4.29597e-10	
599	2.842500e-08	3.375474e-01	2.954402e-01	-4.20598e-10	
600	2.847500e-08	3.375474e-01	2.963212e-01	-4.11788e-10	
601	2.852500e-08	3.375474e-01	2.971837e-01	-4.03163e-10	
602	2.857500e-08	3.375474e-01	2.980282e-01	-3.94718e-10	
603	2.862500e-08	3.375474e-01	2.988549e-01	-3.86451e-10	
604	2.867500e-08	3.375474e-01	2.996644e-01	-3.78356e-10	
605	2.872500e-08	3.375474e-01	3.004569e-01	-3.70431e-10	
606	2.877500e-08	3.375474e-01	3.012328e-01	-3.62672e-10	
607	2.882500e-08	3.375474e-01	3.019925e-01	-3.55075e-10	
608	2.887500e-08	3.375474e-01	3.027362e-01	-3.47638e-10	
609	2.892500e-08	3.375474e-01	3.034644e-01	-3.40356e-10	
610	2.897500e-08	3.375474e-01	3.041773e-01	-3.33227e-10	
611	2.902500e-08	3.375474e-01	3.048753e-01	-3.26247e-10	
612	2.907500e-08	3.375474e-01	3.055586e-01	-3.19414e-10	
613	2.912500e-08	3.375474e-01	3.062277e-01	-3.12723e-10	
614	2.917500e-08	3.375474e-01	3.068827e-01	-3.06173e-10	
615	2.922500e-08	3.375474e-01	3.075240e-01	-2.99760e-10	
616	2.927500e-08	3.375474e-01	3.081519e-01	-2.93481e-10	
617	2.932500e-08	3.375474e-01	3.087666e-01	-2.87334e-10	
618	2.937500e-08	3.375474e-01	3.093685e-01	-2.81315e-10	
619	2.942500e-08	3.375474e-01	3.099577e-01	-2.75423e-10	
620	2.947500e-08	3.375474e-01	3.105346e-01	-2.69654e-10	
621	2.952500e-08	3.375474e-01	3.110994e-01	-2.64006e-10	
622	2.957500e-08	3.375474e-01	3.116524e-01	-2.58476e-10	
623	2.962500e-08	3.375474e-01	3.121938e-01	-2.53062e-10	
624	2.967500e-08	3.375474e-01	3.127239e-01	-2.47761e-10	
625	2.972500e-08	3.375474e-01	3.132428e-01	-2.42572e-10	
626	2.977500e-08	3.375474e-01	3.137509e-01	-2.37491e-10	
627	2.982500e-08	3.375474e-01	3.142484e-01	-2.32516e-10	
628	2.987500e-08	3.375474e-01	3.147354e-01	-2.27646e-10	
629	2.992500e-08	3.375474e-01	3.152122e-01	-2.22878e-10	
630	2.997500e-08	3.375474e-01	3.156791e-01	-2.18209e-10	
631	3.002500e-08	3.375474e-01	3.161361e-01	-2.13639e-10	
632	3.007500e-08	3.375474e-01	3.165836e-01	-2.09164e-10	
633	3.012500e-08	3.375474e-01	3.170217e-01	-2.04783e-10	
634	3.017500e-08	3.375474e-01	3.174507e-01	-2.00493e-10	

Index   time            v(cell)         v(bl)           vpre#branch     
--------------------------------------------------------------------------------
635	3.022500e-08	3.375474e-01	3.178706e-01	-1.96294e-10	
636	3.027500e-08	3.375474e-01	3.182818e-01	-1.92182e-10	
637	3.032500e-08	3.375474e-01	3.186843e-01	-1.88157e-10	
638	3.037500e-08	3.375474e-01	3.190785e-01	-1.84215e-10	
639	3.042500e-08	3.375474e-01	3.194643e-01	-1.80357e-10	
640	3.047500e-08	3.375474e-01	3.198421e-01	-1.76579e-10	
641	3.052500e-08	3.375474e-01	3.202119e-01	-1.72881e-10	
642	3.057500e-08	3.375474e-01	3.205741e-01	-1.69259e-10	
643	3.062500e-08	3.375474e-01	3.209286e-01	-1.65714e-10	
644	3.067500e-08	3.375474e-01	3.212757e-01	-1.62243e-10	
645	3.072500e-08	3.375474e-01	3.216155e-01	-1.58845e-10	
646	3.077500e-08	3.375474e-01	3.219483e-01	-1.55517e-10	
647	3.082500e-08	3.375474e-01	3.222740e-01	-1.52260e-10	
648	3.087500e-08	3.375474e-01	3.225929e-01	-1.49071e-10	
649	3.092500e-08	3.375474e-01	3.229052e-01	-1.45948e-10	
650	3.097500e-08	3.375474e-01	3.232109e-01	-1.42891e-10	
651	3.102500e-08	3.375474e-01	3.235102e-01	-1.39898e-10	
652	3.107500e-08	3.375474e-01	3.238032e-01	-1.36968e-10	
653	3.112500e-08	3.375474e-01	3.240901e-01	-1.34099e-10	
654	3.117500e-08	3.375474e-01	3.243710e-01	-1.31290e-10	
655	3.122500e-08	3.375474e-01	3.246460e-01	-1.28540e-10	
656	3.127500e-08	3.375474e-01	3.249152e-01	-1.25848e-10	
657	3.132500e-08	3.375474e-01	3.251788e-01	-1.23212e-10	
658	3.137500e-08	3.375474e-01	3.254369e-01	-1.20631e-10	
659	3.142500e-08	3.375474e-01	3.256896e-01	-1.18104e-10	
660	3.147500e-08	3.375474e-01	3.259370e-01	-1.15630e-10	
661	3.152500e-08	3.375474e-01	3.261792e-01	-1.13208e-10	
662	3.157500e-08	3.375474e-01	3.264163e-01	-1.10837e-10	
663	3.162500e-08	3.375474e-01	3.266484e-01	-1.08516e-10	
664	3.167500e-08	3.375474e-01	3.268757e-01	-1.06243e-10	
665	3.172500e-08	3.375474e-01	3.270983e-01	-1.04017e-10	
666	3.177500e-08	3.375474e-01	3.273162e-01	-1.01838e-10	
667	3.182500e-08	3.375474e-01	3.275295e-01	-9.97054e-11	
668	3.187500e-08	3.375474e-01	3.277383e-01	-9.76169e-11	
669	3.192500e-08	3.375474e-01	3.279428e-01	-9.55722e-11	
670	3.197500e-08	3.375474e-01	3.281430e-01	-9.35704e-11	
671	3.202500e-08	3.375474e-01	3.283390e-01	-9.16105e-11	
672	3.207500e-08	3.375474e-01	3.285308e-01	-8.96916e-11	
673	3.212500e-08	3.375474e-01	3.287187e-01	-8.78129e-11	
674	3.217500e-08	3.375474e-01	3.289026e-01	-8.59736e-11	
675	3.222500e-08	3.375474e-01	3.290827e-01	-8.41728e-11	
676	3.227500e-08	3.375474e-01	3.292590e-01	-8.24097e-11	
677	3.232500e-08	3.375474e-01	3.294316e-01	-8.06835e-11	
678	3.237500e-08	3.375474e-01	3.296006e-01	-7.89935e-11	
679	3.242500e-08	3.375474e-01	3.297661e-01	-7.73389e-11	
680	3.247500e-08	3.375474e-01	3.299281e-01	-7.57190e-11	
681	3.252500e-08	3.375474e-01	3.300867e-01	-7.41330e-11	
682	3.257500e-08	3.375474e-01	3.302420e-01	-7.25802e-11	
683	3.262500e-08	3.375474e-01	3.303940e-01	-7.10599e-11	
684	3.267500e-08	3.375474e-01	3.305429e-01	-6.95715e-11	
685	3.272500e-08	3.375474e-01	3.306886e-01	-6.81142e-11	
686	3.277500e-08	3.375474e-01	3.308312e-01	-6.66875e-11	
687	3.282500e-08	3.375474e-01	3.309709e-01	-6.52907e-11	
688	3.287500e-08	3.375474e-01	3.311077e-01	-6.39231e-11	
689	3.292500e-08	3.375474e-01	3.312416e-01	-6.25842e-11	
690	3.297500e-08	3.375474e-01	3.313727e-01	-6.12733e-11	
691	3.302500e-08	3.375474e-01	3.315010e-01	-5.99898e-11	
692	3.307500e-08	3.375474e-01	3.316267e-01	-5.87333e-11	

Index   time            v(cell)         v(bl)           vpre#branch     
--------------------------------------------------------------------------------
693	3.312500e-08	3.375474e-01	3.317497e-01	-5.75031e-11	
694	3.317500e-08	3.375474e-01	3.318701e-01	-5.62986e-11	
695	3.322500e-08	3.375474e-01	3.319881e-01	-5.51194e-11	
696	3.327500e-08	3.375474e-01	3.321035e-01	-5.39648e-11	
697	3.332500e-08	3.375474e-01	3.322166e-01	-5.28345e-11	
698	3.337500e-08	3.375474e-01	3.323272e-01	-5.17278e-11	
699	3.342500e-08	3.375474e-01	3.324356e-01	-5.06443e-11	
700	3.347500e-08	3.375474e-01	3.325416e-01	-4.95835e-11	
701	3.352500e-08	3.375474e-01	3.326455e-01	-4.85450e-11	
702	3.357500e-08	3.375474e-01	3.327472e-01	-4.75281e-11	
703	3.362500e-08	3.375474e-01	3.328467e-01	-4.65326e-11	
704	3.367500e-08	3.375474e-01	3.329442e-01	-4.55579e-11	
705	3.372500e-08	3.375474e-01	3.330396e-01	-4.46037e-11	
706	3.377500e-08	3.375474e-01	3.331331e-01	-4.36694e-11	
707	3.382500e-08	3.375474e-01	3.332245e-01	-4.27547e-11	
708	3.387500e-08	3.375474e-01	3.333141e-01	-4.18592e-11	
709	3.392500e-08	3.375474e-01	3.334018e-01	-4.09824e-11	
710	3.397500e-08	3.375474e-01	3.334876e-01	-4.01240e-11	
711	3.402500e-08	3.375474e-01	3.335716e-01	-3.92835e-11	
712	3.407500e-08	3.375474e-01	3.336539e-01	-3.84607e-11	
713	3.412500e-08	3.375474e-01	3.337345e-01	-3.76551e-11	
714	3.417500e-08	3.375474e-01	3.338134e-01	-3.68664e-11	
715	3.422500e-08	3.375474e-01	3.338906e-01	-3.60942e-11	
716	3.427500e-08	3.375474e-01	3.339662e-01	-3.53381e-11	
717	3.432500e-08	3.375474e-01	3.340402e-01	-3.45979e-11	
718	3.437500e-08	3.375474e-01	3.341127e-01	-3.38733e-11	
719	3.442500e-08	3.375474e-01	3.341836e-01	-3.31637e-11	
720	3.447500e-08	3.375474e-01	3.342531e-01	-3.24691e-11	
721	3.452500e-08	3.375474e-01	3.343211e-01	-3.17890e-11	
722	3.457500e-08	3.375474e-01	3.343877e-01	-3.11231e-11	
723	3.462500e-08	3.375474e-01	3.344529e-01	-3.04712e-11	
724	3.467500e-08	3.375474e-01	3.345167e-01	-2.98330e-11	
725	3.472500e-08	3.375474e-01	3.345792e-01	-2.92081e-11	
726	3.477500e-08	3.375474e-01	3.346404e-01	-2.85963e-11	
727	3.482500e-08	3.375474e-01	3.347003e-01	-2.79973e-11	
728	3.487500e-08	3.375474e-01	3.347589e-01	-2.74109e-11	
729	3.492500e-08	3.375474e-01	3.348163e-01	-2.68367e-11	
730	3.497500e-08	3.375474e-01	3.348725e-01	-2.62746e-11	
731	3.502500e-08	3.375474e-01	3.349276e-01	-2.57243e-11	
732	3.507500e-08	3.375474e-01	3.349815e-01	-2.51855e-11	
733	3.512500e-08	3.375474e-01	3.350342e-01	-2.46579e-11	
734	3.517500e-08	3.375474e-01	3.350859e-01	-2.41414e-11	
735	3.522500e-08	3.375474e-01	3.351364e-01	-2.36358e-11	
736	3.527500e-08	3.375474e-01	3.351859e-01	-2.31407e-11	
737	3.532500e-08	3.375474e-01	3.352344e-01	-2.26560e-11	
738	3.537500e-08	3.375474e-01	3.352819e-01	-2.21814e-11	
739	3.542500e-08	3.375474e-01	3.353283e-01	-2.17168e-11	
740	3.547500e-08	3.375474e-01	3.353738e-01	-2.12619e-11	
741	3.552500e-08	3.375474e-01	3.354183e-01	-2.08166e-11	
742	3.557500e-08	3.375474e-01	3.354619e-01	-2.03806e-11	
743	3.562500e-08	3.375474e-01	3.355046e-01	-1.99537e-11	
744	3.567500e-08	3.375474e-01	3.355464e-01	-1.95357e-11	
745	3.572500e-08	3.375474e-01	3.355873e-01	-1.91265e-11	
746	3.577500e-08	3.375474e-01	3.356274e-01	-1.87259e-11	
747	3.582500e-08	3.375474e-01	3.356666e-01	-1.83337e-11	
748	3.587500e-08	3.375474e-01	3.357050e-01	-1.79497e-11	
749	3.592500e-08	3.375474e-01	3.357426e-01	-1.75737e-11	
750	3.597500e-08	3.375474e-01	3.357794e-01	-1.72056e-11	

Index   time            v(cell)         v(bl)           vpre#branch     
--------------------------------------------------------------------------------
751	3.602500e-08	3.375474e-01	3.358155e-01	-1.68452e-11	
752	3.607500e-08	3.375474e-01	3.358508e-01	-1.64924e-11	
753	3.612500e-08	3.375474e-01	3.358853e-01	-1.61469e-11	
754	3.617500e-08	3.375474e-01	3.359191e-01	-1.58087e-11	
755	3.622500e-08	3.375474e-01	3.359522e-01	-1.54776e-11	
756	3.627500e-08	3.375474e-01	3.359847e-01	-1.51534e-11	
757	3.632500e-08	3.375474e-01	3.360164e-01	-1.48360e-11	
758	3.637500e-08	3.375474e-01	3.360475e-01	-1.45252e-11	
759	3.642500e-08	3.375474e-01	3.360779e-01	-1.42210e-11	
760	3.647500e-08	3.375474e-01	3.361077e-01	-1.39231e-11	
761	3.652500e-08	3.375474e-01	3.361369e-01	-1.36315e-11	
762	3.657500e-08	3.375474e-01	3.361654e-01	-1.33459e-11	
763	3.662500e-08	3.375474e-01	3.361934e-01	-1.30664e-11	
764	3.667500e-08	3.375474e-01	3.362207e-01	-1.27927e-11	
765	3.672500e-08	3.375474e-01	3.362475e-01	-1.25247e-11	
766	3.677500e-08	3.375474e-01	3.362738e-01	-1.22624e-11	
767	3.682500e-08	3.375474e-01	3.362994e-01	-1.20056e-11	
768	3.687500e-08	3.375474e-01	3.363246e-01	-1.17541e-11	
769	3.692500e-08	3.375474e-01	3.363492e-01	-1.15079e-11	
770	3.697500e-08	3.375474e-01	3.363733e-01	-1.12668e-11	
771	3.702500e-08	3.375474e-01	3.363969e-01	-1.10308e-11	
772	3.707500e-08	3.375474e-01	3.364200e-01	-1.07998e-11	
773	3.712500e-08	3.375474e-01	3.364426e-01	-1.05736e-11	
774	3.717500e-08	3.375474e-01	3.364648e-01	-1.03521e-11	
775	3.722500e-08	3.375474e-01	3.364865e-01	-1.01353e-11	
776	3.727500e-08	3.375474e-01	3.365077e-01	-9.92297e-12	
777	3.732500e-08	3.375474e-01	3.365285e-01	-9.71513e-12	
778	3.737500e-08	3.375474e-01	3.365488e-01	-9.51163e-12	
779	3.742500e-08	3.375474e-01	3.365688e-01	-9.31240e-12	
780	3.747500e-08	3.375474e-01	3.365883e-01	-9.11735e-12	
781	3.752500e-08	3.375474e-01	3.366074e-01	-8.92637e-12	
782	3.757500e-08	3.375474e-01	3.366261e-01	-8.73940e-12	
783	3.762500e-08	3.375474e-01	3.366444e-01	-8.55635e-12	
784	3.767500e-08	3.375474e-01	3.366623e-01	-8.37712e-12	
785	3.772500e-08	3.375474e-01	3.366798e-01	-8.20166e-12	
786	3.777500e-08	3.375474e-01	3.366970e-01	-8.02986e-12	
787	3.782500e-08	3.375474e-01	3.367138e-01	-7.86167e-12	
788	3.787500e-08	3.375474e-01	3.367303e-01	-7.69700e-12	
789	3.792500e-08	3.375474e-01	3.367464e-01	-7.53578e-12	
790	3.797500e-08	3.375474e-01	3.367622e-01	-7.37793e-12	
791	3.802500e-08	3.375474e-01	3.367777e-01	-7.22340e-12	
792	3.807500e-08	3.375474e-01	3.367928e-01	-7.07209e-12	
793	3.812500e-08	3.375474e-01	3.368076e-01	-6.92396e-12	
794	3.817500e-08	3.375474e-01	3.368221e-01	-6.77893e-12	
795	3.822500e-08	3.375474e-01	3.368363e-01	-6.63694e-12	
796	3.827500e-08	3.375474e-01	3.368502e-01	-6.49792e-12	
797	3.832500e-08	3.375474e-01	3.368638e-01	-6.36182e-12	
798	3.837500e-08	3.375474e-01	3.368771e-01	-6.22856e-12	
799	3.842500e-08	3.375474e-01	3.368902e-01	-6.09810e-12	
800	3.847500e-08	3.375474e-01	3.369030e-01	-5.97037e-12	
801	3.852500e-08	3.375474e-01	3.369155e-01	-5.84531e-12	
802	3.857500e-08	3.375474e-01	3.369277e-01	-5.72288e-12	
803	3.862500e-08	3.375474e-01	3.369397e-01	-5.60301e-12	
804	3.867500e-08	3.375474e-01	3.369514e-01	-5.48564e-12	
805	3.872500e-08	3.375474e-01	3.369629e-01	-5.37074e-12	
806	3.877500e-08	3.375474e-01	3.369742e-01	-5.25825e-12	
807	3.882500e-08	3.375474e-01	3.369852e-01	-5.14811e-12	
808	3.887500e-08	3.375474e-01	3.369960e-01	-5.04027e-12	

Index   time            v(cell)         v(bl)           vpre#branch     
--------------------------------------------------------------------------------
809	3.892500e-08	3.375474e-01	3.370065e-01	-4.93470e-12	
810	3.897500e-08	3.375474e-01	3.370169e-01	-4.83134e-12	
811	3.902500e-08	3.375474e-01	3.370270e-01	-4.73014e-12	
812	3.907500e-08	3.375474e-01	3.370369e-01	-4.63106e-12	
813	3.912500e-08	3.375474e-01	3.370466e-01	-4.53406e-12	
814	3.917500e-08	3.375474e-01	3.370561e-01	-4.43909e-12	
815	3.922500e-08	3.375474e-01	3.370654e-01	-4.34611e-12	
816	3.927500e-08	3.375474e-01	3.370745e-01	-4.25508e-12	
817	3.932500e-08	3.375474e-01	3.370834e-01	-4.16595e-12	
818	3.937500e-08	3.375474e-01	3.370921e-01	-4.07869e-12	
819	3.942500e-08	3.375474e-01	3.371007e-01	-3.99326e-12	
820	3.947500e-08	3.375474e-01	3.371090e-01	-3.90961e-12	
821	3.952500e-08	3.375474e-01	3.371172e-01	-3.82772e-12	
822	3.957500e-08	3.375474e-01	3.371252e-01	-3.74755e-12	
823	3.962500e-08	3.375474e-01	3.371331e-01	-3.66905e-12	
824	3.967500e-08	3.375474e-01	3.371408e-01	-3.59220e-12	
825	3.972500e-08	3.375474e-01	3.371483e-01	-3.51696e-12	
826	3.977500e-08	3.375474e-01	3.371557e-01	-3.44329e-12	
827	3.982500e-08	3.375474e-01	3.371629e-01	-3.37117e-12	
828	3.987500e-08	3.375474e-01	3.371699e-01	-3.30055e-12	
829	3.992500e-08	3.375474e-01	3.371769e-01	-3.23142e-12	
830	3.996250e-08	3.375474e-01	3.371819e-01	-3.18052e-12	
831	4.000000e-08	3.375474e-01	3.371870e-01	-3.13043e-12	


Total analysis time (seconds) = 0.0548565

Total elapsed time (seconds) = 0.063 

Total DRAM available = 386307.215 MB.
DRAM currently available = 8642.090 MB.
Maximum ngspice program size =  529.723 MB.
Current ngspice program size =   14.191 MB.

Shared ngspice pages =   12.371 MB.
Text (code) pages =    6.266 MB.
Stack = 0 bytes.
Library pages =   59.141 MB.

