
Note: No compatibility mode selected!


Circuit: * id-vg sweep vds=0.6750v

Warning: Model issue on line 7 :
  .model nfet bsimcmg_va type=1 bulkmod=0 bulkmod=0 igcmod=0 igbmod=0 gidl ...
unrecognized parameter (sasatcv) - ignored

Doing analysis at TEMP = 27.000000 and TNOM = 27.000000

Using SPARSE 1.3 as Direct Linear Solver

No. of Data Rows : 201

  Measurements for DC Analysis

ion                 =  -3.48367e-06 at=  6.75000e-01
ioff                =  -2.08824e-11

                           * id-vg sweep vds=0.6750v
                           DC transfer characteristic  Wed Jun 24 01:09:36  2026
--------------------------------------------------------------------------------
Index   v-sweep         vd#branch       
--------------------------------------------------------------------------------
0	0.000000e+00	-2.08824e-11	
1	3.375000e-03	-2.29703e-11	
2	6.750000e-03	-2.53856e-11	
3	1.012500e-02	-2.80548e-11	
4	1.350000e-02	-3.10047e-11	
5	1.687500e-02	-3.42647e-11	
6	2.025000e-02	-3.78674e-11	
7	2.362500e-02	-4.18489e-11	
8	2.700000e-02	-4.62490e-11	
9	3.037500e-02	-5.11115e-11	
10	3.375000e-02	-5.64853e-11	
11	3.712500e-02	-6.24238e-11	
12	4.050000e-02	-6.89866e-11	
13	4.387500e-02	-7.62391e-11	
14	4.725000e-02	-8.42539e-11	
15	5.062500e-02	-9.31109e-11	
16	5.400000e-02	-1.02899e-10	
17	5.737500e-02	-1.13715e-10	
18	6.075000e-02	-1.25668e-10	
19	6.412500e-02	-1.38876e-10	
20	6.750000e-02	-1.53472e-10	
21	7.087500e-02	-1.69601e-10	
22	7.425000e-02	-1.87424e-10	
23	7.762500e-02	-2.07118e-10	
24	8.100000e-02	-2.28880e-10	
25	8.437500e-02	-2.52927e-10	
26	8.775000e-02	-2.80807e-10	
27	9.112500e-02	-3.10303e-10	
28	9.450000e-02	-3.42893e-10	
29	9.787500e-02	-3.78901e-10	
30	1.012500e-01	-4.18685e-10	
31	1.046250e-01	-4.62639e-10	
32	1.080000e-01	-5.11198e-10	
33	1.113750e-01	-5.64844e-10	
34	1.147500e-01	-6.24107e-10	
35	1.181250e-01	-6.89572e-10	
36	1.215000e-01	-7.61884e-10	
37	1.248750e-01	-8.41757e-10	
38	1.282500e-01	-9.29975e-10	
39	1.316250e-01	-1.02740e-09	
40	1.350000e-01	-1.13500e-09	
41	1.383750e-01	-1.25381e-09	
42	1.417500e-01	-1.38499e-09	
43	1.451250e-01	-1.52982e-09	
44	1.485000e-01	-1.68971e-09	
45	1.518750e-01	-1.86619e-09	
46	1.552500e-01	-2.06097e-09	
47	1.586250e-01	-2.27590e-09	
48	1.620000e-01	-2.51306e-09	
49	1.653750e-01	-2.77467e-09	
50	1.687500e-01	-3.06322e-09	
51	1.721250e-01	-3.38141e-09	
52	1.755000e-01	-3.73221e-09	
53	1.788750e-01	-4.11887e-09	
54	1.822500e-01	-4.54494e-09	

Index   v-sweep         vd#branch       
--------------------------------------------------------------------------------
55	1.856250e-01	-5.01429e-09	
56	1.890000e-01	-5.53116e-09	
57	1.923750e-01	-6.10015e-09	
58	1.957500e-01	-6.72628e-09	
59	1.991250e-01	-7.41501e-09	
60	2.025000e-01	-8.17224e-09	
61	2.058750e-01	-9.00437e-09	
62	2.092500e-01	-9.91831e-09	
63	2.126250e-01	-1.09215e-08	
64	2.160000e-01	-1.20220e-08	
65	2.193750e-01	-1.32284e-08	
66	2.227500e-01	-1.45499e-08	
67	2.261250e-01	-1.59963e-08	
68	2.295000e-01	-1.75780e-08	
69	2.328750e-01	-1.93062e-08	
70	2.362500e-01	-2.11925e-08	
71	2.396250e-01	-2.32493e-08	
72	2.430000e-01	-2.54894e-08	
73	2.463750e-01	-2.79262e-08	
74	2.497500e-01	-3.05739e-08	
75	2.531250e-01	-3.34468e-08	
76	2.565000e-01	-3.65597e-08	
77	2.598750e-01	-3.99280e-08	
78	2.632500e-01	-4.35671e-08	
79	2.666250e-01	-4.74926e-08	
80	2.700000e-01	-5.17204e-08	
81	2.733750e-01	-5.62661e-08	
82	2.767500e-01	-6.11456e-08	
83	2.801250e-01	-6.63744e-08	
84	2.835000e-01	-7.19675e-08	
85	2.868750e-01	-7.79400e-08	
86	2.902500e-01	-8.43061e-08	
87	2.936250e-01	-9.10798e-08	
88	2.970000e-01	-9.82744e-08	
89	3.003750e-01	-1.05902e-07	
90	3.037500e-01	-1.13976e-07	
91	3.071250e-01	-1.22506e-07	
92	3.105000e-01	-1.31503e-07	
93	3.138750e-01	-1.40976e-07	
94	3.172500e-01	-1.50936e-07	
95	3.206250e-01	-1.61388e-07	
96	3.240000e-01	-1.72342e-07	
97	3.273750e-01	-1.83803e-07	
98	3.307500e-01	-1.95777e-07	
99	3.341250e-01	-2.08269e-07	
100	3.375000e-01	-2.21284e-07	
101	3.408750e-01	-2.34825e-07	
102	3.442500e-01	-2.48894e-07	
103	3.476250e-01	-2.63494e-07	
104	3.510000e-01	-2.78360e-07	
105	3.543750e-01	-2.94025e-07	
106	3.577500e-01	-3.10223e-07	
107	3.611250e-01	-3.26954e-07	
108	3.645000e-01	-3.44215e-07	
109	3.678750e-01	-3.62006e-07	
110	3.712500e-01	-3.80324e-07	
111	3.746250e-01	-3.99165e-07	
112	3.780000e-01	-4.18527e-07	

Index   v-sweep         vd#branch       
--------------------------------------------------------------------------------
113	3.813750e-01	-4.38405e-07	
114	3.847500e-01	-4.58796e-07	
115	3.881250e-01	-4.79693e-07	
116	3.915000e-01	-5.01093e-07	
117	3.948750e-01	-5.22989e-07	
118	3.982500e-01	-5.45376e-07	
119	4.016250e-01	-5.68248e-07	
120	4.050000e-01	-5.91599e-07	
121	4.083750e-01	-6.15423e-07	
122	4.117500e-01	-6.39713e-07	
123	4.151250e-01	-6.64462e-07	
124	4.185000e-01	-6.89664e-07	
125	4.218750e-01	-7.15313e-07	
126	4.252500e-01	-7.41401e-07	
127	4.286250e-01	-7.67922e-07	
128	4.320000e-01	-7.94868e-07	
129	4.353750e-01	-8.22234e-07	
130	4.387500e-01	-8.50012e-07	
131	4.421250e-01	-8.78196e-07	
132	4.455000e-01	-9.06779e-07	
133	4.488750e-01	-9.35754e-07	
134	4.522500e-01	-9.65115e-07	
135	4.556250e-01	-9.94855e-07	
136	4.590000e-01	-1.02497e-06	
137	4.623750e-01	-1.05545e-06	
138	4.657500e-01	-1.08629e-06	
139	4.691250e-01	-1.11748e-06	
140	4.725000e-01	-1.14902e-06	
141	4.758750e-01	-1.18090e-06	
142	4.792500e-01	-1.21311e-06	
143	4.826250e-01	-1.24566e-06	
144	4.860000e-01	-1.27852e-06	
145	4.893750e-01	-1.31171e-06	
146	4.927500e-01	-1.34520e-06	
147	4.961250e-01	-1.37900e-06	
148	4.995000e-01	-1.41310e-06	
149	5.028750e-01	-1.44750e-06	
150	5.062500e-01	-1.48218e-06	
151	5.096250e-01	-1.51714e-06	
152	5.130000e-01	-1.55238e-06	
153	5.163750e-01	-1.58790e-06	
154	5.197500e-01	-1.62368e-06	
155	5.231250e-01	-1.65972e-06	
156	5.265000e-01	-1.69602e-06	
157	5.298750e-01	-1.73257e-06	
158	5.332500e-01	-1.76936e-06	
159	5.366250e-01	-1.80640e-06	
160	5.400000e-01	-1.84367e-06	
161	5.433750e-01	-1.88118e-06	
162	5.467500e-01	-1.91892e-06	
163	5.501250e-01	-1.95687e-06	
164	5.535000e-01	-1.99505e-06	
165	5.568750e-01	-2.03344e-06	
166	5.602500e-01	-2.07204e-06	
167	5.636250e-01	-2.11084e-06	
168	5.670000e-01	-2.14985e-06	
169	5.703750e-01	-2.18905e-06	
170	5.737500e-01	-2.22845e-06	

Index   v-sweep         vd#branch       
--------------------------------------------------------------------------------
171	5.771250e-01	-2.26803e-06	
172	5.805000e-01	-2.30780e-06	
173	5.838750e-01	-2.34776e-06	
174	5.872500e-01	-2.38789e-06	
175	5.906250e-01	-2.42820e-06	
176	5.940000e-01	-2.46868e-06	
177	5.973750e-01	-2.50932e-06	
178	6.007500e-01	-2.55014e-06	
179	6.041250e-01	-2.59111e-06	
180	6.075000e-01	-2.63224e-06	
181	6.108750e-01	-2.67352e-06	
182	6.142500e-01	-2.71496e-06	
183	6.176250e-01	-2.75655e-06	
184	6.210000e-01	-2.79828e-06	
185	6.243750e-01	-2.84015e-06	
186	6.277500e-01	-2.88217e-06	
187	6.311250e-01	-2.92432e-06	
188	6.345000e-01	-2.96661e-06	
189	6.378750e-01	-3.00903e-06	
190	6.412500e-01	-3.05158e-06	
191	6.446250e-01	-3.09425e-06	
192	6.480000e-01	-3.13706e-06	
193	6.513750e-01	-3.17998e-06	
194	6.547500e-01	-3.22302e-06	
195	6.581250e-01	-3.26618e-06	
196	6.615000e-01	-3.30946e-06	
197	6.648750e-01	-3.35285e-06	
198	6.682500e-01	-3.39635e-06	
199	6.716250e-01	-3.43996e-06	
200	6.750000e-01	-3.48367e-06	


Total analysis time (seconds) = 0.013248

Total elapsed time (seconds) = 0.019 

Total DRAM available = 386307.215 MB.
DRAM currently available = 8654.582 MB.
Maximum ngspice program size =  529.723 MB.
Current ngspice program size =   14.086 MB.

Shared ngspice pages =   12.332 MB.
Text (code) pages =    6.266 MB.
Stack = 0 bytes.
Library pages =   59.141 MB.

