
Note: No compatibility mode selected!


Circuit: * mini-array n=8 layout

Doing analysis at TEMP = 125.000000 and TNOM = 27.000000

Using SPARSE 1.3 as Direct Linear Solver

Initial Transient Solution
--------------------------

Node                                   Voltage
----                                   -------
pre                                     0.3375
bl0                                     0.3375
s                                            0
bltap0                                  0.3375
wl0                                          0
bl1                                     0.3375
bltap1                                  0.3375
wl1                                          0
bl2                                     0.3375
bltap2                                  0.3375
wl2                                          0
bl3                                     0.3375
bltap3                                  0.3375
wl3                                          0
bl4                                     0.3375
bltap4                                  0.3375
wl4                                          0
bl5                                     0.3375
bltap5                                  0.3375
wl5                                          0
bl6                                     0.3375
bltap6                                  0.3375
wl6                                          0
bl7                                     0.3375
bltap7                                  0.3375
wl7                                          0
plate0                                       0
cell0                                        0
plate1                                  0.3375
cell1                                   0.3375
plate2                                  0.3375
cell2                                   0.3375
plate3                                  0.3375
cell3                                   0.3375
plate4                                  0.3375
cell4                                   0.3375
plate5                                  0.3375
cell5                                   0.3375
plate6                                  0.3375
cell6                                   0.3375
plate7                                  0.3375
cell7                                   0.3375
vplate7#branch                               0
vwl7#branch                                  0
vplate6#branch                               0
vwl6#branch                                  0
vplate5#branch                               0
vwl5#branch                                  0
vplate4#branch                               0
vwl4#branch                                  0
vplate3#branch                               0
vwl3#branch                                  0
vplate2#branch                               0
vwl2#branch                                  0
vplate1#branch                               0
vwl1#branch                                  0
vplate0#branch                               0
vwl0#branch                                  0
vs#branch                                    0
vpre#branch                                  0


No. of Data Rows : 514

  Measurements for Transient Analysis

t_bl_settle         =  2.43376e-09
i_bl_leak           =  -6.21617e-10 from=  1.50000e-08 to=  2.50000e-08

                            * mini-array n=8 layout
                            Transient Analysis  Wed Jun 24 01:12:32  2026
--------------------------------------------------------------------------------
Index   time            v(bl0)          v(bl7)          vpre#branch     
--------------------------------------------------------------------------------
0	0.000000e+00	3.375000e-01	3.375000e-01	0.000000e+00	
1	5.000000e-13	3.375000e-01	3.375000e-01	-2.94935e-19	
2	1.000000e-12	3.375000e-01	3.375000e-01	-5.20988e-19	
3	2.000000e-12	3.375000e-01	3.375000e-01	-9.47536e-19	
4	4.000000e-12	3.375000e-01	3.375000e-01	-1.78260e-18	
5	8.000000e-12	3.375000e-01	3.375000e-01	-3.46505e-18	
6	1.600000e-11	3.375000e-01	3.375000e-01	-6.81978e-18	
7	3.200000e-11	3.375000e-01	3.375000e-01	-1.35379e-17	
8	6.400000e-11	3.375000e-01	3.375000e-01	-2.69662e-17	
9	1.140000e-10	3.375000e-01	3.375000e-01	-4.79557e-17	
10	1.640000e-10	3.375000e-01	3.375000e-01	-6.89381e-17	
11	2.140000e-10	3.375000e-01	3.375000e-01	-8.99261e-17	
12	2.640000e-10	3.375000e-01	3.375000e-01	-1.10908e-16	
13	3.140000e-10	3.375000e-01	3.375000e-01	-1.31896e-16	
14	3.640000e-10	3.375000e-01	3.375000e-01	-1.52878e-16	
15	4.140000e-10	3.375000e-01	3.375000e-01	-1.73865e-16	
16	4.640000e-10	3.375000e-01	3.375000e-01	-1.94847e-16	
17	5.140000e-10	3.375000e-01	3.375000e-01	-2.15834e-16	
18	5.640000e-10	3.375000e-01	3.375000e-01	-2.36816e-16	
19	6.140000e-10	3.375000e-01	3.375000e-01	-2.57802e-16	
20	6.640000e-10	3.375000e-01	3.375000e-01	-2.78784e-16	
21	7.140000e-10	3.375000e-01	3.375000e-01	-2.99770e-16	
22	7.640000e-10	3.375000e-01	3.375000e-01	-3.20751e-16	
23	8.140000e-10	3.375000e-01	3.375000e-01	-3.41737e-16	
24	8.640000e-10	3.375000e-01	3.375000e-01	-3.62718e-16	
25	9.140000e-10	3.375000e-01	3.375000e-01	-3.83704e-16	
26	9.570000e-10	3.375000e-01	3.375000e-01	-4.01747e-16	
27	1.000000e-09	3.375000e-01	3.375000e-01	-4.19794e-16	
28	1.005000e-09	3.375331e-01	3.375302e-01	3.308306e-13	
29	1.015000e-09	3.375963e-01	3.375933e-01	9.631345e-13	
30	1.035000e-09	3.377226e-01	3.377197e-01	2.225521e-12	
31	1.075000e-09	3.379752e-01	3.379723e-01	4.752408e-12	
32	1.125000e-09	3.382909e-01	3.382881e-01	7.909341e-12	
33	1.175000e-09	3.386067e-01	3.386038e-01	1.106740e-11	
34	1.225000e-09	3.389223e-01	3.389195e-01	1.422347e-11	
35	1.275000e-09	3.392379e-01	3.392349e-01	1.737923e-11	
36	1.325000e-09	3.395529e-01	3.395501e-01	2.052931e-11	
37	1.375000e-09	3.398669e-01	3.398640e-01	2.366940e-11	
38	1.425000e-09	3.401780e-01	3.401752e-01	2.677955e-11	
39	1.475000e-09	3.404823e-01	3.404795e-01	2.982335e-11	
40	1.525000e-09	3.407724e-01	3.407698e-01	3.272375e-11	
41	1.575000e-09	3.410369e-01	3.410346e-01	3.536935e-11	
42	1.625000e-09	3.412619e-01	3.412601e-01	3.761897e-11	
43	1.675000e-09	3.414335e-01	3.414321e-01	3.933502e-11	
44	1.725000e-09	3.415390e-01	3.415384e-01	4.038969e-11	
45	1.775000e-09	3.415680e-01	3.415681e-01	4.068035e-11	
46	1.825000e-09	3.415119e-01	3.415129e-01	4.011890e-11	
47	1.875000e-09	3.413639e-01	3.413656e-01	3.863906e-11	
48	1.925000e-09	3.411185e-01	3.411213e-01	3.618528e-11	
49	1.962500e-09	3.408684e-01	3.408718e-01	3.368421e-11	
50	2.000000e-09	3.405600e-01	3.405642e-01	3.060034e-11	
51	2.005000e-09	3.404798e-01	3.404870e-01	2.979778e-11	
52	2.015000e-09	3.403220e-01	3.403294e-01	2.822028e-11	
53	2.035000e-09	3.400080e-01	3.400151e-01	2.508005e-11	
54	2.075000e-09	3.393856e-01	3.393928e-01	1.885569e-11	

Index   time            v(bl0)          v(bl7)          vpre#branch     
--------------------------------------------------------------------------------
55	2.125000e-09	3.386181e-01	3.386250e-01	1.118085e-11	
56	2.175000e-09	3.378620e-01	3.378690e-01	3.620119e-12	
57	2.225000e-09	3.371172e-01	3.371240e-01	-3.82757e-12	
58	2.275000e-09	3.363834e-01	3.363902e-01	-1.11656e-11	
59	2.325000e-09	3.356605e-01	3.356671e-01	-1.83948e-11	
60	2.375000e-09	3.349481e-01	3.349547e-01	-2.55186e-11	
61	2.425000e-09	3.342462e-01	3.342526e-01	-3.25377e-11	
62	2.475000e-09	3.335545e-01	3.335609e-01	-3.94553e-11	
63	2.525000e-09	3.328728e-01	3.328790e-01	-4.62721e-11	
64	2.575000e-09	3.322009e-01	3.322071e-01	-5.29914e-11	
65	2.625000e-09	3.315386e-01	3.315446e-01	-5.96135e-11	
66	2.675000e-09	3.308858e-01	3.308919e-01	-6.61419e-11	
67	2.725000e-09	3.302423e-01	3.302482e-01	-7.25766e-11	
68	2.775000e-09	3.296079e-01	3.296138e-01	-7.89211e-11	
69	2.825000e-09	3.289825e-01	3.289881e-01	-8.51754e-11	
70	2.875000e-09	3.283657e-01	3.283714e-01	-9.13428e-11	
71	2.925000e-09	3.277577e-01	3.277632e-01	-9.74233e-11	
72	2.975000e-09	3.271580e-01	3.271635e-01	-1.03420e-10	
73	3.025000e-09	3.265667e-01	3.265720e-01	-1.09333e-10	
74	3.075000e-09	3.259834e-01	3.259888e-01	-1.15166e-10	
75	3.125000e-09	3.254083e-01	3.254135e-01	-1.20917e-10	
76	3.175000e-09	3.248408e-01	3.248461e-01	-1.26592e-10	
77	3.225000e-09	3.242812e-01	3.242863e-01	-1.32188e-10	
78	3.275000e-09	3.237291e-01	3.237342e-01	-1.37709e-10	
79	3.325000e-09	3.231845e-01	3.231894e-01	-1.43155e-10	
80	3.375000e-09	3.226470e-01	3.226520e-01	-1.48530e-10	
81	3.425000e-09	3.221169e-01	3.221217e-01	-1.53831e-10	
82	3.475000e-09	3.215936e-01	3.215985e-01	-1.59064e-10	
83	3.525000e-09	3.210774e-01	3.210821e-01	-1.64226e-10	
84	3.575000e-09	3.205679e-01	3.205726e-01	-1.69321e-10	
85	3.625000e-09	3.200651e-01	3.200697e-01	-1.74349e-10	
86	3.675000e-09	3.195688e-01	3.195734e-01	-1.79312e-10	
87	3.725000e-09	3.190790e-01	3.190835e-01	-1.84210e-10	
88	3.775000e-09	3.185955e-01	3.185999e-01	-1.89045e-10	
89	3.825000e-09	3.181182e-01	3.181225e-01	-1.93818e-10	
90	3.875000e-09	3.176470e-01	3.176513e-01	-1.98530e-10	
91	3.925000e-09	3.171818e-01	3.171860e-01	-2.03182e-10	
92	3.975000e-09	3.167225e-01	3.167267e-01	-2.07775e-10	
93	4.025000e-09	3.162690e-01	3.162731e-01	-2.12310e-10	
94	4.075000e-09	3.158211e-01	3.158253e-01	-2.16789e-10	
95	4.125000e-09	3.153790e-01	3.153830e-01	-2.21210e-10	
96	4.175000e-09	3.149422e-01	3.149463e-01	-2.25578e-10	
97	4.225000e-09	3.145109e-01	3.145148e-01	-2.29891e-10	
98	4.275000e-09	3.140849e-01	3.140889e-01	-2.34151e-10	
99	4.325000e-09	3.136642e-01	3.136680e-01	-2.38358e-10	
100	4.375000e-09	3.132485e-01	3.132524e-01	-2.42515e-10	
101	4.425000e-09	3.128380e-01	3.128417e-01	-2.46620e-10	
102	4.475000e-09	3.124324e-01	3.124361e-01	-2.50676e-10	
103	4.525000e-09	3.120317e-01	3.120353e-01	-2.54683e-10	
104	4.575000e-09	3.116358e-01	3.116394e-01	-2.58642e-10	
105	4.625000e-09	3.112446e-01	3.112482e-01	-2.62554e-10	
106	4.675000e-09	3.108581e-01	3.108617e-01	-2.66419e-10	
107	4.725000e-09	3.104762e-01	3.104796e-01	-2.70238e-10	
108	4.775000e-09	3.100987e-01	3.101022e-01	-2.74013e-10	
109	4.825000e-09	3.097257e-01	3.097291e-01	-2.77743e-10	
110	4.875000e-09	3.093570e-01	3.093604e-01	-2.81430e-10	
111	4.925000e-09	3.089927e-01	3.089960e-01	-2.85073e-10	
112	4.975000e-09	3.086325e-01	3.086359e-01	-2.88675e-10	

Index   time            v(bl0)          v(bl7)          vpre#branch     
--------------------------------------------------------------------------------
113	5.025000e-09	3.082766e-01	3.082798e-01	-2.92234e-10	
114	5.075000e-09	3.079246e-01	3.079279e-01	-2.95754e-10	
115	5.125000e-09	3.075768e-01	3.075799e-01	-2.99232e-10	
116	5.175000e-09	3.072328e-01	3.072360e-01	-3.02672e-10	
117	5.225000e-09	3.068928e-01	3.068959e-01	-3.06072e-10	
118	5.275000e-09	3.065566e-01	3.065597e-01	-3.09434e-10	
119	5.325000e-09	3.062242e-01	3.062272e-01	-3.12758e-10	
120	5.375000e-09	3.058955e-01	3.058985e-01	-3.16045e-10	
121	5.425000e-09	3.055705e-01	3.055734e-01	-3.19295e-10	
122	5.475000e-09	3.052490e-01	3.052520e-01	-3.22510e-10	
123	5.525000e-09	3.049312e-01	3.049340e-01	-3.25688e-10	
124	5.575000e-09	3.046167e-01	3.046197e-01	-3.28833e-10	
125	5.625000e-09	3.043058e-01	3.043086e-01	-3.31942e-10	
126	5.675000e-09	3.039982e-01	3.040011e-01	-3.35018e-10	
127	5.725000e-09	3.036941e-01	3.036968e-01	-3.38059e-10	
128	5.775000e-09	3.033931e-01	3.033959e-01	-3.41069e-10	
129	5.825000e-09	3.030955e-01	3.030982e-01	-3.44045e-10	
130	5.875000e-09	3.028009e-01	3.028037e-01	-3.46991e-10	
131	5.925000e-09	3.025096e-01	3.025123e-01	-3.49904e-10	
132	5.975000e-09	3.022213e-01	3.022240e-01	-3.52787e-10	
133	6.025000e-09	3.019362e-01	3.019388e-01	-3.55638e-10	
134	6.075000e-09	3.016540e-01	3.016566e-01	-3.58460e-10	
135	6.125000e-09	3.013748e-01	3.013773e-01	-3.61252e-10	
136	6.175000e-09	3.010985e-01	3.011010e-01	-3.64015e-10	
137	6.225000e-09	3.008251e-01	3.008276e-01	-3.66749e-10	
138	6.275000e-09	3.005545e-01	3.005570e-01	-3.69455e-10	
139	6.325000e-09	3.002867e-01	3.002892e-01	-3.72133e-10	
140	6.375000e-09	3.000217e-01	3.000241e-01	-3.74783e-10	
141	6.425000e-09	2.997594e-01	2.997618e-01	-3.77406e-10	
142	6.475000e-09	2.994998e-01	2.995022e-01	-3.80002e-10	
143	6.525000e-09	2.992428e-01	2.992452e-01	-3.82572e-10	
144	6.575000e-09	2.989884e-01	2.989908e-01	-3.85116e-10	
145	6.625000e-09	2.987367e-01	2.987389e-01	-3.87633e-10	
146	6.675000e-09	2.984874e-01	2.984897e-01	-3.90126e-10	
147	6.725000e-09	2.982406e-01	2.982429e-01	-3.92594e-10	
148	6.775000e-09	2.979963e-01	2.979986e-01	-3.95037e-10	
149	6.825000e-09	2.977545e-01	2.977567e-01	-3.97455e-10	
150	6.875000e-09	2.975150e-01	2.975172e-01	-3.99850e-10	
151	6.925000e-09	2.972779e-01	2.972800e-01	-4.02221e-10	
152	6.975000e-09	2.970431e-01	2.970453e-01	-4.04569e-10	
153	7.025000e-09	2.968106e-01	2.968127e-01	-4.06894e-10	
154	7.075000e-09	2.965804e-01	2.965825e-01	-4.09196e-10	
155	7.125000e-09	2.963525e-01	2.963545e-01	-4.11475e-10	
156	7.175000e-09	2.961267e-01	2.961288e-01	-4.13733e-10	
157	7.225000e-09	2.959031e-01	2.959052e-01	-4.15969e-10	
158	7.275000e-09	2.956817e-01	2.956838e-01	-4.18183e-10	
159	7.325000e-09	2.954624e-01	2.954644e-01	-4.20376e-10	
160	7.375000e-09	2.952452e-01	2.952472e-01	-4.22548e-10	
161	7.425000e-09	2.950301e-01	2.950321e-01	-4.24699e-10	
162	7.475000e-09	2.948170e-01	2.948190e-01	-4.26830e-10	
163	7.525000e-09	2.946060e-01	2.946079e-01	-4.28940e-10	
164	7.575000e-09	2.943968e-01	2.943988e-01	-4.31032e-10	
165	7.625000e-09	2.941898e-01	2.941916e-01	-4.33102e-10	
166	7.675000e-09	2.939846e-01	2.939865e-01	-4.35154e-10	
167	7.725000e-09	2.937813e-01	2.937832e-01	-4.37187e-10	
168	7.775000e-09	2.935799e-01	2.935818e-01	-4.39201e-10	
169	7.825000e-09	2.933804e-01	2.933822e-01	-4.41196e-10	
170	7.875000e-09	2.931827e-01	2.931846e-01	-4.43173e-10	

Index   time            v(bl0)          v(bl7)          vpre#branch     
--------------------------------------------------------------------------------
171	7.925000e-09	2.929869e-01	2.929887e-01	-4.45131e-10	
172	7.975000e-09	2.927929e-01	2.927947e-01	-4.47071e-10	
173	8.025000e-09	2.926006e-01	2.926024e-01	-4.48994e-10	
174	8.075000e-09	2.924101e-01	2.924118e-01	-4.50899e-10	
175	8.125000e-09	2.922213e-01	2.922230e-01	-4.52787e-10	
176	8.175000e-09	2.920342e-01	2.920359e-01	-4.54658e-10	
177	8.225000e-09	2.918488e-01	2.918505e-01	-4.56512e-10	
178	8.275000e-09	2.916651e-01	2.916668e-01	-4.58349e-10	
179	8.325000e-09	2.914831e-01	2.914847e-01	-4.60169e-10	
180	8.375000e-09	2.913026e-01	2.913043e-01	-4.61974e-10	
181	8.425000e-09	2.911238e-01	2.911254e-01	-4.63762e-10	
182	8.475000e-09	2.909466e-01	2.909482e-01	-4.65534e-10	
183	8.525000e-09	2.907709e-01	2.907725e-01	-4.67291e-10	
184	8.575000e-09	2.905968e-01	2.905984e-01	-4.69032e-10	
185	8.625000e-09	2.904243e-01	2.904258e-01	-4.70757e-10	
186	8.675000e-09	2.902532e-01	2.902548e-01	-4.72468e-10	
187	8.725000e-09	2.900837e-01	2.900852e-01	-4.74163e-10	
188	8.775000e-09	2.899156e-01	2.899171e-01	-4.75844e-10	
189	8.825000e-09	2.897490e-01	2.897505e-01	-4.77510e-10	
190	8.875000e-09	2.895838e-01	2.895854e-01	-4.79162e-10	
191	8.925000e-09	2.894201e-01	2.894216e-01	-4.80799e-10	
192	8.975000e-09	2.892578e-01	2.892593e-01	-4.82422e-10	
193	9.025000e-09	2.890970e-01	2.890984e-01	-4.84030e-10	
194	9.075000e-09	2.889374e-01	2.889389e-01	-4.85626e-10	
195	9.125000e-09	2.887793e-01	2.887808e-01	-4.87207e-10	
196	9.175000e-09	2.886225e-01	2.886240e-01	-4.88775e-10	
197	9.225000e-09	2.884671e-01	2.884685e-01	-4.90329e-10	
198	9.275000e-09	2.883130e-01	2.883144e-01	-4.91870e-10	
199	9.325000e-09	2.881602e-01	2.881616e-01	-4.93398e-10	
200	9.375000e-09	2.880087e-01	2.880101e-01	-4.94913e-10	
201	9.425000e-09	2.878585e-01	2.878599e-01	-4.96415e-10	
202	9.475000e-09	2.877096e-01	2.877109e-01	-4.97904e-10	
203	9.525000e-09	2.875619e-01	2.875632e-01	-4.99381e-10	
204	9.575000e-09	2.874154e-01	2.874168e-01	-5.00846e-10	
205	9.625000e-09	2.872702e-01	2.872716e-01	-5.02298e-10	
206	9.675000e-09	2.871262e-01	2.871276e-01	-5.03738e-10	
207	9.725000e-09	2.869835e-01	2.869848e-01	-5.05165e-10	
208	9.775000e-09	2.868419e-01	2.868432e-01	-5.06581e-10	
209	9.825000e-09	2.867015e-01	2.867028e-01	-5.07985e-10	
210	9.875000e-09	2.865623e-01	2.865635e-01	-5.09377e-10	
211	9.925000e-09	2.864242e-01	2.864255e-01	-5.10758e-10	
212	9.975000e-09	2.862873e-01	2.862885e-01	-5.12127e-10	
213	1.002500e-08	2.861515e-01	2.861527e-01	-5.13485e-10	
214	1.007500e-08	2.860168e-01	2.860181e-01	-5.14832e-10	
215	1.012500e-08	2.858833e-01	2.858845e-01	-5.16167e-10	
216	1.017500e-08	2.857508e-01	2.857521e-01	-5.17492e-10	
217	1.022500e-08	2.856195e-01	2.856207e-01	-5.18805e-10	
218	1.027500e-08	2.854892e-01	2.854904e-01	-5.20108e-10	
219	1.032500e-08	2.853601e-01	2.853612e-01	-5.21399e-10	
220	1.037500e-08	2.852319e-01	2.852331e-01	-5.22681e-10	
221	1.042500e-08	2.851049e-01	2.851060e-01	-5.23951e-10	
222	1.047500e-08	2.849788e-01	2.849800e-01	-5.25212e-10	
223	1.052500e-08	2.848539e-01	2.848550e-01	-5.26461e-10	
224	1.057500e-08	2.847299e-01	2.847310e-01	-5.27701e-10	
225	1.062500e-08	2.846070e-01	2.846081e-01	-5.28930e-10	
226	1.067500e-08	2.844850e-01	2.844862e-01	-5.30150e-10	
227	1.072500e-08	2.843641e-01	2.843652e-01	-5.31359e-10	
228	1.077500e-08	2.842442e-01	2.842453e-01	-5.32558e-10	

Index   time            v(bl0)          v(bl7)          vpre#branch     
--------------------------------------------------------------------------------
229	1.082500e-08	2.841252e-01	2.841263e-01	-5.33748e-10	
230	1.087500e-08	2.840072e-01	2.840083e-01	-5.34928e-10	
231	1.092500e-08	2.838902e-01	2.838913e-01	-5.36098e-10	
232	1.097500e-08	2.837742e-01	2.837753e-01	-5.37258e-10	
233	1.102500e-08	2.836591e-01	2.836602e-01	-5.38409e-10	
234	1.107500e-08	2.835450e-01	2.835460e-01	-5.39550e-10	
235	1.112500e-08	2.834318e-01	2.834328e-01	-5.40682e-10	
236	1.117500e-08	2.833195e-01	2.833205e-01	-5.41805e-10	
237	1.122500e-08	2.832081e-01	2.832092e-01	-5.42919e-10	
238	1.127500e-08	2.830977e-01	2.830987e-01	-5.44023e-10	
239	1.132500e-08	2.829882e-01	2.829892e-01	-5.45118e-10	
240	1.137500e-08	2.828796e-01	2.828806e-01	-5.46204e-10	
241	1.142500e-08	2.827719e-01	2.827729e-01	-5.47281e-10	
242	1.147500e-08	2.826651e-01	2.826661e-01	-5.48349e-10	
243	1.152500e-08	2.825592e-01	2.825601e-01	-5.49408e-10	
244	1.157500e-08	2.824541e-01	2.824551e-01	-5.50459e-10	
245	1.162500e-08	2.823500e-01	2.823509e-01	-5.51500e-10	
246	1.167500e-08	2.822467e-01	2.822477e-01	-5.52533e-10	
247	1.172500e-08	2.821443e-01	2.821452e-01	-5.53557e-10	
248	1.177500e-08	2.820427e-01	2.820437e-01	-5.54573e-10	
249	1.182500e-08	2.819421e-01	2.819430e-01	-5.55579e-10	
250	1.187500e-08	2.818422e-01	2.818432e-01	-5.56578e-10	
251	1.192500e-08	2.817433e-01	2.817442e-01	-5.57567e-10	
252	1.197500e-08	2.816451e-01	2.816460e-01	-5.58549e-10	
253	1.202500e-08	2.815478e-01	2.815487e-01	-5.59522e-10	
254	1.207500e-08	2.814514e-01	2.814523e-01	-5.60486e-10	
255	1.212500e-08	2.813558e-01	2.813566e-01	-5.61442e-10	
256	1.217500e-08	2.812610e-01	2.812619e-01	-5.62390e-10	
257	1.222500e-08	2.811670e-01	2.811679e-01	-5.63330e-10	
258	1.227500e-08	2.810739e-01	2.810748e-01	-5.64261e-10	
259	1.232500e-08	2.809816e-01	2.809825e-01	-5.65184e-10	
260	1.237500e-08	2.808901e-01	2.808910e-01	-5.66099e-10	
261	1.242500e-08	2.807995e-01	2.808003e-01	-5.67005e-10	
262	1.247500e-08	2.807097e-01	2.807105e-01	-5.67903e-10	
263	1.252500e-08	2.806206e-01	2.806215e-01	-5.68794e-10	
264	1.257500e-08	2.805324e-01	2.805332e-01	-5.69676e-10	
265	1.262500e-08	2.804450e-01	2.804458e-01	-5.70550e-10	
266	1.267500e-08	2.803585e-01	2.803593e-01	-5.71415e-10	
267	1.272500e-08	2.802727e-01	2.802735e-01	-5.72273e-10	
268	1.277500e-08	2.801877e-01	2.801885e-01	-5.73123e-10	
269	1.282500e-08	2.801036e-01	2.801043e-01	-5.73964e-10	
270	1.287500e-08	2.800202e-01	2.800210e-01	-5.74798e-10	
271	1.292500e-08	2.799377e-01	2.799384e-01	-5.75623e-10	
272	1.297500e-08	2.798559e-01	2.798567e-01	-5.76441e-10	
273	1.302500e-08	2.797750e-01	2.797757e-01	-5.77250e-10	
274	1.307500e-08	2.796949e-01	2.796956e-01	-5.78051e-10	
275	1.312500e-08	2.796156e-01	2.796163e-01	-5.78844e-10	
276	1.317500e-08	2.795371e-01	2.795378e-01	-5.79629e-10	
277	1.322500e-08	2.794594e-01	2.794601e-01	-5.80406e-10	
278	1.327500e-08	2.793825e-01	2.793832e-01	-5.81175e-10	
279	1.332500e-08	2.793064e-01	2.793071e-01	-5.81936e-10	
280	1.337500e-08	2.792311e-01	2.792318e-01	-5.82689e-10	
281	1.342500e-08	2.791567e-01	2.791573e-01	-5.83433e-10	
282	1.347500e-08	2.790830e-01	2.790837e-01	-5.84170e-10	
283	1.352500e-08	2.790102e-01	2.790108e-01	-5.84898e-10	
284	1.357500e-08	2.789381e-01	2.789388e-01	-5.85619e-10	
285	1.362500e-08	2.788669e-01	2.788676e-01	-5.86331e-10	
286	1.367500e-08	2.787965e-01	2.787972e-01	-5.87035e-10	

Index   time            v(bl0)          v(bl7)          vpre#branch     
--------------------------------------------------------------------------------
287	1.372500e-08	2.787270e-01	2.787276e-01	-5.87730e-10	
288	1.377500e-08	2.786582e-01	2.786588e-01	-5.88418e-10	
289	1.382500e-08	2.785903e-01	2.785909e-01	-5.89097e-10	
290	1.387500e-08	2.785231e-01	2.785238e-01	-5.89769e-10	
291	1.392500e-08	2.784569e-01	2.784575e-01	-5.90431e-10	
292	1.397500e-08	2.783914e-01	2.783920e-01	-5.91086e-10	
293	1.402500e-08	2.783267e-01	2.783273e-01	-5.91733e-10	
294	1.407500e-08	2.782629e-01	2.782635e-01	-5.92371e-10	
295	1.412500e-08	2.781999e-01	2.782005e-01	-5.93001e-10	
296	1.417500e-08	2.781377e-01	2.781383e-01	-5.93623e-10	
297	1.422500e-08	2.780764e-01	2.780769e-01	-5.94236e-10	
298	1.427500e-08	2.780158e-01	2.780164e-01	-5.94842e-10	
299	1.432500e-08	2.779561e-01	2.779567e-01	-5.95439e-10	
300	1.437500e-08	2.778972e-01	2.778978e-01	-5.96028e-10	
301	1.442500e-08	2.778392e-01	2.778397e-01	-5.96608e-10	
302	1.447500e-08	2.777819e-01	2.777825e-01	-5.97181e-10	
303	1.452500e-08	2.777255e-01	2.777260e-01	-5.97745e-10	
304	1.457500e-08	2.776699e-01	2.776704e-01	-5.98301e-10	
305	1.462500e-08	2.776152e-01	2.776156e-01	-5.98848e-10	
306	1.467500e-08	2.775612e-01	2.775617e-01	-5.99388e-10	
307	1.472500e-08	2.775080e-01	2.775085e-01	-5.99920e-10	
308	1.477500e-08	2.774557e-01	2.774561e-01	-6.00443e-10	
309	1.482500e-08	2.774041e-01	2.774046e-01	-6.00959e-10	
310	1.487500e-08	2.773534e-01	2.773538e-01	-6.01466e-10	
311	1.492500e-08	2.773034e-01	2.773039e-01	-6.01966e-10	
312	1.497500e-08	2.772543e-01	2.772547e-01	-6.02457e-10	
313	1.502500e-08	2.772059e-01	2.772063e-01	-6.02941e-10	
314	1.507500e-08	2.771583e-01	2.771588e-01	-6.03417e-10	
315	1.512500e-08	2.771115e-01	2.771119e-01	-6.03885e-10	
316	1.517500e-08	2.770655e-01	2.770659e-01	-6.04345e-10	
317	1.522500e-08	2.770202e-01	2.770206e-01	-6.04798e-10	
318	1.527500e-08	2.769757e-01	2.769761e-01	-6.05243e-10	
319	1.532500e-08	2.769319e-01	2.769323e-01	-6.05681e-10	
320	1.537500e-08	2.768889e-01	2.768893e-01	-6.06111e-10	
321	1.542500e-08	2.768467e-01	2.768470e-01	-6.06533e-10	
322	1.547500e-08	2.768051e-01	2.768055e-01	-6.06949e-10	
323	1.552500e-08	2.767643e-01	2.767647e-01	-6.07357e-10	
324	1.557500e-08	2.767242e-01	2.767246e-01	-6.07758e-10	
325	1.562500e-08	2.766848e-01	2.766852e-01	-6.08152e-10	
326	1.567500e-08	2.766462e-01	2.766465e-01	-6.08538e-10	
327	1.572500e-08	2.766082e-01	2.766085e-01	-6.08918e-10	
328	1.577500e-08	2.765709e-01	2.765712e-01	-6.09291e-10	
329	1.582500e-08	2.765343e-01	2.765346e-01	-6.09657e-10	
330	1.587500e-08	2.764983e-01	2.764986e-01	-6.10017e-10	
331	1.592500e-08	2.764630e-01	2.764633e-01	-6.10370e-10	
332	1.597500e-08	2.764284e-01	2.764287e-01	-6.10716e-10	
333	1.602500e-08	2.763944e-01	2.763947e-01	-6.11056e-10	
334	1.607500e-08	2.763610e-01	2.763613e-01	-6.11390e-10	
335	1.612500e-08	2.763283e-01	2.763286e-01	-6.11717e-10	
336	1.617500e-08	2.762962e-01	2.762965e-01	-6.12038e-10	
337	1.622500e-08	2.762647e-01	2.762650e-01	-6.12353e-10	
338	1.627500e-08	2.762338e-01	2.762341e-01	-6.12662e-10	
339	1.632500e-08	2.762035e-01	2.762037e-01	-6.12965e-10	
340	1.637500e-08	2.761737e-01	2.761740e-01	-6.13263e-10	
341	1.642500e-08	2.761446e-01	2.761448e-01	-6.13554e-10	
342	1.647500e-08	2.761160e-01	2.761162e-01	-6.13840e-10	
343	1.652500e-08	2.760879e-01	2.760882e-01	-6.14121e-10	
344	1.657500e-08	2.760604e-01	2.760607e-01	-6.14396e-10	

Index   time            v(bl0)          v(bl7)          vpre#branch     
--------------------------------------------------------------------------------
345	1.662500e-08	2.760335e-01	2.760337e-01	-6.14665e-10	
346	1.667500e-08	2.760070e-01	2.760073e-01	-6.14930e-10	
347	1.672500e-08	2.759811e-01	2.759814e-01	-6.15189e-10	
348	1.677500e-08	2.759557e-01	2.759560e-01	-6.15443e-10	
349	1.682500e-08	2.759308e-01	2.759311e-01	-6.15692e-10	
350	1.687500e-08	2.759064e-01	2.759066e-01	-6.15936e-10	
351	1.692500e-08	2.758825e-01	2.758827e-01	-6.16175e-10	
352	1.697500e-08	2.758591e-01	2.758593e-01	-6.16409e-10	
353	1.702500e-08	2.758361e-01	2.758363e-01	-6.16639e-10	
354	1.707500e-08	2.758136e-01	2.758138e-01	-6.16864e-10	
355	1.712500e-08	2.757915e-01	2.757917e-01	-6.17085e-10	
356	1.717500e-08	2.757699e-01	2.757701e-01	-6.17301e-10	
357	1.722500e-08	2.757487e-01	2.757489e-01	-6.17513e-10	
358	1.727500e-08	2.757280e-01	2.757281e-01	-6.17720e-10	
359	1.732500e-08	2.757076e-01	2.757078e-01	-6.17924e-10	
360	1.737500e-08	2.756877e-01	2.756879e-01	-6.18123e-10	
361	1.742500e-08	2.756682e-01	2.756683e-01	-6.18318e-10	
362	1.747500e-08	2.756490e-01	2.756492e-01	-6.18510e-10	
363	1.752500e-08	2.756303e-01	2.756305e-01	-6.18697e-10	
364	1.757500e-08	2.756120e-01	2.756121e-01	-6.18880e-10	
365	1.762500e-08	2.755940e-01	2.755941e-01	-6.19060e-10	
366	1.767500e-08	2.755764e-01	2.755765e-01	-6.19236e-10	
367	1.772500e-08	2.755591e-01	2.755593e-01	-6.19409e-10	
368	1.777500e-08	2.755422e-01	2.755424e-01	-6.19578e-10	
369	1.782500e-08	2.755257e-01	2.755258e-01	-6.19743e-10	
370	1.787500e-08	2.755095e-01	2.755096e-01	-6.19905e-10	
371	1.792500e-08	2.754936e-01	2.754937e-01	-6.20064e-10	
372	1.797500e-08	2.754780e-01	2.754782e-01	-6.20220e-10	
373	1.802500e-08	2.754628e-01	2.754629e-01	-6.20372e-10	
374	1.807500e-08	2.754479e-01	2.754480e-01	-6.20521e-10	
375	1.812500e-08	2.754333e-01	2.754334e-01	-6.20667e-10	
376	1.817500e-08	2.754190e-01	2.754191e-01	-6.20810e-10	
377	1.822500e-08	2.754049e-01	2.754051e-01	-6.20951e-10	
378	1.827500e-08	2.753912e-01	2.753913e-01	-6.21088e-10	
379	1.832500e-08	2.753778e-01	2.753779e-01	-6.21222e-10	
380	1.837500e-08	2.753646e-01	2.753647e-01	-6.21354e-10	
381	1.842500e-08	2.753517e-01	2.753519e-01	-6.21483e-10	
382	1.847500e-08	2.753391e-01	2.753392e-01	-6.21609e-10	
383	1.852500e-08	2.753268e-01	2.753269e-01	-6.21732e-10	
384	1.857500e-08	2.753146e-01	2.753148e-01	-6.21854e-10	
385	1.862500e-08	2.753028e-01	2.753029e-01	-6.21972e-10	
386	1.867500e-08	2.752912e-01	2.752913e-01	-6.22088e-10	
387	1.872500e-08	2.752798e-01	2.752799e-01	-6.22202e-10	
388	1.877500e-08	2.752687e-01	2.752688e-01	-6.22313e-10	
389	1.882500e-08	2.752578e-01	2.752579e-01	-6.22422e-10	
390	1.887500e-08	2.752471e-01	2.752472e-01	-6.22529e-10	
391	1.892500e-08	2.752367e-01	2.752368e-01	-6.22633e-10	
392	1.897500e-08	2.752265e-01	2.752266e-01	-6.22735e-10	
393	1.902500e-08	2.752165e-01	2.752165e-01	-6.22835e-10	
394	1.907500e-08	2.752066e-01	2.752067e-01	-6.22934e-10	
395	1.912500e-08	2.751971e-01	2.751971e-01	-6.23029e-10	
396	1.917500e-08	2.751877e-01	2.751877e-01	-6.23123e-10	
397	1.922500e-08	2.751785e-01	2.751785e-01	-6.23215e-10	
398	1.927500e-08	2.751694e-01	2.751695e-01	-6.23306e-10	
399	1.932500e-08	2.751606e-01	2.751607e-01	-6.23394e-10	
400	1.937500e-08	2.751520e-01	2.751521e-01	-6.23480e-10	
401	1.942500e-08	2.751435e-01	2.751436e-01	-6.23565e-10	
402	1.947500e-08	2.751353e-01	2.751353e-01	-6.23647e-10	

Index   time            v(bl0)          v(bl7)          vpre#branch     
--------------------------------------------------------------------------------
403	1.952500e-08	2.751272e-01	2.751272e-01	-6.23728e-10	
404	1.957500e-08	2.751192e-01	2.751193e-01	-6.23808e-10	
405	1.962500e-08	2.751115e-01	2.751115e-01	-6.23885e-10	
406	1.967500e-08	2.751039e-01	2.751039e-01	-6.23961e-10	
407	1.972500e-08	2.750964e-01	2.750965e-01	-6.24036e-10	
408	1.977500e-08	2.750891e-01	2.750892e-01	-6.24109e-10	
409	1.982500e-08	2.750820e-01	2.750821e-01	-6.24180e-10	
410	1.987500e-08	2.750750e-01	2.750751e-01	-6.24250e-10	
411	1.992500e-08	2.750682e-01	2.750682e-01	-6.24318e-10	
412	1.997500e-08	2.750615e-01	2.750616e-01	-6.24385e-10	
413	2.002500e-08	2.750550e-01	2.750550e-01	-6.24450e-10	
414	2.007500e-08	2.750485e-01	2.750486e-01	-6.24515e-10	
415	2.012500e-08	2.750423e-01	2.750423e-01	-6.24577e-10	
416	2.017500e-08	2.750361e-01	2.750362e-01	-6.24639e-10	
417	2.022500e-08	2.750301e-01	2.750302e-01	-6.24699e-10	
418	2.027500e-08	2.750242e-01	2.750243e-01	-6.24758e-10	
419	2.032500e-08	2.750185e-01	2.750185e-01	-6.24815e-10	
420	2.037500e-08	2.750129e-01	2.750129e-01	-6.24871e-10	
421	2.042500e-08	2.750073e-01	2.750074e-01	-6.24927e-10	
422	2.047500e-08	2.750019e-01	2.750020e-01	-6.24981e-10	
423	2.052500e-08	2.749967e-01	2.749967e-01	-6.25033e-10	
424	2.057500e-08	2.749915e-01	2.749915e-01	-6.25085e-10	
425	2.062500e-08	2.749864e-01	2.749865e-01	-6.25136e-10	
426	2.067500e-08	2.749815e-01	2.749815e-01	-6.25185e-10	
427	2.072500e-08	2.749767e-01	2.749767e-01	-6.25233e-10	
428	2.077500e-08	2.749719e-01	2.749720e-01	-6.25281e-10	
429	2.082500e-08	2.749673e-01	2.749673e-01	-6.25327e-10	
430	2.087500e-08	2.749627e-01	2.749628e-01	-6.25373e-10	
431	2.092500e-08	2.749583e-01	2.749583e-01	-6.25417e-10	
432	2.097500e-08	2.749540e-01	2.749540e-01	-6.25460e-10	
433	2.102500e-08	2.749497e-01	2.749498e-01	-6.25503e-10	
434	2.107500e-08	2.749456e-01	2.749456e-01	-6.25544e-10	
435	2.112500e-08	2.749415e-01	2.749415e-01	-6.25585e-10	
436	2.117500e-08	2.749375e-01	2.749376e-01	-6.25625e-10	
437	2.122500e-08	2.749336e-01	2.749337e-01	-6.25664e-10	
438	2.127500e-08	2.749298e-01	2.749299e-01	-6.25702e-10	
439	2.132500e-08	2.749261e-01	2.749261e-01	-6.25739e-10	
440	2.137500e-08	2.749225e-01	2.749225e-01	-6.25775e-10	
441	2.142500e-08	2.749189e-01	2.749189e-01	-6.25811e-10	
442	2.147500e-08	2.749154e-01	2.749154e-01	-6.25846e-10	
443	2.152500e-08	2.749120e-01	2.749120e-01	-6.25880e-10	
444	2.157500e-08	2.749087e-01	2.749087e-01	-6.25913e-10	
445	2.162500e-08	2.749054e-01	2.749054e-01	-6.25946e-10	
446	2.167500e-08	2.749022e-01	2.749022e-01	-6.25978e-10	
447	2.172500e-08	2.748991e-01	2.748991e-01	-6.26009e-10	
448	2.177500e-08	2.748961e-01	2.748961e-01	-6.26039e-10	
449	2.182500e-08	2.748931e-01	2.748931e-01	-6.26069e-10	
450	2.187500e-08	2.748902e-01	2.748902e-01	-6.26098e-10	
451	2.192500e-08	2.748873e-01	2.748873e-01	-6.26127e-10	
452	2.197500e-08	2.748845e-01	2.748845e-01	-6.26155e-10	
453	2.202500e-08	2.748818e-01	2.748818e-01	-6.26182e-10	
454	2.207500e-08	2.748791e-01	2.748792e-01	-6.26209e-10	
455	2.212500e-08	2.748765e-01	2.748766e-01	-6.26235e-10	
456	2.217500e-08	2.748740e-01	2.748740e-01	-6.26260e-10	
457	2.222500e-08	2.748715e-01	2.748715e-01	-6.26285e-10	
458	2.227500e-08	2.748691e-01	2.748691e-01	-6.26309e-10	
459	2.232500e-08	2.748667e-01	2.748667e-01	-6.26333e-10	
460	2.237500e-08	2.748644e-01	2.748644e-01	-6.26356e-10	

Index   time            v(bl0)          v(bl7)          vpre#branch     
--------------------------------------------------------------------------------
461	2.242500e-08	2.748621e-01	2.748621e-01	-6.26379e-10	
462	2.247500e-08	2.748599e-01	2.748599e-01	-6.26401e-10	
463	2.252500e-08	2.748577e-01	2.748578e-01	-6.26423e-10	
464	2.257500e-08	2.748556e-01	2.748556e-01	-6.26444e-10	
465	2.262500e-08	2.748536e-01	2.748536e-01	-6.26464e-10	
466	2.267500e-08	2.748515e-01	2.748516e-01	-6.26485e-10	
467	2.272500e-08	2.748496e-01	2.748496e-01	-6.26504e-10	
468	2.277500e-08	2.748476e-01	2.748477e-01	-6.26524e-10	
469	2.282500e-08	2.748458e-01	2.748458e-01	-6.26542e-10	
470	2.287500e-08	2.748439e-01	2.748439e-01	-6.26561e-10	
471	2.292500e-08	2.748421e-01	2.748421e-01	-6.26579e-10	
472	2.297500e-08	2.748404e-01	2.748404e-01	-6.26596e-10	
473	2.302500e-08	2.748387e-01	2.748387e-01	-6.26613e-10	
474	2.307500e-08	2.748370e-01	2.748370e-01	-6.26630e-10	
475	2.312500e-08	2.748354e-01	2.748354e-01	-6.26646e-10	
476	2.317500e-08	2.748338e-01	2.748338e-01	-6.26662e-10	
477	2.322500e-08	2.748322e-01	2.748322e-01	-6.26678e-10	
478	2.327500e-08	2.748307e-01	2.748307e-01	-6.26693e-10	
479	2.332500e-08	2.748292e-01	2.748292e-01	-6.26708e-10	
480	2.337500e-08	2.748278e-01	2.748278e-01	-6.26722e-10	
481	2.342500e-08	2.748264e-01	2.748264e-01	-6.26736e-10	
482	2.347500e-08	2.748250e-01	2.748250e-01	-6.26750e-10	
483	2.352500e-08	2.748237e-01	2.748237e-01	-6.26763e-10	
484	2.357500e-08	2.748224e-01	2.748224e-01	-6.26776e-10	
485	2.362500e-08	2.748211e-01	2.748211e-01	-6.26789e-10	
486	2.367500e-08	2.748199e-01	2.748199e-01	-6.26801e-10	
487	2.372500e-08	2.748186e-01	2.748187e-01	-6.26814e-10	
488	2.377500e-08	2.748175e-01	2.748175e-01	-6.26825e-10	
489	2.382500e-08	2.748163e-01	2.748163e-01	-6.26837e-10	
490	2.387500e-08	2.748152e-01	2.748152e-01	-6.26848e-10	
491	2.392500e-08	2.748141e-01	2.748141e-01	-6.26859e-10	
492	2.397500e-08	2.748130e-01	2.748131e-01	-6.26870e-10	
493	2.402500e-08	2.748120e-01	2.748120e-01	-6.26880e-10	
494	2.407500e-08	2.748110e-01	2.748110e-01	-6.26890e-10	
495	2.412500e-08	2.748100e-01	2.748100e-01	-6.26900e-10	
496	2.417500e-08	2.748091e-01	2.748091e-01	-6.26909e-10	
497	2.422500e-08	2.748081e-01	2.748081e-01	-6.26919e-10	
498	2.427500e-08	2.748072e-01	2.748072e-01	-6.26928e-10	
499	2.432500e-08	2.748064e-01	2.748064e-01	-6.26936e-10	
500	2.437500e-08	2.748055e-01	2.748055e-01	-6.26945e-10	
501	2.442500e-08	2.748047e-01	2.748047e-01	-6.26953e-10	
502	2.447500e-08	2.748039e-01	2.748039e-01	-6.26961e-10	
503	2.452500e-08	2.748031e-01	2.748031e-01	-6.26969e-10	
504	2.457500e-08	2.748023e-01	2.748023e-01	-6.26977e-10	
505	2.462500e-08	2.748016e-01	2.748016e-01	-6.26984e-10	
506	2.467500e-08	2.748008e-01	2.748008e-01	-6.26992e-10	
507	2.472500e-08	2.748001e-01	2.748001e-01	-6.26999e-10	
508	2.477500e-08	2.747994e-01	2.747995e-01	-6.27006e-10	
509	2.482500e-08	2.747988e-01	2.747988e-01	-6.27012e-10	
510	2.487500e-08	2.747981e-01	2.747982e-01	-6.27019e-10	
511	2.492500e-08	2.747975e-01	2.747975e-01	-6.27025e-10	
512	2.496250e-08	2.747971e-01	2.747971e-01	-6.27029e-10	
513	2.500000e-08	2.747966e-01	2.747966e-01	-6.27034e-10	


Total analysis time (seconds) = 0.0710157

Total elapsed time (seconds) = 0.079 

Total DRAM available = 386307.215 MB.
DRAM currently available = 7598.730 MB.
Maximum ngspice program size =  529.844 MB.
Current ngspice program size =   14.371 MB.

Shared ngspice pages =   12.438 MB.
Text (code) pages =    6.266 MB.
Stack = 0 bytes.
Library pages =   59.262 MB.

