
Note: No compatibility mode selected!


Circuit: * 1t1c ccell=10.0ff

Doing analysis at TEMP = 125.000000 and TNOM = 27.000000

Using SPARSE 1.3 as Direct Linear Solver

Initial Transient Solution
--------------------------

Node                                   Voltage
----                                   -------
pre                                      0.405
bl                                       0.405
wl                                           0
plate                                        0
s                                            0
cell                                         0
vs#branch                                    0
vpl#branch                                   0
vwl#branch                                   0
vpre#branch                                  0


No. of Data Rows : 832

  Measurements for Transient Analysis

t_write             =  1.90071e-09
t_read              =  2.28545e-08
i_hold              =  -2.66309e-11 from=  2.50000e-08 to=  3.50250e-08
q_read              =   7.02487e-19 from=  1.20000e-08 to=  2.20000e-08

                              * 1t1c ccell=10.0ff
                              Transient Analysis  Tue Jun 23 21:20:49  2026
--------------------------------------------------------------------------------
Index   time            v(cell)         v(bl)           vpre#branch     
--------------------------------------------------------------------------------
0	0.000000e+00	0.000000e+00	4.050000e-01	0.000000e+00	
1	5.000000e-13	2.521923e-10	4.049997e-01	-3.48143e-15	
2	1.000000e-12	5.043683e-10	4.049993e-01	-6.65211e-15	
3	2.000000e-12	1.008717e-09	4.049987e-01	-1.29895e-14	
4	4.000000e-12	2.017412e-09	4.049974e-01	-2.56403e-14	
5	8.000000e-12	4.034793e-09	4.049949e-01	-5.08466e-14	
6	1.600000e-11	8.069521e-09	4.049899e-01	-1.00880e-13	
7	3.200000e-11	1.613884e-08	4.049801e-01	-1.99450e-13	
8	6.400000e-11	3.227697e-08	4.049609e-01	-3.90749e-13	
9	1.140000e-10	5.749146e-08	4.049325e-01	-6.74691e-13	
10	1.640000e-10	8.270439e-08	4.049059e-01	-9.41298e-13	
11	2.140000e-10	1.079159e-07	4.048808e-01	-1.19163e-12	
12	2.640000e-10	1.331260e-07	4.048573e-01	-1.42668e-12	
13	3.140000e-10	1.583348e-07	4.048353e-01	-1.64738e-12	
14	3.640000e-10	1.835425e-07	4.048145e-01	-1.85460e-12	
15	4.140000e-10	2.087490e-07	4.047951e-01	-2.04918e-12	
16	4.640000e-10	2.339544e-07	4.047768e-01	-2.23188e-12	
17	5.140000e-10	2.591588e-07	4.047597e-01	-2.40342e-12	
18	5.640000e-10	2.843623e-07	4.047436e-01	-2.56449e-12	
19	6.140000e-10	3.095649e-07	4.047284e-01	-2.71573e-12	
20	6.640000e-10	3.347667e-07	4.047142e-01	-2.85773e-12	
21	7.140000e-10	3.599677e-07	4.047009e-01	-2.99107e-12	
22	7.640000e-10	3.851680e-07	4.046884e-01	-3.11626e-12	
23	8.140000e-10	4.103676e-07	4.046766e-01	-3.23382e-12	
24	8.640000e-10	4.355665e-07	4.046656e-01	-3.34419e-12	
25	9.140000e-10	4.607648e-07	4.046552e-01	-3.44783e-12	
26	9.570000e-10	4.824349e-07	4.046468e-01	-3.53188e-12	
27	1.000000e-09	5.041046e-07	4.046389e-01	-3.61149e-12	
28	1.005000e-09	4.047321e-03	4.046382e-01	-3.61785e-12	
29	1.015000e-09	1.214089e-02	4.046374e-01	-3.62571e-12	
30	1.035000e-09	2.832803e-02	4.046384e-01	-3.61590e-12	
31	1.075000e-09	6.070231e-02	4.046476e-01	-3.52437e-12	
32	1.125000e-09	1.011701e-01	4.046657e-01	-3.34345e-12	
33	1.175000e-09	1.416380e-01	4.046851e-01	-3.14864e-12	
34	1.225000e-09	1.821058e-01	4.047040e-01	-2.96033e-12	
35	1.275000e-09	2.225736e-01	4.047219e-01	-2.78130e-12	
36	1.325000e-09	2.630415e-01	4.047388e-01	-2.61229e-12	
37	1.375000e-09	3.035093e-01	4.047547e-01	-2.45322e-12	
38	1.425000e-09	3.439771e-01	4.047696e-01	-2.30371e-12	
39	1.475000e-09	3.844450e-01	4.047837e-01	-2.16326e-12	
40	1.525000e-09	4.249128e-01	4.047969e-01	-2.03134e-12	
41	1.575000e-09	4.653806e-01	4.048093e-01	-1.90743e-12	
42	1.625000e-09	5.058485e-01	4.048209e-01	-1.79104e-12	
43	1.675000e-09	5.463163e-01	4.048318e-01	-1.68175e-12	
44	1.725000e-09	5.867841e-01	4.048421e-01	-1.57911e-12	
45	1.775000e-09	6.272520e-01	4.048517e-01	-1.48272e-12	
46	1.825000e-09	6.677198e-01	4.048608e-01	-1.39220e-12	
47	1.875000e-09	7.081876e-01	4.048693e-01	-1.30719e-12	
48	1.925000e-09	7.486555e-01	4.048773e-01	-1.22734e-12	
49	1.962500e-09	7.790064e-01	4.048829e-01	-1.17067e-12	
50	2.000000e-09	8.093572e-01	4.048883e-01	-1.11660e-12	
51	2.005000e-09	8.093572e-01	4.048890e-01	-1.10960e-12	
52	2.015000e-09	8.093572e-01	4.048904e-01	-1.09570e-12	
53	2.035000e-09	8.093572e-01	4.048932e-01	-1.06841e-12	
54	2.075000e-09	8.093572e-01	4.048984e-01	-1.01583e-12	

Index   time            v(cell)         v(bl)           vpre#branch     
--------------------------------------------------------------------------------
55	2.125000e-09	8.093572e-01	4.049046e-01	-9.53724e-13	
56	2.175000e-09	8.093572e-01	4.049105e-01	-8.95402e-13	
57	2.225000e-09	8.093572e-01	4.049159e-01	-8.40636e-13	
58	2.275000e-09	8.093572e-01	4.049211e-01	-7.89210e-13	
59	2.325000e-09	8.093572e-01	4.049259e-01	-7.40920e-13	
60	2.375000e-09	8.093572e-01	4.049304e-01	-6.95576e-13	
61	2.425000e-09	8.093572e-01	4.049347e-01	-6.52996e-13	
62	2.475000e-09	8.093572e-01	4.049387e-01	-6.13013e-13	
63	2.525000e-09	8.093572e-01	4.049425e-01	-5.75468e-13	
64	2.575000e-09	8.093572e-01	4.049460e-01	-5.40213e-13	
65	2.625000e-09	8.093572e-01	4.049493e-01	-5.07107e-13	
66	2.675000e-09	8.093572e-01	4.049524e-01	-4.76021e-13	
67	2.725000e-09	8.093572e-01	4.049553e-01	-4.46830e-13	
68	2.775000e-09	8.093572e-01	4.049581e-01	-4.19419e-13	
69	2.825000e-09	8.093572e-01	4.049606e-01	-3.93680e-13	
70	2.875000e-09	8.093572e-01	4.049630e-01	-3.69511e-13	
71	2.925000e-09	8.093572e-01	4.049653e-01	-3.46815e-13	
72	2.975000e-09	8.093572e-01	4.049674e-01	-3.25504e-13	
73	3.025000e-09	8.093572e-01	4.049695e-01	-3.05492e-13	
74	3.075000e-09	8.093572e-01	4.049713e-01	-2.86700e-13	
75	3.125000e-09	8.093572e-01	4.049731e-01	-2.69055e-13	
76	3.175000e-09	8.093572e-01	4.049748e-01	-2.52485e-13	
77	3.225000e-09	8.093572e-01	4.049763e-01	-2.36926e-13	
78	3.275000e-09	8.093572e-01	4.049778e-01	-2.22316e-13	
79	3.325000e-09	8.093572e-01	4.049791e-01	-2.08596e-13	
80	3.375000e-09	8.093572e-01	4.049804e-01	-1.95714e-13	
81	3.425000e-09	8.093572e-01	4.049816e-01	-1.83617e-13	
82	3.475000e-09	8.093572e-01	4.049828e-01	-1.72257e-13	
83	3.525000e-09	8.093572e-01	4.049838e-01	-1.61591e-13	
84	3.575000e-09	8.093572e-01	4.049848e-01	-1.51575e-13	
85	3.625000e-09	8.093572e-01	4.049858e-01	-1.42169e-13	
86	3.675000e-09	8.093572e-01	4.049867e-01	-1.33338e-13	
87	3.725000e-09	8.093572e-01	4.049875e-01	-1.25044e-13	
88	3.775000e-09	8.093572e-01	4.049883e-01	-1.17257e-13	
89	3.825000e-09	8.093572e-01	4.049890e-01	-1.09944e-13	
90	3.875000e-09	8.093572e-01	4.049897e-01	-1.03078e-13	
91	3.925000e-09	8.093572e-01	4.049903e-01	-9.66299e-14	
92	3.975000e-09	8.093572e-01	4.049909e-01	-9.05752e-14	
93	4.025000e-09	8.093572e-01	4.049915e-01	-8.48898e-14	
94	4.075000e-09	8.093572e-01	4.049920e-01	-7.95511e-14	
95	4.125000e-09	8.093572e-01	4.049925e-01	-7.45379e-14	
96	4.175000e-09	8.093572e-01	4.049930e-01	-6.98304e-14	
97	4.225000e-09	8.093572e-01	4.049935e-01	-6.54101e-14	
98	4.275000e-09	8.093572e-01	4.049939e-01	-6.12592e-14	
99	4.325000e-09	8.093572e-01	4.049943e-01	-5.73616e-14	
100	4.375000e-09	8.093572e-01	4.049946e-01	-5.37016e-14	
101	4.425000e-09	8.093572e-01	4.049950e-01	-5.02647e-14	
102	4.475000e-09	8.093572e-01	4.049953e-01	-4.70375e-14	
103	4.525000e-09	8.093572e-01	4.049956e-01	-4.40071e-14	
104	4.575000e-09	8.093572e-01	4.049959e-01	-4.11615e-14	
105	4.625000e-09	8.093572e-01	4.049962e-01	-3.84894e-14	
106	4.675000e-09	8.093572e-01	4.049964e-01	-3.59803e-14	
107	4.725000e-09	8.093572e-01	4.049966e-01	-3.36242e-14	
108	4.775000e-09	8.093572e-01	4.049969e-01	-3.14117e-14	
109	4.825000e-09	8.093572e-01	4.049971e-01	-2.93342e-14	
110	4.875000e-09	8.093572e-01	4.049973e-01	-2.73834e-14	
111	4.925000e-09	8.093572e-01	4.049974e-01	-2.55515e-14	
112	4.975000e-09	8.093572e-01	4.049976e-01	-2.38314e-14	

Index   time            v(cell)         v(bl)           vpre#branch     
--------------------------------------------------------------------------------
113	5.025000e-09	8.093572e-01	4.049978e-01	-2.22161e-14	
114	5.075000e-09	8.093572e-01	4.049979e-01	-2.06994e-14	
115	5.125000e-09	8.093572e-01	4.049981e-01	-1.92751e-14	
116	5.175000e-09	8.093572e-01	4.049982e-01	-1.79377e-14	
117	5.225000e-09	8.093572e-01	4.049983e-01	-1.66819e-14	
118	5.275000e-09	8.093572e-01	4.049984e-01	-1.55026e-14	
119	5.325000e-09	8.093572e-01	4.049986e-01	-1.43952e-14	
120	5.375000e-09	8.093572e-01	4.049987e-01	-1.33554e-14	
121	5.425000e-09	8.093572e-01	4.049988e-01	-1.23790e-14	
122	5.475000e-09	8.093572e-01	4.049989e-01	-1.14622e-14	
123	5.525000e-09	8.093572e-01	4.049989e-01	-1.06012e-14	
124	5.575000e-09	8.093572e-01	4.049990e-01	-9.79276e-15	
125	5.625000e-09	8.093572e-01	4.049991e-01	-9.03362e-15	
126	5.675000e-09	8.093572e-01	4.049992e-01	-8.32076e-15	
127	5.725000e-09	8.093572e-01	4.049992e-01	-7.65138e-15	
128	5.775000e-09	8.093572e-01	4.049993e-01	-7.02282e-15	
129	5.825000e-09	8.093572e-01	4.049994e-01	-6.43259e-15	
130	5.875000e-09	8.093572e-01	4.049994e-01	-5.87835e-15	
131	5.925000e-09	8.093572e-01	4.049995e-01	-5.35792e-15	
132	5.975000e-09	8.093572e-01	4.049995e-01	-4.86922e-15	
133	6.025000e-09	8.093572e-01	4.049996e-01	-4.41032e-15	
134	6.075000e-09	8.093572e-01	4.049996e-01	-3.97940e-15	
135	6.125000e-09	8.093572e-01	4.049996e-01	-3.57477e-15	
136	6.175000e-09	8.093572e-01	4.049997e-01	-3.19481e-15	
137	6.225000e-09	8.093572e-01	4.049997e-01	-2.83802e-15	
138	6.275000e-09	8.093572e-01	4.049997e-01	-2.50299e-15	
139	6.325000e-09	8.093572e-01	4.049998e-01	-2.18839e-15	
140	6.375000e-09	8.093572e-01	4.049998e-01	-1.89297e-15	
141	6.425000e-09	8.093572e-01	4.049998e-01	-1.61557e-15	
142	6.475000e-09	8.093572e-01	4.049999e-01	-1.35509e-15	
143	6.525000e-09	8.093572e-01	4.049999e-01	-1.11049e-15	
144	6.575000e-09	8.093572e-01	4.049999e-01	-8.80809e-16	
145	6.625000e-09	8.093572e-01	4.049999e-01	-6.65133e-16	
146	6.675000e-09	8.093572e-01	4.050000e-01	-4.62610e-16	
147	6.725000e-09	8.093572e-01	4.050000e-01	-2.72436e-16	
148	6.775000e-09	8.093572e-01	4.050000e-01	-9.38601e-17	
149	6.825000e-09	8.093572e-01	4.050000e-01	7.382577e-17	
150	6.875000e-09	8.093572e-01	4.050000e-01	2.312855e-16	
151	6.925000e-09	8.093572e-01	4.050000e-01	3.791436e-16	
152	6.962500e-09	8.093572e-01	4.050000e-01	4.840749e-16	
153	7.000000e-09	8.093572e-01	4.050001e-01	5.841697e-16	
154	7.005000e-09	7.891231e-01	4.050001e-01	5.961767e-16	
155	7.015000e-09	7.486553e-01	4.050001e-01	6.183106e-16	
156	7.035000e-09	6.677196e-01	4.050001e-01	6.521780e-16	
157	7.067500e-09	5.361992e-01	4.050001e-01	6.829855e-16	
158	7.100000e-09	4.046787e-01	4.050001e-01	6.921854e-16	
159	7.105000e-09	4.046789e-01	4.050001e-01	6.876415e-16	
160	7.115000e-09	4.046789e-01	4.050001e-01	6.786071e-16	
161	7.135000e-09	4.046789e-01	4.050001e-01	6.608744e-16	
162	7.175000e-09	4.046789e-01	4.050001e-01	6.267151e-16	
163	7.225000e-09	4.046789e-01	4.050001e-01	5.863588e-16	
164	7.275000e-09	4.046789e-01	4.050001e-01	5.484633e-16	
165	7.325000e-09	4.046789e-01	4.050001e-01	5.128788e-16	
166	7.375000e-09	4.046789e-01	4.050000e-01	4.794648e-16	
167	7.425000e-09	4.046789e-01	4.050000e-01	4.480885e-16	
168	7.475000e-09	4.046789e-01	4.050000e-01	4.186254e-16	
169	7.525000e-09	4.046789e-01	4.050000e-01	3.909590e-16	
170	7.575000e-09	4.046789e-01	4.050000e-01	3.649798e-16	

Index   time            v(cell)         v(bl)           vpre#branch     
--------------------------------------------------------------------------------
171	7.625000e-09	4.046789e-01	4.050000e-01	3.405849e-16	
172	7.675000e-09	4.046789e-01	4.050000e-01	3.176778e-16	
173	7.725000e-09	4.046789e-01	4.050000e-01	2.961676e-16	
174	7.775000e-09	4.046789e-01	4.050000e-01	2.759692e-16	
175	7.825000e-09	4.046789e-01	4.050000e-01	2.570027e-16	
176	7.875000e-09	4.046789e-01	4.050000e-01	2.391928e-16	
177	7.925000e-09	4.046789e-01	4.050000e-01	2.224686e-16	
178	7.975000e-09	4.046789e-01	4.050000e-01	2.067643e-16	
179	8.025000e-09	4.046789e-01	4.050000e-01	1.920178e-16	
180	8.075000e-09	4.046789e-01	4.050000e-01	1.781702e-16	
181	8.125000e-09	4.046789e-01	4.050000e-01	1.651670e-16	
182	8.175000e-09	4.046789e-01	4.050000e-01	1.529568e-16	
183	8.225000e-09	4.046789e-01	4.050000e-01	1.414913e-16	
184	8.275000e-09	4.046789e-01	4.050000e-01	1.307254e-16	
185	8.325000e-09	4.046789e-01	4.050000e-01	1.206161e-16	
186	8.375000e-09	4.046789e-01	4.050000e-01	1.111228e-16	
187	8.425000e-09	4.046789e-01	4.050000e-01	1.022085e-16	
188	8.475000e-09	4.046789e-01	4.050000e-01	9.383821e-17	
189	8.525000e-09	4.046789e-01	4.050000e-01	8.597842e-17	
190	8.575000e-09	4.046789e-01	4.050000e-01	7.859800e-17	
191	8.625000e-09	4.046789e-01	4.050000e-01	7.166760e-17	
192	8.675000e-09	4.046789e-01	4.050000e-01	6.515990e-17	
193	8.725000e-09	4.046789e-01	4.050000e-01	5.904901e-17	
194	8.775000e-09	4.046789e-01	4.050000e-01	5.331041e-17	
195	8.825000e-09	4.046789e-01	4.050000e-01	4.792173e-17	
196	8.875000e-09	4.046789e-01	4.050000e-01	4.286171e-17	
197	8.925000e-09	4.046789e-01	4.050000e-01	3.810989e-17	
198	8.975000e-09	4.046789e-01	4.050000e-01	3.364831e-17	
199	9.025000e-09	4.046789e-01	4.050000e-01	2.945876e-17	
200	9.075000e-09	4.046789e-01	4.050000e-01	2.552434e-17	
201	9.125000e-09	4.046789e-01	4.050000e-01	2.183021e-17	
202	9.175000e-09	4.046789e-01	4.050000e-01	1.836183e-17	
203	9.225000e-09	4.046789e-01	4.050000e-01	1.510450e-17	
204	9.275000e-09	4.046789e-01	4.050000e-01	1.204587e-17	
205	9.325000e-09	4.046789e-01	4.050000e-01	9.174116e-18	
206	9.375000e-09	4.046789e-01	4.050000e-01	6.477547e-18	
207	9.425000e-09	4.046789e-01	4.050000e-01	3.945452e-18	
208	9.475000e-09	4.046789e-01	4.050000e-01	1.567822e-18	
209	9.525000e-09	4.046789e-01	4.050000e-01	-6.65277e-19	
210	9.575000e-09	4.046789e-01	4.050000e-01	-2.76214e-18	
211	9.625000e-09	4.046789e-01	4.050000e-01	-4.73119e-18	
212	9.675000e-09	4.046789e-01	4.050000e-01	-6.58010e-18	
213	9.725000e-09	4.046789e-01	4.050000e-01	-8.31632e-18	
214	9.775000e-09	4.046789e-01	4.050000e-01	-9.94701e-18	
215	9.825000e-09	4.046789e-01	4.050000e-01	-1.14779e-17	
216	9.875000e-09	4.046789e-01	4.050000e-01	-1.29150e-17	
217	9.925000e-09	4.046789e-01	4.050000e-01	-1.42644e-17	
218	9.975000e-09	4.046789e-01	4.050000e-01	-1.55317e-17	
219	1.002500e-08	4.046789e-01	4.050000e-01	-1.67216e-17	
220	1.007500e-08	4.046789e-01	4.050000e-01	-1.78390e-17	
221	1.012500e-08	4.046789e-01	4.050000e-01	-1.88882e-17	
222	1.017500e-08	4.046789e-01	4.050000e-01	-1.98734e-17	
223	1.022500e-08	4.046789e-01	4.050000e-01	-2.07989e-17	
224	1.027500e-08	4.046789e-01	4.050000e-01	-2.16680e-17	
225	1.032500e-08	4.046789e-01	4.050000e-01	-2.24841e-17	
226	1.037500e-08	4.046789e-01	4.050000e-01	-2.32504e-17	
227	1.042500e-08	4.046789e-01	4.050000e-01	-2.39700e-17	
228	1.047500e-08	4.046789e-01	4.050000e-01	-2.46461e-17	

Index   time            v(cell)         v(bl)           vpre#branch     
--------------------------------------------------------------------------------
229	1.052500e-08	4.046789e-01	4.050000e-01	-2.52810e-17	
230	1.057500e-08	4.046789e-01	4.050000e-01	-2.58771e-17	
231	1.062500e-08	4.046789e-01	4.050000e-01	-2.64365e-17	
232	1.067500e-08	4.046789e-01	4.050000e-01	-2.69614e-17	
233	1.072500e-08	4.046789e-01	4.050000e-01	-2.74546e-17	
234	1.077500e-08	4.046789e-01	4.050000e-01	-2.79182e-17	
235	1.082500e-08	4.046789e-01	4.050000e-01	-2.83531e-17	
236	1.087500e-08	4.046789e-01	4.050000e-01	-2.87614e-17	
237	1.092500e-08	4.046789e-01	4.050000e-01	-2.91452e-17	
238	1.096250e-08	4.046789e-01	4.050000e-01	-2.94173e-17	
239	1.100000e-08	4.046789e-01	4.050000e-01	-2.96767e-17	
240	1.100500e-08	4.046820e-01	4.090244e-01	4.024435e-11	
241	1.101500e-08	4.046885e-01	4.170230e-01	1.202300e-10	
242	1.103500e-08	4.047013e-01	4.327220e-01	2.772202e-10	
243	1.107500e-08	4.047271e-01	4.629642e-01	5.796417e-10	
244	1.112500e-08	4.047592e-01	4.986921e-01	9.369209e-10	
245	1.117500e-08	4.047914e-01	5.322412e-01	1.272412e-09	
246	1.122500e-08	4.048236e-01	5.637444e-01	1.587444e-09	
247	1.127500e-08	4.048557e-01	5.933262e-01	1.883262e-09	
248	1.132500e-08	4.048879e-01	6.211037e-01	2.161037e-09	
249	1.137500e-08	4.049201e-01	6.471862e-01	2.421862e-09	
250	1.142500e-08	4.049523e-01	6.716758e-01	2.666758e-09	
251	1.147500e-08	4.049844e-01	6.946667e-01	2.896667e-09	
252	1.152500e-08	4.050166e-01	7.162438e-01	3.112438e-09	
253	1.157500e-08	4.050488e-01	7.364788e-01	3.314788e-09	
254	1.162500e-08	4.050811e-01	7.554214e-01	3.504214e-09	
255	1.167500e-08	4.051135e-01	7.730422e-01	3.680422e-09	
256	1.172500e-08	4.051462e-01	7.892230e-01	3.842230e-09	
257	1.177500e-08	4.051795e-01	8.036571e-01	3.986571e-09	
258	1.182500e-08	4.052141e-01	8.155664e-01	4.105664e-09	
259	1.187500e-08	4.052517e-01	8.232314e-01	4.182314e-09	
260	1.192500e-08	4.052953e-01	8.230552e-01	4.180552e-09	
261	1.196250e-08	4.053353e-01	8.140200e-01	4.090200e-09	
262	1.200000e-08	4.053863e-01	7.919304e-01	3.869304e-09	
263	1.200500e-08	4.053907e-01	7.839799e-01	3.789799e-09	
264	1.201500e-08	4.053995e-01	7.683212e-01	3.633212e-09	
265	1.203500e-08	4.054163e-01	7.384038e-01	3.334038e-09	
266	1.207500e-08	4.054475e-01	6.836295e-01	2.786295e-09	
267	1.212500e-08	4.054828e-01	6.235147e-01	2.185147e-09	
268	1.217500e-08	4.055146e-01	5.713716e-01	1.663716e-09	
269	1.222500e-08	4.055435e-01	5.260373e-01	1.210373e-09	
270	1.227500e-08	4.055697e-01	4.866404e-01	8.164043e-10	
271	1.232500e-08	4.055934e-01	4.526514e-01	4.765143e-10	
272	1.237500e-08	4.056143e-01	4.243494e-01	1.934940e-10	
273	1.242500e-08	4.056268e-01	4.079088e-01	2.908807e-11	
274	1.247500e-08	4.056290e-01	4.050552e-01	5.515058e-13	
275	1.252500e-08	4.056284e-01	4.057688e-01	7.688196e-12	
276	1.257500e-08	4.056285e-01	4.055734e-01	5.734460e-12	
277	1.262500e-08	4.056284e-01	4.056287e-01	6.286983e-12	
278	1.267500e-08	4.056284e-01	4.056139e-01	6.138985e-12	
279	1.272500e-08	4.056284e-01	4.056179e-01	6.178872e-12	
280	1.277500e-08	4.056284e-01	4.056168e-01	6.167706e-12	
281	1.282500e-08	4.056283e-01	4.056170e-01	6.170331e-12	
282	1.287500e-08	4.056283e-01	4.056169e-01	6.169254e-12	
283	1.292500e-08	4.056283e-01	4.056169e-01	6.169143e-12	
284	1.297500e-08	4.056282e-01	4.056169e-01	6.168807e-12	
285	1.302500e-08	4.056282e-01	4.056168e-01	6.168495e-12	
286	1.307500e-08	4.056282e-01	4.056168e-01	6.168214e-12	

Index   time            v(cell)         v(bl)           vpre#branch     
--------------------------------------------------------------------------------
287	1.312500e-08	4.056281e-01	4.056168e-01	6.167888e-12	
288	1.317500e-08	4.056281e-01	4.056168e-01	6.167610e-12	
289	1.322500e-08	4.056281e-01	4.056167e-01	6.167283e-12	
290	1.327500e-08	4.056280e-01	4.056167e-01	6.167006e-12	
291	1.332500e-08	4.056280e-01	4.056167e-01	6.166679e-12	
292	1.337500e-08	4.056280e-01	4.056166e-01	6.166401e-12	
293	1.342500e-08	4.056280e-01	4.056166e-01	6.166074e-12	
294	1.347500e-08	4.056279e-01	4.056166e-01	6.165797e-12	
295	1.352500e-08	4.056279e-01	4.056165e-01	6.165470e-12	
296	1.357500e-08	4.056279e-01	4.056165e-01	6.165192e-12	
297	1.362500e-08	4.056278e-01	4.056165e-01	6.164866e-12	
298	1.367500e-08	4.056278e-01	4.056165e-01	6.164588e-12	
299	1.372500e-08	4.056278e-01	4.056164e-01	6.164262e-12	
300	1.377500e-08	4.056277e-01	4.056164e-01	6.163984e-12	
301	1.382500e-08	4.056277e-01	4.056164e-01	6.163658e-12	
302	1.387500e-08	4.056277e-01	4.056163e-01	6.163379e-12	
303	1.392500e-08	4.056276e-01	4.056163e-01	6.163054e-12	
304	1.397500e-08	4.056276e-01	4.056163e-01	6.162775e-12	
305	1.402500e-08	4.056276e-01	4.056162e-01	6.162450e-12	
306	1.407500e-08	4.056276e-01	4.056162e-01	6.162171e-12	
307	1.412500e-08	4.056275e-01	4.056162e-01	6.161846e-12	
308	1.417500e-08	4.056275e-01	4.056162e-01	6.161567e-12	
309	1.422500e-08	4.056275e-01	4.056161e-01	6.161242e-12	
310	1.427500e-08	4.056274e-01	4.056161e-01	6.160963e-12	
311	1.432500e-08	4.056274e-01	4.056161e-01	6.160638e-12	
312	1.437500e-08	4.056274e-01	4.056160e-01	6.160359e-12	
313	1.442500e-08	4.056273e-01	4.056160e-01	6.160034e-12	
314	1.447500e-08	4.056273e-01	4.056160e-01	6.159755e-12	
315	1.452500e-08	4.056273e-01	4.056159e-01	6.159431e-12	
316	1.457500e-08	4.056272e-01	4.056159e-01	6.159151e-12	
317	1.462500e-08	4.056272e-01	4.056159e-01	6.158827e-12	
318	1.467500e-08	4.056272e-01	4.056159e-01	6.158548e-12	
319	1.472500e-08	4.056272e-01	4.056158e-01	6.158224e-12	
320	1.477500e-08	4.056271e-01	4.056158e-01	6.157944e-12	
321	1.482500e-08	4.056271e-01	4.056158e-01	6.157620e-12	
322	1.487500e-08	4.056271e-01	4.056157e-01	6.157340e-12	
323	1.492500e-08	4.056270e-01	4.056157e-01	6.157017e-12	
324	1.497500e-08	4.056270e-01	4.056157e-01	6.156737e-12	
325	1.502500e-08	4.056270e-01	4.056156e-01	6.156413e-12	
326	1.507500e-08	4.056269e-01	4.056156e-01	6.156133e-12	
327	1.512500e-08	4.056269e-01	4.056156e-01	6.155810e-12	
328	1.517500e-08	4.056269e-01	4.056156e-01	6.155530e-12	
329	1.522500e-08	4.056268e-01	4.056155e-01	6.155207e-12	
330	1.527500e-08	4.056268e-01	4.056155e-01	6.154926e-12	
331	1.532500e-08	4.056268e-01	4.056155e-01	6.154603e-12	
332	1.537500e-08	4.056268e-01	4.056154e-01	6.154323e-12	
333	1.542500e-08	4.056267e-01	4.056154e-01	6.154000e-12	
334	1.547500e-08	4.056267e-01	4.056154e-01	6.153720e-12	
335	1.552500e-08	4.056267e-01	4.056153e-01	6.153397e-12	
336	1.557500e-08	4.056266e-01	4.056153e-01	6.153116e-12	
337	1.562500e-08	4.056266e-01	4.056153e-01	6.152794e-12	
338	1.567500e-08	4.056266e-01	4.056153e-01	6.152513e-12	
339	1.572500e-08	4.056265e-01	4.056152e-01	6.152191e-12	
340	1.577500e-08	4.056265e-01	4.056152e-01	6.151910e-12	
341	1.582500e-08	4.056265e-01	4.056152e-01	6.151588e-12	
342	1.587500e-08	4.056264e-01	4.056151e-01	6.151307e-12	
343	1.592500e-08	4.056264e-01	4.056151e-01	6.150985e-12	
344	1.597500e-08	4.056264e-01	4.056151e-01	6.150704e-12	

Index   time            v(cell)         v(bl)           vpre#branch     
--------------------------------------------------------------------------------
345	1.602500e-08	4.056264e-01	4.056150e-01	6.150383e-12	
346	1.607500e-08	4.056263e-01	4.056150e-01	6.150101e-12	
347	1.612500e-08	4.056263e-01	4.056150e-01	6.149780e-12	
348	1.617500e-08	4.056263e-01	4.056149e-01	6.149498e-12	
349	1.622500e-08	4.056262e-01	4.056149e-01	6.149177e-12	
350	1.627500e-08	4.056262e-01	4.056149e-01	6.148896e-12	
351	1.632500e-08	4.056262e-01	4.056149e-01	6.148575e-12	
352	1.637500e-08	4.056261e-01	4.056148e-01	6.148293e-12	
353	1.642500e-08	4.056261e-01	4.056148e-01	6.147972e-12	
354	1.647500e-08	4.056261e-01	4.056148e-01	6.147690e-12	
355	1.652500e-08	4.056260e-01	4.056147e-01	6.147369e-12	
356	1.657500e-08	4.056260e-01	4.056147e-01	6.147087e-12	
357	1.662500e-08	4.056260e-01	4.056147e-01	6.146767e-12	
358	1.667500e-08	4.056260e-01	4.056146e-01	6.146485e-12	
359	1.672500e-08	4.056259e-01	4.056146e-01	6.146165e-12	
360	1.677500e-08	4.056259e-01	4.056146e-01	6.145882e-12	
361	1.682500e-08	4.056259e-01	4.056146e-01	6.145562e-12	
362	1.687500e-08	4.056258e-01	4.056145e-01	6.145280e-12	
363	1.692500e-08	4.056258e-01	4.056145e-01	6.144960e-12	
364	1.697500e-08	4.056258e-01	4.056145e-01	6.144678e-12	
365	1.702500e-08	4.056257e-01	4.056144e-01	6.144358e-12	
366	1.707500e-08	4.056257e-01	4.056144e-01	6.144075e-12	
367	1.712500e-08	4.056257e-01	4.056144e-01	6.143756e-12	
368	1.717500e-08	4.056256e-01	4.056143e-01	6.143473e-12	
369	1.722500e-08	4.056256e-01	4.056143e-01	6.143154e-12	
370	1.727500e-08	4.056256e-01	4.056143e-01	6.142871e-12	
371	1.732500e-08	4.056256e-01	4.056143e-01	6.142551e-12	
372	1.737500e-08	4.056255e-01	4.056142e-01	6.142269e-12	
373	1.742500e-08	4.056255e-01	4.056142e-01	6.141949e-12	
374	1.747500e-08	4.056255e-01	4.056142e-01	6.141667e-12	
375	1.752500e-08	4.056254e-01	4.056141e-01	6.141348e-12	
376	1.757500e-08	4.056254e-01	4.056141e-01	6.141064e-12	
377	1.762500e-08	4.056254e-01	4.056141e-01	6.140746e-12	
378	1.767500e-08	4.056253e-01	4.056140e-01	6.140462e-12	
379	1.772500e-08	4.056253e-01	4.056140e-01	6.140144e-12	
380	1.777500e-08	4.056253e-01	4.056140e-01	6.139861e-12	
381	1.782500e-08	4.056253e-01	4.056140e-01	6.139542e-12	
382	1.787500e-08	4.056252e-01	4.056139e-01	6.139259e-12	
383	1.792500e-08	4.056252e-01	4.056139e-01	6.138940e-12	
384	1.797500e-08	4.056252e-01	4.056139e-01	6.138657e-12	
385	1.802500e-08	4.056251e-01	4.056138e-01	6.138339e-12	
386	1.807500e-08	4.056251e-01	4.056138e-01	6.138055e-12	
387	1.812500e-08	4.056251e-01	4.056138e-01	6.137737e-12	
388	1.817500e-08	4.056250e-01	4.056137e-01	6.137454e-12	
389	1.822500e-08	4.056250e-01	4.056137e-01	6.137136e-12	
390	1.827500e-08	4.056250e-01	4.056137e-01	6.136852e-12	
391	1.832500e-08	4.056249e-01	4.056137e-01	6.136534e-12	
392	1.837500e-08	4.056249e-01	4.056136e-01	6.136250e-12	
393	1.842500e-08	4.056249e-01	4.056136e-01	6.135933e-12	
394	1.847500e-08	4.056249e-01	4.056136e-01	6.135649e-12	
395	1.852500e-08	4.056248e-01	4.056135e-01	6.135332e-12	
396	1.857500e-08	4.056248e-01	4.056135e-01	6.135047e-12	
397	1.862500e-08	4.056248e-01	4.056135e-01	6.134730e-12	
398	1.867500e-08	4.056247e-01	4.056134e-01	6.134446e-12	
399	1.872500e-08	4.056247e-01	4.056134e-01	6.134129e-12	
400	1.877500e-08	4.056247e-01	4.056134e-01	6.133845e-12	
401	1.882500e-08	4.056246e-01	4.056134e-01	6.133528e-12	
402	1.887500e-08	4.056246e-01	4.056133e-01	6.133243e-12	

Index   time            v(cell)         v(bl)           vpre#branch     
--------------------------------------------------------------------------------
403	1.892500e-08	4.056246e-01	4.056133e-01	6.132927e-12	
404	1.897500e-08	4.056245e-01	4.056133e-01	6.132642e-12	
405	1.902500e-08	4.056245e-01	4.056132e-01	6.132326e-12	
406	1.907500e-08	4.056245e-01	4.056132e-01	6.132041e-12	
407	1.912500e-08	4.056245e-01	4.056132e-01	6.131725e-12	
408	1.917500e-08	4.056244e-01	4.056131e-01	6.131440e-12	
409	1.922500e-08	4.056244e-01	4.056131e-01	6.131124e-12	
410	1.927500e-08	4.056244e-01	4.056131e-01	6.130839e-12	
411	1.932500e-08	4.056243e-01	4.056131e-01	6.130523e-12	
412	1.937500e-08	4.056243e-01	4.056130e-01	6.130238e-12	
413	1.942500e-08	4.056243e-01	4.056130e-01	6.129922e-12	
414	1.947500e-08	4.056242e-01	4.056130e-01	6.129637e-12	
415	1.952500e-08	4.056242e-01	4.056129e-01	6.129321e-12	
416	1.957500e-08	4.056242e-01	4.056129e-01	6.129036e-12	
417	1.962500e-08	4.056241e-01	4.056129e-01	6.128721e-12	
418	1.967500e-08	4.056241e-01	4.056128e-01	6.128436e-12	
419	1.972500e-08	4.056241e-01	4.056128e-01	6.128120e-12	
420	1.977500e-08	4.056241e-01	4.056128e-01	6.127835e-12	
421	1.982500e-08	4.056240e-01	4.056128e-01	6.127519e-12	
422	1.987500e-08	4.056240e-01	4.056127e-01	6.127234e-12	
423	1.992500e-08	4.056240e-01	4.056127e-01	6.126919e-12	
424	1.997500e-08	4.056239e-01	4.056127e-01	6.126634e-12	
425	2.002500e-08	4.056239e-01	4.056126e-01	6.126318e-12	
426	2.007500e-08	4.056239e-01	4.056126e-01	6.126033e-12	
427	2.012500e-08	4.056238e-01	4.056126e-01	6.125718e-12	
428	2.017500e-08	4.056238e-01	4.056125e-01	6.125432e-12	
429	2.022500e-08	4.056238e-01	4.056125e-01	6.125118e-12	
430	2.027500e-08	4.056238e-01	4.056125e-01	6.124832e-12	
431	2.032500e-08	4.056237e-01	4.056125e-01	6.124517e-12	
432	2.037500e-08	4.056237e-01	4.056124e-01	6.124232e-12	
433	2.042500e-08	4.056237e-01	4.056124e-01	6.123917e-12	
434	2.047500e-08	4.056236e-01	4.056124e-01	6.123631e-12	
435	2.052500e-08	4.056236e-01	4.056123e-01	6.123317e-12	
436	2.057500e-08	4.056236e-01	4.056123e-01	6.123031e-12	
437	2.062500e-08	4.056235e-01	4.056123e-01	6.122717e-12	
438	2.067500e-08	4.056235e-01	4.056122e-01	6.122431e-12	
439	2.072500e-08	4.056235e-01	4.056122e-01	6.122117e-12	
440	2.077500e-08	4.056234e-01	4.056122e-01	6.121831e-12	
441	2.082500e-08	4.056234e-01	4.056122e-01	6.121517e-12	
442	2.087500e-08	4.056234e-01	4.056121e-01	6.121231e-12	
443	2.092500e-08	4.056234e-01	4.056121e-01	6.120917e-12	
444	2.097500e-08	4.056233e-01	4.056121e-01	6.120631e-12	
445	2.102500e-08	4.056233e-01	4.056120e-01	6.120317e-12	
446	2.107500e-08	4.056233e-01	4.056120e-01	6.120031e-12	
447	2.112500e-08	4.056232e-01	4.056120e-01	6.119717e-12	
448	2.117500e-08	4.056232e-01	4.056119e-01	6.119431e-12	
449	2.122500e-08	4.056232e-01	4.056119e-01	6.119117e-12	
450	2.127500e-08	4.056231e-01	4.056119e-01	6.118831e-12	
451	2.132500e-08	4.056231e-01	4.056119e-01	6.118518e-12	
452	2.137500e-08	4.056231e-01	4.056118e-01	6.118231e-12	
453	2.142500e-08	4.056230e-01	4.056118e-01	6.117918e-12	
454	2.147500e-08	4.056230e-01	4.056118e-01	6.117632e-12	
455	2.152500e-08	4.056230e-01	4.056117e-01	6.117319e-12	
456	2.157500e-08	4.056230e-01	4.056117e-01	6.117032e-12	
457	2.162500e-08	4.056229e-01	4.056117e-01	6.116719e-12	
458	2.167500e-08	4.056229e-01	4.056116e-01	6.116432e-12	
459	2.172500e-08	4.056229e-01	4.056116e-01	6.116120e-12	
460	2.177500e-08	4.056228e-01	4.056116e-01	6.115833e-12	

Index   time            v(cell)         v(bl)           vpre#branch     
--------------------------------------------------------------------------------
461	2.182500e-08	4.056228e-01	4.056116e-01	6.115520e-12	
462	2.187500e-08	4.056228e-01	4.056115e-01	6.115233e-12	
463	2.192500e-08	4.056227e-01	4.056115e-01	6.114921e-12	
464	2.196250e-08	4.056227e-01	4.056115e-01	6.114709e-12	
465	2.200000e-08	4.056227e-01	4.056114e-01	6.114471e-12	
466	2.200500e-08	4.056187e-01	4.025337e-01	-2.46628e-11	
467	2.201500e-08	4.056101e-01	3.972398e-01	-7.76024e-11	
468	2.203500e-08	4.055914e-01	3.886809e-01	-1.63191e-10	
469	2.207500e-08	4.055545e-01	3.715585e-01	-3.34415e-10	
470	2.212500e-08	4.055108e-01	3.483526e-01	-5.66474e-10	
471	2.217500e-08	4.054695e-01	3.236625e-01	-8.13375e-10	
472	2.222500e-08	4.054300e-01	2.982361e-01	-1.06764e-09	
473	2.227500e-08	4.053920e-01	2.725949e-01	-1.32405e-09	
474	2.232500e-08	4.053552e-01	2.470890e-01	-1.57911e-09	
475	2.237500e-08	4.053193e-01	2.219647e-01	-1.83035e-09	
476	2.242500e-08	4.052843e-01	1.974029e-01	-2.07597e-09	
477	2.247500e-08	4.052499e-01	1.735405e-01	-2.31459e-09	
478	2.252500e-08	4.052160e-01	1.504820e-01	-2.54518e-09	
479	2.257500e-08	4.051825e-01	1.283057e-01	-2.76694e-09	
480	2.262500e-08	4.051494e-01	1.070678e-01	-2.97932e-09	
481	2.267500e-08	4.051166e-01	8.680415e-02	-3.18196e-09	
482	2.272500e-08	4.050839e-01	6.751321e-02	-3.37487e-09	
483	2.277500e-08	4.050515e-01	4.920321e-02	-3.55797e-09	
484	2.282500e-08	4.050191e-01	3.188773e-02	-3.73112e-09	
485	2.287500e-08	4.049868e-01	1.554276e-02	-3.89457e-09	
486	2.292500e-08	4.049545e-01	1.423058e-04	-4.04858e-09	
487	2.296250e-08	4.049303e-01	-1.08123e-02	-4.15812e-09	
488	2.300000e-08	4.049062e-01	-2.12813e-02	-4.26281e-09	
489	2.300500e-08	4.049062e-01	-1.86121e-02	-4.23612e-09	
490	2.301500e-08	4.049061e-01	-1.33076e-02	-4.18308e-09	
491	2.303500e-08	4.049061e-01	-2.89911e-03	-4.07899e-09	
492	2.307500e-08	4.049061e-01	1.714298e-02	-3.87857e-09	
493	2.312500e-08	4.049061e-01	4.081015e-02	-3.64190e-09	
494	2.317500e-08	4.049061e-01	6.302805e-02	-3.41972e-09	
495	2.322500e-08	4.049061e-01	8.388794e-02	-3.21112e-09	
496	2.327500e-08	4.049061e-01	1.034738e-01	-3.01526e-09	
497	2.332500e-08	4.049061e-01	1.218641e-01	-2.83136e-09	
498	2.337500e-08	4.049061e-01	1.391320e-01	-2.65868e-09	
499	2.342500e-08	4.049061e-01	1.553465e-01	-2.49654e-09	
500	2.347500e-08	4.049061e-01	1.705717e-01	-2.34428e-09	
501	2.352500e-08	4.049061e-01	1.848683e-01	-2.20132e-09	
502	2.357500e-08	4.049061e-01	1.982929e-01	-2.06707e-09	
503	2.362500e-08	4.049061e-01	2.108986e-01	-1.94101e-09	
504	2.367500e-08	4.049061e-01	2.227356e-01	-1.82264e-09	
505	2.372500e-08	4.049061e-01	2.338507e-01	-1.71149e-09	
506	2.377500e-08	4.049061e-01	2.442879e-01	-1.60712e-09	
507	2.382500e-08	4.049061e-01	2.540886e-01	-1.50911e-09	
508	2.387500e-08	4.049061e-01	2.632916e-01	-1.41708e-09	
509	2.392500e-08	4.049061e-01	2.719333e-01	-1.33067e-09	
510	2.397500e-08	4.049061e-01	2.800481e-01	-1.24952e-09	
511	2.402500e-08	4.049061e-01	2.876679e-01	-1.17332e-09	
512	2.407500e-08	4.049061e-01	2.948231e-01	-1.10177e-09	
513	2.412500e-08	4.049061e-01	3.015420e-01	-1.03458e-09	
514	2.417500e-08	4.049061e-01	3.078511e-01	-9.71489e-10	
515	2.422500e-08	4.049061e-01	3.137755e-01	-9.12245e-10	
516	2.427500e-08	4.049061e-01	3.193385e-01	-8.56615e-10	
517	2.432500e-08	4.049061e-01	3.245624e-01	-8.04376e-10	
518	2.437500e-08	4.049061e-01	3.294676e-01	-7.55324e-10	

Index   time            v(cell)         v(bl)           vpre#branch     
--------------------------------------------------------------------------------
519	2.442500e-08	4.049061e-01	3.340738e-01	-7.09262e-10	
520	2.447500e-08	4.049061e-01	3.383990e-01	-6.66010e-10	
521	2.452500e-08	4.049061e-01	3.424605e-01	-6.25395e-10	
522	2.457500e-08	4.049061e-01	3.462743e-01	-5.87257e-10	
523	2.462500e-08	4.049061e-01	3.498555e-01	-5.51445e-10	
524	2.467500e-08	4.049061e-01	3.532183e-01	-5.17817e-10	
525	2.472500e-08	4.049061e-01	3.563761e-01	-4.86239e-10	
526	2.477500e-08	4.049061e-01	3.593413e-01	-4.56587e-10	
527	2.482500e-08	4.049061e-01	3.621257e-01	-4.28743e-10	
528	2.487500e-08	4.049061e-01	3.647402e-01	-4.02598e-10	
529	2.492500e-08	4.049061e-01	3.671954e-01	-3.78046e-10	
530	2.497500e-08	4.049061e-01	3.695008e-01	-3.54992e-10	
531	2.502500e-08	4.049061e-01	3.716656e-01	-3.33344e-10	
532	2.507500e-08	4.049061e-01	3.736984e-01	-3.13016e-10	
533	2.512500e-08	4.049061e-01	3.756072e-01	-2.93928e-10	
534	2.517500e-08	4.049061e-01	3.773997e-01	-2.76003e-10	
535	2.522500e-08	4.049061e-01	3.790828e-01	-2.59172e-10	
536	2.527500e-08	4.049061e-01	3.806633e-01	-2.43367e-10	
537	2.532500e-08	4.049061e-01	3.821474e-01	-2.28526e-10	
538	2.537500e-08	4.049061e-01	3.835410e-01	-2.14590e-10	
539	2.542500e-08	4.049061e-01	3.848496e-01	-2.01504e-10	
540	2.547500e-08	4.049061e-01	3.860784e-01	-1.89216e-10	
541	2.552500e-08	4.049061e-01	3.872323e-01	-1.77677e-10	
542	2.557500e-08	4.049061e-01	3.883158e-01	-1.66842e-10	
543	2.562500e-08	4.049061e-01	3.893333e-01	-1.56667e-10	
544	2.567500e-08	4.049061e-01	3.902887e-01	-1.47113e-10	
545	2.572500e-08	4.049061e-01	3.911858e-01	-1.38142e-10	
546	2.577500e-08	4.049061e-01	3.920282e-01	-1.29718e-10	
547	2.582500e-08	4.049061e-01	3.928193e-01	-1.21807e-10	
548	2.587500e-08	4.049061e-01	3.935621e-01	-1.14379e-10	
549	2.592500e-08	4.049061e-01	3.942596e-01	-1.07404e-10	
550	2.597500e-08	4.049061e-01	3.949146e-01	-1.00854e-10	
551	2.602500e-08	4.049061e-01	3.955296e-01	-9.47040e-11	
552	2.607500e-08	4.049061e-01	3.961071e-01	-8.89287e-11	
553	2.612500e-08	4.049061e-01	3.966494e-01	-8.35057e-11	
554	2.617500e-08	4.049061e-01	3.971587e-01	-7.84133e-11	
555	2.622500e-08	4.049061e-01	3.976369e-01	-7.36314e-11	
556	2.627500e-08	4.049061e-01	3.980859e-01	-6.91412e-11	
557	2.632500e-08	4.049061e-01	3.985075e-01	-6.49248e-11	
558	2.637500e-08	4.049061e-01	3.989034e-01	-6.09655e-11	
559	2.642500e-08	4.049061e-01	3.992752e-01	-5.72477e-11	
560	2.647500e-08	4.049061e-01	3.996243e-01	-5.37566e-11	
561	2.652500e-08	4.049061e-01	3.999522e-01	-5.04784e-11	
562	2.657500e-08	4.049061e-01	4.002600e-01	-4.74001e-11	
563	2.662500e-08	4.049061e-01	4.005490e-01	-4.45095e-11	
564	2.667500e-08	4.049061e-01	4.008205e-01	-4.17952e-11	
565	2.672500e-08	4.049061e-01	4.010754e-01	-3.92464e-11	
566	2.677500e-08	4.049061e-01	4.013147e-01	-3.68531e-11	
567	2.682500e-08	4.049061e-01	4.015394e-01	-3.46057e-11	
568	2.687500e-08	4.049061e-01	4.017505e-01	-3.24953e-11	
569	2.692500e-08	4.049061e-01	4.019486e-01	-3.05137e-11	
570	2.697500e-08	4.049061e-01	4.021347e-01	-2.86529e-11	
571	2.702500e-08	4.049061e-01	4.023094e-01	-2.69056e-11	
572	2.707500e-08	4.049061e-01	4.024735e-01	-2.52648e-11	
573	2.712500e-08	4.049061e-01	4.026276e-01	-2.37241e-11	
574	2.717500e-08	4.049061e-01	4.027723e-01	-2.22773e-11	
575	2.722500e-08	4.049061e-01	4.029081e-01	-2.09188e-11	
576	2.727500e-08	4.049061e-01	4.030357e-01	-1.96431e-11	

Index   time            v(cell)         v(bl)           vpre#branch     
--------------------------------------------------------------------------------
577	2.732500e-08	4.049061e-01	4.031555e-01	-1.84452e-11	
578	2.737500e-08	4.049061e-01	4.032680e-01	-1.73204e-11	
579	2.742500e-08	4.049061e-01	4.033736e-01	-1.62642e-11	
580	2.747500e-08	4.049061e-01	4.034728e-01	-1.52723e-11	
581	2.752500e-08	4.049061e-01	4.035659e-01	-1.43410e-11	
582	2.757500e-08	4.049061e-01	4.036534e-01	-1.34664e-11	
583	2.762500e-08	4.049061e-01	4.037355e-01	-1.26452e-11	
584	2.767500e-08	4.049061e-01	4.038126e-01	-1.18741e-11	
585	2.772500e-08	4.049061e-01	4.038850e-01	-1.11500e-11	
586	2.777500e-08	4.049061e-01	4.039530e-01	-1.04700e-11	
587	2.782500e-08	4.049061e-01	4.040168e-01	-9.83153e-12	
588	2.787500e-08	4.049061e-01	4.040768e-01	-9.23198e-12	
589	2.792500e-08	4.049061e-01	4.041331e-01	-8.66899e-12	
590	2.797500e-08	4.049061e-01	4.041860e-01	-8.14033e-12	
591	2.802500e-08	4.049061e-01	4.042356e-01	-7.64391e-12	
592	2.807500e-08	4.049061e-01	4.042822e-01	-7.17777e-12	
593	2.812500e-08	4.049061e-01	4.043260e-01	-6.74005e-12	
594	2.817500e-08	4.049061e-01	4.043671e-01	-6.32902e-12	
595	2.822500e-08	4.049061e-01	4.044057e-01	-5.94306e-12	
596	2.827500e-08	4.049061e-01	4.044419e-01	-5.58064e-12	
597	2.832500e-08	4.049061e-01	4.044760e-01	-5.24032e-12	
598	2.837500e-08	4.049061e-01	4.045079e-01	-4.92075e-12	
599	2.842500e-08	4.049061e-01	4.045379e-01	-4.62067e-12	
600	2.847500e-08	4.049061e-01	4.045661e-01	-4.33889e-12	
601	2.852500e-08	4.049061e-01	4.045926e-01	-4.07430e-12	
602	2.857500e-08	4.049061e-01	4.046174e-01	-3.82584e-12	
603	2.862500e-08	4.049061e-01	4.046407e-01	-3.59253e-12	
604	2.867500e-08	4.049061e-01	4.046627e-01	-3.37345e-12	
605	2.872500e-08	4.049061e-01	4.046832e-01	-3.16773e-12	
606	2.877500e-08	4.049061e-01	4.047025e-01	-2.97455e-12	
607	2.882500e-08	4.049061e-01	4.047207e-01	-2.79316e-12	
608	2.887500e-08	4.049061e-01	4.047377e-01	-2.62282e-12	
609	2.892500e-08	4.049061e-01	4.047537e-01	-2.46288e-12	
610	2.897500e-08	4.049061e-01	4.047687e-01	-2.31268e-12	
611	2.902500e-08	4.049061e-01	4.047828e-01	-2.17165e-12	
612	2.907500e-08	4.049061e-01	4.047961e-01	-2.03922e-12	
613	2.912500e-08	4.049061e-01	4.048085e-01	-1.91486e-12	
614	2.917500e-08	4.049061e-01	4.048202e-01	-1.79809e-12	
615	2.922500e-08	4.049061e-01	4.048312e-01	-1.68844e-12	
616	2.927500e-08	4.049061e-01	4.048415e-01	-1.58547e-12	
617	2.932500e-08	4.049061e-01	4.048511e-01	-1.48879e-12	
618	2.937500e-08	4.049061e-01	4.048602e-01	-1.39800e-12	
619	2.942500e-08	4.049061e-01	4.048687e-01	-1.31275e-12	
620	2.947500e-08	4.049061e-01	4.048767e-01	-1.23269e-12	
621	2.952500e-08	4.049061e-01	4.048842e-01	-1.15752e-12	
622	2.957500e-08	4.049061e-01	4.048913e-01	-1.08693e-12	
623	2.962500e-08	4.049061e-01	4.048979e-01	-1.02065e-12	
624	2.967500e-08	4.049061e-01	4.049042e-01	-9.58408e-13	
625	2.972500e-08	4.049061e-01	4.049100e-01	-8.99962e-13	
626	2.977500e-08	4.049061e-01	4.049155e-01	-8.45081e-13	
627	2.982500e-08	4.049061e-01	4.049206e-01	-7.93546e-13	
628	2.987500e-08	4.049061e-01	4.049255e-01	-7.45154e-13	
629	2.992500e-08	4.049061e-01	4.049300e-01	-6.99714e-13	
630	2.997500e-08	4.049061e-01	4.049343e-01	-6.57044e-13	
631	3.002500e-08	4.049061e-01	4.049383e-01	-6.16976e-13	
632	3.007500e-08	4.049061e-01	4.049421e-01	-5.79352e-13	
633	3.012500e-08	4.049061e-01	4.049456e-01	-5.44022e-13	
634	3.017500e-08	4.049061e-01	4.049489e-01	-5.10847e-13	

Index   time            v(cell)         v(bl)           vpre#branch     
--------------------------------------------------------------------------------
635	3.022500e-08	4.049061e-01	4.049520e-01	-4.79695e-13	
636	3.027500e-08	4.049061e-01	4.049550e-01	-4.50443e-13	
637	3.032500e-08	4.049061e-01	4.049577e-01	-4.22974e-13	
638	3.037500e-08	4.049061e-01	4.049603e-01	-3.97181e-13	
639	3.042500e-08	4.049061e-01	4.049627e-01	-3.72960e-13	
640	3.047500e-08	4.049061e-01	4.049650e-01	-3.50217e-13	
641	3.052500e-08	4.049061e-01	4.049671e-01	-3.28860e-13	
642	3.057500e-08	4.049061e-01	4.049691e-01	-3.08806e-13	
643	3.062500e-08	4.049061e-01	4.049710e-01	-2.89975e-13	
644	3.067500e-08	4.049061e-01	4.049728e-01	-2.72292e-13	
645	3.072500e-08	4.049061e-01	4.049744e-01	-2.55688e-13	
646	3.077500e-08	4.049061e-01	4.049760e-01	-2.40096e-13	
647	3.082500e-08	4.049061e-01	4.049775e-01	-2.25455e-13	
648	3.087500e-08	4.049061e-01	4.049788e-01	-2.11707e-13	
649	3.092500e-08	4.049061e-01	4.049801e-01	-1.98797e-13	
650	3.097500e-08	4.049061e-01	4.049813e-01	-1.86674e-13	
651	3.102500e-08	4.049061e-01	4.049825e-01	-1.75291e-13	
652	3.107500e-08	4.049061e-01	4.049835e-01	-1.64602e-13	
653	3.112500e-08	4.049061e-01	4.049845e-01	-1.54565e-13	
654	3.117500e-08	4.049061e-01	4.049855e-01	-1.45140e-13	
655	3.122500e-08	4.049061e-01	4.049864e-01	-1.36289e-13	
656	3.127500e-08	4.049061e-01	4.049872e-01	-1.27979e-13	
657	3.132500e-08	4.049061e-01	4.049880e-01	-1.20175e-13	
658	3.137500e-08	4.049061e-01	4.049887e-01	-1.12847e-13	
659	3.142500e-08	4.049061e-01	4.049894e-01	-1.05966e-13	
660	3.147500e-08	4.049061e-01	4.049900e-01	-9.95043e-14	
661	3.152500e-08	4.049061e-01	4.049907e-01	-9.34369e-14	
662	3.157500e-08	4.049061e-01	4.049912e-01	-8.77395e-14	
663	3.162500e-08	4.049061e-01	4.049918e-01	-8.23896e-14	
664	3.167500e-08	4.049061e-01	4.049923e-01	-7.73659e-14	
665	3.172500e-08	4.049061e-01	4.049927e-01	-7.26485e-14	
666	3.177500e-08	4.049061e-01	4.049932e-01	-6.82188e-14	
667	3.182500e-08	4.049061e-01	4.049936e-01	-6.40593e-14	
668	3.187500e-08	4.049061e-01	4.049940e-01	-6.01534e-14	
669	3.192500e-08	4.049061e-01	4.049944e-01	-5.64857e-14	
670	3.197500e-08	4.049061e-01	4.049947e-01	-5.30417e-14	
671	3.202500e-08	4.049061e-01	4.049950e-01	-4.98077e-14	
672	3.207500e-08	4.049061e-01	4.049953e-01	-4.67709e-14	
673	3.212500e-08	4.049061e-01	4.049956e-01	-4.39194e-14	
674	3.217500e-08	4.049061e-01	4.049959e-01	-4.12417e-14	
675	3.222500e-08	4.049061e-01	4.049961e-01	-3.87273e-14	
676	3.227500e-08	4.049061e-01	4.049964e-01	-3.63662e-14	
677	3.232500e-08	4.049061e-01	4.049966e-01	-3.41491e-14	
678	3.237500e-08	4.049061e-01	4.049968e-01	-3.20672e-14	
679	3.242500e-08	4.049061e-01	4.049970e-01	-3.01123e-14	
680	3.247500e-08	4.049061e-01	4.049972e-01	-2.82766e-14	
681	3.252500e-08	4.049061e-01	4.049973e-01	-2.65529e-14	
682	3.257500e-08	4.049061e-01	4.049975e-01	-2.49342e-14	
683	3.262500e-08	4.049061e-01	4.049977e-01	-2.34143e-14	
684	3.267500e-08	4.049061e-01	4.049978e-01	-2.19871e-14	
685	3.272500e-08	4.049061e-01	4.049979e-01	-2.06469e-14	
686	3.277500e-08	4.049061e-01	4.049981e-01	-1.93884e-14	
687	3.282500e-08	4.049061e-01	4.049982e-01	-1.82066e-14	
688	3.287500e-08	4.049061e-01	4.049983e-01	-1.70970e-14	
689	3.292500e-08	4.049061e-01	4.049984e-01	-1.60550e-14	
690	3.297500e-08	4.049061e-01	4.049985e-01	-1.50765e-14	
691	3.302500e-08	4.049061e-01	4.049986e-01	-1.41578e-14	
692	3.307500e-08	4.049061e-01	4.049987e-01	-1.32950e-14	

Index   time            v(cell)         v(bl)           vpre#branch     
--------------------------------------------------------------------------------
693	3.312500e-08	4.049061e-01	4.049988e-01	-1.24849e-14	
694	3.317500e-08	4.049061e-01	4.049988e-01	-1.17241e-14	
695	3.322500e-08	4.049061e-01	4.049989e-01	-1.10098e-14	
696	3.327500e-08	4.049061e-01	4.049990e-01	-1.03390e-14	
697	3.332500e-08	4.049061e-01	4.049990e-01	-9.70913e-15	
698	3.337500e-08	4.049061e-01	4.049991e-01	-9.11766e-15	
699	3.342500e-08	4.049061e-01	4.049991e-01	-8.56227e-15	
700	3.347500e-08	4.049061e-01	4.049992e-01	-8.04074e-15	
701	3.352500e-08	4.049061e-01	4.049992e-01	-7.55102e-15	
702	3.357500e-08	4.049061e-01	4.049993e-01	-7.09116e-15	
703	3.362500e-08	4.049061e-01	4.049993e-01	-6.65935e-15	
704	3.367500e-08	4.049061e-01	4.049994e-01	-6.25387e-15	
705	3.372500e-08	4.049061e-01	4.049994e-01	-5.87312e-15	
706	3.377500e-08	4.049061e-01	4.049994e-01	-5.51558e-15	
707	3.382500e-08	4.049061e-01	4.049995e-01	-5.17985e-15	
708	3.387500e-08	4.049061e-01	4.049995e-01	-4.86459e-15	
709	3.392500e-08	4.049061e-01	4.049995e-01	-4.56856e-15	
710	3.397500e-08	4.049061e-01	4.049996e-01	-4.29058e-15	
711	3.402500e-08	4.049061e-01	4.049996e-01	-4.02956e-15	
712	3.407500e-08	4.049061e-01	4.049996e-01	-3.78445e-15	
713	3.412500e-08	4.049061e-01	4.049996e-01	-3.55428e-15	
714	3.417500e-08	4.049061e-01	4.049997e-01	-3.33816e-15	
715	3.422500e-08	4.049061e-01	4.049997e-01	-3.13521e-15	
716	3.427500e-08	4.049061e-01	4.049997e-01	-2.94464e-15	
717	3.432500e-08	4.049061e-01	4.049997e-01	-2.76569e-15	
718	3.437500e-08	4.049061e-01	4.049997e-01	-2.59766e-15	
719	3.442500e-08	4.049061e-01	4.049998e-01	-2.43987e-15	
720	3.447500e-08	4.049061e-01	4.049998e-01	-2.29171e-15	
721	3.452500e-08	4.049061e-01	4.049998e-01	-2.15258e-15	
722	3.457500e-08	4.049061e-01	4.049998e-01	-2.02193e-15	
723	3.462500e-08	4.049061e-01	4.049998e-01	-1.89925e-15	
724	3.467500e-08	4.049061e-01	4.049998e-01	-1.78405e-15	
725	3.472500e-08	4.049061e-01	4.049998e-01	-1.67588e-15	
726	3.477500e-08	4.049061e-01	4.049998e-01	-1.57431e-15	
727	3.482500e-08	4.049061e-01	4.049999e-01	-1.47892e-15	
728	3.487500e-08	4.049061e-01	4.049999e-01	-1.38936e-15	
729	3.492500e-08	4.049061e-01	4.049999e-01	-1.30526e-15	
730	3.497500e-08	4.049061e-01	4.049999e-01	-1.22628e-15	
731	3.502500e-08	4.049061e-01	4.049999e-01	-1.15212e-15	
732	3.507500e-08	4.049061e-01	4.049999e-01	-1.08249e-15	
733	3.512500e-08	4.049061e-01	4.049999e-01	-1.01710e-15	
734	3.517500e-08	4.049061e-01	4.049999e-01	-9.55697e-16	
735	3.522500e-08	4.049061e-01	4.049999e-01	-8.98039e-16	
736	3.527500e-08	4.049061e-01	4.049999e-01	-8.43898e-16	
737	3.532500e-08	4.049061e-01	4.049999e-01	-7.93059e-16	
738	3.537500e-08	4.049061e-01	4.049999e-01	-7.45320e-16	
739	3.542500e-08	4.049061e-01	4.049999e-01	-7.00492e-16	
740	3.547500e-08	4.049061e-01	4.049999e-01	-6.58398e-16	
741	3.552500e-08	4.049061e-01	4.049999e-01	-6.18871e-16	
742	3.557500e-08	4.049061e-01	4.049999e-01	-5.81754e-16	
743	3.562500e-08	4.049061e-01	4.049999e-01	-5.46901e-16	
744	3.567500e-08	4.049061e-01	4.049999e-01	-5.14173e-16	
745	3.572500e-08	4.049061e-01	4.050000e-01	-4.83442e-16	
746	3.577500e-08	4.049061e-01	4.050000e-01	-4.54584e-16	
747	3.582500e-08	4.049061e-01	4.050000e-01	-4.27486e-16	
748	3.587500e-08	4.049061e-01	4.050000e-01	-4.02040e-16	
749	3.592500e-08	4.049061e-01	4.050000e-01	-3.78146e-16	
750	3.597500e-08	4.049061e-01	4.050000e-01	-3.55710e-16	

Index   time            v(cell)         v(bl)           vpre#branch     
--------------------------------------------------------------------------------
751	3.602500e-08	4.049061e-01	4.050000e-01	-3.34641e-16	
752	3.607500e-08	4.049061e-01	4.050000e-01	-3.14857e-16	
753	3.612500e-08	4.049061e-01	4.050000e-01	-2.96280e-16	
754	3.617500e-08	4.049061e-01	4.050000e-01	-2.78836e-16	
755	3.622500e-08	4.049061e-01	4.050000e-01	-2.62455e-16	
756	3.627500e-08	4.049061e-01	4.050000e-01	-2.47074e-16	
757	3.632500e-08	4.049061e-01	4.050000e-01	-2.32630e-16	
758	3.637500e-08	4.049061e-01	4.050000e-01	-2.19067e-16	
759	3.642500e-08	4.049061e-01	4.050000e-01	-2.06331e-16	
760	3.647500e-08	4.049061e-01	4.050000e-01	-1.94373e-16	
761	3.652500e-08	4.049061e-01	4.050000e-01	-1.83143e-16	
762	3.657500e-08	4.049061e-01	4.050000e-01	-1.72599e-16	
763	3.662500e-08	4.049061e-01	4.050000e-01	-1.62697e-16	
764	3.667500e-08	4.049061e-01	4.050000e-01	-1.53399e-16	
765	3.672500e-08	4.049061e-01	4.050000e-01	-1.44668e-16	
766	3.677500e-08	4.049061e-01	4.050000e-01	-1.36470e-16	
767	3.682500e-08	4.049061e-01	4.050000e-01	-1.28772e-16	
768	3.687500e-08	4.049061e-01	4.050000e-01	-1.21543e-16	
769	3.692500e-08	4.049061e-01	4.050000e-01	-1.14756e-16	
770	3.697500e-08	4.049061e-01	4.050000e-01	-1.08382e-16	
771	3.702500e-08	4.049061e-01	4.050000e-01	-1.02396e-16	
772	3.707500e-08	4.049061e-01	4.050000e-01	-9.67749e-17	
773	3.712500e-08	4.049061e-01	4.050000e-01	-9.14966e-17	
774	3.717500e-08	4.049061e-01	4.050000e-01	-8.65407e-17	
775	3.722500e-08	4.049061e-01	4.050000e-01	-8.18874e-17	
776	3.727500e-08	4.049061e-01	4.050000e-01	-7.75175e-17	
777	3.732500e-08	4.049061e-01	4.050000e-01	-7.34141e-17	
778	3.737500e-08	4.049061e-01	4.050000e-01	-6.95610e-17	
779	3.742500e-08	4.049061e-01	4.050000e-01	-6.59424e-17	
780	3.747500e-08	4.049061e-01	4.050000e-01	-6.25445e-17	
781	3.752500e-08	4.049061e-01	4.050000e-01	-5.93542e-17	
782	3.757500e-08	4.049061e-01	4.050000e-01	-5.63585e-17	
783	3.762500e-08	4.049061e-01	4.050000e-01	-5.35451e-17	
784	3.767500e-08	4.049061e-01	4.050000e-01	-5.09033e-17	
785	3.772500e-08	4.049061e-01	4.050000e-01	-4.84231e-17	
786	3.777500e-08	4.049061e-01	4.050000e-01	-4.60940e-17	
787	3.782500e-08	4.049061e-01	4.050000e-01	-4.39066e-17	
788	3.787500e-08	4.049061e-01	4.050000e-01	-4.18526e-17	
789	3.792500e-08	4.049061e-01	4.050000e-01	-3.99243e-17	
790	3.797500e-08	4.049061e-01	4.050000e-01	-3.81135e-17	
791	3.802500e-08	4.049061e-01	4.050000e-01	-3.64132e-17	
792	3.807500e-08	4.049061e-01	4.050000e-01	-3.48166e-17	
793	3.812500e-08	4.049061e-01	4.050000e-01	-3.33169e-17	
794	3.817500e-08	4.049061e-01	4.050000e-01	-3.19087e-17	
795	3.822500e-08	4.049061e-01	4.050000e-01	-3.05864e-17	
796	3.827500e-08	4.049061e-01	4.050000e-01	-2.93447e-17	
797	3.832500e-08	4.049061e-01	4.050000e-01	-2.81787e-17	
798	3.837500e-08	4.049061e-01	4.050000e-01	-2.70838e-17	
799	3.842500e-08	4.049061e-01	4.050000e-01	-2.60557e-17	
800	3.847500e-08	4.049061e-01	4.050000e-01	-2.50903e-17	
801	3.852500e-08	4.049061e-01	4.050000e-01	-2.41838e-17	
802	3.857500e-08	4.049061e-01	4.050000e-01	-2.33325e-17	
803	3.862500e-08	4.049061e-01	4.050000e-01	-2.25336e-17	
804	3.867500e-08	4.049061e-01	4.050000e-01	-2.17834e-17	
805	3.872500e-08	4.049061e-01	4.050000e-01	-2.10785e-17	
806	3.877500e-08	4.049061e-01	4.050000e-01	-2.04166e-17	
807	3.882500e-08	4.049061e-01	4.050000e-01	-1.97951e-17	
808	3.887500e-08	4.049061e-01	4.050000e-01	-1.92115e-17	

Index   time            v(cell)         v(bl)           vpre#branch     
--------------------------------------------------------------------------------
809	3.892500e-08	4.049061e-01	4.050000e-01	-1.86635e-17	
810	3.897500e-08	4.049061e-01	4.050000e-01	-1.81489e-17	
811	3.902500e-08	4.049061e-01	4.050000e-01	-1.76657e-17	
812	3.907500e-08	4.049061e-01	4.050000e-01	-1.72119e-17	
813	3.912500e-08	4.049061e-01	4.050000e-01	-1.67858e-17	
814	3.917500e-08	4.049061e-01	4.050000e-01	-1.63857e-17	
815	3.922500e-08	4.049061e-01	4.050000e-01	-1.60100e-17	
816	3.927500e-08	4.049061e-01	4.050000e-01	-1.56572e-17	
817	3.932500e-08	4.049061e-01	4.050000e-01	-1.53260e-17	
818	3.937500e-08	4.049061e-01	4.050000e-01	-1.50149e-17	
819	3.942500e-08	4.049061e-01	4.050000e-01	-1.47228e-17	
820	3.947500e-08	4.049061e-01	4.050000e-01	-1.44485e-17	
821	3.952500e-08	4.049061e-01	4.050000e-01	-1.41909e-17	
822	3.957500e-08	4.049061e-01	4.050000e-01	-1.39491e-17	
823	3.962500e-08	4.049061e-01	4.050000e-01	-1.37220e-17	
824	3.967500e-08	4.049061e-01	4.050000e-01	-1.35087e-17	
825	3.972500e-08	4.049061e-01	4.050000e-01	-1.33085e-17	
826	3.977500e-08	4.049061e-01	4.050000e-01	-1.31204e-17	
827	3.982500e-08	4.049061e-01	4.050000e-01	-1.29443e-17	
828	3.987500e-08	4.049061e-01	4.050000e-01	-1.27789e-17	
829	3.992500e-08	4.049061e-01	4.050000e-01	-1.26235e-17	
830	3.996250e-08	4.049061e-01	4.050000e-01	-1.25131e-17	
831	4.000000e-08	4.049061e-01	4.050000e-01	-1.24074e-17	


Total analysis time (seconds) = 0.0492462

Total elapsed time (seconds) = 0.057 

Total DRAM available = 386307.215 MB.
DRAM currently available = 13367.480 MB.
Maximum ngspice program size =  529.719 MB.
Current ngspice program size =   14.238 MB.

Shared ngspice pages =   12.406 MB.
Text (code) pages =    6.266 MB.
Stack = 0 bytes.
Library pages =   59.137 MB.

