
Note: No compatibility mode selected!


Circuit: * id-vd sweep vgs=0.8100v

Doing analysis at TEMP = 125.000000 and TNOM = 27.000000

Using SPARSE 1.3 as Direct Linear Solver

No. of Data Rows : 101
                           * id-vd sweep vgs=0.8100v
                           DC transfer characteristic  Tue Jun 23 16:39:59  2026
--------------------------------------------------------------------------------
Index   v-sweep         vd#branch       v(d)            
--------------------------------------------------------------------------------
0	0.000000e+00	0.000000e+00	0.000000e+00	
1	8.100000e-03	-4.59198e-07	8.100000e-03	
2	1.620000e-02	-7.80798e-07	1.620000e-02	
3	2.430000e-02	-9.31983e-07	2.430000e-02	
4	3.240000e-02	-1.00837e-06	3.240000e-02	
5	4.050000e-02	-1.05815e-06	4.050000e-02	
6	4.860000e-02	-1.09519e-06	4.860000e-02	
7	5.670000e-02	-1.12488e-06	5.670000e-02	
8	6.480000e-02	-1.14980e-06	6.480000e-02	
9	7.290000e-02	-1.17139e-06	7.290000e-02	
10	8.100000e-02	-1.19162e-06	8.100000e-02	
11	8.910000e-02	-1.20861e-06	8.910000e-02	
12	9.720000e-02	-1.22417e-06	9.720000e-02	
13	1.053000e-01	-1.23858e-06	1.053000e-01	
14	1.134000e-01	-1.25202e-06	1.134000e-01	
15	1.215000e-01	-1.26465e-06	1.215000e-01	
16	1.296000e-01	-1.27659e-06	1.296000e-01	
17	1.377000e-01	-1.28792e-06	1.377000e-01	
18	1.458000e-01	-1.29874e-06	1.458000e-01	
19	1.539000e-01	-1.30910e-06	1.539000e-01	
20	1.620000e-01	-1.31905e-06	1.620000e-01	
21	1.701000e-01	-1.32863e-06	1.701000e-01	
22	1.782000e-01	-1.33789e-06	1.782000e-01	
23	1.863000e-01	-1.34686e-06	1.863000e-01	
24	1.944000e-01	-1.35556e-06	1.944000e-01	
25	2.025000e-01	-1.36402e-06	2.025000e-01	
26	2.106000e-01	-1.37225e-06	2.106000e-01	
27	2.187000e-01	-1.38028e-06	2.187000e-01	
28	2.268000e-01	-1.38813e-06	2.268000e-01	
29	2.349000e-01	-1.39580e-06	2.349000e-01	
30	2.430000e-01	-1.40330e-06	2.430000e-01	
31	2.511000e-01	-1.41066e-06	2.511000e-01	
32	2.592000e-01	-1.41788e-06	2.592000e-01	
33	2.673000e-01	-1.42497e-06	2.673000e-01	
34	2.754000e-01	-1.43194e-06	2.754000e-01	
35	2.835000e-01	-1.43880e-06	2.835000e-01	
36	2.916000e-01	-1.44554e-06	2.916000e-01	
37	2.997000e-01	-1.45219e-06	2.997000e-01	
38	3.078000e-01	-1.45874e-06	3.078000e-01	
39	3.159000e-01	-1.46520e-06	3.159000e-01	
40	3.240000e-01	-1.47158e-06	3.240000e-01	
41	3.321000e-01	-1.47788e-06	3.321000e-01	
42	3.402000e-01	-1.48410e-06	3.402000e-01	
43	3.483000e-01	-1.49024e-06	3.483000e-01	
44	3.564000e-01	-1.49632e-06	3.564000e-01	
45	3.645000e-01	-1.50234e-06	3.645000e-01	
46	3.726000e-01	-1.50829e-06	3.726000e-01	
47	3.807000e-01	-1.51418e-06	3.807000e-01	
48	3.888000e-01	-1.52001e-06	3.888000e-01	
49	3.969000e-01	-1.52579e-06	3.969000e-01	
50	4.050000e-01	-1.53152e-06	4.050000e-01	
51	4.131000e-01	-1.53720e-06	4.131000e-01	
52	4.212000e-01	-1.54283e-06	4.212000e-01	
53	4.293000e-01	-1.54841e-06	4.293000e-01	
54	4.374000e-01	-1.55395e-06	4.374000e-01	

Index   v-sweep         vd#branch       v(d)            
--------------------------------------------------------------------------------
55	4.455000e-01	-1.55945e-06	4.455000e-01	
56	4.536000e-01	-1.56491e-06	4.536000e-01	
57	4.617000e-01	-1.57033e-06	4.617000e-01	
58	4.698000e-01	-1.57571e-06	4.698000e-01	
59	4.779000e-01	-1.58106e-06	4.779000e-01	
60	4.860000e-01	-1.58637e-06	4.860000e-01	
61	4.941000e-01	-1.59165e-06	4.941000e-01	
62	5.022000e-01	-1.59689e-06	5.022000e-01	
63	5.103000e-01	-1.60211e-06	5.103000e-01	
64	5.184000e-01	-1.60729e-06	5.184000e-01	
65	5.265000e-01	-1.61245e-06	5.265000e-01	
66	5.346000e-01	-1.61758e-06	5.346000e-01	
67	5.427000e-01	-1.62267e-06	5.427000e-01	
68	5.508000e-01	-1.62775e-06	5.508000e-01	
69	5.589000e-01	-1.63280e-06	5.589000e-01	
70	5.670000e-01	-1.63782e-06	5.670000e-01	
71	5.751000e-01	-1.64282e-06	5.751000e-01	
72	5.832000e-01	-1.64780e-06	5.832000e-01	
73	5.913000e-01	-1.65275e-06	5.913000e-01	
74	5.994000e-01	-1.65768e-06	5.994000e-01	
75	6.075000e-01	-1.66259e-06	6.075000e-01	
76	6.156000e-01	-1.66748e-06	6.156000e-01	
77	6.237000e-01	-1.67235e-06	6.237000e-01	
78	6.318000e-01	-1.67720e-06	6.318000e-01	
79	6.399000e-01	-1.68204e-06	6.399000e-01	
80	6.480000e-01	-1.68685e-06	6.480000e-01	
81	6.561000e-01	-1.69165e-06	6.561000e-01	
82	6.642000e-01	-1.69643e-06	6.642000e-01	
83	6.723000e-01	-1.70119e-06	6.723000e-01	
84	6.804000e-01	-1.70593e-06	6.804000e-01	
85	6.885000e-01	-1.71066e-06	6.885000e-01	
86	6.966000e-01	-1.71538e-06	6.966000e-01	
87	7.047000e-01	-1.72008e-06	7.047000e-01	
88	7.128000e-01	-1.72476e-06	7.128000e-01	
89	7.209000e-01	-1.72943e-06	7.209000e-01	
90	7.290000e-01	-1.73409e-06	7.290000e-01	
91	7.371000e-01	-1.73873e-06	7.371000e-01	
92	7.452000e-01	-1.74336e-06	7.452000e-01	
93	7.533000e-01	-1.74797e-06	7.533000e-01	
94	7.614000e-01	-1.75258e-06	7.614000e-01	
95	7.695000e-01	-1.75717e-06	7.695000e-01	
96	7.776000e-01	-1.76175e-06	7.776000e-01	
97	7.857000e-01	-1.76632e-06	7.857000e-01	
98	7.938000e-01	-1.77087e-06	7.938000e-01	
99	8.019000e-01	-1.77542e-06	8.019000e-01	
100	8.100000e-01	-1.77995e-06	8.100000e-01	


Total analysis time (seconds) = 0.0110843

Total elapsed time (seconds) = 0.019 

Total DRAM available = 386307.215 MB.
DRAM currently available = 21752.711 MB.
Maximum ngspice program size =  529.715 MB.
Current ngspice program size =   14.090 MB.

Shared ngspice pages =   12.320 MB.
Text (code) pages =    6.266 MB.
Stack = 0 bytes.
Library pages =   59.133 MB.

