
Note: No compatibility mode selected!


Circuit: * 1t1c ccell=10.0ff

Warning: Model issue on line 7 :
  .model nfet bsimcmg_va type=1 bulkmod=0 bulkmod=0 igcmod=0 igbmod=0 gidl ...
unrecognized parameter (sasatcv) - ignored

Doing analysis at TEMP = 27.000000 and TNOM = 27.000000

Using SPARSE 1.3 as Direct Linear Solver

Initial Transient Solution
--------------------------

Node                                   Voltage
----                                   -------
pre                                      0.375
bl                                       0.375
wl                                           0
plate                                        0
s                                            0
cell                                         0
vs#branch                                    0
vpl#branch                                   0
vwl#branch                                   0
vpre#branch                                  0


No. of Data Rows : 832

  Measurements for Transient Analysis


Error: measure  t_read  find(AT) : out of interval
 .measure tran t_read find time when v(cell)=0.375000 cross=1 from=12n to=23n failed!

t_write             =  1.90212e-09
i_hold              =  -4.50507e-10 from=  2.50000e-08 to=  3.50250e-08
q_read              =   2.64396e-19 from=  1.20000e-08 to=  2.20000e-08

                              * 1t1c ccell=10.0ff
                              Transient Analysis  Tue Jun 23 23:53:15  2026
--------------------------------------------------------------------------------
Index   time            v(cell)         v(bl)           vpre#branch     
--------------------------------------------------------------------------------
0	0.000000e+00	0.000000e+00	3.750000e-01	0.000000e+00	
1	5.000000e-13	9.434601e-10	3.749995e-01	-5.20820e-15	
2	1.000000e-12	1.886524e-09	3.749991e-01	-9.20766e-15	
3	2.000000e-12	3.772467e-09	3.749983e-01	-1.72049e-14	
4	4.000000e-12	7.544207e-09	3.749967e-01	-3.31892e-14	
5	8.000000e-12	1.508777e-08	3.749935e-01	-6.51172e-14	
6	1.600000e-11	3.017479e-08	3.749871e-01	-1.28811e-13	
7	3.200000e-11	6.034875e-08	3.749744e-01	-2.55553e-13	
8	6.400000e-11	1.206960e-07	3.749494e-01	-5.06477e-13	
9	1.140000e-10	2.149873e-07	3.749108e-01	-8.91806e-13	
10	1.640000e-10	3.092766e-07	3.748731e-01	-1.26906e-12	
11	2.140000e-10	4.035643e-07	3.748362e-01	-1.63840e-12	
12	2.640000e-10	4.978502e-07	3.748000e-01	-1.99999e-12	
13	3.140000e-10	5.921344e-07	3.747646e-01	-2.35401e-12	
14	3.640000e-10	6.864169e-07	3.747299e-01	-2.70060e-12	
15	4.140000e-10	7.806978e-07	3.746960e-01	-3.03993e-12	
16	4.640000e-10	8.749771e-07	3.746628e-01	-3.37214e-12	
17	5.140000e-10	9.692548e-07	3.746303e-01	-3.69739e-12	
18	5.640000e-10	1.063531e-06	3.745984e-01	-4.01582e-12	
19	6.140000e-10	1.157806e-06	3.745672e-01	-4.32757e-12	
20	6.640000e-10	1.252079e-06	3.745367e-01	-4.63279e-12	
21	7.140000e-10	1.346350e-06	3.745068e-01	-4.93160e-12	
22	7.640000e-10	1.440621e-06	3.744776e-01	-5.22415e-12	
23	8.140000e-10	1.534889e-06	3.744489e-01	-5.51057e-12	
24	8.640000e-10	1.629157e-06	3.744209e-01	-5.79099e-12	
25	9.140000e-10	1.723423e-06	3.743934e-01	-6.06552e-12	
26	9.570000e-10	1.804490e-06	3.743703e-01	-6.29701e-12	
27	1.000000e-09	1.885557e-06	3.743476e-01	-6.52432e-12	
28	1.005000e-09	3.743315e-03	3.743452e-01	-6.54822e-12	
29	1.015000e-09	1.122567e-02	3.743412e-01	-6.58791e-12	
30	1.035000e-09	2.619033e-02	3.743374e-01	-6.62619e-12	
31	1.075000e-09	5.611966e-02	3.743405e-01	-6.59499e-12	
32	1.125000e-09	9.353128e-02	3.743531e-01	-6.46861e-12	
33	1.175000e-09	1.309429e-01	3.743670e-01	-6.32989e-12	
34	1.225000e-09	1.683545e-01	3.743804e-01	-6.19624e-12	
35	1.275000e-09	2.057662e-01	3.743934e-01	-6.06611e-12	
36	1.325000e-09	2.431778e-01	3.744061e-01	-5.93893e-12	
37	1.375000e-09	2.805895e-01	3.744186e-01	-5.81449e-12	
38	1.425000e-09	3.180011e-01	3.744307e-01	-5.69269e-12	
39	1.475000e-09	3.554127e-01	3.744427e-01	-5.57344e-12	
40	1.525000e-09	3.928244e-01	3.744543e-01	-5.45670e-12	
41	1.575000e-09	4.302360e-01	3.744658e-01	-5.34240e-12	
42	1.625000e-09	4.676476e-01	3.744770e-01	-5.23049e-12	
43	1.675000e-09	5.050593e-01	3.744879e-01	-5.12093e-12	
44	1.725000e-09	5.424709e-01	3.744986e-01	-5.01366e-12	
45	1.775000e-09	5.798826e-01	3.745091e-01	-4.90864e-12	
46	1.825000e-09	6.172942e-01	3.745194e-01	-4.80582e-12	
47	1.875000e-09	6.547058e-01	3.745295e-01	-4.70515e-12	
48	1.925000e-09	6.921174e-01	3.745393e-01	-4.60659e-12	
49	1.962500e-09	7.201762e-01	3.745466e-01	-4.53403e-12	
50	2.000000e-09	7.482349e-01	3.745537e-01	-4.46261e-12	
51	2.005000e-09	7.482347e-01	3.745547e-01	-4.45318e-12	
52	2.015000e-09	7.482346e-01	3.745566e-01	-4.43437e-12	
53	2.035000e-09	7.482347e-01	3.745603e-01	-4.39698e-12	
54	2.075000e-09	7.482346e-01	3.745677e-01	-4.32314e-12	

Index   time            v(cell)         v(bl)           vpre#branch     
--------------------------------------------------------------------------------
55	2.125000e-09	7.482346e-01	3.745767e-01	-4.23258e-12	
56	2.175000e-09	7.482346e-01	3.745856e-01	-4.14392e-12	
57	2.225000e-09	7.482346e-01	3.745943e-01	-4.05712e-12	
58	2.275000e-09	7.482346e-01	3.746028e-01	-3.97213e-12	
59	2.325000e-09	7.482346e-01	3.746111e-01	-3.88892e-12	
60	2.375000e-09	7.482346e-01	3.746193e-01	-3.80746e-12	
61	2.425000e-09	7.482346e-01	3.746272e-01	-3.72770e-12	
62	2.475000e-09	7.482346e-01	3.746350e-01	-3.64962e-12	
63	2.525000e-09	7.482346e-01	3.746427e-01	-3.57317e-12	
64	2.575000e-09	7.482346e-01	3.746502e-01	-3.49832e-12	
65	2.625000e-09	7.482346e-01	3.746575e-01	-3.42504e-12	
66	2.675000e-09	7.482346e-01	3.746647e-01	-3.35329e-12	
67	2.725000e-09	7.482346e-01	3.746717e-01	-3.28305e-12	
68	2.775000e-09	7.482346e-01	3.746786e-01	-3.21427e-12	
69	2.825000e-09	7.482346e-01	3.746853e-01	-3.14694e-12	
70	2.875000e-09	7.482346e-01	3.746919e-01	-3.08102e-12	
71	2.925000e-09	7.482346e-01	3.746984e-01	-3.01648e-12	
72	2.975000e-09	7.482346e-01	3.747047e-01	-2.95329e-12	
73	3.025000e-09	7.482346e-01	3.747109e-01	-2.89142e-12	
74	3.075000e-09	7.482346e-01	3.747169e-01	-2.83086e-12	
75	3.125000e-09	7.482346e-01	3.747228e-01	-2.77155e-12	
76	3.175000e-09	7.482346e-01	3.747287e-01	-2.71350e-12	
77	3.225000e-09	7.482346e-01	3.747343e-01	-2.65665e-12	
78	3.275000e-09	7.482346e-01	3.747399e-01	-2.60100e-12	
79	3.325000e-09	7.482346e-01	3.747453e-01	-2.54651e-12	
80	3.375000e-09	7.482346e-01	3.747507e-01	-2.49317e-12	
81	3.425000e-09	7.482346e-01	3.747559e-01	-2.44094e-12	
82	3.475000e-09	7.482346e-01	3.747610e-01	-2.38981e-12	
83	3.525000e-09	7.482346e-01	3.747660e-01	-2.33975e-12	
84	3.575000e-09	7.482346e-01	3.747709e-01	-2.29073e-12	
85	3.625000e-09	7.482346e-01	3.747757e-01	-2.24274e-12	
86	3.675000e-09	7.482346e-01	3.747804e-01	-2.19576e-12	
87	3.725000e-09	7.482346e-01	3.747850e-01	-2.14976e-12	
88	3.775000e-09	7.482346e-01	3.747895e-01	-2.10473e-12	
89	3.825000e-09	7.482346e-01	3.747939e-01	-2.06064e-12	
90	3.875000e-09	7.482346e-01	3.747983e-01	-2.01747e-12	
91	3.925000e-09	7.482346e-01	3.748025e-01	-1.97521e-12	
92	3.975000e-09	7.482346e-01	3.748066e-01	-1.93383e-12	
93	4.025000e-09	7.482346e-01	3.748107e-01	-1.89332e-12	
94	4.075000e-09	7.482346e-01	3.748146e-01	-1.85365e-12	
95	4.125000e-09	7.482346e-01	3.748185e-01	-1.81482e-12	
96	4.175000e-09	7.482346e-01	3.748223e-01	-1.77680e-12	
97	4.225000e-09	7.482346e-01	3.748260e-01	-1.73958e-12	
98	4.275000e-09	7.482346e-01	3.748297e-01	-1.70314e-12	
99	4.325000e-09	7.482346e-01	3.748333e-01	-1.66746e-12	
100	4.375000e-09	7.482346e-01	3.748367e-01	-1.63252e-12	
101	4.425000e-09	7.482346e-01	3.748402e-01	-1.59832e-12	
102	4.475000e-09	7.482346e-01	3.748435e-01	-1.56484e-12	
103	4.525000e-09	7.482346e-01	3.748468e-01	-1.53206e-12	
104	4.575000e-09	7.482346e-01	3.748500e-01	-1.49996e-12	
105	4.625000e-09	7.482346e-01	3.748531e-01	-1.46854e-12	
106	4.675000e-09	7.482346e-01	3.748562e-01	-1.43777e-12	
107	4.725000e-09	7.482346e-01	3.748592e-01	-1.40765e-12	
108	4.775000e-09	7.482346e-01	3.748622e-01	-1.37816e-12	
109	4.825000e-09	7.482346e-01	3.748651e-01	-1.34929e-12	
110	4.875000e-09	7.482346e-01	3.748679e-01	-1.32102e-12	
111	4.925000e-09	7.482346e-01	3.748707e-01	-1.29334e-12	
112	4.975000e-09	7.482346e-01	3.748734e-01	-1.26625e-12	

Index   time            v(cell)         v(bl)           vpre#branch     
--------------------------------------------------------------------------------
113	5.025000e-09	7.482346e-01	3.748760e-01	-1.23972e-12	
114	5.075000e-09	7.482346e-01	3.748786e-01	-1.21374e-12	
115	5.125000e-09	7.482346e-01	3.748812e-01	-1.18831e-12	
116	5.175000e-09	7.482346e-01	3.748837e-01	-1.16342e-12	
117	5.225000e-09	7.482346e-01	3.748861e-01	-1.13904e-12	
118	5.275000e-09	7.482346e-01	3.748885e-01	-1.11518e-12	
119	5.325000e-09	7.482346e-01	3.748908e-01	-1.09182e-12	
120	5.375000e-09	7.482346e-01	3.748931e-01	-1.06894e-12	
121	5.425000e-09	7.482346e-01	3.748953e-01	-1.04654e-12	
122	5.475000e-09	7.482346e-01	3.748975e-01	-1.02462e-12	
123	5.525000e-09	7.482346e-01	3.748997e-01	-1.00315e-12	
124	5.575000e-09	7.482346e-01	3.749018e-01	-9.82132e-13	
125	5.625000e-09	7.482346e-01	3.749038e-01	-9.61555e-13	
126	5.675000e-09	7.482346e-01	3.749059e-01	-9.41408e-13	
127	5.725000e-09	7.482346e-01	3.749078e-01	-9.21684e-13	
128	5.775000e-09	7.482346e-01	3.749098e-01	-9.02372e-13	
129	5.825000e-09	7.482346e-01	3.749117e-01	-8.83466e-13	
130	5.875000e-09	7.482346e-01	3.749135e-01	-8.64955e-13	
131	5.925000e-09	7.482346e-01	3.749153e-01	-8.46831e-13	
132	5.975000e-09	7.482346e-01	3.749171e-01	-8.29088e-13	
133	6.025000e-09	7.482346e-01	3.749188e-01	-8.11716e-13	
134	6.075000e-09	7.482346e-01	3.749205e-01	-7.94708e-13	
135	6.125000e-09	7.482346e-01	3.749222e-01	-7.78056e-13	
136	6.175000e-09	7.482346e-01	3.749238e-01	-7.61753e-13	
137	6.225000e-09	7.482346e-01	3.749254e-01	-7.45792e-13	
138	6.275000e-09	7.482346e-01	3.749270e-01	-7.30165e-13	
139	6.325000e-09	7.482346e-01	3.749285e-01	-7.14865e-13	
140	6.375000e-09	7.482346e-01	3.749300e-01	-6.99885e-13	
141	6.425000e-09	7.482346e-01	3.749315e-01	-6.85220e-13	
142	6.475000e-09	7.482346e-01	3.749329e-01	-6.70861e-13	
143	6.525000e-09	7.482346e-01	3.749343e-01	-6.56804e-13	
144	6.575000e-09	7.482346e-01	3.749357e-01	-6.43040e-13	
145	6.625000e-09	7.482346e-01	3.749370e-01	-6.29565e-13	
146	6.675000e-09	7.482346e-01	3.749384e-01	-6.16373e-13	
147	6.725000e-09	7.482346e-01	3.749397e-01	-6.03456e-13	
148	6.775000e-09	7.482346e-01	3.749409e-01	-5.90810e-13	
149	6.825000e-09	7.482346e-01	3.749422e-01	-5.78430e-13	
150	6.875000e-09	7.482346e-01	3.749434e-01	-5.66308e-13	
151	6.925000e-09	7.482346e-01	3.749446e-01	-5.54440e-13	
152	6.962500e-09	7.482346e-01	3.749454e-01	-5.45703e-13	
153	7.000000e-09	7.482346e-01	3.749463e-01	-5.37103e-13	
154	7.005000e-09	7.295275e-01	3.749464e-01	-5.35968e-13	
155	7.015000e-09	6.921158e-01	3.749466e-01	-5.33703e-13	
156	7.035000e-09	6.172926e-01	3.749471e-01	-5.29201e-13	
157	7.067500e-09	4.957047e-01	3.749478e-01	-5.21966e-13	
158	7.100000e-09	3.741170e-01	3.749485e-01	-5.14830e-13	
159	7.105000e-09	3.741182e-01	3.749486e-01	-5.13743e-13	
160	7.115000e-09	3.741183e-01	3.749488e-01	-5.11573e-13	
161	7.135000e-09	3.741183e-01	3.749493e-01	-5.07259e-13	
162	7.175000e-09	3.741183e-01	3.749501e-01	-4.98742e-13	
163	7.225000e-09	3.741183e-01	3.749512e-01	-4.88295e-13	
164	7.275000e-09	3.741183e-01	3.749522e-01	-4.78068e-13	
165	7.325000e-09	3.741183e-01	3.749532e-01	-4.68054e-13	
166	7.375000e-09	3.741183e-01	3.749542e-01	-4.58251e-13	
167	7.425000e-09	3.741183e-01	3.749551e-01	-4.48652e-13	
168	7.475000e-09	3.741183e-01	3.749561e-01	-4.39255e-13	
169	7.525000e-09	3.741183e-01	3.749570e-01	-4.30055e-13	
170	7.575000e-09	3.741183e-01	3.749579e-01	-4.21047e-13	

Index   time            v(cell)         v(bl)           vpre#branch     
--------------------------------------------------------------------------------
171	7.625000e-09	3.741183e-01	3.749588e-01	-4.12228e-13	
172	7.675000e-09	3.741183e-01	3.749596e-01	-4.03594e-13	
173	7.725000e-09	3.741183e-01	3.749605e-01	-3.95140e-13	
174	7.775000e-09	3.741183e-01	3.749613e-01	-3.86864e-13	
175	7.825000e-09	3.741183e-01	3.749621e-01	-3.78761e-13	
176	7.875000e-09	3.741183e-01	3.749629e-01	-3.70827e-13	
177	7.925000e-09	3.741183e-01	3.749637e-01	-3.63060e-13	
178	7.975000e-09	3.741183e-01	3.749645e-01	-3.55456e-13	
179	8.025000e-09	3.741183e-01	3.749652e-01	-3.48011e-13	
180	8.075000e-09	3.741183e-01	3.749659e-01	-3.40721e-13	
181	8.125000e-09	3.741183e-01	3.749666e-01	-3.33585e-13	
182	8.175000e-09	3.741183e-01	3.749673e-01	-3.26598e-13	
183	8.225000e-09	3.741183e-01	3.749680e-01	-3.19757e-13	
184	8.275000e-09	3.741183e-01	3.749687e-01	-3.13060e-13	
185	8.325000e-09	3.741183e-01	3.749693e-01	-3.06503e-13	
186	8.375000e-09	3.741183e-01	3.749700e-01	-3.00083e-13	
187	8.425000e-09	3.741183e-01	3.749706e-01	-2.93797e-13	
188	8.475000e-09	3.741183e-01	3.749712e-01	-2.87644e-13	
189	8.525000e-09	3.741183e-01	3.749718e-01	-2.81619e-13	
190	8.575000e-09	3.741183e-01	3.749724e-01	-2.75720e-13	
191	8.625000e-09	3.741183e-01	3.749730e-01	-2.69945e-13	
192	8.675000e-09	3.741183e-01	3.749736e-01	-2.64291e-13	
193	8.725000e-09	3.741183e-01	3.749741e-01	-2.58756e-13	
194	8.775000e-09	3.741183e-01	3.749747e-01	-2.53336e-13	
195	8.825000e-09	3.741183e-01	3.749752e-01	-2.48030e-13	
196	8.875000e-09	3.741183e-01	3.749757e-01	-2.42835e-13	
197	8.925000e-09	3.741183e-01	3.749762e-01	-2.37749e-13	
198	8.975000e-09	3.741183e-01	3.749767e-01	-2.32769e-13	
199	9.025000e-09	3.741183e-01	3.749772e-01	-2.27894e-13	
200	9.075000e-09	3.741183e-01	3.749777e-01	-2.23120e-13	
201	9.125000e-09	3.741183e-01	3.749782e-01	-2.18447e-13	
202	9.175000e-09	3.741183e-01	3.749786e-01	-2.13872e-13	
203	9.225000e-09	3.741183e-01	3.749791e-01	-2.09392e-13	
204	9.275000e-09	3.741183e-01	3.749795e-01	-2.05006e-13	
205	9.325000e-09	3.741183e-01	3.749799e-01	-2.00713e-13	
206	9.375000e-09	3.741183e-01	3.749803e-01	-1.96509e-13	
207	9.425000e-09	3.741183e-01	3.749808e-01	-1.92393e-13	
208	9.475000e-09	3.741183e-01	3.749812e-01	-1.88363e-13	
209	9.525000e-09	3.741183e-01	3.749816e-01	-1.84418e-13	
210	9.575000e-09	3.741183e-01	3.749819e-01	-1.80555e-13	
211	9.625000e-09	3.741183e-01	3.749823e-01	-1.76774e-13	
212	9.675000e-09	3.741183e-01	3.749827e-01	-1.73071e-13	
213	9.725000e-09	3.741183e-01	3.749831e-01	-1.69446e-13	
214	9.775000e-09	3.741183e-01	3.749834e-01	-1.65897e-13	
215	9.825000e-09	3.741183e-01	3.749838e-01	-1.62422e-13	
216	9.875000e-09	3.741183e-01	3.749841e-01	-1.59021e-13	
217	9.925000e-09	3.741183e-01	3.749844e-01	-1.55690e-13	
218	9.975000e-09	3.741183e-01	3.749848e-01	-1.52429e-13	
219	1.002500e-08	3.741183e-01	3.749851e-01	-1.49237e-13	
220	1.007500e-08	3.741183e-01	3.749854e-01	-1.46111e-13	
221	1.012500e-08	3.741183e-01	3.749857e-01	-1.43051e-13	
222	1.017500e-08	3.741183e-01	3.749860e-01	-1.40054e-13	
223	1.022500e-08	3.741183e-01	3.749863e-01	-1.37121e-13	
224	1.027500e-08	3.741183e-01	3.749866e-01	-1.34249e-13	
225	1.032500e-08	3.741183e-01	3.749869e-01	-1.31437e-13	
226	1.037500e-08	3.741183e-01	3.749871e-01	-1.28685e-13	
227	1.042500e-08	3.741183e-01	3.749874e-01	-1.25989e-13	
228	1.047500e-08	3.741183e-01	3.749877e-01	-1.23351e-13	

Index   time            v(cell)         v(bl)           vpre#branch     
--------------------------------------------------------------------------------
229	1.052500e-08	3.741183e-01	3.749879e-01	-1.20767e-13	
230	1.057500e-08	3.741183e-01	3.749882e-01	-1.18238e-13	
231	1.062500e-08	3.741183e-01	3.749884e-01	-1.15761e-13	
232	1.067500e-08	3.741183e-01	3.749887e-01	-1.13337e-13	
233	1.072500e-08	3.741183e-01	3.749889e-01	-1.10963e-13	
234	1.077500e-08	3.741183e-01	3.749891e-01	-1.08639e-13	
235	1.082500e-08	3.741183e-01	3.749894e-01	-1.06364e-13	
236	1.087500e-08	3.741183e-01	3.749896e-01	-1.04136e-13	
237	1.092500e-08	3.741183e-01	3.749898e-01	-1.01955e-13	
238	1.096250e-08	3.741183e-01	3.749900e-01	-1.00349e-13	
239	1.100000e-08	3.741183e-01	3.749901e-01	-9.87688e-14	
240	1.100500e-08	3.741269e-01	3.787320e-01	3.731984e-11	
241	1.101500e-08	3.741445e-01	3.861999e-01	1.119990e-10	
242	1.103500e-08	3.741799e-01	4.010413e-01	2.604128e-10	
243	1.107500e-08	3.742506e-01	4.303502e-01	5.535021e-10	
244	1.112500e-08	3.743389e-01	4.662957e-01	9.129574e-10	
245	1.117500e-08	3.744273e-01	5.014883e-01	1.264883e-09	
246	1.122500e-08	3.745157e-01	5.359438e-01	1.609438e-09	
247	1.127500e-08	3.746040e-01	5.696775e-01	1.946775e-09	
248	1.132500e-08	3.746924e-01	6.027043e-01	2.277043e-09	
249	1.137500e-08	3.747807e-01	6.350387e-01	2.600387e-09	
250	1.142500e-08	3.748691e-01	6.666937e-01	2.916937e-09	
251	1.147500e-08	3.749575e-01	6.976789e-01	3.226789e-09	
252	1.152500e-08	3.750460e-01	7.279948e-01	3.529948e-09	
253	1.157500e-08	3.751346e-01	7.575838e-01	3.825838e-09	
254	1.162500e-08	3.752241e-01	7.862712e-01	4.112712e-09	
255	1.167500e-08	3.753159e-01	8.135260e-01	4.385260e-09	
256	1.172500e-08	3.754145e-01	8.376862e-01	4.626862e-09	
257	1.177500e-08	3.755336e-01	8.538322e-01	4.788322e-09	
258	1.182500e-08	3.757102e-01	8.483998e-01	4.733998e-09	
259	1.187500e-08	3.760298e-01	7.896066e-01	4.146066e-09	
260	1.192500e-08	3.766313e-01	6.245667e-01	2.495667e-09	
261	1.196250e-08	3.772853e-01	4.271752e-01	5.217517e-10	
262	1.200000e-08	3.776685e-01	3.757961e-01	7.960717e-12	
263	1.200500e-08	3.776643e-01	3.769162e-01	1.916193e-11	
264	1.201500e-08	3.776604e-01	3.777958e-01	2.795820e-11	
265	1.203500e-08	3.776612e-01	3.775905e-01	2.590523e-11	
266	1.207500e-08	3.776606e-01	3.777061e-01	2.706107e-11	
267	1.212500e-08	3.776608e-01	3.776212e-01	2.621224e-11	
268	1.217500e-08	3.776605e-01	3.776861e-01	2.686088e-11	
269	1.222500e-08	3.776605e-01	3.776360e-01	2.635982e-11	
270	1.227500e-08	3.776602e-01	3.776745e-01	2.674486e-11	
271	1.232500e-08	3.776602e-01	3.776443e-01	2.644327e-11	
272	1.237500e-08	3.776600e-01	3.776677e-01	2.667712e-11	
273	1.242500e-08	3.776599e-01	3.776490e-01	2.649008e-11	
274	1.247500e-08	3.776598e-01	3.776637e-01	2.663702e-11	
275	1.252500e-08	3.776596e-01	3.776516e-01	2.651593e-11	
276	1.257500e-08	3.776595e-01	3.776613e-01	2.661274e-11	
277	1.262500e-08	3.776594e-01	3.776530e-01	2.652980e-11	
278	1.267500e-08	3.776592e-01	3.776598e-01	2.659751e-11	
279	1.272500e-08	3.776591e-01	3.776537e-01	2.653681e-11	
280	1.277500e-08	3.776590e-01	3.776587e-01	2.658747e-11	
281	1.282500e-08	3.776588e-01	3.776540e-01	2.653989e-11	
282	1.287500e-08	3.776587e-01	3.776580e-01	2.658041e-11	
283	1.292500e-08	3.776586e-01	3.776541e-01	2.654072e-11	
284	1.297500e-08	3.776585e-01	3.776575e-01	2.657506e-11	
285	1.302500e-08	3.776583e-01	3.776540e-01	2.654026e-11	
286	1.307500e-08	3.776582e-01	3.776571e-01	2.657068e-11	

Index   time            v(cell)         v(bl)           vpre#branch     
--------------------------------------------------------------------------------
287	1.312500e-08	3.776580e-01	3.776539e-01	2.653905e-11	
288	1.317500e-08	3.776579e-01	3.776567e-01	2.656688e-11	
289	1.322500e-08	3.776578e-01	3.776537e-01	2.653740e-11	
290	1.327500e-08	3.776577e-01	3.776563e-01	2.656340e-11	
291	1.332500e-08	3.776575e-01	3.776536e-01	2.653551e-11	
292	1.337500e-08	3.776574e-01	3.776560e-01	2.656012e-11	
293	1.342500e-08	3.776572e-01	3.776533e-01	2.653346e-11	
294	1.347500e-08	3.776571e-01	3.776557e-01	2.655696e-11	
295	1.352500e-08	3.776570e-01	3.776531e-01	2.653132e-11	
296	1.357500e-08	3.776569e-01	3.776554e-01	2.655387e-11	
297	1.362500e-08	3.776567e-01	3.776529e-01	2.652913e-11	
298	1.367500e-08	3.776566e-01	3.776551e-01	2.655083e-11	
299	1.372500e-08	3.776565e-01	3.776527e-01	2.652690e-11	
300	1.377500e-08	3.776564e-01	3.776548e-01	2.654781e-11	
301	1.382500e-08	3.776562e-01	3.776525e-01	2.652464e-11	
302	1.387500e-08	3.776561e-01	3.776545e-01	2.654482e-11	
303	1.392500e-08	3.776559e-01	3.776522e-01	2.652237e-11	
304	1.397500e-08	3.776558e-01	3.776542e-01	2.654185e-11	
305	1.402500e-08	3.776557e-01	3.776520e-01	2.652007e-11	
306	1.407500e-08	3.776556e-01	3.776539e-01	2.653889e-11	
307	1.412500e-08	3.776554e-01	3.776518e-01	2.651777e-11	
308	1.417500e-08	3.776553e-01	3.776536e-01	2.653594e-11	
309	1.422500e-08	3.776551e-01	3.776515e-01	2.651545e-11	
310	1.427500e-08	3.776550e-01	3.776533e-01	2.653301e-11	
311	1.432500e-08	3.776549e-01	3.776513e-01	2.651313e-11	
312	1.437500e-08	3.776548e-01	3.776530e-01	2.653008e-11	
313	1.442500e-08	3.776546e-01	3.776511e-01	2.651079e-11	
314	1.447500e-08	3.776545e-01	3.776527e-01	2.652717e-11	
315	1.452500e-08	3.776544e-01	3.776508e-01	2.650845e-11	
316	1.457500e-08	3.776542e-01	3.776524e-01	2.652427e-11	
317	1.462500e-08	3.776541e-01	3.776506e-01	2.650609e-11	
318	1.467500e-08	3.776540e-01	3.776521e-01	2.652137e-11	
319	1.472500e-08	3.776538e-01	3.776504e-01	2.650373e-11	
320	1.477500e-08	3.776537e-01	3.776518e-01	2.651848e-11	
321	1.482500e-08	3.776536e-01	3.776501e-01	2.650136e-11	
322	1.487500e-08	3.776535e-01	3.776516e-01	2.651560e-11	
323	1.492500e-08	3.776533e-01	3.776499e-01	2.649898e-11	
324	1.497500e-08	3.776532e-01	3.776513e-01	2.651273e-11	
325	1.502500e-08	3.776530e-01	3.776497e-01	2.649660e-11	
326	1.507500e-08	3.776529e-01	3.776510e-01	2.650987e-11	
327	1.512500e-08	3.776528e-01	3.776494e-01	2.649420e-11	
328	1.517500e-08	3.776527e-01	3.776507e-01	2.650702e-11	
329	1.522500e-08	3.776525e-01	3.776492e-01	2.649180e-11	
330	1.527500e-08	3.776524e-01	3.776504e-01	2.650417e-11	
331	1.532500e-08	3.776523e-01	3.776489e-01	2.648940e-11	
332	1.537500e-08	3.776521e-01	3.776501e-01	2.650133e-11	
333	1.542500e-08	3.776520e-01	3.776487e-01	2.648698e-11	
334	1.547500e-08	3.776519e-01	3.776499e-01	2.649850e-11	
335	1.552500e-08	3.776517e-01	3.776485e-01	2.648456e-11	
336	1.557500e-08	3.776516e-01	3.776496e-01	2.649568e-11	
337	1.562500e-08	3.776515e-01	3.776482e-01	2.648214e-11	
338	1.567500e-08	3.776514e-01	3.776493e-01	2.649286e-11	
339	1.572500e-08	3.776512e-01	3.776480e-01	2.647970e-11	
340	1.577500e-08	3.776511e-01	3.776490e-01	2.649004e-11	
341	1.582500e-08	3.776509e-01	3.776477e-01	2.647727e-11	
342	1.587500e-08	3.776508e-01	3.776487e-01	2.648724e-11	
343	1.592500e-08	3.776507e-01	3.776475e-01	2.647482e-11	
344	1.597500e-08	3.776506e-01	3.776484e-01	2.648444e-11	

Index   time            v(cell)         v(bl)           vpre#branch     
--------------------------------------------------------------------------------
345	1.602500e-08	3.776504e-01	3.776472e-01	2.647237e-11	
346	1.607500e-08	3.776503e-01	3.776482e-01	2.648164e-11	
347	1.612500e-08	3.776502e-01	3.776470e-01	2.646992e-11	
348	1.617500e-08	3.776500e-01	3.776479e-01	2.647885e-11	
349	1.622500e-08	3.776499e-01	3.776467e-01	2.646746e-11	
350	1.627500e-08	3.776498e-01	3.776476e-01	2.647607e-11	
351	1.632500e-08	3.776496e-01	3.776465e-01	2.646499e-11	
352	1.637500e-08	3.776495e-01	3.776473e-01	2.647329e-11	
353	1.642500e-08	3.776494e-01	3.776463e-01	2.646253e-11	
354	1.647500e-08	3.776492e-01	3.776471e-01	2.647052e-11	
355	1.652500e-08	3.776491e-01	3.776460e-01	2.646005e-11	
356	1.657500e-08	3.776490e-01	3.776468e-01	2.646775e-11	
357	1.662500e-08	3.776488e-01	3.776458e-01	2.645757e-11	
358	1.667500e-08	3.776487e-01	3.776465e-01	2.646499e-11	
359	1.672500e-08	3.776486e-01	3.776455e-01	2.645509e-11	
360	1.677500e-08	3.776485e-01	3.776462e-01	2.646223e-11	
361	1.682500e-08	3.776483e-01	3.776453e-01	2.645261e-11	
362	1.687500e-08	3.776482e-01	3.776459e-01	2.645948e-11	
363	1.692500e-08	3.776481e-01	3.776450e-01	2.645011e-11	
364	1.697500e-08	3.776479e-01	3.776457e-01	2.645673e-11	
365	1.702500e-08	3.776478e-01	3.776448e-01	2.644762e-11	
366	1.707500e-08	3.776477e-01	3.776454e-01	2.645399e-11	
367	1.712500e-08	3.776475e-01	3.776445e-01	2.644512e-11	
368	1.717500e-08	3.776474e-01	3.776451e-01	2.645124e-11	
369	1.722500e-08	3.776473e-01	3.776443e-01	2.644262e-11	
370	1.727500e-08	3.776471e-01	3.776449e-01	2.644851e-11	
371	1.732500e-08	3.776470e-01	3.776440e-01	2.644012e-11	
372	1.737500e-08	3.776469e-01	3.776446e-01	2.644578e-11	
373	1.742500e-08	3.776467e-01	3.776438e-01	2.643761e-11	
374	1.747500e-08	3.776466e-01	3.776443e-01	2.644305e-11	
375	1.752500e-08	3.776465e-01	3.776435e-01	2.643510e-11	
376	1.757500e-08	3.776464e-01	3.776440e-01	2.644032e-11	
377	1.762500e-08	3.776462e-01	3.776433e-01	2.643258e-11	
378	1.767500e-08	3.776461e-01	3.776438e-01	2.643760e-11	
379	1.772500e-08	3.776460e-01	3.776430e-01	2.643006e-11	
380	1.777500e-08	3.776458e-01	3.776435e-01	2.643488e-11	
381	1.782500e-08	3.776457e-01	3.776428e-01	2.642754e-11	
382	1.787500e-08	3.776456e-01	3.776432e-01	2.643217e-11	
383	1.792500e-08	3.776454e-01	3.776425e-01	2.642502e-11	
384	1.797500e-08	3.776453e-01	3.776429e-01	2.642946e-11	
385	1.802500e-08	3.776452e-01	3.776422e-01	2.642249e-11	
386	1.807500e-08	3.776451e-01	3.776427e-01	2.642675e-11	
387	1.812500e-08	3.776449e-01	3.776420e-01	2.641996e-11	
388	1.817500e-08	3.776448e-01	3.776424e-01	2.642404e-11	
389	1.822500e-08	3.776447e-01	3.776417e-01	2.641743e-11	
390	1.827500e-08	3.776445e-01	3.776421e-01	2.642134e-11	
391	1.832500e-08	3.776444e-01	3.776415e-01	2.641490e-11	
392	1.837500e-08	3.776443e-01	3.776419e-01	2.641864e-11	
393	1.842500e-08	3.776441e-01	3.776412e-01	2.641236e-11	
394	1.847500e-08	3.776440e-01	3.776416e-01	2.641595e-11	
395	1.852500e-08	3.776439e-01	3.776410e-01	2.640982e-11	
396	1.857500e-08	3.776437e-01	3.776413e-01	2.641326e-11	
397	1.862500e-08	3.776436e-01	3.776407e-01	2.640728e-11	
398	1.867500e-08	3.776435e-01	3.776411e-01	2.641056e-11	
399	1.872500e-08	3.776433e-01	3.776405e-01	2.640474e-11	
400	1.877500e-08	3.776432e-01	3.776408e-01	2.640788e-11	
401	1.882500e-08	3.776431e-01	3.776402e-01	2.640219e-11	
402	1.887500e-08	3.776430e-01	3.776405e-01	2.640519e-11	

Index   time            v(cell)         v(bl)           vpre#branch     
--------------------------------------------------------------------------------
403	1.892500e-08	3.776428e-01	3.776400e-01	2.639965e-11	
404	1.897500e-08	3.776427e-01	3.776403e-01	2.640251e-11	
405	1.902500e-08	3.776426e-01	3.776397e-01	2.639710e-11	
406	1.907500e-08	3.776424e-01	3.776400e-01	2.639983e-11	
407	1.912500e-08	3.776423e-01	3.776395e-01	2.639455e-11	
408	1.917500e-08	3.776422e-01	3.776397e-01	2.639715e-11	
409	1.922500e-08	3.776420e-01	3.776392e-01	2.639199e-11	
410	1.927500e-08	3.776419e-01	3.776394e-01	2.639447e-11	
411	1.932500e-08	3.776418e-01	3.776389e-01	2.638944e-11	
412	1.937500e-08	3.776416e-01	3.776392e-01	2.639180e-11	
413	1.942500e-08	3.776415e-01	3.776387e-01	2.638688e-11	
414	1.947500e-08	3.776414e-01	3.776389e-01	2.638913e-11	
415	1.952500e-08	3.776412e-01	3.776384e-01	2.638433e-11	
416	1.957500e-08	3.776411e-01	3.776386e-01	2.638646e-11	
417	1.962500e-08	3.776410e-01	3.776382e-01	2.638177e-11	
418	1.967500e-08	3.776409e-01	3.776384e-01	2.638379e-11	
419	1.972500e-08	3.776407e-01	3.776379e-01	2.637921e-11	
420	1.977500e-08	3.776406e-01	3.776381e-01	2.638113e-11	
421	1.982500e-08	3.776405e-01	3.776377e-01	2.637665e-11	
422	1.987500e-08	3.776403e-01	3.776378e-01	2.637846e-11	
423	1.992500e-08	3.776402e-01	3.776374e-01	2.637408e-11	
424	1.997500e-08	3.776401e-01	3.776376e-01	2.637580e-11	
425	2.002500e-08	3.776399e-01	3.776372e-01	2.637152e-11	
426	2.007500e-08	3.776398e-01	3.776373e-01	2.637314e-11	
427	2.012500e-08	3.776397e-01	3.776369e-01	2.636895e-11	
428	2.017500e-08	3.776396e-01	3.776370e-01	2.637048e-11	
429	2.022500e-08	3.776394e-01	3.776366e-01	2.636638e-11	
430	2.027500e-08	3.776393e-01	3.776368e-01	2.636782e-11	
431	2.032500e-08	3.776392e-01	3.776364e-01	2.636382e-11	
432	2.037500e-08	3.776390e-01	3.776365e-01	2.636517e-11	
433	2.042500e-08	3.776389e-01	3.776361e-01	2.636125e-11	
434	2.047500e-08	3.776388e-01	3.776363e-01	2.636252e-11	
435	2.052500e-08	3.776386e-01	3.776359e-01	2.635868e-11	
436	2.057500e-08	3.776385e-01	3.776360e-01	2.635986e-11	
437	2.062500e-08	3.776384e-01	3.776356e-01	2.635610e-11	
438	2.067500e-08	3.776382e-01	3.776357e-01	2.635721e-11	
439	2.072500e-08	3.776381e-01	3.776354e-01	2.635353e-11	
440	2.077500e-08	3.776380e-01	3.776355e-01	2.635457e-11	
441	2.082500e-08	3.776379e-01	3.776351e-01	2.635096e-11	
442	2.087500e-08	3.776377e-01	3.776352e-01	2.635192e-11	
443	2.092500e-08	3.776376e-01	3.776348e-01	2.634838e-11	
444	2.097500e-08	3.776375e-01	3.776349e-01	2.634927e-11	
445	2.102500e-08	3.776373e-01	3.776346e-01	2.634581e-11	
446	2.107500e-08	3.776372e-01	3.776347e-01	2.634663e-11	
447	2.112500e-08	3.776371e-01	3.776343e-01	2.634323e-11	
448	2.117500e-08	3.776369e-01	3.776344e-01	2.634399e-11	
449	2.122500e-08	3.776368e-01	3.776341e-01	2.634066e-11	
450	2.127500e-08	3.776367e-01	3.776341e-01	2.634134e-11	
451	2.132500e-08	3.776365e-01	3.776338e-01	2.633808e-11	
452	2.137500e-08	3.776364e-01	3.776339e-01	2.633870e-11	
453	2.142500e-08	3.776363e-01	3.776336e-01	2.633550e-11	
454	2.147500e-08	3.776362e-01	3.776336e-01	2.633606e-11	
455	2.152500e-08	3.776360e-01	3.776333e-01	2.633292e-11	
456	2.157500e-08	3.776359e-01	3.776333e-01	2.633343e-11	
457	2.162500e-08	3.776358e-01	3.776330e-01	2.633034e-11	
458	2.167500e-08	3.776356e-01	3.776331e-01	2.633079e-11	
459	2.172500e-08	3.776355e-01	3.776328e-01	2.632776e-11	
460	2.177500e-08	3.776354e-01	3.776328e-01	2.632815e-11	

Index   time            v(cell)         v(bl)           vpre#branch     
--------------------------------------------------------------------------------
461	2.182500e-08	3.776352e-01	3.776325e-01	2.632518e-11	
462	2.187500e-08	3.776351e-01	3.776326e-01	2.632552e-11	
463	2.192500e-08	3.776350e-01	3.776323e-01	2.632260e-11	
464	2.196250e-08	3.776349e-01	3.776323e-01	2.632321e-11	
465	2.200000e-08	3.776348e-01	3.776321e-01	2.632068e-11	
466	2.200500e-08	3.776126e-01	3.757382e-01	7.382467e-12	
467	2.201500e-08	3.775586e-01	3.739848e-01	-1.01517e-11	
468	2.203500e-08	3.774397e-01	3.737253e-01	-1.27471e-11	
469	2.207500e-08	3.772244e-01	3.718452e-01	-3.15484e-11	
470	2.212500e-08	3.769904e-01	3.684989e-01	-6.50106e-11	
471	2.217500e-08	3.767978e-01	3.613662e-01	-1.36338e-10	
472	2.222500e-08	3.766383e-01	3.486384e-01	-2.63616e-10	
473	2.227500e-08	3.765026e-01	3.296821e-01	-4.53179e-10	
474	2.232500e-08	3.763814e-01	3.062215e-01	-6.87785e-10	
475	2.237500e-08	3.762690e-01	2.800597e-01	-9.49403e-10	
476	2.242500e-08	3.761621e-01	2.523063e-01	-1.22694e-09	
477	2.247500e-08	3.760593e-01	2.236065e-01	-1.51393e-09	
478	2.252500e-08	3.759592e-01	1.943580e-01	-1.80642e-09	
479	2.257500e-08	3.758615e-01	1.648227e-01	-2.10177e-09	
480	2.262500e-08	3.757656e-01	1.351839e-01	-2.39816e-09	
481	2.267500e-08	3.756711e-01	1.055765e-01	-2.69424e-09	
482	2.272500e-08	3.755778e-01	7.610335e-02	-2.98897e-09	
483	2.277500e-08	3.754856e-01	4.682035e-02	-3.28180e-09	
484	2.282500e-08	3.753941e-01	1.781972e-02	-3.57180e-09	
485	2.287500e-08	3.753034e-01	-1.08200e-02	-3.85820e-09	
486	2.292500e-08	3.752131e-01	-3.90989e-02	-4.14099e-09	
487	2.296250e-08	3.751458e-01	-6.00457e-02	-4.35046e-09	
488	2.300000e-08	3.750786e-01	-8.07409e-02	-4.55741e-09	
489	2.300500e-08	3.750782e-01	-7.97357e-02	-4.54736e-09	
490	2.301500e-08	3.750780e-01	-7.77322e-02	-4.52732e-09	
491	2.303500e-08	3.750777e-01	-7.37651e-02	-4.48765e-09	
492	2.307500e-08	3.750770e-01	-6.59774e-02	-4.40977e-09	
493	2.312500e-08	3.750764e-01	-5.64956e-02	-4.31496e-09	
494	2.317500e-08	3.750760e-01	-4.72723e-02	-4.22272e-09	
495	2.322500e-08	3.750756e-01	-3.82865e-02	-4.13286e-09	
496	2.327500e-08	3.750753e-01	-2.95218e-02	-4.04522e-09	
497	2.332500e-08	3.750752e-01	-2.09673e-02	-3.95967e-09	
498	2.337500e-08	3.750750e-01	-1.26118e-02	-3.87612e-09	
499	2.342500e-08	3.750749e-01	-4.44478e-03	-3.79445e-09	
500	2.347500e-08	3.750748e-01	3.540888e-03	-3.71459e-09	
501	2.352500e-08	3.750747e-01	1.135135e-02	-3.63649e-09	
502	2.357500e-08	3.750746e-01	1.899206e-02	-3.56008e-09	
503	2.362500e-08	3.750746e-01	2.646794e-02	-3.48532e-09	
504	2.367500e-08	3.750746e-01	3.378347e-02	-3.41217e-09	
505	2.372500e-08	3.750745e-01	4.094282e-02	-3.34057e-09	
506	2.377500e-08	3.750745e-01	4.794987e-02	-3.27050e-09	
507	2.382500e-08	3.750745e-01	5.480829e-02	-3.20192e-09	
508	2.387500e-08	3.750745e-01	6.152158e-02	-3.13478e-09	
509	2.392500e-08	3.750745e-01	6.809307e-02	-3.06907e-09	
510	2.397500e-08	3.750744e-01	7.452596e-02	-3.00474e-09	
511	2.402500e-08	3.750744e-01	8.082333e-02	-2.94177e-09	
512	2.407500e-08	3.750744e-01	8.698818e-02	-2.88012e-09	
513	2.412500e-08	3.750744e-01	9.302339e-02	-2.81977e-09	
514	2.417500e-08	3.750744e-01	9.893177e-02	-2.76068e-09	
515	2.422500e-08	3.750744e-01	1.047161e-01	-2.70284e-09	
516	2.427500e-08	3.750744e-01	1.103789e-01	-2.64621e-09	
517	2.432500e-08	3.750744e-01	1.159229e-01	-2.59077e-09	
518	2.437500e-08	3.750744e-01	1.213506e-01	-2.53649e-09	

Index   time            v(cell)         v(bl)           vpre#branch     
--------------------------------------------------------------------------------
519	2.442500e-08	3.750744e-01	1.266644e-01	-2.48336e-09	
520	2.447500e-08	3.750744e-01	1.318668e-01	-2.43133e-09	
521	2.452500e-08	3.750744e-01	1.369602e-01	-2.38040e-09	
522	2.457500e-08	3.750744e-01	1.419467e-01	-2.33053e-09	
523	2.462500e-08	3.750744e-01	1.468287e-01	-2.28171e-09	
524	2.467500e-08	3.750744e-01	1.516084e-01	-2.23392e-09	
525	2.472500e-08	3.750744e-01	1.562879e-01	-2.18712e-09	
526	2.477500e-08	3.750744e-01	1.608694e-01	-2.14131e-09	
527	2.482500e-08	3.750744e-01	1.653548e-01	-2.09645e-09	
528	2.487500e-08	3.750744e-01	1.697463e-01	-2.05254e-09	
529	2.492500e-08	3.750744e-01	1.740457e-01	-2.00954e-09	
530	2.497500e-08	3.750744e-01	1.782551e-01	-1.96745e-09	
531	2.502500e-08	3.750744e-01	1.823763e-01	-1.92624e-09	
532	2.507500e-08	3.750744e-01	1.864111e-01	-1.88589e-09	
533	2.512500e-08	3.750744e-01	1.903614e-01	-1.84639e-09	
534	2.517500e-08	3.750744e-01	1.942290e-01	-1.80771e-09	
535	2.522500e-08	3.750744e-01	1.980155e-01	-1.76985e-09	
536	2.527500e-08	3.750744e-01	2.017227e-01	-1.73277e-09	
537	2.532500e-08	3.750744e-01	2.053522e-01	-1.69648e-09	
538	2.537500e-08	3.750744e-01	2.089057e-01	-1.66094e-09	
539	2.542500e-08	3.750744e-01	2.123848e-01	-1.62615e-09	
540	2.547500e-08	3.750744e-01	2.157910e-01	-1.59209e-09	
541	2.552500e-08	3.750744e-01	2.191258e-01	-1.55874e-09	
542	2.557500e-08	3.750744e-01	2.223908e-01	-1.52609e-09	
543	2.562500e-08	3.750744e-01	2.255874e-01	-1.49413e-09	
544	2.567500e-08	3.750744e-01	2.287170e-01	-1.46283e-09	
545	2.572500e-08	3.750744e-01	2.317811e-01	-1.43219e-09	
546	2.577500e-08	3.750744e-01	2.347810e-01	-1.40219e-09	
547	2.582500e-08	3.750744e-01	2.377180e-01	-1.37282e-09	
548	2.587500e-08	3.750744e-01	2.405936e-01	-1.34406e-09	
549	2.592500e-08	3.750744e-01	2.434089e-01	-1.31591e-09	
550	2.597500e-08	3.750744e-01	2.461652e-01	-1.28835e-09	
551	2.602500e-08	3.750744e-01	2.488638e-01	-1.26136e-09	
552	2.607500e-08	3.750744e-01	2.515058e-01	-1.23494e-09	
553	2.612500e-08	3.750744e-01	2.540925e-01	-1.20907e-09	
554	2.617500e-08	3.750744e-01	2.566251e-01	-1.18375e-09	
555	2.622500e-08	3.750744e-01	2.591046e-01	-1.15895e-09	
556	2.627500e-08	3.750744e-01	2.615321e-01	-1.13468e-09	
557	2.632500e-08	3.750744e-01	2.639088e-01	-1.11091e-09	
558	2.637500e-08	3.750744e-01	2.662358e-01	-1.08764e-09	
559	2.642500e-08	3.750744e-01	2.685139e-01	-1.06486e-09	
560	2.647500e-08	3.750744e-01	2.707444e-01	-1.04256e-09	
561	2.652500e-08	3.750744e-01	2.729281e-01	-1.02072e-09	
562	2.657500e-08	3.750744e-01	2.750661e-01	-9.99339e-10	
563	2.662500e-08	3.750744e-01	2.771594e-01	-9.78406e-10	
564	2.667500e-08	3.750744e-01	2.792087e-01	-9.57913e-10	
565	2.672500e-08	3.750744e-01	2.812152e-01	-9.37848e-10	
566	2.677500e-08	3.750744e-01	2.831796e-01	-9.18204e-10	
567	2.682500e-08	3.750744e-01	2.851029e-01	-8.98971e-10	
568	2.687500e-08	3.750744e-01	2.869859e-01	-8.80141e-10	
569	2.692500e-08	3.750744e-01	2.888294e-01	-8.61706e-10	
570	2.697500e-08	3.750744e-01	2.906343e-01	-8.43657e-10	
571	2.702500e-08	3.750744e-01	2.924015e-01	-8.25985e-10	
572	2.707500e-08	3.750744e-01	2.941316e-01	-8.08684e-10	
573	2.712500e-08	3.750744e-01	2.958254e-01	-7.91746e-10	
574	2.717500e-08	3.750744e-01	2.974838e-01	-7.75162e-10	
575	2.722500e-08	3.750744e-01	2.991075e-01	-7.58925e-10	
576	2.727500e-08	3.750744e-01	3.006971e-01	-7.43029e-10	

Index   time            v(cell)         v(bl)           vpre#branch     
--------------------------------------------------------------------------------
577	2.732500e-08	3.750744e-01	3.022535e-01	-7.27465e-10	
578	2.737500e-08	3.750744e-01	3.037772e-01	-7.12228e-10	
579	2.742500e-08	3.750744e-01	3.052691e-01	-6.97309e-10	
580	2.747500e-08	3.750744e-01	3.067296e-01	-6.82704e-10	
581	2.752500e-08	3.750744e-01	3.081596e-01	-6.68404e-10	
582	2.757500e-08	3.750744e-01	3.095597e-01	-6.54403e-10	
583	2.762500e-08	3.750744e-01	3.109304e-01	-6.40696e-10	
584	2.767500e-08	3.750744e-01	3.122724e-01	-6.27276e-10	
585	2.772500e-08	3.750744e-01	3.135863e-01	-6.14137e-10	
586	2.777500e-08	3.750744e-01	3.148727e-01	-6.01273e-10	
587	2.782500e-08	3.750744e-01	3.161321e-01	-5.88679e-10	
588	2.787500e-08	3.750744e-01	3.173651e-01	-5.76349e-10	
589	2.792500e-08	3.750744e-01	3.185723e-01	-5.64277e-10	
590	2.797500e-08	3.750744e-01	3.197543e-01	-5.52457e-10	
591	2.802500e-08	3.750744e-01	3.209115e-01	-5.40885e-10	
592	2.807500e-08	3.750744e-01	3.220444e-01	-5.29556e-10	
593	2.812500e-08	3.750744e-01	3.231536e-01	-5.18464e-10	
594	2.817500e-08	3.750744e-01	3.242396e-01	-5.07604e-10	
595	2.822500e-08	3.750744e-01	3.253028e-01	-4.96972e-10	
596	2.827500e-08	3.750744e-01	3.263438e-01	-4.86562e-10	
597	2.832500e-08	3.750744e-01	3.273629e-01	-4.76371e-10	
598	2.837500e-08	3.750744e-01	3.283607e-01	-4.66393e-10	
599	2.842500e-08	3.750744e-01	3.293376e-01	-4.56624e-10	
600	2.847500e-08	3.750744e-01	3.302941e-01	-4.47059e-10	
601	2.852500e-08	3.750744e-01	3.312305e-01	-4.37695e-10	
602	2.857500e-08	3.750744e-01	3.321473e-01	-4.28527e-10	
603	2.862500e-08	3.750744e-01	3.330449e-01	-4.19551e-10	
604	2.867500e-08	3.750744e-01	3.339237e-01	-4.10763e-10	
605	2.872500e-08	3.750744e-01	3.347840e-01	-4.02160e-10	
606	2.877500e-08	3.750744e-01	3.356264e-01	-3.93736e-10	
607	2.882500e-08	3.750744e-01	3.364511e-01	-3.85489e-10	
608	2.887500e-08	3.750744e-01	3.372586e-01	-3.77414e-10	
609	2.892500e-08	3.750744e-01	3.380491e-01	-3.69509e-10	
610	2.897500e-08	3.750744e-01	3.388231e-01	-3.61769e-10	
611	2.902500e-08	3.750744e-01	3.395808e-01	-3.54192e-10	
612	2.907500e-08	3.750744e-01	3.403227e-01	-3.46773e-10	
613	2.912500e-08	3.750744e-01	3.410491e-01	-3.39509e-10	
614	2.917500e-08	3.750744e-01	3.417602e-01	-3.32398e-10	
615	2.922500e-08	3.750744e-01	3.424564e-01	-3.25436e-10	
616	2.927500e-08	3.750744e-01	3.431381e-01	-3.18619e-10	
617	2.932500e-08	3.750744e-01	3.438055e-01	-3.11945e-10	
618	2.937500e-08	3.750744e-01	3.444589e-01	-3.05411e-10	
619	2.942500e-08	3.750744e-01	3.450986e-01	-2.99014e-10	
620	2.947500e-08	3.750744e-01	3.457249e-01	-2.92751e-10	
621	2.952500e-08	3.750744e-01	3.463381e-01	-2.86619e-10	
622	2.957500e-08	3.750744e-01	3.469385e-01	-2.80615e-10	
623	2.962500e-08	3.750744e-01	3.475262e-01	-2.74738e-10	
624	2.967500e-08	3.750744e-01	3.481017e-01	-2.68983e-10	
625	2.972500e-08	3.750744e-01	3.486651e-01	-2.63349e-10	
626	2.977500e-08	3.750744e-01	3.492167e-01	-2.57833e-10	
627	2.982500e-08	3.750744e-01	3.497568e-01	-2.52432e-10	
628	2.987500e-08	3.750744e-01	3.502855e-01	-2.47145e-10	
629	2.992500e-08	3.750744e-01	3.508032e-01	-2.41968e-10	
630	2.997500e-08	3.750744e-01	3.513100e-01	-2.36900e-10	
631	3.002500e-08	3.750744e-01	3.518062e-01	-2.31938e-10	
632	3.007500e-08	3.750744e-01	3.522920e-01	-2.27080e-10	
633	3.012500e-08	3.750744e-01	3.527677e-01	-2.22323e-10	
634	3.017500e-08	3.750744e-01	3.532334e-01	-2.17666e-10	

Index   time            v(cell)         v(bl)           vpre#branch     
--------------------------------------------------------------------------------
635	3.022500e-08	3.750744e-01	3.536893e-01	-2.13107e-10	
636	3.027500e-08	3.750744e-01	3.541357e-01	-2.08643e-10	
637	3.032500e-08	3.750744e-01	3.545727e-01	-2.04273e-10	
638	3.037500e-08	3.750744e-01	3.550005e-01	-1.99995e-10	
639	3.042500e-08	3.750744e-01	3.554195e-01	-1.95805e-10	
640	3.047500e-08	3.750744e-01	3.558296e-01	-1.91704e-10	
641	3.052500e-08	3.750744e-01	3.562311e-01	-1.87689e-10	
642	3.057500e-08	3.750744e-01	3.566243e-01	-1.83757e-10	
643	3.062500e-08	3.750744e-01	3.570092e-01	-1.79908e-10	
644	3.067500e-08	3.750744e-01	3.573860e-01	-1.76140e-10	
645	3.072500e-08	3.750744e-01	3.577549e-01	-1.72451e-10	
646	3.077500e-08	3.750744e-01	3.581162e-01	-1.68838e-10	
647	3.082500e-08	3.750744e-01	3.584698e-01	-1.65302e-10	
648	3.087500e-08	3.750744e-01	3.588160e-01	-1.61840e-10	
649	3.092500e-08	3.750744e-01	3.591550e-01	-1.58450e-10	
650	3.097500e-08	3.750744e-01	3.594869e-01	-1.55131e-10	
651	3.102500e-08	3.750744e-01	3.598119e-01	-1.51881e-10	
652	3.107500e-08	3.750744e-01	3.601300e-01	-1.48700e-10	
653	3.112500e-08	3.750744e-01	3.604415e-01	-1.45585e-10	
654	3.117500e-08	3.750744e-01	3.607464e-01	-1.42536e-10	
655	3.122500e-08	3.750744e-01	3.610450e-01	-1.39550e-10	
656	3.127500e-08	3.750744e-01	3.613373e-01	-1.36627e-10	
657	3.132500e-08	3.750744e-01	3.616234e-01	-1.33766e-10	
658	3.137500e-08	3.750744e-01	3.619036e-01	-1.30964e-10	
659	3.142500e-08	3.750744e-01	3.621779e-01	-1.28221e-10	
660	3.147500e-08	3.750744e-01	3.624465e-01	-1.25535e-10	
661	3.152500e-08	3.750744e-01	3.627095e-01	-1.22905e-10	
662	3.157500e-08	3.750744e-01	3.629669e-01	-1.20331e-10	
663	3.162500e-08	3.750744e-01	3.632189e-01	-1.17811e-10	
664	3.167500e-08	3.750744e-01	3.634657e-01	-1.15343e-10	
665	3.172500e-08	3.750744e-01	3.637073e-01	-1.12927e-10	
666	3.177500e-08	3.750744e-01	3.639438e-01	-1.10562e-10	
667	3.182500e-08	3.750744e-01	3.641754e-01	-1.08246e-10	
668	3.187500e-08	3.750744e-01	3.644021e-01	-1.05979e-10	
669	3.192500e-08	3.750744e-01	3.646241e-01	-1.03759e-10	
670	3.197500e-08	3.750744e-01	3.648415e-01	-1.01585e-10	
671	3.202500e-08	3.750744e-01	3.650542e-01	-9.94576e-11	
672	3.207500e-08	3.750744e-01	3.652626e-01	-9.73743e-11	
673	3.212500e-08	3.750744e-01	3.654665e-01	-9.53347e-11	
674	3.217500e-08	3.750744e-01	3.656662e-01	-9.33379e-11	
675	3.222500e-08	3.750744e-01	3.658617e-01	-9.13828e-11	
676	3.227500e-08	3.750744e-01	3.660531e-01	-8.94687e-11	
677	3.232500e-08	3.750744e-01	3.662405e-01	-8.75947e-11	
678	3.237500e-08	3.750744e-01	3.664240e-01	-8.57599e-11	
679	3.242500e-08	3.750744e-01	3.666036e-01	-8.39636e-11	
680	3.247500e-08	3.750744e-01	3.667795e-01	-8.22049e-11	
681	3.252500e-08	3.750744e-01	3.669517e-01	-8.04830e-11	
682	3.257500e-08	3.750744e-01	3.671203e-01	-7.87973e-11	
683	3.262500e-08	3.750744e-01	3.672853e-01	-7.71468e-11	
684	3.267500e-08	3.750744e-01	3.674469e-01	-7.55309e-11	
685	3.272500e-08	3.750744e-01	3.676051e-01	-7.39488e-11	
686	3.277500e-08	3.750744e-01	3.677600e-01	-7.23999e-11	
687	3.282500e-08	3.750744e-01	3.679117e-01	-7.08834e-11	
688	3.287500e-08	3.750744e-01	3.680601e-01	-6.93986e-11	
689	3.292500e-08	3.750744e-01	3.682055e-01	-6.79450e-11	
690	3.297500e-08	3.750744e-01	3.683478e-01	-6.65219e-11	
691	3.302500e-08	3.750744e-01	3.684872e-01	-6.51285e-11	
692	3.307500e-08	3.750744e-01	3.686236e-01	-6.37643e-11	

Index   time            v(cell)         v(bl)           vpre#branch     
--------------------------------------------------------------------------------
693	3.312500e-08	3.750744e-01	3.687571e-01	-6.24287e-11	
694	3.317500e-08	3.750744e-01	3.688879e-01	-6.11211e-11	
695	3.322500e-08	3.750744e-01	3.690159e-01	-5.98408e-11	
696	3.327500e-08	3.750744e-01	3.691413e-01	-5.85874e-11	
697	3.332500e-08	3.750744e-01	3.692640e-01	-5.73602e-11	
698	3.337500e-08	3.750744e-01	3.693841e-01	-5.61588e-11	
699	3.342500e-08	3.750744e-01	3.695018e-01	-5.49825e-11	
700	3.347500e-08	3.750744e-01	3.696169e-01	-5.38308e-11	
701	3.352500e-08	3.750744e-01	3.697297e-01	-5.27033e-11	
702	3.357500e-08	3.750744e-01	3.698401e-01	-5.15993e-11	
703	3.362500e-08	3.750744e-01	3.699481e-01	-5.05186e-11	
704	3.367500e-08	3.750744e-01	3.700540e-01	-4.94604e-11	
705	3.372500e-08	3.750744e-01	3.701576e-01	-4.84244e-11	
706	3.377500e-08	3.750744e-01	3.702590e-01	-4.74101e-11	
707	3.382500e-08	3.750744e-01	3.703583e-01	-4.64170e-11	
708	3.387500e-08	3.750744e-01	3.704555e-01	-4.54448e-11	
709	3.392500e-08	3.750744e-01	3.705507e-01	-4.44929e-11	
710	3.397500e-08	3.750744e-01	3.706439e-01	-4.35610e-11	
711	3.402500e-08	3.750744e-01	3.707351e-01	-4.26485e-11	
712	3.407500e-08	3.750744e-01	3.708245e-01	-4.17552e-11	
713	3.412500e-08	3.750744e-01	3.709119e-01	-4.08806e-11	
714	3.417500e-08	3.750744e-01	3.709976e-01	-4.00243e-11	
715	3.422500e-08	3.750744e-01	3.710814e-01	-3.91860e-11	
716	3.427500e-08	3.750744e-01	3.711635e-01	-3.83652e-11	
717	3.432500e-08	3.750744e-01	3.712438e-01	-3.75616e-11	
718	3.437500e-08	3.750744e-01	3.713225e-01	-3.67748e-11	
719	3.442500e-08	3.750744e-01	3.713995e-01	-3.60046e-11	
720	3.447500e-08	3.750744e-01	3.714750e-01	-3.52504e-11	
721	3.452500e-08	3.750744e-01	3.715488e-01	-3.45120e-11	
722	3.457500e-08	3.750744e-01	3.716211e-01	-3.37892e-11	
723	3.462500e-08	3.750744e-01	3.716919e-01	-3.30814e-11	
724	3.467500e-08	3.750744e-01	3.717612e-01	-3.23885e-11	
725	3.472500e-08	3.750744e-01	3.718290e-01	-3.17101e-11	
726	3.477500e-08	3.750744e-01	3.718954e-01	-3.10459e-11	
727	3.482500e-08	3.750744e-01	3.719604e-01	-3.03956e-11	
728	3.487500e-08	3.750744e-01	3.720241e-01	-2.97589e-11	
729	3.492500e-08	3.750744e-01	3.720864e-01	-2.91356e-11	
730	3.497500e-08	3.750744e-01	3.721475e-01	-2.85253e-11	
731	3.502500e-08	3.750744e-01	3.722072e-01	-2.79278e-11	
732	3.507500e-08	3.750744e-01	3.722657e-01	-2.73429e-11	
733	3.512500e-08	3.750744e-01	3.723230e-01	-2.67701e-11	
734	3.517500e-08	3.750744e-01	3.723791e-01	-2.62094e-11	
735	3.522500e-08	3.750744e-01	3.724340e-01	-2.56604e-11	
736	3.527500e-08	3.750744e-01	3.724877e-01	-2.51229e-11	
737	3.532500e-08	3.750744e-01	3.725403e-01	-2.45967e-11	
738	3.537500e-08	3.750744e-01	3.725918e-01	-2.40815e-11	
739	3.542500e-08	3.750744e-01	3.726423e-01	-2.35771e-11	
740	3.547500e-08	3.750744e-01	3.726917e-01	-2.30833e-11	
741	3.552500e-08	3.750744e-01	3.727400e-01	-2.25998e-11	
742	3.557500e-08	3.750744e-01	3.727874e-01	-2.21264e-11	
743	3.562500e-08	3.750744e-01	3.728337e-01	-2.16629e-11	
744	3.567500e-08	3.750744e-01	3.728791e-01	-2.12092e-11	
745	3.572500e-08	3.750744e-01	3.729235e-01	-2.07649e-11	
746	3.577500e-08	3.750744e-01	3.729670e-01	-2.03300e-11	
747	3.582500e-08	3.750744e-01	3.730096e-01	-1.99042e-11	
748	3.587500e-08	3.750744e-01	3.730513e-01	-1.94872e-11	
749	3.592500e-08	3.750744e-01	3.730921e-01	-1.90791e-11	
750	3.597500e-08	3.750744e-01	3.731321e-01	-1.86794e-11	

Index   time            v(cell)         v(bl)           vpre#branch     
--------------------------------------------------------------------------------
751	3.602500e-08	3.750744e-01	3.731712e-01	-1.82882e-11	
752	3.607500e-08	3.750744e-01	3.732095e-01	-1.79051e-11	
753	3.612500e-08	3.750744e-01	3.732470e-01	-1.75301e-11	
754	3.617500e-08	3.750744e-01	3.732837e-01	-1.71629e-11	
755	3.622500e-08	3.750744e-01	3.733197e-01	-1.68034e-11	
756	3.627500e-08	3.750744e-01	3.733549e-01	-1.64514e-11	
757	3.632500e-08	3.750744e-01	3.733893e-01	-1.61068e-11	
758	3.637500e-08	3.750744e-01	3.734231e-01	-1.57695e-11	
759	3.642500e-08	3.750744e-01	3.734561e-01	-1.54392e-11	
760	3.647500e-08	3.750744e-01	3.734884e-01	-1.51158e-11	
761	3.652500e-08	3.750744e-01	3.735201e-01	-1.47992e-11	
762	3.657500e-08	3.750744e-01	3.735511e-01	-1.44892e-11	
763	3.662500e-08	3.750744e-01	3.735814e-01	-1.41857e-11	
764	3.667500e-08	3.750744e-01	3.736111e-01	-1.38886e-11	
765	3.672500e-08	3.750744e-01	3.736402e-01	-1.35976e-11	
766	3.677500e-08	3.750744e-01	3.736687e-01	-1.33128e-11	
767	3.682500e-08	3.750744e-01	3.736966e-01	-1.30340e-11	
768	3.687500e-08	3.750744e-01	3.737239e-01	-1.27610e-11	
769	3.692500e-08	3.750744e-01	3.737506e-01	-1.24937e-11	
770	3.697500e-08	3.750744e-01	3.737768e-01	-1.22320e-11	
771	3.702500e-08	3.750744e-01	3.738024e-01	-1.19758e-11	
772	3.707500e-08	3.750744e-01	3.738275e-01	-1.17249e-11	
773	3.712500e-08	3.750744e-01	3.738521e-01	-1.14793e-11	
774	3.717500e-08	3.750744e-01	3.738761e-01	-1.12389e-11	
775	3.722500e-08	3.750744e-01	3.738997e-01	-1.10035e-11	
776	3.727500e-08	3.750744e-01	3.739227e-01	-1.07730e-11	
777	3.732500e-08	3.750744e-01	3.739453e-01	-1.05474e-11	
778	3.737500e-08	3.750744e-01	3.739674e-01	-1.03264e-11	
779	3.742500e-08	3.750744e-01	3.739890e-01	-1.01101e-11	
780	3.747500e-08	3.750744e-01	3.740102e-01	-9.89837e-12	
781	3.752500e-08	3.750744e-01	3.740309e-01	-9.69104e-12	
782	3.757500e-08	3.750744e-01	3.740512e-01	-9.48805e-12	
783	3.762500e-08	3.750744e-01	3.740711e-01	-9.28931e-12	
784	3.767500e-08	3.750744e-01	3.740905e-01	-9.09474e-12	
785	3.772500e-08	3.750744e-01	3.741096e-01	-8.90424e-12	
786	3.777500e-08	3.750744e-01	3.741282e-01	-8.71773e-12	
787	3.782500e-08	3.750744e-01	3.741465e-01	-8.53513e-12	
788	3.787500e-08	3.750744e-01	3.741644e-01	-8.35635e-12	
789	3.792500e-08	3.750744e-01	3.741819e-01	-8.18132e-12	
790	3.797500e-08	3.750744e-01	3.741990e-01	-8.00996e-12	
791	3.802500e-08	3.750744e-01	3.742158e-01	-7.84218e-12	
792	3.807500e-08	3.750744e-01	3.742322e-01	-7.67792e-12	
793	3.812500e-08	3.750744e-01	3.742483e-01	-7.51710e-12	
794	3.817500e-08	3.750744e-01	3.742640e-01	-7.35964e-12	
795	3.822500e-08	3.750744e-01	3.742795e-01	-7.20549e-12	
796	3.827500e-08	3.750744e-01	3.742945e-01	-7.05456e-12	
797	3.832500e-08	3.750744e-01	3.743093e-01	-6.90680e-12	
798	3.837500e-08	3.750744e-01	3.743238e-01	-6.76213e-12	
799	3.842500e-08	3.750744e-01	3.743380e-01	-6.62049e-12	
800	3.847500e-08	3.750744e-01	3.743518e-01	-6.48182e-12	
801	3.852500e-08	3.750744e-01	3.743654e-01	-6.34605e-12	
802	3.857500e-08	3.750744e-01	3.743787e-01	-6.21312e-12	
803	3.862500e-08	3.750744e-01	3.743917e-01	-6.08298e-12	
804	3.867500e-08	3.750744e-01	3.744044e-01	-5.95557e-12	
805	3.872500e-08	3.750744e-01	3.744169e-01	-5.83083e-12	
806	3.877500e-08	3.750744e-01	3.744291e-01	-5.70869e-12	
807	3.882500e-08	3.750744e-01	3.744411e-01	-5.58912e-12	
808	3.887500e-08	3.750744e-01	3.744528e-01	-5.47205e-12	

Index   time            v(cell)         v(bl)           vpre#branch     
--------------------------------------------------------------------------------
809	3.892500e-08	3.750744e-01	3.744643e-01	-5.35743e-12	
810	3.897500e-08	3.750744e-01	3.744755e-01	-5.24522e-12	
811	3.902500e-08	3.750744e-01	3.744865e-01	-5.13535e-12	
812	3.907500e-08	3.750744e-01	3.744972e-01	-5.02778e-12	
813	3.912500e-08	3.750744e-01	3.745078e-01	-4.92247e-12	
814	3.917500e-08	3.750744e-01	3.745181e-01	-4.81937e-12	
815	3.922500e-08	3.750744e-01	3.745282e-01	-4.71842e-12	
816	3.927500e-08	3.750744e-01	3.745380e-01	-4.61959e-12	
817	3.932500e-08	3.750744e-01	3.745477e-01	-4.52283e-12	
818	3.937500e-08	3.750744e-01	3.745572e-01	-4.42809e-12	
819	3.942500e-08	3.750744e-01	3.745665e-01	-4.33534e-12	
820	3.947500e-08	3.750744e-01	3.745755e-01	-4.24453e-12	
821	3.952500e-08	3.750744e-01	3.745844e-01	-4.15563e-12	
822	3.957500e-08	3.750744e-01	3.745931e-01	-4.06858e-12	
823	3.962500e-08	3.750744e-01	3.746017e-01	-3.98336e-12	
824	3.967500e-08	3.750744e-01	3.746100e-01	-3.89993e-12	
825	3.972500e-08	3.750744e-01	3.746182e-01	-3.81824e-12	
826	3.977500e-08	3.750744e-01	3.746262e-01	-3.73826e-12	
827	3.982500e-08	3.750744e-01	3.746340e-01	-3.65996e-12	
828	3.987500e-08	3.750744e-01	3.746417e-01	-3.58330e-12	
829	3.992500e-08	3.750744e-01	3.746492e-01	-3.50824e-12	
830	3.996250e-08	3.750744e-01	3.746547e-01	-3.45299e-12	
831	4.000000e-08	3.750744e-01	3.746601e-01	-3.39860e-12	


Total analysis time (seconds) = 0.0625493

Total elapsed time (seconds) = 0.075 

Total DRAM available = 386307.215 MB.
DRAM currently available = 1973.957 MB.
Maximum ngspice program size =  529.723 MB.
Current ngspice program size =   14.164 MB.

Shared ngspice pages =   12.332 MB.
Text (code) pages =    6.266 MB.
Stack = 0 bytes.
Library pages =   59.141 MB.

