
Note: No compatibility mode selected!


Circuit: * id-vg sweep vds=0.3750v

Warning: Model issue on line 7 :
  .model nfet bsimcmg_va type=1 bulkmod=0 bulkmod=0 igcmod=0 igbmod=0 gidl ...
unrecognized parameter (sasatcv) - ignored

Doing analysis at TEMP = 27.000000 and TNOM = 27.000000

Using SPARSE 1.3 as Direct Linear Solver

No. of Data Rows : 201

  Measurements for DC Analysis

ion                 =  -4.15837e-06 at=  7.50000e-01
ioff                =  -1.89035e-11

                           * id-vg sweep vds=0.3750v
                           DC transfer characteristic  Tue Jun 23 16:41:19  2026
--------------------------------------------------------------------------------
Index   v-sweep         vd#branch       
--------------------------------------------------------------------------------
0	0.000000e+00	-1.89035e-11	
1	3.750000e-03	-2.10058e-11	
2	7.500000e-03	-2.34767e-11	
3	1.125000e-02	-2.62383e-11	
4	1.500000e-02	-2.93246e-11	
5	1.875000e-02	-3.27740e-11	
6	2.250000e-02	-3.66290e-11	
7	2.625000e-02	-4.09375e-11	
8	3.000000e-02	-4.57526e-11	
9	3.375000e-02	-5.11339e-11	
10	3.750000e-02	-5.71481e-11	
11	4.125000e-02	-6.38695e-11	
12	4.500000e-02	-7.13811e-11	
13	4.875000e-02	-7.97759e-11	
14	5.250000e-02	-8.91577e-11	
15	5.625000e-02	-9.96423e-11	
16	6.000000e-02	-1.11359e-10	
17	6.375000e-02	-1.24454e-10	
18	6.750000e-02	-1.39087e-10	
19	7.125000e-02	-1.55439e-10	
20	7.500000e-02	-1.73713e-10	
21	7.875000e-02	-1.94134e-10	
22	8.250000e-02	-2.18204e-10	
23	8.625000e-02	-2.43849e-10	
24	9.000000e-02	-2.72505e-10	
25	9.375000e-02	-3.04525e-10	
26	9.750000e-02	-3.40303e-10	
27	1.012500e-01	-3.80277e-10	
28	1.050000e-01	-4.24939e-10	
29	1.087500e-01	-4.74837e-10	
30	1.125000e-01	-5.30582e-10	
31	1.162500e-01	-5.92856e-10	
32	1.200000e-01	-6.62421e-10	
33	1.237500e-01	-7.40124e-10	
34	1.275000e-01	-8.26913e-10	
35	1.312500e-01	-9.23843e-10	
36	1.350000e-01	-1.03209e-09	
37	1.387500e-01	-1.15296e-09	
38	1.425000e-01	-1.28792e-09	
39	1.462500e-01	-1.43858e-09	
40	1.500000e-01	-1.60676e-09	
41	1.537500e-01	-1.79447e-09	
42	1.575000e-01	-2.00393e-09	
43	1.612500e-01	-2.23764e-09	
44	1.650000e-01	-2.49833e-09	
45	1.687500e-01	-2.78908e-09	
46	1.725000e-01	-3.11325e-09	
47	1.762500e-01	-3.47460e-09	
48	1.800000e-01	-3.87726e-09	
49	1.837500e-01	-4.32582e-09	
50	1.875000e-01	-4.82533e-09	
51	1.912500e-01	-5.38133e-09	
52	1.950000e-01	-5.99995e-09	
53	1.987500e-01	-6.68789e-09	
54	2.025000e-01	-7.45250e-09	

Index   v-sweep         vd#branch       
--------------------------------------------------------------------------------
55	2.062500e-01	-8.30183e-09	
56	2.100000e-01	-9.24464e-09	
57	2.137500e-01	-1.02904e-08	
58	2.175000e-01	-1.14496e-08	
59	2.212500e-01	-1.27333e-08	
60	2.250000e-01	-1.41536e-08	
61	2.287500e-01	-1.57233e-08	
62	2.325000e-01	-1.74565e-08	
63	2.362500e-01	-1.93677e-08	
64	2.400000e-01	-2.14725e-08	
65	2.437500e-01	-2.37876e-08	
66	2.475000e-01	-2.63301e-08	
67	2.512500e-01	-2.91180e-08	
68	2.550000e-01	-3.21702e-08	
69	2.587500e-01	-3.55058e-08	
70	2.625000e-01	-3.91446e-08	
71	2.662500e-01	-4.31068e-08	
72	2.700000e-01	-4.74125e-08	
73	2.737500e-01	-5.20822e-08	
74	2.775000e-01	-5.71362e-08	
75	2.812500e-01	-6.25945e-08	
76	2.850000e-01	-6.84766e-08	
77	2.887500e-01	-7.48018e-08	
78	2.925000e-01	-8.15884e-08	
79	2.962500e-01	-8.88540e-08	
80	3.000000e-01	-9.66155e-08	
81	3.037500e-01	-1.04889e-07	
82	3.075000e-01	-1.13688e-07	
83	3.112500e-01	-1.23027e-07	
84	3.150000e-01	-1.32919e-07	
85	3.187500e-01	-1.43374e-07	
86	3.225000e-01	-1.54404e-07	
87	3.262500e-01	-1.66016e-07	
88	3.300000e-01	-1.78220e-07	
89	3.337500e-01	-1.91022e-07	
90	3.375000e-01	-2.04428e-07	
91	3.412500e-01	-2.18443e-07	
92	3.450000e-01	-2.33070e-07	
93	3.487500e-01	-2.48312e-07	
94	3.525000e-01	-2.64170e-07	
95	3.562500e-01	-2.80646e-07	
96	3.600000e-01	-2.97738e-07	
97	3.637500e-01	-3.15138e-07	
98	3.675000e-01	-3.33461e-07	
99	3.712500e-01	-3.52394e-07	
100	3.750000e-01	-3.71933e-07	
101	3.787500e-01	-3.92075e-07	
102	3.825000e-01	-4.12813e-07	
103	3.862500e-01	-4.34143e-07	
104	3.900000e-01	-4.56057e-07	
105	3.937500e-01	-4.78549e-07	
106	3.975000e-01	-5.01611e-07	
107	4.012500e-01	-5.25236e-07	
108	4.050000e-01	-5.49415e-07	
109	4.087500e-01	-5.74141e-07	
110	4.125000e-01	-5.99405e-07	
111	4.162500e-01	-6.25198e-07	
112	4.200000e-01	-6.51511e-07	

Index   v-sweep         vd#branch       
--------------------------------------------------------------------------------
113	4.237500e-01	-6.78336e-07	
114	4.275000e-01	-7.05664e-07	
115	4.312500e-01	-7.33485e-07	
116	4.350000e-01	-7.61792e-07	
117	4.387500e-01	-7.90575e-07	
118	4.425000e-01	-8.19825e-07	
119	4.462500e-01	-8.49533e-07	
120	4.500000e-01	-8.79691e-07	
121	4.537500e-01	-9.10291e-07	
122	4.575000e-01	-9.41322e-07	
123	4.612500e-01	-9.72778e-07	
124	4.650000e-01	-1.00465e-06	
125	4.687500e-01	-1.03693e-06	
126	4.725000e-01	-1.06960e-06	
127	4.762500e-01	-1.10267e-06	
128	4.800000e-01	-1.13612e-06	
129	4.837500e-01	-1.16995e-06	
130	4.875000e-01	-1.20414e-06	
131	4.912500e-01	-1.23869e-06	
132	4.950000e-01	-1.27359e-06	
133	4.987500e-01	-1.30884e-06	
134	5.025000e-01	-1.34442e-06	
135	5.062500e-01	-1.38033e-06	
136	5.100000e-01	-1.41656e-06	
137	5.137500e-01	-1.45311e-06	
138	5.175000e-01	-1.48996e-06	
139	5.212500e-01	-1.52711e-06	
140	5.250000e-01	-1.56456e-06	
141	5.287500e-01	-1.60230e-06	
142	5.325000e-01	-1.64031e-06	
143	5.362500e-01	-1.67860e-06	
144	5.400000e-01	-1.71716e-06	
145	5.437500e-01	-1.75598e-06	
146	5.475000e-01	-1.79505e-06	
147	5.512500e-01	-1.83438e-06	
148	5.550000e-01	-1.87395e-06	
149	5.587500e-01	-1.91375e-06	
150	5.625000e-01	-1.95379e-06	
151	5.662500e-01	-1.99405e-06	
152	5.700000e-01	-2.03454e-06	
153	5.737500e-01	-2.07524e-06	
154	5.775000e-01	-2.11615e-06	
155	5.812500e-01	-2.15727e-06	
156	5.850000e-01	-2.19859e-06	
157	5.887500e-01	-2.24011e-06	
158	5.925000e-01	-2.28181e-06	
159	5.962500e-01	-2.32371e-06	
160	6.000000e-01	-2.36579e-06	
161	6.037500e-01	-2.40804e-06	
162	6.075000e-01	-2.45047e-06	
163	6.112500e-01	-2.49307e-06	
164	6.150000e-01	-2.53584e-06	
165	6.187500e-01	-2.57876e-06	
166	6.225000e-01	-2.62185e-06	
167	6.262500e-01	-2.66509e-06	
168	6.300000e-01	-2.70848e-06	
169	6.337500e-01	-2.75201e-06	
170	6.375000e-01	-2.79569e-06	

Index   v-sweep         vd#branch       
--------------------------------------------------------------------------------
171	6.412500e-01	-2.83951e-06	
172	6.450000e-01	-2.88347e-06	
173	6.487500e-01	-2.92756e-06	
174	6.525000e-01	-2.97178e-06	
175	6.562500e-01	-3.01612e-06	
176	6.600000e-01	-3.06059e-06	
177	6.637500e-01	-3.10519e-06	
178	6.675000e-01	-3.14990e-06	
179	6.712500e-01	-3.19472e-06	
180	6.750000e-01	-3.23966e-06	
181	6.787500e-01	-3.28471e-06	
182	6.825000e-01	-3.32986e-06	
183	6.862500e-01	-3.37512e-06	
184	6.900000e-01	-3.42049e-06	
185	6.937500e-01	-3.46595e-06	
186	6.975000e-01	-3.51151e-06	
187	7.012500e-01	-3.55716e-06	
188	7.050000e-01	-3.60291e-06	
189	7.087500e-01	-3.64875e-06	
190	7.125000e-01	-3.69468e-06	
191	7.162500e-01	-3.74069e-06	
192	7.200000e-01	-3.78679e-06	
193	7.237500e-01	-3.83297e-06	
194	7.275000e-01	-3.87923e-06	
195	7.312500e-01	-3.92557e-06	
196	7.350000e-01	-3.97198e-06	
197	7.387500e-01	-4.01847e-06	
198	7.425000e-01	-4.06503e-06	
199	7.462500e-01	-4.11167e-06	
200	7.500000e-01	-4.15837e-06	


Total analysis time (seconds) = 0.0627848

Total elapsed time (seconds) = 0.071 

Total DRAM available = 386307.215 MB.
DRAM currently available = 21264.777 MB.
Maximum ngspice program size =  529.723 MB.
Current ngspice program size =   14.125 MB.

Shared ngspice pages =   12.367 MB.
Text (code) pages =    6.266 MB.
Stack = 0 bytes.
Library pages =   59.141 MB.

