
Note: No compatibility mode selected!


Circuit: * id-vd sweep vgs=0.7500v

Warning: Model issue on line 7 :
  .model nfet bsimcmg_va type=1 bulkmod=0 bulkmod=0 igcmod=0 igbmod=0 gidl ...
unrecognized parameter (sasatcv) - ignored

Doing analysis at TEMP = 27.000000 and TNOM = 27.000000

Using SPARSE 1.3 as Direct Linear Solver

No. of Data Rows : 101
                           * id-vd sweep vgs=0.7500v
                           DC transfer characteristic  Wed Jun 24 01:07:39  2026
--------------------------------------------------------------------------------
Index   v-sweep         vd#branch       v(d)            
--------------------------------------------------------------------------------
0	0.000000e+00	0.000000e+00	0.000000e+00	
1	7.500000e-03	-3.38195e-07	7.500000e-03	
2	1.500000e-02	-6.71474e-07	1.500000e-02	
3	2.250000e-02	-9.96525e-07	2.250000e-02	
4	3.000000e-02	-1.30938e-06	3.000000e-02	
5	3.750000e-02	-1.60594e-06	3.750000e-02	
6	4.500000e-02	-1.88246e-06	4.500000e-02	
7	5.250000e-02	-2.13587e-06	5.250000e-02	
8	6.000000e-02	-2.36363e-06	6.000000e-02	
9	6.750000e-02	-2.56401e-06	6.750000e-02	
10	7.500000e-02	-2.73675e-06	7.500000e-02	
11	8.250000e-02	-2.88348e-06	8.250000e-02	
12	9.000000e-02	-3.00733e-06	9.000000e-02	
13	9.750000e-02	-3.11207e-06	9.750000e-02	
14	1.050000e-01	-3.20133e-06	1.050000e-01	
15	1.125000e-01	-3.27824e-06	1.125000e-01	
16	1.200000e-01	-3.34534e-06	1.200000e-01	
17	1.275000e-01	-3.40457e-06	1.275000e-01	
18	1.350000e-01	-3.46041e-06	1.350000e-01	
19	1.425000e-01	-3.50758e-06	1.425000e-01	
20	1.500000e-01	-3.55053e-06	1.500000e-01	
21	1.575000e-01	-3.58995e-06	1.575000e-01	
22	1.650000e-01	-3.62637e-06	1.650000e-01	
23	1.725000e-01	-3.66020e-06	1.725000e-01	
24	1.800000e-01	-3.69178e-06	1.800000e-01	
25	1.875000e-01	-3.72139e-06	1.875000e-01	
26	1.950000e-01	-3.74926e-06	1.950000e-01	
27	2.025000e-01	-3.77558e-06	2.025000e-01	
28	2.100000e-01	-3.80053e-06	2.100000e-01	
29	2.175000e-01	-3.82422e-06	2.175000e-01	
30	2.250000e-01	-3.84679e-06	2.250000e-01	
31	2.325000e-01	-3.86833e-06	2.325000e-01	
32	2.400000e-01	-3.88894e-06	2.400000e-01	
33	2.475000e-01	-3.90868e-06	2.475000e-01	
34	2.550000e-01	-3.92764e-06	2.550000e-01	
35	2.625000e-01	-3.94588e-06	2.625000e-01	
36	2.700000e-01	-3.96343e-06	2.700000e-01	
37	2.775000e-01	-3.98036e-06	2.775000e-01	
38	2.850000e-01	-3.99671e-06	2.850000e-01	
39	2.925000e-01	-4.01251e-06	2.925000e-01	
40	3.000000e-01	-4.02781e-06	3.000000e-01	
41	3.075000e-01	-4.04262e-06	3.075000e-01	
42	3.150000e-01	-4.05699e-06	3.150000e-01	
43	3.225000e-01	-4.07094e-06	3.225000e-01	
44	3.300000e-01	-4.08449e-06	3.300000e-01	
45	3.375000e-01	-4.09766e-06	3.375000e-01	
46	3.450000e-01	-4.11048e-06	3.450000e-01	
47	3.525000e-01	-4.12296e-06	3.525000e-01	
48	3.600000e-01	-4.13512e-06	3.600000e-01	
49	3.675000e-01	-4.14698e-06	3.675000e-01	
50	3.750000e-01	-4.15855e-06	3.750000e-01	
51	3.825000e-01	-4.16984e-06	3.825000e-01	
52	3.900000e-01	-4.18087e-06	3.900000e-01	
53	3.975000e-01	-4.19165e-06	3.975000e-01	
54	4.050000e-01	-4.20219e-06	4.050000e-01	

Index   v-sweep         vd#branch       v(d)            
--------------------------------------------------------------------------------
55	4.125000e-01	-4.21251e-06	4.125000e-01	
56	4.200000e-01	-4.22260e-06	4.200000e-01	
57	4.275000e-01	-4.23249e-06	4.275000e-01	
58	4.350000e-01	-4.24217e-06	4.350000e-01	
59	4.425000e-01	-4.25166e-06	4.425000e-01	
60	4.500000e-01	-4.26097e-06	4.500000e-01	
61	4.575000e-01	-4.27009e-06	4.575000e-01	
62	4.650000e-01	-4.27905e-06	4.650000e-01	
63	4.725000e-01	-4.28784e-06	4.725000e-01	
64	4.800000e-01	-4.29647e-06	4.800000e-01	
65	4.875000e-01	-4.30494e-06	4.875000e-01	
66	4.950000e-01	-4.31327e-06	4.950000e-01	
67	5.025000e-01	-4.32146e-06	5.025000e-01	
68	5.100000e-01	-4.32950e-06	5.100000e-01	
69	5.175000e-01	-4.33742e-06	5.175000e-01	
70	5.250000e-01	-4.34520e-06	5.250000e-01	
71	5.325000e-01	-4.35286e-06	5.325000e-01	
72	5.400000e-01	-4.36040e-06	5.400000e-01	
73	5.475000e-01	-4.36782e-06	5.475000e-01	
74	5.550000e-01	-4.37513e-06	5.550000e-01	
75	5.625000e-01	-4.38232e-06	5.625000e-01	
76	5.700000e-01	-4.38941e-06	5.700000e-01	
77	5.775000e-01	-4.39640e-06	5.775000e-01	
78	5.850000e-01	-4.40329e-06	5.850000e-01	
79	5.925000e-01	-4.41007e-06	5.925000e-01	
80	6.000000e-01	-4.41677e-06	6.000000e-01	
81	6.075000e-01	-4.42337e-06	6.075000e-01	
82	6.150000e-01	-4.42988e-06	6.150000e-01	
83	6.225000e-01	-4.43630e-06	6.225000e-01	
84	6.300000e-01	-4.44264e-06	6.300000e-01	
85	6.375000e-01	-4.44890e-06	6.375000e-01	
86	6.450000e-01	-4.45507e-06	6.450000e-01	
87	6.525000e-01	-4.46117e-06	6.525000e-01	
88	6.600000e-01	-4.46719e-06	6.600000e-01	
89	6.675000e-01	-4.47313e-06	6.675000e-01	
90	6.750000e-01	-4.47901e-06	6.750000e-01	
91	6.825000e-01	-4.48481e-06	6.825000e-01	
92	6.900000e-01	-4.49054e-06	6.900000e-01	
93	6.975000e-01	-4.49621e-06	6.975000e-01	
94	7.050000e-01	-4.50181e-06	7.050000e-01	
95	7.125000e-01	-4.50734e-06	7.125000e-01	
96	7.200000e-01	-4.51281e-06	7.200000e-01	
97	7.275000e-01	-4.51822e-06	7.275000e-01	
98	7.350000e-01	-4.52357e-06	7.350000e-01	
99	7.425000e-01	-4.52886e-06	7.425000e-01	
100	7.500000e-01	-4.53410e-06	7.500000e-01	


Total analysis time (seconds) = 0.00772041

Total elapsed time (seconds) = 0.013 

Total DRAM available = 386307.215 MB.
DRAM currently available = 8281.473 MB.
Maximum ngspice program size =  529.723 MB.
Current ngspice program size =   14.047 MB.

Shared ngspice pages =   12.277 MB.
Text (code) pages =    6.266 MB.
Stack = 0 bytes.
Library pages =   59.141 MB.

