
Note: No compatibility mode selected!


Circuit: * mini-array n=8 layout

Warning: Model issue on line 7 :
  .model nfet bsimcmg_va type=1 bulkmod=0 bulkmod=0 igcmod=0 igbmod=0 gidl ...
unrecognized parameter (sasatcv) - ignored

Doing analysis at TEMP = 27.000000 and TNOM = 27.000000

Using SPARSE 1.3 as Direct Linear Solver

Initial Transient Solution
--------------------------

Node                                   Voltage
----                                   -------
pre                                      0.375
bl0                                      0.375
s                                            0
bltap0                                   0.375
wl0                                          0
bl1                                      0.375
bltap1                                   0.375
wl1                                          0
bl2                                      0.375
bltap2                                   0.375
wl2                                          0
bl3                                      0.375
bltap3                                   0.375
wl3                                          0
bl4                                      0.375
bltap4                                   0.375
wl4                                          0
bl5                                      0.375
bltap5                                   0.375
wl5                                          0
bl6                                      0.375
bltap6                                   0.375
wl6                                          0
bl7                                      0.375
bltap7                                   0.375
wl7                                          0
plate0                                       0
cell0                                        0
plate1                                   0.375
cell1                                 0.374999
plate2                                   0.375
cell2                                 0.374999
plate3                                   0.375
cell3                                 0.374999
plate4                                   0.375
cell4                                 0.374999
plate5                                   0.375
cell5                                 0.374999
plate6                                   0.375
cell6                                    0.375
plate7                                   0.375
cell7                                    0.375
vplate7#branch                               0
vwl7#branch                                  0
vplate6#branch                               0
vwl6#branch                                  0
vplate5#branch                               0
vwl5#branch                                  0
vplate4#branch                               0
vwl4#branch                                  0
vplate3#branch                               0
vwl3#branch                                  0
vplate2#branch                               0
vwl2#branch                                  0
vplate1#branch                               0
vwl1#branch                                  0
vplate0#branch                               0
vwl0#branch                                  0
vs#branch                                    0
vpre#branch                                  0


No. of Data Rows : 514

  Measurements for Transient Analysis

t_bl_settle         =  2.46020e-09
i_bl_leak           =  -2.52539e-10 from=  1.50000e-08 to=  2.50000e-08

                            * mini-array n=8 layout
                            Transient Analysis  Wed Jun 24 01:07:42  2026
--------------------------------------------------------------------------------
Index   time            v(bl0)          v(bl7)          vpre#branch     
--------------------------------------------------------------------------------
0	0.000000e+00	3.750000e-01	3.750000e-01	0.000000e+00	
1	5.000000e-13	3.750000e-01	3.750000e-01	-1.06020e-18	
2	1.000000e-12	3.750000e-01	3.750000e-01	-1.85148e-18	
3	2.000000e-12	3.750000e-01	3.750000e-01	-3.16910e-18	
4	4.000000e-12	3.750000e-01	3.750000e-01	-5.12510e-18	
5	8.000000e-12	3.750000e-01	3.750000e-01	-8.63731e-18	
6	1.600000e-11	3.750000e-01	3.750000e-01	-1.56228e-17	
7	3.200000e-11	3.750000e-01	3.750000e-01	-2.96211e-17	
8	6.400000e-11	3.750000e-01	3.750000e-01	-5.75936e-17	
9	1.140000e-10	3.750000e-01	3.750000e-01	-1.01320e-16	
10	1.640000e-10	3.750000e-01	3.750000e-01	-1.45031e-16	
11	2.140000e-10	3.750000e-01	3.750000e-01	-1.88756e-16	
12	2.640000e-10	3.750000e-01	3.750000e-01	-2.32467e-16	
13	3.140000e-10	3.750000e-01	3.750000e-01	-2.76191e-16	
14	3.640000e-10	3.750000e-01	3.750000e-01	-3.19902e-16	
15	4.140000e-10	3.750000e-01	3.750000e-01	-3.63626e-16	
16	4.640000e-10	3.750000e-01	3.750000e-01	-4.07337e-16	
17	5.140000e-10	3.750000e-01	3.750000e-01	-4.51060e-16	
18	5.640000e-10	3.750000e-01	3.750000e-01	-4.94771e-16	
19	6.140000e-10	3.749999e-01	3.749999e-01	-5.38494e-16	
20	6.640000e-10	3.749999e-01	3.749999e-01	-5.82205e-16	
21	7.140000e-10	3.749999e-01	3.749999e-01	-6.25927e-16	
22	7.640000e-10	3.749999e-01	3.749999e-01	-6.69638e-16	
23	8.140000e-10	3.749999e-01	3.749999e-01	-7.13359e-16	
24	8.640000e-10	3.749999e-01	3.749999e-01	-7.57070e-16	
25	9.140000e-10	3.749999e-01	3.749999e-01	-8.00791e-16	
26	9.570000e-10	3.749999e-01	3.749999e-01	-8.38382e-16	
27	1.000000e-09	3.749999e-01	3.749999e-01	-8.75983e-16	
28	1.005000e-09	3.750461e-01	3.750261e-01	4.612727e-13	
29	1.015000e-09	3.751197e-01	3.750929e-01	1.196866e-12	
30	1.035000e-09	3.752577e-01	3.752357e-01	2.576511e-12	
31	1.075000e-09	3.755405e-01	3.755145e-01	5.405424e-12	
32	1.125000e-09	3.758896e-01	3.758673e-01	8.895979e-12	
33	1.175000e-09	3.762422e-01	3.762165e-01	1.242241e-11	
34	1.225000e-09	3.765912e-01	3.765687e-01	1.591201e-11	
35	1.275000e-09	3.769425e-01	3.769171e-01	1.942476e-11	
36	1.325000e-09	3.772885e-01	3.772660e-01	2.288483e-11	
37	1.375000e-09	3.776311e-01	3.776067e-01	2.631084e-11	
38	1.425000e-09	3.779578e-01	3.779369e-01	2.957768e-11	
39	1.475000e-09	3.782623e-01	3.782414e-01	3.262339e-11	
40	1.525000e-09	3.785275e-01	3.785115e-01	3.527506e-11	
41	1.575000e-09	3.787450e-01	3.787310e-01	3.745026e-11	
42	1.625000e-09	3.789007e-01	3.788927e-01	3.900728e-11	
43	1.675000e-09	3.789902e-01	3.789856e-01	3.990236e-11	
44	1.725000e-09	3.790047e-01	3.790066e-01	4.004657e-11	
45	1.775000e-09	3.789434e-01	3.789494e-01	3.943386e-11	
46	1.825000e-09	3.788016e-01	3.788142e-01	3.801565e-11	
47	1.875000e-09	3.785811e-01	3.785982e-01	3.581073e-11	
48	1.925000e-09	3.782797e-01	3.783033e-01	3.279741e-11	
49	1.962500e-09	3.780031e-01	3.780297e-01	3.003056e-11	
50	2.000000e-09	3.776819e-01	3.777133e-01	2.681851e-11	
51	2.005000e-09	3.775902e-01	3.776415e-01	2.590153e-11	
52	2.015000e-09	3.774261e-01	3.774839e-01	2.426077e-11	
53	2.035000e-09	3.771104e-01	3.771625e-01	2.110393e-11	
54	2.075000e-09	3.764847e-01	3.765395e-01	1.484653e-11	

Index   time            v(bl0)          v(bl7)          vpre#branch     
--------------------------------------------------------------------------------
55	2.125000e-09	3.757301e-01	3.757794e-01	7.300701e-12	
56	2.175000e-09	3.749965e-01	3.750476e-01	-3.54152e-14	
57	2.225000e-09	3.742899e-01	3.743363e-01	-7.10060e-12	
58	2.275000e-09	3.736030e-01	3.736508e-01	-1.39701e-11	
59	2.325000e-09	3.729408e-01	3.729844e-01	-2.05923e-11	
60	2.375000e-09	3.722968e-01	3.723415e-01	-2.70319e-11	
61	2.425000e-09	3.716755e-01	3.717165e-01	-3.32452e-11	
62	2.475000e-09	3.710712e-01	3.711130e-01	-3.92884e-11	
63	2.525000e-09	3.704876e-01	3.705262e-01	-4.51243e-11	
64	2.575000e-09	3.699199e-01	3.699591e-01	-5.08013e-11	
65	2.625000e-09	3.693712e-01	3.694076e-01	-5.62883e-11	
66	2.675000e-09	3.688373e-01	3.688741e-01	-6.16271e-11	
67	2.725000e-09	3.683209e-01	3.683552e-01	-6.67913e-11	
68	2.775000e-09	3.678183e-01	3.678529e-01	-7.18172e-11	
69	2.825000e-09	3.673318e-01	3.673642e-01	-7.66824e-11	
70	2.875000e-09	3.668581e-01	3.668907e-01	-8.14185e-11	
71	2.925000e-09	3.663993e-01	3.664300e-01	-8.60066e-11	
72	2.975000e-09	3.659526e-01	3.659833e-01	-9.04740e-11	
73	3.025000e-09	3.655195e-01	3.655485e-01	-9.48049e-11	
74	3.075000e-09	3.650977e-01	3.651266e-01	-9.90231e-11	
75	3.125000e-09	3.646885e-01	3.647159e-01	-1.03115e-10	
76	3.175000e-09	3.642898e-01	3.643172e-01	-1.07102e-10	
77	3.225000e-09	3.639029e-01	3.639289e-01	-1.10971e-10	
78	3.275000e-09	3.635258e-01	3.635516e-01	-1.14742e-10	
79	3.325000e-09	3.631595e-01	3.631841e-01	-1.18405e-10	
80	3.375000e-09	3.628024e-01	3.628268e-01	-1.21976e-10	
81	3.425000e-09	3.624554e-01	3.624788e-01	-1.25446e-10	
82	3.475000e-09	3.621170e-01	3.621402e-01	-1.28830e-10	
83	3.525000e-09	3.617880e-01	3.618102e-01	-1.32120e-10	
84	3.575000e-09	3.614671e-01	3.614890e-01	-1.35329e-10	
85	3.625000e-09	3.611549e-01	3.611760e-01	-1.38451e-10	
86	3.675000e-09	3.608503e-01	3.608711e-01	-1.41497e-10	
87	3.725000e-09	3.605538e-01	3.605739e-01	-1.44462e-10	
88	3.775000e-09	3.602645e-01	3.602842e-01	-1.47355e-10	
89	3.825000e-09	3.599827e-01	3.600018e-01	-1.50173e-10	
90	3.875000e-09	3.597077e-01	3.597264e-01	-1.52923e-10	
91	3.925000e-09	3.594397e-01	3.594579e-01	-1.55603e-10	
92	3.975000e-09	3.591781e-01	3.591959e-01	-1.58219e-10	
93	4.025000e-09	3.589231e-01	3.589404e-01	-1.60769e-10	
94	4.075000e-09	3.586741e-01	3.586911e-01	-1.63259e-10	
95	4.125000e-09	3.584313e-01	3.584478e-01	-1.65687e-10	
96	4.175000e-09	3.581941e-01	3.582103e-01	-1.68059e-10	
97	4.225000e-09	3.579629e-01	3.579785e-01	-1.70371e-10	
98	4.275000e-09	3.577369e-01	3.577523e-01	-1.72631e-10	
99	4.325000e-09	3.575164e-01	3.575313e-01	-1.74836e-10	
100	4.375000e-09	3.573010e-01	3.573156e-01	-1.76990e-10	
101	4.425000e-09	3.570907e-01	3.571050e-01	-1.79093e-10	
102	4.475000e-09	3.568853e-01	3.568993e-01	-1.81147e-10	
103	4.525000e-09	3.566848e-01	3.566984e-01	-1.83152e-10	
104	4.575000e-09	3.564887e-01	3.565021e-01	-1.85113e-10	
105	4.625000e-09	3.562974e-01	3.563104e-01	-1.87026e-10	
106	4.675000e-09	3.561104e-01	3.561231e-01	-1.88896e-10	
107	4.725000e-09	3.559278e-01	3.559402e-01	-1.90722e-10	
108	4.775000e-09	3.557493e-01	3.557615e-01	-1.92507e-10	
109	4.825000e-09	3.555751e-01	3.555869e-01	-1.94249e-10	
110	4.875000e-09	3.554047e-01	3.554163e-01	-1.95953e-10	
111	4.925000e-09	3.552384e-01	3.552497e-01	-1.97616e-10	
112	4.975000e-09	3.550759e-01	3.550869e-01	-1.99241e-10	

Index   time            v(bl0)          v(bl7)          vpre#branch     
--------------------------------------------------------------------------------
113	5.025000e-09	3.549172e-01	3.549280e-01	-2.00828e-10	
114	5.075000e-09	3.547621e-01	3.547727e-01	-2.02379e-10	
115	5.125000e-09	3.546108e-01	3.546210e-01	-2.03892e-10	
116	5.175000e-09	3.544628e-01	3.544729e-01	-2.05372e-10	
117	5.225000e-09	3.543185e-01	3.543283e-01	-2.06815e-10	
118	5.275000e-09	3.541775e-01	3.541871e-01	-2.08225e-10	
119	5.325000e-09	3.540400e-01	3.540494e-01	-2.09600e-10	
120	5.375000e-09	3.539057e-01	3.539149e-01	-2.10943e-10	
121	5.425000e-09	3.537748e-01	3.537837e-01	-2.12252e-10	
122	5.475000e-09	3.536470e-01	3.536557e-01	-2.13530e-10	
123	5.525000e-09	3.535224e-01	3.535309e-01	-2.14776e-10	
124	5.575000e-09	3.534009e-01	3.534092e-01	-2.15991e-10	
125	5.625000e-09	3.532826e-01	3.532906e-01	-2.17174e-10	
126	5.675000e-09	3.531672e-01	3.531750e-01	-2.18328e-10	
127	5.725000e-09	3.530549e-01	3.530625e-01	-2.19451e-10	
128	5.775000e-09	3.529455e-01	3.529529e-01	-2.20545e-10	
129	5.825000e-09	3.528391e-01	3.528463e-01	-2.21609e-10	
130	5.875000e-09	3.527355e-01	3.527425e-01	-2.22645e-10	
131	5.925000e-09	3.526348e-01	3.526416e-01	-2.23652e-10	
132	5.975000e-09	3.525369e-01	3.525436e-01	-2.24631e-10	
133	6.025000e-09	3.524418e-01	3.524483e-01	-2.25582e-10	
134	6.075000e-09	3.523494e-01	3.523557e-01	-2.26506e-10	
135	6.125000e-09	3.522598e-01	3.522659e-01	-2.27402e-10	
136	6.175000e-09	3.521727e-01	3.521786e-01	-2.28273e-10	
137	6.225000e-09	3.520884e-01	3.520941e-01	-2.29116e-10	
138	6.275000e-09	3.520065e-01	3.520121e-01	-2.29935e-10	
139	6.325000e-09	3.519272e-01	3.519326e-01	-2.30728e-10	
140	6.375000e-09	3.518504e-01	3.518556e-01	-2.31496e-10	
141	6.425000e-09	3.517760e-01	3.517810e-01	-2.32240e-10	
142	6.475000e-09	3.517039e-01	3.517088e-01	-2.32961e-10	
143	6.525000e-09	3.516342e-01	3.516389e-01	-2.33658e-10	
144	6.575000e-09	3.515667e-01	3.515713e-01	-2.34333e-10	
145	6.625000e-09	3.515016e-01	3.515060e-01	-2.34984e-10	
146	6.675000e-09	3.514385e-01	3.514428e-01	-2.35615e-10	
147	6.725000e-09	3.513776e-01	3.513817e-01	-2.36224e-10	
148	6.775000e-09	3.513187e-01	3.513227e-01	-2.36813e-10	
149	6.825000e-09	3.512618e-01	3.512657e-01	-2.37382e-10	
150	6.875000e-09	3.512069e-01	3.512106e-01	-2.37931e-10	
151	6.925000e-09	3.511539e-01	3.511575e-01	-2.38461e-10	
152	6.975000e-09	3.511027e-01	3.511062e-01	-2.38973e-10	
153	7.025000e-09	3.510534e-01	3.510567e-01	-2.39466e-10	
154	7.075000e-09	3.510057e-01	3.510089e-01	-2.39943e-10	
155	7.125000e-09	3.509598e-01	3.509629e-01	-2.40402e-10	
156	7.175000e-09	3.509154e-01	3.509184e-01	-2.40846e-10	
157	7.225000e-09	3.508727e-01	3.508756e-01	-2.41273e-10	
158	7.275000e-09	3.508315e-01	3.508343e-01	-2.41685e-10	
159	7.325000e-09	3.507918e-01	3.507945e-01	-2.42082e-10	
160	7.375000e-09	3.507535e-01	3.507561e-01	-2.42465e-10	
161	7.425000e-09	3.507166e-01	3.507191e-01	-2.42834e-10	
162	7.475000e-09	3.506810e-01	3.506834e-01	-2.43190e-10	
163	7.525000e-09	3.506467e-01	3.506490e-01	-2.43533e-10	
164	7.575000e-09	3.506136e-01	3.506159e-01	-2.43864e-10	
165	7.625000e-09	3.505818e-01	3.505840e-01	-2.44182e-10	
166	7.675000e-09	3.505511e-01	3.505532e-01	-2.44489e-10	
167	7.725000e-09	3.505216e-01	3.505236e-01	-2.44784e-10	
168	7.775000e-09	3.504931e-01	3.504950e-01	-2.45069e-10	
169	7.825000e-09	3.504657e-01	3.504675e-01	-2.45343e-10	
170	7.875000e-09	3.504392e-01	3.504410e-01	-2.45608e-10	

Index   time            v(bl0)          v(bl7)          vpre#branch     
--------------------------------------------------------------------------------
171	7.925000e-09	3.504138e-01	3.504155e-01	-2.45862e-10	
172	7.975000e-09	3.503892e-01	3.503909e-01	-2.46108e-10	
173	8.025000e-09	3.503656e-01	3.503672e-01	-2.46344e-10	
174	8.075000e-09	3.503429e-01	3.503444e-01	-2.46571e-10	
175	8.125000e-09	3.503209e-01	3.503224e-01	-2.46791e-10	
176	8.175000e-09	3.502998e-01	3.503012e-01	-2.47002e-10	
177	8.225000e-09	3.502794e-01	3.502808e-01	-2.47206e-10	
178	8.275000e-09	3.502598e-01	3.502611e-01	-2.47402e-10	
179	8.325000e-09	3.502409e-01	3.502422e-01	-2.47591e-10	
180	8.375000e-09	3.502227e-01	3.502240e-01	-2.47773e-10	
181	8.425000e-09	3.502052e-01	3.502064e-01	-2.47948e-10	
182	8.475000e-09	3.501883e-01	3.501894e-01	-2.48117e-10	
183	8.525000e-09	3.501720e-01	3.501731e-01	-2.48280e-10	
184	8.575000e-09	3.501563e-01	3.501574e-01	-2.48437e-10	
185	8.625000e-09	3.501412e-01	3.501422e-01	-2.48588e-10	
186	8.675000e-09	3.501266e-01	3.501276e-01	-2.48734e-10	
187	8.725000e-09	3.501126e-01	3.501136e-01	-2.48874e-10	
188	8.775000e-09	3.500991e-01	3.501000e-01	-2.49009e-10	
189	8.825000e-09	3.500861e-01	3.500869e-01	-2.49139e-10	
190	8.875000e-09	3.500735e-01	3.500744e-01	-2.49265e-10	
191	8.925000e-09	3.500614e-01	3.500622e-01	-2.49386e-10	
192	8.975000e-09	3.500497e-01	3.500505e-01	-2.49503e-10	
193	9.025000e-09	3.500385e-01	3.500393e-01	-2.49615e-10	
194	9.075000e-09	3.500277e-01	3.500284e-01	-2.49723e-10	
195	9.125000e-09	3.500173e-01	3.500180e-01	-2.49827e-10	
196	9.175000e-09	3.500072e-01	3.500079e-01	-2.49928e-10	
197	9.225000e-09	3.499975e-01	3.499982e-01	-2.50025e-10	
198	9.275000e-09	3.499881e-01	3.499888e-01	-2.50119e-10	
199	9.325000e-09	3.499792e-01	3.499798e-01	-2.50208e-10	
200	9.375000e-09	3.499705e-01	3.499711e-01	-2.50295e-10	
201	9.425000e-09	3.499621e-01	3.499627e-01	-2.50379e-10	
202	9.475000e-09	3.499540e-01	3.499546e-01	-2.50460e-10	
203	9.525000e-09	3.499463e-01	3.499468e-01	-2.50537e-10	
204	9.575000e-09	3.499388e-01	3.499393e-01	-2.50612e-10	
205	9.625000e-09	3.499316e-01	3.499321e-01	-2.50684e-10	
206	9.675000e-09	3.499246e-01	3.499251e-01	-2.50754e-10	
207	9.725000e-09	3.499179e-01	3.499184e-01	-2.50821e-10	
208	9.775000e-09	3.499114e-01	3.499119e-01	-2.50886e-10	
209	9.825000e-09	3.499052e-01	3.499056e-01	-2.50948e-10	
210	9.875000e-09	3.498992e-01	3.498996e-01	-2.51008e-10	
211	9.925000e-09	3.498934e-01	3.498938e-01	-2.51066e-10	
212	9.975000e-09	3.498878e-01	3.498882e-01	-2.51122e-10	
213	1.002500e-08	3.498824e-01	3.498828e-01	-2.51176e-10	
214	1.007500e-08	3.498773e-01	3.498776e-01	-2.51227e-10	
215	1.012500e-08	3.498723e-01	3.498726e-01	-2.51277e-10	
216	1.017500e-08	3.498674e-01	3.498678e-01	-2.51326e-10	
217	1.022500e-08	3.498628e-01	3.498631e-01	-2.51372e-10	
218	1.027500e-08	3.498583e-01	3.498586e-01	-2.51417e-10	
219	1.032500e-08	3.498540e-01	3.498543e-01	-2.51460e-10	
220	1.037500e-08	3.498498e-01	3.498501e-01	-2.51502e-10	
221	1.042500e-08	3.498458e-01	3.498461e-01	-2.51542e-10	
222	1.047500e-08	3.498420e-01	3.498422e-01	-2.51580e-10	
223	1.052500e-08	3.498382e-01	3.498385e-01	-2.51618e-10	
224	1.057500e-08	3.498346e-01	3.498349e-01	-2.51654e-10	
225	1.062500e-08	3.498312e-01	3.498314e-01	-2.51688e-10	
226	1.067500e-08	3.498278e-01	3.498281e-01	-2.51722e-10	
227	1.072500e-08	3.498246e-01	3.498249e-01	-2.51754e-10	
228	1.077500e-08	3.498215e-01	3.498217e-01	-2.51785e-10	

Index   time            v(bl0)          v(bl7)          vpre#branch     
--------------------------------------------------------------------------------
229	1.082500e-08	3.498186e-01	3.498188e-01	-2.51814e-10	
230	1.087500e-08	3.498157e-01	3.498159e-01	-2.51843e-10	
231	1.092500e-08	3.498129e-01	3.498131e-01	-2.51871e-10	
232	1.097500e-08	3.498102e-01	3.498104e-01	-2.51898e-10	
233	1.102500e-08	3.498076e-01	3.498078e-01	-2.51924e-10	
234	1.107500e-08	3.498052e-01	3.498053e-01	-2.51948e-10	
235	1.112500e-08	3.498028e-01	3.498029e-01	-2.51972e-10	
236	1.117500e-08	3.498004e-01	3.498006e-01	-2.51996e-10	
237	1.122500e-08	3.497982e-01	3.497984e-01	-2.52018e-10	
238	1.127500e-08	3.497961e-01	3.497962e-01	-2.52039e-10	
239	1.132500e-08	3.497940e-01	3.497942e-01	-2.52060e-10	
240	1.137500e-08	3.497920e-01	3.497922e-01	-2.52080e-10	
241	1.142500e-08	3.497901e-01	3.497902e-01	-2.52099e-10	
242	1.147500e-08	3.497883e-01	3.497884e-01	-2.52117e-10	
243	1.152500e-08	3.497865e-01	3.497866e-01	-2.52135e-10	
244	1.157500e-08	3.497848e-01	3.497849e-01	-2.52152e-10	
245	1.162500e-08	3.497831e-01	3.497832e-01	-2.52169e-10	
246	1.167500e-08	3.497815e-01	3.497816e-01	-2.52185e-10	
247	1.172500e-08	3.497800e-01	3.497801e-01	-2.52200e-10	
248	1.177500e-08	3.497785e-01	3.497786e-01	-2.52215e-10	
249	1.182500e-08	3.497771e-01	3.497772e-01	-2.52229e-10	
250	1.187500e-08	3.497757e-01	3.497758e-01	-2.52243e-10	
251	1.192500e-08	3.497744e-01	3.497745e-01	-2.52256e-10	
252	1.197500e-08	3.497731e-01	3.497732e-01	-2.52269e-10	
253	1.202500e-08	3.497719e-01	3.497720e-01	-2.52281e-10	
254	1.207500e-08	3.497707e-01	3.497708e-01	-2.52293e-10	
255	1.212500e-08	3.497696e-01	3.497697e-01	-2.52304e-10	
256	1.217500e-08	3.497685e-01	3.497686e-01	-2.52315e-10	
257	1.222500e-08	3.497674e-01	3.497675e-01	-2.52326e-10	
258	1.227500e-08	3.497664e-01	3.497665e-01	-2.52336e-10	
259	1.232500e-08	3.497654e-01	3.497655e-01	-2.52346e-10	
260	1.237500e-08	3.497645e-01	3.497646e-01	-2.52355e-10	
261	1.242500e-08	3.497636e-01	3.497637e-01	-2.52364e-10	
262	1.247500e-08	3.497627e-01	3.497628e-01	-2.52373e-10	
263	1.252500e-08	3.497619e-01	3.497619e-01	-2.52381e-10	
264	1.257500e-08	3.497611e-01	3.497611e-01	-2.52389e-10	
265	1.262500e-08	3.497603e-01	3.497603e-01	-2.52397e-10	
266	1.267500e-08	3.497595e-01	3.497596e-01	-2.52405e-10	
267	1.272500e-08	3.497588e-01	3.497589e-01	-2.52412e-10	
268	1.277500e-08	3.497581e-01	3.497582e-01	-2.52419e-10	
269	1.282500e-08	3.497575e-01	3.497575e-01	-2.52425e-10	
270	1.287500e-08	3.497568e-01	3.497569e-01	-2.52432e-10	
271	1.292500e-08	3.497562e-01	3.497563e-01	-2.52438e-10	
272	1.297500e-08	3.497556e-01	3.497557e-01	-2.52444e-10	
273	1.302500e-08	3.497551e-01	3.497551e-01	-2.52449e-10	
274	1.307500e-08	3.497545e-01	3.497545e-01	-2.52455e-10	
275	1.312500e-08	3.497540e-01	3.497540e-01	-2.52460e-10	
276	1.317500e-08	3.497535e-01	3.497535e-01	-2.52465e-10	
277	1.322500e-08	3.497530e-01	3.497530e-01	-2.52470e-10	
278	1.327500e-08	3.497525e-01	3.497526e-01	-2.52475e-10	
279	1.332500e-08	3.497521e-01	3.497521e-01	-2.52479e-10	
280	1.337500e-08	3.497516e-01	3.497517e-01	-2.52484e-10	
281	1.342500e-08	3.497512e-01	3.497513e-01	-2.52488e-10	
282	1.347500e-08	3.497508e-01	3.497509e-01	-2.52492e-10	
283	1.352500e-08	3.497505e-01	3.497505e-01	-2.52495e-10	
284	1.357500e-08	3.497501e-01	3.497501e-01	-2.52499e-10	
285	1.362500e-08	3.497497e-01	3.497498e-01	-2.52503e-10	
286	1.367500e-08	3.497494e-01	3.497494e-01	-2.52506e-10	

Index   time            v(bl0)          v(bl7)          vpre#branch     
--------------------------------------------------------------------------------
287	1.372500e-08	3.497491e-01	3.497491e-01	-2.52509e-10	
288	1.377500e-08	3.497488e-01	3.497488e-01	-2.52512e-10	
289	1.382500e-08	3.497485e-01	3.497485e-01	-2.52515e-10	
290	1.387500e-08	3.497482e-01	3.497482e-01	-2.52518e-10	
291	1.392500e-08	3.497479e-01	3.497479e-01	-2.52521e-10	
292	1.397500e-08	3.497477e-01	3.497477e-01	-2.52523e-10	
293	1.402500e-08	3.497474e-01	3.497474e-01	-2.52526e-10	
294	1.407500e-08	3.497472e-01	3.497472e-01	-2.52528e-10	
295	1.412500e-08	3.497469e-01	3.497470e-01	-2.52531e-10	
296	1.417500e-08	3.497467e-01	3.497467e-01	-2.52533e-10	
297	1.422500e-08	3.497465e-01	3.497465e-01	-2.52535e-10	
298	1.427500e-08	3.497463e-01	3.497463e-01	-2.52537e-10	
299	1.432500e-08	3.497461e-01	3.497461e-01	-2.52539e-10	
300	1.437500e-08	3.497459e-01	3.497459e-01	-2.52541e-10	
301	1.442500e-08	3.497458e-01	3.497458e-01	-2.52542e-10	
302	1.447500e-08	3.497456e-01	3.497456e-01	-2.52544e-10	
303	1.452500e-08	3.497454e-01	3.497454e-01	-2.52546e-10	
304	1.457500e-08	3.497453e-01	3.497453e-01	-2.52547e-10	
305	1.462500e-08	3.497451e-01	3.497452e-01	-2.52549e-10	
306	1.467500e-08	3.497450e-01	3.497450e-01	-2.52550e-10	
307	1.472500e-08	3.497449e-01	3.497449e-01	-2.52551e-10	
308	1.477500e-08	3.497447e-01	3.497448e-01	-2.52553e-10	
309	1.482500e-08	3.497446e-01	3.497446e-01	-2.52554e-10	
310	1.487500e-08	3.497445e-01	3.497445e-01	-2.52555e-10	
311	1.492500e-08	3.497444e-01	3.497444e-01	-2.52556e-10	
312	1.497500e-08	3.497443e-01	3.497443e-01	-2.52557e-10	
313	1.502500e-08	3.497442e-01	3.497442e-01	-2.52558e-10	
314	1.507500e-08	3.497441e-01	3.497441e-01	-2.52559e-10	
315	1.512500e-08	3.497441e-01	3.497441e-01	-2.52559e-10	
316	1.517500e-08	3.497440e-01	3.497440e-01	-2.52560e-10	
317	1.522500e-08	3.497439e-01	3.497439e-01	-2.52561e-10	
318	1.527500e-08	3.497438e-01	3.497438e-01	-2.52562e-10	
319	1.532500e-08	3.497438e-01	3.497438e-01	-2.52562e-10	
320	1.537500e-08	3.497437e-01	3.497437e-01	-2.52563e-10	
321	1.542500e-08	3.497436e-01	3.497436e-01	-2.52564e-10	
322	1.547500e-08	3.497436e-01	3.497436e-01	-2.52564e-10	
323	1.552500e-08	3.497435e-01	3.497435e-01	-2.52565e-10	
324	1.557500e-08	3.497435e-01	3.497435e-01	-2.52565e-10	
325	1.562500e-08	3.497434e-01	3.497435e-01	-2.52566e-10	
326	1.567500e-08	3.497434e-01	3.497434e-01	-2.52566e-10	
327	1.572500e-08	3.497434e-01	3.497434e-01	-2.52566e-10	
328	1.577500e-08	3.497433e-01	3.497433e-01	-2.52567e-10	
329	1.582500e-08	3.497433e-01	3.497433e-01	-2.52567e-10	
330	1.587500e-08	3.497433e-01	3.497433e-01	-2.52567e-10	
331	1.592500e-08	3.497433e-01	3.497433e-01	-2.52567e-10	
332	1.597500e-08	3.497432e-01	3.497432e-01	-2.52568e-10	
333	1.602500e-08	3.497432e-01	3.497432e-01	-2.52568e-10	
334	1.607500e-08	3.497432e-01	3.497432e-01	-2.52568e-10	
335	1.612500e-08	3.497432e-01	3.497432e-01	-2.52568e-10	
336	1.617500e-08	3.497432e-01	3.497432e-01	-2.52568e-10	
337	1.622500e-08	3.497432e-01	3.497432e-01	-2.52568e-10	
338	1.627500e-08	3.497432e-01	3.497432e-01	-2.52568e-10	
339	1.632500e-08	3.497432e-01	3.497432e-01	-2.52568e-10	
340	1.637500e-08	3.497432e-01	3.497432e-01	-2.52568e-10	
341	1.642500e-08	3.497432e-01	3.497432e-01	-2.52568e-10	
342	1.647500e-08	3.497432e-01	3.497432e-01	-2.52568e-10	
343	1.652500e-08	3.497432e-01	3.497432e-01	-2.52568e-10	
344	1.657500e-08	3.497432e-01	3.497432e-01	-2.52568e-10	

Index   time            v(bl0)          v(bl7)          vpre#branch     
--------------------------------------------------------------------------------
345	1.662500e-08	3.497432e-01	3.497432e-01	-2.52568e-10	
346	1.667500e-08	3.497432e-01	3.497432e-01	-2.52568e-10	
347	1.672500e-08	3.497432e-01	3.497432e-01	-2.52568e-10	
348	1.677500e-08	3.497432e-01	3.497432e-01	-2.52568e-10	
349	1.682500e-08	3.497432e-01	3.497432e-01	-2.52568e-10	
350	1.687500e-08	3.497432e-01	3.497432e-01	-2.52568e-10	
351	1.692500e-08	3.497432e-01	3.497432e-01	-2.52568e-10	
352	1.697500e-08	3.497433e-01	3.497433e-01	-2.52567e-10	
353	1.702500e-08	3.497433e-01	3.497433e-01	-2.52567e-10	
354	1.707500e-08	3.497433e-01	3.497433e-01	-2.52567e-10	
355	1.712500e-08	3.497433e-01	3.497433e-01	-2.52567e-10	
356	1.717500e-08	3.497433e-01	3.497433e-01	-2.52567e-10	
357	1.722500e-08	3.497434e-01	3.497434e-01	-2.52566e-10	
358	1.727500e-08	3.497434e-01	3.497434e-01	-2.52566e-10	
359	1.732500e-08	3.497434e-01	3.497434e-01	-2.52566e-10	
360	1.737500e-08	3.497434e-01	3.497434e-01	-2.52566e-10	
361	1.742500e-08	3.497435e-01	3.497435e-01	-2.52565e-10	
362	1.747500e-08	3.497435e-01	3.497435e-01	-2.52565e-10	
363	1.752500e-08	3.497435e-01	3.497435e-01	-2.52565e-10	
364	1.757500e-08	3.497436e-01	3.497436e-01	-2.52564e-10	
365	1.762500e-08	3.497436e-01	3.497436e-01	-2.52564e-10	
366	1.767500e-08	3.497436e-01	3.497436e-01	-2.52564e-10	
367	1.772500e-08	3.497436e-01	3.497436e-01	-2.52564e-10	
368	1.777500e-08	3.497437e-01	3.497437e-01	-2.52563e-10	
369	1.782500e-08	3.497437e-01	3.497437e-01	-2.52563e-10	
370	1.787500e-08	3.497437e-01	3.497437e-01	-2.52563e-10	
371	1.792500e-08	3.497438e-01	3.497438e-01	-2.52562e-10	
372	1.797500e-08	3.497438e-01	3.497438e-01	-2.52562e-10	
373	1.802500e-08	3.497439e-01	3.497439e-01	-2.52561e-10	
374	1.807500e-08	3.497439e-01	3.497439e-01	-2.52561e-10	
375	1.812500e-08	3.497439e-01	3.497439e-01	-2.52561e-10	
376	1.817500e-08	3.497440e-01	3.497440e-01	-2.52560e-10	
377	1.822500e-08	3.497440e-01	3.497440e-01	-2.52560e-10	
378	1.827500e-08	3.497440e-01	3.497440e-01	-2.52560e-10	
379	1.832500e-08	3.497441e-01	3.497441e-01	-2.52559e-10	
380	1.837500e-08	3.497441e-01	3.497441e-01	-2.52559e-10	
381	1.842500e-08	3.497442e-01	3.497442e-01	-2.52558e-10	
382	1.847500e-08	3.497442e-01	3.497442e-01	-2.52558e-10	
383	1.852500e-08	3.497442e-01	3.497442e-01	-2.52558e-10	
384	1.857500e-08	3.497443e-01	3.497443e-01	-2.52557e-10	
385	1.862500e-08	3.497443e-01	3.497443e-01	-2.52557e-10	
386	1.867500e-08	3.497444e-01	3.497444e-01	-2.52556e-10	
387	1.872500e-08	3.497444e-01	3.497444e-01	-2.52556e-10	
388	1.877500e-08	3.497445e-01	3.497445e-01	-2.52555e-10	
389	1.882500e-08	3.497445e-01	3.497445e-01	-2.52555e-10	
390	1.887500e-08	3.497445e-01	3.497445e-01	-2.52555e-10	
391	1.892500e-08	3.497446e-01	3.497446e-01	-2.52554e-10	
392	1.897500e-08	3.497446e-01	3.497446e-01	-2.52554e-10	
393	1.902500e-08	3.497447e-01	3.497447e-01	-2.52553e-10	
394	1.907500e-08	3.497447e-01	3.497447e-01	-2.52553e-10	
395	1.912500e-08	3.497448e-01	3.497448e-01	-2.52552e-10	
396	1.917500e-08	3.497448e-01	3.497448e-01	-2.52552e-10	
397	1.922500e-08	3.497449e-01	3.497449e-01	-2.52551e-10	
398	1.927500e-08	3.497449e-01	3.497449e-01	-2.52551e-10	
399	1.932500e-08	3.497450e-01	3.497450e-01	-2.52550e-10	
400	1.937500e-08	3.497450e-01	3.497450e-01	-2.52550e-10	
401	1.942500e-08	3.497451e-01	3.497451e-01	-2.52549e-10	
402	1.947500e-08	3.497451e-01	3.497451e-01	-2.52549e-10	

Index   time            v(bl0)          v(bl7)          vpre#branch     
--------------------------------------------------------------------------------
403	1.952500e-08	3.497451e-01	3.497451e-01	-2.52549e-10	
404	1.957500e-08	3.497452e-01	3.497452e-01	-2.52548e-10	
405	1.962500e-08	3.497452e-01	3.497452e-01	-2.52548e-10	
406	1.967500e-08	3.497453e-01	3.497453e-01	-2.52547e-10	
407	1.972500e-08	3.497453e-01	3.497453e-01	-2.52547e-10	
408	1.977500e-08	3.497454e-01	3.497454e-01	-2.52546e-10	
409	1.982500e-08	3.497454e-01	3.497454e-01	-2.52546e-10	
410	1.987500e-08	3.497455e-01	3.497455e-01	-2.52545e-10	
411	1.992500e-08	3.497455e-01	3.497455e-01	-2.52545e-10	
412	1.997500e-08	3.497456e-01	3.497456e-01	-2.52544e-10	
413	2.002500e-08	3.497456e-01	3.497456e-01	-2.52544e-10	
414	2.007500e-08	3.497457e-01	3.497457e-01	-2.52543e-10	
415	2.012500e-08	3.497457e-01	3.497457e-01	-2.52543e-10	
416	2.017500e-08	3.497458e-01	3.497458e-01	-2.52542e-10	
417	2.022500e-08	3.497458e-01	3.497458e-01	-2.52542e-10	
418	2.027500e-08	3.497459e-01	3.497459e-01	-2.52541e-10	
419	2.032500e-08	3.497459e-01	3.497459e-01	-2.52541e-10	
420	2.037500e-08	3.497460e-01	3.497460e-01	-2.52540e-10	
421	2.042500e-08	3.497460e-01	3.497460e-01	-2.52540e-10	
422	2.047500e-08	3.497461e-01	3.497461e-01	-2.52539e-10	
423	2.052500e-08	3.497461e-01	3.497461e-01	-2.52539e-10	
424	2.057500e-08	3.497462e-01	3.497462e-01	-2.52538e-10	
425	2.062500e-08	3.497462e-01	3.497462e-01	-2.52538e-10	
426	2.067500e-08	3.497463e-01	3.497463e-01	-2.52537e-10	
427	2.072500e-08	3.497463e-01	3.497463e-01	-2.52537e-10	
428	2.077500e-08	3.497464e-01	3.497464e-01	-2.52536e-10	
429	2.082500e-08	3.497464e-01	3.497464e-01	-2.52536e-10	
430	2.087500e-08	3.497465e-01	3.497465e-01	-2.52535e-10	
431	2.092500e-08	3.497465e-01	3.497465e-01	-2.52535e-10	
432	2.097500e-08	3.497466e-01	3.497466e-01	-2.52534e-10	
433	2.102500e-08	3.497466e-01	3.497466e-01	-2.52534e-10	
434	2.107500e-08	3.497467e-01	3.497467e-01	-2.52533e-10	
435	2.112500e-08	3.497468e-01	3.497467e-01	-2.52532e-10	
436	2.117500e-08	3.497468e-01	3.497468e-01	-2.52532e-10	
437	2.122500e-08	3.497469e-01	3.497469e-01	-2.52531e-10	
438	2.127500e-08	3.497469e-01	3.497469e-01	-2.52531e-10	
439	2.132500e-08	3.497470e-01	3.497470e-01	-2.52530e-10	
440	2.137500e-08	3.497470e-01	3.497470e-01	-2.52530e-10	
441	2.142500e-08	3.497471e-01	3.497471e-01	-2.52529e-10	
442	2.147500e-08	3.497471e-01	3.497471e-01	-2.52529e-10	
443	2.152500e-08	3.497472e-01	3.497472e-01	-2.52528e-10	
444	2.157500e-08	3.497472e-01	3.497472e-01	-2.52528e-10	
445	2.162500e-08	3.497473e-01	3.497473e-01	-2.52527e-10	
446	2.167500e-08	3.497473e-01	3.497473e-01	-2.52527e-10	
447	2.172500e-08	3.497474e-01	3.497474e-01	-2.52526e-10	
448	2.177500e-08	3.497474e-01	3.497474e-01	-2.52526e-10	
449	2.182500e-08	3.497475e-01	3.497475e-01	-2.52525e-10	
450	2.187500e-08	3.497475e-01	3.497475e-01	-2.52525e-10	
451	2.192500e-08	3.497476e-01	3.497476e-01	-2.52524e-10	
452	2.197500e-08	3.497476e-01	3.497476e-01	-2.52524e-10	
453	2.202500e-08	3.497477e-01	3.497477e-01	-2.52523e-10	
454	2.207500e-08	3.497477e-01	3.497477e-01	-2.52523e-10	
455	2.212500e-08	3.497478e-01	3.497478e-01	-2.52522e-10	
456	2.217500e-08	3.497478e-01	3.497478e-01	-2.52522e-10	
457	2.222500e-08	3.497479e-01	3.497479e-01	-2.52521e-10	
458	2.227500e-08	3.497480e-01	3.497479e-01	-2.52520e-10	
459	2.232500e-08	3.497480e-01	3.497480e-01	-2.52520e-10	
460	2.237500e-08	3.497481e-01	3.497481e-01	-2.52519e-10	

Index   time            v(bl0)          v(bl7)          vpre#branch     
--------------------------------------------------------------------------------
461	2.242500e-08	3.497481e-01	3.497481e-01	-2.52519e-10	
462	2.247500e-08	3.497482e-01	3.497482e-01	-2.52518e-10	
463	2.252500e-08	3.497482e-01	3.497482e-01	-2.52518e-10	
464	2.257500e-08	3.497483e-01	3.497483e-01	-2.52517e-10	
465	2.262500e-08	3.497483e-01	3.497483e-01	-2.52517e-10	
466	2.267500e-08	3.497484e-01	3.497484e-01	-2.52516e-10	
467	2.272500e-08	3.497484e-01	3.497484e-01	-2.52516e-10	
468	2.277500e-08	3.497485e-01	3.497485e-01	-2.52515e-10	
469	2.282500e-08	3.497485e-01	3.497485e-01	-2.52515e-10	
470	2.287500e-08	3.497486e-01	3.497486e-01	-2.52514e-10	
471	2.292500e-08	3.497486e-01	3.497486e-01	-2.52514e-10	
472	2.297500e-08	3.497487e-01	3.497487e-01	-2.52513e-10	
473	2.302500e-08	3.497487e-01	3.497487e-01	-2.52513e-10	
474	2.307500e-08	3.497488e-01	3.497488e-01	-2.52512e-10	
475	2.312500e-08	3.497489e-01	3.497488e-01	-2.52511e-10	
476	2.317500e-08	3.497489e-01	3.497489e-01	-2.52511e-10	
477	2.322500e-08	3.497490e-01	3.497490e-01	-2.52510e-10	
478	2.327500e-08	3.497490e-01	3.497490e-01	-2.52510e-10	
479	2.332500e-08	3.497491e-01	3.497491e-01	-2.52509e-10	
480	2.337500e-08	3.497491e-01	3.497491e-01	-2.52509e-10	
481	2.342500e-08	3.497492e-01	3.497492e-01	-2.52508e-10	
482	2.347500e-08	3.497492e-01	3.497492e-01	-2.52508e-10	
483	2.352500e-08	3.497493e-01	3.497493e-01	-2.52507e-10	
484	2.357500e-08	3.497493e-01	3.497493e-01	-2.52507e-10	
485	2.362500e-08	3.497494e-01	3.497494e-01	-2.52506e-10	
486	2.367500e-08	3.497494e-01	3.497494e-01	-2.52506e-10	
487	2.372500e-08	3.497495e-01	3.497495e-01	-2.52505e-10	
488	2.377500e-08	3.497495e-01	3.497495e-01	-2.52505e-10	
489	2.382500e-08	3.497496e-01	3.497496e-01	-2.52504e-10	
490	2.387500e-08	3.497496e-01	3.497496e-01	-2.52504e-10	
491	2.392500e-08	3.497497e-01	3.497497e-01	-2.52503e-10	
492	2.397500e-08	3.497498e-01	3.497497e-01	-2.52502e-10	
493	2.402500e-08	3.497498e-01	3.497498e-01	-2.52502e-10	
494	2.407500e-08	3.497499e-01	3.497499e-01	-2.52501e-10	
495	2.412500e-08	3.497499e-01	3.497499e-01	-2.52501e-10	
496	2.417500e-08	3.497500e-01	3.497500e-01	-2.52500e-10	
497	2.422500e-08	3.497500e-01	3.497500e-01	-2.52500e-10	
498	2.427500e-08	3.497501e-01	3.497501e-01	-2.52499e-10	
499	2.432500e-08	3.497501e-01	3.497501e-01	-2.52499e-10	
500	2.437500e-08	3.497502e-01	3.497502e-01	-2.52498e-10	
501	2.442500e-08	3.497502e-01	3.497502e-01	-2.52498e-10	
502	2.447500e-08	3.497503e-01	3.497503e-01	-2.52497e-10	
503	2.452500e-08	3.497503e-01	3.497503e-01	-2.52497e-10	
504	2.457500e-08	3.497504e-01	3.497504e-01	-2.52496e-10	
505	2.462500e-08	3.497504e-01	3.497504e-01	-2.52496e-10	
506	2.467500e-08	3.497505e-01	3.497505e-01	-2.52495e-10	
507	2.472500e-08	3.497506e-01	3.497505e-01	-2.52494e-10	
508	2.477500e-08	3.497506e-01	3.497506e-01	-2.52494e-10	
509	2.482500e-08	3.497507e-01	3.497507e-01	-2.52493e-10	
510	2.487500e-08	3.497507e-01	3.497507e-01	-2.52493e-10	
511	2.492500e-08	3.497508e-01	3.497508e-01	-2.52492e-10	
512	2.496250e-08	3.497508e-01	3.497508e-01	-2.52492e-10	
513	2.500000e-08	3.497508e-01	3.497508e-01	-2.52492e-10	


Total analysis time (seconds) = 0.0721834

Total elapsed time (seconds) = 0.080 

Total DRAM available = 386307.215 MB.
DRAM currently available = 8266.219 MB.
Maximum ngspice program size =  529.852 MB.
Current ngspice program size =   14.234 MB.

Shared ngspice pages =   12.301 MB.
Text (code) pages =    6.266 MB.
Stack = 0 bytes.
Library pages =   59.270 MB.

