
Note: No compatibility mode selected!


Circuit: * 1t1c ccell=20.0ff

Doing analysis at TEMP = 85.000000 and TNOM = 27.000000

Using SPARSE 1.3 as Direct Linear Solver

Initial Transient Solution
--------------------------

Node                                   Voltage
----                                   -------
pre                                       0.45
bl                                        0.45
wl                                           0
plate                                        0
s                                            0
cell                                         0
vs#branch                                    0
vpl#branch                                   0
vwl#branch                                   0
vpre#branch                                  0


No. of Data Rows : 832

  Measurements for Transient Analysis

t_write             =  1.90036e-09
t_read              =  2.29040e-08
i_hold              =  -2.87238e-11 from=  2.50000e-08 to=  3.50250e-08
q_read              =   1.56382e-19 from=  1.20000e-08 to=  2.20000e-08

                              * 1t1c ccell=20.0ff
                              Transient Analysis  Tue Jun 23 16:38:55  2026
--------------------------------------------------------------------------------
Index   time            v(cell)         v(bl)           vpre#branch     
--------------------------------------------------------------------------------
0	0.000000e+00	0.000000e+00	4.500000e-01	0.000000e+00	
1	5.000000e-13	8.737072e-11	4.499998e-01	-2.35209e-15	
2	1.000000e-12	1.747393e-10	4.499995e-01	-4.54832e-15	
3	2.000000e-12	3.494760e-10	4.499991e-01	-8.93802e-15	
4	4.000000e-12	6.989489e-10	4.499982e-01	-1.77009e-14	
5	8.000000e-12	1.397893e-09	4.499965e-01	-3.51605e-14	
6	1.600000e-11	2.795771e-09	4.499930e-01	-6.98174e-14	
7	3.200000e-11	5.591496e-09	4.499862e-01	-1.38094e-13	
8	6.400000e-11	1.118281e-08	4.499729e-01	-2.70603e-13	
9	1.140000e-10	1.991892e-08	4.499533e-01	-4.67287e-13	
10	1.640000e-10	2.865463e-08	4.499348e-01	-6.51967e-13	
11	2.140000e-10	3.738998e-08	4.499175e-01	-8.25376e-13	
12	2.640000e-10	4.612500e-08	4.499012e-01	-9.88201e-13	
13	3.140000e-10	5.485969e-08	4.498859e-01	-1.14109e-12	
14	3.640000e-10	6.359408e-08	4.498715e-01	-1.28465e-12	
15	4.140000e-10	7.232819e-08	4.498581e-01	-1.41944e-12	
16	4.640000e-10	8.106203e-08	4.498454e-01	-1.54601e-12	
17	5.140000e-10	8.979563e-08	4.498335e-01	-1.66486e-12	
18	5.640000e-10	9.852899e-08	4.498224e-01	-1.77645e-12	
19	6.140000e-10	1.072621e-07	4.498119e-01	-1.88123e-12	
20	6.640000e-10	1.159951e-07	4.498020e-01	-1.97961e-12	
21	7.140000e-10	1.247278e-07	4.497928e-01	-2.07200e-12	
22	7.640000e-10	1.334604e-07	4.497841e-01	-2.15874e-12	
23	8.140000e-10	1.421927e-07	4.497760e-01	-2.24019e-12	
24	8.640000e-10	1.509250e-07	4.497683e-01	-2.31667e-12	
25	9.140000e-10	1.596570e-07	4.497612e-01	-2.38848e-12	
26	9.570000e-10	1.671665e-07	4.497553e-01	-2.44671e-12	
27	1.000000e-09	1.746759e-07	4.497498e-01	-2.50188e-12	
28	1.005000e-09	4.498400e-03	4.497494e-01	-2.50584e-12	
29	1.015000e-09	1.349483e-02	4.497490e-01	-2.50970e-12	
30	1.035000e-09	3.148768e-02	4.497503e-01	-2.49674e-12	
31	1.075000e-09	6.747338e-02	4.497583e-01	-2.41711e-12	
32	1.125000e-09	1.124555e-01	4.497723e-01	-2.27652e-12	
33	1.175000e-09	1.574376e-01	4.497864e-01	-2.13592e-12	
34	1.225000e-09	2.024197e-01	4.497995e-01	-2.00497e-12	
35	1.275000e-09	2.474019e-01	4.498118e-01	-1.88244e-12	
36	1.325000e-09	2.923840e-01	4.498232e-01	-1.76754e-12	
37	1.375000e-09	3.373661e-01	4.498340e-01	-1.65971e-12	
38	1.425000e-09	3.823482e-01	4.498442e-01	-1.55849e-12	
39	1.475000e-09	4.273304e-01	4.498537e-01	-1.46344e-12	
40	1.525000e-09	4.723125e-01	4.498626e-01	-1.37419e-12	
41	1.575000e-09	5.172946e-01	4.498710e-01	-1.29039e-12	
42	1.625000e-09	5.622767e-01	4.498788e-01	-1.21169e-12	
43	1.675000e-09	6.072588e-01	4.498862e-01	-1.13779e-12	
44	1.725000e-09	6.522410e-01	4.498932e-01	-1.06840e-12	
45	1.775000e-09	6.972231e-01	4.498997e-01	-1.00324e-12	
46	1.825000e-09	7.422052e-01	4.499058e-01	-9.42046e-13	
47	1.875000e-09	7.871873e-01	4.499115e-01	-8.84586e-13	
48	1.925000e-09	8.321695e-01	4.499169e-01	-8.30629e-13	
49	1.962500e-09	8.659061e-01	4.499208e-01	-7.92336e-13	
50	2.000000e-09	8.996426e-01	4.499244e-01	-7.55806e-13	
51	2.005000e-09	8.996426e-01	4.499249e-01	-7.51080e-13	
52	2.015000e-09	8.996426e-01	4.499258e-01	-7.41687e-13	
53	2.035000e-09	8.996426e-01	4.499277e-01	-7.23251e-13	
54	2.075000e-09	8.996426e-01	4.499312e-01	-6.87736e-13	

Index   time            v(cell)         v(bl)           vpre#branch     
--------------------------------------------------------------------------------
55	2.125000e-09	8.996426e-01	4.499354e-01	-6.45779e-13	
56	2.175000e-09	8.996426e-01	4.499394e-01	-6.06381e-13	
57	2.225000e-09	8.996426e-01	4.499431e-01	-5.69385e-13	
58	2.275000e-09	8.996426e-01	4.499465e-01	-5.34646e-13	
59	2.325000e-09	8.996426e-01	4.499498e-01	-5.02025e-13	
60	2.375000e-09	8.996426e-01	4.499529e-01	-4.71393e-13	
61	2.425000e-09	8.996426e-01	4.499557e-01	-4.42629e-13	
62	2.475000e-09	8.996426e-01	4.499584e-01	-4.15620e-13	
63	2.525000e-09	8.996426e-01	4.499610e-01	-3.90257e-13	
64	2.575000e-09	8.996426e-01	4.499634e-01	-3.66442e-13	
65	2.625000e-09	8.996426e-01	4.499656e-01	-3.44078e-13	
66	2.675000e-09	8.996426e-01	4.499677e-01	-3.23079e-13	
67	2.725000e-09	8.996426e-01	4.499697e-01	-3.03360e-13	
68	2.775000e-09	8.996426e-01	4.499715e-01	-2.84843e-13	
69	2.825000e-09	8.996426e-01	4.499733e-01	-2.67456e-13	
70	2.875000e-09	8.996426e-01	4.499749e-01	-2.51129e-13	
71	2.925000e-09	8.996426e-01	4.499764e-01	-2.35798e-13	
72	2.975000e-09	8.996426e-01	4.499779e-01	-2.21401e-13	
73	3.025000e-09	8.996426e-01	4.499792e-01	-2.07883e-13	
74	3.075000e-09	8.996426e-01	4.499805e-01	-1.95189e-13	
75	3.125000e-09	8.996426e-01	4.499817e-01	-1.83269e-13	
76	3.175000e-09	8.996426e-01	4.499828e-01	-1.72076e-13	
77	3.225000e-09	8.996426e-01	4.499838e-01	-1.61565e-13	
78	3.275000e-09	8.996426e-01	4.499848e-01	-1.51696e-13	
79	3.325000e-09	8.996426e-01	4.499858e-01	-1.42428e-13	
80	3.375000e-09	8.996426e-01	4.499866e-01	-1.33726e-13	
81	3.425000e-09	8.996426e-01	4.499874e-01	-1.25554e-13	
82	3.475000e-09	8.996426e-01	4.499882e-01	-1.17881e-13	
83	3.525000e-09	8.996426e-01	4.499889e-01	-1.10675e-13	
84	3.575000e-09	8.996426e-01	4.499896e-01	-1.03909e-13	
85	3.625000e-09	8.996426e-01	4.499902e-01	-9.75559e-14	
86	3.675000e-09	8.996426e-01	4.499908e-01	-9.15899e-14	
87	3.725000e-09	8.996426e-01	4.499914e-01	-8.59878e-14	
88	3.775000e-09	8.996426e-01	4.499919e-01	-8.07273e-14	
89	3.825000e-09	8.996426e-01	4.499924e-01	-7.57875e-14	
90	3.875000e-09	8.996426e-01	4.499929e-01	-7.11491e-14	
91	3.925000e-09	8.996426e-01	4.499933e-01	-6.67935e-14	
92	3.975000e-09	8.996426e-01	4.499937e-01	-6.27035e-14	
93	4.025000e-09	8.996426e-01	4.499941e-01	-5.88629e-14	
94	4.075000e-09	8.996426e-01	4.499945e-01	-5.52566e-14	
95	4.125000e-09	8.996426e-01	4.499948e-01	-5.18701e-14	
96	4.175000e-09	8.996426e-01	4.499951e-01	-4.86902e-14	
97	4.225000e-09	8.996426e-01	4.499954e-01	-4.57042e-14	
98	4.275000e-09	8.996426e-01	4.499957e-01	-4.29003e-14	
99	4.325000e-09	8.996426e-01	4.499960e-01	-4.02674e-14	
100	4.375000e-09	8.996426e-01	4.499962e-01	-3.77950e-14	
101	4.425000e-09	8.996426e-01	4.499965e-01	-3.54735e-14	
102	4.475000e-09	8.996426e-01	4.499967e-01	-3.32935e-14	
103	4.525000e-09	8.996426e-01	4.499969e-01	-3.12464e-14	
104	4.575000e-09	8.996426e-01	4.499971e-01	-2.93242e-14	
105	4.625000e-09	8.996426e-01	4.499972e-01	-2.75192e-14	
106	4.675000e-09	8.996426e-01	4.499974e-01	-2.58243e-14	
107	4.725000e-09	8.996426e-01	4.499976e-01	-2.42327e-14	
108	4.775000e-09	8.996426e-01	4.499977e-01	-2.27382e-14	
109	4.825000e-09	8.996426e-01	4.499979e-01	-2.13348e-14	
110	4.875000e-09	8.996426e-01	4.499980e-01	-2.00170e-14	
111	4.925000e-09	8.996426e-01	4.499981e-01	-1.87796e-14	
112	4.975000e-09	8.996426e-01	4.499982e-01	-1.76177e-14	

Index   time            v(cell)         v(bl)           vpre#branch     
--------------------------------------------------------------------------------
113	5.025000e-09	8.996426e-01	4.499983e-01	-1.65266e-14	
114	5.075000e-09	8.996426e-01	4.499984e-01	-1.55020e-14	
115	5.125000e-09	8.996426e-01	4.499985e-01	-1.45399e-14	
116	5.175000e-09	8.996426e-01	4.499986e-01	-1.36365e-14	
117	5.225000e-09	8.996426e-01	4.499987e-01	-1.27882e-14	
118	5.275000e-09	8.996426e-01	4.499988e-01	-1.19916e-14	
119	5.325000e-09	8.996426e-01	4.499989e-01	-1.12436e-14	
120	5.375000e-09	8.996426e-01	4.499989e-01	-1.05412e-14	
121	5.425000e-09	8.996426e-01	4.499990e-01	-9.88164e-15	
122	5.475000e-09	8.996426e-01	4.499991e-01	-9.26230e-15	
123	5.525000e-09	8.996426e-01	4.499991e-01	-8.68074e-15	
124	5.575000e-09	8.996426e-01	4.499992e-01	-8.13464e-15	
125	5.625000e-09	8.996426e-01	4.499992e-01	-7.62184e-15	
126	5.675000e-09	8.996426e-01	4.499993e-01	-7.14031e-15	
127	5.725000e-09	8.996426e-01	4.499993e-01	-6.68815e-15	
128	5.775000e-09	8.996426e-01	4.499994e-01	-6.26356e-15	
129	5.825000e-09	8.996426e-01	4.499994e-01	-5.86487e-15	
130	5.875000e-09	8.996426e-01	4.499995e-01	-5.49049e-15	
131	5.925000e-09	8.996426e-01	4.499995e-01	-5.13894e-15	
132	5.975000e-09	8.996426e-01	4.499995e-01	-4.80882e-15	
133	6.025000e-09	8.996426e-01	4.499996e-01	-4.49884e-15	
134	6.075000e-09	8.996426e-01	4.499996e-01	-4.20777e-15	
135	6.125000e-09	8.996426e-01	4.499996e-01	-3.93444e-15	
136	6.175000e-09	8.996426e-01	4.499996e-01	-3.67778e-15	
137	6.225000e-09	8.996426e-01	4.499997e-01	-3.43678e-15	
138	6.275000e-09	8.996426e-01	4.499997e-01	-3.21047e-15	
139	6.325000e-09	8.996426e-01	4.499997e-01	-2.99796e-15	
140	6.375000e-09	8.996426e-01	4.499997e-01	-2.79841e-15	
141	6.425000e-09	8.996426e-01	4.499997e-01	-2.61103e-15	
142	6.475000e-09	8.996426e-01	4.499998e-01	-2.43508e-15	
143	6.525000e-09	8.996426e-01	4.499998e-01	-2.26986e-15	
144	6.575000e-09	8.996426e-01	4.499998e-01	-2.11471e-15	
145	6.625000e-09	8.996426e-01	4.499998e-01	-1.96903e-15	
146	6.675000e-09	8.996426e-01	4.499998e-01	-1.83223e-15	
147	6.725000e-09	8.996426e-01	4.499998e-01	-1.70377e-15	
148	6.775000e-09	8.996426e-01	4.499998e-01	-1.58314e-15	
149	6.825000e-09	8.996426e-01	4.499999e-01	-1.46987e-15	
150	6.875000e-09	8.996426e-01	4.499999e-01	-1.36351e-15	
151	6.925000e-09	8.996426e-01	4.499999e-01	-1.26364e-15	
152	6.962500e-09	8.996426e-01	4.499999e-01	-1.19276e-15	
153	7.000000e-09	8.996426e-01	4.499999e-01	-1.12515e-15	
154	7.005000e-09	8.771515e-01	4.499999e-01	-1.11652e-15	
155	7.015000e-09	8.321694e-01	4.499999e-01	-1.09958e-15	
156	7.035000e-09	7.422051e-01	4.499999e-01	-1.06749e-15	
157	7.067500e-09	5.960132e-01	4.499999e-01	-1.01963e-15	
158	7.100000e-09	4.498213e-01	4.499999e-01	-9.75835e-16	
159	7.105000e-09	4.498214e-01	4.499999e-01	-9.69747e-16	
160	7.115000e-09	4.498214e-01	4.499999e-01	-9.57649e-16	
161	7.135000e-09	4.498214e-01	4.499999e-01	-9.33903e-16	
162	7.175000e-09	4.498214e-01	4.499999e-01	-8.88159e-16	
163	7.225000e-09	4.498214e-01	4.499999e-01	-8.34118e-16	
164	7.275000e-09	4.498214e-01	4.499999e-01	-7.83373e-16	
165	7.325000e-09	4.498214e-01	4.499999e-01	-7.35722e-16	
166	7.375000e-09	4.498214e-01	4.499999e-01	-6.90977e-16	
167	7.425000e-09	4.498214e-01	4.499999e-01	-6.48961e-16	
168	7.475000e-09	4.498214e-01	4.499999e-01	-6.09507e-16	
169	7.525000e-09	4.498214e-01	4.499999e-01	-5.72459e-16	
170	7.575000e-09	4.498214e-01	4.499999e-01	-5.37670e-16	

Index   time            v(cell)         v(bl)           vpre#branch     
--------------------------------------------------------------------------------
171	7.625000e-09	4.498214e-01	4.499999e-01	-5.05003e-16	
172	7.675000e-09	4.498214e-01	4.500000e-01	-4.74329e-16	
173	7.725000e-09	4.498214e-01	4.500000e-01	-4.45525e-16	
174	7.775000e-09	4.498214e-01	4.500000e-01	-4.18477e-16	
175	7.825000e-09	4.498214e-01	4.500000e-01	-3.93079e-16	
176	7.875000e-09	4.498214e-01	4.500000e-01	-3.69230e-16	
177	7.925000e-09	4.498214e-01	4.500000e-01	-3.46835e-16	
178	7.975000e-09	4.498214e-01	4.500000e-01	-3.25805e-16	
179	8.025000e-09	4.498214e-01	4.500000e-01	-3.06059e-16	
180	8.075000e-09	4.498214e-01	4.500000e-01	-2.87516e-16	
181	8.125000e-09	4.498214e-01	4.500000e-01	-2.70104e-16	
182	8.175000e-09	4.498214e-01	4.500000e-01	-2.53754e-16	
183	8.225000e-09	4.498214e-01	4.500000e-01	-2.38401e-16	
184	8.275000e-09	4.498214e-01	4.500000e-01	-2.23984e-16	
185	8.325000e-09	4.498214e-01	4.500000e-01	-2.10447e-16	
186	8.375000e-09	4.498214e-01	4.500000e-01	-1.97734e-16	
187	8.425000e-09	4.498214e-01	4.500000e-01	-1.85797e-16	
188	8.475000e-09	4.498214e-01	4.500000e-01	-1.74589e-16	
189	8.525000e-09	4.498214e-01	4.500000e-01	-1.64063e-16	
190	8.575000e-09	4.498214e-01	4.500000e-01	-1.54179e-16	
191	8.625000e-09	4.498214e-01	4.500000e-01	-1.44899e-16	
192	8.675000e-09	4.498214e-01	4.500000e-01	-1.36184e-16	
193	8.725000e-09	4.498214e-01	4.500000e-01	-1.28001e-16	
194	8.775000e-09	4.498214e-01	4.500000e-01	-1.20318e-16	
195	8.825000e-09	4.498214e-01	4.500000e-01	-1.13102e-16	
196	8.875000e-09	4.498214e-01	4.500000e-01	-1.06326e-16	
197	8.925000e-09	4.498214e-01	4.500000e-01	-9.99636e-17	
198	8.975000e-09	4.498214e-01	4.500000e-01	-9.39887e-17	
199	9.025000e-09	4.498214e-01	4.500000e-01	-8.83782e-17	
200	9.075000e-09	4.498214e-01	4.500000e-01	-8.31098e-17	
201	9.125000e-09	4.498214e-01	4.500000e-01	-7.81631e-17	
202	9.175000e-09	4.498214e-01	4.500000e-01	-7.35185e-17	
203	9.225000e-09	4.498214e-01	4.500000e-01	-6.91567e-17	
204	9.275000e-09	4.498214e-01	4.500000e-01	-6.50609e-17	
205	9.325000e-09	4.498214e-01	4.500000e-01	-6.12149e-17	
206	9.375000e-09	4.498214e-01	4.500000e-01	-5.76034e-17	
207	9.425000e-09	4.498214e-01	4.500000e-01	-5.42126e-17	
208	9.475000e-09	4.498214e-01	4.500000e-01	-5.10282e-17	
209	9.525000e-09	4.498214e-01	4.500000e-01	-4.80379e-17	
210	9.575000e-09	4.498214e-01	4.500000e-01	-4.52300e-17	
211	9.625000e-09	4.498214e-01	4.500000e-01	-4.25929e-17	
212	9.675000e-09	4.498214e-01	4.500000e-01	-4.01171e-17	
213	9.725000e-09	4.498214e-01	4.500000e-01	-3.77926e-17	
214	9.775000e-09	4.498214e-01	4.500000e-01	-3.56095e-17	
215	9.825000e-09	4.498214e-01	4.500000e-01	-3.35595e-17	
216	9.875000e-09	4.498214e-01	4.500000e-01	-3.16346e-17	
217	9.925000e-09	4.498214e-01	4.500000e-01	-2.98270e-17	
218	9.975000e-09	4.498214e-01	4.500000e-01	-2.81301e-17	
219	1.002500e-08	4.498214e-01	4.500000e-01	-2.65366e-17	
220	1.007500e-08	4.498214e-01	4.500000e-01	-2.50399e-17	
221	1.012500e-08	4.498214e-01	4.500000e-01	-2.36345e-17	
222	1.017500e-08	4.498214e-01	4.500000e-01	-2.23152e-17	
223	1.022500e-08	4.498214e-01	4.500000e-01	-2.10760e-17	
224	1.027500e-08	4.498214e-01	4.500000e-01	-1.99119e-17	
225	1.032500e-08	4.498214e-01	4.500000e-01	-1.88188e-17	
226	1.037500e-08	4.498214e-01	4.500000e-01	-1.77923e-17	
227	1.042500e-08	4.498214e-01	4.500000e-01	-1.68289e-17	
228	1.047500e-08	4.498214e-01	4.500000e-01	-1.59246e-17	

Index   time            v(cell)         v(bl)           vpre#branch     
--------------------------------------------------------------------------------
229	1.052500e-08	4.498214e-01	4.500000e-01	-1.50751e-17	
230	1.057500e-08	4.498214e-01	4.500000e-01	-1.42774e-17	
231	1.062500e-08	4.498214e-01	4.500000e-01	-1.35283e-17	
232	1.067500e-08	4.498214e-01	4.500000e-01	-1.28249e-17	
233	1.072500e-08	4.498214e-01	4.500000e-01	-1.21648e-17	
234	1.077500e-08	4.498214e-01	4.500000e-01	-1.15446e-17	
235	1.082500e-08	4.498214e-01	4.500000e-01	-1.09617e-17	
236	1.087500e-08	4.498214e-01	4.500000e-01	-1.04144e-17	
237	1.092500e-08	4.498214e-01	4.500000e-01	-9.90092e-18	
238	1.096250e-08	4.498214e-01	4.500000e-01	-9.53657e-18	
239	1.100000e-08	4.498214e-01	4.500000e-01	-9.18909e-18	
240	1.100500e-08	4.498232e-01	4.544717e-01	4.471673e-11	
241	1.101500e-08	4.498268e-01	4.633591e-01	1.335912e-10	
242	1.103500e-08	4.498339e-01	4.808028e-01	3.080276e-10	
243	1.107500e-08	4.498482e-01	5.144057e-01	6.440569e-10	
244	1.112500e-08	4.498661e-01	5.541040e-01	1.041040e-09	
245	1.117500e-08	4.498840e-01	5.913814e-01	1.413814e-09	
246	1.122500e-08	4.499018e-01	6.263855e-01	1.763855e-09	
247	1.127500e-08	4.499197e-01	6.592548e-01	2.092548e-09	
248	1.132500e-08	4.499376e-01	6.901196e-01	2.401196e-09	
249	1.137500e-08	4.499555e-01	7.191017e-01	2.691017e-09	
250	1.142500e-08	4.499734e-01	7.463154e-01	2.963154e-09	
251	1.147500e-08	4.499912e-01	7.718663e-01	3.218663e-09	
252	1.152500e-08	4.500091e-01	7.958505e-01	3.458505e-09	
253	1.157500e-08	4.500270e-01	8.183488e-01	3.683488e-09	
254	1.162500e-08	4.500449e-01	8.393859e-01	3.893859e-09	
255	1.167500e-08	4.500630e-01	8.589005e-01	4.089005e-09	
256	1.172500e-08	4.500812e-01	8.766122e-01	4.266122e-09	
257	1.177500e-08	4.501002e-01	8.916243e-01	4.416243e-09	
258	1.182500e-08	4.501209e-01	9.015078e-01	4.515078e-09	
259	1.187500e-08	4.501459e-01	9.001580e-01	4.501580e-09	
260	1.192500e-08	4.501813e-01	8.737017e-01	4.237017e-09	
261	1.196250e-08	4.502209e-01	8.230289e-01	3.730289e-09	
262	1.200000e-08	4.502796e-01	7.280731e-01	2.780731e-09	
263	1.200500e-08	4.502869e-01	7.080722e-01	2.580722e-09	
264	1.201500e-08	4.503010e-01	6.694657e-01	2.194657e-09	
265	1.203500e-08	4.503268e-01	5.999298e-01	1.499298e-09	
266	1.207500e-08	4.503693e-01	4.881745e-01	3.817445e-10	
267	1.212500e-08	4.503847e-01	4.482729e-01	-1.72707e-11	
268	1.217500e-08	4.503832e-01	4.521016e-01	2.101578e-11	
269	1.222500e-08	4.503844e-01	4.490711e-01	-9.28862e-12	
270	1.227500e-08	4.503834e-01	4.514531e-01	1.453130e-11	
271	1.232500e-08	4.503842e-01	4.495491e-01	-4.50898e-12	
272	1.237500e-08	4.503835e-01	4.510575e-01	1.057518e-11	
273	1.242500e-08	4.503840e-01	4.498507e-01	-1.49304e-12	
274	1.247500e-08	4.503836e-01	4.508112e-01	8.112051e-12	
275	1.252500e-08	4.503839e-01	4.500429e-01	4.287358e-13	
276	1.257500e-08	4.503837e-01	4.506521e-01	6.521361e-12	
277	1.262500e-08	4.503839e-01	4.501627e-01	1.626604e-12	
278	1.267500e-08	4.503837e-01	4.505549e-01	5.548859e-12	
279	1.272500e-08	4.503838e-01	4.502428e-01	2.428009e-12	
280	1.277500e-08	4.503837e-01	4.504926e-01	4.926489e-12	
281	1.282500e-08	4.503838e-01	4.502936e-01	2.935517e-12	
282	1.287500e-08	4.503837e-01	4.504528e-01	4.528018e-12	
283	1.292500e-08	4.503837e-01	4.503258e-01	3.257855e-12	
284	1.297500e-08	4.503837e-01	4.504273e-01	4.273152e-12	
285	1.302500e-08	4.503837e-01	4.503463e-01	3.462870e-12	
286	1.307500e-08	4.503837e-01	4.504110e-01	4.110261e-12	

Index   time            v(cell)         v(bl)           vpre#branch     
--------------------------------------------------------------------------------
287	1.312500e-08	4.503837e-01	4.503593e-01	3.593354e-12	
288	1.317500e-08	4.503837e-01	4.504006e-01	4.006193e-12	
289	1.322500e-08	4.503837e-01	4.503676e-01	3.676422e-12	
290	1.327500e-08	4.503836e-01	4.503940e-01	3.939708e-12	
291	1.332500e-08	4.503836e-01	4.503729e-01	3.729296e-12	
292	1.337500e-08	4.503836e-01	4.503897e-01	3.897220e-12	
293	1.342500e-08	4.503836e-01	4.503763e-01	3.762933e-12	
294	1.347500e-08	4.503836e-01	4.503870e-01	3.870048e-12	
295	1.352500e-08	4.503836e-01	4.503784e-01	3.784311e-12	
296	1.357500e-08	4.503836e-01	4.503853e-01	3.852647e-12	
297	1.362500e-08	4.503836e-01	4.503798e-01	3.797873e-12	
298	1.367500e-08	4.503836e-01	4.503841e-01	3.841480e-12	
299	1.372500e-08	4.503836e-01	4.503806e-01	3.806452e-12	
300	1.377500e-08	4.503835e-01	4.503834e-01	3.834288e-12	
301	1.382500e-08	4.503835e-01	4.503812e-01	3.811855e-12	
302	1.387500e-08	4.503835e-01	4.503830e-01	3.829633e-12	
303	1.392500e-08	4.503835e-01	4.503815e-01	3.815231e-12	
304	1.397500e-08	4.503835e-01	4.503827e-01	3.826595e-12	
305	1.402500e-08	4.503835e-01	4.503817e-01	3.817315e-12	
306	1.407500e-08	4.503835e-01	4.503825e-01	3.824588e-12	
307	1.412500e-08	4.503835e-01	4.503819e-01	3.818575e-12	
308	1.417500e-08	4.503835e-01	4.503823e-01	3.823240e-12	
309	1.422500e-08	4.503835e-01	4.503819e-01	3.819310e-12	
310	1.427500e-08	4.503835e-01	4.503822e-01	3.822310e-12	
311	1.432500e-08	4.503834e-01	4.503820e-01	3.819710e-12	
312	1.437500e-08	4.503834e-01	4.503822e-01	3.821649e-12	
313	1.442500e-08	4.503834e-01	4.503820e-01	3.819897e-12	
314	1.447500e-08	4.503834e-01	4.503821e-01	3.821158e-12	
315	1.452500e-08	4.503834e-01	4.503820e-01	3.819947e-12	
316	1.457500e-08	4.503834e-01	4.503821e-01	3.820776e-12	
317	1.462500e-08	4.503834e-01	4.503820e-01	3.819910e-12	
318	1.467500e-08	4.503834e-01	4.503820e-01	3.820463e-12	
319	1.472500e-08	4.503834e-01	4.503820e-01	3.819818e-12	
320	1.477500e-08	4.503834e-01	4.503820e-01	3.820194e-12	
321	1.482500e-08	4.503833e-01	4.503820e-01	3.819691e-12	
322	1.487500e-08	4.503833e-01	4.503820e-01	3.819954e-12	
323	1.492500e-08	4.503833e-01	4.503820e-01	3.819540e-12	
324	1.497500e-08	4.503833e-01	4.503820e-01	3.819732e-12	
325	1.502500e-08	4.503833e-01	4.503819e-01	3.819376e-12	
326	1.507500e-08	4.503833e-01	4.503820e-01	3.819521e-12	
327	1.512500e-08	4.503833e-01	4.503819e-01	3.819203e-12	
328	1.517500e-08	4.503833e-01	4.503819e-01	3.819317e-12	
329	1.522500e-08	4.503833e-01	4.503819e-01	3.819023e-12	
330	1.527500e-08	4.503833e-01	4.503819e-01	3.819119e-12	
331	1.532500e-08	4.503832e-01	4.503819e-01	3.818840e-12	
332	1.537500e-08	4.503832e-01	4.503819e-01	3.818923e-12	
333	1.542500e-08	4.503832e-01	4.503819e-01	3.818655e-12	
334	1.547500e-08	4.503832e-01	4.503819e-01	3.818729e-12	
335	1.552500e-08	4.503832e-01	4.503818e-01	3.818468e-12	
336	1.557500e-08	4.503832e-01	4.503819e-01	3.818536e-12	
337	1.562500e-08	4.503832e-01	4.503818e-01	3.818280e-12	
338	1.567500e-08	4.503832e-01	4.503818e-01	3.818344e-12	
339	1.572500e-08	4.503832e-01	4.503818e-01	3.818091e-12	
340	1.577500e-08	4.503832e-01	4.503818e-01	3.818153e-12	
341	1.582500e-08	4.503832e-01	4.503818e-01	3.817902e-12	
342	1.587500e-08	4.503831e-01	4.503818e-01	3.817962e-12	
343	1.592500e-08	4.503831e-01	4.503818e-01	3.817713e-12	
344	1.597500e-08	4.503831e-01	4.503818e-01	3.817771e-12	

Index   time            v(cell)         v(bl)           vpre#branch     
--------------------------------------------------------------------------------
345	1.602500e-08	4.503831e-01	4.503818e-01	3.817524e-12	
346	1.607500e-08	4.503831e-01	4.503818e-01	3.817581e-12	
347	1.612500e-08	4.503831e-01	4.503817e-01	3.817334e-12	
348	1.617500e-08	4.503831e-01	4.503817e-01	3.817390e-12	
349	1.622500e-08	4.503831e-01	4.503817e-01	3.817145e-12	
350	1.627500e-08	4.503831e-01	4.503817e-01	3.817199e-12	
351	1.632500e-08	4.503831e-01	4.503817e-01	3.816955e-12	
352	1.637500e-08	4.503830e-01	4.503817e-01	3.817009e-12	
353	1.642500e-08	4.503830e-01	4.503817e-01	3.816766e-12	
354	1.647500e-08	4.503830e-01	4.503817e-01	3.816818e-12	
355	1.652500e-08	4.503830e-01	4.503817e-01	3.816576e-12	
356	1.657500e-08	4.503830e-01	4.503817e-01	3.816628e-12	
357	1.662500e-08	4.503830e-01	4.503816e-01	3.816386e-12	
358	1.667500e-08	4.503830e-01	4.503816e-01	3.816438e-12	
359	1.672500e-08	4.503830e-01	4.503816e-01	3.816197e-12	
360	1.677500e-08	4.503830e-01	4.503816e-01	3.816247e-12	
361	1.682500e-08	4.503830e-01	4.503816e-01	3.816007e-12	
362	1.687500e-08	4.503830e-01	4.503816e-01	3.816057e-12	
363	1.692500e-08	4.503829e-01	4.503816e-01	3.815818e-12	
364	1.697500e-08	4.503829e-01	4.503816e-01	3.815866e-12	
365	1.702500e-08	4.503829e-01	4.503816e-01	3.815628e-12	
366	1.707500e-08	4.503829e-01	4.503816e-01	3.815676e-12	
367	1.712500e-08	4.503829e-01	4.503815e-01	3.815439e-12	
368	1.717500e-08	4.503829e-01	4.503815e-01	3.815486e-12	
369	1.722500e-08	4.503829e-01	4.503815e-01	3.815249e-12	
370	1.727500e-08	4.503829e-01	4.503815e-01	3.815295e-12	
371	1.732500e-08	4.503829e-01	4.503815e-01	3.815060e-12	
372	1.737500e-08	4.503829e-01	4.503815e-01	3.815105e-12	
373	1.742500e-08	4.503828e-01	4.503815e-01	3.814870e-12	
374	1.747500e-08	4.503828e-01	4.503815e-01	3.814915e-12	
375	1.752500e-08	4.503828e-01	4.503815e-01	3.814680e-12	
376	1.757500e-08	4.503828e-01	4.503815e-01	3.814724e-12	
377	1.762500e-08	4.503828e-01	4.503814e-01	3.814491e-12	
378	1.767500e-08	4.503828e-01	4.503815e-01	3.814534e-12	
379	1.772500e-08	4.503828e-01	4.503814e-01	3.814301e-12	
380	1.777500e-08	4.503828e-01	4.503814e-01	3.814344e-12	
381	1.782500e-08	4.503828e-01	4.503814e-01	3.814112e-12	
382	1.787500e-08	4.503828e-01	4.503814e-01	3.814154e-12	
383	1.792500e-08	4.503828e-01	4.503814e-01	3.813922e-12	
384	1.797500e-08	4.503827e-01	4.503814e-01	3.813963e-12	
385	1.802500e-08	4.503827e-01	4.503814e-01	3.813733e-12	
386	1.807500e-08	4.503827e-01	4.503814e-01	3.813773e-12	
387	1.812500e-08	4.503827e-01	4.503814e-01	3.813543e-12	
388	1.817500e-08	4.503827e-01	4.503814e-01	3.813583e-12	
389	1.822500e-08	4.503827e-01	4.503813e-01	3.813354e-12	
390	1.827500e-08	4.503827e-01	4.503813e-01	3.813393e-12	
391	1.832500e-08	4.503827e-01	4.503813e-01	3.813165e-12	
392	1.837500e-08	4.503827e-01	4.503813e-01	3.813203e-12	
393	1.842500e-08	4.503827e-01	4.503813e-01	3.812975e-12	
394	1.847500e-08	4.503826e-01	4.503813e-01	3.813012e-12	
395	1.852500e-08	4.503826e-01	4.503813e-01	3.812786e-12	
396	1.857500e-08	4.503826e-01	4.503813e-01	3.812822e-12	
397	1.862500e-08	4.503826e-01	4.503813e-01	3.812596e-12	
398	1.867500e-08	4.503826e-01	4.503813e-01	3.812632e-12	
399	1.872500e-08	4.503826e-01	4.503812e-01	3.812407e-12	
400	1.877500e-08	4.503826e-01	4.503812e-01	3.812442e-12	
401	1.882500e-08	4.503826e-01	4.503812e-01	3.812217e-12	
402	1.887500e-08	4.503826e-01	4.503812e-01	3.812252e-12	

Index   time            v(cell)         v(bl)           vpre#branch     
--------------------------------------------------------------------------------
403	1.892500e-08	4.503826e-01	4.503812e-01	3.812028e-12	
404	1.897500e-08	4.503826e-01	4.503812e-01	3.812062e-12	
405	1.902500e-08	4.503825e-01	4.503812e-01	3.811839e-12	
406	1.907500e-08	4.503825e-01	4.503812e-01	3.811871e-12	
407	1.912500e-08	4.503825e-01	4.503812e-01	3.811649e-12	
408	1.917500e-08	4.503825e-01	4.503812e-01	3.811681e-12	
409	1.922500e-08	4.503825e-01	4.503811e-01	3.811460e-12	
410	1.927500e-08	4.503825e-01	4.503811e-01	3.811491e-12	
411	1.932500e-08	4.503825e-01	4.503811e-01	3.811270e-12	
412	1.937500e-08	4.503825e-01	4.503811e-01	3.811301e-12	
413	1.942500e-08	4.503825e-01	4.503811e-01	3.811081e-12	
414	1.947500e-08	4.503825e-01	4.503811e-01	3.811111e-12	
415	1.952500e-08	4.503824e-01	4.503811e-01	3.810892e-12	
416	1.957500e-08	4.503824e-01	4.503811e-01	3.810921e-12	
417	1.962500e-08	4.503824e-01	4.503811e-01	3.810702e-12	
418	1.967500e-08	4.503824e-01	4.503811e-01	3.810731e-12	
419	1.972500e-08	4.503824e-01	4.503811e-01	3.810513e-12	
420	1.977500e-08	4.503824e-01	4.503811e-01	3.810541e-12	
421	1.982500e-08	4.503824e-01	4.503810e-01	3.810324e-12	
422	1.987500e-08	4.503824e-01	4.503810e-01	3.810351e-12	
423	1.992500e-08	4.503824e-01	4.503810e-01	3.810134e-12	
424	1.997500e-08	4.503824e-01	4.503810e-01	3.810161e-12	
425	2.002500e-08	4.503824e-01	4.503810e-01	3.809945e-12	
426	2.007500e-08	4.503823e-01	4.503810e-01	3.809971e-12	
427	2.012500e-08	4.503823e-01	4.503810e-01	3.809756e-12	
428	2.017500e-08	4.503823e-01	4.503810e-01	3.809781e-12	
429	2.022500e-08	4.503823e-01	4.503810e-01	3.809566e-12	
430	2.027500e-08	4.503823e-01	4.503810e-01	3.809591e-12	
431	2.032500e-08	4.503823e-01	4.503809e-01	3.809377e-12	
432	2.037500e-08	4.503823e-01	4.503809e-01	3.809401e-12	
433	2.042500e-08	4.503823e-01	4.503809e-01	3.809188e-12	
434	2.047500e-08	4.503823e-01	4.503809e-01	3.809211e-12	
435	2.052500e-08	4.503823e-01	4.503809e-01	3.808998e-12	
436	2.057500e-08	4.503822e-01	4.503809e-01	3.809021e-12	
437	2.062500e-08	4.503822e-01	4.503809e-01	3.808809e-12	
438	2.067500e-08	4.503822e-01	4.503809e-01	3.808831e-12	
439	2.072500e-08	4.503822e-01	4.503809e-01	3.808620e-12	
440	2.077500e-08	4.503822e-01	4.503809e-01	3.808641e-12	
441	2.082500e-08	4.503822e-01	4.503808e-01	3.808430e-12	
442	2.087500e-08	4.503822e-01	4.503808e-01	3.808451e-12	
443	2.092500e-08	4.503822e-01	4.503808e-01	3.808241e-12	
444	2.097500e-08	4.503822e-01	4.503808e-01	3.808261e-12	
445	2.102500e-08	4.503822e-01	4.503808e-01	3.808052e-12	
446	2.107500e-08	4.503822e-01	4.503808e-01	3.808071e-12	
447	2.112500e-08	4.503821e-01	4.503808e-01	3.807863e-12	
448	2.117500e-08	4.503821e-01	4.503808e-01	3.807882e-12	
449	2.122500e-08	4.503821e-01	4.503808e-01	3.807673e-12	
450	2.127500e-08	4.503821e-01	4.503808e-01	3.807692e-12	
451	2.132500e-08	4.503821e-01	4.503807e-01	3.807484e-12	
452	2.137500e-08	4.503821e-01	4.503808e-01	3.807502e-12	
453	2.142500e-08	4.503821e-01	4.503807e-01	3.807295e-12	
454	2.147500e-08	4.503821e-01	4.503807e-01	3.807312e-12	
455	2.152500e-08	4.503821e-01	4.503807e-01	3.807106e-12	
456	2.157500e-08	4.503821e-01	4.503807e-01	3.807122e-12	
457	2.162500e-08	4.503820e-01	4.503807e-01	3.806917e-12	
458	2.167500e-08	4.503820e-01	4.503807e-01	3.806932e-12	
459	2.172500e-08	4.503820e-01	4.503807e-01	3.806727e-12	
460	2.177500e-08	4.503820e-01	4.503807e-01	3.806742e-12	

Index   time            v(cell)         v(bl)           vpre#branch     
--------------------------------------------------------------------------------
461	2.182500e-08	4.503820e-01	4.503807e-01	3.806538e-12	
462	2.187500e-08	4.503820e-01	4.503807e-01	3.806553e-12	
463	2.192500e-08	4.503820e-01	4.503806e-01	3.806349e-12	
464	2.196250e-08	4.503820e-01	4.503806e-01	3.806387e-12	
465	2.200000e-08	4.503820e-01	4.503806e-01	3.806207e-12	
466	2.200500e-08	4.503791e-01	4.486457e-01	-1.35426e-11	
467	2.201500e-08	4.503726e-01	4.468541e-01	-3.14592e-11	
468	2.203500e-08	4.503588e-01	4.454888e-01	-4.51124e-11	
469	2.207500e-08	4.503334e-01	4.374661e-01	-1.25339e-10	
470	2.212500e-08	4.503055e-01	4.189989e-01	-3.10011e-10	
471	2.217500e-08	4.502807e-01	3.940475e-01	-5.59525e-10	
472	2.222500e-08	4.502578e-01	3.661427e-01	-8.38573e-10	
473	2.227500e-08	4.502361e-01	3.369644e-01	-1.13036e-09	
474	2.232500e-08	4.502153e-01	3.074024e-01	-1.42598e-09	
475	2.237500e-08	4.501951e-01	2.779812e-01	-1.72019e-09	
476	2.242500e-08	4.501755e-01	2.490412e-01	-2.00959e-09	
477	2.247500e-08	4.501564e-01	2.208200e-01	-2.29180e-09	
478	2.252500e-08	4.501375e-01	1.934906e-01	-2.56509e-09	
479	2.257500e-08	4.501190e-01	1.671798e-01	-2.82820e-09	
480	2.262500e-08	4.501006e-01	1.419779e-01	-3.08022e-09	
481	2.267500e-08	4.500824e-01	1.179430e-01	-3.32057e-09	
482	2.272500e-08	4.500643e-01	9.510586e-02	-3.54894e-09	
483	2.277500e-08	4.500463e-01	7.345409e-02	-3.76546e-09	
484	2.282500e-08	4.500283e-01	5.298088e-02	-3.97019e-09	
485	2.287500e-08	4.500104e-01	3.368075e-02	-4.16319e-09	
486	2.292500e-08	4.499925e-01	1.551025e-02	-4.34490e-09	
487	2.296250e-08	4.499791e-01	2.596635e-03	-4.47403e-09	
488	2.300000e-08	4.499656e-01	-9.73148e-03	-4.59731e-09	
489	2.300500e-08	4.499656e-01	-6.85525e-03	-4.56855e-09	
490	2.301500e-08	4.499656e-01	-1.13909e-03	-4.51139e-09	
491	2.303500e-08	4.499656e-01	1.007840e-02	-4.39922e-09	
492	2.307500e-08	4.499656e-01	3.168209e-02	-4.18318e-09	
493	2.312500e-08	4.499656e-01	5.719853e-02	-3.92801e-09	
494	2.317500e-08	4.499656e-01	8.115596e-02	-3.68844e-09	
495	2.322500e-08	4.499656e-01	1.036511e-01	-3.46349e-09	
496	2.327500e-08	4.499656e-01	1.247737e-01	-3.25226e-09	
497	2.332500e-08	4.499656e-01	1.446077e-01	-3.05392e-09	
498	2.337500e-08	4.499656e-01	1.632319e-01	-2.86768e-09	
499	2.342500e-08	4.499656e-01	1.807202e-01	-2.69280e-09	
500	2.347500e-08	4.499656e-01	1.971419e-01	-2.52858e-09	
501	2.352500e-08	4.499656e-01	2.125621e-01	-2.37438e-09	
502	2.357500e-08	4.499656e-01	2.270418e-01	-2.22958e-09	
503	2.362500e-08	4.499656e-01	2.406385e-01	-2.09361e-09	
504	2.367500e-08	4.499656e-01	2.534061e-01	-1.96594e-09	
505	2.372500e-08	4.499656e-01	2.653950e-01	-1.84605e-09	
506	2.377500e-08	4.499656e-01	2.766528e-01	-1.73347e-09	
507	2.382500e-08	4.499656e-01	2.872240e-01	-1.62776e-09	
508	2.387500e-08	4.499656e-01	2.971506e-01	-1.52849e-09	
509	2.392500e-08	4.499656e-01	3.064718e-01	-1.43528e-09	
510	2.397500e-08	4.499656e-01	3.152246e-01	-1.34775e-09	
511	2.402500e-08	4.499656e-01	3.234436e-01	-1.26556e-09	
512	2.407500e-08	4.499656e-01	3.311614e-01	-1.18839e-09	
513	2.412500e-08	4.499656e-01	3.384085e-01	-1.11591e-09	
514	2.417500e-08	4.499656e-01	3.452137e-01	-1.04786e-09	
515	2.422500e-08	4.499656e-01	3.516039e-01	-9.83961e-10	
516	2.427500e-08	4.499656e-01	3.576044e-01	-9.23956e-10	
517	2.432500e-08	4.499656e-01	3.632389e-01	-8.67611e-10	
518	2.437500e-08	4.499656e-01	3.685299e-01	-8.14701e-10	

Index   time            v(cell)         v(bl)           vpre#branch     
--------------------------------------------------------------------------------
519	2.442500e-08	4.499656e-01	3.734982e-01	-7.65018e-10	
520	2.447500e-08	4.499656e-01	3.781635e-01	-7.18365e-10	
521	2.452500e-08	4.499656e-01	3.825443e-01	-6.74557e-10	
522	2.457500e-08	4.499656e-01	3.866579e-01	-6.33421e-10	
523	2.462500e-08	4.499656e-01	3.905207e-01	-5.94793e-10	
524	2.467500e-08	4.499656e-01	3.941479e-01	-5.58521e-10	
525	2.472500e-08	4.499656e-01	3.975540e-01	-5.24460e-10	
526	2.477500e-08	4.499656e-01	4.007523e-01	-4.92477e-10	
527	2.482500e-08	4.499656e-01	4.037555e-01	-4.62445e-10	
528	2.487500e-08	4.499656e-01	4.065757e-01	-4.34243e-10	
529	2.492500e-08	4.499656e-01	4.092238e-01	-4.07762e-10	
530	2.497500e-08	4.499656e-01	4.117105e-01	-3.82895e-10	
531	2.502500e-08	4.499656e-01	4.140455e-01	-3.59545e-10	
532	2.507500e-08	4.499656e-01	4.162381e-01	-3.37619e-10	
533	2.512500e-08	4.499656e-01	4.182970e-01	-3.17030e-10	
534	2.517500e-08	4.499656e-01	4.202303e-01	-2.97697e-10	
535	2.522500e-08	4.499656e-01	4.220458e-01	-2.79542e-10	
536	2.527500e-08	4.499656e-01	4.237505e-01	-2.62495e-10	
537	2.532500e-08	4.499656e-01	4.253513e-01	-2.46487e-10	
538	2.537500e-08	4.499656e-01	4.268544e-01	-2.31456e-10	
539	2.542500e-08	4.499656e-01	4.282659e-01	-2.17341e-10	
540	2.547500e-08	4.499656e-01	4.295913e-01	-2.04087e-10	
541	2.552500e-08	4.499656e-01	4.308359e-01	-1.91641e-10	
542	2.557500e-08	4.499656e-01	4.320046e-01	-1.79954e-10	
543	2.562500e-08	4.499656e-01	4.331020e-01	-1.68980e-10	
544	2.567500e-08	4.499656e-01	4.341325e-01	-1.58675e-10	
545	2.572500e-08	4.499656e-01	4.351001e-01	-1.48999e-10	
546	2.577500e-08	4.499656e-01	4.360088e-01	-1.39912e-10	
547	2.582500e-08	4.499656e-01	4.368620e-01	-1.31380e-10	
548	2.587500e-08	4.499656e-01	4.376632e-01	-1.23368e-10	
549	2.592500e-08	4.499656e-01	4.384155e-01	-1.15845e-10	
550	2.597500e-08	4.499656e-01	4.391220e-01	-1.08780e-10	
551	2.602500e-08	4.499656e-01	4.397854e-01	-1.02146e-10	
552	2.607500e-08	4.499656e-01	4.404083e-01	-9.59172e-11	
553	2.612500e-08	4.499656e-01	4.409932e-01	-9.00679e-11	
554	2.617500e-08	4.499656e-01	4.415425e-01	-8.45753e-11	
555	2.622500e-08	4.499656e-01	4.420582e-01	-7.94176e-11	
556	2.627500e-08	4.499656e-01	4.425425e-01	-7.45745e-11	
557	2.632500e-08	4.499656e-01	4.429973e-01	-7.00267e-11	
558	2.637500e-08	4.499656e-01	4.434244e-01	-6.57563e-11	
559	2.642500e-08	4.499656e-01	4.438254e-01	-6.17463e-11	
560	2.647500e-08	4.499656e-01	4.442019e-01	-5.79808e-11	
561	2.652500e-08	4.499656e-01	4.445555e-01	-5.44450e-11	
562	2.657500e-08	4.499656e-01	4.448875e-01	-5.11247e-11	
563	2.662500e-08	4.499656e-01	4.451993e-01	-4.80070e-11	
564	2.667500e-08	4.499656e-01	4.454921e-01	-4.50794e-11	
565	2.672500e-08	4.499656e-01	4.457670e-01	-4.23303e-11	
566	2.677500e-08	4.499656e-01	4.460251e-01	-3.97489e-11	
567	2.682500e-08	4.499656e-01	4.462675e-01	-3.73249e-11	
568	2.687500e-08	4.499656e-01	4.464951e-01	-3.50487e-11	
569	2.692500e-08	4.499656e-01	4.467089e-01	-3.29113e-11	
570	2.697500e-08	4.499656e-01	4.469096e-01	-3.09043e-11	
571	2.702500e-08	4.499656e-01	4.470980e-01	-2.90197e-11	
572	2.707500e-08	4.499656e-01	4.472750e-01	-2.72500e-11	
573	2.712500e-08	4.499656e-01	4.474412e-01	-2.55882e-11	
574	2.717500e-08	4.499656e-01	4.475972e-01	-2.40277e-11	
575	2.722500e-08	4.499656e-01	4.477438e-01	-2.25624e-11	
576	2.727500e-08	4.499656e-01	4.478813e-01	-2.11865e-11	

Index   time            v(cell)         v(bl)           vpre#branch     
--------------------------------------------------------------------------------
577	2.732500e-08	4.499656e-01	4.480105e-01	-1.98945e-11	
578	2.737500e-08	4.499656e-01	4.481319e-01	-1.86813e-11	
579	2.742500e-08	4.499656e-01	4.482458e-01	-1.75420e-11	
580	2.747500e-08	4.499656e-01	4.483528e-01	-1.64723e-11	
581	2.752500e-08	4.499656e-01	4.484532e-01	-1.54677e-11	
582	2.757500e-08	4.499656e-01	4.485476e-01	-1.45245e-11	
583	2.762500e-08	4.499656e-01	4.486361e-01	-1.36387e-11	
584	2.767500e-08	4.499656e-01	4.487193e-01	-1.28070e-11	
585	2.772500e-08	4.499656e-01	4.487974e-01	-1.20260e-11	
586	2.777500e-08	4.499656e-01	4.488707e-01	-1.12926e-11	
587	2.782500e-08	4.499656e-01	4.489396e-01	-1.06040e-11	
588	2.787500e-08	4.499656e-01	4.490043e-01	-9.95729e-12	
589	2.792500e-08	4.499656e-01	4.490650e-01	-9.35006e-12	
590	2.797500e-08	4.499656e-01	4.491220e-01	-8.77987e-12	
591	2.802500e-08	4.499656e-01	4.491756e-01	-8.24445e-12	
592	2.807500e-08	4.499656e-01	4.492258e-01	-7.74168e-12	
593	2.812500e-08	4.499656e-01	4.492730e-01	-7.26957e-12	
594	2.817500e-08	4.499656e-01	4.493174e-01	-6.82625e-12	
595	2.822500e-08	4.499656e-01	4.493590e-01	-6.40996e-12	
596	2.827500e-08	4.499656e-01	4.493981e-01	-6.01906e-12	
597	2.832500e-08	4.499656e-01	4.494348e-01	-5.65200e-12	
598	2.837500e-08	4.499656e-01	4.494693e-01	-5.30733e-12	
599	2.842500e-08	4.499656e-01	4.495016e-01	-4.98367e-12	
600	2.847500e-08	4.499656e-01	4.495320e-01	-4.67975e-12	
601	2.852500e-08	4.499656e-01	4.495606e-01	-4.39436e-12	
602	2.857500e-08	4.499656e-01	4.495874e-01	-4.12638e-12	
603	2.862500e-08	4.499656e-01	4.496125e-01	-3.87474e-12	
604	2.867500e-08	4.499656e-01	4.496362e-01	-3.63845e-12	
605	2.872500e-08	4.499656e-01	4.496583e-01	-3.41657e-12	
606	2.877500e-08	4.499656e-01	4.496792e-01	-3.20821e-12	
607	2.882500e-08	4.499656e-01	4.496987e-01	-3.01257e-12	
608	2.887500e-08	4.499656e-01	4.497171e-01	-2.82885e-12	
609	2.892500e-08	4.499656e-01	4.497344e-01	-2.65634e-12	
610	2.897500e-08	4.499656e-01	4.497506e-01	-2.49435e-12	
611	2.902500e-08	4.499656e-01	4.497658e-01	-2.34224e-12	
612	2.907500e-08	4.499656e-01	4.497801e-01	-2.19940e-12	
613	2.912500e-08	4.499656e-01	4.497935e-01	-2.06527e-12	
614	2.917500e-08	4.499656e-01	4.498061e-01	-1.93933e-12	
615	2.922500e-08	4.499656e-01	4.498179e-01	-1.82106e-12	
616	2.927500e-08	4.499656e-01	4.498290e-01	-1.71001e-12	
617	2.932500e-08	4.499656e-01	4.498394e-01	-1.60573e-12	
618	2.937500e-08	4.499656e-01	4.498492e-01	-1.50780e-12	
619	2.942500e-08	4.499656e-01	4.498584e-01	-1.41585e-12	
620	2.947500e-08	4.499656e-01	4.498670e-01	-1.32951e-12	
621	2.952500e-08	4.499656e-01	4.498752e-01	-1.24843e-12	
622	2.957500e-08	4.499656e-01	4.498828e-01	-1.17230e-12	
623	2.962500e-08	4.499656e-01	4.498899e-01	-1.10081e-12	
624	2.967500e-08	4.499656e-01	4.498966e-01	-1.03368e-12	
625	2.972500e-08	4.499656e-01	4.499029e-01	-9.70642e-13	
626	2.977500e-08	4.499656e-01	4.499089e-01	-9.11450e-13	
627	2.982500e-08	4.499656e-01	4.499144e-01	-8.55867e-13	
628	2.987500e-08	4.499656e-01	4.499196e-01	-8.03673e-13	
629	2.992500e-08	4.499656e-01	4.499245e-01	-7.54663e-13	
630	2.997500e-08	4.499656e-01	4.499291e-01	-7.08642e-13	
631	3.002500e-08	4.499656e-01	4.499335e-01	-6.65426e-13	
632	3.007500e-08	4.499656e-01	4.499375e-01	-6.24847e-13	
633	3.012500e-08	4.499656e-01	4.499413e-01	-5.86742e-13	
634	3.017500e-08	4.499656e-01	4.499449e-01	-5.50961e-13	

Index   time            v(cell)         v(bl)           vpre#branch     
--------------------------------------------------------------------------------
635	3.022500e-08	4.499656e-01	4.499483e-01	-5.17361e-13	
636	3.027500e-08	4.499656e-01	4.499514e-01	-4.85811e-13	
637	3.032500e-08	4.499656e-01	4.499544e-01	-4.56185e-13	
638	3.037500e-08	4.499656e-01	4.499572e-01	-4.28365e-13	
639	3.042500e-08	4.499656e-01	4.499598e-01	-4.02242e-13	
640	3.047500e-08	4.499656e-01	4.499622e-01	-3.77713e-13	
641	3.052500e-08	4.499656e-01	4.499645e-01	-3.54678e-13	
642	3.057500e-08	4.499656e-01	4.499667e-01	-3.33049e-13	
643	3.062500e-08	4.499656e-01	4.499687e-01	-3.12739e-13	
644	3.067500e-08	4.499656e-01	4.499706e-01	-2.93667e-13	
645	3.072500e-08	4.499656e-01	4.499724e-01	-2.75758e-13	
646	3.077500e-08	4.499656e-01	4.499741e-01	-2.58942e-13	
647	3.082500e-08	4.499656e-01	4.499757e-01	-2.43151e-13	
648	3.087500e-08	4.499656e-01	4.499772e-01	-2.28323e-13	
649	3.092500e-08	4.499656e-01	4.499786e-01	-2.14399e-13	
650	3.097500e-08	4.499656e-01	4.499799e-01	-2.01324e-13	
651	3.102500e-08	4.499656e-01	4.499811e-01	-1.89047e-13	
652	3.107500e-08	4.499656e-01	4.499822e-01	-1.77518e-13	
653	3.112500e-08	4.499656e-01	4.499833e-01	-1.66693e-13	
654	3.117500e-08	4.499656e-01	4.499843e-01	-1.56527e-13	
655	3.122500e-08	4.499656e-01	4.499853e-01	-1.46982e-13	
656	3.127500e-08	4.499656e-01	4.499862e-01	-1.38019e-13	
657	3.132500e-08	4.499656e-01	4.499870e-01	-1.29602e-13	
658	3.137500e-08	4.499656e-01	4.499878e-01	-1.21698e-13	
659	3.142500e-08	4.499656e-01	4.499886e-01	-1.14277e-13	
660	3.147500e-08	4.499656e-01	4.499893e-01	-1.07308e-13	
661	3.152500e-08	4.499656e-01	4.499899e-01	-1.00764e-13	
662	3.157500e-08	4.499656e-01	4.499905e-01	-9.46191e-14	
663	3.162500e-08	4.499656e-01	4.499911e-01	-8.88490e-14	
664	3.167500e-08	4.499656e-01	4.499917e-01	-8.34307e-14	
665	3.172500e-08	4.499656e-01	4.499922e-01	-7.83429e-14	
666	3.177500e-08	4.499656e-01	4.499926e-01	-7.35653e-14	
667	3.182500e-08	4.499656e-01	4.499931e-01	-6.90791e-14	
668	3.187500e-08	4.499656e-01	4.499935e-01	-6.48665e-14	
669	3.192500e-08	4.499656e-01	4.499939e-01	-6.09107e-14	
670	3.197500e-08	4.499656e-01	4.499943e-01	-5.71962e-14	
671	3.202500e-08	4.499656e-01	4.499946e-01	-5.37083e-14	
672	3.207500e-08	4.499656e-01	4.499950e-01	-5.04330e-14	
673	3.212500e-08	4.499656e-01	4.499953e-01	-4.73575e-14	
674	3.217500e-08	4.499656e-01	4.499956e-01	-4.44695e-14	
675	3.222500e-08	4.499656e-01	4.499958e-01	-4.17576e-14	
676	3.227500e-08	4.499656e-01	4.499961e-01	-3.92112e-14	
677	3.232500e-08	4.499656e-01	4.499963e-01	-3.68200e-14	
678	3.237500e-08	4.499656e-01	4.499965e-01	-3.45746e-14	
679	3.242500e-08	4.499656e-01	4.499968e-01	-3.24662e-14	
680	3.247500e-08	4.499656e-01	4.499970e-01	-3.04863e-14	
681	3.252500e-08	4.499656e-01	4.499971e-01	-2.86272e-14	
682	3.257500e-08	4.499656e-01	4.499973e-01	-2.68814e-14	
683	3.262500e-08	4.499656e-01	4.499975e-01	-2.52421e-14	
684	3.267500e-08	4.499656e-01	4.499976e-01	-2.37028e-14	
685	3.272500e-08	4.499656e-01	4.499978e-01	-2.22574e-14	
686	3.277500e-08	4.499656e-01	4.499979e-01	-2.09001e-14	
687	3.282500e-08	4.499656e-01	4.499980e-01	-1.96256e-14	
688	3.287500e-08	4.499656e-01	4.499982e-01	-1.84288e-14	
689	3.292500e-08	4.499656e-01	4.499983e-01	-1.73049e-14	
690	3.297500e-08	4.499656e-01	4.499984e-01	-1.62497e-14	
691	3.302500e-08	4.499656e-01	4.499985e-01	-1.52587e-14	
692	3.307500e-08	4.499656e-01	4.499986e-01	-1.43282e-14	

Index   time            v(cell)         v(bl)           vpre#branch     
--------------------------------------------------------------------------------
693	3.312500e-08	4.499656e-01	4.499987e-01	-1.34545e-14	
694	3.317500e-08	4.499656e-01	4.499987e-01	-1.26340e-14	
695	3.322500e-08	4.499656e-01	4.499988e-01	-1.18636e-14	
696	3.327500e-08	4.499656e-01	4.499989e-01	-1.11401e-14	
697	3.332500e-08	4.499656e-01	4.499990e-01	-1.04608e-14	
698	3.337500e-08	4.499656e-01	4.499990e-01	-9.82287e-15	
699	3.342500e-08	4.499656e-01	4.499991e-01	-9.22386e-15	
700	3.347500e-08	4.499656e-01	4.499991e-01	-8.66139e-15	
701	3.352500e-08	4.499656e-01	4.499992e-01	-8.13322e-15	
702	3.357500e-08	4.499656e-01	4.499992e-01	-7.63725e-15	
703	3.362500e-08	4.499656e-01	4.499993e-01	-7.17153e-15	
704	3.367500e-08	4.499656e-01	4.499993e-01	-6.73421e-15	
705	3.372500e-08	4.499656e-01	4.499994e-01	-6.32357e-15	
706	3.377500e-08	4.499656e-01	4.499994e-01	-5.93796e-15	
707	3.382500e-08	4.499656e-01	4.499994e-01	-5.57587e-15	
708	3.387500e-08	4.499656e-01	4.499995e-01	-5.23586e-15	
709	3.392500e-08	4.499656e-01	4.499995e-01	-4.91658e-15	
710	3.397500e-08	4.499656e-01	4.499995e-01	-4.61678e-15	
711	3.402500e-08	4.499656e-01	4.499996e-01	-4.33526e-15	
712	3.407500e-08	4.499656e-01	4.499996e-01	-4.07090e-15	
713	3.412500e-08	4.499656e-01	4.499996e-01	-3.82267e-15	
714	3.417500e-08	4.499656e-01	4.499996e-01	-3.58958e-15	
715	3.422500e-08	4.499656e-01	4.499997e-01	-3.37070e-15	
716	3.427500e-08	4.499656e-01	4.499997e-01	-3.16516e-15	
717	3.432500e-08	4.499656e-01	4.499997e-01	-2.97217e-15	
718	3.437500e-08	4.499656e-01	4.499997e-01	-2.79094e-15	
719	3.442500e-08	4.499656e-01	4.499997e-01	-2.62076e-15	
720	3.447500e-08	4.499656e-01	4.499998e-01	-2.46096e-15	
721	3.452500e-08	4.499656e-01	4.499998e-01	-2.31091e-15	
722	3.457500e-08	4.499656e-01	4.499998e-01	-2.17001e-15	
723	3.462500e-08	4.499656e-01	4.499998e-01	-2.03770e-15	
724	3.467500e-08	4.499656e-01	4.499998e-01	-1.91345e-15	
725	3.472500e-08	4.499656e-01	4.499998e-01	-1.79679e-15	
726	3.477500e-08	4.499656e-01	4.499998e-01	-1.68724e-15	
727	3.482500e-08	4.499656e-01	4.499998e-01	-1.58437e-15	
728	3.487500e-08	4.499656e-01	4.499999e-01	-1.48777e-15	
729	3.492500e-08	4.499656e-01	4.499999e-01	-1.39707e-15	
730	3.497500e-08	4.499656e-01	4.499999e-01	-1.31189e-15	
731	3.502500e-08	4.499656e-01	4.499999e-01	-1.23191e-15	
732	3.507500e-08	4.499656e-01	4.499999e-01	-1.15681e-15	
733	3.512500e-08	4.499656e-01	4.499999e-01	-1.08629e-15	
734	3.517500e-08	4.499656e-01	4.499999e-01	-1.02007e-15	
735	3.522500e-08	4.499656e-01	4.499999e-01	-9.57884e-16	
736	3.527500e-08	4.499656e-01	4.499999e-01	-8.99492e-16	
737	3.532500e-08	4.499656e-01	4.499999e-01	-8.44662e-16	
738	3.537500e-08	4.499656e-01	4.499999e-01	-7.93175e-16	
739	3.542500e-08	4.499656e-01	4.499999e-01	-7.44828e-16	
740	3.547500e-08	4.499656e-01	4.499999e-01	-6.99429e-16	
741	3.552500e-08	4.499656e-01	4.499999e-01	-6.56799e-16	
742	3.557500e-08	4.499656e-01	4.499999e-01	-6.16768e-16	
743	3.562500e-08	4.499656e-01	4.499999e-01	-5.79179e-16	
744	3.567500e-08	4.499656e-01	4.499999e-01	-5.43882e-16	
745	3.572500e-08	4.499656e-01	4.499999e-01	-5.10738e-16	
746	3.577500e-08	4.499656e-01	4.500000e-01	-4.79614e-16	
747	3.582500e-08	4.499656e-01	4.500000e-01	-4.50389e-16	
748	3.587500e-08	4.499656e-01	4.500000e-01	-4.22946e-16	
749	3.592500e-08	4.499656e-01	4.500000e-01	-3.97177e-16	
750	3.597500e-08	4.499656e-01	4.500000e-01	-3.72979e-16	

Index   time            v(cell)         v(bl)           vpre#branch     
--------------------------------------------------------------------------------
751	3.602500e-08	4.499656e-01	4.500000e-01	-3.50257e-16	
752	3.607500e-08	4.499656e-01	4.500000e-01	-3.28921e-16	
753	3.612500e-08	4.499656e-01	4.500000e-01	-3.08886e-16	
754	3.617500e-08	4.499656e-01	4.500000e-01	-2.90073e-16	
755	3.622500e-08	4.499656e-01	4.500000e-01	-2.72406e-16	
756	3.627500e-08	4.499656e-01	4.500000e-01	-2.55817e-16	
757	3.632500e-08	4.499656e-01	4.500000e-01	-2.40240e-16	
758	3.637500e-08	4.499656e-01	4.500000e-01	-2.25613e-16	
759	3.642500e-08	4.499656e-01	4.500000e-01	-2.11877e-16	
760	3.647500e-08	4.499656e-01	4.500000e-01	-1.98980e-16	
761	3.652500e-08	4.499656e-01	4.500000e-01	-1.86868e-16	
762	3.657500e-08	4.499656e-01	4.500000e-01	-1.75496e-16	
763	3.662500e-08	4.499656e-01	4.500000e-01	-1.64817e-16	
764	3.667500e-08	4.499656e-01	4.500000e-01	-1.54789e-16	
765	3.672500e-08	4.499656e-01	4.500000e-01	-1.45373e-16	
766	3.677500e-08	4.499656e-01	4.500000e-01	-1.36531e-16	
767	3.682500e-08	4.499656e-01	4.500000e-01	-1.28228e-16	
768	3.687500e-08	4.499656e-01	4.500000e-01	-1.20431e-16	
769	3.692500e-08	4.499656e-01	4.500000e-01	-1.13110e-16	
770	3.697500e-08	4.499656e-01	4.500000e-01	-1.06236e-16	
771	3.702500e-08	4.499656e-01	4.500000e-01	-9.97802e-17	
772	3.707500e-08	4.499656e-01	4.500000e-01	-9.37189e-17	
773	3.712500e-08	4.499656e-01	4.500000e-01	-8.80276e-17	
774	3.717500e-08	4.499656e-01	4.500000e-01	-8.26831e-17	
775	3.722500e-08	4.499656e-01	4.500000e-01	-7.76640e-17	
776	3.727500e-08	4.499656e-01	4.500000e-01	-7.29510e-17	
777	3.732500e-08	4.499656e-01	4.500000e-01	-6.85254e-17	
778	3.737500e-08	4.499656e-01	4.500000e-01	-6.43697e-17	
779	3.742500e-08	4.499656e-01	4.500000e-01	-6.04675e-17	
780	3.747500e-08	4.499656e-01	4.500000e-01	-5.68032e-17	
781	3.752500e-08	4.499656e-01	4.500000e-01	-5.33623e-17	
782	3.757500e-08	4.499656e-01	4.500000e-01	-5.01313e-17	
783	3.762500e-08	4.499656e-01	4.500000e-01	-4.70974e-17	
784	3.767500e-08	4.499656e-01	4.500000e-01	-4.42484e-17	
785	3.772500e-08	4.499656e-01	4.500000e-01	-4.15732e-17	
786	3.777500e-08	4.499656e-01	4.500000e-01	-3.90616e-17	
787	3.782500e-08	4.499656e-01	4.500000e-01	-3.67031e-17	
788	3.787500e-08	4.499656e-01	4.500000e-01	-3.44880e-17	
789	3.792500e-08	4.499656e-01	4.500000e-01	-3.24080e-17	
790	3.797500e-08	4.499656e-01	4.500000e-01	-3.04549e-17	
791	3.802500e-08	4.499656e-01	4.500000e-01	-2.86209e-17	
792	3.807500e-08	4.499656e-01	4.500000e-01	-2.68987e-17	
793	3.812500e-08	4.499656e-01	4.500000e-01	-2.52819e-17	
794	3.817500e-08	4.499656e-01	4.500000e-01	-2.37638e-17	
795	3.822500e-08	4.499656e-01	4.500000e-01	-2.23378e-17	
796	3.827500e-08	4.499656e-01	4.500000e-01	-2.09992e-17	
797	3.832500e-08	4.499656e-01	4.500000e-01	-1.97422e-17	
798	3.837500e-08	4.499656e-01	4.500000e-01	-1.85614e-17	
799	3.842500e-08	4.499656e-01	4.500000e-01	-1.74527e-17	
800	3.847500e-08	4.499656e-01	4.500000e-01	-1.64116e-17	
801	3.852500e-08	4.499656e-01	4.500000e-01	-1.54340e-17	
802	3.857500e-08	4.499656e-01	4.500000e-01	-1.45159e-17	
803	3.862500e-08	4.499656e-01	4.500000e-01	-1.36539e-17	
804	3.867500e-08	4.499656e-01	4.500000e-01	-1.28445e-17	
805	3.872500e-08	4.499656e-01	4.500000e-01	-1.20844e-17	
806	3.877500e-08	4.499656e-01	4.500000e-01	-1.13706e-17	
807	3.882500e-08	4.499656e-01	4.500000e-01	-1.07004e-17	
808	3.887500e-08	4.499656e-01	4.500000e-01	-1.00715e-17	

Index   time            v(cell)         v(bl)           vpre#branch     
--------------------------------------------------------------------------------
809	3.892500e-08	4.499656e-01	4.500000e-01	-9.48090e-18	
810	3.897500e-08	4.499656e-01	4.500000e-01	-8.92593e-18	
811	3.902500e-08	4.499656e-01	4.500000e-01	-8.40479e-18	
812	3.907500e-08	4.499656e-01	4.500000e-01	-7.91544e-18	
813	3.912500e-08	4.499656e-01	4.500000e-01	-7.45593e-18	
814	3.917500e-08	4.499656e-01	4.500000e-01	-7.02445e-18	
815	3.922500e-08	4.499656e-01	4.500000e-01	-6.61927e-18	
816	3.927500e-08	4.499656e-01	4.500000e-01	-6.23922e-18	
817	3.932500e-08	4.499656e-01	4.500000e-01	-5.88235e-18	
818	3.937500e-08	4.499656e-01	4.500000e-01	-5.54682e-18	
819	3.942500e-08	4.499656e-01	4.500000e-01	-5.23176e-18	
820	3.947500e-08	4.499656e-01	4.500000e-01	-4.93591e-18	
821	3.952500e-08	4.499656e-01	4.500000e-01	-4.65810e-18	
822	3.957500e-08	4.499656e-01	4.500000e-01	-4.39723e-18	
823	3.962500e-08	4.499656e-01	4.500000e-01	-4.15228e-18	
824	3.967500e-08	4.499656e-01	4.500000e-01	-3.92226e-18	
825	3.972500e-08	4.499656e-01	4.500000e-01	-3.70626e-18	
826	3.977500e-08	4.499656e-01	4.500000e-01	-3.50344e-18	
827	3.982500e-08	4.499656e-01	4.500000e-01	-3.31299e-18	
828	3.987500e-08	4.499656e-01	4.500000e-01	-3.13415e-18	
829	3.992500e-08	4.499656e-01	4.500000e-01	-2.96622e-18	
830	3.996250e-08	4.499656e-01	4.500000e-01	-2.84699e-18	
831	4.000000e-08	4.499656e-01	4.500000e-01	-2.73331e-18	


Total analysis time (seconds) = 0.413533

Total elapsed time (seconds) = 0.427 

Total DRAM available = 386307.215 MB.
DRAM currently available = 21727.043 MB.
Maximum ngspice program size =  529.723 MB.
Current ngspice program size =   14.211 MB.

Shared ngspice pages =   12.375 MB.
Text (code) pages =    6.266 MB.
Stack = 0 bytes.
Library pages =   59.141 MB.

