
Note: No compatibility mode selected!


Circuit: * mini-array n=8 layout

Doing analysis at TEMP = 85.000000 and TNOM = 27.000000

Using SPARSE 1.3 as Direct Linear Solver

Initial Transient Solution
--------------------------

Node                                   Voltage
----                                   -------
pre                                       0.45
bl0                                       0.45
s                                            0
bltap0                                    0.45
wl0                                          0
bl1                                       0.45
bltap1                                    0.45
wl1                                          0
bl2                                       0.45
bltap2                                    0.45
wl2                                          0
bl3                                       0.45
bltap3                                    0.45
wl3                                          0
bl4                                       0.45
bltap4                                    0.45
wl4                                          0
bl5                                       0.45
bltap5                                    0.45
wl5                                          0
bl6                                       0.45
bltap6                                    0.45
wl6                                          0
bl7                                       0.45
bltap7                                    0.45
wl7                                          0
plate0                                       0
cell0                                        0
plate1                                    0.45
cell1                                     0.45
plate2                                    0.45
cell2                                     0.45
plate3                                    0.45
cell3                                     0.45
plate4                                    0.45
cell4                                     0.45
plate5                                    0.45
cell5                                     0.45
plate6                                    0.45
cell6                                     0.45
plate7                                    0.45
cell7                                     0.45
vplate7#branch                               0
vwl7#branch                                  0
vplate6#branch                               0
vwl6#branch                                  0
vplate5#branch                               0
vwl5#branch                                  0
vplate4#branch                               0
vwl4#branch                                  0
vplate3#branch                               0
vwl3#branch                                  0
vplate2#branch                               0
vwl2#branch                                  0
vplate1#branch                               0
vwl1#branch                                  0
vplate0#branch                               0
vwl0#branch                                  0
vs#branch                                    0
vpre#branch                                  0


No. of Data Rows : 514

  Measurements for Transient Analysis

t_bl_settle         =  3.19870e-09
i_bl_leak           =  -2.70874e-10 from=  1.50000e-08 to=  2.50000e-08

                            * mini-array n=8 layout
                            Transient Analysis  Wed Jun 24 01:05:47  2026
--------------------------------------------------------------------------------
Index   time            v(bl0)          v(bl7)          vpre#branch     
--------------------------------------------------------------------------------
0	0.000000e+00	4.500000e-01	4.500000e-01	0.000000e+00	
1	5.000000e-13	4.500000e-01	4.500000e-01	-1.96123e-19	
2	1.000000e-12	4.500000e-01	4.500000e-01	-3.42515e-19	
3	2.000000e-12	4.500000e-01	4.500000e-01	-5.86293e-19	
4	4.000000e-12	4.500000e-01	4.500000e-01	-9.48208e-19	
5	8.000000e-12	4.500000e-01	4.500000e-01	-1.59814e-18	
6	1.600000e-11	4.500000e-01	4.500000e-01	-2.89088e-18	
7	3.200000e-11	4.500000e-01	4.500000e-01	-5.48130e-18	
8	6.400000e-11	4.500000e-01	4.500000e-01	-1.06578e-17	
9	1.140000e-10	4.500000e-01	4.500000e-01	-1.87494e-17	
10	1.640000e-10	4.500000e-01	4.500000e-01	-2.68379e-17	
11	2.140000e-10	4.500000e-01	4.500000e-01	-3.49290e-17	
12	2.640000e-10	4.500000e-01	4.500000e-01	-4.30175e-17	
13	3.140000e-10	4.500000e-01	4.500000e-01	-5.11086e-17	
14	3.640000e-10	4.500000e-01	4.500000e-01	-5.91971e-17	
15	4.140000e-10	4.500000e-01	4.500000e-01	-6.72880e-17	
16	4.640000e-10	4.500000e-01	4.500000e-01	-7.53766e-17	
17	5.140000e-10	4.500000e-01	4.500000e-01	-8.34674e-17	
18	5.640000e-10	4.500000e-01	4.500000e-01	-9.15560e-17	
19	6.140000e-10	4.500000e-01	4.500000e-01	-9.96467e-17	
20	6.640000e-10	4.500000e-01	4.500000e-01	-1.07735e-16	
21	7.140000e-10	4.500000e-01	4.500000e-01	-1.15826e-16	
22	7.640000e-10	4.500000e-01	4.500000e-01	-1.23915e-16	
23	8.140000e-10	4.500000e-01	4.500000e-01	-1.32005e-16	
24	8.640000e-10	4.500000e-01	4.500000e-01	-1.40094e-16	
25	9.140000e-10	4.500000e-01	4.500000e-01	-1.48184e-16	
26	9.570000e-10	4.500000e-01	4.500000e-01	-1.55140e-16	
27	1.000000e-09	4.500000e-01	4.500000e-01	-1.62099e-16	
28	1.005000e-09	4.500551e-01	4.500312e-01	5.505225e-13	
29	1.015000e-09	4.501427e-01	4.501108e-01	1.426816e-12	
30	1.035000e-09	4.503071e-01	4.502810e-01	3.070617e-12	
31	1.075000e-09	4.506441e-01	4.506131e-01	6.441060e-12	
32	1.125000e-09	4.510600e-01	4.510335e-01	1.060023e-11	
33	1.175000e-09	4.514803e-01	4.514496e-01	1.480306e-11	
34	1.225000e-09	4.518965e-01	4.518696e-01	1.896517e-11	
35	1.275000e-09	4.523164e-01	4.522860e-01	2.316405e-11	
36	1.325000e-09	4.527327e-01	4.527055e-01	2.732667e-11	
37	1.375000e-09	4.531517e-01	4.531217e-01	3.151713e-11	
38	1.425000e-09	4.535667e-01	4.535395e-01	3.566749e-11	
39	1.475000e-09	4.539820e-01	4.539525e-01	3.981995e-11	
40	1.525000e-09	4.543889e-01	4.543622e-01	4.388875e-11	
41	1.575000e-09	4.547857e-01	4.547581e-01	4.785749e-11	
42	1.625000e-09	4.551572e-01	4.551334e-01	5.157166e-11	
43	1.675000e-09	4.554931e-01	4.554706e-01	5.493148e-11	
44	1.725000e-09	4.557757e-01	4.557588e-01	5.775707e-11	
45	1.775000e-09	4.559972e-01	4.559834e-01	5.997222e-11	
46	1.825000e-09	4.561465e-01	4.561391e-01	6.146530e-11	
47	1.875000e-09	4.562218e-01	4.562184e-01	6.221782e-11	
48	1.925000e-09	4.562172e-01	4.562204e-01	6.217152e-11	
49	1.962500e-09	4.561624e-01	4.561687e-01	6.162381e-11	
50	2.000000e-09	4.560612e-01	4.560726e-01	6.061170e-11	
51	2.005000e-09	4.559903e-01	4.560252e-01	5.990292e-11	
52	2.015000e-09	4.558710e-01	4.559137e-01	5.871048e-11	
53	2.035000e-09	4.556451e-01	4.556816e-01	5.645055e-11	
54	2.075000e-09	4.551917e-01	4.552324e-01	5.191710e-11	

Index   time            v(bl0)          v(bl7)          vpre#branch     
--------------------------------------------------------------------------------
55	2.125000e-09	4.546429e-01	4.546782e-01	4.642895e-11	
56	2.175000e-09	4.541033e-01	4.541417e-01	4.103296e-11	
57	2.225000e-09	4.535808e-01	4.536146e-01	3.580825e-11	
58	2.275000e-09	4.530674e-01	4.531038e-01	3.067390e-11	
59	2.325000e-09	4.525697e-01	4.526021e-01	2.569728e-11	
60	2.375000e-09	4.520809e-01	4.521154e-01	2.080885e-11	
61	2.425000e-09	4.516066e-01	4.516376e-01	1.606599e-11	
62	2.475000e-09	4.511409e-01	4.511736e-01	1.140884e-11	
63	2.525000e-09	4.506886e-01	4.507183e-01	6.886291e-12	
64	2.575000e-09	4.502447e-01	4.502757e-01	2.446753e-12	
65	2.625000e-09	4.498132e-01	4.498416e-01	-1.86806e-12	
66	2.675000e-09	4.493897e-01	4.494193e-01	-6.10273e-12	
67	2.725000e-09	4.489778e-01	4.490051e-01	-1.02216e-11	
68	2.775000e-09	4.485737e-01	4.486018e-01	-1.42633e-11	
69	2.825000e-09	4.481803e-01	4.482064e-01	-1.81973e-11	
70	2.875000e-09	4.477943e-01	4.478211e-01	-2.20571e-11	
71	2.925000e-09	4.474183e-01	4.474434e-01	-2.58167e-11	
72	2.975000e-09	4.470495e-01	4.470750e-01	-2.95050e-11	
73	3.025000e-09	4.466900e-01	4.467140e-01	-3.30998e-11	
74	3.075000e-09	4.463374e-01	4.463617e-01	-3.66264e-11	
75	3.125000e-09	4.459935e-01	4.460165e-01	-4.00655e-11	
76	3.175000e-09	4.456561e-01	4.456793e-01	-4.34394e-11	
77	3.225000e-09	4.453269e-01	4.453489e-01	-4.67315e-11	
78	3.275000e-09	4.450039e-01	4.450261e-01	-4.99612e-11	
79	3.325000e-09	4.446886e-01	4.447097e-01	-5.31142e-11	
80	3.375000e-09	4.443792e-01	4.444005e-01	-5.62077e-11	
81	3.425000e-09	4.440771e-01	4.440974e-01	-5.92292e-11	
82	3.475000e-09	4.437806e-01	4.438010e-01	-6.21939e-11	
83	3.525000e-09	4.434909e-01	4.435104e-01	-6.50911e-11	
84	3.575000e-09	4.432066e-01	4.432261e-01	-6.79340e-11	
85	3.625000e-09	4.429287e-01	4.429474e-01	-7.07134e-11	
86	3.675000e-09	4.426559e-01	4.426746e-01	-7.34411e-11	
87	3.725000e-09	4.423891e-01	4.424071e-01	-7.61089e-11	
88	3.775000e-09	4.421272e-01	4.421452e-01	-7.87276e-11	
89	3.825000e-09	4.418710e-01	4.418883e-01	-8.12898e-11	
90	3.875000e-09	4.416195e-01	4.416367e-01	-8.38051e-11	
91	3.925000e-09	4.413733e-01	4.413899e-01	-8.62672e-11	
92	3.975000e-09	4.411315e-01	4.411481e-01	-8.86847e-11	
93	4.025000e-09	4.408948e-01	4.409108e-01	-9.10518e-11	
94	4.075000e-09	4.406624e-01	4.406782e-01	-9.33765e-11	
95	4.125000e-09	4.404346e-01	4.404501e-01	-9.56536e-11	
96	4.175000e-09	4.402110e-01	4.402263e-01	-9.78902e-11	
97	4.225000e-09	4.399918e-01	4.400067e-01	-1.00082e-10	
98	4.275000e-09	4.397765e-01	4.397912e-01	-1.02235e-10	
99	4.325000e-09	4.395655e-01	4.395798e-01	-1.04345e-10	
100	4.375000e-09	4.393581e-01	4.393722e-01	-1.06419e-10	
101	4.425000e-09	4.391547e-01	4.391685e-01	-1.08453e-10	
102	4.475000e-09	4.389549e-01	4.389685e-01	-1.10451e-10	
103	4.525000e-09	4.387589e-01	4.387722e-01	-1.12411e-10	
104	4.575000e-09	4.385662e-01	4.385793e-01	-1.14338e-10	
105	4.625000e-09	4.383771e-01	4.383900e-01	-1.16229e-10	
106	4.675000e-09	4.381913e-01	4.382039e-01	-1.18087e-10	
107	4.725000e-09	4.380088e-01	4.380212e-01	-1.19912e-10	
108	4.775000e-09	4.378294e-01	4.378417e-01	-1.21706e-10	
109	4.825000e-09	4.376533e-01	4.376653e-01	-1.23467e-10	
110	4.875000e-09	4.374800e-01	4.374919e-01	-1.25200e-10	
111	4.925000e-09	4.373099e-01	4.373215e-01	-1.26901e-10	
112	4.975000e-09	4.371425e-01	4.371540e-01	-1.28575e-10	

Index   time            v(bl0)          v(bl7)          vpre#branch     
--------------------------------------------------------------------------------
113	5.025000e-09	4.369781e-01	4.369893e-01	-1.30219e-10	
114	5.075000e-09	4.368163e-01	4.368274e-01	-1.31837e-10	
115	5.125000e-09	4.366574e-01	4.366682e-01	-1.33426e-10	
116	5.175000e-09	4.365009e-01	4.365116e-01	-1.34991e-10	
117	5.225000e-09	4.363471e-01	4.363576e-01	-1.36529e-10	
118	5.275000e-09	4.361957e-01	4.362061e-01	-1.38043e-10	
119	5.325000e-09	4.360469e-01	4.360571e-01	-1.39531e-10	
120	5.375000e-09	4.359004e-01	4.359104e-01	-1.40996e-10	
121	5.425000e-09	4.357563e-01	4.357661e-01	-1.42437e-10	
122	5.475000e-09	4.356144e-01	4.356240e-01	-1.43856e-10	
123	5.525000e-09	4.354748e-01	4.354843e-01	-1.45252e-10	
124	5.575000e-09	4.353373e-01	4.353467e-01	-1.46627e-10	
125	5.625000e-09	4.352020e-01	4.352112e-01	-1.47980e-10	
126	5.675000e-09	4.350687e-01	4.350778e-01	-1.49313e-10	
127	5.725000e-09	4.349376e-01	4.349465e-01	-1.50624e-10	
128	5.775000e-09	4.348083e-01	4.348171e-01	-1.51917e-10	
129	5.825000e-09	4.346811e-01	4.346897e-01	-1.53189e-10	
130	5.875000e-09	4.345557e-01	4.345642e-01	-1.54443e-10	
131	5.925000e-09	4.344322e-01	4.344406e-01	-1.55678e-10	
132	5.975000e-09	4.343105e-01	4.343188e-01	-1.56895e-10	
133	6.025000e-09	4.341906e-01	4.341988e-01	-1.58094e-10	
134	6.075000e-09	4.340724e-01	4.340805e-01	-1.59276e-10	
135	6.125000e-09	4.339560e-01	4.339640e-01	-1.60440e-10	
136	6.175000e-09	4.338412e-01	4.338491e-01	-1.61588e-10	
137	6.225000e-09	4.337281e-01	4.337358e-01	-1.62719e-10	
138	6.275000e-09	4.336165e-01	4.336241e-01	-1.63835e-10	
139	6.325000e-09	4.335066e-01	4.335141e-01	-1.64934e-10	
140	6.375000e-09	4.333981e-01	4.334055e-01	-1.66019e-10	
141	6.425000e-09	4.332912e-01	4.332985e-01	-1.67088e-10	
142	6.475000e-09	4.331857e-01	4.331929e-01	-1.68143e-10	
143	6.525000e-09	4.330817e-01	4.330888e-01	-1.69183e-10	
144	6.575000e-09	4.329790e-01	4.329860e-01	-1.70210e-10	
145	6.625000e-09	4.328778e-01	4.328847e-01	-1.71222e-10	
146	6.675000e-09	4.327779e-01	4.327847e-01	-1.72221e-10	
147	6.725000e-09	4.326793e-01	4.326861e-01	-1.73207e-10	
148	6.775000e-09	4.325820e-01	4.325887e-01	-1.74180e-10	
149	6.825000e-09	4.324861e-01	4.324926e-01	-1.75139e-10	
150	6.875000e-09	4.323913e-01	4.323978e-01	-1.76087e-10	
151	6.925000e-09	4.322978e-01	4.323042e-01	-1.77022e-10	
152	6.975000e-09	4.322054e-01	4.322117e-01	-1.77946e-10	
153	7.025000e-09	4.321143e-01	4.321205e-01	-1.78857e-10	
154	7.075000e-09	4.320243e-01	4.320304e-01	-1.79757e-10	
155	7.125000e-09	4.319354e-01	4.319415e-01	-1.80646e-10	
156	7.175000e-09	4.318476e-01	4.318536e-01	-1.81524e-10	
157	7.225000e-09	4.317610e-01	4.317669e-01	-1.82390e-10	
158	7.275000e-09	4.316753e-01	4.316812e-01	-1.83247e-10	
159	7.325000e-09	4.315908e-01	4.315966e-01	-1.84092e-10	
160	7.375000e-09	4.315072e-01	4.315129e-01	-1.84928e-10	
161	7.425000e-09	4.314247e-01	4.314303e-01	-1.85753e-10	
162	7.475000e-09	4.313431e-01	4.313487e-01	-1.86569e-10	
163	7.525000e-09	4.312626e-01	4.312681e-01	-1.87374e-10	
164	7.575000e-09	4.311829e-01	4.311884e-01	-1.88171e-10	
165	7.625000e-09	4.311043e-01	4.311096e-01	-1.88957e-10	
166	7.675000e-09	4.310264e-01	4.310318e-01	-1.89736e-10	
167	7.725000e-09	4.309496e-01	4.309548e-01	-1.90504e-10	
168	7.775000e-09	4.308736e-01	4.308788e-01	-1.91264e-10	
169	7.825000e-09	4.307985e-01	4.308036e-01	-1.92015e-10	
170	7.875000e-09	4.307242e-01	4.307292e-01	-1.92758e-10	

Index   time            v(bl0)          v(bl7)          vpre#branch     
--------------------------------------------------------------------------------
171	7.925000e-09	4.306507e-01	4.306558e-01	-1.93493e-10	
172	7.975000e-09	4.305781e-01	4.305831e-01	-1.94219e-10	
173	8.025000e-09	4.305063e-01	4.305112e-01	-1.94937e-10	
174	8.075000e-09	4.304353e-01	4.304401e-01	-1.95647e-10	
175	8.125000e-09	4.303650e-01	4.303698e-01	-1.96350e-10	
176	8.175000e-09	4.302956e-01	4.303003e-01	-1.97044e-10	
177	8.225000e-09	4.302268e-01	4.302315e-01	-1.97732e-10	
178	8.275000e-09	4.301588e-01	4.301635e-01	-1.98412e-10	
179	8.325000e-09	4.300916e-01	4.300962e-01	-1.99084e-10	
180	8.375000e-09	4.300250e-01	4.300296e-01	-1.99750e-10	
181	8.425000e-09	4.299592e-01	4.299637e-01	-2.00408e-10	
182	8.475000e-09	4.298941e-01	4.298985e-01	-2.01059e-10	
183	8.525000e-09	4.298296e-01	4.298340e-01	-2.01704e-10	
184	8.575000e-09	4.297658e-01	4.297701e-01	-2.02342e-10	
185	8.625000e-09	4.297026e-01	4.297069e-01	-2.02974e-10	
186	8.675000e-09	4.296401e-01	4.296444e-01	-2.03599e-10	
187	8.725000e-09	4.295783e-01	4.295825e-01	-2.04217e-10	
188	8.775000e-09	4.295170e-01	4.295212e-01	-2.04830e-10	
189	8.825000e-09	4.294564e-01	4.294605e-01	-2.05436e-10	
190	8.875000e-09	4.293963e-01	4.294005e-01	-2.06037e-10	
191	8.925000e-09	4.293369e-01	4.293410e-01	-2.06631e-10	
192	8.975000e-09	4.292781e-01	4.292821e-01	-2.07219e-10	
193	9.025000e-09	4.292198e-01	4.292238e-01	-2.07802e-10	
194	9.075000e-09	4.291621e-01	4.291660e-01	-2.08379e-10	
195	9.125000e-09	4.291049e-01	4.291089e-01	-2.08951e-10	
196	9.175000e-09	4.290483e-01	4.290522e-01	-2.09517e-10	
197	9.225000e-09	4.289923e-01	4.289961e-01	-2.10077e-10	
198	9.275000e-09	4.289367e-01	4.289405e-01	-2.10633e-10	
199	9.325000e-09	4.288818e-01	4.288855e-01	-2.11182e-10	
200	9.375000e-09	4.288272e-01	4.288310e-01	-2.11728e-10	
201	9.425000e-09	4.287733e-01	4.287770e-01	-2.12267e-10	
202	9.475000e-09	4.287198e-01	4.287234e-01	-2.12802e-10	
203	9.525000e-09	4.286668e-01	4.286704e-01	-2.13332e-10	
204	9.575000e-09	4.286143e-01	4.286179e-01	-2.13857e-10	
205	9.625000e-09	4.285623e-01	4.285658e-01	-2.14377e-10	
206	9.675000e-09	4.285107e-01	4.285142e-01	-2.14893e-10	
207	9.725000e-09	4.284596e-01	4.284631e-01	-2.15404e-10	
208	9.775000e-09	4.284090e-01	4.284124e-01	-2.15910e-10	
209	9.825000e-09	4.283588e-01	4.283622e-01	-2.16412e-10	
210	9.875000e-09	4.283090e-01	4.283124e-01	-2.16910e-10	
211	9.925000e-09	4.282597e-01	4.282631e-01	-2.17403e-10	
212	9.975000e-09	4.282108e-01	4.282142e-01	-2.17892e-10	
213	1.002500e-08	4.281624e-01	4.281657e-01	-2.18376e-10	
214	1.007500e-08	4.281143e-01	4.281176e-01	-2.18857e-10	
215	1.012500e-08	4.280667e-01	4.280700e-01	-2.19333e-10	
216	1.017500e-08	4.280195e-01	4.280227e-01	-2.19805e-10	
217	1.022500e-08	4.279727e-01	4.279759e-01	-2.20273e-10	
218	1.027500e-08	4.279262e-01	4.279294e-01	-2.20738e-10	
219	1.032500e-08	4.278802e-01	4.278834e-01	-2.21198e-10	
220	1.037500e-08	4.278346e-01	4.278377e-01	-2.21654e-10	
221	1.042500e-08	4.277893e-01	4.277924e-01	-2.22107e-10	
222	1.047500e-08	4.277444e-01	4.277475e-01	-2.22556e-10	
223	1.052500e-08	4.276999e-01	4.277029e-01	-2.23001e-10	
224	1.057500e-08	4.276557e-01	4.276587e-01	-2.23443e-10	
225	1.062500e-08	4.276119e-01	4.276149e-01	-2.23881e-10	
226	1.067500e-08	4.275684e-01	4.275714e-01	-2.24316e-10	
227	1.072500e-08	4.275253e-01	4.275282e-01	-2.24747e-10	
228	1.077500e-08	4.274825e-01	4.274855e-01	-2.25175e-10	

Index   time            v(bl0)          v(bl7)          vpre#branch     
--------------------------------------------------------------------------------
229	1.082500e-08	4.274401e-01	4.274430e-01	-2.25599e-10	
230	1.087500e-08	4.273980e-01	4.274009e-01	-2.26020e-10	
231	1.092500e-08	4.273563e-01	4.273591e-01	-2.26437e-10	
232	1.097500e-08	4.273148e-01	4.273176e-01	-2.26852e-10	
233	1.102500e-08	4.272737e-01	4.272765e-01	-2.27263e-10	
234	1.107500e-08	4.272329e-01	4.272357e-01	-2.27671e-10	
235	1.112500e-08	4.271924e-01	4.271952e-01	-2.28076e-10	
236	1.117500e-08	4.271522e-01	4.271550e-01	-2.28478e-10	
237	1.122500e-08	4.271124e-01	4.271151e-01	-2.28876e-10	
238	1.127500e-08	4.270728e-01	4.270755e-01	-2.29272e-10	
239	1.132500e-08	4.270335e-01	4.270362e-01	-2.29665e-10	
240	1.137500e-08	4.269945e-01	4.269972e-01	-2.30055e-10	
241	1.142500e-08	4.269559e-01	4.269585e-01	-2.30441e-10	
242	1.147500e-08	4.269174e-01	4.269201e-01	-2.30826e-10	
243	1.152500e-08	4.268793e-01	4.268819e-01	-2.31207e-10	
244	1.157500e-08	4.268415e-01	4.268441e-01	-2.31585e-10	
245	1.162500e-08	4.268039e-01	4.268065e-01	-2.31961e-10	
246	1.167500e-08	4.267666e-01	4.267692e-01	-2.32334e-10	
247	1.172500e-08	4.267296e-01	4.267321e-01	-2.32704e-10	
248	1.177500e-08	4.266928e-01	4.266954e-01	-2.33072e-10	
249	1.182500e-08	4.266564e-01	4.266589e-01	-2.33436e-10	
250	1.187500e-08	4.266201e-01	4.266226e-01	-2.33799e-10	
251	1.192500e-08	4.265841e-01	4.265866e-01	-2.34159e-10	
252	1.197500e-08	4.265484e-01	4.265509e-01	-2.34516e-10	
253	1.202500e-08	4.265129e-01	4.265154e-01	-2.34871e-10	
254	1.207500e-08	4.264777e-01	4.264801e-01	-2.35223e-10	
255	1.212500e-08	4.264427e-01	4.264451e-01	-2.35573e-10	
256	1.217500e-08	4.264080e-01	4.264103e-01	-2.35920e-10	
257	1.222500e-08	4.263735e-01	4.263758e-01	-2.36265e-10	
258	1.227500e-08	4.263392e-01	4.263415e-01	-2.36608e-10	
259	1.232500e-08	4.263052e-01	4.263075e-01	-2.36948e-10	
260	1.237500e-08	4.262713e-01	4.262737e-01	-2.37287e-10	
261	1.242500e-08	4.262378e-01	4.262401e-01	-2.37622e-10	
262	1.247500e-08	4.262044e-01	4.262067e-01	-2.37956e-10	
263	1.252500e-08	4.261713e-01	4.261735e-01	-2.38287e-10	
264	1.257500e-08	4.261384e-01	4.261406e-01	-2.38616e-10	
265	1.262500e-08	4.261057e-01	4.261079e-01	-2.38943e-10	
266	1.267500e-08	4.260732e-01	4.260754e-01	-2.39268e-10	
267	1.272500e-08	4.260409e-01	4.260431e-01	-2.39591e-10	
268	1.277500e-08	4.260089e-01	4.260111e-01	-2.39911e-10	
269	1.282500e-08	4.259770e-01	4.259792e-01	-2.40230e-10	
270	1.287500e-08	4.259454e-01	4.259475e-01	-2.40546e-10	
271	1.292500e-08	4.259139e-01	4.259161e-01	-2.40861e-10	
272	1.297500e-08	4.258827e-01	4.258848e-01	-2.41173e-10	
273	1.302500e-08	4.258516e-01	4.258538e-01	-2.41484e-10	
274	1.307500e-08	4.258208e-01	4.258229e-01	-2.41792e-10	
275	1.312500e-08	4.257901e-01	4.257922e-01	-2.42099e-10	
276	1.317500e-08	4.257597e-01	4.257618e-01	-2.42403e-10	
277	1.322500e-08	4.257294e-01	4.257315e-01	-2.42706e-10	
278	1.327500e-08	4.256993e-01	4.257014e-01	-2.43007e-10	
279	1.332500e-08	4.256694e-01	4.256715e-01	-2.43306e-10	
280	1.337500e-08	4.256397e-01	4.256418e-01	-2.43603e-10	
281	1.342500e-08	4.256102e-01	4.256122e-01	-2.43898e-10	
282	1.347500e-08	4.255809e-01	4.255829e-01	-2.44191e-10	
283	1.352500e-08	4.255517e-01	4.255537e-01	-2.44483e-10	
284	1.357500e-08	4.255227e-01	4.255247e-01	-2.44773e-10	
285	1.362500e-08	4.254939e-01	4.254958e-01	-2.45061e-10	
286	1.367500e-08	4.254652e-01	4.254672e-01	-2.45348e-10	

Index   time            v(bl0)          v(bl7)          vpre#branch     
--------------------------------------------------------------------------------
287	1.372500e-08	4.254368e-01	4.254387e-01	-2.45632e-10	
288	1.377500e-08	4.254084e-01	4.254104e-01	-2.45916e-10	
289	1.382500e-08	4.253803e-01	4.253822e-01	-2.46197e-10	
290	1.387500e-08	4.253523e-01	4.253543e-01	-2.46477e-10	
291	1.392500e-08	4.253245e-01	4.253264e-01	-2.46755e-10	
292	1.397500e-08	4.252969e-01	4.252988e-01	-2.47031e-10	
293	1.402500e-08	4.252694e-01	4.252713e-01	-2.47306e-10	
294	1.407500e-08	4.252421e-01	4.252440e-01	-2.47579e-10	
295	1.412500e-08	4.252149e-01	4.252168e-01	-2.47851e-10	
296	1.417500e-08	4.251879e-01	4.251898e-01	-2.48121e-10	
297	1.422500e-08	4.251611e-01	4.251629e-01	-2.48389e-10	
298	1.427500e-08	4.251344e-01	4.251362e-01	-2.48656e-10	
299	1.432500e-08	4.251078e-01	4.251096e-01	-2.48922e-10	
300	1.437500e-08	4.250814e-01	4.250832e-01	-2.49186e-10	
301	1.442500e-08	4.250552e-01	4.250569e-01	-2.49448e-10	
302	1.447500e-08	4.250290e-01	4.250308e-01	-2.49710e-10	
303	1.452500e-08	4.250031e-01	4.250049e-01	-2.49969e-10	
304	1.457500e-08	4.249773e-01	4.249790e-01	-2.50227e-10	
305	1.462500e-08	4.249516e-01	4.249534e-01	-2.50484e-10	
306	1.467500e-08	4.249261e-01	4.249278e-01	-2.50739e-10	
307	1.472500e-08	4.249007e-01	4.249024e-01	-2.50993e-10	
308	1.477500e-08	4.248754e-01	4.248772e-01	-2.51246e-10	
309	1.482500e-08	4.248503e-01	4.248520e-01	-2.51497e-10	
310	1.487500e-08	4.248253e-01	4.248271e-01	-2.51747e-10	
311	1.492500e-08	4.248005e-01	4.248022e-01	-2.51995e-10	
312	1.497500e-08	4.247758e-01	4.247775e-01	-2.52242e-10	
313	1.502500e-08	4.247512e-01	4.247529e-01	-2.52488e-10	
314	1.507500e-08	4.247268e-01	4.247285e-01	-2.52732e-10	
315	1.512500e-08	4.247025e-01	4.247041e-01	-2.52975e-10	
316	1.517500e-08	4.246783e-01	4.246799e-01	-2.53217e-10	
317	1.522500e-08	4.246542e-01	4.246559e-01	-2.53458e-10	
318	1.527500e-08	4.246303e-01	4.246319e-01	-2.53697e-10	
319	1.532500e-08	4.246065e-01	4.246081e-01	-2.53935e-10	
320	1.537500e-08	4.245828e-01	4.245844e-01	-2.54172e-10	
321	1.542500e-08	4.245593e-01	4.245609e-01	-2.54407e-10	
322	1.547500e-08	4.245358e-01	4.245374e-01	-2.54642e-10	
323	1.552500e-08	4.245125e-01	4.245141e-01	-2.54875e-10	
324	1.557500e-08	4.244893e-01	4.244909e-01	-2.55107e-10	
325	1.562500e-08	4.244662e-01	4.244678e-01	-2.55338e-10	
326	1.567500e-08	4.244433e-01	4.244449e-01	-2.55567e-10	
327	1.572500e-08	4.244204e-01	4.244220e-01	-2.55796e-10	
328	1.577500e-08	4.243977e-01	4.243993e-01	-2.56023e-10	
329	1.582500e-08	4.243751e-01	4.243767e-01	-2.56249e-10	
330	1.587500e-08	4.243526e-01	4.243542e-01	-2.56474e-10	
331	1.592500e-08	4.243302e-01	4.243318e-01	-2.56698e-10	
332	1.597500e-08	4.243080e-01	4.243095e-01	-2.56920e-10	
333	1.602500e-08	4.242858e-01	4.242873e-01	-2.57142e-10	
334	1.607500e-08	4.242638e-01	4.242653e-01	-2.57362e-10	
335	1.612500e-08	4.242418e-01	4.242433e-01	-2.57582e-10	
336	1.617500e-08	4.242200e-01	4.242215e-01	-2.57800e-10	
337	1.622500e-08	4.241983e-01	4.241997e-01	-2.58017e-10	
338	1.627500e-08	4.241766e-01	4.241781e-01	-2.58234e-10	
339	1.632500e-08	4.241551e-01	4.241566e-01	-2.58449e-10	
340	1.637500e-08	4.241337e-01	4.241352e-01	-2.58663e-10	
341	1.642500e-08	4.241124e-01	4.241139e-01	-2.58876e-10	
342	1.647500e-08	4.240912e-01	4.240927e-01	-2.59088e-10	
343	1.652500e-08	4.240701e-01	4.240715e-01	-2.59299e-10	
344	1.657500e-08	4.240491e-01	4.240505e-01	-2.59509e-10	

Index   time            v(bl0)          v(bl7)          vpre#branch     
--------------------------------------------------------------------------------
345	1.662500e-08	4.240282e-01	4.240296e-01	-2.59718e-10	
346	1.667500e-08	4.240074e-01	4.240088e-01	-2.59926e-10	
347	1.672500e-08	4.239867e-01	4.239881e-01	-2.60133e-10	
348	1.677500e-08	4.239661e-01	4.239675e-01	-2.60339e-10	
349	1.682500e-08	4.239456e-01	4.239470e-01	-2.60544e-10	
350	1.687500e-08	4.239252e-01	4.239266e-01	-2.60748e-10	
351	1.692500e-08	4.239049e-01	4.239062e-01	-2.60951e-10	
352	1.697500e-08	4.238846e-01	4.238860e-01	-2.61154e-10	
353	1.702500e-08	4.238645e-01	4.238659e-01	-2.61355e-10	
354	1.707500e-08	4.238445e-01	4.238458e-01	-2.61555e-10	
355	1.712500e-08	4.238245e-01	4.238259e-01	-2.61755e-10	
356	1.717500e-08	4.238047e-01	4.238060e-01	-2.61953e-10	
357	1.722500e-08	4.237849e-01	4.237863e-01	-2.62151e-10	
358	1.727500e-08	4.237653e-01	4.237666e-01	-2.62347e-10	
359	1.732500e-08	4.237457e-01	4.237470e-01	-2.62543e-10	
360	1.737500e-08	4.237262e-01	4.237275e-01	-2.62738e-10	
361	1.742500e-08	4.237068e-01	4.237081e-01	-2.62932e-10	
362	1.747500e-08	4.236875e-01	4.236888e-01	-2.63125e-10	
363	1.752500e-08	4.236682e-01	4.236696e-01	-2.63318e-10	
364	1.757500e-08	4.236491e-01	4.236504e-01	-2.63509e-10	
365	1.762500e-08	4.236300e-01	4.236313e-01	-2.63700e-10	
366	1.767500e-08	4.236111e-01	4.236124e-01	-2.63889e-10	
367	1.772500e-08	4.235922e-01	4.235935e-01	-2.64078e-10	
368	1.777500e-08	4.235734e-01	4.235747e-01	-2.64266e-10	
369	1.782500e-08	4.235547e-01	4.235559e-01	-2.64453e-10	
370	1.787500e-08	4.235360e-01	4.235373e-01	-2.64640e-10	
371	1.792500e-08	4.235175e-01	4.235187e-01	-2.64825e-10	
372	1.797500e-08	4.234990e-01	4.235003e-01	-2.65010e-10	
373	1.802500e-08	4.234806e-01	4.234819e-01	-2.65194e-10	
374	1.807500e-08	4.234623e-01	4.234635e-01	-2.65377e-10	
375	1.812500e-08	4.234440e-01	4.234453e-01	-2.65560e-10	
376	1.817500e-08	4.234259e-01	4.234271e-01	-2.65741e-10	
377	1.822500e-08	4.234078e-01	4.234090e-01	-2.65922e-10	
378	1.827500e-08	4.233898e-01	4.233910e-01	-2.66102e-10	
379	1.832500e-08	4.233719e-01	4.233731e-01	-2.66281e-10	
380	1.837500e-08	4.233540e-01	4.233553e-01	-2.66460e-10	
381	1.842500e-08	4.233363e-01	4.233375e-01	-2.66637e-10	
382	1.847500e-08	4.233186e-01	4.233198e-01	-2.66814e-10	
383	1.852500e-08	4.233009e-01	4.233021e-01	-2.66991e-10	
384	1.857500e-08	4.232834e-01	4.232846e-01	-2.67166e-10	
385	1.862500e-08	4.232659e-01	4.232671e-01	-2.67341e-10	
386	1.867500e-08	4.232485e-01	4.232497e-01	-2.67515e-10	
387	1.872500e-08	4.232312e-01	4.232324e-01	-2.67688e-10	
388	1.877500e-08	4.232139e-01	4.232151e-01	-2.67861e-10	
389	1.882500e-08	4.231968e-01	4.231979e-01	-2.68032e-10	
390	1.887500e-08	4.231796e-01	4.231808e-01	-2.68204e-10	
391	1.892500e-08	4.231626e-01	4.231638e-01	-2.68374e-10	
392	1.897500e-08	4.231456e-01	4.231468e-01	-2.68544e-10	
393	1.902500e-08	4.231287e-01	4.231299e-01	-2.68713e-10	
394	1.907500e-08	4.231119e-01	4.231130e-01	-2.68881e-10	
395	1.912500e-08	4.230951e-01	4.230963e-01	-2.69049e-10	
396	1.917500e-08	4.230784e-01	4.230796e-01	-2.69216e-10	
397	1.922500e-08	4.230618e-01	4.230629e-01	-2.69382e-10	
398	1.927500e-08	4.230452e-01	4.230464e-01	-2.69548e-10	
399	1.932500e-08	4.230288e-01	4.230299e-01	-2.69712e-10	
400	1.937500e-08	4.230123e-01	4.230134e-01	-2.69877e-10	
401	1.942500e-08	4.229960e-01	4.229971e-01	-2.70040e-10	
402	1.947500e-08	4.229797e-01	4.229808e-01	-2.70203e-10	

Index   time            v(bl0)          v(bl7)          vpre#branch     
--------------------------------------------------------------------------------
403	1.952500e-08	4.229634e-01	4.229645e-01	-2.70366e-10	
404	1.957500e-08	4.229473e-01	4.229484e-01	-2.70527e-10	
405	1.962500e-08	4.229312e-01	4.229323e-01	-2.70688e-10	
406	1.967500e-08	4.229151e-01	4.229162e-01	-2.70849e-10	
407	1.972500e-08	4.228992e-01	4.229003e-01	-2.71008e-10	
408	1.977500e-08	4.228832e-01	4.228843e-01	-2.71168e-10	
409	1.982500e-08	4.228674e-01	4.228685e-01	-2.71326e-10	
410	1.987500e-08	4.228516e-01	4.228527e-01	-2.71484e-10	
411	1.992500e-08	4.228359e-01	4.228370e-01	-2.71641e-10	
412	1.997500e-08	4.228202e-01	4.228213e-01	-2.71798e-10	
413	2.002500e-08	4.228046e-01	4.228057e-01	-2.71954e-10	
414	2.007500e-08	4.227891e-01	4.227902e-01	-2.72109e-10	
415	2.012500e-08	4.227736e-01	4.227747e-01	-2.72264e-10	
416	2.017500e-08	4.227582e-01	4.227592e-01	-2.72418e-10	
417	2.022500e-08	4.227428e-01	4.227439e-01	-2.72572e-10	
418	2.027500e-08	4.227275e-01	4.227286e-01	-2.72725e-10	
419	2.032500e-08	4.227123e-01	4.227133e-01	-2.72877e-10	
420	2.037500e-08	4.226971e-01	4.226981e-01	-2.73029e-10	
421	2.042500e-08	4.226820e-01	4.226830e-01	-2.73180e-10	
422	2.047500e-08	4.226669e-01	4.226679e-01	-2.73331e-10	
423	2.052500e-08	4.226519e-01	4.226529e-01	-2.73481e-10	
424	2.057500e-08	4.226369e-01	4.226380e-01	-2.73631e-10	
425	2.062500e-08	4.226220e-01	4.226231e-01	-2.73780e-10	
426	2.067500e-08	4.226072e-01	4.226082e-01	-2.73928e-10	
427	2.072500e-08	4.225924e-01	4.225934e-01	-2.74076e-10	
428	2.077500e-08	4.225777e-01	4.225787e-01	-2.74223e-10	
429	2.082500e-08	4.225630e-01	4.225640e-01	-2.74370e-10	
430	2.087500e-08	4.225484e-01	4.225494e-01	-2.74516e-10	
431	2.092500e-08	4.225338e-01	4.225348e-01	-2.74662e-10	
432	2.097500e-08	4.225193e-01	4.225203e-01	-2.74807e-10	
433	2.102500e-08	4.225048e-01	4.225058e-01	-2.74952e-10	
434	2.107500e-08	4.224904e-01	4.224914e-01	-2.75096e-10	
435	2.112500e-08	4.224761e-01	4.224771e-01	-2.75239e-10	
436	2.117500e-08	4.224618e-01	4.224628e-01	-2.75382e-10	
437	2.122500e-08	4.224475e-01	4.224485e-01	-2.75525e-10	
438	2.127500e-08	4.224334e-01	4.224343e-01	-2.75666e-10	
439	2.132500e-08	4.224192e-01	4.224202e-01	-2.75808e-10	
440	2.137500e-08	4.224051e-01	4.224061e-01	-2.75949e-10	
441	2.142500e-08	4.223911e-01	4.223920e-01	-2.76089e-10	
442	2.147500e-08	4.223771e-01	4.223781e-01	-2.76229e-10	
443	2.152500e-08	4.223632e-01	4.223641e-01	-2.76368e-10	
444	2.157500e-08	4.223493e-01	4.223502e-01	-2.76507e-10	
445	2.162500e-08	4.223354e-01	4.223364e-01	-2.76646e-10	
446	2.167500e-08	4.223217e-01	4.223226e-01	-2.76783e-10	
447	2.172500e-08	4.223079e-01	4.223089e-01	-2.76921e-10	
448	2.177500e-08	4.222942e-01	4.222952e-01	-2.77058e-10	
449	2.182500e-08	4.222806e-01	4.222815e-01	-2.77194e-10	
450	2.187500e-08	4.222670e-01	4.222679e-01	-2.77330e-10	
451	2.192500e-08	4.222535e-01	4.222544e-01	-2.77465e-10	
452	2.197500e-08	4.222400e-01	4.222409e-01	-2.77600e-10	
453	2.202500e-08	4.222265e-01	4.222275e-01	-2.77735e-10	
454	2.207500e-08	4.222131e-01	4.222141e-01	-2.77869e-10	
455	2.212500e-08	4.221998e-01	4.222007e-01	-2.78002e-10	
456	2.217500e-08	4.221865e-01	4.221874e-01	-2.78135e-10	
457	2.222500e-08	4.221732e-01	4.221741e-01	-2.78268e-10	
458	2.227500e-08	4.221600e-01	4.221609e-01	-2.78400e-10	
459	2.232500e-08	4.221469e-01	4.221478e-01	-2.78531e-10	
460	2.237500e-08	4.221338e-01	4.221347e-01	-2.78662e-10	

Index   time            v(bl0)          v(bl7)          vpre#branch     
--------------------------------------------------------------------------------
461	2.242500e-08	4.221207e-01	4.221216e-01	-2.78793e-10	
462	2.247500e-08	4.221077e-01	4.221086e-01	-2.78923e-10	
463	2.252500e-08	4.220947e-01	4.220956e-01	-2.79053e-10	
464	2.257500e-08	4.220818e-01	4.220826e-01	-2.79182e-10	
465	2.262500e-08	4.220689e-01	4.220697e-01	-2.79311e-10	
466	2.267500e-08	4.220560e-01	4.220569e-01	-2.79440e-10	
467	2.272500e-08	4.220432e-01	4.220441e-01	-2.79568e-10	
468	2.277500e-08	4.220305e-01	4.220313e-01	-2.79695e-10	
469	2.282500e-08	4.220178e-01	4.220186e-01	-2.79822e-10	
470	2.287500e-08	4.220051e-01	4.220060e-01	-2.79949e-10	
471	2.292500e-08	4.219925e-01	4.219933e-01	-2.80075e-10	
472	2.297500e-08	4.219799e-01	4.219808e-01	-2.80201e-10	
473	2.302500e-08	4.219674e-01	4.219682e-01	-2.80326e-10	
474	2.307500e-08	4.219549e-01	4.219557e-01	-2.80451e-10	
475	2.312500e-08	4.219424e-01	4.219433e-01	-2.80576e-10	
476	2.317500e-08	4.219300e-01	4.219309e-01	-2.80700e-10	
477	2.322500e-08	4.219177e-01	4.219185e-01	-2.80823e-10	
478	2.327500e-08	4.219053e-01	4.219062e-01	-2.80947e-10	
479	2.332500e-08	4.218930e-01	4.218939e-01	-2.81070e-10	
480	2.337500e-08	4.218808e-01	4.218816e-01	-2.81192e-10	
481	2.342500e-08	4.218686e-01	4.218694e-01	-2.81314e-10	
482	2.347500e-08	4.218565e-01	4.218573e-01	-2.81435e-10	
483	2.352500e-08	4.218443e-01	4.218452e-01	-2.81557e-10	
484	2.357500e-08	4.218323e-01	4.218331e-01	-2.81677e-10	
485	2.362500e-08	4.218202e-01	4.218211e-01	-2.81798e-10	
486	2.367500e-08	4.218082e-01	4.218091e-01	-2.81918e-10	
487	2.372500e-08	4.217963e-01	4.217971e-01	-2.82037e-10	
488	2.377500e-08	4.217844e-01	4.217852e-01	-2.82156e-10	
489	2.382500e-08	4.217725e-01	4.217733e-01	-2.82275e-10	
490	2.387500e-08	4.217607e-01	4.217615e-01	-2.82393e-10	
491	2.392500e-08	4.217489e-01	4.217497e-01	-2.82511e-10	
492	2.397500e-08	4.217371e-01	4.217379e-01	-2.82629e-10	
493	2.402500e-08	4.217254e-01	4.217262e-01	-2.82746e-10	
494	2.407500e-08	4.217137e-01	4.217145e-01	-2.82863e-10	
495	2.412500e-08	4.217021e-01	4.217029e-01	-2.82979e-10	
496	2.417500e-08	4.216905e-01	4.216913e-01	-2.83095e-10	
497	2.422500e-08	4.216789e-01	4.216797e-01	-2.83211e-10	
498	2.427500e-08	4.216674e-01	4.216682e-01	-2.83326e-10	
499	2.432500e-08	4.216559e-01	4.216567e-01	-2.83441e-10	
500	2.437500e-08	4.216445e-01	4.216453e-01	-2.83555e-10	
501	2.442500e-08	4.216331e-01	4.216339e-01	-2.83669e-10	
502	2.447500e-08	4.216217e-01	4.216225e-01	-2.83783e-10	
503	2.452500e-08	4.216104e-01	4.216111e-01	-2.83896e-10	
504	2.457500e-08	4.215991e-01	4.215998e-01	-2.84009e-10	
505	2.462500e-08	4.215878e-01	4.215886e-01	-2.84122e-10	
506	2.467500e-08	4.215766e-01	4.215774e-01	-2.84234e-10	
507	2.472500e-08	4.215654e-01	4.215662e-01	-2.84346e-10	
508	2.477500e-08	4.215543e-01	4.215550e-01	-2.84457e-10	
509	2.482500e-08	4.215431e-01	4.215439e-01	-2.84569e-10	
510	2.487500e-08	4.215321e-01	4.215328e-01	-2.84679e-10	
511	2.492500e-08	4.215210e-01	4.215218e-01	-2.84790e-10	
512	2.496250e-08	4.215128e-01	4.215135e-01	-2.84872e-10	
513	2.500000e-08	4.215045e-01	4.215053e-01	-2.84955e-10	


Total analysis time (seconds) = 0.0545368

Total elapsed time (seconds) = 0.062 

Total DRAM available = 386307.215 MB.
DRAM currently available = 8556.180 MB.
Maximum ngspice program size =  529.844 MB.
Current ngspice program size =   14.215 MB.

Shared ngspice pages =   12.285 MB.
Text (code) pages =    6.266 MB.
Stack = 0 bytes.
Library pages =   59.262 MB.

