
Note: No compatibility mode selected!


Circuit: * id-vd sweep vgs=0.9000v

Doing analysis at TEMP = 85.000000 and TNOM = 27.000000

Using SPARSE 1.3 as Direct Linear Solver

No. of Data Rows : 101
                           * id-vd sweep vgs=0.9000v
                           DC transfer characteristic  Tue Jun 23 21:14:44  2026
--------------------------------------------------------------------------------
Index   v-sweep         vd#branch       v(d)            
--------------------------------------------------------------------------------
0	0.000000e+00	0.000000e+00	0.000000e+00	
1	9.000000e-03	-7.49838e-07	9.000000e-03	
2	1.800000e-02	-1.36314e-06	1.800000e-02	
3	2.700000e-02	-1.69227e-06	2.700000e-02	
4	3.600000e-02	-1.85193e-06	3.600000e-02	
5	4.500000e-02	-1.95153e-06	4.500000e-02	
6	5.400000e-02	-2.02388e-06	5.400000e-02	
7	6.300000e-02	-2.08073e-06	6.300000e-02	
8	7.200000e-02	-2.12767e-06	7.200000e-02	
9	8.100000e-02	-2.16772e-06	8.100000e-02	
10	9.000000e-02	-2.20275e-06	9.000000e-02	
11	9.900000e-02	-2.23569e-06	9.900000e-02	
12	1.080000e-01	-2.26351e-06	1.080000e-01	
13	1.170000e-01	-2.28900e-06	1.170000e-01	
14	1.260000e-01	-2.31256e-06	1.260000e-01	
15	1.350000e-01	-2.33450e-06	1.350000e-01	
16	1.440000e-01	-2.35505e-06	1.440000e-01	
17	1.530000e-01	-2.37441e-06	1.530000e-01	
18	1.620000e-01	-2.39274e-06	1.620000e-01	
19	1.710000e-01	-2.41015e-06	1.710000e-01	
20	1.800000e-01	-2.42676e-06	1.800000e-01	
21	1.890000e-01	-2.44265e-06	1.890000e-01	
22	1.980000e-01	-2.45789e-06	1.980000e-01	
23	2.070000e-01	-2.47256e-06	2.070000e-01	
24	2.160000e-01	-2.48670e-06	2.160000e-01	
25	2.250000e-01	-2.50036e-06	2.250000e-01	
26	2.340000e-01	-2.51358e-06	2.340000e-01	
27	2.430000e-01	-2.52640e-06	2.430000e-01	
28	2.520000e-01	-2.53885e-06	2.520000e-01	
29	2.610000e-01	-2.55097e-06	2.610000e-01	
30	2.700000e-01	-2.56276e-06	2.700000e-01	
31	2.790000e-01	-2.57426e-06	2.790000e-01	
32	2.880000e-01	-2.58549e-06	2.880000e-01	
33	2.970000e-01	-2.59646e-06	2.970000e-01	
34	3.060000e-01	-2.60720e-06	3.060000e-01	
35	3.150000e-01	-2.61771e-06	3.150000e-01	
36	3.240000e-01	-2.62801e-06	3.240000e-01	
37	3.330000e-01	-2.63811e-06	3.330000e-01	
38	3.420000e-01	-2.64803e-06	3.420000e-01	
39	3.510000e-01	-2.65777e-06	3.510000e-01	
40	3.600000e-01	-2.66734e-06	3.600000e-01	
41	3.690000e-01	-2.67676e-06	3.690000e-01	
42	3.780000e-01	-2.68602e-06	3.780000e-01	
43	3.870000e-01	-2.69515e-06	3.870000e-01	
44	3.960000e-01	-2.70414e-06	3.960000e-01	
45	4.050000e-01	-2.71300e-06	4.050000e-01	
46	4.140000e-01	-2.72174e-06	4.140000e-01	
47	4.230000e-01	-2.73036e-06	4.230000e-01	
48	4.320000e-01	-2.73887e-06	4.320000e-01	
49	4.410000e-01	-2.74727e-06	4.410000e-01	
50	4.500000e-01	-2.75557e-06	4.500000e-01	
51	4.590000e-01	-2.76378e-06	4.590000e-01	
52	4.680000e-01	-2.77189e-06	4.680000e-01	
53	4.770000e-01	-2.77991e-06	4.770000e-01	
54	4.860000e-01	-2.78784e-06	4.860000e-01	

Index   v-sweep         vd#branch       v(d)            
--------------------------------------------------------------------------------
55	4.950000e-01	-2.79569e-06	4.950000e-01	
56	5.040000e-01	-2.80346e-06	5.040000e-01	
57	5.130000e-01	-2.81116e-06	5.130000e-01	
58	5.220000e-01	-2.81878e-06	5.220000e-01	
59	5.310000e-01	-2.82633e-06	5.310000e-01	
60	5.400000e-01	-2.83381e-06	5.400000e-01	
61	5.490000e-01	-2.84122e-06	5.490000e-01	
62	5.580000e-01	-2.84858e-06	5.580000e-01	
63	5.670000e-01	-2.85586e-06	5.670000e-01	
64	5.760000e-01	-2.86309e-06	5.760000e-01	
65	5.850000e-01	-2.87026e-06	5.850000e-01	
66	5.940000e-01	-2.87738e-06	5.940000e-01	
67	6.030000e-01	-2.88444e-06	6.030000e-01	
68	6.120000e-01	-2.89145e-06	6.120000e-01	
69	6.210000e-01	-2.89841e-06	6.210000e-01	
70	6.300000e-01	-2.90532e-06	6.300000e-01	
71	6.390000e-01	-2.91218e-06	6.390000e-01	
72	6.480000e-01	-2.91900e-06	6.480000e-01	
73	6.570000e-01	-2.92577e-06	6.570000e-01	
74	6.660000e-01	-2.93250e-06	6.660000e-01	
75	6.750000e-01	-2.93918e-06	6.750000e-01	
76	6.840000e-01	-2.94583e-06	6.840000e-01	
77	6.930000e-01	-2.95243e-06	6.930000e-01	
78	7.020000e-01	-2.95900e-06	7.020000e-01	
79	7.110000e-01	-2.96552e-06	7.110000e-01	
80	7.200000e-01	-2.97201e-06	7.200000e-01	
81	7.290000e-01	-2.97847e-06	7.290000e-01	
82	7.380000e-01	-2.98489e-06	7.380000e-01	
83	7.470000e-01	-2.99128e-06	7.470000e-01	
84	7.560000e-01	-2.99763e-06	7.560000e-01	
85	7.650000e-01	-3.00395e-06	7.650000e-01	
86	7.740000e-01	-3.01024e-06	7.740000e-01	
87	7.830000e-01	-3.01650e-06	7.830000e-01	
88	7.920000e-01	-3.02273e-06	7.920000e-01	
89	8.010000e-01	-3.02893e-06	8.010000e-01	
90	8.100000e-01	-3.03510e-06	8.100000e-01	
91	8.190000e-01	-3.04124e-06	8.190000e-01	
92	8.280000e-01	-3.04736e-06	8.280000e-01	
93	8.370000e-01	-3.05345e-06	8.370000e-01	
94	8.460000e-01	-3.05951e-06	8.460000e-01	
95	8.550000e-01	-3.06555e-06	8.550000e-01	
96	8.640000e-01	-3.07157e-06	8.640000e-01	
97	8.730000e-01	-3.07755e-06	8.730000e-01	
98	8.820000e-01	-3.08352e-06	8.820000e-01	
99	8.910000e-01	-3.08946e-06	8.910000e-01	
100	9.000000e-01	-3.09538e-06	9.000000e-01	


Total analysis time (seconds) = 0.0172928

Total elapsed time (seconds) = 0.023 

Total DRAM available = 386307.215 MB.
DRAM currently available = 12580.164 MB.
Maximum ngspice program size =  529.723 MB.
Current ngspice program size =   14.184 MB.

Shared ngspice pages =   12.414 MB.
Text (code) pages =    6.266 MB.
Stack = 0 bytes.
Library pages =   59.141 MB.

