
Note: No compatibility mode selected!


Circuit: * wl switching transient

Doing analysis at TEMP = 85.000000 and TNOM = 27.000000

Using SPARSE 1.3 as Direct Linear Solver

Initial Transient Solution
--------------------------

Node                                   Voltage
----                                   -------
d                                         0.45
g                                            0
s                                            0
vg#branch                                    0
vd#branch                         -3.49613e-12
vs#branch                          3.49613e-12


No. of Data Rows : 217
                            * wl switching transient
                            Transient Analysis  Tue Jun 23 21:19:58  2026
--------------------------------------------------------------------------------
Index   time            v(g)            vg#branch       
--------------------------------------------------------------------------------
0	0.000000e+00	0.000000e+00	0.000000e+00	
1	1.000000e-12	0.000000e+00	5.430828e-22	
2	2.000000e-12	0.000000e+00	1.195663e-22	
3	4.000000e-12	0.000000e+00	1.195663e-22	
4	8.000000e-12	0.000000e+00	5.978314e-23	
5	1.600000e-11	0.000000e+00	2.989157e-23	
6	3.200000e-11	0.000000e+00	-9.09333e-23	
7	6.400000e-11	0.000000e+00	1.133520e-22	
8	1.280000e-10	0.000000e+00	-8.89078e-23	
9	2.280000e-10	0.000000e+00	7.968308e-23	
10	3.280000e-10	0.000000e+00	-1.05605e-22	
11	4.280000e-10	0.000000e+00	7.968308e-23	
12	5.280000e-10	0.000000e+00	-1.05605e-22	
13	6.280000e-10	0.000000e+00	7.968308e-23	
14	7.280000e-10	0.000000e+00	-1.05605e-22	
15	8.280000e-10	0.000000e+00	7.968308e-23	
16	9.140000e-10	0.000000e+00	-8.09378e-23	
17	1.000000e-09	0.000000e+00	6.464602e-23	
18	1.010000e-09	9.000000e-03	-1.42575e-08	
19	1.030000e-09	2.700000e-02	-1.43573e-08	
20	1.070000e-09	6.300000e-02	-1.42581e-08	
21	1.150000e-09	1.350000e-01	-1.43573e-08	
22	1.250000e-09	2.250000e-01	-1.42598e-08	
23	1.350000e-09	3.150000e-01	-1.43673e-08	
24	1.450000e-09	4.050000e-01	-1.43250e-08	
25	1.550000e-09	4.950000e-01	-1.47357e-08	
26	1.650000e-09	5.850000e-01	-1.56085e-08	
27	1.750000e-09	6.750000e-01	-1.66244e-08	
28	1.850000e-09	7.650000e-01	-1.69575e-08	
29	1.925000e-09	8.325000e-01	-1.73132e-08	
30	2.000000e-09	9.000000e-01	-1.73280e-08	
31	2.010000e-09	9.000000e-01	-7.41613e-11	
32	2.030000e-09	9.000000e-01	7.352310e-11	
33	2.070000e-09	9.000000e-01	-7.32060e-11	
34	2.150000e-09	9.000000e-01	7.304791e-11	
35	2.250000e-09	9.000000e-01	-7.29217e-11	
36	2.350000e-09	9.000000e-01	7.279573e-11	
37	2.450000e-09	9.000000e-01	-7.26700e-11	
38	2.550000e-09	9.000000e-01	7.254444e-11	
39	2.650000e-09	9.000000e-01	-7.24191e-11	
40	2.750000e-09	9.000000e-01	7.229401e-11	
41	2.850000e-09	9.000000e-01	-7.21691e-11	
42	2.950000e-09	9.000000e-01	7.204445e-11	
43	3.050000e-09	9.000000e-01	-7.19200e-11	
44	3.150000e-09	9.000000e-01	7.179576e-11	
45	3.250000e-09	9.000000e-01	-7.16717e-11	
46	3.350000e-09	9.000000e-01	7.154793e-11	
47	3.450000e-09	9.000000e-01	-7.14243e-11	
48	3.550000e-09	9.000000e-01	7.130096e-11	
49	3.650000e-09	9.000000e-01	-7.11778e-11	
50	3.750000e-09	9.000000e-01	7.105485e-11	
51	3.850000e-09	9.000000e-01	-7.09321e-11	
52	3.950000e-09	9.000000e-01	7.080959e-11	
53	4.050000e-09	9.000000e-01	-7.06873e-11	
54	4.150000e-09	9.000000e-01	7.056518e-11	

Index   time            v(g)            vg#branch       
--------------------------------------------------------------------------------
55	4.250000e-09	9.000000e-01	-7.04433e-11	
56	4.350000e-09	9.000000e-01	7.032162e-11	
57	4.450000e-09	9.000000e-01	-7.02002e-11	
58	4.550000e-09	9.000000e-01	7.007890e-11	
59	4.650000e-09	9.000000e-01	-6.99579e-11	
60	4.750000e-09	9.000000e-01	6.983703e-11	
61	4.850000e-09	9.000000e-01	-6.97164e-11	
62	4.950000e-09	9.000000e-01	6.959599e-11	
63	5.050000e-09	9.000000e-01	-6.94758e-11	
64	5.150000e-09	9.000000e-01	6.935579e-11	
65	5.250000e-09	9.000000e-01	-6.92360e-11	
66	5.350000e-09	9.000000e-01	6.911643e-11	
67	5.450000e-09	9.000000e-01	-6.89971e-11	
68	5.550000e-09	9.000000e-01	6.887789e-11	
69	5.650000e-09	9.000000e-01	-6.87589e-11	
70	5.750000e-09	9.000000e-01	6.864018e-11	
71	5.850000e-09	9.000000e-01	-6.85216e-11	
72	5.950000e-09	9.000000e-01	6.840330e-11	
73	6.050000e-09	9.000000e-01	-6.82852e-11	
74	6.150000e-09	9.000000e-01	6.816723e-11	
75	6.250000e-09	9.000000e-01	-6.80495e-11	
76	6.350000e-09	9.000000e-01	6.793199e-11	
77	6.450000e-09	9.000000e-01	-6.78147e-11	
78	6.550000e-09	9.000000e-01	6.769756e-11	
79	6.650000e-09	9.000000e-01	-6.75807e-11	
80	6.750000e-09	9.000000e-01	6.746394e-11	
81	6.850000e-09	9.000000e-01	-6.73474e-11	
82	6.950000e-09	9.000000e-01	6.723114e-11	
83	7.050000e-09	9.000000e-01	-6.71150e-11	
84	7.150000e-09	9.000000e-01	6.699914e-11	
85	7.250000e-09	9.000000e-01	-6.68834e-11	
86	7.350000e-09	9.000000e-01	6.676795e-11	
87	7.450000e-09	9.000000e-01	-6.66527e-11	
88	7.550000e-09	9.000000e-01	6.653755e-11	
89	7.650000e-09	9.000000e-01	-6.64227e-11	
90	7.750000e-09	9.000000e-01	6.630796e-11	
91	7.850000e-09	9.000000e-01	-6.61935e-11	
92	7.950000e-09	9.000000e-01	6.607916e-11	
93	8.050000e-09	9.000000e-01	-6.59651e-11	
94	8.150000e-09	9.000000e-01	6.585116e-11	
95	8.250000e-09	9.000000e-01	-6.57375e-11	
96	8.350000e-09	9.000000e-01	6.562395e-11	
97	8.450000e-09	9.000000e-01	-6.55106e-11	
98	8.550000e-09	9.000000e-01	6.539752e-11	
99	8.650000e-09	9.000000e-01	-6.52846e-11	
100	8.750000e-09	9.000000e-01	6.517188e-11	
101	8.850000e-09	9.000000e-01	-6.50594e-11	
102	8.950000e-09	9.000000e-01	6.494702e-11	
103	9.050000e-09	9.000000e-01	-6.48349e-11	
104	9.150000e-09	9.000000e-01	6.472294e-11	
105	9.250000e-09	9.000000e-01	-6.46112e-11	
106	9.350000e-09	9.000000e-01	6.449964e-11	
107	9.450000e-09	9.000000e-01	-6.43883e-11	
108	9.550000e-09	9.000000e-01	6.427712e-11	
109	9.650000e-09	9.000000e-01	-6.41661e-11	
110	9.750000e-09	9.000000e-01	6.405536e-11	
111	9.850000e-09	9.000000e-01	-6.39448e-11	
112	9.925000e-09	9.000000e-01	6.379762e-11	

Index   time            v(g)            vg#branch       
--------------------------------------------------------------------------------
113	1.000000e-08	9.000000e-01	-6.36508e-11	
114	1.001000e-08	9.000000e-01	-2.73769e-13	
115	1.003000e-08	9.000000e-01	2.714023e-13	
116	1.007000e-08	9.000000e-01	-2.70227e-13	
117	1.015000e-08	9.000000e-01	2.696408e-13	
118	1.025000e-08	9.000000e-01	-2.69173e-13	
119	1.035000e-08	9.000000e-01	2.687061e-13	
120	1.045000e-08	9.000000e-01	-2.68240e-13	
121	1.055000e-08	9.000000e-01	2.677746e-13	
122	1.065000e-08	9.000000e-01	-2.67310e-13	
123	1.075000e-08	9.000000e-01	2.668464e-13	
124	1.085000e-08	9.000000e-01	-2.66383e-13	
125	1.095000e-08	9.000000e-01	2.659213e-13	
126	1.105000e-08	9.000000e-01	-2.65460e-13	
127	1.115000e-08	9.000000e-01	2.649996e-13	
128	1.125000e-08	9.000000e-01	-2.64540e-13	
129	1.135000e-08	9.000000e-01	2.640810e-13	
130	1.145000e-08	9.000000e-01	-2.63623e-13	
131	1.155000e-08	9.000000e-01	2.631656e-13	
132	1.165000e-08	9.000000e-01	-2.62709e-13	
133	1.175000e-08	9.000000e-01	2.622534e-13	
134	1.185000e-08	9.000000e-01	-2.61798e-13	
135	1.195000e-08	9.000000e-01	2.613444e-13	
136	1.205000e-08	9.000000e-01	-2.60891e-13	
137	1.215000e-08	9.000000e-01	2.604385e-13	
138	1.225000e-08	9.000000e-01	-2.59987e-13	
139	1.235000e-08	9.000000e-01	2.595358e-13	
140	1.245000e-08	9.000000e-01	-2.59086e-13	
141	1.255000e-08	9.000000e-01	2.586362e-13	
142	1.265000e-08	9.000000e-01	-2.58188e-13	
143	1.275000e-08	9.000000e-01	2.577398e-13	
144	1.285000e-08	9.000000e-01	-2.57293e-13	
145	1.295000e-08	9.000000e-01	2.568465e-13	
146	1.305000e-08	9.000000e-01	-2.56401e-13	
147	1.315000e-08	9.000000e-01	2.559563e-13	
148	1.325000e-08	9.000000e-01	-2.55512e-13	
149	1.335000e-08	9.000000e-01	2.550692e-13	
150	1.345000e-08	9.000000e-01	-2.54627e-13	
151	1.355000e-08	9.000000e-01	2.541851e-13	
152	1.365000e-08	9.000000e-01	-2.53744e-13	
153	1.375000e-08	9.000000e-01	2.533042e-13	
154	1.385000e-08	9.000000e-01	-2.52865e-13	
155	1.395000e-08	9.000000e-01	2.524263e-13	
156	1.405000e-08	9.000000e-01	-2.51989e-13	
157	1.415000e-08	9.000000e-01	2.515515e-13	
158	1.425000e-08	9.000000e-01	-2.51115e-13	
159	1.435000e-08	9.000000e-01	2.506797e-13	
160	1.445000e-08	9.000000e-01	-2.50245e-13	
161	1.455000e-08	9.000000e-01	2.498110e-13	
162	1.465000e-08	9.000000e-01	-2.49378e-13	
163	1.475000e-08	9.000000e-01	2.489452e-13	
164	1.485000e-08	9.000000e-01	-2.48514e-13	
165	1.495000e-08	9.000000e-01	2.480825e-13	
166	1.505000e-08	9.000000e-01	-2.47652e-13	
167	1.515000e-08	9.000000e-01	2.472228e-13	
168	1.525000e-08	9.000000e-01	-2.46794e-13	
169	1.535000e-08	9.000000e-01	2.463661e-13	
170	1.545000e-08	9.000000e-01	-2.45939e-13	

Index   time            v(g)            vg#branch       
--------------------------------------------------------------------------------
171	1.555000e-08	9.000000e-01	2.455124e-13	
172	1.565000e-08	9.000000e-01	-2.45087e-13	
173	1.575000e-08	9.000000e-01	2.446616e-13	
174	1.585000e-08	9.000000e-01	-2.44237e-13	
175	1.595000e-08	9.000000e-01	2.438138e-13	
176	1.605000e-08	9.000000e-01	-2.43391e-13	
177	1.615000e-08	9.000000e-01	2.429689e-13	
178	1.625000e-08	9.000000e-01	-2.42548e-13	
179	1.635000e-08	9.000000e-01	2.421270e-13	
180	1.645000e-08	9.000000e-01	-2.41707e-13	
181	1.655000e-08	9.000000e-01	2.412881e-13	
182	1.665000e-08	9.000000e-01	-2.40870e-13	
183	1.675000e-08	9.000000e-01	2.404520e-13	
184	1.685000e-08	9.000000e-01	-2.40035e-13	
185	1.695000e-08	9.000000e-01	2.396188e-13	
186	1.705000e-08	9.000000e-01	-2.39203e-13	
187	1.715000e-08	9.000000e-01	2.387886e-13	
188	1.725000e-08	9.000000e-01	-2.38375e-13	
189	1.735000e-08	9.000000e-01	2.379612e-13	
190	1.745000e-08	9.000000e-01	-2.37549e-13	
191	1.755000e-08	9.000000e-01	2.371367e-13	
192	1.765000e-08	9.000000e-01	-2.36726e-13	
193	1.775000e-08	9.000000e-01	2.363151e-13	
194	1.785000e-08	9.000000e-01	-2.35905e-13	
195	1.795000e-08	9.000000e-01	2.354963e-13	
196	1.805000e-08	9.000000e-01	-2.35088e-13	
197	1.815000e-08	9.000000e-01	2.346804e-13	
198	1.825000e-08	9.000000e-01	-2.34274e-13	
199	1.835000e-08	9.000000e-01	2.338674e-13	
200	1.845000e-08	9.000000e-01	-2.33462e-13	
201	1.855000e-08	9.000000e-01	2.330571e-13	
202	1.865000e-08	9.000000e-01	-2.32653e-13	
203	1.875000e-08	9.000000e-01	2.322497e-13	
204	1.885000e-08	9.000000e-01	-2.31847e-13	
205	1.895000e-08	9.000000e-01	2.314451e-13	
206	1.905000e-08	9.000000e-01	-2.31044e-13	
207	1.915000e-08	9.000000e-01	2.306432e-13	
208	1.925000e-08	9.000000e-01	-2.30243e-13	
209	1.935000e-08	9.000000e-01	2.298442e-13	
210	1.945000e-08	9.000000e-01	-2.29446e-13	
211	1.955000e-08	9.000000e-01	2.290480e-13	
212	1.965000e-08	9.000000e-01	-2.28651e-13	
213	1.975000e-08	9.000000e-01	2.282545e-13	
214	1.985000e-08	9.000000e-01	-2.27859e-13	
215	1.992500e-08	9.000000e-01	2.273323e-13	
216	2.000000e-08	9.000000e-01	-2.26807e-13	


Total analysis time (seconds) = 0.0189781

Total elapsed time (seconds) = 0.028 

Total DRAM available = 386307.215 MB.
DRAM currently available = 12836.008 MB.
Maximum ngspice program size =  529.719 MB.
Current ngspice program size =   14.062 MB.

Shared ngspice pages =   12.305 MB.
Text (code) pages =    6.266 MB.
Stack = 0 bytes.
Library pages =   59.137 MB.

