
Note: No compatibility mode selected!


Circuit: * 1t1c ccell=10.0ff

Doing analysis at TEMP = 85.000000 and TNOM = 27.000000

Using SPARSE 1.3 as Direct Linear Solver

Initial Transient Solution
--------------------------

Node                                   Voltage
----                                   -------
pre                                       0.45
bl                                        0.45
wl                                           0
plate                                        0
s                                            0
cell                                         0
vs#branch                                    0
vpl#branch                                   0
vwl#branch                                   0
vpre#branch                                  0


No. of Data Rows : 832

  Measurements for Transient Analysis

t_write             =  1.90071e-09
t_read              =  2.28984e-08
i_hold              =  -2.87228e-11 from=  2.50000e-08 to=  3.50250e-08
q_read              =   1.95274e-19 from=  1.20000e-08 to=  2.20000e-08

                              * 1t1c ccell=10.0ff
                              Transient Analysis  Tue Jun 23 23:58:08  2026
--------------------------------------------------------------------------------
Index   time            v(cell)         v(bl)           vpre#branch     
--------------------------------------------------------------------------------
0	0.000000e+00	0.000000e+00	4.500000e-01	0.000000e+00	
1	5.000000e-13	1.746766e-10	4.499998e-01	-2.35209e-15	
2	1.000000e-12	3.493446e-10	4.499995e-01	-4.54832e-15	
3	2.000000e-12	6.986793e-10	4.499991e-01	-8.93802e-15	
4	4.000000e-12	1.397347e-09	4.499982e-01	-1.77009e-14	
5	8.000000e-12	2.794680e-09	4.499965e-01	-3.51605e-14	
6	1.600000e-11	5.589327e-09	4.499930e-01	-6.98174e-14	
7	3.200000e-11	1.117855e-08	4.499862e-01	-1.38094e-13	
8	6.400000e-11	2.235675e-08	4.499729e-01	-2.70603e-13	
9	1.140000e-10	3.982201e-08	4.499533e-01	-4.67287e-13	
10	1.640000e-10	5.728649e-08	4.499348e-01	-6.51967e-13	
11	2.140000e-10	7.475024e-08	4.499175e-01	-8.25376e-13	
12	2.640000e-10	9.221331e-08	4.499012e-01	-9.88201e-13	
13	3.140000e-10	1.096757e-07	4.498859e-01	-1.14109e-12	
14	3.640000e-10	1.271376e-07	4.498715e-01	-1.28465e-12	
15	4.140000e-10	1.445988e-07	4.498581e-01	-1.41944e-12	
16	4.640000e-10	1.620595e-07	4.498454e-01	-1.54601e-12	
17	5.140000e-10	1.795197e-07	4.498335e-01	-1.66485e-12	
18	5.640000e-10	1.969795e-07	4.498224e-01	-1.77644e-12	
19	6.140000e-10	2.144388e-07	4.498119e-01	-1.88123e-12	
20	6.640000e-10	2.318977e-07	4.498020e-01	-1.97961e-12	
21	7.140000e-10	2.493562e-07	4.497928e-01	-2.07199e-12	
22	7.640000e-10	2.668143e-07	4.497841e-01	-2.15873e-12	
23	8.140000e-10	2.842721e-07	4.497760e-01	-2.24018e-12	
24	8.640000e-10	3.017295e-07	4.497683e-01	-2.31666e-12	
25	9.140000e-10	3.191867e-07	4.497612e-01	-2.38847e-12	
26	9.570000e-10	3.341996e-07	4.497553e-01	-2.44671e-12	
27	1.000000e-09	3.492123e-07	4.497498e-01	-2.50187e-12	
28	1.005000e-09	4.496802e-03	4.497494e-01	-2.50584e-12	
29	1.015000e-09	1.348966e-02	4.497490e-01	-2.50970e-12	
30	1.035000e-09	3.147536e-02	4.497503e-01	-2.49675e-12	
31	1.075000e-09	6.744678e-02	4.497583e-01	-2.41715e-12	
32	1.125000e-09	1.124110e-01	4.497723e-01	-2.27659e-12	
33	1.175000e-09	1.573753e-01	4.497864e-01	-2.13599e-12	
34	1.225000e-09	2.023396e-01	4.497995e-01	-2.00504e-12	
35	1.275000e-09	2.473038e-01	4.498117e-01	-1.88250e-12	
36	1.325000e-09	2.922681e-01	4.498232e-01	-1.76761e-12	
37	1.375000e-09	3.372323e-01	4.498340e-01	-1.65978e-12	
38	1.425000e-09	3.821966e-01	4.498441e-01	-1.55854e-12	
39	1.475000e-09	4.271609e-01	4.498537e-01	-1.46349e-12	
40	1.525000e-09	4.721251e-01	4.498626e-01	-1.37424e-12	
41	1.575000e-09	5.170894e-01	4.498710e-01	-1.29043e-12	
42	1.625000e-09	5.620536e-01	4.498788e-01	-1.21173e-12	
43	1.675000e-09	6.070179e-01	4.498862e-01	-1.13783e-12	
44	1.725000e-09	6.519821e-01	4.498932e-01	-1.06844e-12	
45	1.775000e-09	6.969464e-01	4.498997e-01	-1.00327e-12	
46	1.825000e-09	7.419107e-01	4.499058e-01	-9.42081e-13	
47	1.875000e-09	7.868749e-01	4.499115e-01	-8.84619e-13	
48	1.925000e-09	8.318392e-01	4.499169e-01	-8.30660e-13	
49	1.962500e-09	8.655624e-01	4.499208e-01	-7.92365e-13	
50	2.000000e-09	8.992856e-01	4.499244e-01	-7.55834e-13	
51	2.005000e-09	8.992855e-01	4.499249e-01	-7.51108e-13	
52	2.015000e-09	8.992855e-01	4.499258e-01	-7.41714e-13	
53	2.035000e-09	8.992855e-01	4.499277e-01	-7.23277e-13	
54	2.075000e-09	8.992855e-01	4.499312e-01	-6.87761e-13	

Index   time            v(cell)         v(bl)           vpre#branch     
--------------------------------------------------------------------------------
55	2.125000e-09	8.992855e-01	4.499354e-01	-6.45803e-13	
56	2.175000e-09	8.992855e-01	4.499394e-01	-6.06403e-13	
57	2.225000e-09	8.992855e-01	4.499431e-01	-5.69406e-13	
58	2.275000e-09	8.992855e-01	4.499465e-01	-5.34666e-13	
59	2.325000e-09	8.992855e-01	4.499498e-01	-5.02043e-13	
60	2.375000e-09	8.992855e-01	4.499529e-01	-4.71411e-13	
61	2.425000e-09	8.992855e-01	4.499557e-01	-4.42646e-13	
62	2.475000e-09	8.992855e-01	4.499584e-01	-4.15635e-13	
63	2.525000e-09	8.992855e-01	4.499610e-01	-3.90272e-13	
64	2.575000e-09	8.992855e-01	4.499634e-01	-3.66455e-13	
65	2.625000e-09	8.992855e-01	4.499656e-01	-3.44091e-13	
66	2.675000e-09	8.992855e-01	4.499677e-01	-3.23091e-13	
67	2.725000e-09	8.992855e-01	4.499697e-01	-3.03371e-13	
68	2.775000e-09	8.992855e-01	4.499715e-01	-2.84854e-13	
69	2.825000e-09	8.992855e-01	4.499733e-01	-2.67466e-13	
70	2.875000e-09	8.992855e-01	4.499749e-01	-2.51138e-13	
71	2.925000e-09	8.992855e-01	4.499764e-01	-2.35806e-13	
72	2.975000e-09	8.992855e-01	4.499779e-01	-2.21410e-13	
73	3.025000e-09	8.992855e-01	4.499792e-01	-2.07891e-13	
74	3.075000e-09	8.992855e-01	4.499805e-01	-1.95196e-13	
75	3.125000e-09	8.992855e-01	4.499817e-01	-1.83276e-13	
76	3.175000e-09	8.992855e-01	4.499828e-01	-1.72082e-13	
77	3.225000e-09	8.992855e-01	4.499838e-01	-1.61572e-13	
78	3.275000e-09	8.992855e-01	4.499848e-01	-1.51702e-13	
79	3.325000e-09	8.992855e-01	4.499858e-01	-1.42434e-13	
80	3.375000e-09	8.992855e-01	4.499866e-01	-1.33731e-13	
81	3.425000e-09	8.992855e-01	4.499874e-01	-1.25559e-13	
82	3.475000e-09	8.992855e-01	4.499882e-01	-1.17885e-13	
83	3.525000e-09	8.992855e-01	4.499889e-01	-1.10680e-13	
84	3.575000e-09	8.992855e-01	4.499896e-01	-1.03913e-13	
85	3.625000e-09	8.992855e-01	4.499902e-01	-9.75597e-14	
86	3.675000e-09	8.992855e-01	4.499908e-01	-9.15935e-14	
87	3.725000e-09	8.992855e-01	4.499914e-01	-8.59912e-14	
88	3.775000e-09	8.992855e-01	4.499919e-01	-8.07305e-14	
89	3.825000e-09	8.992855e-01	4.499924e-01	-7.57906e-14	
90	3.875000e-09	8.992855e-01	4.499929e-01	-7.11520e-14	
91	3.925000e-09	8.992855e-01	4.499933e-01	-6.67962e-14	
92	3.975000e-09	8.992855e-01	4.499937e-01	-6.27061e-14	
93	4.025000e-09	8.992855e-01	4.499941e-01	-5.88653e-14	
94	4.075000e-09	8.992855e-01	4.499945e-01	-5.52589e-14	
95	4.125000e-09	8.992855e-01	4.499948e-01	-5.18723e-14	
96	4.175000e-09	8.992855e-01	4.499951e-01	-4.86923e-14	
97	4.225000e-09	8.992855e-01	4.499954e-01	-4.57062e-14	
98	4.275000e-09	8.992855e-01	4.499957e-01	-4.29022e-14	
99	4.325000e-09	8.992855e-01	4.499960e-01	-4.02692e-14	
100	4.375000e-09	8.992855e-01	4.499962e-01	-3.77967e-14	
101	4.425000e-09	8.992855e-01	4.499965e-01	-3.54751e-14	
102	4.475000e-09	8.992855e-01	4.499967e-01	-3.32950e-14	
103	4.525000e-09	8.992855e-01	4.499969e-01	-3.12478e-14	
104	4.575000e-09	8.992855e-01	4.499971e-01	-2.93256e-14	
105	4.625000e-09	8.992855e-01	4.499972e-01	-2.75205e-14	
106	4.675000e-09	8.992855e-01	4.499974e-01	-2.58255e-14	
107	4.725000e-09	8.992855e-01	4.499976e-01	-2.42339e-14	
108	4.775000e-09	8.992855e-01	4.499977e-01	-2.27393e-14	
109	4.825000e-09	8.992855e-01	4.499979e-01	-2.13359e-14	
110	4.875000e-09	8.992855e-01	4.499980e-01	-2.00181e-14	
111	4.925000e-09	8.992855e-01	4.499981e-01	-1.87806e-14	
112	4.975000e-09	8.992855e-01	4.499982e-01	-1.76186e-14	

Index   time            v(cell)         v(bl)           vpre#branch     
--------------------------------------------------------------------------------
113	5.025000e-09	8.992855e-01	4.499983e-01	-1.65275e-14	
114	5.075000e-09	8.992855e-01	4.499984e-01	-1.55029e-14	
115	5.125000e-09	8.992855e-01	4.499985e-01	-1.45407e-14	
116	5.175000e-09	8.992855e-01	4.499986e-01	-1.36373e-14	
117	5.225000e-09	8.992855e-01	4.499987e-01	-1.27890e-14	
118	5.275000e-09	8.992855e-01	4.499988e-01	-1.19923e-14	
119	5.325000e-09	8.992855e-01	4.499989e-01	-1.12443e-14	
120	5.375000e-09	8.992855e-01	4.499989e-01	-1.05419e-14	
121	5.425000e-09	8.992855e-01	4.499990e-01	-9.88230e-15	
122	5.475000e-09	8.992855e-01	4.499991e-01	-9.26295e-15	
123	5.525000e-09	8.992855e-01	4.499991e-01	-8.68136e-15	
124	5.575000e-09	8.992855e-01	4.499992e-01	-8.13524e-15	
125	5.625000e-09	8.992855e-01	4.499992e-01	-7.62242e-15	
126	5.675000e-09	8.992855e-01	4.499993e-01	-7.14088e-15	
127	5.725000e-09	8.992855e-01	4.499993e-01	-6.68870e-15	
128	5.775000e-09	8.992855e-01	4.499994e-01	-6.26410e-15	
129	5.825000e-09	8.992855e-01	4.499994e-01	-5.86539e-15	
130	5.875000e-09	8.992855e-01	4.499995e-01	-5.49099e-15	
131	5.925000e-09	8.992855e-01	4.499995e-01	-5.13943e-15	
132	5.975000e-09	8.992855e-01	4.499995e-01	-4.80931e-15	
133	6.025000e-09	8.992855e-01	4.499996e-01	-4.49932e-15	
134	6.075000e-09	8.992855e-01	4.499996e-01	-4.20823e-15	
135	6.125000e-09	8.992855e-01	4.499996e-01	-3.93489e-15	
136	6.175000e-09	8.992855e-01	4.499996e-01	-3.67823e-15	
137	6.225000e-09	8.992855e-01	4.499997e-01	-3.43721e-15	
138	6.275000e-09	8.992855e-01	4.499997e-01	-3.21089e-15	
139	6.325000e-09	8.992855e-01	4.499997e-01	-2.99838e-15	
140	6.375000e-09	8.992855e-01	4.499997e-01	-2.79882e-15	
141	6.425000e-09	8.992855e-01	4.499997e-01	-2.61143e-15	
142	6.475000e-09	8.992855e-01	4.499998e-01	-2.43548e-15	
143	6.525000e-09	8.992855e-01	4.499998e-01	-2.27025e-15	
144	6.575000e-09	8.992855e-01	4.499998e-01	-2.11510e-15	
145	6.625000e-09	8.992855e-01	4.499998e-01	-1.96940e-15	
146	6.675000e-09	8.992855e-01	4.499998e-01	-1.83260e-15	
147	6.725000e-09	8.992855e-01	4.499998e-01	-1.70414e-15	
148	6.775000e-09	8.992855e-01	4.499998e-01	-1.58351e-15	
149	6.825000e-09	8.992855e-01	4.499999e-01	-1.47023e-15	
150	6.875000e-09	8.992855e-01	4.499999e-01	-1.36387e-15	
151	6.925000e-09	8.992855e-01	4.499999e-01	-1.26399e-15	
152	6.962500e-09	8.992855e-01	4.499999e-01	-1.19311e-15	
153	7.000000e-09	8.992855e-01	4.499999e-01	-1.12549e-15	
154	7.005000e-09	8.768033e-01	4.499999e-01	-1.11686e-15	
155	7.015000e-09	8.318390e-01	4.499999e-01	-1.09993e-15	
156	7.035000e-09	7.419105e-01	4.499999e-01	-1.06784e-15	
157	7.067500e-09	5.957767e-01	4.499999e-01	-1.01996e-15	
158	7.100000e-09	4.496428e-01	4.499999e-01	-9.76155e-16	
159	7.105000e-09	4.496430e-01	4.499999e-01	-9.70078e-16	
160	7.115000e-09	4.496430e-01	4.499999e-01	-9.58001e-16	
161	7.135000e-09	4.496430e-01	4.499999e-01	-9.34296e-16	
162	7.175000e-09	4.496430e-01	4.499999e-01	-8.88632e-16	
163	7.225000e-09	4.496430e-01	4.499999e-01	-8.34685e-16	
164	7.275000e-09	4.496430e-01	4.499999e-01	-7.84028e-16	
165	7.325000e-09	4.496430e-01	4.499999e-01	-7.36460e-16	
166	7.375000e-09	4.496430e-01	4.499999e-01	-6.91793e-16	
167	7.425000e-09	4.496430e-01	4.499999e-01	-6.49849e-16	
168	7.475000e-09	4.496430e-01	4.499999e-01	-6.10464e-16	
169	7.525000e-09	4.496430e-01	4.499999e-01	-5.73479e-16	
170	7.575000e-09	4.496430e-01	4.499999e-01	-5.38751e-16	

Index   time            v(cell)         v(bl)           vpre#branch     
--------------------------------------------------------------------------------
171	7.625000e-09	4.496430e-01	4.499999e-01	-5.06141e-16	
172	7.675000e-09	4.496430e-01	4.500000e-01	-4.75519e-16	
173	7.725000e-09	4.496430e-01	4.500000e-01	-4.46764e-16	
174	7.775000e-09	4.496430e-01	4.500000e-01	-4.19763e-16	
175	7.825000e-09	4.496430e-01	4.500000e-01	-3.94409e-16	
176	7.875000e-09	4.496430e-01	4.500000e-01	-3.70601e-16	
177	7.925000e-09	4.496430e-01	4.500000e-01	-3.48245e-16	
178	7.975000e-09	4.496430e-01	4.500000e-01	-3.27252e-16	
179	8.025000e-09	4.496430e-01	4.500000e-01	-3.07539e-16	
180	8.075000e-09	4.496430e-01	4.500000e-01	-2.89029e-16	
181	8.125000e-09	4.496430e-01	4.500000e-01	-2.71647e-16	
182	8.175000e-09	4.496430e-01	4.500000e-01	-2.55325e-16	
183	8.225000e-09	4.496430e-01	4.500000e-01	-2.39998e-16	
184	8.275000e-09	4.496430e-01	4.500000e-01	-2.25607e-16	
185	8.325000e-09	4.496430e-01	4.500000e-01	-2.12092e-16	
186	8.375000e-09	4.496430e-01	4.500000e-01	-1.99402e-16	
187	8.425000e-09	4.496430e-01	4.500000e-01	-1.87486e-16	
188	8.475000e-09	4.496430e-01	4.500000e-01	-1.76297e-16	
189	8.525000e-09	4.496430e-01	4.500000e-01	-1.65789e-16	
190	8.575000e-09	4.496430e-01	4.500000e-01	-1.55923e-16	
191	8.625000e-09	4.496430e-01	4.500000e-01	-1.46659e-16	
192	8.675000e-09	4.496430e-01	4.500000e-01	-1.37959e-16	
193	8.725000e-09	4.496430e-01	4.500000e-01	-1.29790e-16	
194	8.775000e-09	4.496430e-01	4.500000e-01	-1.22119e-16	
195	8.825000e-09	4.496430e-01	4.500000e-01	-1.14916e-16	
196	8.875000e-09	4.496430e-01	4.500000e-01	-1.08152e-16	
197	8.925000e-09	4.496430e-01	4.500000e-01	-1.01800e-16	
198	8.975000e-09	4.496430e-01	4.500000e-01	-9.58362e-17	
199	9.025000e-09	4.496430e-01	4.500000e-01	-9.02358e-17	
200	9.075000e-09	4.496430e-01	4.500000e-01	-8.49769e-17	
201	9.125000e-09	4.496430e-01	4.500000e-01	-8.00391e-17	
202	9.175000e-09	4.496430e-01	4.500000e-01	-7.54024e-17	
203	9.225000e-09	4.496430e-01	4.500000e-01	-7.10481e-17	
204	9.275000e-09	4.496430e-01	4.500000e-01	-6.69593e-17	
205	9.325000e-09	4.496430e-01	4.500000e-01	-6.31199e-17	
206	9.375000e-09	4.496430e-01	4.500000e-01	-5.95146e-17	
207	9.425000e-09	4.496430e-01	4.500000e-01	-5.61292e-17	
208	9.475000e-09	4.496430e-01	4.500000e-01	-5.29502e-17	
209	9.525000e-09	4.496430e-01	4.500000e-01	-4.99655e-17	
210	9.575000e-09	4.496430e-01	4.500000e-01	-4.71628e-17	
211	9.625000e-09	4.496430e-01	4.500000e-01	-4.45306e-17	
212	9.675000e-09	4.496430e-01	4.500000e-01	-4.20589e-17	
213	9.725000e-09	4.496430e-01	4.500000e-01	-3.97380e-17	
214	9.775000e-09	4.496430e-01	4.500000e-01	-3.75586e-17	
215	9.825000e-09	4.496430e-01	4.500000e-01	-3.55125e-17	
216	9.875000e-09	4.496430e-01	4.500000e-01	-3.35912e-17	
217	9.925000e-09	4.496430e-01	4.500000e-01	-3.17867e-17	
218	9.975000e-09	4.496430e-01	4.500000e-01	-3.00922e-17	
219	1.002500e-08	4.496430e-01	4.500000e-01	-2.85014e-17	
220	1.007500e-08	4.496430e-01	4.500000e-01	-2.70077e-17	
221	1.012500e-08	4.496430e-01	4.500000e-01	-2.56046e-17	
222	1.017500e-08	4.496430e-01	4.500000e-01	-2.42872e-17	
223	1.022500e-08	4.496430e-01	4.500000e-01	-2.30501e-17	
224	1.027500e-08	4.496430e-01	4.500000e-01	-2.18884e-17	
225	1.032500e-08	4.496430e-01	4.500000e-01	-2.07980e-17	
226	1.037500e-08	4.496430e-01	4.500000e-01	-1.97740e-17	
227	1.042500e-08	4.496430e-01	4.500000e-01	-1.88126e-17	
228	1.047500e-08	4.496430e-01	4.500000e-01	-1.79097e-17	

Index   time            v(cell)         v(bl)           vpre#branch     
--------------------------------------------------------------------------------
229	1.052500e-08	4.496430e-01	4.500000e-01	-1.70619e-17	
230	1.057500e-08	4.496430e-01	4.500000e-01	-1.62658e-17	
231	1.062500e-08	4.496430e-01	4.500000e-01	-1.55183e-17	
232	1.067500e-08	4.496430e-01	4.500000e-01	-1.48164e-17	
233	1.072500e-08	4.496430e-01	4.500000e-01	-1.41568e-17	
234	1.077500e-08	4.496430e-01	4.500000e-01	-1.35375e-17	
235	1.082500e-08	4.496430e-01	4.500000e-01	-1.29563e-17	
236	1.087500e-08	4.496430e-01	4.500000e-01	-1.24102e-17	
237	1.092500e-08	4.496430e-01	4.500000e-01	-1.18970e-17	
238	1.096250e-08	4.496430e-01	4.500000e-01	-1.15329e-17	
239	1.100000e-08	4.496430e-01	4.500000e-01	-1.11856e-17	
240	1.100500e-08	4.496465e-01	4.544717e-01	4.471673e-11	
241	1.101500e-08	4.496537e-01	4.633591e-01	1.335912e-10	
242	1.103500e-08	4.496679e-01	4.808028e-01	3.080276e-10	
243	1.107500e-08	4.496965e-01	5.144057e-01	6.440569e-10	
244	1.112500e-08	4.497323e-01	5.541040e-01	1.041040e-09	
245	1.117500e-08	4.497680e-01	5.913814e-01	1.413814e-09	
246	1.122500e-08	4.498038e-01	6.263855e-01	1.763855e-09	
247	1.127500e-08	4.498395e-01	6.592548e-01	2.092548e-09	
248	1.132500e-08	4.498752e-01	6.901196e-01	2.401196e-09	
249	1.137500e-08	4.499110e-01	7.191017e-01	2.691017e-09	
250	1.142500e-08	4.499467e-01	7.463153e-01	2.963153e-09	
251	1.147500e-08	4.499825e-01	7.718663e-01	3.218663e-09	
252	1.152500e-08	4.500182e-01	7.958505e-01	3.458505e-09	
253	1.157500e-08	4.500540e-01	8.183488e-01	3.683488e-09	
254	1.162500e-08	4.500898e-01	8.393860e-01	3.893860e-09	
255	1.167500e-08	4.501259e-01	8.589011e-01	4.089011e-09	
256	1.172500e-08	4.501624e-01	8.766145e-01	4.266145e-09	
257	1.177500e-08	4.502003e-01	8.916321e-01	4.416321e-09	
258	1.182500e-08	4.502416e-01	9.015327e-01	4.515327e-09	
259	1.187500e-08	4.502917e-01	9.002338e-01	4.502338e-09	
260	1.192500e-08	4.503624e-01	8.739209e-01	4.239209e-09	
261	1.196250e-08	4.504413e-01	8.234863e-01	3.734863e-09	
262	1.200000e-08	4.505581e-01	7.289853e-01	2.789853e-09	
263	1.200500e-08	4.505727e-01	7.090610e-01	2.590610e-09	
264	1.201500e-08	4.506008e-01	6.706026e-01	2.206026e-09	
265	1.203500e-08	4.506521e-01	6.013303e-01	1.513303e-09	
266	1.207500e-08	4.507367e-01	4.898680e-01	3.986802e-10	
267	1.212500e-08	4.507685e-01	4.487856e-01	-1.21436e-11	
268	1.217500e-08	4.507656e-01	4.523745e-01	2.374452e-11	
269	1.222500e-08	4.507678e-01	4.495326e-01	-4.67393e-12	
270	1.227500e-08	4.507660e-01	4.517620e-01	1.762006e-11	
271	1.232500e-08	4.507674e-01	4.499826e-01	-1.74101e-13	
272	1.237500e-08	4.507662e-01	4.513954e-01	1.395427e-11	
273	1.242500e-08	4.507671e-01	4.502669e-01	2.668707e-12	
274	1.247500e-08	4.507663e-01	4.511577e-01	1.157733e-11	
275	1.252500e-08	4.507669e-01	4.504410e-01	4.410379e-12	
276	1.257500e-08	4.507664e-01	4.510146e-01	1.014631e-11	
277	1.262500e-08	4.507667e-01	4.505600e-01	5.599987e-12	
278	1.267500e-08	4.507664e-01	4.509236e-01	9.236482e-12	
279	1.272500e-08	4.507665e-01	4.506346e-01	6.346470e-12	
280	1.277500e-08	4.507663e-01	4.508655e-01	8.655433e-12	
281	1.282500e-08	4.507664e-01	4.506818e-01	6.817717e-12	
282	1.287500e-08	4.507663e-01	4.508285e-01	8.284504e-12	
283	1.292500e-08	4.507663e-01	4.507116e-01	7.115908e-12	
284	1.297500e-08	4.507662e-01	4.508048e-01	8.047869e-12	
285	1.302500e-08	4.507662e-01	4.507305e-01	7.304756e-12	
286	1.307500e-08	4.507662e-01	4.507897e-01	7.896939e-12	

Index   time            v(cell)         v(bl)           vpre#branch     
--------------------------------------------------------------------------------
287	1.312500e-08	4.507662e-01	4.507424e-01	7.424350e-12	
288	1.317500e-08	4.507661e-01	4.507801e-01	7.800628e-12	
289	1.322500e-08	4.507661e-01	4.507500e-01	7.500024e-12	
290	1.327500e-08	4.507660e-01	4.507739e-01	7.739095e-12	
291	1.332500e-08	4.507660e-01	4.507548e-01	7.547819e-12	
292	1.337500e-08	4.507659e-01	4.507700e-01	7.699691e-12	
293	1.342500e-08	4.507659e-01	4.507578e-01	7.577912e-12	
294	1.347500e-08	4.507659e-01	4.507674e-01	7.674361e-12	
295	1.352500e-08	4.507658e-01	4.507597e-01	7.596758e-12	
296	1.357500e-08	4.507658e-01	4.507658e-01	7.657983e-12	
297	1.362500e-08	4.507658e-01	4.507608e-01	7.608458e-12	
298	1.367500e-08	4.507657e-01	4.507647e-01	7.647294e-12	
299	1.372500e-08	4.507657e-01	4.507616e-01	7.615618e-12	
300	1.377500e-08	4.507656e-01	4.507640e-01	7.640224e-12	
301	1.382500e-08	4.507656e-01	4.507620e-01	7.619892e-12	
302	1.387500e-08	4.507656e-01	4.507635e-01	7.635453e-12	
303	1.392500e-08	4.507655e-01	4.507622e-01	7.622333e-12	
304	1.397500e-08	4.507655e-01	4.507632e-01	7.632144e-12	
305	1.402500e-08	4.507655e-01	4.507624e-01	7.623608e-12	
306	1.407500e-08	4.507654e-01	4.507630e-01	7.629764e-12	
307	1.412500e-08	4.507654e-01	4.507624e-01	7.624141e-12	
308	1.417500e-08	4.507653e-01	4.507628e-01	7.627974e-12	
309	1.422500e-08	4.507653e-01	4.507624e-01	7.624205e-12	
310	1.427500e-08	4.507653e-01	4.507627e-01	7.626560e-12	
311	1.432500e-08	4.507652e-01	4.507624e-01	7.623969e-12	
312	1.437500e-08	4.507652e-01	4.507625e-01	7.625385e-12	
313	1.442500e-08	4.507651e-01	4.507624e-01	7.623542e-12	
314	1.447500e-08	4.507651e-01	4.507624e-01	7.624362e-12	
315	1.452500e-08	4.507651e-01	4.507623e-01	7.622995e-12	
316	1.457500e-08	4.507650e-01	4.507623e-01	7.623435e-12	
317	1.462500e-08	4.507650e-01	4.507622e-01	7.622371e-12	
318	1.467500e-08	4.507650e-01	4.507623e-01	7.622569e-12	
319	1.472500e-08	4.507649e-01	4.507622e-01	7.621699e-12	
320	1.477500e-08	4.507649e-01	4.507622e-01	7.621743e-12	
321	1.482500e-08	4.507648e-01	4.507621e-01	7.620995e-12	
322	1.487500e-08	4.507648e-01	4.507621e-01	7.620941e-12	
323	1.492500e-08	4.507648e-01	4.507620e-01	7.620272e-12	
324	1.497500e-08	4.507647e-01	4.507620e-01	7.620155e-12	
325	1.502500e-08	4.507647e-01	4.507620e-01	7.619536e-12	
326	1.507500e-08	4.507647e-01	4.507619e-01	7.619379e-12	
327	1.512500e-08	4.507646e-01	4.507619e-01	7.618793e-12	
328	1.517500e-08	4.507646e-01	4.507619e-01	7.618610e-12	
329	1.522500e-08	4.507645e-01	4.507618e-01	7.618044e-12	
330	1.527500e-08	4.507645e-01	4.507618e-01	7.617844e-12	
331	1.532500e-08	4.507645e-01	4.507617e-01	7.617292e-12	
332	1.537500e-08	4.507644e-01	4.507617e-01	7.617082e-12	
333	1.542500e-08	4.507644e-01	4.507617e-01	7.616539e-12	
334	1.547500e-08	4.507644e-01	4.507616e-01	7.616321e-12	
335	1.552500e-08	4.507643e-01	4.507616e-01	7.615784e-12	
336	1.557500e-08	4.507643e-01	4.507616e-01	7.615561e-12	
337	1.562500e-08	4.507642e-01	4.507615e-01	7.615028e-12	
338	1.567500e-08	4.507642e-01	4.507615e-01	7.614802e-12	
339	1.572500e-08	4.507642e-01	4.507614e-01	7.614272e-12	
340	1.577500e-08	4.507641e-01	4.507614e-01	7.614043e-12	
341	1.582500e-08	4.507641e-01	4.507614e-01	7.613515e-12	
342	1.587500e-08	4.507640e-01	4.507613e-01	7.613285e-12	
343	1.592500e-08	4.507640e-01	4.507613e-01	7.612759e-12	
344	1.597500e-08	4.507640e-01	4.507613e-01	7.612527e-12	

Index   time            v(cell)         v(bl)           vpre#branch     
--------------------------------------------------------------------------------
345	1.602500e-08	4.507639e-01	4.507612e-01	7.612002e-12	
346	1.607500e-08	4.507639e-01	4.507612e-01	7.611769e-12	
347	1.612500e-08	4.507639e-01	4.507611e-01	7.611245e-12	
348	1.617500e-08	4.507638e-01	4.507611e-01	7.611011e-12	
349	1.622500e-08	4.507638e-01	4.507610e-01	7.610489e-12	
350	1.627500e-08	4.507637e-01	4.507610e-01	7.610254e-12	
351	1.632500e-08	4.507637e-01	4.507610e-01	7.609732e-12	
352	1.637500e-08	4.507637e-01	4.507609e-01	7.609496e-12	
353	1.642500e-08	4.507636e-01	4.507609e-01	7.608976e-12	
354	1.647500e-08	4.507636e-01	4.507609e-01	7.608739e-12	
355	1.652500e-08	4.507636e-01	4.507608e-01	7.608219e-12	
356	1.657500e-08	4.507635e-01	4.507608e-01	7.607982e-12	
357	1.662500e-08	4.507635e-01	4.507607e-01	7.607463e-12	
358	1.667500e-08	4.507634e-01	4.507607e-01	7.607225e-12	
359	1.672500e-08	4.507634e-01	4.507607e-01	7.606706e-12	
360	1.677500e-08	4.507634e-01	4.507606e-01	7.606468e-12	
361	1.682500e-08	4.507633e-01	4.507606e-01	7.605950e-12	
362	1.687500e-08	4.507633e-01	4.507606e-01	7.605710e-12	
363	1.692500e-08	4.507632e-01	4.507605e-01	7.605194e-12	
364	1.697500e-08	4.507632e-01	4.507605e-01	7.604954e-12	
365	1.702500e-08	4.507632e-01	4.507604e-01	7.604438e-12	
366	1.707500e-08	4.507631e-01	4.507604e-01	7.604197e-12	
367	1.712500e-08	4.507631e-01	4.507604e-01	7.603682e-12	
368	1.717500e-08	4.507631e-01	4.507603e-01	7.603440e-12	
369	1.722500e-08	4.507630e-01	4.507603e-01	7.602926e-12	
370	1.727500e-08	4.507630e-01	4.507603e-01	7.602683e-12	
371	1.732500e-08	4.507629e-01	4.507602e-01	7.602170e-12	
372	1.737500e-08	4.507629e-01	4.507602e-01	7.601927e-12	
373	1.742500e-08	4.507629e-01	4.507601e-01	7.601414e-12	
374	1.747500e-08	4.507628e-01	4.507601e-01	7.601170e-12	
375	1.752500e-08	4.507628e-01	4.507601e-01	7.600658e-12	
376	1.757500e-08	4.507628e-01	4.507600e-01	7.600413e-12	
377	1.762500e-08	4.507627e-01	4.507600e-01	7.599903e-12	
378	1.767500e-08	4.507627e-01	4.507600e-01	7.599657e-12	
379	1.772500e-08	4.507626e-01	4.507599e-01	7.599147e-12	
380	1.777500e-08	4.507626e-01	4.507599e-01	7.598901e-12	
381	1.782500e-08	4.507626e-01	4.507598e-01	7.598391e-12	
382	1.787500e-08	4.507625e-01	4.507598e-01	7.598145e-12	
383	1.792500e-08	4.507625e-01	4.507598e-01	7.597636e-12	
384	1.797500e-08	4.507625e-01	4.507597e-01	7.597388e-12	
385	1.802500e-08	4.507624e-01	4.507597e-01	7.596880e-12	
386	1.807500e-08	4.507624e-01	4.507597e-01	7.596632e-12	
387	1.812500e-08	4.507623e-01	4.507596e-01	7.596125e-12	
388	1.817500e-08	4.507623e-01	4.507596e-01	7.595876e-12	
389	1.822500e-08	4.507623e-01	4.507595e-01	7.595370e-12	
390	1.827500e-08	4.507622e-01	4.507595e-01	7.595120e-12	
391	1.832500e-08	4.507622e-01	4.507595e-01	7.594615e-12	
392	1.837500e-08	4.507621e-01	4.507594e-01	7.594364e-12	
393	1.842500e-08	4.507621e-01	4.507594e-01	7.593860e-12	
394	1.847500e-08	4.507621e-01	4.507594e-01	7.593609e-12	
395	1.852500e-08	4.507620e-01	4.507593e-01	7.593105e-12	
396	1.857500e-08	4.507620e-01	4.507593e-01	7.592853e-12	
397	1.862500e-08	4.507620e-01	4.507592e-01	7.592350e-12	
398	1.867500e-08	4.507619e-01	4.507592e-01	7.592097e-12	
399	1.872500e-08	4.507619e-01	4.507592e-01	7.591595e-12	
400	1.877500e-08	4.507618e-01	4.507591e-01	7.591342e-12	
401	1.882500e-08	4.507618e-01	4.507591e-01	7.590840e-12	
402	1.887500e-08	4.507618e-01	4.507591e-01	7.590586e-12	

Index   time            v(cell)         v(bl)           vpre#branch     
--------------------------------------------------------------------------------
403	1.892500e-08	4.507617e-01	4.507590e-01	7.590085e-12	
404	1.897500e-08	4.507617e-01	4.507590e-01	7.589831e-12	
405	1.902500e-08	4.507617e-01	4.507589e-01	7.589330e-12	
406	1.907500e-08	4.507616e-01	4.507589e-01	7.589076e-12	
407	1.912500e-08	4.507616e-01	4.507589e-01	7.588576e-12	
408	1.917500e-08	4.507615e-01	4.507588e-01	7.588320e-12	
409	1.922500e-08	4.507615e-01	4.507588e-01	7.587821e-12	
410	1.927500e-08	4.507615e-01	4.507588e-01	7.587565e-12	
411	1.932500e-08	4.507614e-01	4.507587e-01	7.587067e-12	
412	1.937500e-08	4.507614e-01	4.507587e-01	7.586810e-12	
413	1.942500e-08	4.507614e-01	4.507586e-01	7.586312e-12	
414	1.947500e-08	4.507613e-01	4.507586e-01	7.586055e-12	
415	1.952500e-08	4.507613e-01	4.507586e-01	7.585558e-12	
416	1.957500e-08	4.507612e-01	4.507585e-01	7.585300e-12	
417	1.962500e-08	4.507612e-01	4.507585e-01	7.584804e-12	
418	1.967500e-08	4.507612e-01	4.507585e-01	7.584545e-12	
419	1.972500e-08	4.507611e-01	4.507584e-01	7.584050e-12	
420	1.977500e-08	4.507611e-01	4.507584e-01	7.583790e-12	
421	1.982500e-08	4.507610e-01	4.507583e-01	7.583296e-12	
422	1.987500e-08	4.507610e-01	4.507583e-01	7.583036e-12	
423	1.992500e-08	4.507610e-01	4.507583e-01	7.582542e-12	
424	1.997500e-08	4.507609e-01	4.507582e-01	7.582281e-12	
425	2.002500e-08	4.507609e-01	4.507582e-01	7.581788e-12	
426	2.007500e-08	4.507609e-01	4.507582e-01	7.581527e-12	
427	2.012500e-08	4.507608e-01	4.507581e-01	7.581034e-12	
428	2.017500e-08	4.507608e-01	4.507581e-01	7.580772e-12	
429	2.022500e-08	4.507607e-01	4.507580e-01	7.580280e-12	
430	2.027500e-08	4.507607e-01	4.507580e-01	7.580018e-12	
431	2.032500e-08	4.507607e-01	4.507580e-01	7.579526e-12	
432	2.037500e-08	4.507606e-01	4.507579e-01	7.579263e-12	
433	2.042500e-08	4.507606e-01	4.507579e-01	7.578773e-12	
434	2.047500e-08	4.507606e-01	4.507579e-01	7.578509e-12	
435	2.052500e-08	4.507605e-01	4.507578e-01	7.578019e-12	
436	2.057500e-08	4.507605e-01	4.507578e-01	7.577755e-12	
437	2.062500e-08	4.507604e-01	4.507577e-01	7.577266e-12	
438	2.067500e-08	4.507604e-01	4.507577e-01	7.577001e-12	
439	2.072500e-08	4.507604e-01	4.507577e-01	7.576512e-12	
440	2.077500e-08	4.507603e-01	4.507576e-01	7.576247e-12	
441	2.082500e-08	4.507603e-01	4.507576e-01	7.575759e-12	
442	2.087500e-08	4.507603e-01	4.507575e-01	7.575493e-12	
443	2.092500e-08	4.507602e-01	4.507575e-01	7.575006e-12	
444	2.097500e-08	4.507602e-01	4.507575e-01	7.574739e-12	
445	2.102500e-08	4.507601e-01	4.507574e-01	7.574252e-12	
446	2.107500e-08	4.507601e-01	4.507574e-01	7.573985e-12	
447	2.112500e-08	4.507601e-01	4.507573e-01	7.573499e-12	
448	2.117500e-08	4.507600e-01	4.507573e-01	7.573232e-12	
449	2.122500e-08	4.507600e-01	4.507573e-01	7.572746e-12	
450	2.127500e-08	4.507600e-01	4.507572e-01	7.572478e-12	
451	2.132500e-08	4.507599e-01	4.507572e-01	7.571993e-12	
452	2.137500e-08	4.507599e-01	4.507572e-01	7.571724e-12	
453	2.142500e-08	4.507598e-01	4.507571e-01	7.571240e-12	
454	2.147500e-08	4.507598e-01	4.507571e-01	7.570971e-12	
455	2.152500e-08	4.507598e-01	4.507570e-01	7.570487e-12	
456	2.157500e-08	4.507597e-01	4.507570e-01	7.570217e-12	
457	2.162500e-08	4.507597e-01	4.507570e-01	7.569735e-12	
458	2.167500e-08	4.507597e-01	4.507569e-01	7.569464e-12	
459	2.172500e-08	4.507596e-01	4.507569e-01	7.568982e-12	
460	2.177500e-08	4.507596e-01	4.507569e-01	7.568711e-12	

Index   time            v(cell)         v(bl)           vpre#branch     
--------------------------------------------------------------------------------
461	2.182500e-08	4.507595e-01	4.507568e-01	7.568229e-12	
462	2.187500e-08	4.507595e-01	4.507568e-01	7.567958e-12	
463	2.192500e-08	4.507595e-01	4.507567e-01	7.567477e-12	
464	2.196250e-08	4.507594e-01	4.507567e-01	7.567299e-12	
465	2.200000e-08	4.507594e-01	4.507567e-01	7.566913e-12	
466	2.200500e-08	4.507536e-01	4.490119e-01	-9.88149e-12	
467	2.201500e-08	4.507407e-01	4.471988e-01	-2.80125e-11	
468	2.203500e-08	4.507131e-01	4.457978e-01	-4.20222e-11	
469	2.207500e-08	4.506625e-01	4.377018e-01	-1.22982e-10	
470	2.212500e-08	4.506067e-01	4.191468e-01	-3.08532e-10	
471	2.217500e-08	4.505572e-01	3.941518e-01	-5.58482e-10	
472	2.222500e-08	4.505113e-01	3.662223e-01	-8.37777e-10	
473	2.227500e-08	4.504679e-01	3.370287e-01	-1.12971e-09	
474	2.232500e-08	4.504263e-01	3.074564e-01	-1.42544e-09	
475	2.237500e-08	4.503861e-01	2.780278e-01	-1.71972e-09	
476	2.242500e-08	4.503469e-01	2.490823e-01	-2.00918e-09	
477	2.247500e-08	4.503085e-01	2.208568e-01	-2.29143e-09	
478	2.252500e-08	4.502709e-01	1.935239e-01	-2.56476e-09	
479	2.257500e-08	4.502338e-01	1.672103e-01	-2.82790e-09	
480	2.262500e-08	4.501971e-01	1.420060e-01	-3.07994e-09	
481	2.267500e-08	4.501607e-01	1.179691e-01	-3.32031e-09	
482	2.272500e-08	4.501245e-01	9.513005e-02	-3.54870e-09	
483	2.277500e-08	4.500885e-01	7.347667e-02	-3.76523e-09	
484	2.282500e-08	4.500526e-01	5.300200e-02	-3.96998e-09	
485	2.287500e-08	4.500168e-01	3.370052e-02	-4.16299e-09	
486	2.292500e-08	4.499810e-01	1.552879e-02	-4.34471e-09	
487	2.296250e-08	4.499541e-01	2.614306e-03	-4.47386e-09	
488	2.300000e-08	4.499273e-01	-9.71463e-03	-4.59715e-09	
489	2.300500e-08	4.499273e-01	-6.83851e-03	-4.56839e-09	
490	2.301500e-08	4.499273e-01	-1.12256e-03	-4.51123e-09	
491	2.303500e-08	4.499273e-01	1.009451e-02	-4.39905e-09	
492	2.307500e-08	4.499273e-01	3.169740e-02	-4.18303e-09	
493	2.312500e-08	4.499272e-01	5.721291e-02	-3.92787e-09	
494	2.317500e-08	4.499272e-01	8.116946e-02	-3.68831e-09	
495	2.322500e-08	4.499272e-01	1.036638e-01	-3.46336e-09	
496	2.327500e-08	4.499272e-01	1.247856e-01	-3.25214e-09	
497	2.332500e-08	4.499272e-01	1.446189e-01	-3.05381e-09	
498	2.337500e-08	4.499272e-01	1.632424e-01	-2.86758e-09	
499	2.342500e-08	4.499272e-01	1.807300e-01	-2.69270e-09	
500	2.347500e-08	4.499272e-01	1.971511e-01	-2.52849e-09	
501	2.352500e-08	4.499272e-01	2.125707e-01	-2.37429e-09	
502	2.357500e-08	4.499272e-01	2.270500e-01	-2.22950e-09	
503	2.362500e-08	4.499272e-01	2.406462e-01	-2.09354e-09	
504	2.367500e-08	4.499272e-01	2.534133e-01	-1.96587e-09	
505	2.372500e-08	4.499272e-01	2.654017e-01	-1.84598e-09	
506	2.377500e-08	4.499272e-01	2.766591e-01	-1.73341e-09	
507	2.382500e-08	4.499272e-01	2.872300e-01	-1.62770e-09	
508	2.387500e-08	4.499272e-01	2.971562e-01	-1.52844e-09	
509	2.392500e-08	4.499272e-01	3.064771e-01	-1.43523e-09	
510	2.397500e-08	4.499272e-01	3.152295e-01	-1.34770e-09	
511	2.402500e-08	4.499272e-01	3.234482e-01	-1.26552e-09	
512	2.407500e-08	4.499272e-01	3.311657e-01	-1.18834e-09	
513	2.412500e-08	4.499272e-01	3.384126e-01	-1.11587e-09	
514	2.417500e-08	4.499272e-01	3.452175e-01	-1.04782e-09	
515	2.422500e-08	4.499272e-01	3.516075e-01	-9.83925e-10	
516	2.427500e-08	4.499272e-01	3.576078e-01	-9.23922e-10	
517	2.432500e-08	4.499272e-01	3.632421e-01	-8.67579e-10	
518	2.437500e-08	4.499272e-01	3.685329e-01	-8.14671e-10	

Index   time            v(cell)         v(bl)           vpre#branch     
--------------------------------------------------------------------------------
519	2.442500e-08	4.499272e-01	3.735010e-01	-7.64990e-10	
520	2.447500e-08	4.499272e-01	3.781661e-01	-7.18339e-10	
521	2.452500e-08	4.499272e-01	3.825467e-01	-6.74533e-10	
522	2.457500e-08	4.499272e-01	3.866602e-01	-6.33398e-10	
523	2.462500e-08	4.499272e-01	3.905229e-01	-5.94771e-10	
524	2.467500e-08	4.499272e-01	3.941500e-01	-5.58500e-10	
525	2.472500e-08	4.499272e-01	3.975559e-01	-5.24441e-10	
526	2.477500e-08	4.499272e-01	4.007541e-01	-4.92459e-10	
527	2.482500e-08	4.499272e-01	4.037572e-01	-4.62428e-10	
528	2.487500e-08	4.499272e-01	4.065773e-01	-4.34227e-10	
529	2.492500e-08	4.499272e-01	4.092253e-01	-4.07747e-10	
530	2.497500e-08	4.499272e-01	4.117119e-01	-3.82881e-10	
531	2.502500e-08	4.499272e-01	4.140468e-01	-3.59532e-10	
532	2.507500e-08	4.499272e-01	4.162393e-01	-3.37607e-10	
533	2.512500e-08	4.499272e-01	4.182981e-01	-3.17019e-10	
534	2.517500e-08	4.499272e-01	4.202314e-01	-2.97686e-10	
535	2.522500e-08	4.499272e-01	4.220468e-01	-2.79532e-10	
536	2.527500e-08	4.499272e-01	4.237515e-01	-2.62485e-10	
537	2.532500e-08	4.499272e-01	4.253522e-01	-2.46478e-10	
538	2.537500e-08	4.499272e-01	4.268553e-01	-2.31447e-10	
539	2.542500e-08	4.499272e-01	4.282667e-01	-2.17333e-10	
540	2.547500e-08	4.499272e-01	4.295921e-01	-2.04079e-10	
541	2.552500e-08	4.499272e-01	4.308366e-01	-1.91634e-10	
542	2.557500e-08	4.499272e-01	4.320052e-01	-1.79948e-10	
543	2.562500e-08	4.499272e-01	4.331026e-01	-1.68974e-10	
544	2.567500e-08	4.499272e-01	4.341331e-01	-1.58669e-10	
545	2.572500e-08	4.499272e-01	4.351007e-01	-1.48993e-10	
546	2.577500e-08	4.499272e-01	4.360093e-01	-1.39907e-10	
547	2.582500e-08	4.499272e-01	4.368625e-01	-1.31375e-10	
548	2.587500e-08	4.499272e-01	4.376636e-01	-1.23364e-10	
549	2.592500e-08	4.499272e-01	4.384160e-01	-1.15840e-10	
550	2.597500e-08	4.499272e-01	4.391224e-01	-1.08776e-10	
551	2.602500e-08	4.499272e-01	4.397857e-01	-1.02143e-10	
552	2.607500e-08	4.499272e-01	4.404086e-01	-9.59137e-11	
553	2.612500e-08	4.499272e-01	4.409935e-01	-9.00646e-11	
554	2.617500e-08	4.499272e-01	4.415428e-01	-8.45722e-11	
555	2.622500e-08	4.499272e-01	4.420585e-01	-7.94147e-11	
556	2.627500e-08	4.499272e-01	4.425428e-01	-7.45718e-11	
557	2.632500e-08	4.499272e-01	4.429976e-01	-7.00242e-11	
558	2.637500e-08	4.499272e-01	4.434246e-01	-6.57539e-11	
559	2.642500e-08	4.499272e-01	4.438256e-01	-6.17440e-11	
560	2.647500e-08	4.499272e-01	4.442021e-01	-5.79787e-11	
561	2.652500e-08	4.499272e-01	4.445557e-01	-5.44430e-11	
562	2.657500e-08	4.499272e-01	4.448877e-01	-5.11229e-11	
563	2.662500e-08	4.499272e-01	4.451995e-01	-4.80053e-11	
564	2.667500e-08	4.499272e-01	4.454922e-01	-4.50777e-11	
565	2.672500e-08	4.499272e-01	4.457671e-01	-4.23288e-11	
566	2.677500e-08	4.499272e-01	4.460253e-01	-3.97474e-11	
567	2.682500e-08	4.499272e-01	4.462676e-01	-3.73235e-11	
568	2.687500e-08	4.499272e-01	4.464953e-01	-3.50474e-11	
569	2.692500e-08	4.499272e-01	4.467090e-01	-3.29101e-11	
570	2.697500e-08	4.499272e-01	4.469097e-01	-3.09032e-11	
571	2.702500e-08	4.499272e-01	4.470981e-01	-2.90186e-11	
572	2.707500e-08	4.499272e-01	4.472751e-01	-2.72490e-11	
573	2.712500e-08	4.499272e-01	4.474413e-01	-2.55872e-11	
574	2.717500e-08	4.499272e-01	4.475973e-01	-2.40268e-11	
575	2.722500e-08	4.499272e-01	4.477438e-01	-2.25616e-11	
576	2.727500e-08	4.499272e-01	4.478814e-01	-2.11857e-11	

Index   time            v(cell)         v(bl)           vpre#branch     
--------------------------------------------------------------------------------
577	2.732500e-08	4.499272e-01	4.480106e-01	-1.98938e-11	
578	2.737500e-08	4.499272e-01	4.481319e-01	-1.86806e-11	
579	2.742500e-08	4.499272e-01	4.482459e-01	-1.75414e-11	
580	2.747500e-08	4.499272e-01	4.483528e-01	-1.64717e-11	
581	2.752500e-08	4.499272e-01	4.484533e-01	-1.54672e-11	
582	2.757500e-08	4.499272e-01	4.485476e-01	-1.45239e-11	
583	2.762500e-08	4.499272e-01	4.486362e-01	-1.36382e-11	
584	2.767500e-08	4.499272e-01	4.487193e-01	-1.28065e-11	
585	2.772500e-08	4.499272e-01	4.487974e-01	-1.20255e-11	
586	2.777500e-08	4.499272e-01	4.488708e-01	-1.12922e-11	
587	2.782500e-08	4.499272e-01	4.489396e-01	-1.06036e-11	
588	2.787500e-08	4.499272e-01	4.490043e-01	-9.95693e-12	
589	2.792500e-08	4.499272e-01	4.490650e-01	-9.34972e-12	
590	2.797500e-08	4.499272e-01	4.491220e-01	-8.77955e-12	
591	2.802500e-08	4.499272e-01	4.491756e-01	-8.24415e-12	
592	2.807500e-08	4.499272e-01	4.492259e-01	-7.74139e-12	
593	2.812500e-08	4.499272e-01	4.492731e-01	-7.26930e-12	
594	2.817500e-08	4.499272e-01	4.493174e-01	-6.82600e-12	
595	2.822500e-08	4.499272e-01	4.493590e-01	-6.40973e-12	
596	2.827500e-08	4.499272e-01	4.493981e-01	-6.01884e-12	
597	2.832500e-08	4.499272e-01	4.494348e-01	-5.65179e-12	
598	2.837500e-08	4.499272e-01	4.494693e-01	-5.30713e-12	
599	2.842500e-08	4.499272e-01	4.495017e-01	-4.98349e-12	
600	2.847500e-08	4.499272e-01	4.495320e-01	-4.67958e-12	
601	2.852500e-08	4.499272e-01	4.495606e-01	-4.39420e-12	
602	2.857500e-08	4.499272e-01	4.495874e-01	-4.12623e-12	
603	2.862500e-08	4.499272e-01	4.496125e-01	-3.87460e-12	
604	2.867500e-08	4.499272e-01	4.496362e-01	-3.63832e-12	
605	2.872500e-08	4.499272e-01	4.496584e-01	-3.41644e-12	
606	2.877500e-08	4.499272e-01	4.496792e-01	-3.20810e-12	
607	2.882500e-08	4.499272e-01	4.496988e-01	-3.01246e-12	
608	2.887500e-08	4.499272e-01	4.497171e-01	-2.82875e-12	
609	2.892500e-08	4.499272e-01	4.497344e-01	-2.65624e-12	
610	2.897500e-08	4.499272e-01	4.497506e-01	-2.49426e-12	
611	2.902500e-08	4.499272e-01	4.497658e-01	-2.34215e-12	
612	2.907500e-08	4.499272e-01	4.497801e-01	-2.19932e-12	
613	2.912500e-08	4.499272e-01	4.497935e-01	-2.06520e-12	
614	2.917500e-08	4.499272e-01	4.498061e-01	-1.93926e-12	
615	2.922500e-08	4.499272e-01	4.498179e-01	-1.82100e-12	
616	2.927500e-08	4.499272e-01	4.498290e-01	-1.70995e-12	
617	2.932500e-08	4.499272e-01	4.498394e-01	-1.60567e-12	
618	2.937500e-08	4.499272e-01	4.498492e-01	-1.50775e-12	
619	2.942500e-08	4.499272e-01	4.498584e-01	-1.41580e-12	
620	2.947500e-08	4.499272e-01	4.498671e-01	-1.32946e-12	
621	2.952500e-08	4.499272e-01	4.498752e-01	-1.24839e-12	
622	2.957500e-08	4.499272e-01	4.498828e-01	-1.17226e-12	
623	2.962500e-08	4.499272e-01	4.498899e-01	-1.10077e-12	
624	2.967500e-08	4.499272e-01	4.498966e-01	-1.03364e-12	
625	2.972500e-08	4.499272e-01	4.499029e-01	-9.70607e-13	
626	2.977500e-08	4.499272e-01	4.499089e-01	-9.11417e-13	
627	2.982500e-08	4.499272e-01	4.499144e-01	-8.55836e-13	
628	2.987500e-08	4.499272e-01	4.499196e-01	-8.03644e-13	
629	2.992500e-08	4.499272e-01	4.499245e-01	-7.54636e-13	
630	2.997500e-08	4.499272e-01	4.499291e-01	-7.08616e-13	
631	3.002500e-08	4.499272e-01	4.499335e-01	-6.65403e-13	
632	3.007500e-08	4.499272e-01	4.499375e-01	-6.24824e-13	
633	3.012500e-08	4.499272e-01	4.499413e-01	-5.86721e-13	
634	3.017500e-08	4.499272e-01	4.499449e-01	-5.50941e-13	

Index   time            v(cell)         v(bl)           vpre#branch     
--------------------------------------------------------------------------------
635	3.022500e-08	4.499272e-01	4.499483e-01	-5.17343e-13	
636	3.027500e-08	4.499272e-01	4.499514e-01	-4.85794e-13	
637	3.032500e-08	4.499272e-01	4.499544e-01	-4.56169e-13	
638	3.037500e-08	4.499272e-01	4.499572e-01	-4.28350e-13	
639	3.042500e-08	4.499272e-01	4.499598e-01	-4.02228e-13	
640	3.047500e-08	4.499272e-01	4.499622e-01	-3.77699e-13	
641	3.052500e-08	4.499272e-01	4.499645e-01	-3.54666e-13	
642	3.057500e-08	4.499272e-01	4.499667e-01	-3.33037e-13	
643	3.062500e-08	4.499272e-01	4.499687e-01	-3.12728e-13	
644	3.067500e-08	4.499272e-01	4.499706e-01	-2.93657e-13	
645	3.072500e-08	4.499272e-01	4.499724e-01	-2.75749e-13	
646	3.077500e-08	4.499272e-01	4.499741e-01	-2.58933e-13	
647	3.082500e-08	4.499272e-01	4.499757e-01	-2.43142e-13	
648	3.087500e-08	4.499272e-01	4.499772e-01	-2.28315e-13	
649	3.092500e-08	4.499272e-01	4.499786e-01	-2.14392e-13	
650	3.097500e-08	4.499272e-01	4.499799e-01	-2.01317e-13	
651	3.102500e-08	4.499272e-01	4.499811e-01	-1.89041e-13	
652	3.107500e-08	4.499272e-01	4.499822e-01	-1.77512e-13	
653	3.112500e-08	4.499272e-01	4.499833e-01	-1.66687e-13	
654	3.117500e-08	4.499272e-01	4.499843e-01	-1.56522e-13	
655	3.122500e-08	4.499272e-01	4.499853e-01	-1.46977e-13	
656	3.127500e-08	4.499272e-01	4.499862e-01	-1.38014e-13	
657	3.132500e-08	4.499272e-01	4.499870e-01	-1.29597e-13	
658	3.137500e-08	4.499272e-01	4.499878e-01	-1.21694e-13	
659	3.142500e-08	4.499272e-01	4.499886e-01	-1.14273e-13	
660	3.147500e-08	4.499272e-01	4.499893e-01	-1.07304e-13	
661	3.152500e-08	4.499272e-01	4.499899e-01	-1.00761e-13	
662	3.157500e-08	4.499272e-01	4.499905e-01	-9.46161e-14	
663	3.162500e-08	4.499272e-01	4.499911e-01	-8.88461e-14	
664	3.167500e-08	4.499272e-01	4.499917e-01	-8.34281e-14	
665	3.172500e-08	4.499272e-01	4.499922e-01	-7.83404e-14	
666	3.177500e-08	4.499272e-01	4.499926e-01	-7.35630e-14	
667	3.182500e-08	4.499272e-01	4.499931e-01	-6.90770e-14	
668	3.187500e-08	4.499272e-01	4.499935e-01	-6.48645e-14	
669	3.192500e-08	4.499272e-01	4.499939e-01	-6.09089e-14	
670	3.197500e-08	4.499272e-01	4.499943e-01	-5.71946e-14	
671	3.202500e-08	4.499272e-01	4.499946e-01	-5.37067e-14	
672	3.207500e-08	4.499272e-01	4.499950e-01	-5.04316e-14	
673	3.212500e-08	4.499272e-01	4.499953e-01	-4.73562e-14	
674	3.217500e-08	4.499272e-01	4.499956e-01	-4.44683e-14	
675	3.222500e-08	4.499272e-01	4.499958e-01	-4.17565e-14	
676	3.227500e-08	4.499272e-01	4.499961e-01	-3.92101e-14	
677	3.232500e-08	4.499272e-01	4.499963e-01	-3.68190e-14	
678	3.237500e-08	4.499272e-01	4.499965e-01	-3.45738e-14	
679	3.242500e-08	4.499272e-01	4.499968e-01	-3.24654e-14	
680	3.247500e-08	4.499272e-01	4.499970e-01	-3.04856e-14	
681	3.252500e-08	4.499272e-01	4.499971e-01	-2.86266e-14	
682	3.257500e-08	4.499272e-01	4.499973e-01	-2.68809e-14	
683	3.262500e-08	4.499272e-01	4.499975e-01	-2.52416e-14	
684	3.267500e-08	4.499272e-01	4.499976e-01	-2.37024e-14	
685	3.272500e-08	4.499272e-01	4.499978e-01	-2.22570e-14	
686	3.277500e-08	4.499272e-01	4.499979e-01	-2.08997e-14	
687	3.282500e-08	4.499272e-01	4.499980e-01	-1.96253e-14	
688	3.287500e-08	4.499272e-01	4.499982e-01	-1.84285e-14	
689	3.292500e-08	4.499272e-01	4.499983e-01	-1.73047e-14	
690	3.297500e-08	4.499272e-01	4.499984e-01	-1.62495e-14	
691	3.302500e-08	4.499272e-01	4.499985e-01	-1.52586e-14	
692	3.307500e-08	4.499272e-01	4.499986e-01	-1.43281e-14	

Index   time            v(cell)         v(bl)           vpre#branch     
--------------------------------------------------------------------------------
693	3.312500e-08	4.499272e-01	4.499987e-01	-1.34544e-14	
694	3.317500e-08	4.499272e-01	4.499987e-01	-1.26340e-14	
695	3.322500e-08	4.499272e-01	4.499988e-01	-1.18636e-14	
696	3.327500e-08	4.499272e-01	4.499989e-01	-1.11401e-14	
697	3.332500e-08	4.499272e-01	4.499990e-01	-1.04608e-14	
698	3.337500e-08	4.499272e-01	4.499990e-01	-9.82294e-15	
699	3.342500e-08	4.499272e-01	4.499991e-01	-9.22396e-15	
700	3.347500e-08	4.499272e-01	4.499991e-01	-8.66150e-15	
701	3.352500e-08	4.499272e-01	4.499992e-01	-8.13335e-15	
702	3.357500e-08	4.499272e-01	4.499992e-01	-7.63740e-15	
703	3.362500e-08	4.499272e-01	4.499993e-01	-7.17170e-15	
704	3.367500e-08	4.499272e-01	4.499993e-01	-6.73440e-15	
705	3.372500e-08	4.499272e-01	4.499994e-01	-6.32376e-15	
706	3.377500e-08	4.499272e-01	4.499994e-01	-5.93817e-15	
707	3.382500e-08	4.499272e-01	4.499994e-01	-5.57609e-15	
708	3.387500e-08	4.499272e-01	4.499995e-01	-5.23609e-15	
709	3.392500e-08	4.499272e-01	4.499995e-01	-4.91683e-15	
710	3.397500e-08	4.499272e-01	4.499995e-01	-4.61704e-15	
711	3.402500e-08	4.499272e-01	4.499996e-01	-4.33553e-15	
712	3.407500e-08	4.499272e-01	4.499996e-01	-4.07118e-15	
713	3.412500e-08	4.499272e-01	4.499996e-01	-3.82296e-15	
714	3.417500e-08	4.499272e-01	4.499996e-01	-3.58987e-15	
715	3.422500e-08	4.499272e-01	4.499997e-01	-3.37100e-15	
716	3.427500e-08	4.499272e-01	4.499997e-01	-3.16548e-15	
717	3.432500e-08	4.499272e-01	4.499997e-01	-2.97249e-15	
718	3.437500e-08	4.499272e-01	4.499997e-01	-2.79127e-15	
719	3.442500e-08	4.499272e-01	4.499997e-01	-2.62110e-15	
720	3.447500e-08	4.499272e-01	4.499998e-01	-2.46130e-15	
721	3.452500e-08	4.499272e-01	4.499998e-01	-2.31125e-15	
722	3.457500e-08	4.499272e-01	4.499998e-01	-2.17036e-15	
723	3.462500e-08	4.499272e-01	4.499998e-01	-2.03805e-15	
724	3.467500e-08	4.499272e-01	4.499998e-01	-1.91381e-15	
725	3.472500e-08	4.499272e-01	4.499998e-01	-1.79715e-15	
726	3.477500e-08	4.499272e-01	4.499998e-01	-1.68761e-15	
727	3.482500e-08	4.499272e-01	4.499998e-01	-1.58474e-15	
728	3.487500e-08	4.499272e-01	4.499999e-01	-1.48815e-15	
729	3.492500e-08	4.499272e-01	4.499999e-01	-1.39745e-15	
730	3.497500e-08	4.499272e-01	4.499999e-01	-1.31227e-15	
731	3.502500e-08	4.499272e-01	4.499999e-01	-1.23230e-15	
732	3.507500e-08	4.499272e-01	4.499999e-01	-1.15720e-15	
733	3.512500e-08	4.499272e-01	4.499999e-01	-1.08668e-15	
734	3.517500e-08	4.499272e-01	4.499999e-01	-1.02046e-15	
735	3.522500e-08	4.499272e-01	4.499999e-01	-9.58277e-16	
736	3.527500e-08	4.499272e-01	4.499999e-01	-8.99888e-16	
737	3.532500e-08	4.499272e-01	4.499999e-01	-8.45060e-16	
738	3.537500e-08	4.499272e-01	4.499999e-01	-7.93575e-16	
739	3.542500e-08	4.499272e-01	4.499999e-01	-7.45230e-16	
740	3.547500e-08	4.499272e-01	4.499999e-01	-6.99833e-16	
741	3.552500e-08	4.499272e-01	4.499999e-01	-6.57204e-16	
742	3.557500e-08	4.499272e-01	4.499999e-01	-6.17176e-16	
743	3.562500e-08	4.499272e-01	4.499999e-01	-5.79588e-16	
744	3.567500e-08	4.499272e-01	4.499999e-01	-5.44292e-16	
745	3.572500e-08	4.499272e-01	4.499999e-01	-5.11149e-16	
746	3.577500e-08	4.499272e-01	4.500000e-01	-4.80027e-16	
747	3.582500e-08	4.499272e-01	4.500000e-01	-4.50803e-16	
748	3.587500e-08	4.499272e-01	4.500000e-01	-4.23361e-16	
749	3.592500e-08	4.499272e-01	4.500000e-01	-3.97593e-16	
750	3.597500e-08	4.499272e-01	4.500000e-01	-3.73396e-16	

Index   time            v(cell)         v(bl)           vpre#branch     
--------------------------------------------------------------------------------
751	3.602500e-08	4.499272e-01	4.500000e-01	-3.50675e-16	
752	3.607500e-08	4.499272e-01	4.500000e-01	-3.29339e-16	
753	3.612500e-08	4.499272e-01	4.500000e-01	-3.09305e-16	
754	3.617500e-08	4.499272e-01	4.500000e-01	-2.90492e-16	
755	3.622500e-08	4.499272e-01	4.500000e-01	-2.72826e-16	
756	3.627500e-08	4.499272e-01	4.500000e-01	-2.56238e-16	
757	3.632500e-08	4.499272e-01	4.500000e-01	-2.40661e-16	
758	3.637500e-08	4.499272e-01	4.500000e-01	-2.26034e-16	
759	3.642500e-08	4.499272e-01	4.500000e-01	-2.12299e-16	
760	3.647500e-08	4.499272e-01	4.500000e-01	-1.99402e-16	
761	3.652500e-08	4.499272e-01	4.500000e-01	-1.87291e-16	
762	3.657500e-08	4.499272e-01	4.500000e-01	-1.75918e-16	
763	3.662500e-08	4.499272e-01	4.500000e-01	-1.65240e-16	
764	3.667500e-08	4.499272e-01	4.500000e-01	-1.55213e-16	
765	3.672500e-08	4.499272e-01	4.500000e-01	-1.45797e-16	
766	3.677500e-08	4.499272e-01	4.500000e-01	-1.36955e-16	
767	3.682500e-08	4.499272e-01	4.500000e-01	-1.28653e-16	
768	3.687500e-08	4.499272e-01	4.500000e-01	-1.20857e-16	
769	3.692500e-08	4.499272e-01	4.500000e-01	-1.13536e-16	
770	3.697500e-08	4.499272e-01	4.500000e-01	-1.06662e-16	
771	3.702500e-08	4.499272e-01	4.500000e-01	-1.00207e-16	
772	3.707500e-08	4.499272e-01	4.500000e-01	-9.41450e-17	
773	3.712500e-08	4.499272e-01	4.500000e-01	-8.84534e-17	
774	3.717500e-08	4.499272e-01	4.500000e-01	-8.31084e-17	
775	3.722500e-08	4.499272e-01	4.500000e-01	-7.80894e-17	
776	3.727500e-08	4.499272e-01	4.500000e-01	-7.33769e-17	
777	3.732500e-08	4.499272e-01	4.500000e-01	-6.89517e-17	
778	3.737500e-08	4.499272e-01	4.500000e-01	-6.47964e-17	
779	3.742500e-08	4.499272e-01	4.500000e-01	-6.08945e-17	
780	3.747500e-08	4.499272e-01	4.500000e-01	-5.72306e-17	
781	3.752500e-08	4.499272e-01	4.500000e-01	-5.37901e-17	
782	3.757500e-08	4.499272e-01	4.500000e-01	-5.05594e-17	
783	3.762500e-08	4.499272e-01	4.500000e-01	-4.75258e-17	
784	3.767500e-08	4.499272e-01	4.500000e-01	-4.46767e-17	
785	3.772500e-08	4.499272e-01	4.500000e-01	-4.20013e-17	
786	3.777500e-08	4.499272e-01	4.500000e-01	-3.94896e-17	
787	3.782500e-08	4.499272e-01	4.500000e-01	-3.71306e-17	
788	3.787500e-08	4.499272e-01	4.500000e-01	-3.49154e-17	
789	3.792500e-08	4.499272e-01	4.500000e-01	-3.28358e-17	
790	3.797500e-08	4.499272e-01	4.500000e-01	-3.08829e-17	
791	3.802500e-08	4.499272e-01	4.500000e-01	-2.90492e-17	
792	3.807500e-08	4.499272e-01	4.500000e-01	-2.73273e-17	
793	3.812500e-08	4.499272e-01	4.500000e-01	-2.57100e-17	
794	3.817500e-08	4.499272e-01	4.500000e-01	-2.41913e-17	
795	3.822500e-08	4.499272e-01	4.500000e-01	-2.27652e-17	
796	3.827500e-08	4.499272e-01	4.500000e-01	-2.14261e-17	
797	3.832500e-08	4.499272e-01	4.500000e-01	-2.01691e-17	
798	3.837500e-08	4.499272e-01	4.500000e-01	-1.89887e-17	
799	3.842500e-08	4.499272e-01	4.500000e-01	-1.78799e-17	
800	3.847500e-08	4.499272e-01	4.500000e-01	-1.68387e-17	
801	3.852500e-08	4.499272e-01	4.500000e-01	-1.58615e-17	
802	3.857500e-08	4.499272e-01	4.500000e-01	-1.49438e-17	
803	3.862500e-08	4.499272e-01	4.500000e-01	-1.40821e-17	
804	3.867500e-08	4.499272e-01	4.500000e-01	-1.32725e-17	
805	3.872500e-08	4.499272e-01	4.500000e-01	-1.25123e-17	
806	3.877500e-08	4.499272e-01	4.500000e-01	-1.17988e-17	
807	3.882500e-08	4.499272e-01	4.500000e-01	-1.11289e-17	
808	3.887500e-08	4.499272e-01	4.500000e-01	-1.04998e-17	

Index   time            v(cell)         v(bl)           vpre#branch     
--------------------------------------------------------------------------------
809	3.892500e-08	4.499272e-01	4.500000e-01	-9.90913e-18	
810	3.897500e-08	4.499272e-01	4.500000e-01	-9.35403e-18	
811	3.902500e-08	4.499272e-01	4.500000e-01	-8.83278e-18	
812	3.907500e-08	4.499272e-01	4.500000e-01	-8.34373e-18	
813	3.912500e-08	4.499272e-01	4.500000e-01	-7.88451e-18	
814	3.917500e-08	4.499272e-01	4.500000e-01	-7.45328e-18	
815	3.922500e-08	4.499272e-01	4.500000e-01	-7.04836e-18	
816	3.927500e-08	4.499272e-01	4.500000e-01	-6.66813e-18	
817	3.932500e-08	4.499272e-01	4.500000e-01	-6.31109e-18	
818	3.937500e-08	4.499272e-01	4.500000e-01	-5.97582e-18	
819	3.942500e-08	4.499272e-01	4.500000e-01	-5.66100e-18	
820	3.947500e-08	4.499272e-01	4.500000e-01	-5.36537e-18	
821	3.952500e-08	4.499272e-01	4.500000e-01	-5.08778e-18	
822	3.957500e-08	4.499272e-01	4.500000e-01	-4.82711e-18	
823	3.962500e-08	4.499272e-01	4.500000e-01	-4.58234e-18	
824	3.967500e-08	4.499272e-01	4.500000e-01	-4.35250e-18	
825	3.972500e-08	4.499272e-01	4.500000e-01	-4.13667e-18	
826	3.977500e-08	4.499272e-01	4.500000e-01	-3.93400e-18	
827	3.982500e-08	4.499272e-01	4.500000e-01	-3.74370e-18	
828	3.987500e-08	4.499272e-01	4.500000e-01	-3.56500e-18	
829	3.992500e-08	4.499272e-01	4.500000e-01	-3.39719e-18	
830	3.996250e-08	4.499272e-01	4.500000e-01	-3.27805e-18	
831	4.000000e-08	4.499272e-01	4.500000e-01	-3.16445e-18	


Total analysis time (seconds) = 0.058524

Total elapsed time (seconds) = 0.071 

Total DRAM available = 386307.215 MB.
DRAM currently available = 2041.379 MB.
Maximum ngspice program size =  529.723 MB.
Current ngspice program size =   14.160 MB.

Shared ngspice pages =   12.324 MB.
Text (code) pages =    6.266 MB.
Stack = 0 bytes.
Library pages =   59.141 MB.

