
Note: No compatibility mode selected!


Circuit: * 1t1c ccell=30.0ff

Doing analysis at TEMP = 85.000000 and TNOM = 27.000000

Using SPARSE 1.3 as Direct Linear Solver

Initial Transient Solution
--------------------------

Node                                   Voltage
----                                   -------
pre                                       0.45
bl                                        0.45
wl                                           0
plate                                        0
s                                            0
cell                                         0
vs#branch                                    0
vpl#branch                                   0
vwl#branch                                   0
vpre#branch                                  0


No. of Data Rows : 832

  Measurements for Transient Analysis

t_write             =  1.90024e-09
t_read              =  2.29059e-08
i_hold              =  -2.87242e-11 from=  2.50000e-08 to=  3.50250e-08
q_read              =   1.43355e-19 from=  1.20000e-08 to=  2.20000e-08

                              * 1t1c ccell=30.0ff
                              Transient Analysis  Tue Jun 23 16:46:43  2026
--------------------------------------------------------------------------------
Index   time            v(cell)         v(bl)           vpre#branch     
--------------------------------------------------------------------------------
0	0.000000e+00	0.000000e+00	4.500000e-01	0.000000e+00	
1	5.000000e-13	5.825436e-11	4.499998e-01	-2.35209e-15	
2	1.000000e-12	1.165077e-10	4.499995e-01	-4.54832e-15	
3	2.000000e-12	2.330143e-10	4.499991e-01	-8.93802e-15	
4	4.000000e-12	4.660271e-10	4.499982e-01	-1.77009e-14	
5	8.000000e-12	9.320512e-10	4.499965e-01	-3.51605e-14	
6	1.600000e-11	1.864094e-09	4.499930e-01	-6.98174e-14	
7	3.200000e-11	3.728157e-09	4.499862e-01	-1.38094e-13	
8	6.400000e-11	7.456197e-09	4.499729e-01	-2.70603e-13	
9	1.140000e-10	1.328104e-08	4.499533e-01	-4.67287e-13	
10	1.640000e-10	1.910562e-08	4.499348e-01	-6.51967e-13	
11	2.140000e-10	2.492996e-08	4.499175e-01	-8.25376e-13	
12	2.640000e-10	3.075408e-08	4.499012e-01	-9.88202e-13	
13	3.140000e-10	3.657798e-08	4.498859e-01	-1.14109e-12	
14	3.640000e-10	4.240168e-08	4.498715e-01	-1.28465e-12	
15	4.140000e-10	4.822519e-08	4.498581e-01	-1.41944e-12	
16	4.640000e-10	5.404853e-08	4.498454e-01	-1.54601e-12	
17	5.140000e-10	5.987170e-08	4.498335e-01	-1.66486e-12	
18	5.640000e-10	6.569471e-08	4.498224e-01	-1.77645e-12	
19	6.140000e-10	7.151758e-08	4.498119e-01	-1.88123e-12	
20	6.640000e-10	7.734032e-08	4.498020e-01	-1.97961e-12	
21	7.140000e-10	8.316292e-08	4.497928e-01	-2.07200e-12	
22	7.640000e-10	8.898540e-08	4.497841e-01	-2.15874e-12	
23	8.140000e-10	9.480777e-08	4.497760e-01	-2.24019e-12	
24	8.640000e-10	1.006300e-07	4.497683e-01	-2.31667e-12	
25	9.140000e-10	1.064522e-07	4.497612e-01	-2.38848e-12	
26	9.570000e-10	1.114592e-07	4.497553e-01	-2.44671e-12	
27	1.000000e-09	1.164661e-07	4.497498e-01	-2.50188e-12	
28	1.005000e-09	4.498933e-03	4.497494e-01	-2.50584e-12	
29	1.015000e-09	1.349655e-02	4.497490e-01	-2.50970e-12	
30	1.035000e-09	3.149178e-02	4.497503e-01	-2.49673e-12	
31	1.075000e-09	6.748225e-02	4.497583e-01	-2.41709e-12	
32	1.125000e-09	1.124703e-01	4.497723e-01	-2.27650e-12	
33	1.175000e-09	1.574584e-01	4.497864e-01	-2.13589e-12	
34	1.225000e-09	2.024465e-01	4.497995e-01	-2.00495e-12	
35	1.275000e-09	2.474346e-01	4.498118e-01	-1.88241e-12	
36	1.325000e-09	2.924226e-01	4.498232e-01	-1.76752e-12	
37	1.375000e-09	3.374107e-01	4.498340e-01	-1.65969e-12	
38	1.425000e-09	3.823988e-01	4.498442e-01	-1.55847e-12	
39	1.475000e-09	4.273869e-01	4.498537e-01	-1.46342e-12	
40	1.525000e-09	4.723750e-01	4.498626e-01	-1.37418e-12	
41	1.575000e-09	5.173631e-01	4.498710e-01	-1.29037e-12	
42	1.625000e-09	5.623511e-01	4.498788e-01	-1.21168e-12	
43	1.675000e-09	6.073392e-01	4.498862e-01	-1.13778e-12	
44	1.725000e-09	6.523273e-01	4.498932e-01	-1.06839e-12	
45	1.775000e-09	6.973154e-01	4.498997e-01	-1.00322e-12	
46	1.825000e-09	7.423035e-01	4.499058e-01	-9.42035e-13	
47	1.875000e-09	7.872915e-01	4.499115e-01	-8.84576e-13	
48	1.925000e-09	8.322796e-01	4.499169e-01	-8.30619e-13	
49	1.962500e-09	8.660207e-01	4.499208e-01	-7.92326e-13	
50	2.000000e-09	8.997617e-01	4.499244e-01	-7.55797e-13	
51	2.005000e-09	8.997617e-01	4.499249e-01	-7.51071e-13	
52	2.015000e-09	8.997617e-01	4.499258e-01	-7.41678e-13	
53	2.035000e-09	8.997617e-01	4.499277e-01	-7.23242e-13	
54	2.075000e-09	8.997617e-01	4.499312e-01	-6.87728e-13	

Index   time            v(cell)         v(bl)           vpre#branch     
--------------------------------------------------------------------------------
55	2.125000e-09	8.997617e-01	4.499354e-01	-6.45771e-13	
56	2.175000e-09	8.997617e-01	4.499394e-01	-6.06374e-13	
57	2.225000e-09	8.997617e-01	4.499431e-01	-5.69378e-13	
58	2.275000e-09	8.997617e-01	4.499465e-01	-5.34639e-13	
59	2.325000e-09	8.997617e-01	4.499498e-01	-5.02019e-13	
60	2.375000e-09	8.997617e-01	4.499529e-01	-4.71387e-13	
61	2.425000e-09	8.997617e-01	4.499557e-01	-4.42624e-13	
62	2.475000e-09	8.997617e-01	4.499584e-01	-4.15615e-13	
63	2.525000e-09	8.997617e-01	4.499610e-01	-3.90253e-13	
64	2.575000e-09	8.997617e-01	4.499634e-01	-3.66437e-13	
65	2.625000e-09	8.997617e-01	4.499656e-01	-3.44074e-13	
66	2.675000e-09	8.997617e-01	4.499677e-01	-3.23075e-13	
67	2.725000e-09	8.997617e-01	4.499697e-01	-3.03356e-13	
68	2.775000e-09	8.997617e-01	4.499715e-01	-2.84840e-13	
69	2.825000e-09	8.997617e-01	4.499733e-01	-2.67452e-13	
70	2.875000e-09	8.997617e-01	4.499749e-01	-2.51126e-13	
71	2.925000e-09	8.997617e-01	4.499764e-01	-2.35795e-13	
72	2.975000e-09	8.997617e-01	4.499779e-01	-2.21398e-13	
73	3.025000e-09	8.997617e-01	4.499792e-01	-2.07880e-13	
74	3.075000e-09	8.997617e-01	4.499805e-01	-1.95186e-13	
75	3.125000e-09	8.997617e-01	4.499817e-01	-1.83266e-13	
76	3.175000e-09	8.997617e-01	4.499828e-01	-1.72074e-13	
77	3.225000e-09	8.997617e-01	4.499838e-01	-1.61563e-13	
78	3.275000e-09	8.997617e-01	4.499848e-01	-1.51694e-13	
79	3.325000e-09	8.997617e-01	4.499858e-01	-1.42427e-13	
80	3.375000e-09	8.997617e-01	4.499866e-01	-1.33724e-13	
81	3.425000e-09	8.997617e-01	4.499874e-01	-1.25553e-13	
82	3.475000e-09	8.997617e-01	4.499882e-01	-1.17879e-13	
83	3.525000e-09	8.997617e-01	4.499889e-01	-1.10674e-13	
84	3.575000e-09	8.997617e-01	4.499896e-01	-1.03908e-13	
85	3.625000e-09	8.997617e-01	4.499902e-01	-9.75546e-14	
86	3.675000e-09	8.997617e-01	4.499908e-01	-9.15887e-14	
87	3.725000e-09	8.997617e-01	4.499914e-01	-8.59866e-14	
88	3.775000e-09	8.997617e-01	4.499919e-01	-8.07262e-14	
89	3.825000e-09	8.997617e-01	4.499924e-01	-7.57865e-14	
90	3.875000e-09	8.997617e-01	4.499929e-01	-7.11481e-14	
91	3.925000e-09	8.997617e-01	4.499933e-01	-6.67926e-14	
92	3.975000e-09	8.997617e-01	4.499937e-01	-6.27026e-14	
93	4.025000e-09	8.997617e-01	4.499941e-01	-5.88621e-14	
94	4.075000e-09	8.997617e-01	4.499945e-01	-5.52558e-14	
95	4.125000e-09	8.997617e-01	4.499948e-01	-5.18694e-14	
96	4.175000e-09	8.997617e-01	4.499951e-01	-4.86895e-14	
97	4.225000e-09	8.997617e-01	4.499954e-01	-4.57035e-14	
98	4.275000e-09	8.997617e-01	4.499957e-01	-4.28997e-14	
99	4.325000e-09	8.997617e-01	4.499960e-01	-4.02668e-14	
100	4.375000e-09	8.997617e-01	4.499962e-01	-3.77945e-14	
101	4.425000e-09	8.997617e-01	4.499965e-01	-3.54729e-14	
102	4.475000e-09	8.997617e-01	4.499967e-01	-3.32930e-14	
103	4.525000e-09	8.997617e-01	4.499969e-01	-3.12459e-14	
104	4.575000e-09	8.997617e-01	4.499971e-01	-2.93237e-14	
105	4.625000e-09	8.997617e-01	4.499972e-01	-2.75188e-14	
106	4.675000e-09	8.997617e-01	4.499974e-01	-2.58238e-14	
107	4.725000e-09	8.997617e-01	4.499976e-01	-2.42323e-14	
108	4.775000e-09	8.997617e-01	4.499977e-01	-2.27378e-14	
109	4.825000e-09	8.997617e-01	4.499979e-01	-2.13345e-14	
110	4.875000e-09	8.997617e-01	4.499980e-01	-2.00167e-14	
111	4.925000e-09	8.997617e-01	4.499981e-01	-1.87793e-14	
112	4.975000e-09	8.997617e-01	4.499982e-01	-1.76173e-14	

Index   time            v(cell)         v(bl)           vpre#branch     
--------------------------------------------------------------------------------
113	5.025000e-09	8.997617e-01	4.499983e-01	-1.65263e-14	
114	5.075000e-09	8.997617e-01	4.499984e-01	-1.55017e-14	
115	5.125000e-09	8.997617e-01	4.499985e-01	-1.45396e-14	
116	5.175000e-09	8.997617e-01	4.499986e-01	-1.36362e-14	
117	5.225000e-09	8.997617e-01	4.499987e-01	-1.27879e-14	
118	5.275000e-09	8.997617e-01	4.499988e-01	-1.19914e-14	
119	5.325000e-09	8.997617e-01	4.499989e-01	-1.12434e-14	
120	5.375000e-09	8.997617e-01	4.499989e-01	-1.05410e-14	
121	5.425000e-09	8.997617e-01	4.499990e-01	-9.88142e-15	
122	5.475000e-09	8.997617e-01	4.499991e-01	-9.26210e-15	
123	5.525000e-09	8.997617e-01	4.499991e-01	-8.68054e-15	
124	5.575000e-09	8.997617e-01	4.499992e-01	-8.13444e-15	
125	5.625000e-09	8.997617e-01	4.499992e-01	-7.62165e-15	
126	5.675000e-09	8.997617e-01	4.499993e-01	-7.14013e-15	
127	5.725000e-09	8.997617e-01	4.499993e-01	-6.68797e-15	
128	5.775000e-09	8.997617e-01	4.499994e-01	-6.26339e-15	
129	5.825000e-09	8.997617e-01	4.499994e-01	-5.86470e-15	
130	5.875000e-09	8.997617e-01	4.499995e-01	-5.49033e-15	
131	5.925000e-09	8.997617e-01	4.499995e-01	-5.13878e-15	
132	5.975000e-09	8.997617e-01	4.499995e-01	-4.80867e-15	
133	6.025000e-09	8.997617e-01	4.499996e-01	-4.49870e-15	
134	6.075000e-09	8.997617e-01	4.499996e-01	-4.20762e-15	
135	6.125000e-09	8.997617e-01	4.499996e-01	-3.93430e-15	
136	6.175000e-09	8.997617e-01	4.499996e-01	-3.67764e-15	
137	6.225000e-09	8.997617e-01	4.499997e-01	-3.43664e-15	
138	6.275000e-09	8.997617e-01	4.499997e-01	-3.21033e-15	
139	6.325000e-09	8.997617e-01	4.499997e-01	-2.99783e-15	
140	6.375000e-09	8.997617e-01	4.499997e-01	-2.79828e-15	
141	6.425000e-09	8.997617e-01	4.499997e-01	-2.61091e-15	
142	6.475000e-09	8.997617e-01	4.499998e-01	-2.43496e-15	
143	6.525000e-09	8.997617e-01	4.499998e-01	-2.26974e-15	
144	6.575000e-09	8.997617e-01	4.499998e-01	-2.11459e-15	
145	6.625000e-09	8.997617e-01	4.499998e-01	-1.96891e-15	
146	6.675000e-09	8.997617e-01	4.499998e-01	-1.83211e-15	
147	6.725000e-09	8.997617e-01	4.499998e-01	-1.70365e-15	
148	6.775000e-09	8.997617e-01	4.499998e-01	-1.58303e-15	
149	6.825000e-09	8.997617e-01	4.499999e-01	-1.46976e-15	
150	6.875000e-09	8.997617e-01	4.499999e-01	-1.36340e-15	
151	6.925000e-09	8.997617e-01	4.499999e-01	-1.26353e-15	
152	6.962500e-09	8.997617e-01	4.499999e-01	-1.19265e-15	
153	7.000000e-09	8.997617e-01	4.499999e-01	-1.12504e-15	
154	7.005000e-09	8.772676e-01	4.499999e-01	-1.11641e-15	
155	7.015000e-09	8.322796e-01	4.499999e-01	-1.09947e-15	
156	7.035000e-09	7.423034e-01	4.499999e-01	-1.06739e-15	
157	7.067500e-09	5.960921e-01	4.499999e-01	-1.01953e-15	
158	7.100000e-09	4.498809e-01	4.499999e-01	-9.75733e-16	
159	7.105000e-09	4.498809e-01	4.499999e-01	-9.69642e-16	
160	7.115000e-09	4.498809e-01	4.499999e-01	-9.57536e-16	
161	7.135000e-09	4.498809e-01	4.499999e-01	-9.33777e-16	
162	7.175000e-09	4.498809e-01	4.499999e-01	-8.88007e-16	
163	7.225000e-09	4.498809e-01	4.499999e-01	-8.33935e-16	
164	7.275000e-09	4.498809e-01	4.499999e-01	-7.83160e-16	
165	7.325000e-09	4.498809e-01	4.499999e-01	-7.35481e-16	
166	7.375000e-09	4.498809e-01	4.499999e-01	-6.90710e-16	
167	7.425000e-09	4.498809e-01	4.499999e-01	-6.48669e-16	
168	7.475000e-09	4.498809e-01	4.499999e-01	-6.09192e-16	
169	7.525000e-09	4.498809e-01	4.499999e-01	-5.72123e-16	
170	7.575000e-09	4.498809e-01	4.499999e-01	-5.37314e-16	

Index   time            v(cell)         v(bl)           vpre#branch     
--------------------------------------------------------------------------------
171	7.625000e-09	4.498809e-01	4.499999e-01	-5.04628e-16	
172	7.675000e-09	4.498809e-01	4.500000e-01	-4.73935e-16	
173	7.725000e-09	4.498809e-01	4.500000e-01	-4.45113e-16	
174	7.775000e-09	4.498809e-01	4.500000e-01	-4.18050e-16	
175	7.825000e-09	4.498809e-01	4.500000e-01	-3.92637e-16	
176	7.875000e-09	4.498809e-01	4.500000e-01	-3.68774e-16	
177	7.925000e-09	4.498809e-01	4.500000e-01	-3.46366e-16	
178	7.975000e-09	4.498809e-01	4.500000e-01	-3.25324e-16	
179	8.025000e-09	4.498809e-01	4.500000e-01	-3.05566e-16	
180	8.075000e-09	4.498809e-01	4.500000e-01	-2.87013e-16	
181	8.125000e-09	4.498809e-01	4.500000e-01	-2.69591e-16	
182	8.175000e-09	4.498809e-01	4.500000e-01	-2.53231e-16	
183	8.225000e-09	4.498809e-01	4.500000e-01	-2.37869e-16	
184	8.275000e-09	4.498809e-01	4.500000e-01	-2.23443e-16	
185	8.325000e-09	4.498809e-01	4.500000e-01	-2.09898e-16	
186	8.375000e-09	4.498809e-01	4.500000e-01	-1.97179e-16	
187	8.425000e-09	4.498809e-01	4.500000e-01	-1.85235e-16	
188	8.475000e-09	4.498809e-01	4.500000e-01	-1.74020e-16	
189	8.525000e-09	4.498809e-01	4.500000e-01	-1.63489e-16	
190	8.575000e-09	4.498809e-01	4.500000e-01	-1.53600e-16	
191	8.625000e-09	4.498809e-01	4.500000e-01	-1.44314e-16	
192	8.675000e-09	4.498809e-01	4.500000e-01	-1.35594e-16	
193	8.725000e-09	4.498809e-01	4.500000e-01	-1.27406e-16	
194	8.775000e-09	4.498809e-01	4.500000e-01	-1.19717e-16	
195	8.825000e-09	4.498809e-01	4.500000e-01	-1.12497e-16	
196	8.875000e-09	4.498809e-01	4.500000e-01	-1.05718e-16	
197	8.925000e-09	4.498809e-01	4.500000e-01	-9.93519e-17	
198	8.975000e-09	4.498809e-01	4.500000e-01	-9.33741e-17	
199	9.025000e-09	4.498809e-01	4.500000e-01	-8.77605e-17	
200	9.075000e-09	4.498809e-01	4.500000e-01	-8.24893e-17	
201	9.125000e-09	4.498809e-01	4.500000e-01	-7.75399e-17	
202	9.175000e-09	4.498809e-01	4.500000e-01	-7.28923e-17	
203	9.225000e-09	4.498809e-01	4.500000e-01	-6.85281e-17	
204	9.275000e-09	4.498809e-01	4.500000e-01	-6.44301e-17	
205	9.325000e-09	4.498809e-01	4.500000e-01	-6.05820e-17	
206	9.375000e-09	4.498809e-01	4.500000e-01	-5.69686e-17	
207	9.425000e-09	4.498809e-01	4.500000e-01	-5.35755e-17	
208	9.475000e-09	4.498809e-01	4.500000e-01	-5.03890e-17	
209	9.525000e-09	4.498809e-01	4.500000e-01	-4.73967e-17	
210	9.575000e-09	4.498809e-01	4.500000e-01	-4.45874e-17	
211	9.625000e-09	4.498809e-01	4.500000e-01	-4.19493e-17	
212	9.675000e-09	4.498809e-01	4.500000e-01	-3.94722e-17	
213	9.725000e-09	4.498809e-01	4.500000e-01	-3.71461e-17	
214	9.775000e-09	4.498809e-01	4.500000e-01	-3.49619e-17	
215	9.825000e-09	4.498809e-01	4.500000e-01	-3.29108e-17	
216	9.875000e-09	4.498809e-01	4.500000e-01	-3.09845e-17	
217	9.925000e-09	4.498809e-01	4.500000e-01	-2.91756e-17	
218	9.975000e-09	4.498809e-01	4.500000e-01	-2.74774e-17	
219	1.002500e-08	4.498809e-01	4.500000e-01	-2.58824e-17	
220	1.007500e-08	4.498809e-01	4.500000e-01	-2.43846e-17	
221	1.012500e-08	4.498809e-01	4.500000e-01	-2.29786e-17	
222	1.017500e-08	4.498809e-01	4.500000e-01	-2.16583e-17	
223	1.022500e-08	4.498809e-01	4.500000e-01	-2.04186e-17	
224	1.027500e-08	4.498809e-01	4.500000e-01	-1.92545e-17	
225	1.032500e-08	4.498809e-01	4.500000e-01	-1.81613e-17	
226	1.037500e-08	4.498809e-01	4.500000e-01	-1.71348e-17	
227	1.042500e-08	4.498809e-01	4.500000e-01	-1.61705e-17	
228	1.047500e-08	4.498809e-01	4.500000e-01	-1.52646e-17	

Index   time            v(cell)         v(bl)           vpre#branch     
--------------------------------------------------------------------------------
229	1.052500e-08	4.498809e-01	4.500000e-01	-1.44144e-17	
230	1.057500e-08	4.498809e-01	4.500000e-01	-1.36164e-17	
231	1.062500e-08	4.498809e-01	4.500000e-01	-1.28671e-17	
232	1.067500e-08	4.498809e-01	4.500000e-01	-1.21634e-17	
233	1.072500e-08	4.498809e-01	4.500000e-01	-1.15027e-17	
234	1.077500e-08	4.498809e-01	4.500000e-01	-1.08819e-17	
235	1.082500e-08	4.498809e-01	4.500000e-01	-1.02989e-17	
236	1.087500e-08	4.498809e-01	4.500000e-01	-9.75147e-18	
237	1.092500e-08	4.498809e-01	4.500000e-01	-9.23701e-18	
238	1.096250e-08	4.498809e-01	4.500000e-01	-8.87239e-18	
239	1.100000e-08	4.498809e-01	4.500000e-01	-8.52503e-18	
240	1.100500e-08	4.498821e-01	4.544717e-01	4.471673e-11	
241	1.101500e-08	4.498845e-01	4.633591e-01	1.335912e-10	
242	1.103500e-08	4.498893e-01	4.808028e-01	3.080276e-10	
243	1.107500e-08	4.498988e-01	5.144057e-01	6.440569e-10	
244	1.112500e-08	4.499107e-01	5.541040e-01	1.041040e-09	
245	1.117500e-08	4.499226e-01	5.913814e-01	1.413814e-09	
246	1.122500e-08	4.499346e-01	6.263855e-01	1.763855e-09	
247	1.127500e-08	4.499465e-01	6.592548e-01	2.092548e-09	
248	1.132500e-08	4.499584e-01	6.901196e-01	2.401196e-09	
249	1.137500e-08	4.499703e-01	7.191017e-01	2.691017e-09	
250	1.142500e-08	4.499822e-01	7.463154e-01	2.963154e-09	
251	1.147500e-08	4.499942e-01	7.718663e-01	3.218663e-09	
252	1.152500e-08	4.500061e-01	7.958505e-01	3.458505e-09	
253	1.157500e-08	4.500180e-01	8.183488e-01	3.683488e-09	
254	1.162500e-08	4.500300e-01	8.393858e-01	3.893858e-09	
255	1.167500e-08	4.500420e-01	8.589003e-01	4.089003e-09	
256	1.172500e-08	4.500542e-01	8.766114e-01	4.266114e-09	
257	1.177500e-08	4.500668e-01	8.916218e-01	4.416218e-09	
258	1.182500e-08	4.500806e-01	9.014995e-01	4.514995e-09	
259	1.187500e-08	4.500973e-01	9.001326e-01	4.501326e-09	
260	1.192500e-08	4.501209e-01	8.736284e-01	4.236284e-09	
261	1.196250e-08	4.501474e-01	8.228759e-01	3.728759e-09	
262	1.200000e-08	4.501865e-01	7.277678e-01	2.777678e-09	
263	1.200500e-08	4.501914e-01	7.077413e-01	2.577413e-09	
264	1.201500e-08	4.502008e-01	6.690851e-01	2.190851e-09	
265	1.203500e-08	4.502180e-01	5.994610e-01	1.494610e-09	
266	1.207500e-08	4.502464e-01	4.876090e-01	3.760905e-10	
267	1.212500e-08	4.502566e-01	4.481020e-01	-1.89805e-11	
268	1.217500e-08	4.502555e-01	4.520102e-01	2.010154e-11	
269	1.222500e-08	4.502564e-01	4.489175e-01	-1.08255e-11	
270	1.227500e-08	4.502557e-01	4.513501e-01	1.350103e-11	
271	1.232500e-08	4.502562e-01	4.494046e-01	-5.95412e-12	
272	1.237500e-08	4.502558e-01	4.509446e-01	9.445654e-12	
273	1.242500e-08	4.502561e-01	4.497118e-01	-2.88162e-12	
274	1.247500e-08	4.502559e-01	4.506934e-01	6.934216e-12	
275	1.252500e-08	4.502561e-01	4.499078e-01	-9.22056e-13	
276	1.257500e-08	4.502559e-01	4.505310e-01	5.310338e-12	
277	1.262500e-08	4.502560e-01	4.500300e-01	2.998867e-13	
278	1.267500e-08	4.502559e-01	4.504317e-01	4.317329e-12	
279	1.272500e-08	4.502560e-01	4.501119e-01	1.119378e-12	
280	1.277500e-08	4.502559e-01	4.503681e-01	3.681220e-12	
281	1.282500e-08	4.502560e-01	4.501639e-01	1.638839e-12	
282	1.287500e-08	4.502559e-01	4.503274e-01	3.273522e-12	
283	1.292500e-08	4.502559e-01	4.501969e-01	1.969138e-12	
284	1.297500e-08	4.502559e-01	4.503012e-01	3.012493e-12	
285	1.302500e-08	4.502559e-01	4.502179e-01	2.179477e-12	
286	1.307500e-08	4.502559e-01	4.502846e-01	2.845510e-12	

Index   time            v(cell)         v(bl)           vpre#branch     
--------------------------------------------------------------------------------
287	1.312500e-08	4.502559e-01	4.502314e-01	2.313533e-12	
288	1.317500e-08	4.502559e-01	4.502739e-01	2.738747e-12	
289	1.322500e-08	4.502559e-01	4.502399e-01	2.399007e-12	
290	1.327500e-08	4.502559e-01	4.502671e-01	2.670504e-12	
291	1.332500e-08	4.502559e-01	4.502454e-01	2.453513e-12	
292	1.337500e-08	4.502559e-01	4.502627e-01	2.626884e-12	
293	1.342500e-08	4.502559e-01	4.502488e-01	2.488267e-12	
294	1.347500e-08	4.502559e-01	4.502599e-01	2.598997e-12	
295	1.352500e-08	4.502559e-01	4.502510e-01	2.510419e-12	
296	1.357500e-08	4.502559e-01	4.502581e-01	2.581159e-12	
297	1.362500e-08	4.502559e-01	4.502525e-01	2.524529e-12	
298	1.367500e-08	4.502559e-01	4.502570e-01	2.569738e-12	
299	1.372500e-08	4.502559e-01	4.502534e-01	2.533506e-12	
300	1.377500e-08	4.502559e-01	4.502562e-01	2.562415e-12	
301	1.382500e-08	4.502559e-01	4.502539e-01	2.539206e-12	
302	1.387500e-08	4.502558e-01	4.502558e-01	2.557709e-12	
303	1.392500e-08	4.502558e-01	4.502543e-01	2.542815e-12	
304	1.397500e-08	4.502558e-01	4.502555e-01	2.554674e-12	
305	1.402500e-08	4.502558e-01	4.502545e-01	2.545088e-12	
306	1.407500e-08	4.502558e-01	4.502553e-01	2.552705e-12	
307	1.412500e-08	4.502558e-01	4.502547e-01	2.546509e-12	
308	1.417500e-08	4.502558e-01	4.502551e-01	2.551418e-12	
309	1.422500e-08	4.502558e-01	4.502547e-01	2.547386e-12	
310	1.427500e-08	4.502558e-01	4.502551e-01	2.550565e-12	
311	1.432500e-08	4.502558e-01	4.502548e-01	2.547915e-12	
312	1.437500e-08	4.502558e-01	4.502550e-01	2.549990e-12	
313	1.442500e-08	4.502558e-01	4.502548e-01	2.548222e-12	
314	1.447500e-08	4.502558e-01	4.502550e-01	2.549592e-12	
315	1.452500e-08	4.502558e-01	4.502548e-01	2.548388e-12	
316	1.457500e-08	4.502558e-01	4.502549e-01	2.549307e-12	
317	1.462500e-08	4.502558e-01	4.502548e-01	2.548464e-12	
318	1.467500e-08	4.502558e-01	4.502549e-01	2.549094e-12	
319	1.472500e-08	4.502558e-01	4.502548e-01	2.548481e-12	
320	1.477500e-08	4.502558e-01	4.502549e-01	2.548928e-12	
321	1.482500e-08	4.502558e-01	4.502548e-01	2.548462e-12	
322	1.487500e-08	4.502558e-01	4.502549e-01	2.548790e-12	
323	1.492500e-08	4.502558e-01	4.502548e-01	2.548420e-12	
324	1.497500e-08	4.502558e-01	4.502549e-01	2.548672e-12	
325	1.502500e-08	4.502558e-01	4.502548e-01	2.548362e-12	
326	1.507500e-08	4.502557e-01	4.502549e-01	2.548566e-12	
327	1.512500e-08	4.502557e-01	4.502548e-01	2.548295e-12	
328	1.517500e-08	4.502557e-01	4.502548e-01	2.548467e-12	
329	1.522500e-08	4.502557e-01	4.502548e-01	2.548222e-12	
330	1.527500e-08	4.502557e-01	4.502548e-01	2.548374e-12	
331	1.532500e-08	4.502557e-01	4.502548e-01	2.548144e-12	
332	1.537500e-08	4.502557e-01	4.502548e-01	2.548283e-12	
333	1.542500e-08	4.502557e-01	4.502548e-01	2.548065e-12	
334	1.547500e-08	4.502557e-01	4.502548e-01	2.548195e-12	
335	1.552500e-08	4.502557e-01	4.502548e-01	2.547983e-12	
336	1.557500e-08	4.502557e-01	4.502548e-01	2.548107e-12	
337	1.562500e-08	4.502557e-01	4.502548e-01	2.547901e-12	
338	1.567500e-08	4.502557e-01	4.502548e-01	2.548021e-12	
339	1.572500e-08	4.502557e-01	4.502548e-01	2.547818e-12	
340	1.577500e-08	4.502557e-01	4.502548e-01	2.547935e-12	
341	1.582500e-08	4.502557e-01	4.502548e-01	2.547734e-12	
342	1.587500e-08	4.502557e-01	4.502548e-01	2.547849e-12	
343	1.592500e-08	4.502557e-01	4.502548e-01	2.547651e-12	
344	1.597500e-08	4.502557e-01	4.502548e-01	2.547764e-12	

Index   time            v(cell)         v(bl)           vpre#branch     
--------------------------------------------------------------------------------
345	1.602500e-08	4.502557e-01	4.502548e-01	2.547567e-12	
346	1.607500e-08	4.502557e-01	4.502548e-01	2.547679e-12	
347	1.612500e-08	4.502557e-01	4.502547e-01	2.547483e-12	
348	1.617500e-08	4.502557e-01	4.502548e-01	2.547594e-12	
349	1.622500e-08	4.502557e-01	4.502547e-01	2.547399e-12	
350	1.627500e-08	4.502556e-01	4.502548e-01	2.547508e-12	
351	1.632500e-08	4.502556e-01	4.502547e-01	2.547315e-12	
352	1.637500e-08	4.502556e-01	4.502547e-01	2.547423e-12	
353	1.642500e-08	4.502556e-01	4.502547e-01	2.547231e-12	
354	1.647500e-08	4.502556e-01	4.502547e-01	2.547338e-12	
355	1.652500e-08	4.502556e-01	4.502547e-01	2.547147e-12	
356	1.657500e-08	4.502556e-01	4.502547e-01	2.547253e-12	
357	1.662500e-08	4.502556e-01	4.502547e-01	2.547063e-12	
358	1.667500e-08	4.502556e-01	4.502547e-01	2.547168e-12	
359	1.672500e-08	4.502556e-01	4.502547e-01	2.546978e-12	
360	1.677500e-08	4.502556e-01	4.502547e-01	2.547083e-12	
361	1.682500e-08	4.502556e-01	4.502547e-01	2.546894e-12	
362	1.687500e-08	4.502556e-01	4.502547e-01	2.546998e-12	
363	1.692500e-08	4.502556e-01	4.502547e-01	2.546810e-12	
364	1.697500e-08	4.502556e-01	4.502547e-01	2.546914e-12	
365	1.702500e-08	4.502556e-01	4.502547e-01	2.546726e-12	
366	1.707500e-08	4.502556e-01	4.502547e-01	2.546829e-12	
367	1.712500e-08	4.502556e-01	4.502547e-01	2.546642e-12	
368	1.717500e-08	4.502556e-01	4.502547e-01	2.546744e-12	
369	1.722500e-08	4.502556e-01	4.502547e-01	2.546558e-12	
370	1.727500e-08	4.502556e-01	4.502547e-01	2.546659e-12	
371	1.732500e-08	4.502556e-01	4.502546e-01	2.546474e-12	
372	1.737500e-08	4.502556e-01	4.502547e-01	2.546574e-12	
373	1.742500e-08	4.502555e-01	4.502546e-01	2.546389e-12	
374	1.747500e-08	4.502555e-01	4.502546e-01	2.546489e-12	
375	1.752500e-08	4.502555e-01	4.502546e-01	2.546305e-12	
376	1.757500e-08	4.502555e-01	4.502546e-01	2.546404e-12	
377	1.762500e-08	4.502555e-01	4.502546e-01	2.546221e-12	
378	1.767500e-08	4.502555e-01	4.502546e-01	2.546319e-12	
379	1.772500e-08	4.502555e-01	4.502546e-01	2.546137e-12	
380	1.777500e-08	4.502555e-01	4.502546e-01	2.546234e-12	
381	1.782500e-08	4.502555e-01	4.502546e-01	2.546053e-12	
382	1.787500e-08	4.502555e-01	4.502546e-01	2.546149e-12	
383	1.792500e-08	4.502555e-01	4.502546e-01	2.545969e-12	
384	1.797500e-08	4.502555e-01	4.502546e-01	2.546064e-12	
385	1.802500e-08	4.502555e-01	4.502546e-01	2.545885e-12	
386	1.807500e-08	4.502555e-01	4.502546e-01	2.545979e-12	
387	1.812500e-08	4.502555e-01	4.502546e-01	2.545800e-12	
388	1.817500e-08	4.502555e-01	4.502546e-01	2.545894e-12	
389	1.822500e-08	4.502555e-01	4.502546e-01	2.545716e-12	
390	1.827500e-08	4.502555e-01	4.502546e-01	2.545810e-12	
391	1.832500e-08	4.502555e-01	4.502546e-01	2.545632e-12	
392	1.837500e-08	4.502555e-01	4.502546e-01	2.545725e-12	
393	1.842500e-08	4.502555e-01	4.502546e-01	2.545548e-12	
394	1.847500e-08	4.502555e-01	4.502546e-01	2.545640e-12	
395	1.852500e-08	4.502555e-01	4.502545e-01	2.545464e-12	
396	1.857500e-08	4.502555e-01	4.502546e-01	2.545555e-12	
397	1.862500e-08	4.502554e-01	4.502545e-01	2.545380e-12	
398	1.867500e-08	4.502554e-01	4.502545e-01	2.545470e-12	
399	1.872500e-08	4.502554e-01	4.502545e-01	2.545296e-12	
400	1.877500e-08	4.502554e-01	4.502545e-01	2.545385e-12	
401	1.882500e-08	4.502554e-01	4.502545e-01	2.545212e-12	
402	1.887500e-08	4.502554e-01	4.502545e-01	2.545300e-12	

Index   time            v(cell)         v(bl)           vpre#branch     
--------------------------------------------------------------------------------
403	1.892500e-08	4.502554e-01	4.502545e-01	2.545127e-12	
404	1.897500e-08	4.502554e-01	4.502545e-01	2.545215e-12	
405	1.902500e-08	4.502554e-01	4.502545e-01	2.545043e-12	
406	1.907500e-08	4.502554e-01	4.502545e-01	2.545131e-12	
407	1.912500e-08	4.502554e-01	4.502545e-01	2.544959e-12	
408	1.917500e-08	4.502554e-01	4.502545e-01	2.545046e-12	
409	1.922500e-08	4.502554e-01	4.502545e-01	2.544875e-12	
410	1.927500e-08	4.502554e-01	4.502545e-01	2.544961e-12	
411	1.932500e-08	4.502554e-01	4.502545e-01	2.544791e-12	
412	1.937500e-08	4.502554e-01	4.502545e-01	2.544876e-12	
413	1.942500e-08	4.502554e-01	4.502545e-01	2.544707e-12	
414	1.947500e-08	4.502554e-01	4.502545e-01	2.544791e-12	
415	1.952500e-08	4.502554e-01	4.502545e-01	2.544623e-12	
416	1.957500e-08	4.502554e-01	4.502545e-01	2.544706e-12	
417	1.962500e-08	4.502554e-01	4.502545e-01	2.544539e-12	
418	1.967500e-08	4.502554e-01	4.502545e-01	2.544622e-12	
419	1.972500e-08	4.502554e-01	4.502544e-01	2.544454e-12	
420	1.977500e-08	4.502553e-01	4.502545e-01	2.544537e-12	
421	1.982500e-08	4.502553e-01	4.502544e-01	2.544370e-12	
422	1.987500e-08	4.502553e-01	4.502544e-01	2.544452e-12	
423	1.992500e-08	4.502553e-01	4.502544e-01	2.544286e-12	
424	1.997500e-08	4.502553e-01	4.502544e-01	2.544367e-12	
425	2.002500e-08	4.502553e-01	4.502544e-01	2.544202e-12	
426	2.007500e-08	4.502553e-01	4.502544e-01	2.544282e-12	
427	2.012500e-08	4.502553e-01	4.502544e-01	2.544118e-12	
428	2.017500e-08	4.502553e-01	4.502544e-01	2.544197e-12	
429	2.022500e-08	4.502553e-01	4.502544e-01	2.544034e-12	
430	2.027500e-08	4.502553e-01	4.502544e-01	2.544113e-12	
431	2.032500e-08	4.502553e-01	4.502544e-01	2.543950e-12	
432	2.037500e-08	4.502553e-01	4.502544e-01	2.544028e-12	
433	2.042500e-08	4.502553e-01	4.502544e-01	2.543866e-12	
434	2.047500e-08	4.502553e-01	4.502544e-01	2.543943e-12	
435	2.052500e-08	4.502553e-01	4.502544e-01	2.543781e-12	
436	2.057500e-08	4.502553e-01	4.502544e-01	2.543858e-12	
437	2.062500e-08	4.502553e-01	4.502544e-01	2.543697e-12	
438	2.067500e-08	4.502553e-01	4.502544e-01	2.543774e-12	
439	2.072500e-08	4.502553e-01	4.502544e-01	2.543613e-12	
440	2.077500e-08	4.502553e-01	4.502544e-01	2.543689e-12	
441	2.082500e-08	4.502553e-01	4.502544e-01	2.543529e-12	
442	2.087500e-08	4.502553e-01	4.502544e-01	2.543604e-12	
443	2.092500e-08	4.502553e-01	4.502543e-01	2.543445e-12	
444	2.097500e-08	4.502552e-01	4.502544e-01	2.543519e-12	
445	2.102500e-08	4.502552e-01	4.502543e-01	2.543361e-12	
446	2.107500e-08	4.502552e-01	4.502543e-01	2.543434e-12	
447	2.112500e-08	4.502552e-01	4.502543e-01	2.543277e-12	
448	2.117500e-08	4.502552e-01	4.502543e-01	2.543350e-12	
449	2.122500e-08	4.502552e-01	4.502543e-01	2.543193e-12	
450	2.127500e-08	4.502552e-01	4.502543e-01	2.543265e-12	
451	2.132500e-08	4.502552e-01	4.502543e-01	2.543109e-12	
452	2.137500e-08	4.502552e-01	4.502543e-01	2.543180e-12	
453	2.142500e-08	4.502552e-01	4.502543e-01	2.543024e-12	
454	2.147500e-08	4.502552e-01	4.502543e-01	2.543095e-12	
455	2.152500e-08	4.502552e-01	4.502543e-01	2.542940e-12	
456	2.157500e-08	4.502552e-01	4.502543e-01	2.543011e-12	
457	2.162500e-08	4.502552e-01	4.502543e-01	2.542856e-12	
458	2.167500e-08	4.502552e-01	4.502543e-01	2.542926e-12	
459	2.172500e-08	4.502552e-01	4.502543e-01	2.542772e-12	
460	2.177500e-08	4.502552e-01	4.502543e-01	2.542841e-12	

Index   time            v(cell)         v(bl)           vpre#branch     
--------------------------------------------------------------------------------
461	2.182500e-08	4.502552e-01	4.502543e-01	2.542688e-12	
462	2.187500e-08	4.502552e-01	4.502543e-01	2.542757e-12	
463	2.192500e-08	4.502552e-01	4.502543e-01	2.542604e-12	
464	2.196250e-08	4.502552e-01	4.502543e-01	2.542682e-12	
465	2.200000e-08	4.502552e-01	4.502543e-01	2.542541e-12	
466	2.200500e-08	4.502532e-01	4.485227e-01	-1.47729e-11	
467	2.201500e-08	4.502489e-01	4.467382e-01	-3.26177e-11	
468	2.203500e-08	4.502397e-01	4.453848e-01	-4.61521e-11	
469	2.207500e-08	4.502228e-01	4.373867e-01	-1.26133e-10	
470	2.212500e-08	4.502042e-01	4.189491e-01	-3.10509e-10	
471	2.217500e-08	4.501876e-01	3.940124e-01	-5.59876e-10	
472	2.222500e-08	4.501723e-01	3.661159e-01	-8.38841e-10	
473	2.227500e-08	4.501579e-01	3.369428e-01	-1.13057e-09	
474	2.232500e-08	4.501440e-01	3.073843e-01	-1.42616e-09	
475	2.237500e-08	4.501305e-01	2.779656e-01	-1.72034e-09	
476	2.242500e-08	4.501175e-01	2.490274e-01	-2.00973e-09	
477	2.247500e-08	4.501047e-01	2.208076e-01	-2.29192e-09	
478	2.252500e-08	4.500921e-01	1.934793e-01	-2.56521e-09	
479	2.257500e-08	4.500798e-01	1.671696e-01	-2.82830e-09	
480	2.262500e-08	4.500675e-01	1.419684e-01	-3.08032e-09	
481	2.267500e-08	4.500554e-01	1.179343e-01	-3.32066e-09	
482	2.272500e-08	4.500433e-01	9.509770e-02	-3.54902e-09	
483	2.277500e-08	4.500313e-01	7.344648e-02	-3.76554e-09	
484	2.282500e-08	4.500193e-01	5.297376e-02	-3.97026e-09	
485	2.287500e-08	4.500074e-01	3.367408e-02	-4.16326e-09	
486	2.292500e-08	4.499954e-01	1.550400e-02	-4.34496e-09	
487	2.296250e-08	4.499865e-01	2.590678e-03	-4.47409e-09	
488	2.300000e-08	4.499775e-01	-9.73715e-03	-4.59737e-09	
489	2.300500e-08	4.499775e-01	-6.86089e-03	-4.56861e-09	
490	2.301500e-08	4.499775e-01	-1.14466e-03	-4.51145e-09	
491	2.303500e-08	4.499775e-01	1.007297e-02	-4.39927e-09	
492	2.307500e-08	4.499775e-01	3.167692e-02	-4.18323e-09	
493	2.312500e-08	4.499775e-01	5.719368e-02	-3.92806e-09	
494	2.317500e-08	4.499775e-01	8.115140e-02	-3.68849e-09	
495	2.322500e-08	4.499775e-01	1.036468e-01	-3.46353e-09	
496	2.327500e-08	4.499775e-01	1.247697e-01	-3.25230e-09	
497	2.332500e-08	4.499775e-01	1.446039e-01	-3.05396e-09	
498	2.337500e-08	4.499775e-01	1.632284e-01	-2.86772e-09	
499	2.342500e-08	4.499775e-01	1.807169e-01	-2.69283e-09	
500	2.347500e-08	4.499775e-01	1.971388e-01	-2.52861e-09	
501	2.352500e-08	4.499775e-01	2.125591e-01	-2.37441e-09	
502	2.357500e-08	4.499775e-01	2.270391e-01	-2.22961e-09	
503	2.362500e-08	4.499775e-01	2.406360e-01	-2.09364e-09	
504	2.367500e-08	4.499775e-01	2.534036e-01	-1.96596e-09	
505	2.372500e-08	4.499775e-01	2.653927e-01	-1.84607e-09	
506	2.377500e-08	4.499775e-01	2.766506e-01	-1.73349e-09	
507	2.382500e-08	4.499775e-01	2.872220e-01	-1.62778e-09	
508	2.387500e-08	4.499775e-01	2.971487e-01	-1.52851e-09	
509	2.392500e-08	4.499775e-01	3.064700e-01	-1.43530e-09	
510	2.397500e-08	4.499775e-01	3.152229e-01	-1.34777e-09	
511	2.402500e-08	4.499775e-01	3.234420e-01	-1.26558e-09	
512	2.407500e-08	4.499775e-01	3.311599e-01	-1.18840e-09	
513	2.412500e-08	4.499775e-01	3.384071e-01	-1.11593e-09	
514	2.417500e-08	4.499775e-01	3.452124e-01	-1.04788e-09	
515	2.422500e-08	4.499775e-01	3.516027e-01	-9.83973e-10	
516	2.427500e-08	4.499775e-01	3.576032e-01	-9.23968e-10	
517	2.432500e-08	4.499775e-01	3.632379e-01	-8.67621e-10	
518	2.437500e-08	4.499775e-01	3.685289e-01	-8.14711e-10	

Index   time            v(cell)         v(bl)           vpre#branch     
--------------------------------------------------------------------------------
519	2.442500e-08	4.499775e-01	3.734972e-01	-7.65028e-10	
520	2.447500e-08	4.499775e-01	3.781626e-01	-7.18374e-10	
521	2.452500e-08	4.499775e-01	3.825434e-01	-6.74566e-10	
522	2.457500e-08	4.499775e-01	3.866571e-01	-6.33429e-10	
523	2.462500e-08	4.499775e-01	3.905200e-01	-5.94800e-10	
524	2.467500e-08	4.499775e-01	3.941472e-01	-5.58528e-10	
525	2.472500e-08	4.499775e-01	3.975533e-01	-5.24467e-10	
526	2.477500e-08	4.499775e-01	4.007517e-01	-4.92483e-10	
527	2.482500e-08	4.499775e-01	4.037550e-01	-4.62450e-10	
528	2.487500e-08	4.499775e-01	4.065751e-01	-4.34249e-10	
529	2.492500e-08	4.499775e-01	4.092233e-01	-4.07767e-10	
530	2.497500e-08	4.499775e-01	4.117100e-01	-3.82900e-10	
531	2.502500e-08	4.499775e-01	4.140450e-01	-3.59550e-10	
532	2.507500e-08	4.499775e-01	4.162377e-01	-3.37623e-10	
533	2.512500e-08	4.499775e-01	4.182966e-01	-3.17034e-10	
534	2.517500e-08	4.499775e-01	4.202300e-01	-2.97700e-10	
535	2.522500e-08	4.499775e-01	4.220454e-01	-2.79546e-10	
536	2.527500e-08	4.499775e-01	4.237502e-01	-2.62498e-10	
537	2.532500e-08	4.499775e-01	4.253510e-01	-2.46490e-10	
538	2.537500e-08	4.499775e-01	4.268541e-01	-2.31459e-10	
539	2.542500e-08	4.499775e-01	4.282656e-01	-2.17344e-10	
540	2.547500e-08	4.499775e-01	4.295911e-01	-2.04089e-10	
541	2.552500e-08	4.499775e-01	4.308357e-01	-1.91643e-10	
542	2.557500e-08	4.499775e-01	4.320044e-01	-1.79956e-10	
543	2.562500e-08	4.499775e-01	4.331018e-01	-1.68982e-10	
544	2.567500e-08	4.499775e-01	4.341323e-01	-1.58677e-10	
545	2.572500e-08	4.499775e-01	4.351000e-01	-1.49000e-10	
546	2.577500e-08	4.499775e-01	4.360086e-01	-1.39914e-10	
547	2.582500e-08	4.499775e-01	4.368618e-01	-1.31382e-10	
548	2.587500e-08	4.499775e-01	4.376630e-01	-1.23370e-10	
549	2.592500e-08	4.499775e-01	4.384154e-01	-1.15846e-10	
550	2.597500e-08	4.499775e-01	4.391219e-01	-1.08781e-10	
551	2.602500e-08	4.499775e-01	4.397852e-01	-1.02148e-10	
552	2.607500e-08	4.499775e-01	4.404082e-01	-9.59184e-11	
553	2.612500e-08	4.499775e-01	4.409931e-01	-9.00690e-11	
554	2.617500e-08	4.499775e-01	4.415424e-01	-8.45763e-11	
555	2.622500e-08	4.499775e-01	4.420581e-01	-7.94186e-11	
556	2.627500e-08	4.499775e-01	4.425425e-01	-7.45754e-11	
557	2.632500e-08	4.499775e-01	4.429972e-01	-7.00276e-11	
558	2.637500e-08	4.499775e-01	4.434243e-01	-6.57571e-11	
559	2.642500e-08	4.499775e-01	4.438253e-01	-6.17470e-11	
560	2.647500e-08	4.499775e-01	4.442018e-01	-5.79815e-11	
561	2.652500e-08	4.499775e-01	4.445554e-01	-5.44456e-11	
562	2.657500e-08	4.499775e-01	4.448875e-01	-5.11254e-11	
563	2.662500e-08	4.499775e-01	4.451992e-01	-4.80076e-11	
564	2.667500e-08	4.499775e-01	4.454920e-01	-4.50800e-11	
565	2.672500e-08	4.499775e-01	4.457669e-01	-4.23308e-11	
566	2.677500e-08	4.499775e-01	4.460251e-01	-3.97494e-11	
567	2.682500e-08	4.499775e-01	4.462675e-01	-3.73253e-11	
568	2.687500e-08	4.499775e-01	4.464951e-01	-3.50491e-11	
569	2.692500e-08	4.499775e-01	4.467088e-01	-3.29117e-11	
570	2.697500e-08	4.499775e-01	4.469095e-01	-3.09047e-11	
571	2.702500e-08	4.499775e-01	4.470980e-01	-2.90200e-11	
572	2.707500e-08	4.499775e-01	4.472750e-01	-2.72503e-11	
573	2.712500e-08	4.499775e-01	4.474412e-01	-2.55885e-11	
574	2.717500e-08	4.499775e-01	4.475972e-01	-2.40280e-11	
575	2.722500e-08	4.499775e-01	4.477437e-01	-2.25627e-11	
576	2.727500e-08	4.499775e-01	4.478813e-01	-2.11868e-11	

Index   time            v(cell)         v(bl)           vpre#branch     
--------------------------------------------------------------------------------
577	2.732500e-08	4.499775e-01	4.480105e-01	-1.98947e-11	
578	2.737500e-08	4.499775e-01	4.481318e-01	-1.86815e-11	
579	2.742500e-08	4.499775e-01	4.482458e-01	-1.75423e-11	
580	2.747500e-08	4.499775e-01	4.483528e-01	-1.64725e-11	
581	2.752500e-08	4.499775e-01	4.484532e-01	-1.54679e-11	
582	2.757500e-08	4.499775e-01	4.485475e-01	-1.45247e-11	
583	2.762500e-08	4.499775e-01	4.486361e-01	-1.36389e-11	
584	2.767500e-08	4.499775e-01	4.487193e-01	-1.28072e-11	
585	2.772500e-08	4.499775e-01	4.487974e-01	-1.20261e-11	
586	2.777500e-08	4.499775e-01	4.488707e-01	-1.12927e-11	
587	2.782500e-08	4.499775e-01	4.489396e-01	-1.06041e-11	
588	2.787500e-08	4.499775e-01	4.490043e-01	-9.95741e-12	
589	2.792500e-08	4.499775e-01	4.490650e-01	-9.35018e-12	
590	2.797500e-08	4.499775e-01	4.491220e-01	-8.77998e-12	
591	2.802500e-08	4.499775e-01	4.491755e-01	-8.24455e-12	
592	2.807500e-08	4.499775e-01	4.492258e-01	-7.74177e-12	
593	2.812500e-08	4.499775e-01	4.492730e-01	-7.26965e-12	
594	2.817500e-08	4.499775e-01	4.493174e-01	-6.82633e-12	
595	2.822500e-08	4.499775e-01	4.493590e-01	-6.41004e-12	
596	2.827500e-08	4.499775e-01	4.493981e-01	-6.01914e-12	
597	2.832500e-08	4.499775e-01	4.494348e-01	-5.65207e-12	
598	2.837500e-08	4.499775e-01	4.494693e-01	-5.30739e-12	
599	2.842500e-08	4.499775e-01	4.495016e-01	-4.98373e-12	
600	2.847500e-08	4.499775e-01	4.495320e-01	-4.67981e-12	
601	2.852500e-08	4.499775e-01	4.495606e-01	-4.39442e-12	
602	2.857500e-08	4.499775e-01	4.495874e-01	-4.12643e-12	
603	2.862500e-08	4.499775e-01	4.496125e-01	-3.87479e-12	
604	2.867500e-08	4.499775e-01	4.496362e-01	-3.63850e-12	
605	2.872500e-08	4.499775e-01	4.496583e-01	-3.41661e-12	
606	2.877500e-08	4.499775e-01	4.496792e-01	-3.20825e-12	
607	2.882500e-08	4.499775e-01	4.496987e-01	-3.01261e-12	
608	2.887500e-08	4.499775e-01	4.497171e-01	-2.82889e-12	
609	2.892500e-08	4.499775e-01	4.497344e-01	-2.65637e-12	
610	2.897500e-08	4.499775e-01	4.497506e-01	-2.49438e-12	
611	2.902500e-08	4.499775e-01	4.497658e-01	-2.34227e-12	
612	2.907500e-08	4.499775e-01	4.497801e-01	-2.19943e-12	
613	2.912500e-08	4.499775e-01	4.497935e-01	-2.06530e-12	
614	2.917500e-08	4.499775e-01	4.498061e-01	-1.93935e-12	
615	2.922500e-08	4.499775e-01	4.498179e-01	-1.82108e-12	
616	2.927500e-08	4.499775e-01	4.498290e-01	-1.71003e-12	
617	2.932500e-08	4.499775e-01	4.498394e-01	-1.60575e-12	
618	2.937500e-08	4.499775e-01	4.498492e-01	-1.50782e-12	
619	2.942500e-08	4.499775e-01	4.498584e-01	-1.41587e-12	
620	2.947500e-08	4.499775e-01	4.498670e-01	-1.32953e-12	
621	2.952500e-08	4.499775e-01	4.498752e-01	-1.24845e-12	
622	2.957500e-08	4.499775e-01	4.498828e-01	-1.17231e-12	
623	2.962500e-08	4.499775e-01	4.498899e-01	-1.10082e-12	
624	2.967500e-08	4.499775e-01	4.498966e-01	-1.03369e-12	
625	2.972500e-08	4.499775e-01	4.499029e-01	-9.70654e-13	
626	2.977500e-08	4.499775e-01	4.499089e-01	-9.11461e-13	
627	2.982500e-08	4.499775e-01	4.499144e-01	-8.55877e-13	
628	2.987500e-08	4.499775e-01	4.499196e-01	-8.03683e-13	
629	2.992500e-08	4.499775e-01	4.499245e-01	-7.54672e-13	
630	2.997500e-08	4.499775e-01	4.499291e-01	-7.08650e-13	
631	3.002500e-08	4.499775e-01	4.499335e-01	-6.65435e-13	
632	3.007500e-08	4.499775e-01	4.499375e-01	-6.24854e-13	
633	3.012500e-08	4.499775e-01	4.499413e-01	-5.86749e-13	
634	3.017500e-08	4.499775e-01	4.499449e-01	-5.50967e-13	

Index   time            v(cell)         v(bl)           vpre#branch     
--------------------------------------------------------------------------------
635	3.022500e-08	4.499775e-01	4.499483e-01	-5.17368e-13	
636	3.027500e-08	4.499775e-01	4.499514e-01	-4.85817e-13	
637	3.032500e-08	4.499775e-01	4.499544e-01	-4.56190e-13	
638	3.037500e-08	4.499775e-01	4.499572e-01	-4.28371e-13	
639	3.042500e-08	4.499775e-01	4.499598e-01	-4.02247e-13	
640	3.047500e-08	4.499775e-01	4.499622e-01	-3.77717e-13	
641	3.052500e-08	4.499775e-01	4.499645e-01	-3.54683e-13	
642	3.057500e-08	4.499775e-01	4.499667e-01	-3.33053e-13	
643	3.062500e-08	4.499775e-01	4.499687e-01	-3.12743e-13	
644	3.067500e-08	4.499775e-01	4.499706e-01	-2.93671e-13	
645	3.072500e-08	4.499775e-01	4.499724e-01	-2.75762e-13	
646	3.077500e-08	4.499775e-01	4.499741e-01	-2.58945e-13	
647	3.082500e-08	4.499775e-01	4.499757e-01	-2.43154e-13	
648	3.087500e-08	4.499775e-01	4.499772e-01	-2.28326e-13	
649	3.092500e-08	4.499775e-01	4.499786e-01	-2.14402e-13	
650	3.097500e-08	4.499775e-01	4.499799e-01	-2.01327e-13	
651	3.102500e-08	4.499775e-01	4.499811e-01	-1.89049e-13	
652	3.107500e-08	4.499775e-01	4.499822e-01	-1.77520e-13	
653	3.112500e-08	4.499775e-01	4.499833e-01	-1.66695e-13	
654	3.117500e-08	4.499775e-01	4.499843e-01	-1.56529e-13	
655	3.122500e-08	4.499775e-01	4.499853e-01	-1.46984e-13	
656	3.127500e-08	4.499775e-01	4.499862e-01	-1.38020e-13	
657	3.132500e-08	4.499775e-01	4.499870e-01	-1.29603e-13	
658	3.137500e-08	4.499775e-01	4.499878e-01	-1.21700e-13	
659	3.142500e-08	4.499775e-01	4.499886e-01	-1.14278e-13	
660	3.147500e-08	4.499775e-01	4.499893e-01	-1.07309e-13	
661	3.152500e-08	4.499775e-01	4.499899e-01	-1.00765e-13	
662	3.157500e-08	4.499775e-01	4.499905e-01	-9.46201e-14	
663	3.162500e-08	4.499775e-01	4.499911e-01	-8.88499e-14	
664	3.167500e-08	4.499775e-01	4.499917e-01	-8.34316e-14	
665	3.172500e-08	4.499775e-01	4.499922e-01	-7.83437e-14	
666	3.177500e-08	4.499775e-01	4.499926e-01	-7.35661e-14	
667	3.182500e-08	4.499775e-01	4.499931e-01	-6.90798e-14	
668	3.187500e-08	4.499775e-01	4.499935e-01	-6.48671e-14	
669	3.192500e-08	4.499775e-01	4.499939e-01	-6.09114e-14	
670	3.197500e-08	4.499775e-01	4.499943e-01	-5.71968e-14	
671	3.202500e-08	4.499775e-01	4.499946e-01	-5.37088e-14	
672	3.207500e-08	4.499775e-01	4.499950e-01	-5.04335e-14	
673	3.212500e-08	4.499775e-01	4.499953e-01	-4.73579e-14	
674	3.217500e-08	4.499775e-01	4.499956e-01	-4.44699e-14	
675	3.222500e-08	4.499775e-01	4.499958e-01	-4.17580e-14	
676	3.227500e-08	4.499775e-01	4.499961e-01	-3.92115e-14	
677	3.232500e-08	4.499775e-01	4.499963e-01	-3.68203e-14	
678	3.237500e-08	4.499775e-01	4.499965e-01	-3.45749e-14	
679	3.242500e-08	4.499775e-01	4.499968e-01	-3.24664e-14	
680	3.247500e-08	4.499775e-01	4.499970e-01	-3.04865e-14	
681	3.252500e-08	4.499775e-01	4.499971e-01	-2.86274e-14	
682	3.257500e-08	4.499775e-01	4.499973e-01	-2.68816e-14	
683	3.262500e-08	4.499775e-01	4.499975e-01	-2.52423e-14	
684	3.267500e-08	4.499775e-01	4.499976e-01	-2.37030e-14	
685	3.272500e-08	4.499775e-01	4.499978e-01	-2.22575e-14	
686	3.277500e-08	4.499775e-01	4.499979e-01	-2.09002e-14	
687	3.282500e-08	4.499775e-01	4.499980e-01	-1.96257e-14	
688	3.287500e-08	4.499775e-01	4.499982e-01	-1.84288e-14	
689	3.292500e-08	4.499775e-01	4.499983e-01	-1.73050e-14	
690	3.297500e-08	4.499775e-01	4.499984e-01	-1.62497e-14	
691	3.302500e-08	4.499775e-01	4.499985e-01	-1.52588e-14	
692	3.307500e-08	4.499775e-01	4.499986e-01	-1.43283e-14	

Index   time            v(cell)         v(bl)           vpre#branch     
--------------------------------------------------------------------------------
693	3.312500e-08	4.499775e-01	4.499987e-01	-1.34545e-14	
694	3.317500e-08	4.499775e-01	4.499987e-01	-1.26340e-14	
695	3.322500e-08	4.499775e-01	4.499988e-01	-1.18636e-14	
696	3.327500e-08	4.499775e-01	4.499989e-01	-1.11401e-14	
697	3.332500e-08	4.499775e-01	4.499990e-01	-1.04608e-14	
698	3.337500e-08	4.499775e-01	4.499990e-01	-9.82286e-15	
699	3.342500e-08	4.499775e-01	4.499991e-01	-9.22385e-15	
700	3.347500e-08	4.499775e-01	4.499991e-01	-8.66136e-15	
701	3.352500e-08	4.499775e-01	4.499992e-01	-8.13318e-15	
702	3.357500e-08	4.499775e-01	4.499992e-01	-7.63721e-15	
703	3.362500e-08	4.499775e-01	4.499993e-01	-7.17149e-15	
704	3.367500e-08	4.499775e-01	4.499993e-01	-6.73416e-15	
705	3.372500e-08	4.499775e-01	4.499994e-01	-6.32351e-15	
706	3.377500e-08	4.499775e-01	4.499994e-01	-5.93790e-15	
707	3.382500e-08	4.499775e-01	4.499994e-01	-5.57580e-15	
708	3.387500e-08	4.499775e-01	4.499995e-01	-5.23579e-15	
709	3.392500e-08	4.499775e-01	4.499995e-01	-4.91651e-15	
710	3.397500e-08	4.499775e-01	4.499995e-01	-4.61670e-15	
711	3.402500e-08	4.499775e-01	4.499996e-01	-4.33518e-15	
712	3.407500e-08	4.499775e-01	4.499996e-01	-4.07082e-15	
713	3.412500e-08	4.499775e-01	4.499996e-01	-3.82258e-15	
714	3.417500e-08	4.499775e-01	4.499996e-01	-3.58949e-15	
715	3.422500e-08	4.499775e-01	4.499997e-01	-3.37060e-15	
716	3.427500e-08	4.499775e-01	4.499997e-01	-3.16507e-15	
717	3.432500e-08	4.499775e-01	4.499997e-01	-2.97207e-15	
718	3.437500e-08	4.499775e-01	4.499997e-01	-2.79084e-15	
719	3.442500e-08	4.499775e-01	4.499997e-01	-2.62066e-15	
720	3.447500e-08	4.499775e-01	4.499998e-01	-2.46086e-15	
721	3.452500e-08	4.499775e-01	4.499998e-01	-2.31080e-15	
722	3.457500e-08	4.499775e-01	4.499998e-01	-2.16990e-15	
723	3.462500e-08	4.499775e-01	4.499998e-01	-2.03759e-15	
724	3.467500e-08	4.499775e-01	4.499998e-01	-1.91334e-15	
725	3.472500e-08	4.499775e-01	4.499998e-01	-1.79668e-15	
726	3.477500e-08	4.499775e-01	4.499998e-01	-1.68713e-15	
727	3.482500e-08	4.499775e-01	4.499998e-01	-1.58425e-15	
728	3.487500e-08	4.499775e-01	4.499999e-01	-1.48766e-15	
729	3.492500e-08	4.499775e-01	4.499999e-01	-1.39695e-15	
730	3.497500e-08	4.499775e-01	4.499999e-01	-1.31178e-15	
731	3.502500e-08	4.499775e-01	4.499999e-01	-1.23179e-15	
732	3.507500e-08	4.499775e-01	4.499999e-01	-1.15669e-15	
733	3.512500e-08	4.499775e-01	4.499999e-01	-1.08617e-15	
734	3.517500e-08	4.499775e-01	4.499999e-01	-1.01994e-15	
735	3.522500e-08	4.499775e-01	4.499999e-01	-9.57760e-16	
736	3.527500e-08	4.499775e-01	4.499999e-01	-8.99369e-16	
737	3.532500e-08	4.499775e-01	4.499999e-01	-8.44538e-16	
738	3.537500e-08	4.499775e-01	4.499999e-01	-7.93051e-16	
739	3.542500e-08	4.499775e-01	4.499999e-01	-7.44703e-16	
740	3.547500e-08	4.499775e-01	4.499999e-01	-6.99305e-16	
741	3.552500e-08	4.499775e-01	4.499999e-01	-6.56674e-16	
742	3.557500e-08	4.499775e-01	4.499999e-01	-6.16643e-16	
743	3.562500e-08	4.499775e-01	4.499999e-01	-5.79053e-16	
744	3.567500e-08	4.499775e-01	4.499999e-01	-5.43756e-16	
745	3.572500e-08	4.499775e-01	4.499999e-01	-5.10611e-16	
746	3.577500e-08	4.499775e-01	4.500000e-01	-4.79487e-16	
747	3.582500e-08	4.499775e-01	4.500000e-01	-4.50262e-16	
748	3.587500e-08	4.499775e-01	4.500000e-01	-4.22818e-16	
749	3.592500e-08	4.499775e-01	4.500000e-01	-3.97049e-16	
750	3.597500e-08	4.499775e-01	4.500000e-01	-3.72851e-16	

Index   time            v(cell)         v(bl)           vpre#branch     
--------------------------------------------------------------------------------
751	3.602500e-08	4.499775e-01	4.500000e-01	-3.50129e-16	
752	3.607500e-08	4.499775e-01	4.500000e-01	-3.28793e-16	
753	3.612500e-08	4.499775e-01	4.500000e-01	-3.08757e-16	
754	3.617500e-08	4.499775e-01	4.500000e-01	-2.89943e-16	
755	3.622500e-08	4.499775e-01	4.500000e-01	-2.72276e-16	
756	3.627500e-08	4.499775e-01	4.500000e-01	-2.55687e-16	
757	3.632500e-08	4.499775e-01	4.500000e-01	-2.40110e-16	
758	3.637500e-08	4.499775e-01	4.500000e-01	-2.25483e-16	
759	3.642500e-08	4.499775e-01	4.500000e-01	-2.11747e-16	
760	3.647500e-08	4.499775e-01	4.500000e-01	-1.98849e-16	
761	3.652500e-08	4.499775e-01	4.500000e-01	-1.86738e-16	
762	3.657500e-08	4.499775e-01	4.500000e-01	-1.75366e-16	
763	3.662500e-08	4.499775e-01	4.500000e-01	-1.64687e-16	
764	3.667500e-08	4.499775e-01	4.500000e-01	-1.54659e-16	
765	3.672500e-08	4.499775e-01	4.500000e-01	-1.45243e-16	
766	3.677500e-08	4.499775e-01	4.500000e-01	-1.36401e-16	
767	3.682500e-08	4.499775e-01	4.500000e-01	-1.28098e-16	
768	3.687500e-08	4.499775e-01	4.500000e-01	-1.20302e-16	
769	3.692500e-08	4.499775e-01	4.500000e-01	-1.12981e-16	
770	3.697500e-08	4.499775e-01	4.500000e-01	-1.06107e-16	
771	3.702500e-08	4.499775e-01	4.500000e-01	-9.96512e-17	
772	3.707500e-08	4.499775e-01	4.500000e-01	-9.35892e-17	
773	3.712500e-08	4.499775e-01	4.500000e-01	-8.78969e-17	
774	3.717500e-08	4.499775e-01	4.500000e-01	-8.25522e-17	
775	3.722500e-08	4.499775e-01	4.500000e-01	-7.75334e-17	
776	3.727500e-08	4.499775e-01	4.500000e-01	-7.28203e-17	
777	3.732500e-08	4.499775e-01	4.500000e-01	-6.83945e-17	
778	3.737500e-08	4.499775e-01	4.500000e-01	-6.42387e-17	
779	3.742500e-08	4.499775e-01	4.500000e-01	-6.03367e-17	
780	3.747500e-08	4.499775e-01	4.500000e-01	-5.66727e-17	
781	3.752500e-08	4.499775e-01	4.500000e-01	-5.32317e-17	
782	3.757500e-08	4.499775e-01	4.500000e-01	-5.00006e-17	
783	3.762500e-08	4.499775e-01	4.500000e-01	-4.69664e-17	
784	3.767500e-08	4.499775e-01	4.500000e-01	-4.41178e-17	
785	3.772500e-08	4.499775e-01	4.500000e-01	-4.14428e-17	
786	3.777500e-08	4.499775e-01	4.500000e-01	-3.89306e-17	
787	3.782500e-08	4.499775e-01	4.500000e-01	-3.65716e-17	
788	3.787500e-08	4.499775e-01	4.500000e-01	-3.43568e-17	
789	3.792500e-08	4.499775e-01	4.500000e-01	-3.22771e-17	
790	3.797500e-08	4.499775e-01	4.500000e-01	-3.03238e-17	
791	3.802500e-08	4.499775e-01	4.500000e-01	-2.84897e-17	
792	3.807500e-08	4.499775e-01	4.500000e-01	-2.67674e-17	
793	3.812500e-08	4.499775e-01	4.500000e-01	-2.51501e-17	
794	3.817500e-08	4.499775e-01	4.500000e-01	-2.36314e-17	
795	3.822500e-08	4.499775e-01	4.500000e-01	-2.22054e-17	
796	3.827500e-08	4.499775e-01	4.500000e-01	-2.08663e-17	
797	3.832500e-08	4.499775e-01	4.500000e-01	-1.96093e-17	
798	3.837500e-08	4.499775e-01	4.500000e-01	-1.84290e-17	
799	3.842500e-08	4.499775e-01	4.500000e-01	-1.73206e-17	
800	3.847500e-08	4.499775e-01	4.500000e-01	-1.62798e-17	
801	3.852500e-08	4.499775e-01	4.500000e-01	-1.53021e-17	
802	3.857500e-08	4.499775e-01	4.500000e-01	-1.43840e-17	
803	3.862500e-08	4.499775e-01	4.500000e-01	-1.35219e-17	
804	3.867500e-08	4.499775e-01	4.500000e-01	-1.27124e-17	
805	3.872500e-08	4.499775e-01	4.500000e-01	-1.19522e-17	
806	3.877500e-08	4.499775e-01	4.500000e-01	-1.12384e-17	
807	3.882500e-08	4.499775e-01	4.500000e-01	-1.05681e-17	
808	3.887500e-08	4.499775e-01	4.500000e-01	-9.93874e-18	

Index   time            v(cell)         v(bl)           vpre#branch     
--------------------------------------------------------------------------------
809	3.892500e-08	4.499775e-01	4.500000e-01	-9.34772e-18	
810	3.897500e-08	4.499775e-01	4.500000e-01	-8.79275e-18	
811	3.902500e-08	4.499775e-01	4.500000e-01	-8.27162e-18	
812	3.907500e-08	4.499775e-01	4.500000e-01	-7.78227e-18	
813	3.912500e-08	4.499775e-01	4.500000e-01	-7.32276e-18	
814	3.917500e-08	4.499775e-01	4.500000e-01	-6.89127e-18	
815	3.922500e-08	4.499775e-01	4.500000e-01	-6.48610e-18	
816	3.927500e-08	4.499775e-01	4.500000e-01	-6.10563e-18	
817	3.932500e-08	4.499775e-01	4.500000e-01	-5.74837e-18	
818	3.937500e-08	4.499775e-01	4.500000e-01	-5.41290e-18	
819	3.942500e-08	4.499775e-01	4.500000e-01	-5.09788e-18	
820	3.947500e-08	4.499775e-01	4.500000e-01	-4.80207e-18	
821	3.952500e-08	4.499775e-01	4.500000e-01	-4.52431e-18	
822	3.957500e-08	4.499775e-01	4.500000e-01	-4.26348e-18	
823	3.962500e-08	4.499775e-01	4.500000e-01	-4.01856e-18	
824	3.967500e-08	4.499775e-01	4.500000e-01	-3.78857e-18	
825	3.972500e-08	4.499775e-01	4.500000e-01	-3.57261e-18	
826	3.977500e-08	4.499775e-01	4.500000e-01	-3.36982e-18	
827	3.982500e-08	4.499775e-01	4.500000e-01	-3.17939e-18	
828	3.987500e-08	4.499775e-01	4.500000e-01	-3.00058e-18	
829	3.992500e-08	4.499775e-01	4.500000e-01	-2.83267e-18	
830	3.996250e-08	4.499775e-01	4.500000e-01	-2.71346e-18	
831	4.000000e-08	4.499775e-01	4.500000e-01	-2.59980e-18	


Total analysis time (seconds) = 1.32807

Total elapsed time (seconds) = 1.340 

Total DRAM available = 386307.215 MB.
DRAM currently available = 19877.926 MB.
Maximum ngspice program size =  529.719 MB.
Current ngspice program size =   14.164 MB.

Shared ngspice pages =   12.336 MB.
Text (code) pages =    6.266 MB.
Stack = 0 bytes.
Library pages =   59.137 MB.

