
Note: No compatibility mode selected!


Circuit: * id-vd sweep vgs=1.0350v

Doing analysis at TEMP = -40.000000 and TNOM = 27.000000

Using SPARSE 1.3 as Direct Linear Solver

No. of Data Rows : 101
                           * id-vd sweep vgs=1.0350v
                           DC transfer characteristic  Tue Jun 23 23:56:50  2026
--------------------------------------------------------------------------------
Index   v-sweep         vd#branch       v(d)            
--------------------------------------------------------------------------------
0	0.000000e+00	0.000000e+00	0.000000e+00	
1	9.000000e-03	-7.15178e-07	9.000000e-03	
2	1.800000e-02	-1.10390e-06	1.800000e-02	
3	2.700000e-02	-1.23692e-06	2.700000e-02	
4	3.600000e-02	-1.31047e-06	3.600000e-02	
5	4.500000e-02	-1.36130e-06	4.500000e-02	
6	5.400000e-02	-1.40011e-06	5.400000e-02	
7	6.300000e-02	-1.43156e-06	6.300000e-02	
8	7.200000e-02	-1.45805e-06	7.200000e-02	
9	8.100000e-02	-1.48100e-06	8.100000e-02	
10	9.000000e-02	-1.50251e-06	9.000000e-02	
11	9.900000e-02	-1.52049e-06	9.900000e-02	
12	1.080000e-01	-1.53690e-06	1.080000e-01	
13	1.170000e-01	-1.55201e-06	1.170000e-01	
14	1.260000e-01	-1.56605e-06	1.260000e-01	
15	1.350000e-01	-1.57917e-06	1.350000e-01	
16	1.440000e-01	-1.59151e-06	1.440000e-01	
17	1.530000e-01	-1.60317e-06	1.530000e-01	
18	1.620000e-01	-1.61423e-06	1.620000e-01	
19	1.710000e-01	-1.62476e-06	1.710000e-01	
20	1.800000e-01	-1.63483e-06	1.800000e-01	
21	1.890000e-01	-1.64448e-06	1.890000e-01	
22	1.980000e-01	-1.65375e-06	1.980000e-01	
23	2.070000e-01	-1.66269e-06	2.070000e-01	
24	2.160000e-01	-1.67131e-06	2.160000e-01	
25	2.250000e-01	-1.67965e-06	2.250000e-01	
26	2.340000e-01	-1.68773e-06	2.340000e-01	
27	2.430000e-01	-1.69558e-06	2.430000e-01	
28	2.520000e-01	-1.70321e-06	2.520000e-01	
29	2.610000e-01	-1.71063e-06	2.610000e-01	
30	2.700000e-01	-1.71786e-06	2.700000e-01	
31	2.790000e-01	-1.72492e-06	2.790000e-01	
32	2.880000e-01	-1.73182e-06	2.880000e-01	
33	2.970000e-01	-1.73856e-06	2.970000e-01	
34	3.060000e-01	-1.74516e-06	3.060000e-01	
35	3.150000e-01	-1.75163e-06	3.150000e-01	
36	3.240000e-01	-1.75797e-06	3.240000e-01	
37	3.330000e-01	-1.76419e-06	3.330000e-01	
38	3.420000e-01	-1.77029e-06	3.420000e-01	
39	3.510000e-01	-1.77629e-06	3.510000e-01	
40	3.600000e-01	-1.78220e-06	3.600000e-01	
41	3.690000e-01	-1.78800e-06	3.690000e-01	
42	3.780000e-01	-1.79372e-06	3.780000e-01	
43	3.870000e-01	-1.79934e-06	3.870000e-01	
44	3.960000e-01	-1.80489e-06	3.960000e-01	
45	4.050000e-01	-1.81036e-06	4.050000e-01	
46	4.140000e-01	-1.81575e-06	4.140000e-01	
47	4.230000e-01	-1.82108e-06	4.230000e-01	
48	4.320000e-01	-1.82633e-06	4.320000e-01	
49	4.410000e-01	-1.83152e-06	4.410000e-01	
50	4.500000e-01	-1.83665e-06	4.500000e-01	
51	4.590000e-01	-1.84172e-06	4.590000e-01	
52	4.680000e-01	-1.84673e-06	4.680000e-01	
53	4.770000e-01	-1.85169e-06	4.770000e-01	
54	4.860000e-01	-1.85659e-06	4.860000e-01	

Index   v-sweep         vd#branch       v(d)            
--------------------------------------------------------------------------------
55	4.950000e-01	-1.86144e-06	4.950000e-01	
56	5.040000e-01	-1.86625e-06	5.040000e-01	
57	5.130000e-01	-1.87100e-06	5.130000e-01	
58	5.220000e-01	-1.87572e-06	5.220000e-01	
59	5.310000e-01	-1.88038e-06	5.310000e-01	
60	5.400000e-01	-1.88501e-06	5.400000e-01	
61	5.490000e-01	-1.88960e-06	5.490000e-01	
62	5.580000e-01	-1.89414e-06	5.580000e-01	
63	5.670000e-01	-1.89865e-06	5.670000e-01	
64	5.760000e-01	-1.90312e-06	5.760000e-01	
65	5.850000e-01	-1.90756e-06	5.850000e-01	
66	5.940000e-01	-1.91196e-06	5.940000e-01	
67	6.030000e-01	-1.91633e-06	6.030000e-01	
68	6.120000e-01	-1.92067e-06	6.120000e-01	
69	6.210000e-01	-1.92497e-06	6.210000e-01	
70	6.300000e-01	-1.92925e-06	6.300000e-01	
71	6.390000e-01	-1.93349e-06	6.390000e-01	
72	6.480000e-01	-1.93771e-06	6.480000e-01	
73	6.570000e-01	-1.94190e-06	6.570000e-01	
74	6.660000e-01	-1.94606e-06	6.660000e-01	
75	6.750000e-01	-1.95020e-06	6.750000e-01	
76	6.840000e-01	-1.95431e-06	6.840000e-01	
77	6.930000e-01	-1.95840e-06	6.930000e-01	
78	7.020000e-01	-1.96246e-06	7.020000e-01	
79	7.110000e-01	-1.96650e-06	7.110000e-01	
80	7.200000e-01	-1.97052e-06	7.200000e-01	
81	7.290000e-01	-1.97451e-06	7.290000e-01	
82	7.380000e-01	-1.97848e-06	7.380000e-01	
83	7.470000e-01	-1.98244e-06	7.470000e-01	
84	7.560000e-01	-1.98637e-06	7.560000e-01	
85	7.650000e-01	-1.99028e-06	7.650000e-01	
86	7.740000e-01	-1.99417e-06	7.740000e-01	
87	7.830000e-01	-1.99804e-06	7.830000e-01	
88	7.920000e-01	-2.00190e-06	7.920000e-01	
89	8.010000e-01	-2.00574e-06	8.010000e-01	
90	8.100000e-01	-2.00955e-06	8.100000e-01	
91	8.190000e-01	-2.01336e-06	8.190000e-01	
92	8.280000e-01	-2.01714e-06	8.280000e-01	
93	8.370000e-01	-2.02091e-06	8.370000e-01	
94	8.460000e-01	-2.02466e-06	8.460000e-01	
95	8.550000e-01	-2.02840e-06	8.550000e-01	
96	8.640000e-01	-2.03212e-06	8.640000e-01	
97	8.730000e-01	-2.03583e-06	8.730000e-01	
98	8.820000e-01	-2.03952e-06	8.820000e-01	
99	8.910000e-01	-2.04320e-06	8.910000e-01	
100	9.000000e-01	-2.04686e-06	9.000000e-01	


Total analysis time (seconds) = 0.0079793

Total elapsed time (seconds) = 0.016 

Total DRAM available = 386307.215 MB.
DRAM currently available = 2048.328 MB.
Maximum ngspice program size =  529.719 MB.
Current ngspice program size =   14.062 MB.

Shared ngspice pages =   12.297 MB.
Text (code) pages =    6.266 MB.
Stack = 0 bytes.
Library pages =   59.137 MB.

