
Note: No compatibility mode selected!


Circuit: * id-vg sweep vds=0.9000v

Doing analysis at TEMP = -40.000000 and TNOM = 27.000000

Using SPARSE 1.3 as Direct Linear Solver

No. of Data Rows : 201

  Measurements for DC Analysis

ion                 =  -1.11473e-06 at=  9.00000e-01
ioff                =  -1.13950e-16

                           * id-vg sweep vds=0.9000v
                           DC transfer characteristic  Tue Jun 23 16:44:56  2026
--------------------------------------------------------------------------------
Index   v-sweep         vd#branch       
--------------------------------------------------------------------------------
0	0.000000e+00	-1.13950e-16	
1	4.500000e-03	-1.29698e-16	
2	9.000000e-03	-1.48915e-16	
3	1.350000e-02	-1.71033e-16	
4	1.800000e-02	-1.96349e-16	
5	2.250000e-02	-2.25514e-16	
6	2.700000e-02	-2.58989e-16	
7	3.150000e-02	-2.97397e-16	
8	3.600000e-02	-3.41551e-16	
9	4.050000e-02	-3.92183e-16	
10	4.500000e-02	-4.50405e-16	
11	4.950000e-02	-5.17219e-16	
12	5.400000e-02	-5.93926e-16	
13	5.850000e-02	-6.82017e-16	
14	6.300000e-02	-7.83255e-16	
15	6.750000e-02	-8.99400e-16	
16	7.200000e-02	-1.03281e-15	
17	7.650000e-02	-1.18604e-15	
18	8.100000e-02	-1.36203e-15	
19	8.550000e-02	-1.56410e-15	
20	9.000000e-02	-1.79612e-15	
21	9.450000e-02	-2.06259e-15	
22	9.900000e-02	-2.36858e-15	
23	1.035000e-01	-2.71994e-15	
24	1.080000e-01	-3.12345e-15	
25	1.125000e-01	-3.58684e-15	
26	1.170000e-01	-4.11894e-15	
27	1.215000e-01	-4.73002e-15	
28	1.260000e-01	-5.43174e-15	
29	1.305000e-01	-6.23752e-15	
30	1.350000e-01	-7.16292e-15	
31	1.395000e-01	-8.22552e-15	
32	1.440000e-01	-9.44581e-15	
33	1.485000e-01	-1.08472e-14	
34	1.530000e-01	-1.24563e-14	
35	1.575000e-01	-1.43043e-14	
36	1.620000e-01	-1.64264e-14	
37	1.665000e-01	-1.88633e-14	
38	1.710000e-01	-2.16617e-14	
39	1.755000e-01	-2.48753e-14	
40	1.800000e-01	-2.85656e-14	
41	1.845000e-01	-3.28034e-14	
42	1.890000e-01	-3.76699e-14	
43	1.935000e-01	-4.32584e-14	
44	1.980000e-01	-4.96759e-14	
45	2.025000e-01	-5.70455e-14	
46	2.070000e-01	-6.55084e-14	
47	2.115000e-01	-7.52267e-14	
48	2.160000e-01	-8.63868e-14	
49	2.205000e-01	-9.92025e-14	
50	2.250000e-01	-1.13920e-13	
51	2.295000e-01	-1.30820e-13	
52	2.340000e-01	-1.50227e-13	
53	2.385000e-01	-1.72514e-13	
54	2.430000e-01	-1.98107e-13	

Index   v-sweep         vd#branch       
--------------------------------------------------------------------------------
55	2.475000e-01	-2.27497e-13	
56	2.520000e-01	-2.61246e-13	
57	2.565000e-01	-3.00003e-13	
58	2.610000e-01	-3.44509e-13	
59	2.655000e-01	-3.95618e-13	
60	2.700000e-01	-4.54309e-13	
61	2.745000e-01	-5.21706e-13	
62	2.790000e-01	-5.99103e-13	
63	2.835000e-01	-6.87981e-13	
64	2.880000e-01	-7.90044e-13	
65	2.925000e-01	-9.07248e-13	
66	2.970000e-01	-1.04184e-12	
67	3.015000e-01	-1.19640e-12	
68	3.060000e-01	-1.37388e-12	
69	3.105000e-01	-1.57770e-12	
70	3.150000e-01	-1.81175e-12	
71	3.195000e-01	-2.08052e-12	
72	3.240000e-01	-2.38916e-12	
73	3.285000e-01	-2.74359e-12	
74	3.330000e-01	-3.15059e-12	
75	3.375000e-01	-3.61797e-12	
76	3.420000e-01	-4.15467e-12	
77	3.465000e-01	-4.77099e-12	
78	3.510000e-01	-5.47873e-12	
79	3.555000e-01	-6.29144e-12	
80	3.600000e-01	-7.22470e-12	
81	3.645000e-01	-8.29639e-12	
82	3.690000e-01	-9.52702e-12	
83	3.735000e-01	-1.09402e-11	
84	3.780000e-01	-1.25629e-11	
85	3.825000e-01	-1.44263e-11	
86	3.870000e-01	-1.65660e-11	
87	3.915000e-01	-1.90229e-11	
88	3.960000e-01	-2.18442e-11	
89	4.005000e-01	-2.50837e-11	
90	4.050000e-01	-2.88035e-11	
91	4.095000e-01	-3.30746e-11	
92	4.140000e-01	-3.79787e-11	
93	4.185000e-01	-4.36095e-11	
94	4.230000e-01	-5.00747e-11	
95	4.275000e-01	-5.74975e-11	
96	4.320000e-01	-6.60196e-11	
97	4.365000e-01	-7.58034e-11	
98	4.410000e-01	-8.70355e-11	
99	4.455000e-01	-9.99296e-11	
100	4.500000e-01	-1.14731e-10	
101	4.545000e-01	-1.32875e-10	
102	4.590000e-01	-1.52545e-10	
103	4.635000e-01	-1.75119e-10	
104	4.680000e-01	-2.01025e-10	
105	4.725000e-01	-2.30752e-10	
106	4.770000e-01	-2.64857e-10	
107	4.815000e-01	-3.03982e-10	
108	4.860000e-01	-3.48858e-10	
109	4.905000e-01	-4.00323e-10	
110	4.950000e-01	-4.59332e-10	
111	4.995000e-01	-5.26975e-10	
112	5.040000e-01	-6.04496e-10	

Index   v-sweep         vd#branch       
--------------------------------------------------------------------------------
113	5.085000e-01	-6.93313e-10	
114	5.130000e-01	-7.95038e-10	
115	5.175000e-01	-9.11503e-10	
116	5.220000e-01	-1.04479e-09	
117	5.265000e-01	-1.19725e-09	
118	5.310000e-01	-1.37155e-09	
119	5.355000e-01	-1.57070e-09	
120	5.400000e-01	-1.79809e-09	
121	5.445000e-01	-2.05752e-09	
122	5.490000e-01	-2.35325e-09	
123	5.535000e-01	-2.69006e-09	
124	5.580000e-01	-3.07323e-09	
125	5.625000e-01	-3.50867e-09	
126	5.670000e-01	-4.00288e-09	
127	5.715000e-01	-4.56302e-09	
128	5.760000e-01	-5.19699e-09	
129	5.805000e-01	-5.91339e-09	
130	5.850000e-01	-6.72163e-09	
131	5.895000e-01	-7.63193e-09	
132	5.940000e-01	-8.65538e-09	
133	5.985000e-01	-9.80401e-09	
134	6.030000e-01	-1.10909e-08	
135	6.075000e-01	-1.25300e-08	
136	6.120000e-01	-1.41369e-08	
137	6.165000e-01	-1.59281e-08	
138	6.210000e-01	-1.79219e-08	
139	6.255000e-01	-2.01382e-08	
140	6.300000e-01	-2.25987e-08	
141	6.345000e-01	-2.53272e-08	
142	6.390000e-01	-2.83498e-08	
143	6.435000e-01	-3.16946e-08	
144	6.480000e-01	-3.53921e-08	
145	6.525000e-01	-3.94748e-08	
146	6.570000e-01	-4.39770e-08	
147	6.615000e-01	-4.89343e-08	
148	6.660000e-01	-5.43831e-08	
149	6.705000e-01	-6.03599e-08	
150	6.750000e-01	-6.69004e-08	
151	6.795000e-01	-7.40389e-08	
152	6.840000e-01	-8.18076e-08	
153	6.885000e-01	-9.02357e-08	
154	6.930000e-01	-9.93484e-08	
155	6.975000e-01	-1.09167e-07	
156	7.020000e-01	-1.19708e-07	
157	7.065000e-01	-1.30982e-07	
158	7.110000e-01	-1.42997e-07	
159	7.155000e-01	-1.55754e-07	
160	7.200000e-01	-1.69250e-07	
161	7.245000e-01	-1.83477e-07	
162	7.290000e-01	-1.98425e-07	
163	7.335000e-01	-2.14080e-07	
164	7.380000e-01	-2.30424e-07	
165	7.425000e-01	-2.47438e-07	
166	7.470000e-01	-2.65104e-07	
167	7.515000e-01	-2.83397e-07	
168	7.560000e-01	-3.01998e-07	
169	7.605000e-01	-3.21494e-07	
170	7.650000e-01	-3.41550e-07	

Index   v-sweep         vd#branch       
--------------------------------------------------------------------------------
171	7.695000e-01	-3.62144e-07	
172	7.740000e-01	-3.83254e-07	
173	7.785000e-01	-4.04858e-07	
174	7.830000e-01	-4.26934e-07	
175	7.875000e-01	-4.49463e-07	
176	7.920000e-01	-4.72424e-07	
177	7.965000e-01	-4.95798e-07	
178	8.010000e-01	-5.19567e-07	
179	8.055000e-01	-5.43714e-07	
180	8.100000e-01	-5.68222e-07	
181	8.145000e-01	-5.93074e-07	
182	8.190000e-01	-6.18257e-07	
183	8.235000e-01	-6.43756e-07	
184	8.280000e-01	-6.69557e-07	
185	8.325000e-01	-6.95647e-07	
186	8.370000e-01	-7.22014e-07	
187	8.415000e-01	-7.48647e-07	
188	8.460000e-01	-7.75534e-07	
189	8.505000e-01	-8.02666e-07	
190	8.550000e-01	-8.30031e-07	
191	8.595000e-01	-8.57622e-07	
192	8.640000e-01	-8.85428e-07	
193	8.685000e-01	-9.13442e-07	
194	8.730000e-01	-9.41656e-07	
195	8.775000e-01	-9.70062e-07	
196	8.820000e-01	-9.98653e-07	
197	8.865000e-01	-1.02742e-06	
198	8.910000e-01	-1.05636e-06	
199	8.955000e-01	-1.08547e-06	
200	9.000000e-01	-1.11473e-06	


Total analysis time (seconds) = 0.261473

Total elapsed time (seconds) = 0.270 

Total DRAM available = 386307.215 MB.
DRAM currently available = 19615.082 MB.
Maximum ngspice program size =  529.723 MB.
Current ngspice program size =   14.113 MB.

Shared ngspice pages =   12.352 MB.
Text (code) pages =    6.266 MB.
Stack = 0 bytes.
Library pages =   59.141 MB.

