
Note: No compatibility mode selected!


Circuit: * wl switching transient

Doing analysis at TEMP = -40.000000 and TNOM = 27.000000

Using SPARSE 1.3 as Direct Linear Solver

Initial Transient Solution
--------------------------

Node                                   Voltage
----                                   -------
d                                         0.45
g                                            0
s                                            0
vg#branch                                    0
vd#branch                          -2.5926e-17
vs#branch                          2.59399e-17


No. of Data Rows : 217
                            * wl switching transient
                            Transient Analysis  Wed Jun 24 01:10:31  2026
--------------------------------------------------------------------------------
Index   time            v(g)            vg#branch       
--------------------------------------------------------------------------------
0	0.000000e+00	0.000000e+00	0.000000e+00	
1	1.000000e-12	0.000000e+00	1.714310e-22	
2	2.000000e-12	0.000000e+00	1.714310e-22	
3	4.000000e-12	0.000000e+00	1.714310e-22	
4	8.000000e-12	0.000000e+00	-1.26043e-22	
5	1.600000e-11	0.000000e+00	4.663742e-22	
6	3.200000e-11	0.000000e+00	-3.49148e-22	
7	6.400000e-11	0.000000e+00	3.812913e-22	
8	1.280000e-10	0.000000e+00	-3.25515e-22	
9	2.280000e-10	0.000000e+00	3.141838e-22	
10	3.280000e-10	0.000000e+00	-3.21091e-22	
11	4.280000e-10	0.000000e+00	3.141838e-22	
12	5.280000e-10	0.000000e+00	-3.21091e-22	
13	6.280000e-10	0.000000e+00	3.141838e-22	
14	7.280000e-10	0.000000e+00	-3.21091e-22	
15	8.280000e-10	0.000000e+00	3.141838e-22	
16	9.140000e-10	0.000000e+00	-3.05033e-22	
17	1.000000e-09	0.000000e+00	3.302422e-22	
18	1.010000e-09	9.000000e-03	-1.42522e-08	
19	1.030000e-09	2.700000e-02	-1.43626e-08	
20	1.070000e-09	6.300000e-02	-1.42528e-08	
21	1.150000e-09	1.350000e-01	-1.43623e-08	
22	1.250000e-09	2.250000e-01	-1.42530e-08	
23	1.350000e-09	3.150000e-01	-1.43621e-08	
24	1.450000e-09	4.050000e-01	-1.42532e-08	
25	1.550000e-09	4.950000e-01	-1.43630e-08	
26	1.650000e-09	5.850000e-01	-1.42723e-08	
27	1.750000e-09	6.750000e-01	-1.46505e-08	
28	1.850000e-09	7.650000e-01	-1.61248e-08	
29	1.925000e-09	8.325000e-01	-1.69736e-08	
30	2.000000e-09	9.000000e-01	-1.72433e-08	
31	2.010000e-09	9.000000e-01	-8.13690e-11	
32	2.030000e-09	9.000000e-01	8.059558e-11	
33	2.070000e-09	9.000000e-01	-8.02114e-11	
34	2.150000e-09	9.000000e-01	8.002005e-11	
35	2.250000e-09	9.000000e-01	-7.98673e-11	
36	2.350000e-09	9.000000e-01	7.971480e-11	
37	2.450000e-09	9.000000e-01	-7.95626e-11	
38	2.550000e-09	9.000000e-01	7.941072e-11	
39	2.650000e-09	9.000000e-01	-7.92591e-11	
40	2.750000e-09	9.000000e-01	7.910780e-11	
41	2.850000e-09	9.000000e-01	-7.89568e-11	
42	2.950000e-09	9.000000e-01	7.880605e-11	
43	3.050000e-09	9.000000e-01	-7.86556e-11	
44	3.150000e-09	9.000000e-01	7.850546e-11	
45	3.250000e-09	9.000000e-01	-7.83556e-11	
46	3.350000e-09	9.000000e-01	7.820602e-11	
47	3.450000e-09	9.000000e-01	-7.80567e-11	
48	3.550000e-09	9.000000e-01	7.790773e-11	
49	3.650000e-09	9.000000e-01	-7.77590e-11	
50	3.750000e-09	9.000000e-01	7.761059e-11	
51	3.850000e-09	9.000000e-01	-7.74624e-11	
52	3.950000e-09	9.000000e-01	7.731459e-11	
53	4.050000e-09	9.000000e-01	-7.71670e-11	
54	4.150000e-09	9.000000e-01	7.701972e-11	

Index   time            v(g)            vg#branch       
--------------------------------------------------------------------------------
55	4.250000e-09	9.000000e-01	-7.68727e-11	
56	4.350000e-09	9.000000e-01	7.672599e-11	
57	4.450000e-09	9.000000e-01	-7.65795e-11	
58	4.550000e-09	9.000000e-01	7.643338e-11	
59	4.650000e-09	9.000000e-01	-7.62875e-11	
60	4.750000e-09	9.000000e-01	7.614190e-11	
61	4.850000e-09	9.000000e-01	-7.59966e-11	
62	4.950000e-09	9.000000e-01	7.585153e-11	
63	5.050000e-09	9.000000e-01	-7.57068e-11	
64	5.150000e-09	9.000000e-01	7.556228e-11	
65	5.250000e-09	9.000000e-01	-7.54181e-11	
66	5.350000e-09	9.000000e-01	7.527415e-11	
67	5.450000e-09	9.000000e-01	-7.51305e-11	
68	5.550000e-09	9.000000e-01	7.498711e-11	
69	5.650000e-09	9.000000e-01	-7.48440e-11	
70	5.750000e-09	9.000000e-01	7.470118e-11	
71	5.850000e-09	9.000000e-01	-7.45586e-11	
72	5.950000e-09	9.000000e-01	7.441635e-11	
73	6.050000e-09	9.000000e-01	-7.42743e-11	
74	6.150000e-09	9.000000e-01	7.413261e-11	
75	6.250000e-09	9.000000e-01	-7.39911e-11	
76	6.350000e-09	9.000000e-01	7.384995e-11	
77	6.450000e-09	9.000000e-01	-7.37090e-11	
78	6.550000e-09	9.000000e-01	7.356839e-11	
79	6.650000e-09	9.000000e-01	-7.34280e-11	
80	6.750000e-09	9.000000e-01	7.328790e-11	
81	6.850000e-09	9.000000e-01	-7.31481e-11	
82	6.950000e-09	9.000000e-01	7.300849e-11	
83	7.050000e-09	9.000000e-01	-7.28692e-11	
84	7.150000e-09	9.000000e-01	7.273015e-11	
85	7.250000e-09	9.000000e-01	-7.25914e-11	
86	7.350000e-09	9.000000e-01	7.245289e-11	
87	7.450000e-09	9.000000e-01	-7.23146e-11	
88	7.550000e-09	9.000000e-01	7.217668e-11	
89	7.650000e-09	9.000000e-01	-7.20390e-11	
90	7.750000e-09	9.000000e-01	7.190154e-11	
91	7.850000e-09	9.000000e-01	-7.17644e-11	
92	7.950000e-09	9.000000e-01	7.162745e-11	
93	8.050000e-09	9.000000e-01	-7.14908e-11	
94	8.150000e-09	9.000000e-01	7.135441e-11	
95	8.250000e-09	9.000000e-01	-7.12183e-11	
96	8.350000e-09	9.000000e-01	7.108242e-11	
97	8.450000e-09	9.000000e-01	-7.09468e-11	
98	8.550000e-09	9.000000e-01	7.081147e-11	
99	8.650000e-09	9.000000e-01	-7.06764e-11	
100	8.750000e-09	9.000000e-01	7.054157e-11	
101	8.850000e-09	9.000000e-01	-7.04070e-11	
102	8.950000e-09	9.000000e-01	7.027270e-11	
103	9.050000e-09	9.000000e-01	-7.01386e-11	
104	9.150000e-09	9.000000e-01	7.000486e-11	
105	9.250000e-09	9.000000e-01	-6.98713e-11	
106	9.350000e-09	9.000000e-01	6.973805e-11	
107	9.450000e-09	9.000000e-01	-6.96050e-11	
108	9.550000e-09	9.000000e-01	6.947226e-11	
109	9.650000e-09	9.000000e-01	-6.93397e-11	
110	9.750000e-09	9.000000e-01	6.920749e-11	
111	9.850000e-09	9.000000e-01	-6.90755e-11	
112	9.925000e-09	9.000000e-01	6.889988e-11	

Index   time            v(g)            vg#branch       
--------------------------------------------------------------------------------
113	1.000000e-08	9.000000e-01	-6.87247e-11	
114	1.001000e-08	9.000000e-01	-3.26436e-13	
115	1.003000e-08	9.000000e-01	3.233139e-13	
116	1.007000e-08	9.000000e-01	-3.21764e-13	
117	1.015000e-08	9.000000e-01	3.209923e-13	
118	1.025000e-08	9.000000e-01	-3.20376e-13	
119	1.035000e-08	9.000000e-01	3.197609e-13	
120	1.045000e-08	9.000000e-01	-3.19147e-13	
121	1.055000e-08	9.000000e-01	3.185343e-13	
122	1.065000e-08	9.000000e-01	-3.17923e-13	
123	1.075000e-08	9.000000e-01	3.173125e-13	
124	1.085000e-08	9.000000e-01	-3.16703e-13	
125	1.095000e-08	9.000000e-01	3.160953e-13	
126	1.105000e-08	9.000000e-01	-3.15489e-13	
127	1.115000e-08	9.000000e-01	3.148829e-13	
128	1.125000e-08	9.000000e-01	-3.14278e-13	
129	1.135000e-08	9.000000e-01	3.136751e-13	
130	1.145000e-08	9.000000e-01	-3.13073e-13	
131	1.155000e-08	9.000000e-01	3.124720e-13	
132	1.165000e-08	9.000000e-01	-3.11872e-13	
133	1.175000e-08	9.000000e-01	3.112735e-13	
134	1.185000e-08	9.000000e-01	-3.10676e-13	
135	1.195000e-08	9.000000e-01	3.100796e-13	
136	1.205000e-08	9.000000e-01	-3.09484e-13	
137	1.215000e-08	9.000000e-01	3.088904e-13	
138	1.225000e-08	9.000000e-01	-3.08297e-13	
139	1.235000e-08	9.000000e-01	3.077057e-13	
140	1.245000e-08	9.000000e-01	-3.07115e-13	
141	1.255000e-08	9.000000e-01	3.065256e-13	
142	1.265000e-08	9.000000e-01	-3.05937e-13	
143	1.275000e-08	9.000000e-01	3.053501e-13	
144	1.285000e-08	9.000000e-01	-3.04764e-13	
145	1.295000e-08	9.000000e-01	3.041791e-13	
146	1.305000e-08	9.000000e-01	-3.03595e-13	
147	1.315000e-08	9.000000e-01	3.030126e-13	
148	1.325000e-08	9.000000e-01	-3.02431e-13	
149	1.335000e-08	9.000000e-01	3.018506e-13	
150	1.345000e-08	9.000000e-01	-3.01271e-13	
151	1.355000e-08	9.000000e-01	3.006931e-13	
152	1.365000e-08	9.000000e-01	-3.00116e-13	
153	1.375000e-08	9.000000e-01	2.995401e-13	
154	1.385000e-08	9.000000e-01	-2.98965e-13	
155	1.395000e-08	9.000000e-01	2.983915e-13	
156	1.405000e-08	9.000000e-01	-2.97819e-13	
157	1.415000e-08	9.000000e-01	2.972473e-13	
158	1.425000e-08	9.000000e-01	-2.96677e-13	
159	1.435000e-08	9.000000e-01	2.961075e-13	
160	1.445000e-08	9.000000e-01	-2.95539e-13	
161	1.455000e-08	9.000000e-01	2.949722e-13	
162	1.465000e-08	9.000000e-01	-2.94406e-13	
163	1.475000e-08	9.000000e-01	2.938412e-13	
164	1.485000e-08	9.000000e-01	-2.93277e-13	
165	1.495000e-08	9.000000e-01	2.927146e-13	
166	1.505000e-08	9.000000e-01	-2.92153e-13	
167	1.515000e-08	9.000000e-01	2.915923e-13	
168	1.525000e-08	9.000000e-01	-2.91033e-13	
169	1.535000e-08	9.000000e-01	2.904743e-13	
170	1.545000e-08	9.000000e-01	-2.89917e-13	

Index   time            v(g)            vg#branch       
--------------------------------------------------------------------------------
171	1.555000e-08	9.000000e-01	2.893607e-13	
172	1.565000e-08	9.000000e-01	-2.88805e-13	
173	1.575000e-08	9.000000e-01	2.882514e-13	
174	1.585000e-08	9.000000e-01	-2.87698e-13	
175	1.595000e-08	9.000000e-01	2.871463e-13	
176	1.605000e-08	9.000000e-01	-2.86595e-13	
177	1.615000e-08	9.000000e-01	2.860455e-13	
178	1.625000e-08	9.000000e-01	-2.85497e-13	
179	1.635000e-08	9.000000e-01	2.849489e-13	
180	1.645000e-08	9.000000e-01	-2.84402e-13	
181	1.655000e-08	9.000000e-01	2.838566e-13	
182	1.665000e-08	9.000000e-01	-2.83312e-13	
183	1.675000e-08	9.000000e-01	2.827685e-13	
184	1.685000e-08	9.000000e-01	-2.82226e-13	
185	1.695000e-08	9.000000e-01	2.816845e-13	
186	1.705000e-08	9.000000e-01	-2.81144e-13	
187	1.715000e-08	9.000000e-01	2.806048e-13	
188	1.725000e-08	9.000000e-01	-2.80066e-13	
189	1.735000e-08	9.000000e-01	2.795292e-13	
190	1.745000e-08	9.000000e-01	-2.78993e-13	
191	1.755000e-08	9.000000e-01	2.784578e-13	
192	1.765000e-08	9.000000e-01	-2.77924e-13	
193	1.775000e-08	9.000000e-01	2.773905e-13	
194	1.785000e-08	9.000000e-01	-2.76858e-13	
195	1.795000e-08	9.000000e-01	2.763273e-13	
196	1.805000e-08	9.000000e-01	-2.75797e-13	
197	1.815000e-08	9.000000e-01	2.752682e-13	
198	1.825000e-08	9.000000e-01	-2.74740e-13	
199	1.835000e-08	9.000000e-01	2.742132e-13	
200	1.845000e-08	9.000000e-01	-2.73687e-13	
201	1.855000e-08	9.000000e-01	2.731622e-13	
202	1.865000e-08	9.000000e-01	-2.72638e-13	
203	1.875000e-08	9.000000e-01	2.721153e-13	
204	1.885000e-08	9.000000e-01	-2.71593e-13	
205	1.895000e-08	9.000000e-01	2.710725e-13	
206	1.905000e-08	9.000000e-01	-2.70553e-13	
207	1.915000e-08	9.000000e-01	2.700336e-13	
208	1.925000e-08	9.000000e-01	-2.69516e-13	
209	1.935000e-08	9.000000e-01	2.689988e-13	
210	1.945000e-08	9.000000e-01	-2.68483e-13	
211	1.955000e-08	9.000000e-01	2.679679e-13	
212	1.965000e-08	9.000000e-01	-2.67454e-13	
213	1.975000e-08	9.000000e-01	2.669411e-13	
214	1.985000e-08	9.000000e-01	-2.66429e-13	
215	1.992500e-08	9.000000e-01	2.657480e-13	
216	2.000000e-08	9.000000e-01	-2.65069e-13	


Total analysis time (seconds) = 0.0136433

Total elapsed time (seconds) = 0.019 

Total DRAM available = 386307.215 MB.
DRAM currently available = 8409.930 MB.
Maximum ngspice program size =  529.723 MB.
Current ngspice program size =   14.027 MB.

Shared ngspice pages =   12.277 MB.
Text (code) pages =    6.266 MB.
Stack = 0 bytes.
Library pages =   59.141 MB.

