
Note: No compatibility mode selected!


Circuit: * 1t1c ccell=10.0ff

Doing analysis at TEMP = 125.000000 and TNOM = 27.000000

Using SPARSE 1.3 as Direct Linear Solver

Initial Transient Solution
--------------------------

Node                                   Voltage
----                                   -------
pre                                      0.405
bl                                       0.405
wl                                           0
plate                                        0
s                                            0
cell                                         0
vs#branch                                    0
vpl#branch                                   0
vwl#branch                                   0
vpre#branch                                  0


No. of Data Rows : 832

  Measurements for Transient Analysis

t_write             =  1.90071e-09
t_read              =  2.28762e-08
i_hold              =  -2.49258e-11 from=  2.50000e-08 to=  3.50250e-08
q_read              =   1.35504e-19 from=  1.20000e-08 to=  2.20000e-08

                              * 1t1c ccell=10.0ff
                              Transient Analysis  Tue Jun 23 21:15:37  2026
--------------------------------------------------------------------------------
Index   time            v(cell)         v(bl)           vpre#branch     
--------------------------------------------------------------------------------
0	0.000000e+00	0.000000e+00	4.050000e-01	0.000000e+00	
1	5.000000e-13	9.871455e-10	4.049987e-01	-1.33367e-14	
2	1.000000e-12	1.974238e-09	4.049974e-01	-2.57481e-14	
3	2.000000e-12	3.948411e-09	4.049949e-01	-5.05553e-14	
4	4.000000e-12	7.896724e-09	4.049900e-01	-1.00076e-13	
5	8.000000e-12	1.579322e-08	4.049801e-01	-1.98742e-13	
6	1.600000e-11	3.158572e-08	4.049605e-01	-3.94586e-13	
7	3.200000e-11	6.316872e-08	4.049220e-01	-7.80396e-13	
8	6.400000e-11	1.263270e-07	4.048471e-01	-1.52908e-12	
9	1.140000e-10	2.249919e-07	4.047360e-01	-2.64016e-12	
10	1.640000e-10	3.236337e-07	4.046317e-01	-3.68321e-12	
11	2.140000e-10	4.222539e-07	4.045338e-01	-4.66238e-12	
12	2.640000e-10	5.208538e-07	4.044418e-01	-5.58159e-12	
13	3.140000e-10	6.194346e-07	4.043555e-01	-6.44451e-12	
14	3.640000e-10	7.179975e-07	4.042745e-01	-7.25459e-12	
15	4.140000e-10	8.165436e-07	4.041985e-01	-8.01507e-12	
16	4.640000e-10	9.150738e-07	4.041271e-01	-8.72897e-12	
17	5.140000e-10	1.013589e-06	4.040601e-01	-9.39916e-12	
18	5.640000e-10	1.112091e-06	4.039972e-01	-1.00283e-11	
19	6.140000e-10	1.210579e-06	4.039381e-01	-1.06189e-11	
20	6.640000e-10	1.309055e-06	4.038827e-01	-1.11734e-11	
21	7.140000e-10	1.407519e-06	4.038306e-01	-1.16939e-11	
22	7.640000e-10	1.505973e-06	4.037818e-01	-1.21825e-11	
23	8.140000e-10	1.604416e-06	4.037359e-01	-1.26412e-11	
24	8.640000e-10	1.702850e-06	4.036928e-01	-1.30718e-11	
25	9.140000e-10	1.801275e-06	4.036524e-01	-1.34761e-11	
26	9.570000e-10	1.885913e-06	4.036196e-01	-1.38038e-11	
27	1.000000e-09	1.970545e-06	4.035886e-01	-1.41142e-11	
28	1.005000e-09	4.048786e-03	4.035861e-01	-1.41389e-11	
29	1.015000e-09	1.214237e-02	4.035831e-01	-1.41689e-11	
30	1.035000e-09	2.832953e-02	4.035872e-01	-1.41284e-11	
31	1.075000e-09	6.070382e-02	4.036235e-01	-1.37652e-11	
32	1.125000e-09	1.011717e-01	4.036947e-01	-1.30527e-11	
33	1.175000e-09	1.416395e-01	4.037711e-01	-1.22890e-11	
34	1.225000e-09	1.821073e-01	4.038447e-01	-1.15525e-11	
35	1.275000e-09	2.225752e-01	4.039147e-01	-1.08532e-11	
36	1.325000e-09	2.630430e-01	4.039807e-01	-1.01933e-11	
37	1.375000e-09	3.035108e-01	4.040427e-01	-9.57250e-12	
38	1.425000e-09	3.439787e-01	4.041011e-01	-8.98904e-12	
39	1.475000e-09	3.844465e-01	4.041559e-01	-8.44096e-12	
40	1.525000e-09	4.249143e-01	4.042074e-01	-7.92621e-12	
41	1.575000e-09	4.653822e-01	4.042557e-01	-7.44271e-12	
42	1.625000e-09	5.058500e-01	4.043011e-01	-6.98859e-12	
43	1.675000e-09	5.463178e-01	4.043438e-01	-6.56216e-12	
44	1.725000e-09	5.867857e-01	4.043838e-01	-6.16169e-12	
45	1.775000e-09	6.272535e-01	4.044214e-01	-5.78562e-12	
46	1.825000e-09	6.677213e-01	4.044568e-01	-5.43243e-12	
47	1.875000e-09	7.081892e-01	4.044899e-01	-5.10075e-12	
48	1.925000e-09	7.486570e-01	4.045211e-01	-4.78924e-12	
49	1.962500e-09	7.790079e-01	4.045432e-01	-4.56814e-12	
50	2.000000e-09	8.093588e-01	4.045643e-01	-4.35719e-12	
51	2.005000e-09	8.093587e-01	4.045670e-01	-4.32990e-12	
52	2.015000e-09	8.093587e-01	4.045724e-01	-4.27565e-12	
53	2.035000e-09	8.093587e-01	4.045831e-01	-4.16918e-12	
54	2.075000e-09	8.093587e-01	4.046036e-01	-3.96408e-12	

Index   time            v(cell)         v(bl)           vpre#branch     
--------------------------------------------------------------------------------
55	2.125000e-09	8.093587e-01	4.046278e-01	-3.72178e-12	
56	2.175000e-09	8.093587e-01	4.046506e-01	-3.49425e-12	
57	2.225000e-09	8.093587e-01	4.046719e-01	-3.28060e-12	
58	2.275000e-09	8.093587e-01	4.046920e-01	-3.07998e-12	
59	2.325000e-09	8.093587e-01	4.047108e-01	-2.89159e-12	
60	2.375000e-09	8.093587e-01	4.047285e-01	-2.71470e-12	
61	2.425000e-09	8.093587e-01	4.047451e-01	-2.54859e-12	
62	2.475000e-09	8.093587e-01	4.047607e-01	-2.39261e-12	
63	2.525000e-09	8.093587e-01	4.047754e-01	-2.24614e-12	
64	2.575000e-09	8.093587e-01	4.047891e-01	-2.10860e-12	
65	2.625000e-09	8.093587e-01	4.048021e-01	-1.97945e-12	
66	2.675000e-09	8.093587e-01	4.048142e-01	-1.85818e-12	
67	2.725000e-09	8.093587e-01	4.048256e-01	-1.74430e-12	
68	2.775000e-09	8.093587e-01	4.048363e-01	-1.63737e-12	
69	2.825000e-09	8.093587e-01	4.048463e-01	-1.53696e-12	
70	2.875000e-09	8.093587e-01	4.048557e-01	-1.44267e-12	
71	2.925000e-09	8.093587e-01	4.048646e-01	-1.35414e-12	
72	2.975000e-09	8.093587e-01	4.048729e-01	-1.27100e-12	
73	3.025000e-09	8.093587e-01	4.048807e-01	-1.19293e-12	
74	3.075000e-09	8.093587e-01	4.048880e-01	-1.11962e-12	
75	3.125000e-09	8.093587e-01	4.048949e-01	-1.05079e-12	
76	3.175000e-09	8.093587e-01	4.049014e-01	-9.86149e-13	
77	3.225000e-09	8.093587e-01	4.049075e-01	-9.25452e-13	
78	3.275000e-09	8.093587e-01	4.049132e-01	-8.68457e-13	
79	3.325000e-09	8.093587e-01	4.049185e-01	-8.14938e-13	
80	3.375000e-09	8.093587e-01	4.049235e-01	-7.64682e-13	
81	3.425000e-09	8.093587e-01	4.049283e-01	-7.17492e-13	
82	3.475000e-09	8.093587e-01	4.049327e-01	-6.73179e-13	
83	3.525000e-09	8.093587e-01	4.049368e-01	-6.31568e-13	
84	3.575000e-09	8.093587e-01	4.049408e-01	-5.92495e-13	
85	3.625000e-09	8.093587e-01	4.049444e-01	-5.55805e-13	
86	3.675000e-09	8.093587e-01	4.049479e-01	-5.21353e-13	
87	3.725000e-09	8.093587e-01	4.049511e-01	-4.89001e-13	
88	3.775000e-09	8.093587e-01	4.049541e-01	-4.58623e-13	
89	3.825000e-09	8.093587e-01	4.049570e-01	-4.30097e-13	
90	3.875000e-09	8.093587e-01	4.049597e-01	-4.03310e-13	
91	3.925000e-09	8.093587e-01	4.049622e-01	-3.78157e-13	
92	3.975000e-09	8.093587e-01	4.049645e-01	-3.54538e-13	
93	4.025000e-09	8.093587e-01	4.049668e-01	-3.32360e-13	
94	4.075000e-09	8.093587e-01	4.049688e-01	-3.11534e-13	
95	4.125000e-09	8.093587e-01	4.049708e-01	-2.91978e-13	
96	4.175000e-09	8.093587e-01	4.049726e-01	-2.73615e-13	
97	4.225000e-09	8.093587e-01	4.049744e-01	-2.56371e-13	
98	4.275000e-09	8.093587e-01	4.049760e-01	-2.40179e-13	
99	4.325000e-09	8.093587e-01	4.049775e-01	-2.24975e-13	
100	4.375000e-09	8.093587e-01	4.049789e-01	-2.10698e-13	
101	4.425000e-09	8.093587e-01	4.049803e-01	-1.97291e-13	
102	4.475000e-09	8.093587e-01	4.049815e-01	-1.84702e-13	
103	4.525000e-09	8.093587e-01	4.049827e-01	-1.72881e-13	
104	4.575000e-09	8.093587e-01	4.049838e-01	-1.61780e-13	
105	4.625000e-09	8.093587e-01	4.049849e-01	-1.51357e-13	
106	4.675000e-09	8.093587e-01	4.049858e-01	-1.41569e-13	
107	4.725000e-09	8.093587e-01	4.049868e-01	-1.32379e-13	
108	4.775000e-09	8.093587e-01	4.049876e-01	-1.23748e-13	
109	4.825000e-09	8.093587e-01	4.049884e-01	-1.15644e-13	
110	4.875000e-09	8.093587e-01	4.049892e-01	-1.08034e-13	
111	4.925000e-09	8.093587e-01	4.049899e-01	-1.00889e-13	
112	4.975000e-09	8.093587e-01	4.049906e-01	-9.41786e-14	

Index   time            v(cell)         v(bl)           vpre#branch     
--------------------------------------------------------------------------------
113	5.025000e-09	8.093587e-01	4.049912e-01	-8.78779e-14	
114	5.075000e-09	8.093587e-01	4.049918e-01	-8.19614e-14	
115	5.125000e-09	8.093587e-01	4.049924e-01	-7.64057e-14	
116	5.175000e-09	8.093587e-01	4.049929e-01	-7.11888e-14	
117	5.225000e-09	8.093587e-01	4.049934e-01	-6.62900e-14	
118	5.275000e-09	8.093587e-01	4.049938e-01	-6.16900e-14	
119	5.325000e-09	8.093587e-01	4.049943e-01	-5.73705e-14	
120	5.375000e-09	8.093587e-01	4.049947e-01	-5.33145e-14	
121	5.425000e-09	8.093587e-01	4.049950e-01	-4.95058e-14	
122	5.475000e-09	8.093587e-01	4.049954e-01	-4.59293e-14	
123	5.525000e-09	8.093587e-01	4.049957e-01	-4.25710e-14	
124	5.575000e-09	8.093587e-01	4.049961e-01	-3.94175e-14	
125	5.625000e-09	8.093587e-01	4.049964e-01	-3.64563e-14	
126	5.675000e-09	8.093587e-01	4.049966e-01	-3.36757e-14	
127	5.725000e-09	8.093587e-01	4.049969e-01	-3.10646e-14	
128	5.775000e-09	8.093587e-01	4.049971e-01	-2.86128e-14	
129	5.825000e-09	8.093587e-01	4.049974e-01	-2.63105e-14	
130	5.875000e-09	8.093587e-01	4.049976e-01	-2.41486e-14	
131	5.925000e-09	8.093587e-01	4.049978e-01	-2.21185e-14	
132	5.975000e-09	8.093587e-01	4.049980e-01	-2.02123e-14	
133	6.025000e-09	8.093587e-01	4.049982e-01	-1.84223e-14	
134	6.075000e-09	8.093587e-01	4.049983e-01	-1.67415e-14	
135	6.125000e-09	8.093587e-01	4.049985e-01	-1.51631e-14	
136	6.175000e-09	8.093587e-01	4.049986e-01	-1.36810e-14	
137	6.225000e-09	8.093587e-01	4.049988e-01	-1.22893e-14	
138	6.275000e-09	8.093587e-01	4.049989e-01	-1.09825e-14	
139	6.325000e-09	8.093587e-01	4.049990e-01	-9.75538e-15	
140	6.375000e-09	8.093587e-01	4.049991e-01	-8.60308e-15	
141	6.425000e-09	8.093587e-01	4.049992e-01	-7.52106e-15	
142	6.475000e-09	8.093587e-01	4.049993e-01	-6.50502e-15	
143	6.525000e-09	8.093587e-01	4.049994e-01	-5.55094e-15	
144	6.575000e-09	8.093587e-01	4.049995e-01	-4.65505e-15	
145	6.625000e-09	8.093587e-01	4.049996e-01	-3.81379e-15	
146	6.675000e-09	8.093587e-01	4.049997e-01	-3.02384e-15	
147	6.725000e-09	8.093587e-01	4.049998e-01	-2.28206e-15	
148	6.775000e-09	8.093587e-01	4.049998e-01	-1.58551e-15	
149	6.825000e-09	8.093587e-01	4.049999e-01	-9.31449e-16	
150	6.875000e-09	8.093587e-01	4.050000e-01	-3.17270e-16	
151	6.925000e-09	8.093587e-01	4.050000e-01	2.594526e-16	
152	6.962500e-09	8.093587e-01	4.050001e-01	6.687368e-16	
153	7.000000e-09	8.093587e-01	4.050001e-01	1.059158e-15	
154	7.005000e-09	7.891247e-01	4.050001e-01	1.106480e-15	
155	7.015000e-09	7.486569e-01	4.050001e-01	1.194666e-15	
156	7.035000e-09	6.677212e-01	4.050001e-01	1.335233e-15	
157	7.067500e-09	5.362007e-01	4.050001e-01	1.479726e-15	
158	7.100000e-09	4.046803e-01	4.050002e-01	1.548417e-15	
159	7.105000e-09	4.046804e-01	4.050002e-01	1.537978e-15	
160	7.115000e-09	4.046804e-01	4.050002e-01	1.517223e-15	
161	7.135000e-09	4.046804e-01	4.050001e-01	1.476486e-15	
162	7.175000e-09	4.046804e-01	4.050001e-01	1.398013e-15	
163	7.225000e-09	4.046804e-01	4.050001e-01	1.305304e-15	
164	7.275000e-09	4.046804e-01	4.050001e-01	1.218250e-15	
165	7.325000e-09	4.046804e-01	4.050001e-01	1.136504e-15	
166	7.375000e-09	4.046804e-01	4.050001e-01	1.059744e-15	
167	7.425000e-09	4.046804e-01	4.050001e-01	9.876654e-16	
168	7.475000e-09	4.046804e-01	4.050001e-01	9.199823e-16	
169	7.525000e-09	4.046804e-01	4.050001e-01	8.564264e-16	
170	7.575000e-09	4.046804e-01	4.050001e-01	7.967467e-16	

Index   time            v(cell)         v(bl)           vpre#branch     
--------------------------------------------------------------------------------
171	7.625000e-09	4.046804e-01	4.050001e-01	7.407069e-16	
172	7.675000e-09	4.046804e-01	4.050001e-01	6.880847e-16	
173	7.725000e-09	4.046804e-01	4.050001e-01	6.386716e-16	
174	7.775000e-09	4.046804e-01	4.050001e-01	5.922719e-16	
175	7.825000e-09	4.046804e-01	4.050001e-01	5.487014e-16	
176	7.875000e-09	4.046804e-01	4.050001e-01	5.077881e-16	
177	7.925000e-09	4.046804e-01	4.050000e-01	4.693701e-16	
178	7.975000e-09	4.046804e-01	4.050000e-01	4.332949e-16	
179	8.025000e-09	4.046804e-01	4.050000e-01	3.994199e-16	
180	8.075000e-09	4.046804e-01	4.050000e-01	3.676112e-16	
181	8.125000e-09	4.046804e-01	4.050000e-01	3.377421e-16	
182	8.175000e-09	4.046804e-01	4.050000e-01	3.096948e-16	
183	8.225000e-09	4.046804e-01	4.050000e-01	2.833578e-16	
184	8.275000e-09	4.046804e-01	4.050000e-01	2.586267e-16	
185	8.325000e-09	4.046804e-01	4.050000e-01	2.354039e-16	
186	8.375000e-09	4.046804e-01	4.050000e-01	2.135977e-16	
187	8.425000e-09	4.046804e-01	4.050000e-01	1.931209e-16	
188	8.475000e-09	4.046804e-01	4.050000e-01	1.738932e-16	
189	8.525000e-09	4.046804e-01	4.050000e-01	1.558381e-16	
190	8.575000e-09	4.046804e-01	4.050000e-01	1.388839e-16	
191	8.625000e-09	4.046804e-01	4.050000e-01	1.229633e-16	
192	8.675000e-09	4.046804e-01	4.050000e-01	1.080138e-16	
193	8.725000e-09	4.046804e-01	4.050000e-01	9.397652e-17	
194	8.775000e-09	4.046804e-01	4.050000e-01	8.079549e-17	
195	8.825000e-09	4.046804e-01	4.050000e-01	6.841792e-17	
196	8.875000e-09	4.046804e-01	4.050000e-01	5.679531e-17	
197	8.925000e-09	4.046804e-01	4.050000e-01	4.588153e-17	
198	8.975000e-09	4.046804e-01	4.050000e-01	3.563310e-17	
199	9.025000e-09	4.046804e-01	4.050000e-01	2.600961e-17	
200	9.075000e-09	4.046804e-01	4.050000e-01	1.697353e-17	
201	9.125000e-09	4.046804e-01	4.050000e-01	8.488120e-18	
202	9.175000e-09	4.046804e-01	4.050000e-01	5.199608e-19	
203	9.225000e-09	4.046804e-01	4.050000e-01	-6.96225e-18	
204	9.275000e-09	4.046804e-01	4.050000e-01	-1.39881e-17	
205	9.325000e-09	4.046804e-01	4.050000e-01	-2.05854e-17	
206	9.375000e-09	4.046804e-01	4.050000e-01	-2.67807e-17	
207	9.425000e-09	4.046804e-01	4.050000e-01	-3.25982e-17	
208	9.475000e-09	4.046804e-01	4.050000e-01	-3.80609e-17	
209	9.525000e-09	4.046804e-01	4.050000e-01	-4.31904e-17	
210	9.575000e-09	4.046804e-01	4.050000e-01	-4.80070e-17	
211	9.625000e-09	4.046804e-01	4.050000e-01	-5.25299e-17	
212	9.675000e-09	4.046804e-01	4.050000e-01	-5.67765e-17	
213	9.725000e-09	4.046804e-01	4.050000e-01	-6.07644e-17	
214	9.775000e-09	4.046804e-01	4.050000e-01	-6.45091e-17	
215	9.825000e-09	4.046804e-01	4.050000e-01	-6.80254e-17	
216	9.875000e-09	4.046804e-01	4.050000e-01	-7.13276e-17	
217	9.925000e-09	4.046804e-01	4.050000e-01	-7.44285e-17	
218	9.975000e-09	4.046804e-01	4.050000e-01	-7.73397e-17	
219	1.002500e-08	4.046804e-01	4.050000e-01	-8.00731e-17	
220	1.007500e-08	4.046804e-01	4.050000e-01	-8.26397e-17	
221	1.012500e-08	4.046804e-01	4.050000e-01	-8.50502e-17	
222	1.017500e-08	4.046804e-01	4.050000e-01	-8.73136e-17	
223	1.022500e-08	4.046804e-01	4.050000e-01	-8.94390e-17	
224	1.027500e-08	4.046804e-01	4.050000e-01	-9.14352e-17	
225	1.032500e-08	4.046804e-01	4.050000e-01	-9.33096e-17	
226	1.037500e-08	4.046804e-01	4.050000e-01	-9.50693e-17	
227	1.042500e-08	4.046804e-01	4.050000e-01	-9.67218e-17	
228	1.047500e-08	4.046804e-01	4.050000e-01	-9.82735e-17	

Index   time            v(cell)         v(bl)           vpre#branch     
--------------------------------------------------------------------------------
229	1.052500e-08	4.046804e-01	4.050000e-01	-9.97305e-17	
230	1.057500e-08	4.046804e-01	4.050000e-01	-1.01099e-16	
231	1.062500e-08	4.046804e-01	4.050000e-01	-1.02383e-16	
232	1.067500e-08	4.046804e-01	4.050000e-01	-1.03589e-16	
233	1.072500e-08	4.046804e-01	4.050000e-01	-1.04722e-16	
234	1.077500e-08	4.046804e-01	4.050000e-01	-1.05786e-16	
235	1.082500e-08	4.046804e-01	4.050000e-01	-1.06785e-16	
236	1.087500e-08	4.046804e-01	4.050000e-01	-1.07723e-16	
237	1.092500e-08	4.046804e-01	4.050000e-01	-1.08604e-16	
238	1.096250e-08	4.046804e-01	4.050000e-01	-1.09229e-16	
239	1.100000e-08	4.046804e-01	4.050000e-01	-1.09825e-16	
240	1.100500e-08	4.046836e-01	4.090245e-01	4.024486e-11	
241	1.101500e-08	4.046900e-01	4.170232e-01	1.202317e-10	
242	1.103500e-08	4.047029e-01	4.327224e-01	2.772240e-10	
243	1.107500e-08	4.047286e-01	4.629649e-01	5.796494e-10	
244	1.112500e-08	4.047608e-01	4.986933e-01	9.369326e-10	
245	1.117500e-08	4.047930e-01	5.322426e-01	1.272426e-09	
246	1.122500e-08	4.048251e-01	5.637458e-01	1.587458e-09	
247	1.127500e-08	4.048573e-01	5.933271e-01	1.883271e-09	
248	1.132500e-08	4.048895e-01	6.211027e-01	2.161027e-09	
249	1.137500e-08	4.049216e-01	6.471806e-01	2.421806e-09	
250	1.142500e-08	4.049538e-01	6.716592e-01	2.666592e-09	
251	1.147500e-08	4.049860e-01	6.946244e-01	2.896244e-09	
252	1.152500e-08	4.050182e-01	7.161425e-01	3.111425e-09	
253	1.157500e-08	4.050506e-01	7.362109e-01	3.312109e-09	
254	1.162500e-08	4.050832e-01	7.547478e-01	3.497478e-09	
255	1.167500e-08	4.051163e-01	7.715010e-01	3.665010e-09	
256	1.172500e-08	4.051506e-01	7.857897e-01	3.807897e-09	
257	1.177500e-08	4.051876e-01	7.960569e-01	3.910569e-09	
258	1.182500e-08	4.052300e-01	7.989521e-01	3.939521e-09	
259	1.187500e-08	4.052839e-01	7.877226e-01	3.827226e-09	
260	1.192500e-08	4.053601e-01	7.500859e-01	3.450859e-09	
261	1.196250e-08	4.054412e-01	6.940455e-01	2.890455e-09	
262	1.200000e-08	4.055525e-01	6.035693e-01	1.985693e-09	
263	1.200500e-08	4.055660e-01	5.854883e-01	1.804883e-09	
264	1.201500e-08	4.055920e-01	5.506018e-01	1.456018e-09	
265	1.203500e-08	4.056393e-01	4.881258e-01	8.312580e-10	
266	1.207500e-08	4.057000e-01	4.095296e-01	4.529592e-11	
267	1.212500e-08	4.057052e-01	4.031013e-01	-1.89872e-11	
268	1.217500e-08	4.057014e-01	4.077408e-01	2.740803e-11	
269	1.222500e-08	4.057042e-01	4.042069e-01	-7.93133e-12	
270	1.227500e-08	4.057020e-01	4.068691e-01	1.869064e-11	
271	1.232500e-08	4.057036e-01	4.048239e-01	-1.76054e-12	
272	1.237500e-08	4.057024e-01	4.063806e-01	1.380565e-11	
273	1.242500e-08	4.057033e-01	4.051847e-01	1.846993e-12	
274	1.247500e-08	4.057025e-01	4.060980e-01	1.098035e-11	
275	1.252500e-08	4.057030e-01	4.053926e-01	3.925902e-12	
276	1.257500e-08	4.057026e-01	4.059298e-01	9.298304e-12	
277	1.262500e-08	4.057029e-01	4.055206e-01	5.205786e-12	
278	1.267500e-08	4.057026e-01	4.058353e-01	8.352675e-12	
279	1.272500e-08	4.057027e-01	4.055949e-01	5.948509e-12	
280	1.277500e-08	4.057026e-01	4.057794e-01	7.794184e-12	
281	1.282500e-08	4.057026e-01	4.056382e-01	6.381981e-12	
282	1.287500e-08	4.057025e-01	4.057465e-01	7.464875e-12	
283	1.292500e-08	4.057025e-01	4.056635e-01	6.635414e-12	
284	1.297500e-08	4.057025e-01	4.057271e-01	7.270861e-12	
285	1.302500e-08	4.057025e-01	4.056784e-01	6.783646e-12	
286	1.307500e-08	4.057024e-01	4.057157e-01	7.156540e-12	

Index   time            v(cell)         v(bl)           vpre#branch     
--------------------------------------------------------------------------------
287	1.312500e-08	4.057024e-01	4.056870e-01	6.870286e-12	
288	1.317500e-08	4.057023e-01	4.057089e-01	7.089096e-12	
289	1.322500e-08	4.057023e-01	4.056921e-01	6.920829e-12	
290	1.327500e-08	4.057023e-01	4.057049e-01	7.049200e-12	
291	1.332500e-08	4.057022e-01	4.056950e-01	6.950201e-12	
292	1.337500e-08	4.057022e-01	4.057025e-01	7.025488e-12	
293	1.342500e-08	4.057022e-01	4.056967e-01	6.967152e-12	
294	1.347500e-08	4.057021e-01	4.057011e-01	7.011279e-12	
295	1.352500e-08	4.057021e-01	4.056977e-01	6.976815e-12	
296	1.357500e-08	4.057021e-01	4.057003e-01	7.002651e-12	
297	1.362500e-08	4.057020e-01	4.056982e-01	6.982199e-12	
298	1.367500e-08	4.057020e-01	4.056997e-01	6.997298e-12	
299	1.372500e-08	4.057020e-01	4.056985e-01	6.985073e-12	
300	1.377500e-08	4.057019e-01	4.056994e-01	6.993869e-12	
301	1.382500e-08	4.057019e-01	4.056986e-01	6.986474e-12	
302	1.387500e-08	4.057019e-01	4.056992e-01	6.991569e-12	
303	1.392500e-08	4.057018e-01	4.056987e-01	6.987009e-12	
304	1.397500e-08	4.057018e-01	4.056990e-01	6.989932e-12	
305	1.402500e-08	4.057018e-01	4.056987e-01	6.987036e-12	
306	1.407500e-08	4.057017e-01	4.056989e-01	6.988683e-12	
307	1.412500e-08	4.057017e-01	4.056987e-01	6.986766e-12	
308	1.417500e-08	4.057016e-01	4.056988e-01	6.987664e-12	
309	1.422500e-08	4.057016e-01	4.056986e-01	6.986321e-12	
310	1.427500e-08	4.057016e-01	4.056987e-01	6.986778e-12	
311	1.432500e-08	4.057015e-01	4.056986e-01	6.985773e-12	
312	1.437500e-08	4.057015e-01	4.056986e-01	6.985971e-12	
313	1.442500e-08	4.057015e-01	4.056985e-01	6.985164e-12	
314	1.447500e-08	4.057014e-01	4.056985e-01	6.985210e-12	
315	1.452500e-08	4.057014e-01	4.056985e-01	6.984521e-12	
316	1.457500e-08	4.057014e-01	4.056984e-01	6.984477e-12	
317	1.462500e-08	4.057013e-01	4.056984e-01	6.983856e-12	
318	1.467500e-08	4.057013e-01	4.056984e-01	6.983759e-12	
319	1.472500e-08	4.057013e-01	4.056983e-01	6.983180e-12	
320	1.477500e-08	4.057012e-01	4.056983e-01	6.983051e-12	
321	1.482500e-08	4.057012e-01	4.056982e-01	6.982496e-12	
322	1.487500e-08	4.057012e-01	4.056982e-01	6.982349e-12	
323	1.492500e-08	4.057011e-01	4.056982e-01	6.981809e-12	
324	1.497500e-08	4.057011e-01	4.056982e-01	6.981650e-12	
325	1.502500e-08	4.057011e-01	4.056981e-01	6.981119e-12	
326	1.507500e-08	4.057010e-01	4.056981e-01	6.980952e-12	
327	1.512500e-08	4.057010e-01	4.056980e-01	6.980427e-12	
328	1.517500e-08	4.057009e-01	4.056980e-01	6.980256e-12	
329	1.522500e-08	4.057009e-01	4.056980e-01	6.979735e-12	
330	1.527500e-08	4.057009e-01	4.056980e-01	6.979561e-12	
331	1.532500e-08	4.057008e-01	4.056979e-01	6.979042e-12	
332	1.537500e-08	4.057008e-01	4.056979e-01	6.978866e-12	
333	1.542500e-08	4.057008e-01	4.056978e-01	6.978349e-12	
334	1.547500e-08	4.057007e-01	4.056978e-01	6.978171e-12	
335	1.552500e-08	4.057007e-01	4.056978e-01	6.977656e-12	
336	1.557500e-08	4.057007e-01	4.056977e-01	6.977477e-12	
337	1.562500e-08	4.057006e-01	4.056977e-01	6.976963e-12	
338	1.567500e-08	4.057006e-01	4.056977e-01	6.976783e-12	
339	1.572500e-08	4.057006e-01	4.056976e-01	6.976270e-12	
340	1.577500e-08	4.057005e-01	4.056976e-01	6.976089e-12	
341	1.582500e-08	4.057005e-01	4.056976e-01	6.975577e-12	
342	1.587500e-08	4.057005e-01	4.056975e-01	6.975395e-12	
343	1.592500e-08	4.057004e-01	4.056975e-01	6.974884e-12	
344	1.597500e-08	4.057004e-01	4.056975e-01	6.974701e-12	

Index   time            v(cell)         v(bl)           vpre#branch     
--------------------------------------------------------------------------------
345	1.602500e-08	4.057004e-01	4.056974e-01	6.974191e-12	
346	1.607500e-08	4.057003e-01	4.056974e-01	6.974007e-12	
347	1.612500e-08	4.057003e-01	4.056973e-01	6.973499e-12	
348	1.617500e-08	4.057003e-01	4.056973e-01	6.973313e-12	
349	1.622500e-08	4.057002e-01	4.056973e-01	6.972806e-12	
350	1.627500e-08	4.057002e-01	4.056973e-01	6.972619e-12	
351	1.632500e-08	4.057001e-01	4.056972e-01	6.972113e-12	
352	1.637500e-08	4.057001e-01	4.056972e-01	6.971926e-12	
353	1.642500e-08	4.057001e-01	4.056971e-01	6.971420e-12	
354	1.647500e-08	4.057000e-01	4.056971e-01	6.971232e-12	
355	1.652500e-08	4.057000e-01	4.056971e-01	6.970728e-12	
356	1.657500e-08	4.057000e-01	4.056971e-01	6.970539e-12	
357	1.662500e-08	4.056999e-01	4.056970e-01	6.970035e-12	
358	1.667500e-08	4.056999e-01	4.056970e-01	6.969845e-12	
359	1.672500e-08	4.056999e-01	4.056969e-01	6.969343e-12	
360	1.677500e-08	4.056998e-01	4.056969e-01	6.969152e-12	
361	1.682500e-08	4.056998e-01	4.056969e-01	6.968650e-12	
362	1.687500e-08	4.056998e-01	4.056968e-01	6.968459e-12	
363	1.692500e-08	4.056997e-01	4.056968e-01	6.967958e-12	
364	1.697500e-08	4.056997e-01	4.056968e-01	6.967766e-12	
365	1.702500e-08	4.056997e-01	4.056967e-01	6.967266e-12	
366	1.707500e-08	4.056996e-01	4.056967e-01	6.967072e-12	
367	1.712500e-08	4.056996e-01	4.056967e-01	6.966574e-12	
368	1.717500e-08	4.056996e-01	4.056966e-01	6.966379e-12	
369	1.722500e-08	4.056995e-01	4.056966e-01	6.965882e-12	
370	1.727500e-08	4.056995e-01	4.056966e-01	6.965686e-12	
371	1.732500e-08	4.056995e-01	4.056965e-01	6.965189e-12	
372	1.737500e-08	4.056994e-01	4.056965e-01	6.964993e-12	
373	1.742500e-08	4.056994e-01	4.056964e-01	6.964497e-12	
374	1.747500e-08	4.056993e-01	4.056964e-01	6.964301e-12	
375	1.752500e-08	4.056993e-01	4.056964e-01	6.963806e-12	
376	1.757500e-08	4.056993e-01	4.056964e-01	6.963608e-12	
377	1.762500e-08	4.056992e-01	4.056963e-01	6.963114e-12	
378	1.767500e-08	4.056992e-01	4.056963e-01	6.962915e-12	
379	1.772500e-08	4.056992e-01	4.056962e-01	6.962422e-12	
380	1.777500e-08	4.056991e-01	4.056962e-01	6.962223e-12	
381	1.782500e-08	4.056991e-01	4.056962e-01	6.961730e-12	
382	1.787500e-08	4.056991e-01	4.056962e-01	6.961530e-12	
383	1.792500e-08	4.056990e-01	4.056961e-01	6.961039e-12	
384	1.797500e-08	4.056990e-01	4.056961e-01	6.960838e-12	
385	1.802500e-08	4.056990e-01	4.056960e-01	6.960347e-12	
386	1.807500e-08	4.056989e-01	4.056960e-01	6.960145e-12	
387	1.812500e-08	4.056989e-01	4.056960e-01	6.959655e-12	
388	1.817500e-08	4.056989e-01	4.056959e-01	6.959453e-12	
389	1.822500e-08	4.056988e-01	4.056959e-01	6.958964e-12	
390	1.827500e-08	4.056988e-01	4.056959e-01	6.958761e-12	
391	1.832500e-08	4.056988e-01	4.056958e-01	6.958273e-12	
392	1.837500e-08	4.056987e-01	4.056958e-01	6.958068e-12	
393	1.842500e-08	4.056987e-01	4.056958e-01	6.957581e-12	
394	1.847500e-08	4.056987e-01	4.056957e-01	6.957376e-12	
395	1.852500e-08	4.056986e-01	4.056957e-01	6.956890e-12	
396	1.857500e-08	4.056986e-01	4.056957e-01	6.956684e-12	
397	1.862500e-08	4.056985e-01	4.056956e-01	6.956199e-12	
398	1.867500e-08	4.056985e-01	4.056956e-01	6.955992e-12	
399	1.872500e-08	4.056985e-01	4.056956e-01	6.955508e-12	
400	1.877500e-08	4.056984e-01	4.056955e-01	6.955300e-12	
401	1.882500e-08	4.056984e-01	4.056955e-01	6.954817e-12	
402	1.887500e-08	4.056984e-01	4.056955e-01	6.954608e-12	

Index   time            v(cell)         v(bl)           vpre#branch     
--------------------------------------------------------------------------------
403	1.892500e-08	4.056983e-01	4.056954e-01	6.954126e-12	
404	1.897500e-08	4.056983e-01	4.056954e-01	6.953917e-12	
405	1.902500e-08	4.056983e-01	4.056953e-01	6.953435e-12	
406	1.907500e-08	4.056982e-01	4.056953e-01	6.953225e-12	
407	1.912500e-08	4.056982e-01	4.056953e-01	6.952744e-12	
408	1.917500e-08	4.056982e-01	4.056953e-01	6.952533e-12	
409	1.922500e-08	4.056981e-01	4.056952e-01	6.952053e-12	
410	1.927500e-08	4.056981e-01	4.056952e-01	6.951842e-12	
411	1.932500e-08	4.056981e-01	4.056951e-01	6.951362e-12	
412	1.937500e-08	4.056980e-01	4.056951e-01	6.951150e-12	
413	1.942500e-08	4.056980e-01	4.056951e-01	6.950672e-12	
414	1.947500e-08	4.056980e-01	4.056950e-01	6.950459e-12	
415	1.952500e-08	4.056979e-01	4.056950e-01	6.949981e-12	
416	1.957500e-08	4.056979e-01	4.056950e-01	6.949768e-12	
417	1.962500e-08	4.056979e-01	4.056949e-01	6.949290e-12	
418	1.967500e-08	4.056978e-01	4.056949e-01	6.949076e-12	
419	1.972500e-08	4.056978e-01	4.056949e-01	6.948600e-12	
420	1.977500e-08	4.056978e-01	4.056948e-01	6.948385e-12	
421	1.982500e-08	4.056977e-01	4.056948e-01	6.947910e-12	
422	1.987500e-08	4.056977e-01	4.056948e-01	6.947694e-12	
423	1.992500e-08	4.056976e-01	4.056947e-01	6.947219e-12	
424	1.997500e-08	4.056976e-01	4.056947e-01	6.947003e-12	
425	2.002500e-08	4.056976e-01	4.056947e-01	6.946529e-12	
426	2.007500e-08	4.056975e-01	4.056946e-01	6.946312e-12	
427	2.012500e-08	4.056975e-01	4.056946e-01	6.945839e-12	
428	2.017500e-08	4.056975e-01	4.056946e-01	6.945621e-12	
429	2.022500e-08	4.056974e-01	4.056945e-01	6.945149e-12	
430	2.027500e-08	4.056974e-01	4.056945e-01	6.944930e-12	
431	2.032500e-08	4.056974e-01	4.056944e-01	6.944459e-12	
432	2.037500e-08	4.056973e-01	4.056944e-01	6.944239e-12	
433	2.042500e-08	4.056973e-01	4.056944e-01	6.943769e-12	
434	2.047500e-08	4.056973e-01	4.056944e-01	6.943549e-12	
435	2.052500e-08	4.056972e-01	4.056943e-01	6.943079e-12	
436	2.057500e-08	4.056972e-01	4.056943e-01	6.942858e-12	
437	2.062500e-08	4.056972e-01	4.056942e-01	6.942389e-12	
438	2.067500e-08	4.056971e-01	4.056942e-01	6.942167e-12	
439	2.072500e-08	4.056971e-01	4.056942e-01	6.941699e-12	
440	2.077500e-08	4.056971e-01	4.056941e-01	6.941477e-12	
441	2.082500e-08	4.056970e-01	4.056941e-01	6.941009e-12	
442	2.087500e-08	4.056970e-01	4.056941e-01	6.940786e-12	
443	2.092500e-08	4.056970e-01	4.056940e-01	6.940320e-12	
444	2.097500e-08	4.056969e-01	4.056940e-01	6.940096e-12	
445	2.102500e-08	4.056969e-01	4.056940e-01	6.939630e-12	
446	2.107500e-08	4.056968e-01	4.056939e-01	6.939406e-12	
447	2.112500e-08	4.056968e-01	4.056939e-01	6.938940e-12	
448	2.117500e-08	4.056968e-01	4.056939e-01	6.938716e-12	
449	2.122500e-08	4.056967e-01	4.056938e-01	6.938251e-12	
450	2.127500e-08	4.056967e-01	4.056938e-01	6.938026e-12	
451	2.132500e-08	4.056967e-01	4.056938e-01	6.937562e-12	
452	2.137500e-08	4.056966e-01	4.056937e-01	6.937335e-12	
453	2.142500e-08	4.056966e-01	4.056937e-01	6.936872e-12	
454	2.147500e-08	4.056966e-01	4.056937e-01	6.936645e-12	
455	2.152500e-08	4.056965e-01	4.056936e-01	6.936183e-12	
456	2.157500e-08	4.056965e-01	4.056936e-01	6.935956e-12	
457	2.162500e-08	4.056965e-01	4.056935e-01	6.935494e-12	
458	2.167500e-08	4.056964e-01	4.056935e-01	6.935266e-12	
459	2.172500e-08	4.056964e-01	4.056935e-01	6.934805e-12	
460	2.177500e-08	4.056964e-01	4.056935e-01	6.934576e-12	

Index   time            v(cell)         v(bl)           vpre#branch     
--------------------------------------------------------------------------------
461	2.182500e-08	4.056963e-01	4.056934e-01	6.934115e-12	
462	2.187500e-08	4.056963e-01	4.056934e-01	6.933886e-12	
463	2.192500e-08	4.056963e-01	4.056933e-01	6.933426e-12	
464	2.196250e-08	4.056962e-01	4.056933e-01	6.933283e-12	
465	2.200000e-08	4.056962e-01	4.056933e-01	6.932910e-12	
466	2.200500e-08	4.056911e-01	4.039903e-01	-1.00968e-11	
467	2.201500e-08	4.056796e-01	4.022563e-01	-2.74374e-11	
468	2.203500e-08	4.056545e-01	4.013391e-01	-3.66091e-11	
469	2.207500e-08	4.056067e-01	3.967054e-01	-8.29461e-11	
470	2.212500e-08	4.055522e-01	3.850256e-01	-1.99744e-10	
471	2.217500e-08	4.055039e-01	3.666093e-01	-3.83907e-10	
472	2.222500e-08	4.054597e-01	3.443362e-01	-6.06638e-10	
473	2.227500e-08	4.054182e-01	3.200844e-01	-8.49156e-10	
474	2.232500e-08	4.053788e-01	2.949059e-01	-1.10094e-09	
475	2.237500e-08	4.053408e-01	2.694229e-01	-1.35577e-09	
476	2.242500e-08	4.053040e-01	2.440315e-01	-1.60969e-09	
477	2.247500e-08	4.052682e-01	2.190008e-01	-1.85999e-09	
478	2.252500e-08	4.052333e-01	1.945245e-01	-2.10475e-09	
479	2.257500e-08	4.051989e-01	1.707467e-01	-2.34253e-09	
480	2.262500e-08	4.051651e-01	1.477756e-01	-2.57224e-09	
481	2.267500e-08	4.051317e-01	1.256918e-01	-2.79308e-09	
482	2.272500e-08	4.050986e-01	1.045518e-01	-3.00448e-09	
483	2.277500e-08	4.050658e-01	8.439114e-02	-3.20609e-09	
484	2.282500e-08	4.050332e-01	6.520762e-02	-3.39792e-09	
485	2.287500e-08	4.050008e-01	4.700804e-02	-3.57992e-09	
486	2.292500e-08	4.049684e-01	2.980391e-02	-3.75196e-09	
487	2.296250e-08	4.049442e-01	1.754302e-02	-3.87457e-09	
488	2.300000e-08	4.049200e-01	5.816391e-03	-3.99184e-09	
489	2.300500e-08	4.049200e-01	8.321916e-03	-3.96678e-09	
490	2.301500e-08	4.049200e-01	1.330057e-02	-3.91699e-09	
491	2.303500e-08	4.049199e-01	2.306646e-02	-3.81934e-09	
492	2.307500e-08	4.049199e-01	4.186075e-02	-3.63139e-09	
493	2.312500e-08	4.049199e-01	6.404127e-02	-3.40959e-09	
494	2.317500e-08	4.049198e-01	8.485555e-02	-3.20144e-09	
495	2.322500e-08	4.049198e-01	1.043932e-01	-3.00607e-09	
496	2.327500e-08	4.049198e-01	1.227347e-01	-2.82265e-09	
497	2.332500e-08	4.049198e-01	1.399548e-01	-2.65045e-09	
498	2.337500e-08	4.049198e-01	1.561227e-01	-2.48877e-09	
499	2.342500e-08	4.049198e-01	1.713033e-01	-2.33697e-09	
500	2.347500e-08	4.049198e-01	1.855573e-01	-2.19443e-09	
501	2.352500e-08	4.049198e-01	1.989414e-01	-2.06059e-09	
502	2.357500e-08	4.049198e-01	2.115088e-01	-1.93491e-09	
503	2.362500e-08	4.049198e-01	2.233095e-01	-1.81690e-09	
504	2.367500e-08	4.049198e-01	2.343904e-01	-1.70610e-09	
505	2.372500e-08	4.049198e-01	2.447953e-01	-1.60205e-09	
506	2.377500e-08	4.049198e-01	2.545656e-01	-1.50434e-09	
507	2.382500e-08	4.049198e-01	2.637399e-01	-1.41260e-09	
508	2.387500e-08	4.049198e-01	2.723547e-01	-1.32645e-09	
509	2.392500e-08	4.049198e-01	2.804441e-01	-1.24556e-09	
510	2.397500e-08	4.049198e-01	2.880401e-01	-1.16960e-09	
511	2.402500e-08	4.049198e-01	2.951729e-01	-1.09827e-09	
512	2.407500e-08	4.049198e-01	3.018706e-01	-1.03129e-09	
513	2.412500e-08	4.049198e-01	3.081599e-01	-9.68401e-10	
514	2.417500e-08	4.049198e-01	3.140656e-01	-9.09344e-10	
515	2.422500e-08	4.049198e-01	3.196112e-01	-8.53888e-10	
516	2.427500e-08	4.049198e-01	3.248185e-01	-8.01815e-10	
517	2.432500e-08	4.049198e-01	3.297083e-01	-7.52917e-10	
518	2.437500e-08	4.049198e-01	3.342999e-01	-7.07001e-10	

Index   time            v(cell)         v(bl)           vpre#branch     
--------------------------------------------------------------------------------
519	2.442500e-08	4.049198e-01	3.386115e-01	-6.63885e-10	
520	2.447500e-08	4.049198e-01	3.426601e-01	-6.23399e-10	
521	2.452500e-08	4.049198e-01	3.464618e-01	-5.85382e-10	
522	2.457500e-08	4.049198e-01	3.500317e-01	-5.49683e-10	
523	2.462500e-08	4.049198e-01	3.533839e-01	-5.16161e-10	
524	2.467500e-08	4.049198e-01	3.565316e-01	-4.84684e-10	
525	2.472500e-08	4.049198e-01	3.594874e-01	-4.55126e-10	
526	2.477500e-08	4.049198e-01	3.622629e-01	-4.27371e-10	
527	2.482500e-08	4.049198e-01	3.648692e-01	-4.01308e-10	
528	2.487500e-08	4.049198e-01	3.673165e-01	-3.76835e-10	
529	2.492500e-08	4.049198e-01	3.696146e-01	-3.53854e-10	
530	2.497500e-08	4.049198e-01	3.717726e-01	-3.32274e-10	
531	2.502500e-08	4.049198e-01	3.737989e-01	-3.12011e-10	
532	2.507500e-08	4.049198e-01	3.757017e-01	-2.92983e-10	
533	2.512500e-08	4.049198e-01	3.774884e-01	-2.75116e-10	
534	2.517500e-08	4.049198e-01	3.791661e-01	-2.58339e-10	
535	2.522500e-08	4.049198e-01	3.807416e-01	-2.42584e-10	
536	2.527500e-08	4.049198e-01	3.822210e-01	-2.27790e-10	
537	2.532500e-08	4.049198e-01	3.836101e-01	-2.13899e-10	
538	2.537500e-08	4.049198e-01	3.849146e-01	-2.00854e-10	
539	2.542500e-08	4.049198e-01	3.861394e-01	-1.88606e-10	
540	2.547500e-08	4.049198e-01	3.872896e-01	-1.77104e-10	
541	2.552500e-08	4.049198e-01	3.883697e-01	-1.66303e-10	
542	2.557500e-08	4.049198e-01	3.893839e-01	-1.56161e-10	
543	2.562500e-08	4.049198e-01	3.903362e-01	-1.46638e-10	
544	2.567500e-08	4.049198e-01	3.912305e-01	-1.37695e-10	
545	2.572500e-08	4.049198e-01	3.920702e-01	-1.29298e-10	
546	2.577500e-08	4.049198e-01	3.928587e-01	-1.21413e-10	
547	2.582500e-08	4.049198e-01	3.935991e-01	-1.14009e-10	
548	2.587500e-08	4.049198e-01	3.942944e-01	-1.07056e-10	
549	2.592500e-08	4.049198e-01	3.949473e-01	-1.00527e-10	
550	2.597500e-08	4.049198e-01	3.955603e-01	-9.43966e-11	
551	2.602500e-08	4.049198e-01	3.961360e-01	-8.86399e-11	
552	2.607500e-08	4.049198e-01	3.966766e-01	-8.32342e-11	
553	2.612500e-08	4.049198e-01	3.971842e-01	-7.81582e-11	
554	2.617500e-08	4.049198e-01	3.976608e-01	-7.33917e-11	
555	2.622500e-08	4.049198e-01	3.981084e-01	-6.89160e-11	
556	2.627500e-08	4.049198e-01	3.985287e-01	-6.47132e-11	
557	2.632500e-08	4.049198e-01	3.989233e-01	-6.07666e-11	
558	2.637500e-08	4.049198e-01	3.992939e-01	-5.70608e-11	
559	2.642500e-08	4.049198e-01	3.996419e-01	-5.35810e-11	
560	2.647500e-08	4.049198e-01	3.999687e-01	-5.03133e-11	
561	2.652500e-08	4.049198e-01	4.002755e-01	-4.72450e-11	
562	2.657500e-08	4.049198e-01	4.005636e-01	-4.43638e-11	
563	2.662500e-08	4.049198e-01	4.008342e-01	-4.16582e-11	
564	2.667500e-08	4.049198e-01	4.010882e-01	-3.91177e-11	
565	2.672500e-08	4.049198e-01	4.013268e-01	-3.67321e-11	
566	2.677500e-08	4.049198e-01	4.015508e-01	-3.44920e-11	
567	2.682500e-08	4.049198e-01	4.017611e-01	-3.23885e-11	
568	2.687500e-08	4.049198e-01	4.019587e-01	-3.04133e-11	
569	2.692500e-08	4.049198e-01	4.021441e-01	-2.85585e-11	
570	2.697500e-08	4.049198e-01	4.023183e-01	-2.68169e-11	
571	2.702500e-08	4.049198e-01	4.024819e-01	-2.51815e-11	
572	2.707500e-08	4.049198e-01	4.026354e-01	-2.36458e-11	
573	2.712500e-08	4.049198e-01	4.027796e-01	-2.22037e-11	
574	2.717500e-08	4.049198e-01	4.029150e-01	-2.08497e-11	
575	2.722500e-08	4.049198e-01	4.030422e-01	-1.95781e-11	
576	2.727500e-08	4.049198e-01	4.031616e-01	-1.83842e-11	

Index   time            v(cell)         v(bl)           vpre#branch     
--------------------------------------------------------------------------------
577	2.732500e-08	4.049198e-01	4.032737e-01	-1.72630e-11	
578	2.737500e-08	4.049198e-01	4.033790e-01	-1.62102e-11	
579	2.742500e-08	4.049198e-01	4.034778e-01	-1.52216e-11	
580	2.747500e-08	4.049198e-01	4.035707e-01	-1.42934e-11	
581	2.752500e-08	4.049198e-01	4.036578e-01	-1.34217e-11	
582	2.757500e-08	4.049198e-01	4.037397e-01	-1.26032e-11	
583	2.762500e-08	4.049198e-01	4.038165e-01	-1.18346e-11	
584	2.767500e-08	4.049198e-01	4.038887e-01	-1.11128e-11	
585	2.772500e-08	4.049198e-01	4.039565e-01	-1.04351e-11	
586	2.777500e-08	4.049198e-01	4.040201e-01	-9.79872e-12	
587	2.782500e-08	4.049198e-01	4.040799e-01	-9.20115e-12	
588	2.787500e-08	4.049198e-01	4.041360e-01	-8.64002e-12	
589	2.792500e-08	4.049198e-01	4.041887e-01	-8.11311e-12	
590	2.797500e-08	4.049198e-01	4.042382e-01	-7.61833e-12	
591	2.802500e-08	4.049198e-01	4.042846e-01	-7.15373e-12	
592	2.807500e-08	4.049198e-01	4.043283e-01	-6.71746e-12	
593	2.812500e-08	4.049198e-01	4.043692e-01	-6.30780e-12	
594	2.817500e-08	4.049198e-01	4.044077e-01	-5.92312e-12	
595	2.822500e-08	4.049198e-01	4.044438e-01	-5.56190e-12	
596	2.827500e-08	4.049198e-01	4.044777e-01	-5.22271e-12	
597	2.832500e-08	4.049198e-01	4.045096e-01	-4.90420e-12	
598	2.837500e-08	4.049198e-01	4.045395e-01	-4.60512e-12	
599	2.842500e-08	4.049198e-01	4.045676e-01	-4.32428e-12	
600	2.847500e-08	4.049198e-01	4.045939e-01	-4.06057e-12	
601	2.852500e-08	4.049198e-01	4.046187e-01	-3.81293e-12	
602	2.857500e-08	4.049198e-01	4.046420e-01	-3.58040e-12	
603	2.862500e-08	4.049198e-01	4.046638e-01	-3.36205e-12	
604	2.867500e-08	4.049198e-01	4.046843e-01	-3.15702e-12	
605	2.872500e-08	4.049198e-01	4.047036e-01	-2.96449e-12	
606	2.877500e-08	4.049198e-01	4.047216e-01	-2.78370e-12	
607	2.882500e-08	4.049198e-01	4.047386e-01	-2.61394e-12	
608	2.887500e-08	4.049198e-01	4.047545e-01	-2.45453e-12	
609	2.892500e-08	4.049198e-01	4.047695e-01	-2.30484e-12	
610	2.897500e-08	4.049198e-01	4.047836e-01	-2.16428e-12	
611	2.902500e-08	4.049198e-01	4.047968e-01	-2.03230e-12	
612	2.907500e-08	4.049198e-01	4.048092e-01	-1.90836e-12	
613	2.912500e-08	4.049198e-01	4.048208e-01	-1.79198e-12	
614	2.917500e-08	4.049198e-01	4.048317e-01	-1.68270e-12	
615	2.922500e-08	4.049198e-01	4.048420e-01	-1.58008e-12	
616	2.927500e-08	4.049198e-01	4.048516e-01	-1.48372e-12	
617	2.932500e-08	4.049198e-01	4.048607e-01	-1.39324e-12	
618	2.937500e-08	4.049198e-01	4.048692e-01	-1.30827e-12	
619	2.942500e-08	4.049198e-01	4.048772e-01	-1.22849e-12	
620	2.947500e-08	4.049198e-01	4.048846e-01	-1.15357e-12	
621	2.952500e-08	4.049198e-01	4.048917e-01	-1.08322e-12	
622	2.957500e-08	4.049198e-01	4.048983e-01	-1.01717e-12	
623	2.962500e-08	4.049198e-01	4.049045e-01	-9.55135e-13	
624	2.967500e-08	4.049198e-01	4.049103e-01	-8.96888e-13	
625	2.972500e-08	4.049198e-01	4.049158e-01	-8.42193e-13	
626	2.977500e-08	4.049198e-01	4.049209e-01	-7.90834e-13	
627	2.982500e-08	4.049198e-01	4.049257e-01	-7.42607e-13	
628	2.987500e-08	4.049198e-01	4.049303e-01	-6.97321e-13	
629	2.992500e-08	4.049198e-01	4.049345e-01	-6.54796e-13	
630	2.997500e-08	4.049198e-01	4.049385e-01	-6.14865e-13	
631	3.002500e-08	4.049198e-01	4.049423e-01	-5.77370e-13	
632	3.007500e-08	4.049198e-01	4.049458e-01	-5.42161e-13	
633	3.012500e-08	4.049198e-01	4.049491e-01	-5.09099e-13	
634	3.017500e-08	4.049198e-01	4.049522e-01	-4.78053e-13	

Index   time            v(cell)         v(bl)           vpre#branch     
--------------------------------------------------------------------------------
635	3.022500e-08	4.049198e-01	4.049551e-01	-4.48901e-13	
636	3.027500e-08	4.049198e-01	4.049578e-01	-4.21527e-13	
637	3.032500e-08	4.049198e-01	4.049604e-01	-3.95822e-13	
638	3.037500e-08	4.049198e-01	4.049628e-01	-3.71684e-13	
639	3.042500e-08	4.049198e-01	4.049651e-01	-3.49019e-13	
640	3.047500e-08	4.049198e-01	4.049672e-01	-3.27736e-13	
641	3.052500e-08	4.049198e-01	4.049692e-01	-3.07751e-13	
642	3.057500e-08	4.049198e-01	4.049711e-01	-2.88984e-13	
643	3.062500e-08	4.049198e-01	4.049729e-01	-2.71363e-13	
644	3.067500e-08	4.049198e-01	4.049745e-01	-2.54815e-13	
645	3.072500e-08	4.049198e-01	4.049761e-01	-2.39277e-13	
646	3.077500e-08	4.049198e-01	4.049775e-01	-2.24687e-13	
647	3.082500e-08	4.049198e-01	4.049789e-01	-2.10986e-13	
648	3.087500e-08	4.049198e-01	4.049802e-01	-1.98121e-13	
649	3.092500e-08	4.049198e-01	4.049814e-01	-1.86040e-13	
650	3.097500e-08	4.049198e-01	4.049825e-01	-1.74697e-13	
651	3.102500e-08	4.049198e-01	4.049836e-01	-1.64045e-13	
652	3.107500e-08	4.049198e-01	4.049846e-01	-1.54042e-13	
653	3.112500e-08	4.049198e-01	4.049855e-01	-1.44650e-13	
654	3.117500e-08	4.049198e-01	4.049864e-01	-1.35830e-13	
655	3.122500e-08	4.049198e-01	4.049872e-01	-1.27548e-13	
656	3.127500e-08	4.049198e-01	4.049880e-01	-1.19772e-13	
657	3.132500e-08	4.049198e-01	4.049888e-01	-1.12469e-13	
658	3.137500e-08	4.049198e-01	4.049894e-01	-1.05612e-13	
659	3.142500e-08	4.049198e-01	4.049901e-01	-9.91734e-14	
660	3.147500e-08	4.049198e-01	4.049907e-01	-9.31272e-14	
661	3.152500e-08	4.049198e-01	4.049913e-01	-8.74497e-14	
662	3.157500e-08	4.049198e-01	4.049918e-01	-8.21184e-14	
663	3.162500e-08	4.049198e-01	4.049923e-01	-7.71123e-14	
664	3.167500e-08	4.049198e-01	4.049928e-01	-7.24114e-14	
665	3.172500e-08	4.049198e-01	4.049932e-01	-6.79973e-14	
666	3.177500e-08	4.049198e-01	4.049936e-01	-6.38523e-14	
667	3.182500e-08	4.049198e-01	4.049940e-01	-5.99602e-14	
668	3.187500e-08	4.049198e-01	4.049944e-01	-5.63054e-14	
669	3.192500e-08	4.049198e-01	4.049947e-01	-5.28734e-14	
670	3.197500e-08	4.049198e-01	4.049950e-01	-4.96508e-14	
671	3.202500e-08	4.049198e-01	4.049953e-01	-4.66247e-14	
672	3.207500e-08	4.049198e-01	4.049956e-01	-4.37832e-14	
673	3.212500e-08	4.049198e-01	4.049959e-01	-4.11149e-14	
674	3.217500e-08	4.049198e-01	4.049961e-01	-3.86094e-14	
675	3.222500e-08	4.049198e-01	4.049964e-01	-3.62567e-14	
676	3.227500e-08	4.049198e-01	4.049966e-01	-3.40474e-14	
677	3.232500e-08	4.049198e-01	4.049968e-01	-3.19729e-14	
678	3.237500e-08	4.049198e-01	4.049970e-01	-3.00249e-14	
679	3.242500e-08	4.049198e-01	4.049972e-01	-2.81957e-14	
680	3.247500e-08	4.049198e-01	4.049974e-01	-2.64780e-14	
681	3.252500e-08	4.049198e-01	4.049975e-01	-2.48651e-14	
682	3.257500e-08	4.049198e-01	4.049977e-01	-2.33506e-14	
683	3.262500e-08	4.049198e-01	4.049978e-01	-2.19284e-14	
684	3.267500e-08	4.049198e-01	4.049979e-01	-2.05930e-14	
685	3.272500e-08	4.049198e-01	4.049981e-01	-1.93390e-14	
686	3.277500e-08	4.049198e-01	4.049982e-01	-1.81615e-14	
687	3.282500e-08	4.049198e-01	4.049983e-01	-1.70558e-14	
688	3.287500e-08	4.049198e-01	4.049984e-01	-1.60175e-14	
689	3.292500e-08	4.049198e-01	4.049985e-01	-1.50425e-14	
690	3.297500e-08	4.049198e-01	4.049986e-01	-1.41270e-14	
691	3.302500e-08	4.049198e-01	4.049987e-01	-1.32673e-14	
692	3.307500e-08	4.049198e-01	4.049988e-01	-1.24601e-14	

Index   time            v(cell)         v(bl)           vpre#branch     
--------------------------------------------------------------------------------
693	3.312500e-08	4.049198e-01	4.049988e-01	-1.17021e-14	
694	3.317500e-08	4.049198e-01	4.049989e-01	-1.09903e-14	
695	3.322500e-08	4.049198e-01	4.049990e-01	-1.03219e-14	
696	3.327500e-08	4.049198e-01	4.049990e-01	-9.69430e-15	
697	3.332500e-08	4.049198e-01	4.049991e-01	-9.10495e-15	
698	3.337500e-08	4.049198e-01	4.049991e-01	-8.55155e-15	
699	3.342500e-08	4.049198e-01	4.049992e-01	-8.03190e-15	
700	3.347500e-08	4.049198e-01	4.049992e-01	-7.54394e-15	
701	3.352500e-08	4.049198e-01	4.049993e-01	-7.08574e-15	
702	3.357500e-08	4.049198e-01	4.049993e-01	-6.65548e-15	
703	3.362500e-08	4.049198e-01	4.049994e-01	-6.25146e-15	
704	3.367500e-08	4.049198e-01	4.049994e-01	-5.87208e-15	
705	3.372500e-08	4.049198e-01	4.049994e-01	-5.51584e-15	
706	3.377500e-08	4.049198e-01	4.049995e-01	-5.18132e-15	
707	3.382500e-08	4.049198e-01	4.049995e-01	-4.86720e-15	
708	3.387500e-08	4.049198e-01	4.049995e-01	-4.57224e-15	
709	3.392500e-08	4.049198e-01	4.049996e-01	-4.29526e-15	
710	3.397500e-08	4.049198e-01	4.049996e-01	-4.03518e-15	
711	3.402500e-08	4.049198e-01	4.049996e-01	-3.79096e-15	
712	3.407500e-08	4.049198e-01	4.049996e-01	-3.56163e-15	
713	3.412500e-08	4.049198e-01	4.049997e-01	-3.34629e-15	
714	3.417500e-08	4.049198e-01	4.049997e-01	-3.14408e-15	
715	3.422500e-08	4.049198e-01	4.049997e-01	-2.95421e-15	
716	3.427500e-08	4.049198e-01	4.049997e-01	-2.77591e-15	
717	3.432500e-08	4.049198e-01	4.049997e-01	-2.60849e-15	
718	3.437500e-08	4.049198e-01	4.049998e-01	-2.45127e-15	
719	3.442500e-08	4.049198e-01	4.049998e-01	-2.30365e-15	
720	3.447500e-08	4.049198e-01	4.049998e-01	-2.16502e-15	
721	3.452500e-08	4.049198e-01	4.049998e-01	-2.03485e-15	
722	3.457500e-08	4.049198e-01	4.049998e-01	-1.91262e-15	
723	3.462500e-08	4.049198e-01	4.049998e-01	-1.79785e-15	
724	3.467500e-08	4.049198e-01	4.049998e-01	-1.69007e-15	
725	3.472500e-08	4.049198e-01	4.049998e-01	-1.58887e-15	
726	3.477500e-08	4.049198e-01	4.049999e-01	-1.49383e-15	
727	3.482500e-08	4.049198e-01	4.049999e-01	-1.40460e-15	
728	3.487500e-08	4.049198e-01	4.049999e-01	-1.32080e-15	
729	3.492500e-08	4.049198e-01	4.049999e-01	-1.24212e-15	
730	3.497500e-08	4.049198e-01	4.049999e-01	-1.16823e-15	
731	3.502500e-08	4.049198e-01	4.049999e-01	-1.09885e-15	
732	3.507500e-08	4.049198e-01	4.049999e-01	-1.03371e-15	
733	3.512500e-08	4.049198e-01	4.049999e-01	-9.72531e-16	
734	3.517500e-08	4.049198e-01	4.049999e-01	-9.15086e-16	
735	3.522500e-08	4.049198e-01	4.049999e-01	-8.61145e-16	
736	3.527500e-08	4.049198e-01	4.049999e-01	-8.10493e-16	
737	3.532500e-08	4.049198e-01	4.049999e-01	-7.62930e-16	
738	3.537500e-08	4.049198e-01	4.049999e-01	-7.18267e-16	
739	3.542500e-08	4.049198e-01	4.049999e-01	-6.76329e-16	
740	3.547500e-08	4.049198e-01	4.049999e-01	-6.36949e-16	
741	3.552500e-08	4.049198e-01	4.049999e-01	-5.99970e-16	
742	3.557500e-08	4.049198e-01	4.049999e-01	-5.65246e-16	
743	3.562500e-08	4.049198e-01	4.049999e-01	-5.32639e-16	
744	3.567500e-08	4.049198e-01	4.049999e-01	-5.02022e-16	
745	3.572500e-08	4.049198e-01	4.050000e-01	-4.73271e-16	
746	3.577500e-08	4.049198e-01	4.050000e-01	-4.46273e-16	
747	3.582500e-08	4.049198e-01	4.050000e-01	-4.20923e-16	
748	3.587500e-08	4.049198e-01	4.050000e-01	-3.97118e-16	
749	3.592500e-08	4.049198e-01	4.050000e-01	-3.74765e-16	
750	3.597500e-08	4.049198e-01	4.050000e-01	-3.53775e-16	

Index   time            v(cell)         v(bl)           vpre#branch     
--------------------------------------------------------------------------------
751	3.602500e-08	4.049198e-01	4.050000e-01	-3.34065e-16	
752	3.607500e-08	4.049198e-01	4.050000e-01	-3.15557e-16	
753	3.612500e-08	4.049198e-01	4.050000e-01	-2.98177e-16	
754	3.617500e-08	4.049198e-01	4.050000e-01	-2.81858e-16	
755	3.622500e-08	4.049198e-01	4.050000e-01	-2.66535e-16	
756	3.627500e-08	4.049198e-01	4.050000e-01	-2.52145e-16	
757	3.632500e-08	4.049198e-01	4.050000e-01	-2.38633e-16	
758	3.637500e-08	4.049198e-01	4.050000e-01	-2.25945e-16	
759	3.642500e-08	4.049198e-01	4.050000e-01	-2.14031e-16	
760	3.647500e-08	4.049198e-01	4.050000e-01	-2.02843e-16	
761	3.652500e-08	4.049198e-01	4.050000e-01	-1.92338e-16	
762	3.657500e-08	4.049198e-01	4.050000e-01	-1.82474e-16	
763	3.662500e-08	4.049198e-01	4.050000e-01	-1.73211e-16	
764	3.667500e-08	4.049198e-01	4.050000e-01	-1.64513e-16	
765	3.672500e-08	4.049198e-01	4.050000e-01	-1.56345e-16	
766	3.677500e-08	4.049198e-01	4.050000e-01	-1.48675e-16	
767	3.682500e-08	4.049198e-01	4.050000e-01	-1.41473e-16	
768	3.687500e-08	4.049198e-01	4.050000e-01	-1.34711e-16	
769	3.692500e-08	4.049198e-01	4.050000e-01	-1.28360e-16	
770	3.697500e-08	4.049198e-01	4.050000e-01	-1.22397e-16	
771	3.702500e-08	4.049198e-01	4.050000e-01	-1.16797e-16	
772	3.707500e-08	4.049198e-01	4.050000e-01	-1.11539e-16	
773	3.712500e-08	4.049198e-01	4.050000e-01	-1.06602e-16	
774	3.717500e-08	4.049198e-01	4.050000e-01	-1.01967e-16	
775	3.722500e-08	4.049198e-01	4.050000e-01	-9.76133e-17	
776	3.727500e-08	4.049198e-01	4.050000e-01	-9.35256e-17	
777	3.732500e-08	4.049198e-01	4.050000e-01	-8.96868e-17	
778	3.737500e-08	4.049198e-01	4.050000e-01	-8.60818e-17	
779	3.742500e-08	4.049198e-01	4.050000e-01	-8.26970e-17	
780	3.747500e-08	4.049198e-01	4.050000e-01	-7.95187e-17	
781	3.752500e-08	4.049198e-01	4.050000e-01	-7.65343e-17	
782	3.757500e-08	4.049198e-01	4.050000e-01	-7.37319e-17	
783	3.762500e-08	4.049198e-01	4.050000e-01	-7.11004e-17	
784	3.767500e-08	4.049198e-01	4.050000e-01	-6.86294e-17	
785	3.772500e-08	4.049198e-01	4.050000e-01	-6.63091e-17	
786	3.777500e-08	4.049198e-01	4.050000e-01	-6.41307e-17	
787	3.782500e-08	4.049198e-01	4.050000e-01	-6.20852e-17	
788	3.787500e-08	4.049198e-01	4.050000e-01	-6.01644e-17	
789	3.792500e-08	4.049198e-01	4.050000e-01	-5.83608e-17	
790	3.797500e-08	4.049198e-01	4.050000e-01	-5.66669e-17	
791	3.802500e-08	4.049198e-01	4.050000e-01	-5.50762e-17	
792	3.807500e-08	4.049198e-01	4.050000e-01	-5.35830e-17	
793	3.812500e-08	4.049198e-01	4.050000e-01	-5.21808e-17	
794	3.817500e-08	4.049198e-01	4.050000e-01	-5.08642e-17	
795	3.822500e-08	4.049198e-01	4.050000e-01	-4.96278e-17	
796	3.827500e-08	4.049198e-01	4.050000e-01	-4.84664e-17	
797	3.832500e-08	4.049198e-01	4.050000e-01	-4.73755e-17	
798	3.837500e-08	4.049198e-01	4.050000e-01	-4.63511e-17	
799	3.842500e-08	4.049198e-01	4.050000e-01	-4.53892e-17	
800	3.847500e-08	4.049198e-01	4.050000e-01	-4.44863e-17	
801	3.852500e-08	4.049198e-01	4.050000e-01	-4.36386e-17	
802	3.857500e-08	4.049198e-01	4.050000e-01	-4.28422e-17	
803	3.862500e-08	4.049198e-01	4.050000e-01	-4.20943e-17	
804	3.867500e-08	4.049198e-01	4.050000e-01	-4.13921e-17	
805	3.872500e-08	4.049198e-01	4.050000e-01	-4.07326e-17	
806	3.877500e-08	4.049198e-01	4.050000e-01	-4.01134e-17	
807	3.882500e-08	4.049198e-01	4.050000e-01	-3.95320e-17	
808	3.887500e-08	4.049198e-01	4.050000e-01	-3.89860e-17	

Index   time            v(cell)         v(bl)           vpre#branch     
--------------------------------------------------------------------------------
809	3.892500e-08	4.049198e-01	4.050000e-01	-3.84733e-17	
810	3.897500e-08	4.049198e-01	4.050000e-01	-3.79923e-17	
811	3.902500e-08	4.049198e-01	4.050000e-01	-3.75407e-17	
812	3.907500e-08	4.049198e-01	4.050000e-01	-3.71161e-17	
813	3.912500e-08	4.049198e-01	4.050000e-01	-3.67179e-17	
814	3.917500e-08	4.049198e-01	4.050000e-01	-3.63440e-17	
815	3.922500e-08	4.049198e-01	4.050000e-01	-3.59924e-17	
816	3.927500e-08	4.049198e-01	4.050000e-01	-3.56623e-17	
817	3.932500e-08	4.049198e-01	4.050000e-01	-3.53528e-17	
818	3.937500e-08	4.049198e-01	4.050000e-01	-3.50625e-17	
819	3.942500e-08	4.049198e-01	4.050000e-01	-3.47895e-17	
820	3.947500e-08	4.049198e-01	4.050000e-01	-3.45328e-17	
821	3.952500e-08	4.049198e-01	4.050000e-01	-3.42921e-17	
822	3.957500e-08	4.049198e-01	4.050000e-01	-3.40661e-17	
823	3.962500e-08	4.049198e-01	4.050000e-01	-3.38535e-17	
824	3.967500e-08	4.049198e-01	4.050000e-01	-3.36538e-17	
825	3.972500e-08	4.049198e-01	4.050000e-01	-3.34663e-17	
826	3.977500e-08	4.049198e-01	4.050000e-01	-3.32903e-17	
827	3.982500e-08	4.049198e-01	4.050000e-01	-3.31254e-17	
828	3.987500e-08	4.049198e-01	4.050000e-01	-3.29705e-17	
829	3.992500e-08	4.049198e-01	4.050000e-01	-3.28247e-17	
830	3.996250e-08	4.049198e-01	4.050000e-01	-3.27213e-17	
831	4.000000e-08	4.049198e-01	4.050000e-01	-3.26227e-17	


Total analysis time (seconds) = 0.0729198

Total elapsed time (seconds) = 0.085 

Total DRAM available = 386307.215 MB.
DRAM currently available = 12468.070 MB.
Maximum ngspice program size =  529.723 MB.
Current ngspice program size =   14.152 MB.

Shared ngspice pages =   12.328 MB.
Text (code) pages =    6.266 MB.
Stack = 0 bytes.
Library pages =   59.141 MB.

