
Note: No compatibility mode selected!


Circuit: * id-vd sweep vgs=0.8100v

Doing analysis at TEMP = 125.000000 and TNOM = 27.000000

Using SPARSE 1.3 as Direct Linear Solver

No. of Data Rows : 101
                           * id-vd sweep vgs=0.8100v
                           DC transfer characteristic  Tue Jun 23 21:15:34  2026
--------------------------------------------------------------------------------
Index   v-sweep         vd#branch       v(d)            
--------------------------------------------------------------------------------
0	0.000000e+00	0.000000e+00	0.000000e+00	
1	8.100000e-03	-5.69512e-07	8.100000e-03	
2	1.620000e-02	-1.04075e-06	1.620000e-02	
3	2.430000e-02	-1.31943e-06	2.430000e-02	
4	3.240000e-02	-1.45988e-06	3.240000e-02	
5	4.050000e-02	-1.54542e-06	4.050000e-02	
6	4.860000e-02	-1.60664e-06	4.860000e-02	
7	5.670000e-02	-1.65443e-06	5.670000e-02	
8	6.480000e-02	-1.69375e-06	6.480000e-02	
9	7.290000e-02	-1.72726e-06	7.290000e-02	
10	8.100000e-02	-1.75656e-06	8.100000e-02	
11	8.910000e-02	-1.78411e-06	8.910000e-02	
12	9.720000e-02	-1.80739e-06	9.720000e-02	
13	1.053000e-01	-1.82875e-06	1.053000e-01	
14	1.134000e-01	-1.84850e-06	1.134000e-01	
15	1.215000e-01	-1.86692e-06	1.215000e-01	
16	1.296000e-01	-1.88420e-06	1.296000e-01	
17	1.377000e-01	-1.90050e-06	1.377000e-01	
18	1.458000e-01	-1.91595e-06	1.458000e-01	
19	1.539000e-01	-1.93065e-06	1.539000e-01	
20	1.620000e-01	-1.94469e-06	1.620000e-01	
21	1.701000e-01	-1.95815e-06	1.701000e-01	
22	1.782000e-01	-1.97108e-06	1.782000e-01	
23	1.863000e-01	-1.98353e-06	1.863000e-01	
24	1.944000e-01	-1.99555e-06	1.944000e-01	
25	2.025000e-01	-2.00719e-06	2.025000e-01	
26	2.106000e-01	-2.01847e-06	2.106000e-01	
27	2.187000e-01	-2.02942e-06	2.187000e-01	
28	2.268000e-01	-2.04007e-06	2.268000e-01	
29	2.349000e-01	-2.05044e-06	2.349000e-01	
30	2.430000e-01	-2.06055e-06	2.430000e-01	
31	2.511000e-01	-2.07043e-06	2.511000e-01	
32	2.592000e-01	-2.08008e-06	2.592000e-01	
33	2.673000e-01	-2.08953e-06	2.673000e-01	
34	2.754000e-01	-2.09878e-06	2.754000e-01	
35	2.835000e-01	-2.10785e-06	2.835000e-01	
36	2.916000e-01	-2.11675e-06	2.916000e-01	
37	2.997000e-01	-2.12549e-06	2.997000e-01	
38	3.078000e-01	-2.13408e-06	3.078000e-01	
39	3.159000e-01	-2.14253e-06	3.159000e-01	
40	3.240000e-01	-2.15084e-06	3.240000e-01	
41	3.321000e-01	-2.15902e-06	3.321000e-01	
42	3.402000e-01	-2.16708e-06	3.402000e-01	
43	3.483000e-01	-2.17503e-06	3.483000e-01	
44	3.564000e-01	-2.18286e-06	3.564000e-01	
45	3.645000e-01	-2.19060e-06	3.645000e-01	
46	3.726000e-01	-2.19823e-06	3.726000e-01	
47	3.807000e-01	-2.20577e-06	3.807000e-01	
48	3.888000e-01	-2.21322e-06	3.888000e-01	
49	3.969000e-01	-2.22058e-06	3.969000e-01	
50	4.050000e-01	-2.22786e-06	4.050000e-01	
51	4.131000e-01	-2.23506e-06	4.131000e-01	
52	4.212000e-01	-2.24218e-06	4.212000e-01	
53	4.293000e-01	-2.24923e-06	4.293000e-01	
54	4.374000e-01	-2.25621e-06	4.374000e-01	

Index   v-sweep         vd#branch       v(d)            
--------------------------------------------------------------------------------
55	4.455000e-01	-2.26313e-06	4.455000e-01	
56	4.536000e-01	-2.26998e-06	4.536000e-01	
57	4.617000e-01	-2.27677e-06	4.617000e-01	
58	4.698000e-01	-2.28349e-06	4.698000e-01	
59	4.779000e-01	-2.29016e-06	4.779000e-01	
60	4.860000e-01	-2.29678e-06	4.860000e-01	
61	4.941000e-01	-2.30334e-06	4.941000e-01	
62	5.022000e-01	-2.30985e-06	5.022000e-01	
63	5.103000e-01	-2.31631e-06	5.103000e-01	
64	5.184000e-01	-2.32272e-06	5.184000e-01	
65	5.265000e-01	-2.32909e-06	5.265000e-01	
66	5.346000e-01	-2.33541e-06	5.346000e-01	
67	5.427000e-01	-2.34169e-06	5.427000e-01	
68	5.508000e-01	-2.34792e-06	5.508000e-01	
69	5.589000e-01	-2.35411e-06	5.589000e-01	
70	5.670000e-01	-2.36027e-06	5.670000e-01	
71	5.751000e-01	-2.36638e-06	5.751000e-01	
72	5.832000e-01	-2.37246e-06	5.832000e-01	
73	5.913000e-01	-2.37850e-06	5.913000e-01	
74	5.994000e-01	-2.38451e-06	5.994000e-01	
75	6.075000e-01	-2.39049e-06	6.075000e-01	
76	6.156000e-01	-2.39643e-06	6.156000e-01	
77	6.237000e-01	-2.40233e-06	6.237000e-01	
78	6.318000e-01	-2.40821e-06	6.318000e-01	
79	6.399000e-01	-2.41406e-06	6.399000e-01	
80	6.480000e-01	-2.41987e-06	6.480000e-01	
81	6.561000e-01	-2.42566e-06	6.561000e-01	
82	6.642000e-01	-2.43142e-06	6.642000e-01	
83	6.723000e-01	-2.43716e-06	6.723000e-01	
84	6.804000e-01	-2.44286e-06	6.804000e-01	
85	6.885000e-01	-2.44854e-06	6.885000e-01	
86	6.966000e-01	-2.45420e-06	6.966000e-01	
87	7.047000e-01	-2.45983e-06	7.047000e-01	
88	7.128000e-01	-2.46543e-06	7.128000e-01	
89	7.209000e-01	-2.47102e-06	7.209000e-01	
90	7.290000e-01	-2.47658e-06	7.290000e-01	
91	7.371000e-01	-2.48212e-06	7.371000e-01	
92	7.452000e-01	-2.48763e-06	7.452000e-01	
93	7.533000e-01	-2.49313e-06	7.533000e-01	
94	7.614000e-01	-2.49860e-06	7.614000e-01	
95	7.695000e-01	-2.50406e-06	7.695000e-01	
96	7.776000e-01	-2.50949e-06	7.776000e-01	
97	7.857000e-01	-2.51490e-06	7.857000e-01	
98	7.938000e-01	-2.52030e-06	7.938000e-01	
99	8.019000e-01	-2.52568e-06	8.019000e-01	
100	8.100000e-01	-2.53104e-06	8.100000e-01	


Total analysis time (seconds) = 0.00969574

Total elapsed time (seconds) = 0.017 

Total DRAM available = 386307.215 MB.
DRAM currently available = 12537.348 MB.
Maximum ngspice program size =  529.719 MB.
Current ngspice program size =   14.035 MB.

Shared ngspice pages =   12.262 MB.
Text (code) pages =    6.266 MB.
Stack = 0 bytes.
Library pages =   59.137 MB.

