
Note: No compatibility mode selected!


Circuit: * id-vg sweep vds=0.4500v

Doing analysis at TEMP = 27.000000 and TNOM = 27.000000

Using SPARSE 1.3 as Direct Linear Solver

No. of Data Rows : 201

  Measurements for DC Analysis

ion                 =  -1.56197e-06 at=  9.00000e-01
ioff                =  -2.01839e-14

                           * id-vg sweep vds=0.4500v
                           DC transfer characteristic  Tue Jun 23 14:40:34  2026
--------------------------------------------------------------------------------
Index   v-sweep         vd#branch       
--------------------------------------------------------------------------------
0	0.000000e+00	-2.01839e-14	
1	4.500000e-03	-2.24222e-14	
2	9.000000e-03	-2.50520e-14	
3	1.350000e-02	-2.79902e-14	
4	1.800000e-02	-3.12729e-14	
5	2.250000e-02	-3.49406e-14	
6	2.700000e-02	-3.90386e-14	
7	3.150000e-02	-4.36171e-14	
8	3.600000e-02	-4.87326e-14	
9	4.050000e-02	-5.44481e-14	
10	4.500000e-02	-6.08339e-14	
11	4.950000e-02	-6.79686e-14	
12	5.400000e-02	-7.59401e-14	
13	5.850000e-02	-8.48466e-14	
14	6.300000e-02	-9.47976e-14	
15	6.750000e-02	-1.05916e-13	
16	7.200000e-02	-1.18338e-13	
17	7.650000e-02	-1.32217e-13	
18	8.100000e-02	-1.47723e-13	
19	8.550000e-02	-1.65049e-13	
20	9.000000e-02	-1.84406e-13	
21	9.450000e-02	-2.06033e-13	
22	9.900000e-02	-2.30197e-13	
23	1.035000e-01	-2.57196e-13	
24	1.080000e-01	-2.87360e-13	
25	1.125000e-01	-3.21062e-13	
26	1.170000e-01	-3.58717e-13	
27	1.215000e-01	-4.00788e-13	
28	1.260000e-01	-4.47794e-13	
29	1.305000e-01	-5.00312e-13	
30	1.350000e-01	-5.58989e-13	
31	1.395000e-01	-6.24549e-13	
32	1.440000e-01	-6.97797e-13	
33	1.485000e-01	-7.79636e-13	
34	1.530000e-01	-8.71073e-13	
35	1.575000e-01	-9.73234e-13	
36	1.620000e-01	-1.08738e-12	
37	1.665000e-01	-1.21491e-12	
38	1.710000e-01	-1.35739e-12	
39	1.755000e-01	-1.51659e-12	
40	1.800000e-01	-1.69446e-12	
41	1.845000e-01	-1.89318e-12	
42	1.890000e-01	-2.11522e-12	
43	1.935000e-01	-2.36329e-12	
44	1.980000e-01	-2.64046e-12	
45	2.025000e-01	-2.95013e-12	
46	2.070000e-01	-3.29613e-12	
47	2.115000e-01	-3.68270e-12	
48	2.160000e-01	-4.11460e-12	
49	2.205000e-01	-4.59716e-12	
50	2.250000e-01	-5.13631e-12	
51	2.295000e-01	-5.73869e-12	
52	2.340000e-01	-6.41171e-12	
53	2.385000e-01	-7.16366e-12	
54	2.430000e-01	-8.00379e-12	

Index   v-sweep         vd#branch       
--------------------------------------------------------------------------------
55	2.475000e-01	-8.94245e-12	
56	2.520000e-01	-9.99118e-12	
57	2.565000e-01	-1.11629e-11	
58	2.610000e-01	-1.24720e-11	
59	2.655000e-01	-1.39346e-11	
60	2.700000e-01	-1.55688e-11	
61	2.745000e-01	-1.73946e-11	
62	2.790000e-01	-1.94344e-11	
63	2.835000e-01	-2.17134e-11	
64	2.880000e-01	-2.42597e-11	
65	2.925000e-01	-2.71045e-11	
66	2.970000e-01	-3.02828e-11	
67	3.015000e-01	-3.38338e-11	
68	3.060000e-01	-3.78010e-11	
69	3.105000e-01	-4.22334e-11	
70	3.150000e-01	-4.71852e-11	
71	3.195000e-01	-5.27176e-11	
72	3.240000e-01	-5.88984e-11	
73	3.285000e-01	-6.58035e-11	
74	3.330000e-01	-7.35179e-11	
75	3.375000e-01	-8.21362e-11	
76	3.420000e-01	-9.17643e-11	
77	3.465000e-01	-1.02520e-10	
78	3.510000e-01	-1.14536e-10	
79	3.555000e-01	-1.27960e-10	
80	3.600000e-01	-1.42955e-10	
81	3.645000e-01	-1.59706e-10	
82	3.690000e-01	-1.78418e-10	
83	3.735000e-01	-1.99319e-10	
84	3.780000e-01	-2.23941e-10	
85	3.825000e-01	-2.50168e-10	
86	3.870000e-01	-2.79461e-10	
87	3.915000e-01	-3.12179e-10	
88	3.960000e-01	-3.48719e-10	
89	4.005000e-01	-3.89526e-10	
90	4.050000e-01	-4.35097e-10	
91	4.095000e-01	-4.85985e-10	
92	4.140000e-01	-5.42807e-10	
93	4.185000e-01	-6.06249e-10	
94	4.230000e-01	-6.77078e-10	
95	4.275000e-01	-7.56147e-10	
96	4.320000e-01	-8.44406e-10	
97	4.365000e-01	-9.42912e-10	
98	4.410000e-01	-1.05284e-09	
99	4.455000e-01	-1.17551e-09	
100	4.500000e-01	-1.31236e-09	
101	4.545000e-01	-1.46502e-09	
102	4.590000e-01	-1.63527e-09	
103	4.635000e-01	-1.82512e-09	
104	4.680000e-01	-2.03676e-09	
105	4.725000e-01	-2.27265e-09	
106	4.770000e-01	-2.53549e-09	
107	4.815000e-01	-2.82828e-09	
108	4.860000e-01	-3.15432e-09	
109	4.905000e-01	-3.51728e-09	
110	4.950000e-01	-3.92116e-09	
111	4.995000e-01	-4.37042e-09	
112	5.040000e-01	-4.86991e-09	

Index   v-sweep         vd#branch       
--------------------------------------------------------------------------------
113	5.085000e-01	-5.42499e-09	
114	5.130000e-01	-6.04153e-09	
115	5.175000e-01	-6.72595e-09	
116	5.220000e-01	-7.48528e-09	
117	5.265000e-01	-8.32717e-09	
118	5.310000e-01	-9.25998e-09	
119	5.355000e-01	-1.02928e-08	
120	5.400000e-01	-1.14355e-08	
121	5.445000e-01	-1.26987e-08	
122	5.490000e-01	-1.40941e-08	
123	5.535000e-01	-1.56343e-08	
124	5.580000e-01	-1.73326e-08	
125	5.625000e-01	-1.92037e-08	
126	5.670000e-01	-2.12633e-08	
127	5.715000e-01	-2.35282e-08	
128	5.760000e-01	-2.60166e-08	
129	5.805000e-01	-2.87477e-08	
130	5.850000e-01	-3.17421e-08	
131	5.895000e-01	-3.50219e-08	
132	5.940000e-01	-3.86102e-08	
133	5.985000e-01	-4.25317e-08	
134	6.030000e-01	-4.68120e-08	
135	6.075000e-01	-5.14782e-08	
136	6.120000e-01	-5.65580e-08	
137	6.165000e-01	-6.20801e-08	
138	6.210000e-01	-6.80736e-08	
139	6.255000e-01	-7.45677e-08	
140	6.300000e-01	-8.15916e-08	
141	6.345000e-01	-8.91740e-08	
142	6.390000e-01	-9.73426e-08	
143	6.435000e-01	-1.06124e-07	
144	6.480000e-01	-1.15543e-07	
145	6.525000e-01	-1.25622e-07	
146	6.570000e-01	-1.36383e-07	
147	6.615000e-01	-1.47842e-07	
148	6.660000e-01	-1.60015e-07	
149	6.705000e-01	-1.72913e-07	
150	6.750000e-01	-1.86546e-07	
151	6.795000e-01	-2.00920e-07	
152	6.840000e-01	-2.16036e-07	
153	6.885000e-01	-2.31893e-07	
154	6.930000e-01	-2.48490e-07	
155	6.975000e-01	-2.65818e-07	
156	7.020000e-01	-2.83870e-07	
157	7.065000e-01	-3.02636e-07	
158	7.110000e-01	-3.22102e-07	
159	7.155000e-01	-3.41913e-07	
160	7.200000e-01	-3.62744e-07	
161	7.245000e-01	-3.84230e-07	
162	7.290000e-01	-4.06354e-07	
163	7.335000e-01	-4.29097e-07	
164	7.380000e-01	-4.52442e-07	
165	7.425000e-01	-4.76370e-07	
166	7.470000e-01	-5.00862e-07	
167	7.515000e-01	-5.25900e-07	
168	7.560000e-01	-5.51465e-07	
169	7.605000e-01	-5.77541e-07	
170	7.650000e-01	-6.04109e-07	

Index   v-sweep         vd#branch       
--------------------------------------------------------------------------------
171	7.695000e-01	-6.31151e-07	
172	7.740000e-01	-6.58652e-07	
173	7.785000e-01	-6.86595e-07	
174	7.830000e-01	-7.14963e-07	
175	7.875000e-01	-7.43743e-07	
176	7.920000e-01	-7.72918e-07	
177	7.965000e-01	-8.02475e-07	
178	8.010000e-01	-8.32400e-07	
179	8.055000e-01	-8.62680e-07	
180	8.100000e-01	-8.93302e-07	
181	8.145000e-01	-9.24253e-07	
182	8.190000e-01	-9.55523e-07	
183	8.235000e-01	-9.87100e-07	
184	8.280000e-01	-1.01897e-06	
185	8.325000e-01	-1.05113e-06	
186	8.370000e-01	-1.08357e-06	
187	8.415000e-01	-1.11627e-06	
188	8.460000e-01	-1.14923e-06	
189	8.505000e-01	-1.18243e-06	
190	8.550000e-01	-1.21588e-06	
191	8.595000e-01	-1.24956e-06	
192	8.640000e-01	-1.28346e-06	
193	8.685000e-01	-1.31759e-06	
194	8.730000e-01	-1.35192e-06	
195	8.775000e-01	-1.38645e-06	
196	8.820000e-01	-1.42119e-06	
197	8.865000e-01	-1.45611e-06	
198	8.910000e-01	-1.49122e-06	
199	8.955000e-01	-1.52651e-06	
200	9.000000e-01	-1.56197e-06	


Total analysis time (seconds) = 0.0106729

Total elapsed time (seconds) = 0.015 

Total DRAM available = 386307.215 MB.
DRAM currently available = 28090.582 MB.
Maximum ngspice program size =  529.723 MB.
Current ngspice program size =   14.086 MB.

Shared ngspice pages =   12.320 MB.
Text (code) pages =    6.266 MB.
Stack = 0 bytes.
Library pages =   59.141 MB.

