
Note: No compatibility mode selected!


Circuit: * 1t1c ccell=10.0ff

Doing analysis at TEMP = 27.000000 and TNOM = 27.000000

Using SPARSE 1.3 as Direct Linear Solver

Initial Transient Solution
--------------------------

Node                                   Voltage
----                                   -------
pre                                       0.45
bl                                        0.45
wl                                           0
plate                                        0
s                                            0
cell                                         0
vs#branch                                    0
vpl#branch                                   0
vwl#branch                                   0
vpre#branch                                  0


No. of Data Rows : 832

  Measurements for Transient Analysis

t_write             =  1.90072e-09
t_read              =  2.26629e-08
i_hold              =  -3.16194e-11 from=  2.50000e-08 to=  3.50250e-08
q_read              =   2.77442e-18 from=  1.20000e-08 to=  2.20000e-08

                              * 1t1c ccell=10.0ff
                              Transient Analysis  Tue Jun 23 16:32:06  2026
--------------------------------------------------------------------------------
Index   time            v(cell)         v(bl)           vpre#branch     
--------------------------------------------------------------------------------
0	0.000000e+00	0.000000e+00	4.500000e-01	0.000000e+00	
1	5.000000e-13	1.008440e-12	4.500000e-01	-1.34973e-17	
2	1.000000e-12	2.016835e-12	4.500000e-01	-2.61767e-17	
3	2.000000e-12	4.033619e-12	4.500000e-01	-5.15196e-17	
4	4.000000e-12	8.067186e-12	4.500000e-01	-1.02110e-16	
5	8.000000e-12	1.613432e-11	4.500000e-01	-2.02909e-16	
6	1.600000e-11	3.226859e-11	4.500000e-01	-4.02995e-16	
7	3.200000e-11	6.453713e-11	4.499999e-01	-7.97184e-16	
8	6.400000e-11	1.290742e-10	4.499998e-01	-1.56223e-15	
9	1.140000e-10	2.299133e-10	4.499997e-01	-2.69784e-15	
10	1.640000e-10	3.307524e-10	4.499996e-01	-3.76419e-15	
11	2.140000e-10	4.315915e-10	4.499995e-01	-4.76551e-15	
12	2.640000e-10	5.324305e-10	4.499994e-01	-5.70577e-15	
13	3.140000e-10	6.332696e-10	4.499993e-01	-6.58869e-15	
14	3.640000e-10	7.341085e-10	4.499993e-01	-7.41776e-15	
15	4.140000e-10	8.349475e-10	4.499992e-01	-8.19628e-15	
16	4.640000e-10	9.357865e-10	4.499991e-01	-8.92731e-15	
17	5.140000e-10	1.036625e-09	4.499990e-01	-9.61377e-15	
18	5.640000e-10	1.137464e-09	4.499990e-01	-1.02584e-14	
19	6.140000e-10	1.238303e-09	4.499989e-01	-1.08637e-14	
20	6.640000e-10	1.339142e-09	4.499989e-01	-1.14320e-14	
21	7.140000e-10	1.439981e-09	4.499988e-01	-1.19657e-14	
22	7.640000e-10	1.540820e-09	4.499988e-01	-1.24669e-14	
23	8.140000e-10	1.641659e-09	4.499987e-01	-1.29375e-14	
24	8.640000e-10	1.742497e-09	4.499987e-01	-1.33794e-14	
25	9.140000e-10	1.843336e-09	4.499986e-01	-1.37944e-14	
26	9.570000e-10	1.930058e-09	4.499986e-01	-1.41309e-14	
27	1.000000e-09	2.016779e-09	4.499986e-01	-1.44497e-14	
28	1.005000e-09	4.496451e-03	4.499986e-01	-1.44703e-14	
29	1.015000e-09	1.348930e-02	4.499986e-01	-1.44847e-14	
30	1.035000e-09	3.147501e-02	4.499986e-01	-1.43804e-14	
31	1.075000e-09	6.744641e-02	4.499986e-01	-1.38507e-14	
32	1.125000e-09	1.124107e-01	4.499987e-01	-1.29856e-14	
33	1.175000e-09	1.573749e-01	4.499988e-01	-1.21634e-14	
34	1.225000e-09	2.023392e-01	4.499989e-01	-1.14127e-14	
35	1.275000e-09	2.473035e-01	4.499989e-01	-1.07141e-14	
36	1.325000e-09	2.922677e-01	4.499990e-01	-1.00599e-14	
37	1.375000e-09	3.372320e-01	4.499991e-01	-9.44664e-15	
38	1.425000e-09	3.821962e-01	4.499991e-01	-8.87123e-15	
39	1.475000e-09	4.271605e-01	4.499992e-01	-8.33085e-15	
40	1.525000e-09	4.721247e-01	4.499992e-01	-7.82329e-15	
41	1.575000e-09	5.170890e-01	4.499993e-01	-7.34603e-15	
42	1.625000e-09	5.620533e-01	4.499993e-01	-6.89734e-15	
43	1.675000e-09	6.070175e-01	4.499994e-01	-6.47599e-15	
44	1.725000e-09	6.519818e-01	4.499994e-01	-6.08030e-15	
45	1.775000e-09	6.969460e-01	4.499994e-01	-5.70870e-15	
46	1.825000e-09	7.419103e-01	4.499995e-01	-5.35974e-15	
47	1.875000e-09	7.868746e-01	4.499995e-01	-5.03202e-15	
48	1.925000e-09	8.318388e-01	4.499995e-01	-4.72426e-15	
49	1.962500e-09	8.655620e-01	4.499995e-01	-4.50584e-15	
50	2.000000e-09	8.992852e-01	4.499996e-01	-4.29746e-15	
51	2.005000e-09	8.992852e-01	4.499996e-01	-4.27050e-15	
52	2.015000e-09	8.992852e-01	4.499996e-01	-4.21692e-15	
53	2.035000e-09	8.992852e-01	4.499996e-01	-4.11175e-15	
54	2.075000e-09	8.992852e-01	4.499996e-01	-3.90916e-15	

Index   time            v(cell)         v(bl)           vpre#branch     
--------------------------------------------------------------------------------
55	2.125000e-09	8.992852e-01	4.499996e-01	-3.66982e-15	
56	2.175000e-09	8.992852e-01	4.499997e-01	-3.44507e-15	
57	2.225000e-09	8.992852e-01	4.499997e-01	-3.23403e-15	
58	2.275000e-09	8.992852e-01	4.499997e-01	-3.03587e-15	
59	2.325000e-09	8.992852e-01	4.499997e-01	-2.84978e-15	
60	2.375000e-09	8.992852e-01	4.499997e-01	-2.67504e-15	
61	2.425000e-09	8.992852e-01	4.499997e-01	-2.51096e-15	
62	2.475000e-09	8.992852e-01	4.499998e-01	-2.35689e-15	
63	2.525000e-09	8.992852e-01	4.499998e-01	-2.21221e-15	
64	2.575000e-09	8.992852e-01	4.499998e-01	-2.07636e-15	
65	2.625000e-09	8.992852e-01	4.499998e-01	-1.94879e-15	
66	2.675000e-09	8.992852e-01	4.499998e-01	-1.82900e-15	
67	2.725000e-09	8.992852e-01	4.499998e-01	-1.71651e-15	
68	2.775000e-09	8.992852e-01	4.499998e-01	-1.61088e-15	
69	2.825000e-09	8.992852e-01	4.499998e-01	-1.51170e-15	
70	2.875000e-09	8.992852e-01	4.499999e-01	-1.41856e-15	
71	2.925000e-09	8.992852e-01	4.499999e-01	-1.33111e-15	
72	2.975000e-09	8.992852e-01	4.499999e-01	-1.24898e-15	
73	3.025000e-09	8.992852e-01	4.499999e-01	-1.17187e-15	
74	3.075000e-09	8.992852e-01	4.499999e-01	-1.09946e-15	
75	3.125000e-09	8.992852e-01	4.499999e-01	-1.03146e-15	
76	3.175000e-09	8.992852e-01	4.499999e-01	-9.67611e-16	
77	3.225000e-09	8.992852e-01	4.499999e-01	-9.07656e-16	
78	3.275000e-09	8.992852e-01	4.499999e-01	-8.51356e-16	
79	3.325000e-09	8.992852e-01	4.499999e-01	-7.98490e-16	
80	3.375000e-09	8.992852e-01	4.499999e-01	-7.48848e-16	
81	3.425000e-09	8.992852e-01	4.499999e-01	-7.02234e-16	
82	3.475000e-09	8.992852e-01	4.499999e-01	-6.58461e-16	
83	3.525000e-09	8.992852e-01	4.499999e-01	-6.17358e-16	
84	3.575000e-09	8.992852e-01	4.499999e-01	-5.78762e-16	
85	3.625000e-09	8.992852e-01	4.499999e-01	-5.42520e-16	
86	3.675000e-09	8.992852e-01	4.499999e-01	-5.08488e-16	
87	3.725000e-09	8.992852e-01	4.500000e-01	-4.76531e-16	
88	3.775000e-09	8.992852e-01	4.500000e-01	-4.46523e-16	
89	3.825000e-09	8.992852e-01	4.500000e-01	-4.18345e-16	
90	3.875000e-09	8.992852e-01	4.500000e-01	-3.91886e-16	
91	3.925000e-09	8.992852e-01	4.500000e-01	-3.67040e-16	
92	3.975000e-09	8.992852e-01	4.500000e-01	-3.43709e-16	
93	4.025000e-09	8.992852e-01	4.500000e-01	-3.21801e-16	
94	4.075000e-09	8.992852e-01	4.500000e-01	-3.01229e-16	
95	4.125000e-09	8.992852e-01	4.500000e-01	-2.81911e-16	
96	4.175000e-09	8.992852e-01	4.500000e-01	-2.63772e-16	
97	4.225000e-09	8.992852e-01	4.500000e-01	-2.46739e-16	
98	4.275000e-09	8.992852e-01	4.500000e-01	-2.30744e-16	
99	4.325000e-09	8.992852e-01	4.500000e-01	-2.15725e-16	
100	4.375000e-09	8.992852e-01	4.500000e-01	-2.01621e-16	
101	4.425000e-09	8.992852e-01	4.500000e-01	-1.88378e-16	
102	4.475000e-09	8.992852e-01	4.500000e-01	-1.75942e-16	
103	4.525000e-09	8.992852e-01	4.500000e-01	-1.64265e-16	
104	4.575000e-09	8.992852e-01	4.500000e-01	-1.53300e-16	
105	4.625000e-09	8.992852e-01	4.500000e-01	-1.43003e-16	
106	4.675000e-09	8.992852e-01	4.500000e-01	-1.33334e-16	
107	4.725000e-09	8.992852e-01	4.500000e-01	-1.24255e-16	
108	4.775000e-09	8.992852e-01	4.500000e-01	-1.15730e-16	
109	4.825000e-09	8.992852e-01	4.500000e-01	-1.07725e-16	
110	4.875000e-09	8.992852e-01	4.500000e-01	-1.00208e-16	
111	4.925000e-09	8.992852e-01	4.500000e-01	-9.31492e-17	
112	4.975000e-09	8.992852e-01	4.500000e-01	-8.65212e-17	

Index   time            v(cell)         v(bl)           vpre#branch     
--------------------------------------------------------------------------------
113	5.025000e-09	8.992852e-01	4.500000e-01	-8.02969e-17	
114	5.075000e-09	8.992852e-01	4.500000e-01	-7.44521e-17	
115	5.125000e-09	8.992852e-01	4.500000e-01	-6.89638e-17	
116	5.175000e-09	8.992852e-01	4.500000e-01	-6.38102e-17	
117	5.225000e-09	8.992852e-01	4.500000e-01	-5.89709e-17	
118	5.275000e-09	8.992852e-01	4.500000e-01	-5.44267e-17	
119	5.325000e-09	8.992852e-01	4.500000e-01	-5.01600e-17	
120	5.375000e-09	8.992852e-01	4.500000e-01	-4.61536e-17	
121	5.425000e-09	8.992852e-01	4.500000e-01	-4.23914e-17	
122	5.475000e-09	8.992852e-01	4.500000e-01	-3.88587e-17	
123	5.525000e-09	8.992852e-01	4.500000e-01	-3.55414e-17	
124	5.575000e-09	8.992852e-01	4.500000e-01	-3.24264e-17	
125	5.625000e-09	8.992852e-01	4.500000e-01	-2.95014e-17	
126	5.675000e-09	8.992852e-01	4.500000e-01	-2.67548e-17	
127	5.725000e-09	8.992852e-01	4.500000e-01	-2.41752e-17	
128	5.775000e-09	8.992852e-01	4.500000e-01	-2.17530e-17	
129	5.825000e-09	8.992852e-01	4.500000e-01	-1.94788e-17	
130	5.875000e-09	8.992852e-01	4.500000e-01	-1.73434e-17	
131	5.925000e-09	8.992852e-01	4.500000e-01	-1.53382e-17	
132	5.975000e-09	8.992852e-01	4.500000e-01	-1.34553e-17	
133	6.025000e-09	8.992852e-01	4.500000e-01	-1.16872e-17	
134	6.075000e-09	8.992852e-01	4.500000e-01	-1.00269e-17	
135	6.125000e-09	8.992852e-01	4.500000e-01	-8.46745e-18	
136	6.175000e-09	8.992852e-01	4.500000e-01	-7.00311e-18	
137	6.225000e-09	8.992852e-01	4.500000e-01	-5.62848e-18	
138	6.275000e-09	8.992852e-01	4.500000e-01	-4.33727e-18	
139	6.325000e-09	8.992852e-01	4.500000e-01	-3.12480e-18	
140	6.375000e-09	8.992852e-01	4.500000e-01	-1.98668e-18	
141	6.425000e-09	8.992852e-01	4.500000e-01	-9.17972e-19	
142	6.475000e-09	8.992852e-01	4.500000e-01	8.556604e-20	
143	6.525000e-09	8.992852e-01	4.500000e-01	1.028318e-18	
144	6.575000e-09	8.992852e-01	4.500000e-01	1.913578e-18	
145	6.625000e-09	8.992852e-01	4.500000e-01	2.744439e-18	
146	6.675000e-09	8.992852e-01	4.500000e-01	3.524628e-18	
147	6.725000e-09	8.992852e-01	4.500000e-01	4.257652e-18	
148	6.775000e-09	8.992852e-01	4.500000e-01	4.945973e-18	
149	6.825000e-09	8.992852e-01	4.500000e-01	5.591908e-18	
150	6.875000e-09	8.992852e-01	4.500000e-01	6.198452e-18	
151	6.925000e-09	8.992852e-01	4.500000e-01	6.768007e-18	
152	6.962500e-09	8.992852e-01	4.500000e-01	7.172493e-18	
153	7.000000e-09	8.992852e-01	4.500000e-01	7.558580e-18	
154	7.005000e-09	8.768029e-01	4.500000e-01	7.607013e-18	
155	7.015000e-09	8.318387e-01	4.500000e-01	7.700394e-18	
156	7.035000e-09	7.419102e-01	4.500000e-01	7.865902e-18	
157	7.067500e-09	5.957763e-01	4.500000e-01	8.073195e-18	
158	7.100000e-09	4.496425e-01	4.500000e-01	8.190758e-18	
159	7.105000e-09	4.496426e-01	4.500000e-01	8.135431e-18	
160	7.115000e-09	4.496426e-01	4.500000e-01	8.025451e-18	
161	7.135000e-09	4.496426e-01	4.500000e-01	7.809595e-18	
162	7.175000e-09	4.496426e-01	4.500000e-01	7.393606e-18	
163	7.225000e-09	4.496426e-01	4.500000e-01	6.901327e-18	
164	7.275000e-09	4.496426e-01	4.500000e-01	6.438759e-18	
165	7.325000e-09	4.496426e-01	4.500000e-01	6.004813e-18	
166	7.375000e-09	4.496426e-01	4.500000e-01	5.597329e-18	
167	7.425000e-09	4.496426e-01	4.500000e-01	5.214697e-18	
168	7.475000e-09	4.496426e-01	4.500000e-01	4.855400e-18	
169	7.525000e-09	4.496426e-01	4.500000e-01	4.518010e-18	
170	7.575000e-09	4.496426e-01	4.500000e-01	4.201197e-18	

Index   time            v(cell)         v(bl)           vpre#branch     
--------------------------------------------------------------------------------
171	7.625000e-09	4.496426e-01	4.500000e-01	3.903290e-18	
172	7.675000e-09	4.496426e-01	4.500000e-01	3.623552e-18	
173	7.725000e-09	4.496426e-01	4.500000e-01	3.360873e-18	
174	7.775000e-09	4.496426e-01	4.500000e-01	3.114215e-18	
175	7.825000e-09	4.496426e-01	4.500000e-01	2.882598e-18	
176	7.875000e-09	4.496426e-01	4.500000e-01	2.665106e-18	
177	7.925000e-09	4.496426e-01	4.500000e-01	2.460877e-18	
178	7.975000e-09	4.496426e-01	4.500000e-01	2.269102e-18	
179	8.025000e-09	4.496426e-01	4.500000e-01	2.089435e-18	
180	8.075000e-09	4.496426e-01	4.500000e-01	1.920725e-18	
181	8.125000e-09	4.496426e-01	4.500000e-01	1.762304e-18	
182	8.175000e-09	4.496426e-01	4.500000e-01	1.613544e-18	
183	8.225000e-09	4.496426e-01	4.500000e-01	1.473442e-18	
184	8.275000e-09	4.496426e-01	4.500000e-01	1.341883e-18	
185	8.325000e-09	4.496426e-01	4.500000e-01	1.218760e-18	
186	8.375000e-09	4.496426e-01	4.500000e-01	1.103144e-18	
187	8.425000e-09	4.496426e-01	4.500000e-01	9.941677e-19	
188	8.475000e-09	4.496426e-01	4.500000e-01	8.918380e-19	
189	8.525000e-09	4.496426e-01	4.500000e-01	7.961605e-19	
190	8.575000e-09	4.496426e-01	4.500000e-01	7.063179e-19	
191	8.625000e-09	4.496426e-01	4.500000e-01	6.215394e-19	
192	8.675000e-09	4.496426e-01	4.500000e-01	5.419323e-19	
193	8.725000e-09	4.496426e-01	4.500000e-01	4.675928e-19	
194	8.775000e-09	4.496426e-01	4.500000e-01	3.977870e-19	
195	8.825000e-09	4.496426e-01	4.500000e-01	3.318252e-19	
196	8.875000e-09	4.496426e-01	4.500000e-01	2.698842e-19	
197	8.925000e-09	4.496426e-01	4.500000e-01	2.121363e-19	
198	8.975000e-09	4.496426e-01	4.500000e-01	1.579080e-19	
199	9.025000e-09	4.496426e-01	4.500000e-01	1.069867e-19	
200	9.075000e-09	4.496426e-01	4.500000e-01	5.917237e-20	
201	9.125000e-09	4.496426e-01	4.500000e-01	1.427466e-20	
202	9.175000e-09	4.496426e-01	4.500000e-01	-2.78867e-20	
203	9.225000e-09	4.496426e-01	4.500000e-01	-6.74764e-20	
204	9.275000e-09	4.496426e-01	4.500000e-01	-1.04648e-19	
205	9.325000e-09	4.496426e-01	4.500000e-01	-1.39970e-19	
206	9.375000e-09	4.496426e-01	4.500000e-01	-1.73138e-19	
207	9.425000e-09	4.496426e-01	4.500000e-01	-2.03869e-19	
208	9.475000e-09	4.496426e-01	4.500000e-01	-2.32725e-19	
209	9.525000e-09	4.496426e-01	4.500000e-01	-2.59822e-19	
210	9.575000e-09	4.496426e-01	4.500000e-01	-2.85267e-19	
211	9.625000e-09	4.496426e-01	4.500000e-01	-3.09576e-19	
212	9.675000e-09	4.496426e-01	4.500000e-01	-3.32398e-19	
213	9.725000e-09	4.496426e-01	4.500000e-01	-3.53833e-19	
214	9.775000e-09	4.496426e-01	4.500000e-01	-3.73958e-19	
215	9.825000e-09	4.496426e-01	4.500000e-01	-3.92445e-19	
216	9.875000e-09	4.496426e-01	4.500000e-01	-4.09802e-19	
217	9.925000e-09	4.496426e-01	4.500000e-01	-4.26101e-19	
218	9.975000e-09	4.496426e-01	4.500000e-01	-4.41407e-19	
219	1.002500e-08	4.496426e-01	4.500000e-01	-4.56192e-19	
220	1.007500e-08	4.496426e-01	4.500000e-01	-4.70073e-19	
221	1.012500e-08	4.496426e-01	4.500000e-01	-4.82695e-19	
222	1.017500e-08	4.496426e-01	4.500000e-01	-4.94550e-19	
223	1.022500e-08	4.496426e-01	4.500000e-01	-5.05682e-19	
224	1.027500e-08	4.496426e-01	4.500000e-01	-5.16134e-19	
225	1.032500e-08	4.496426e-01	4.500000e-01	-5.26364e-19	
226	1.037500e-08	4.496426e-01	4.500000e-01	-5.35968e-19	
227	1.042500e-08	4.496426e-01	4.500000e-01	-5.44904e-19	
228	1.047500e-08	4.496426e-01	4.500000e-01	-5.53294e-19	

Index   time            v(cell)         v(bl)           vpre#branch     
--------------------------------------------------------------------------------
229	1.052500e-08	4.496426e-01	4.500000e-01	-5.60759e-19	
230	1.057500e-08	4.496426e-01	4.500000e-01	-5.67770e-19	
231	1.062500e-08	4.496426e-01	4.500000e-01	-5.74355e-19	
232	1.067500e-08	4.496426e-01	4.500000e-01	-5.80538e-19	
233	1.072500e-08	4.496426e-01	4.500000e-01	-5.86341e-19	
234	1.077500e-08	4.496426e-01	4.500000e-01	-5.91791e-19	
235	1.082500e-08	4.496426e-01	4.500000e-01	-5.97324e-19	
236	1.087500e-08	4.496426e-01	4.500000e-01	-6.02517e-19	
237	1.092500e-08	4.496426e-01	4.500000e-01	-6.07394e-19	
238	1.096250e-08	4.496426e-01	4.500000e-01	-6.10555e-19	
239	1.100000e-08	4.496426e-01	4.500000e-01	-6.13519e-19	
240	1.100500e-08	4.496461e-01	4.544717e-01	4.471692e-11	
241	1.101500e-08	4.496533e-01	4.633592e-01	1.335917e-10	
242	1.103500e-08	4.496676e-01	4.808029e-01	3.080288e-10	
243	1.107500e-08	4.496962e-01	5.144059e-01	6.440594e-10	
244	1.112500e-08	4.497319e-01	5.541044e-01	1.041044e-09	
245	1.117500e-08	4.497677e-01	5.913819e-01	1.413819e-09	
246	1.122500e-08	4.498034e-01	6.263861e-01	1.763861e-09	
247	1.127500e-08	4.498391e-01	6.592557e-01	2.092557e-09	
248	1.132500e-08	4.498749e-01	6.901207e-01	2.401207e-09	
249	1.137500e-08	4.499106e-01	7.191035e-01	2.691035e-09	
250	1.142500e-08	4.499464e-01	7.463189e-01	2.963189e-09	
251	1.147500e-08	4.499821e-01	7.718745e-01	3.218745e-09	
252	1.152500e-08	4.500178e-01	7.958716e-01	3.458716e-09	
253	1.157500e-08	4.500536e-01	8.184052e-01	3.684052e-09	
254	1.162500e-08	4.500893e-01	8.395641e-01	3.895641e-09	
255	1.167500e-08	4.501251e-01	8.594310e-01	4.094310e-09	
256	1.172500e-08	4.501608e-01	8.780811e-01	4.280811e-09	
257	1.177500e-08	4.501966e-01	8.955773e-01	4.455773e-09	
258	1.182500e-08	4.502324e-01	9.119278e-01	4.619278e-09	
259	1.187500e-08	4.502684e-01	9.270348e-01	4.770348e-09	
260	1.192500e-08	4.503051e-01	9.404838e-01	4.904838e-09	
261	1.196250e-08	4.503336e-01	9.487855e-01	4.987855e-09	
262	1.200000e-08	4.503643e-01	9.540049e-01	5.040049e-09	
263	1.200500e-08	4.503650e-01	9.499586e-01	4.999586e-09	
264	1.201500e-08	4.503664e-01	9.419305e-01	4.919305e-09	
265	1.203500e-08	4.503692e-01	9.262544e-01	4.762544e-09	
266	1.207500e-08	4.503745e-01	8.963574e-01	4.463574e-09	
267	1.212500e-08	4.503807e-01	8.615384e-01	4.115384e-09	
268	1.217500e-08	4.503865e-01	8.293389e-01	3.793389e-09	
269	1.222500e-08	4.503920e-01	7.995436e-01	3.495436e-09	
270	1.227500e-08	4.503971e-01	7.719479e-01	3.219479e-09	
271	1.232500e-08	4.504020e-01	7.463745e-01	2.963745e-09	
272	1.237500e-08	4.504066e-01	7.226631e-01	2.726631e-09	
273	1.242500e-08	4.504110e-01	7.006682e-01	2.506682e-09	
274	1.247500e-08	4.504152e-01	6.802571e-01	2.302571e-09	
275	1.252500e-08	4.504192e-01	6.613093e-01	2.113093e-09	
276	1.257500e-08	4.504231e-01	6.437143e-01	1.937143e-09	
277	1.262500e-08	4.504268e-01	6.273711e-01	1.773711e-09	
278	1.267500e-08	4.504304e-01	6.121871e-01	1.621871e-09	
279	1.272500e-08	4.504338e-01	5.980773e-01	1.480773e-09	
280	1.277500e-08	4.504372e-01	5.849636e-01	1.349636e-09	
281	1.282500e-08	4.504404e-01	5.727741e-01	1.227741e-09	
282	1.287500e-08	4.504436e-01	5.614427e-01	1.114427e-09	
283	1.292500e-08	4.504466e-01	5.509085e-01	1.009085e-09	
284	1.297500e-08	4.504496e-01	5.411154e-01	9.111542e-10	
285	1.302500e-08	4.504525e-01	5.320118e-01	8.201177e-10	
286	1.307500e-08	4.504554e-01	5.235501e-01	7.355005e-10	

Index   time            v(cell)         v(bl)           vpre#branch     
--------------------------------------------------------------------------------
287	1.312500e-08	4.504581e-01	5.156865e-01	6.568655e-10	
288	1.317500e-08	4.504608e-01	5.083811e-01	5.838113e-10	
289	1.322500e-08	4.504635e-01	5.015970e-01	5.159701e-10	
290	1.327500e-08	4.504661e-01	4.953006e-01	4.530060e-10	
291	1.332500e-08	4.504686e-01	4.894613e-01	3.946131e-10	
292	1.337500e-08	4.504710e-01	4.840516e-01	3.405157e-10	
293	1.342500e-08	4.504734e-01	4.790467e-01	2.904673e-10	
294	1.347500e-08	4.504758e-01	4.744253e-01	2.442527e-10	
295	1.352500e-08	4.504780e-01	4.701691e-01	2.016909e-10	
296	1.357500e-08	4.504802e-01	4.662695e-01	1.626952e-10	
297	1.362500e-08	4.504823e-01	4.627208e-01	1.272081e-10	
298	1.367500e-08	4.504843e-01	4.595246e-01	9.524615e-11	
299	1.372500e-08	4.504861e-01	4.567138e-01	6.713803e-11	
300	1.377500e-08	4.504877e-01	4.543828e-01	4.382801e-11	
301	1.382500e-08	4.504889e-01	4.526767e-01	2.676737e-11	
302	1.387500e-08	4.504896e-01	4.516206e-01	1.620623e-11	
303	1.392500e-08	4.504900e-01	4.510455e-01	1.045521e-11	
304	1.397500e-08	4.504902e-01	4.507483e-01	7.482764e-12	
305	1.402500e-08	4.504903e-01	4.505971e-01	5.970703e-12	
306	1.407500e-08	4.504903e-01	4.505210e-01	5.209632e-12	
307	1.412500e-08	4.504903e-01	4.504826e-01	4.825662e-12	
308	1.417500e-08	4.504903e-01	4.504632e-01	4.631846e-12	
309	1.422500e-08	4.504903e-01	4.504534e-01	4.533960e-12	
310	1.427500e-08	4.504903e-01	4.504484e-01	4.484478e-12	
311	1.432500e-08	4.504903e-01	4.504459e-01	4.459412e-12	
312	1.437500e-08	4.504902e-01	4.504447e-01	4.446669e-12	
313	1.442500e-08	4.504902e-01	4.504440e-01	4.440139e-12	
314	1.447500e-08	4.504902e-01	4.504437e-01	4.436747e-12	
315	1.452500e-08	4.504902e-01	4.504435e-01	4.434935e-12	
316	1.457500e-08	4.504901e-01	4.504434e-01	4.433924e-12	
317	1.462500e-08	4.504901e-01	4.504433e-01	4.433312e-12	
318	1.467500e-08	4.504901e-01	4.504433e-01	4.432907e-12	
319	1.472500e-08	4.504901e-01	4.504433e-01	4.432601e-12	
320	1.477500e-08	4.504901e-01	4.504432e-01	4.432350e-12	
321	1.482500e-08	4.504900e-01	4.504432e-01	4.432122e-12	
322	1.487500e-08	4.504900e-01	4.504432e-01	4.431910e-12	
323	1.492500e-08	4.504900e-01	4.504432e-01	4.431702e-12	
324	1.497500e-08	4.504900e-01	4.504432e-01	4.431500e-12	
325	1.502500e-08	4.504899e-01	4.504431e-01	4.431297e-12	
326	1.507500e-08	4.504899e-01	4.504431e-01	4.431098e-12	
327	1.512500e-08	4.504899e-01	4.504431e-01	4.430896e-12	
328	1.517500e-08	4.504899e-01	4.504431e-01	4.430698e-12	
329	1.522500e-08	4.504899e-01	4.504430e-01	4.430496e-12	
330	1.527500e-08	4.504898e-01	4.504430e-01	4.430298e-12	
331	1.532500e-08	4.504898e-01	4.504430e-01	4.430097e-12	
332	1.537500e-08	4.504898e-01	4.504430e-01	4.429898e-12	
333	1.542500e-08	4.504898e-01	4.504430e-01	4.429697e-12	
334	1.547500e-08	4.504898e-01	4.504429e-01	4.429499e-12	
335	1.552500e-08	4.504897e-01	4.504429e-01	4.429297e-12	
336	1.557500e-08	4.504897e-01	4.504429e-01	4.429099e-12	
337	1.562500e-08	4.504897e-01	4.504429e-01	4.428898e-12	
338	1.567500e-08	4.504897e-01	4.504429e-01	4.428700e-12	
339	1.572500e-08	4.504896e-01	4.504428e-01	4.428498e-12	
340	1.577500e-08	4.504896e-01	4.504428e-01	4.428300e-12	
341	1.582500e-08	4.504896e-01	4.504428e-01	4.428099e-12	
342	1.587500e-08	4.504896e-01	4.504428e-01	4.427901e-12	
343	1.592500e-08	4.504896e-01	4.504428e-01	4.427699e-12	
344	1.597500e-08	4.504895e-01	4.504428e-01	4.427501e-12	

Index   time            v(cell)         v(bl)           vpre#branch     
--------------------------------------------------------------------------------
345	1.602500e-08	4.504895e-01	4.504427e-01	4.427300e-12	
346	1.607500e-08	4.504895e-01	4.504427e-01	4.427102e-12	
347	1.612500e-08	4.504895e-01	4.504427e-01	4.426901e-12	
348	1.617500e-08	4.504894e-01	4.504427e-01	4.426703e-12	
349	1.622500e-08	4.504894e-01	4.504427e-01	4.426501e-12	
350	1.627500e-08	4.504894e-01	4.504426e-01	4.426303e-12	
351	1.632500e-08	4.504894e-01	4.504426e-01	4.426102e-12	
352	1.637500e-08	4.504894e-01	4.504426e-01	4.425904e-12	
353	1.642500e-08	4.504893e-01	4.504426e-01	4.425703e-12	
354	1.647500e-08	4.504893e-01	4.504426e-01	4.425505e-12	
355	1.652500e-08	4.504893e-01	4.504425e-01	4.425304e-12	
356	1.657500e-08	4.504893e-01	4.504425e-01	4.425106e-12	
357	1.662500e-08	4.504892e-01	4.504425e-01	4.424905e-12	
358	1.667500e-08	4.504892e-01	4.504425e-01	4.424706e-12	
359	1.672500e-08	4.504892e-01	4.504425e-01	4.424505e-12	
360	1.677500e-08	4.504892e-01	4.504424e-01	4.424307e-12	
361	1.682500e-08	4.504892e-01	4.504424e-01	4.424106e-12	
362	1.687500e-08	4.504891e-01	4.504424e-01	4.423908e-12	
363	1.692500e-08	4.504891e-01	4.504424e-01	4.423707e-12	
364	1.697500e-08	4.504891e-01	4.504424e-01	4.423509e-12	
365	1.702500e-08	4.504891e-01	4.504423e-01	4.423308e-12	
366	1.707500e-08	4.504890e-01	4.504423e-01	4.423110e-12	
367	1.712500e-08	4.504890e-01	4.504423e-01	4.422909e-12	
368	1.717500e-08	4.504890e-01	4.504423e-01	4.422711e-12	
369	1.722500e-08	4.504890e-01	4.504423e-01	4.422510e-12	
370	1.727500e-08	4.504890e-01	4.504422e-01	4.422312e-12	
371	1.732500e-08	4.504889e-01	4.504422e-01	4.422111e-12	
372	1.737500e-08	4.504889e-01	4.504422e-01	4.421913e-12	
373	1.742500e-08	4.504889e-01	4.504422e-01	4.421713e-12	
374	1.747500e-08	4.504889e-01	4.504422e-01	4.421514e-12	
375	1.752500e-08	4.504888e-01	4.504421e-01	4.421314e-12	
376	1.757500e-08	4.504888e-01	4.504421e-01	4.421116e-12	
377	1.762500e-08	4.504888e-01	4.504421e-01	4.420915e-12	
378	1.767500e-08	4.504888e-01	4.504421e-01	4.420717e-12	
379	1.772500e-08	4.504888e-01	4.504421e-01	4.420516e-12	
380	1.777500e-08	4.504887e-01	4.504420e-01	4.420318e-12	
381	1.782500e-08	4.504887e-01	4.504420e-01	4.420117e-12	
382	1.787500e-08	4.504887e-01	4.504420e-01	4.419919e-12	
383	1.792500e-08	4.504887e-01	4.504420e-01	4.419719e-12	
384	1.797500e-08	4.504886e-01	4.504420e-01	4.419521e-12	
385	1.802500e-08	4.504886e-01	4.504419e-01	4.419320e-12	
386	1.807500e-08	4.504886e-01	4.504419e-01	4.419122e-12	
387	1.812500e-08	4.504886e-01	4.504419e-01	4.418921e-12	
388	1.817500e-08	4.504886e-01	4.504419e-01	4.418723e-12	
389	1.822500e-08	4.504885e-01	4.504419e-01	4.418523e-12	
390	1.827500e-08	4.504885e-01	4.504418e-01	4.418325e-12	
391	1.832500e-08	4.504885e-01	4.504418e-01	4.418124e-12	
392	1.837500e-08	4.504885e-01	4.504418e-01	4.417926e-12	
393	1.842500e-08	4.504884e-01	4.504418e-01	4.417726e-12	
394	1.847500e-08	4.504884e-01	4.504418e-01	4.417528e-12	
395	1.852500e-08	4.504884e-01	4.504417e-01	4.417327e-12	
396	1.857500e-08	4.504884e-01	4.504417e-01	4.417129e-12	
397	1.862500e-08	4.504884e-01	4.504417e-01	4.416929e-12	
398	1.867500e-08	4.504883e-01	4.504417e-01	4.416731e-12	
399	1.872500e-08	4.504883e-01	4.504417e-01	4.416530e-12	
400	1.877500e-08	4.504883e-01	4.504416e-01	4.416332e-12	
401	1.882500e-08	4.504883e-01	4.504416e-01	4.416132e-12	
402	1.887500e-08	4.504882e-01	4.504416e-01	4.415934e-12	

Index   time            v(cell)         v(bl)           vpre#branch     
--------------------------------------------------------------------------------
403	1.892500e-08	4.504882e-01	4.504416e-01	4.415734e-12	
404	1.897500e-08	4.504882e-01	4.504416e-01	4.415536e-12	
405	1.902500e-08	4.504882e-01	4.504415e-01	4.415335e-12	
406	1.907500e-08	4.504882e-01	4.504415e-01	4.415137e-12	
407	1.912500e-08	4.504881e-01	4.504415e-01	4.414937e-12	
408	1.917500e-08	4.504881e-01	4.504415e-01	4.414739e-12	
409	1.922500e-08	4.504881e-01	4.504415e-01	4.414539e-12	
410	1.927500e-08	4.504881e-01	4.504414e-01	4.414341e-12	
411	1.932500e-08	4.504881e-01	4.504414e-01	4.414141e-12	
412	1.937500e-08	4.504880e-01	4.504414e-01	4.413943e-12	
413	1.942500e-08	4.504880e-01	4.504414e-01	4.413742e-12	
414	1.947500e-08	4.504880e-01	4.504414e-01	4.413545e-12	
415	1.952500e-08	4.504880e-01	4.504413e-01	4.413344e-12	
416	1.957500e-08	4.504879e-01	4.504413e-01	4.413146e-12	
417	1.962500e-08	4.504879e-01	4.504413e-01	4.412946e-12	
418	1.967500e-08	4.504879e-01	4.504413e-01	4.412748e-12	
419	1.972500e-08	4.504879e-01	4.504413e-01	4.412548e-12	
420	1.977500e-08	4.504879e-01	4.504412e-01	4.412350e-12	
421	1.982500e-08	4.504878e-01	4.504412e-01	4.412150e-12	
422	1.987500e-08	4.504878e-01	4.504412e-01	4.411952e-12	
423	1.992500e-08	4.504878e-01	4.504412e-01	4.411752e-12	
424	1.997500e-08	4.504878e-01	4.504412e-01	4.411554e-12	
425	2.002500e-08	4.504877e-01	4.504411e-01	4.411354e-12	
426	2.007500e-08	4.504877e-01	4.504411e-01	4.411156e-12	
427	2.012500e-08	4.504877e-01	4.504411e-01	4.410956e-12	
428	2.017500e-08	4.504877e-01	4.504411e-01	4.410759e-12	
429	2.022500e-08	4.504877e-01	4.504411e-01	4.410558e-12	
430	2.027500e-08	4.504876e-01	4.504410e-01	4.410361e-12	
431	2.032500e-08	4.504876e-01	4.504410e-01	4.410161e-12	
432	2.037500e-08	4.504876e-01	4.504410e-01	4.409963e-12	
433	2.042500e-08	4.504876e-01	4.504410e-01	4.409763e-12	
434	2.047500e-08	4.504875e-01	4.504410e-01	4.409565e-12	
435	2.052500e-08	4.504875e-01	4.504409e-01	4.409365e-12	
436	2.057500e-08	4.504875e-01	4.504409e-01	4.409167e-12	
437	2.062500e-08	4.504875e-01	4.504409e-01	4.408967e-12	
438	2.067500e-08	4.504875e-01	4.504409e-01	4.408770e-12	
439	2.072500e-08	4.504874e-01	4.504409e-01	4.408570e-12	
440	2.077500e-08	4.504874e-01	4.504408e-01	4.408372e-12	
441	2.082500e-08	4.504874e-01	4.504408e-01	4.408172e-12	
442	2.087500e-08	4.504874e-01	4.504408e-01	4.407974e-12	
443	2.092500e-08	4.504873e-01	4.504408e-01	4.407774e-12	
444	2.097500e-08	4.504873e-01	4.504408e-01	4.407577e-12	
445	2.102500e-08	4.504873e-01	4.504407e-01	4.407377e-12	
446	2.107500e-08	4.504873e-01	4.504407e-01	4.407179e-12	
447	2.112500e-08	4.504873e-01	4.504407e-01	4.406979e-12	
448	2.117500e-08	4.504872e-01	4.504407e-01	4.406782e-12	
449	2.122500e-08	4.504872e-01	4.504407e-01	4.406582e-12	
450	2.127500e-08	4.504872e-01	4.504406e-01	4.406384e-12	
451	2.132500e-08	4.504872e-01	4.504406e-01	4.406184e-12	
452	2.137500e-08	4.504871e-01	4.504406e-01	4.405987e-12	
453	2.142500e-08	4.504871e-01	4.504406e-01	4.405787e-12	
454	2.147500e-08	4.504871e-01	4.504406e-01	4.405589e-12	
455	2.152500e-08	4.504871e-01	4.504405e-01	4.405389e-12	
456	2.157500e-08	4.504871e-01	4.504405e-01	4.405192e-12	
457	2.162500e-08	4.504870e-01	4.504405e-01	4.404992e-12	
458	2.167500e-08	4.504870e-01	4.504405e-01	4.404794e-12	
459	2.172500e-08	4.504870e-01	4.504405e-01	4.404595e-12	
460	2.177500e-08	4.504870e-01	4.504404e-01	4.404397e-12	

Index   time            v(cell)         v(bl)           vpre#branch     
--------------------------------------------------------------------------------
461	2.182500e-08	4.504869e-01	4.504404e-01	4.404197e-12	
462	2.187500e-08	4.504869e-01	4.504404e-01	4.404000e-12	
463	2.192500e-08	4.504869e-01	4.504404e-01	4.403800e-12	
464	2.196250e-08	4.504869e-01	4.504404e-01	4.403652e-12	
465	2.200000e-08	4.504869e-01	4.504404e-01	4.403502e-12	
466	2.200500e-08	4.504832e-01	4.461534e-01	-3.84663e-11	
467	2.201500e-08	4.504757e-01	4.376982e-01	-1.23018e-10	
468	2.203500e-08	4.504605e-01	4.212882e-01	-2.87118e-10	
469	2.207500e-08	4.504301e-01	3.897945e-01	-6.02055e-10	
470	2.212500e-08	4.503922e-01	3.525029e-01	-9.74971e-10	
471	2.217500e-08	4.503545e-01	3.171805e-01	-1.32820e-09	
472	2.222500e-08	4.503172e-01	2.835983e-01	-1.66402e-09	
473	2.227500e-08	4.502802e-01	2.516497e-01	-1.98350e-09	
474	2.232500e-08	4.502435e-01	2.212962e-01	-2.28704e-09	
475	2.237500e-08	4.502070e-01	1.924959e-01	-2.57504e-09	
476	2.242500e-08	4.501708e-01	1.651663e-01	-2.84834e-09	
477	2.247500e-08	4.501347e-01	1.392836e-01	-3.10716e-09	
478	2.252500e-08	4.500988e-01	1.148419e-01	-3.35158e-09	
479	2.257500e-08	4.500630e-01	9.179799e-02	-3.58202e-09	
480	2.262500e-08	4.500271e-01	7.009967e-02	-3.79900e-09	
481	2.267500e-08	4.499914e-01	4.968796e-02	-4.00312e-09	
482	2.272500e-08	4.499556e-01	3.049953e-02	-4.19500e-09	
483	2.277500e-08	4.499198e-01	1.246917e-02	-4.37531e-09	
484	2.282500e-08	4.498841e-01	-4.46821e-03	-4.54468e-09	
485	2.287500e-08	4.498484e-01	-2.03761e-02	-4.70376e-09	
486	2.292500e-08	4.498126e-01	-3.53156e-02	-4.85316e-09	
487	2.296250e-08	4.497858e-01	-4.59183e-02	-4.95918e-09	
488	2.300000e-08	4.497590e-01	-5.60326e-02	-5.06033e-09	
489	2.300500e-08	4.497590e-01	-5.28694e-02	-5.02869e-09	
490	2.301500e-08	4.497590e-01	-4.65826e-02	-4.96583e-09	
491	2.303500e-08	4.497590e-01	-3.42435e-02	-4.84243e-09	
492	2.307500e-08	4.497590e-01	-1.04738e-02	-4.60474e-09	
493	2.312500e-08	4.497590e-01	1.760742e-02	-4.32393e-09	
494	2.317500e-08	4.497590e-01	4.397612e-02	-4.06024e-09	
495	2.322500e-08	4.497590e-01	6.873676e-02	-3.81263e-09	
496	2.327500e-08	4.497590e-01	9.198741e-02	-3.58013e-09	
497	2.332500e-08	4.497590e-01	1.138202e-01	-3.36180e-09	
498	2.337500e-08	4.497590e-01	1.343215e-01	-3.15679e-09	
499	2.342500e-08	4.497590e-01	1.535725e-01	-2.96427e-09	
500	2.347500e-08	4.497590e-01	1.716496e-01	-2.78350e-09	
501	2.352500e-08	4.497590e-01	1.886243e-01	-2.61376e-09	
502	2.357500e-08	4.497590e-01	2.045638e-01	-2.45436e-09	
503	2.362500e-08	4.497590e-01	2.195313e-01	-2.30469e-09	
504	2.367500e-08	4.497590e-01	2.335860e-01	-2.16414e-09	
505	2.372500e-08	4.497590e-01	2.467836e-01	-2.03216e-09	
506	2.377500e-08	4.497590e-01	2.591764e-01	-1.90824e-09	
507	2.382500e-08	4.497590e-01	2.708134e-01	-1.79187e-09	
508	2.387500e-08	4.497590e-01	2.817408e-01	-1.68259e-09	
509	2.392500e-08	4.497590e-01	2.920018e-01	-1.57998e-09	
510	2.397500e-08	4.497590e-01	3.016370e-01	-1.48363e-09	
511	2.402500e-08	4.497590e-01	3.106847e-01	-1.39315e-09	
512	2.407500e-08	4.497590e-01	3.191805e-01	-1.30819e-09	
513	2.412500e-08	4.497590e-01	3.271583e-01	-1.22842e-09	
514	2.417500e-08	4.497590e-01	3.346496e-01	-1.15350e-09	
515	2.422500e-08	4.497590e-01	3.416840e-01	-1.08316e-09	
516	2.427500e-08	4.497590e-01	3.482895e-01	-1.01711e-09	
517	2.432500e-08	4.497590e-01	3.544921e-01	-9.55079e-10	
518	2.437500e-08	4.497590e-01	3.603165e-01	-8.96835e-10	

Index   time            v(cell)         v(bl)           vpre#branch     
--------------------------------------------------------------------------------
519	2.442500e-08	4.497590e-01	3.657857e-01	-8.42143e-10	
520	2.447500e-08	4.497590e-01	3.709213e-01	-7.90787e-10	
521	2.452500e-08	4.497590e-01	3.757438e-01	-7.42562e-10	
522	2.457500e-08	4.497590e-01	3.802722e-01	-6.97278e-10	
523	2.462500e-08	4.497590e-01	3.845244e-01	-6.54756e-10	
524	2.467500e-08	4.497590e-01	3.885173e-01	-6.14827e-10	
525	2.472500e-08	4.497590e-01	3.922667e-01	-5.77333e-10	
526	2.477500e-08	4.497590e-01	3.957875e-01	-5.42125e-10	
527	2.482500e-08	4.497590e-01	3.990935e-01	-5.09065e-10	
528	2.487500e-08	4.497590e-01	4.021980e-01	-4.78020e-10	
529	2.492500e-08	4.497590e-01	4.051131e-01	-4.48869e-10	
530	2.497500e-08	4.497590e-01	4.078504e-01	-4.21496e-10	
531	2.502500e-08	4.497590e-01	4.104208e-01	-3.95792e-10	
532	2.507500e-08	4.497590e-01	4.128345e-01	-3.71655e-10	
533	2.512500e-08	4.497590e-01	4.151010e-01	-3.48990e-10	
534	2.517500e-08	4.497590e-01	4.172292e-01	-3.27708e-10	
535	2.522500e-08	4.497590e-01	4.192277e-01	-3.07723e-10	
536	2.527500e-08	4.497590e-01	4.211043e-01	-2.88957e-10	
537	2.532500e-08	4.497590e-01	4.228664e-01	-2.71336e-10	
538	2.537500e-08	4.497590e-01	4.245211e-01	-2.54789e-10	
539	2.542500e-08	4.497590e-01	4.260749e-01	-2.39251e-10	
540	2.547500e-08	4.497590e-01	4.275339e-01	-2.24661e-10	
541	2.552500e-08	4.497590e-01	4.289040e-01	-2.10960e-10	
542	2.557500e-08	4.497590e-01	4.301905e-01	-1.98095e-10	
543	2.562500e-08	4.497590e-01	4.313985e-01	-1.86015e-10	
544	2.567500e-08	4.497590e-01	4.325329e-01	-1.74671e-10	
545	2.572500e-08	4.497590e-01	4.335981e-01	-1.64019e-10	
546	2.577500e-08	4.497590e-01	4.345984e-01	-1.54016e-10	
547	2.582500e-08	4.497590e-01	4.355376e-01	-1.44624e-10	
548	2.587500e-08	4.497590e-01	4.364196e-01	-1.35804e-10	
549	2.592500e-08	4.497590e-01	4.372477e-01	-1.27523e-10	
550	2.597500e-08	4.497590e-01	4.380254e-01	-1.19746e-10	
551	2.602500e-08	4.497590e-01	4.387557e-01	-1.12443e-10	
552	2.607500e-08	4.497590e-01	4.394414e-01	-1.05586e-10	
553	2.612500e-08	4.497590e-01	4.400853e-01	-9.91473e-11	
554	2.617500e-08	4.497590e-01	4.406899e-01	-9.31010e-11	
555	2.622500e-08	4.497590e-01	4.412577e-01	-8.74234e-11	
556	2.627500e-08	4.497590e-01	4.417908e-01	-8.20920e-11	
557	2.632500e-08	4.497590e-01	4.422914e-01	-7.70858e-11	
558	2.637500e-08	4.497590e-01	4.427615e-01	-7.23848e-11	
559	2.642500e-08	4.497590e-01	4.432029e-01	-6.79706e-11	
560	2.647500e-08	4.497590e-01	4.436174e-01	-6.38255e-11	
561	2.652500e-08	4.497590e-01	4.440067e-01	-5.99332e-11	
562	2.657500e-08	4.497590e-01	4.443722e-01	-5.62783e-11	
563	2.662500e-08	4.497590e-01	4.447154e-01	-5.28463e-11	
564	2.667500e-08	4.497590e-01	4.450376e-01	-4.96236e-11	
565	2.672500e-08	4.497590e-01	4.453403e-01	-4.65974e-11	
566	2.677500e-08	4.497590e-01	4.456244e-01	-4.37557e-11	
567	2.682500e-08	4.497590e-01	4.458913e-01	-4.10873e-11	
568	2.687500e-08	4.497590e-01	4.461418e-01	-3.85817e-11	
569	2.692500e-08	4.497590e-01	4.463771e-01	-3.62289e-11	
570	2.697500e-08	4.497590e-01	4.465980e-01	-3.40195e-11	
571	2.702500e-08	4.497590e-01	4.468055e-01	-3.19449e-11	
572	2.707500e-08	4.497590e-01	4.470003e-01	-2.99968e-11	
573	2.712500e-08	4.497590e-01	4.471833e-01	-2.81675e-11	
574	2.717500e-08	4.497590e-01	4.473550e-01	-2.64498e-11	
575	2.722500e-08	4.497590e-01	4.475163e-01	-2.48368e-11	
576	2.727500e-08	4.497590e-01	4.476678e-01	-2.33221e-11	

Index   time            v(cell)         v(bl)           vpre#branch     
--------------------------------------------------------------------------------
577	2.732500e-08	4.497590e-01	4.478100e-01	-2.18999e-11	
578	2.737500e-08	4.497590e-01	4.479436e-01	-2.05644e-11	
579	2.742500e-08	4.497590e-01	4.480690e-01	-1.93103e-11	
580	2.747500e-08	4.497590e-01	4.481867e-01	-1.81327e-11	
581	2.752500e-08	4.497590e-01	4.482973e-01	-1.70269e-11	
582	2.757500e-08	4.497590e-01	4.484011e-01	-1.59885e-11	
583	2.762500e-08	4.497590e-01	4.484986e-01	-1.50135e-11	
584	2.767500e-08	4.497590e-01	4.485902e-01	-1.40979e-11	
585	2.772500e-08	4.497590e-01	4.486762e-01	-1.32382e-11	
586	2.777500e-08	4.497590e-01	4.487569e-01	-1.24309e-11	
587	2.782500e-08	4.497590e-01	4.488327e-01	-1.16728e-11	
588	2.787500e-08	4.497590e-01	4.489039e-01	-1.09610e-11	
589	2.792500e-08	4.497590e-01	4.489707e-01	-1.02925e-11	
590	2.797500e-08	4.497590e-01	4.490335e-01	-9.66486e-12	
591	2.802500e-08	4.497590e-01	4.490925e-01	-9.07547e-12	
592	2.807500e-08	4.497590e-01	4.491478e-01	-8.52202e-12	
593	2.812500e-08	4.497590e-01	4.491998e-01	-8.00232e-12	
594	2.817500e-08	4.497590e-01	4.492486e-01	-7.51431e-12	
595	2.822500e-08	4.497590e-01	4.492944e-01	-7.05606e-12	
596	2.827500e-08	4.497590e-01	4.493374e-01	-6.62576e-12	
597	2.832500e-08	4.497590e-01	4.493778e-01	-6.22170e-12	
598	2.837500e-08	4.497590e-01	4.494158e-01	-5.84228e-12	
599	2.842500e-08	4.497590e-01	4.494514e-01	-5.48600e-12	
600	2.847500e-08	4.497590e-01	4.494849e-01	-5.15145e-12	
601	2.852500e-08	4.497590e-01	4.495163e-01	-4.83730e-12	
602	2.857500e-08	4.497590e-01	4.495458e-01	-4.54230e-12	
603	2.862500e-08	4.497590e-01	4.495735e-01	-4.26530e-12	
604	2.867500e-08	4.497590e-01	4.495995e-01	-4.00519e-12	
605	2.872500e-08	4.497590e-01	4.496239e-01	-3.76094e-12	
606	2.877500e-08	4.497590e-01	4.496468e-01	-3.53158e-12	
607	2.882500e-08	4.497590e-01	4.496684e-01	-3.31622e-12	
608	2.887500e-08	4.497590e-01	4.496886e-01	-3.11398e-12	
609	2.892500e-08	4.497590e-01	4.497076e-01	-2.92408e-12	
610	2.897500e-08	4.497590e-01	4.497254e-01	-2.74576e-12	
611	2.902500e-08	4.497590e-01	4.497422e-01	-2.57832e-12	
612	2.907500e-08	4.497590e-01	4.497579e-01	-2.42108e-12	
613	2.912500e-08	4.497590e-01	4.497727e-01	-2.27344e-12	
614	2.917500e-08	4.497590e-01	4.497865e-01	-2.13480e-12	
615	2.922500e-08	4.497590e-01	4.497995e-01	-2.00461e-12	
616	2.927500e-08	4.497590e-01	4.498118e-01	-1.88236e-12	
617	2.932500e-08	4.497590e-01	4.498232e-01	-1.76757e-12	
618	2.937500e-08	4.497590e-01	4.498340e-01	-1.65978e-12	
619	2.942500e-08	4.497590e-01	4.498441e-01	-1.55856e-12	
620	2.947500e-08	4.497590e-01	4.498536e-01	-1.46351e-12	
621	2.952500e-08	4.497590e-01	4.498626e-01	-1.37426e-12	
622	2.957500e-08	4.497590e-01	4.498710e-01	-1.29046e-12	
623	2.962500e-08	4.497590e-01	4.498788e-01	-1.21176e-12	
624	2.967500e-08	4.497590e-01	4.498862e-01	-1.13786e-12	
625	2.972500e-08	4.497590e-01	4.498932e-01	-1.06847e-12	
626	2.977500e-08	4.497590e-01	4.498997e-01	-1.00331e-12	
627	2.982500e-08	4.497590e-01	4.499058e-01	-9.42129e-13	
628	2.987500e-08	4.497590e-01	4.499115e-01	-8.84675e-13	
629	2.992500e-08	4.497590e-01	4.499169e-01	-8.30725e-13	
630	2.997500e-08	4.497590e-01	4.499220e-01	-7.80065e-13	
631	3.002500e-08	4.497590e-01	4.499268e-01	-7.32494e-13	
632	3.007500e-08	4.497590e-01	4.499312e-01	-6.87824e-13	
633	3.012500e-08	4.497590e-01	4.499354e-01	-6.45879e-13	
634	3.017500e-08	4.497590e-01	4.499394e-01	-6.06491e-13	

Index   time            v(cell)         v(bl)           vpre#branch     
--------------------------------------------------------------------------------
635	3.022500e-08	4.497590e-01	4.499430e-01	-5.69505e-13	
636	3.027500e-08	4.497590e-01	4.499465e-01	-5.34775e-13	
637	3.032500e-08	4.497590e-01	4.499498e-01	-5.02163e-13	
638	3.037500e-08	4.497590e-01	4.499528e-01	-4.71539e-13	
639	3.042500e-08	4.497590e-01	4.499557e-01	-4.42783e-13	
640	3.047500e-08	4.497590e-01	4.499584e-01	-4.15781e-13	
641	3.052500e-08	4.497590e-01	4.499610e-01	-3.90425e-13	
642	3.057500e-08	4.497590e-01	4.499633e-01	-3.66616e-13	
643	3.062500e-08	4.497590e-01	4.499656e-01	-3.44259e-13	
644	3.067500e-08	4.497590e-01	4.499677e-01	-3.23265e-13	
645	3.072500e-08	4.497590e-01	4.499696e-01	-3.03551e-13	
646	3.077500e-08	4.497590e-01	4.499715e-01	-2.85040e-13	
647	3.082500e-08	4.497590e-01	4.499732e-01	-2.67657e-13	
648	3.087500e-08	4.497590e-01	4.499749e-01	-2.51334e-13	
649	3.092500e-08	4.497590e-01	4.499764e-01	-2.36007e-13	
650	3.097500e-08	4.497590e-01	4.499778e-01	-2.21615e-13	
651	3.102500e-08	4.497590e-01	4.499792e-01	-2.08100e-13	
652	3.107500e-08	4.497590e-01	4.499805e-01	-1.95410e-13	
653	3.112500e-08	4.497590e-01	4.499817e-01	-1.83493e-13	
654	3.117500e-08	4.497590e-01	4.499828e-01	-1.72303e-13	
655	3.122500e-08	4.497590e-01	4.499838e-01	-1.61795e-13	
656	3.127500e-08	4.497590e-01	4.499848e-01	-1.51929e-13	
657	3.132500e-08	4.497590e-01	4.499857e-01	-1.42664e-13	
658	3.137500e-08	4.497590e-01	4.499866e-01	-1.33963e-13	
659	3.142500e-08	4.497590e-01	4.499874e-01	-1.25794e-13	
660	3.147500e-08	4.497590e-01	4.499882e-01	-1.18123e-13	
661	3.152500e-08	4.497590e-01	4.499889e-01	-1.10919e-13	
662	3.157500e-08	4.497590e-01	4.499896e-01	-1.04155e-13	
663	3.162500e-08	4.497590e-01	4.499902e-01	-9.78034e-14	
664	3.167500e-08	4.497590e-01	4.499908e-01	-9.18390e-14	
665	3.172500e-08	4.497590e-01	4.499914e-01	-8.62384e-14	
666	3.177500e-08	4.497590e-01	4.499919e-01	-8.09794e-14	
667	3.182500e-08	4.497590e-01	4.499924e-01	-7.60410e-14	
668	3.187500e-08	4.497590e-01	4.499929e-01	-7.14038e-14	
669	3.192500e-08	4.497590e-01	4.499933e-01	-6.70494e-14	
670	3.197500e-08	4.497590e-01	4.499937e-01	-6.29606e-14	
671	3.202500e-08	4.497590e-01	4.499941e-01	-5.91210e-14	
672	3.207500e-08	4.497590e-01	4.499944e-01	-5.55157e-14	
673	3.212500e-08	4.497590e-01	4.499948e-01	-5.21302e-14	
674	3.217500e-08	4.497590e-01	4.499951e-01	-4.89512e-14	
675	3.222500e-08	4.497590e-01	4.499954e-01	-4.59660e-14	
676	3.227500e-08	4.497590e-01	4.499957e-01	-4.31629e-14	
677	3.232500e-08	4.497590e-01	4.499959e-01	-4.05307e-14	
678	3.237500e-08	4.497590e-01	4.499962e-01	-3.80590e-14	
679	3.242500e-08	4.497590e-01	4.499964e-01	-3.57381e-14	
680	3.247500e-08	4.497590e-01	4.499966e-01	-3.35587e-14	
681	3.252500e-08	4.497590e-01	4.499968e-01	-3.15122e-14	
682	3.257500e-08	4.497590e-01	4.499970e-01	-2.95905e-14	
683	3.262500e-08	4.497590e-01	4.499972e-01	-2.77860e-14	
684	3.267500e-08	4.497590e-01	4.499974e-01	-2.60916e-14	
685	3.272500e-08	4.497590e-01	4.499975e-01	-2.45004e-14	
686	3.277500e-08	4.497590e-01	4.499977e-01	-2.30064e-14	
687	3.282500e-08	4.497590e-01	4.499978e-01	-2.16034e-14	
688	3.287500e-08	4.497590e-01	4.499980e-01	-2.02860e-14	
689	3.292500e-08	4.497590e-01	4.499981e-01	-1.90489e-14	
690	3.297500e-08	4.497590e-01	4.499982e-01	-1.78873e-14	
691	3.302500e-08	4.497590e-01	4.499983e-01	-1.67965e-14	
692	3.307500e-08	4.497590e-01	4.499984e-01	-1.57722e-14	

Index   time            v(cell)         v(bl)           vpre#branch     
--------------------------------------------------------------------------------
693	3.312500e-08	4.497590e-01	4.499985e-01	-1.48104e-14	
694	3.317500e-08	4.497590e-01	4.499986e-01	-1.39072e-14	
695	3.322500e-08	4.497590e-01	4.499987e-01	-1.30591e-14	
696	3.327500e-08	4.497590e-01	4.499988e-01	-1.22628e-14	
697	3.332500e-08	4.497590e-01	4.499988e-01	-1.15150e-14	
698	3.337500e-08	4.497590e-01	4.499989e-01	-1.08128e-14	
699	3.342500e-08	4.497590e-01	4.499990e-01	-1.01534e-14	
700	3.347500e-08	4.497590e-01	4.499990e-01	-9.53426e-15	
701	3.352500e-08	4.497590e-01	4.499991e-01	-8.95286e-15	
702	3.357500e-08	4.497590e-01	4.499992e-01	-8.40691e-15	
703	3.362500e-08	4.497590e-01	4.499992e-01	-7.89426e-15	
704	3.367500e-08	4.497590e-01	4.499993e-01	-7.41287e-15	
705	3.372500e-08	4.497590e-01	4.499993e-01	-6.96083e-15	
706	3.377500e-08	4.497590e-01	4.499993e-01	-6.53637e-15	
707	3.382500e-08	4.497590e-01	4.499994e-01	-6.13779e-15	
708	3.387500e-08	4.497590e-01	4.499994e-01	-5.76351e-15	
709	3.392500e-08	4.497590e-01	4.499995e-01	-5.41206e-15	
710	3.397500e-08	4.497590e-01	4.499995e-01	-5.08204e-15	
711	3.402500e-08	4.497590e-01	4.499995e-01	-4.77215e-15	
712	3.407500e-08	4.497590e-01	4.499996e-01	-4.48116e-15	
713	3.412500e-08	4.497590e-01	4.499996e-01	-4.20791e-15	
714	3.417500e-08	4.497590e-01	4.499996e-01	-3.95133e-15	
715	3.422500e-08	4.497590e-01	4.499996e-01	-3.71039e-15	
716	3.427500e-08	4.497590e-01	4.499997e-01	-3.48415e-15	
717	3.432500e-08	4.497590e-01	4.499997e-01	-3.27170e-15	
718	3.437500e-08	4.497590e-01	4.499997e-01	-3.07221e-15	
719	3.442500e-08	4.497590e-01	4.499997e-01	-2.88488e-15	
720	3.447500e-08	4.497590e-01	4.499997e-01	-2.70898e-15	
721	3.452500e-08	4.497590e-01	4.499997e-01	-2.54380e-15	
722	3.457500e-08	4.497590e-01	4.499998e-01	-2.38870e-15	
723	3.462500e-08	4.497590e-01	4.499998e-01	-2.24306e-15	
724	3.467500e-08	4.497590e-01	4.499998e-01	-2.10630e-15	
725	3.472500e-08	4.497590e-01	4.499998e-01	-1.97788e-15	
726	3.477500e-08	4.497590e-01	4.499998e-01	-1.85729e-15	
727	3.482500e-08	4.497590e-01	4.499998e-01	-1.74405e-15	
728	3.487500e-08	4.497590e-01	4.499998e-01	-1.63772e-15	
729	3.492500e-08	4.497590e-01	4.499998e-01	-1.53787e-15	
730	3.497500e-08	4.497590e-01	4.499999e-01	-1.44412e-15	
731	3.502500e-08	4.497590e-01	4.499999e-01	-1.35608e-15	
732	3.507500e-08	4.497590e-01	4.499999e-01	-1.27341e-15	
733	3.512500e-08	4.497590e-01	4.499999e-01	-1.19578e-15	
734	3.517500e-08	4.497590e-01	4.499999e-01	-1.12288e-15	
735	3.522500e-08	4.497590e-01	4.499999e-01	-1.05443e-15	
736	3.527500e-08	4.497590e-01	4.499999e-01	-9.90157e-16	
737	3.532500e-08	4.497590e-01	4.499999e-01	-9.29801e-16	
738	3.537500e-08	4.497590e-01	4.499999e-01	-8.73126e-16	
739	3.542500e-08	4.497590e-01	4.499999e-01	-8.19907e-16	
740	3.547500e-08	4.497590e-01	4.499999e-01	-7.69934e-16	
741	3.552500e-08	4.497590e-01	4.499999e-01	-7.23008e-16	
742	3.557500e-08	4.497590e-01	4.499999e-01	-6.78944e-16	
743	3.562500e-08	4.497590e-01	4.499999e-01	-6.37567e-16	
744	3.567500e-08	4.497590e-01	4.499999e-01	-5.98714e-16	
745	3.572500e-08	4.497590e-01	4.499999e-01	-5.62229e-16	
746	3.577500e-08	4.497590e-01	4.499999e-01	-5.27970e-16	
747	3.582500e-08	4.497590e-01	4.500000e-01	-4.95800e-16	
748	3.587500e-08	4.497590e-01	4.500000e-01	-4.65592e-16	
749	3.592500e-08	4.497590e-01	4.500000e-01	-4.37226e-16	
750	3.597500e-08	4.497590e-01	4.500000e-01	-4.10590e-16	

Index   time            v(cell)         v(bl)           vpre#branch     
--------------------------------------------------------------------------------
751	3.602500e-08	4.497590e-01	4.500000e-01	-3.85578e-16	
752	3.607500e-08	4.497590e-01	4.500000e-01	-3.62091e-16	
753	3.612500e-08	4.497590e-01	4.500000e-01	-3.40037e-16	
754	3.617500e-08	4.497590e-01	4.500000e-01	-3.19328e-16	
755	3.622500e-08	4.497590e-01	4.500000e-01	-2.99881e-16	
756	3.627500e-08	4.497590e-01	4.500000e-01	-2.81621e-16	
757	3.632500e-08	4.497590e-01	4.500000e-01	-2.64474e-16	
758	3.637500e-08	4.497590e-01	4.500000e-01	-2.48373e-16	
759	3.642500e-08	4.497590e-01	4.500000e-01	-2.33253e-16	
760	3.647500e-08	4.497590e-01	4.500000e-01	-2.19056e-16	
761	3.652500e-08	4.497590e-01	4.500000e-01	-2.05725e-16	
762	3.657500e-08	4.497590e-01	4.500000e-01	-1.93206e-16	
763	3.662500e-08	4.497590e-01	4.500000e-01	-1.81451e-16	
764	3.667500e-08	4.497590e-01	4.500000e-01	-1.70413e-16	
765	3.672500e-08	4.497590e-01	4.500000e-01	-1.60048e-16	
766	3.677500e-08	4.497590e-01	4.500000e-01	-1.50315e-16	
767	3.682500e-08	4.497590e-01	4.500000e-01	-1.41175e-16	
768	3.687500e-08	4.497590e-01	4.500000e-01	-1.32593e-16	
769	3.692500e-08	4.497590e-01	4.500000e-01	-1.24535e-16	
770	3.697500e-08	4.497590e-01	4.500000e-01	-1.16967e-16	
771	3.702500e-08	4.497590e-01	4.500000e-01	-1.09862e-16	
772	3.707500e-08	4.497590e-01	4.500000e-01	-1.03189e-16	
773	3.712500e-08	4.497590e-01	4.500000e-01	-9.69235e-17	
774	3.717500e-08	4.497590e-01	4.500000e-01	-9.10401e-17	
775	3.722500e-08	4.497590e-01	4.500000e-01	-8.55154e-17	
776	3.727500e-08	4.497590e-01	4.500000e-01	-8.03276e-17	
777	3.732500e-08	4.497590e-01	4.500000e-01	-7.54562e-17	
778	3.737500e-08	4.497590e-01	4.500000e-01	-7.08819e-17	
779	3.742500e-08	4.497590e-01	4.500000e-01	-6.65866e-17	
780	3.747500e-08	4.497590e-01	4.500000e-01	-6.25531e-17	
781	3.752500e-08	4.497590e-01	4.500000e-01	-5.87657e-17	
782	3.757500e-08	4.497590e-01	4.500000e-01	-5.52092e-17	
783	3.762500e-08	4.497590e-01	4.500000e-01	-5.18696e-17	
784	3.767500e-08	4.497590e-01	4.500000e-01	-4.87337e-17	
785	3.772500e-08	4.497590e-01	4.500000e-01	-4.57890e-17	
786	3.777500e-08	4.497590e-01	4.500000e-01	-4.30239e-17	
787	3.782500e-08	4.497590e-01	4.500000e-01	-4.04274e-17	
788	3.787500e-08	4.497590e-01	4.500000e-01	-3.79893e-17	
789	3.792500e-08	4.497590e-01	4.500000e-01	-3.56998e-17	
790	3.797500e-08	4.497590e-01	4.500000e-01	-3.35500e-17	
791	3.802500e-08	4.497590e-01	4.500000e-01	-3.15312e-17	
792	3.807500e-08	4.497590e-01	4.500000e-01	-2.96356e-17	
793	3.812500e-08	4.497590e-01	4.500000e-01	-2.78556e-17	
794	3.817500e-08	4.497590e-01	4.500000e-01	-2.61841e-17	
795	3.822500e-08	4.497590e-01	4.500000e-01	-2.46146e-17	
796	3.827500e-08	4.497590e-01	4.500000e-01	-2.31407e-17	
797	3.832500e-08	4.497590e-01	4.500000e-01	-2.17568e-17	
798	3.837500e-08	4.497590e-01	4.500000e-01	-2.04572e-17	
799	3.842500e-08	4.497590e-01	4.500000e-01	-1.92369e-17	
800	3.847500e-08	4.497590e-01	4.500000e-01	-1.80910e-17	
801	3.852500e-08	4.497590e-01	4.500000e-01	-1.70150e-17	
802	3.857500e-08	4.497590e-01	4.500000e-01	-1.60047e-17	
803	3.862500e-08	4.497590e-01	4.500000e-01	-1.50559e-17	
804	3.867500e-08	4.497590e-01	4.500000e-01	-1.41650e-17	
805	3.872500e-08	4.497590e-01	4.500000e-01	-1.33284e-17	
806	3.877500e-08	4.497590e-01	4.500000e-01	-1.25428e-17	
807	3.882500e-08	4.497590e-01	4.500000e-01	-1.18052e-17	
808	3.887500e-08	4.497590e-01	4.500000e-01	-1.11125e-17	

Index   time            v(cell)         v(bl)           vpre#branch     
--------------------------------------------------------------------------------
809	3.892500e-08	4.497590e-01	4.500000e-01	-1.04621e-17	
810	3.897500e-08	4.497590e-01	4.500000e-01	-9.85132e-18	
811	3.902500e-08	4.497590e-01	4.500000e-01	-9.27780e-18	
812	3.907500e-08	4.497590e-01	4.500000e-01	-8.73926e-18	
813	3.912500e-08	4.497590e-01	4.500000e-01	-8.23356e-18	
814	3.917500e-08	4.497590e-01	4.500000e-01	-7.75870e-18	
815	3.922500e-08	4.497590e-01	4.500000e-01	-7.31279e-18	
816	3.927500e-08	4.497590e-01	4.500000e-01	-6.89408e-18	
817	3.932500e-08	4.497590e-01	4.500000e-01	-6.50091e-18	
818	3.937500e-08	4.497590e-01	4.500000e-01	-6.13171e-18	
819	3.942500e-08	4.497590e-01	4.500000e-01	-5.78502e-18	
820	3.947500e-08	4.497590e-01	4.500000e-01	-5.45948e-18	
821	3.952500e-08	4.497590e-01	4.500000e-01	-5.15379e-18	
822	3.957500e-08	4.497590e-01	4.500000e-01	-4.86674e-18	
823	3.962500e-08	4.497590e-01	4.500000e-01	-4.59720e-18	
824	3.967500e-08	4.497590e-01	4.500000e-01	-4.34409e-18	
825	3.972500e-08	4.497590e-01	4.500000e-01	-4.10642e-18	
826	3.977500e-08	4.497590e-01	4.500000e-01	-3.88324e-18	
827	3.982500e-08	4.497590e-01	4.500000e-01	-3.67368e-18	
828	3.987500e-08	4.497590e-01	4.500000e-01	-3.47689e-18	
829	3.992500e-08	4.497590e-01	4.500000e-01	-3.29211e-18	
830	3.996250e-08	4.497590e-01	4.500000e-01	-3.16093e-18	
831	4.000000e-08	4.497590e-01	4.500000e-01	-3.03613e-18	


Total analysis time (seconds) = 0.668659

Total elapsed time (seconds) = 0.682 

Total DRAM available = 386307.215 MB.
DRAM currently available = 20532.066 MB.
Maximum ngspice program size =  529.723 MB.
Current ngspice program size =   14.145 MB.

Shared ngspice pages =   12.312 MB.
Text (code) pages =    6.266 MB.
Stack = 0 bytes.
Library pages =   59.141 MB.

