
Note: No compatibility mode selected!


Circuit: * id-vg sweep vds=0.9000v

Doing analysis at TEMP = 85.000000 and TNOM = 27.000000

Using SPARSE 1.3 as Direct Linear Solver

No. of Data Rows : 201

  Measurements for DC Analysis

ion                 =  -2.16384e-06 at=  9.00000e-01
ioff                =  -2.23381e-12

                           * id-vg sweep vds=0.9000v
                           DC transfer characteristic  Tue Jun 23 16:38:30  2026
--------------------------------------------------------------------------------
Index   v-sweep         vd#branch       
--------------------------------------------------------------------------------
0	0.000000e+00	-2.23381e-12	
1	4.500000e-03	-2.43496e-12	
2	9.000000e-03	-2.66441e-12	
3	1.350000e-02	-2.91547e-12	
4	1.800000e-02	-3.19018e-12	
5	2.250000e-02	-3.49079e-12	
6	2.700000e-02	-3.81971e-12	
7	3.150000e-02	-4.17963e-12	
8	3.600000e-02	-4.57347e-12	
9	4.050000e-02	-5.00441e-12	
10	4.500000e-02	-5.47596e-12	
11	4.950000e-02	-5.99194e-12	
12	5.400000e-02	-6.55654e-12	
13	5.850000e-02	-7.17433e-12	
14	6.300000e-02	-7.85034e-12	
15	6.750000e-02	-8.59004e-12	
16	7.200000e-02	-9.39943e-12	
17	7.650000e-02	-1.02851e-11	
18	8.100000e-02	-1.12542e-11	
19	8.550000e-02	-1.23146e-11	
20	9.000000e-02	-1.34749e-11	
21	9.450000e-02	-1.47446e-11	
22	9.900000e-02	-1.61338e-11	
23	1.035000e-01	-1.76540e-11	
24	1.080000e-01	-1.93173e-11	
25	1.125000e-01	-2.11374e-11	
26	1.170000e-01	-2.31289e-11	
27	1.215000e-01	-2.53081e-11	
28	1.260000e-01	-2.76926e-11	
29	1.305000e-01	-3.03016e-11	
30	1.350000e-01	-3.31565e-11	
31	1.395000e-01	-3.62803e-11	
32	1.440000e-01	-3.96983e-11	
33	1.485000e-01	-4.34383e-11	
34	1.530000e-01	-4.75305e-11	
35	1.575000e-01	-5.20082e-11	
36	1.620000e-01	-5.69075e-11	
37	1.665000e-01	-6.22683e-11	
38	1.710000e-01	-6.81340e-11	
39	1.755000e-01	-7.45519e-11	
40	1.800000e-01	-8.15742e-11	
41	1.845000e-01	-8.92577e-11	
42	1.890000e-01	-9.76645e-11	
43	1.935000e-01	-1.06863e-10	
44	1.980000e-01	-1.16927e-10	
45	2.025000e-01	-1.27938e-10	
46	2.070000e-01	-1.39986e-10	
47	2.115000e-01	-1.53167e-10	
48	2.160000e-01	-1.67589e-10	
49	2.205000e-01	-1.83367e-10	
50	2.250000e-01	-2.00630e-10	
51	2.295000e-01	-2.19515e-10	
52	2.340000e-01	-2.40177e-10	
53	2.385000e-01	-2.62781e-10	
54	2.430000e-01	-2.87510e-10	

Index   v-sweep         vd#branch       
--------------------------------------------------------------------------------
55	2.475000e-01	-3.14562e-10	
56	2.520000e-01	-3.44156e-10	
57	2.565000e-01	-3.77965e-10	
58	2.610000e-01	-4.13512e-10	
59	2.655000e-01	-4.52395e-10	
60	2.700000e-01	-4.94925e-10	
61	2.745000e-01	-5.41444e-10	
62	2.790000e-01	-5.92324e-10	
63	2.835000e-01	-6.47970e-10	
64	2.880000e-01	-7.08826e-10	
65	2.925000e-01	-7.75378e-10	
66	2.970000e-01	-8.48154e-10	
67	3.015000e-01	-9.27732e-10	
68	3.060000e-01	-1.01474e-09	
69	3.105000e-01	-1.10987e-09	
70	3.150000e-01	-1.21386e-09	
71	3.195000e-01	-1.32755e-09	
72	3.240000e-01	-1.45180e-09	
73	3.285000e-01	-1.58761e-09	
74	3.330000e-01	-1.73601e-09	
75	3.375000e-01	-1.89818e-09	
76	3.420000e-01	-2.07534e-09	
77	3.465000e-01	-2.26888e-09	
78	3.510000e-01	-2.48026e-09	
79	3.555000e-01	-2.71110e-09	
80	3.600000e-01	-2.96313e-09	
81	3.645000e-01	-3.23827e-09	
82	3.690000e-01	-3.53855e-09	
83	3.735000e-01	-3.86621e-09	
84	3.780000e-01	-4.22365e-09	
85	3.825000e-01	-4.61349e-09	
86	3.870000e-01	-5.03852e-09	
87	3.915000e-01	-5.50180e-09	
88	3.960000e-01	-6.00660e-09	
89	4.005000e-01	-6.55645e-09	
90	4.050000e-01	-7.15516e-09	
91	4.095000e-01	-7.80679e-09	
92	4.140000e-01	-8.51573e-09	
93	4.185000e-01	-9.28668e-09	
94	4.230000e-01	-1.01247e-08	
95	4.275000e-01	-1.10350e-08	
96	4.320000e-01	-1.20236e-08	
97	4.365000e-01	-1.30963e-08	
98	4.410000e-01	-1.42598e-08	
99	4.455000e-01	-1.55210e-08	
100	4.500000e-01	-1.68871e-08	
101	4.545000e-01	-1.83661e-08	
102	4.590000e-01	-1.99660e-08	
103	4.635000e-01	-2.16956e-08	
104	4.680000e-01	-2.35641e-08	
105	4.725000e-01	-2.55812e-08	
106	4.770000e-01	-2.77572e-08	
107	4.815000e-01	-3.01026e-08	
108	4.860000e-01	-3.26291e-08	
109	4.905000e-01	-3.53483e-08	
110	4.950000e-01	-3.82729e-08	
111	4.995000e-01	-4.14161e-08	
112	5.040000e-01	-4.47916e-08	

Index   v-sweep         vd#branch       
--------------------------------------------------------------------------------
113	5.085000e-01	-4.84140e-08	
114	5.130000e-01	-5.22984e-08	
115	5.175000e-01	-5.64607e-08	
116	5.220000e-01	-6.09174e-08	
117	5.265000e-01	-6.56858e-08	
118	5.310000e-01	-7.07838e-08	
119	5.355000e-01	-7.62298e-08	
120	5.400000e-01	-8.20429e-08	
121	5.445000e-01	-8.82425e-08	
122	5.490000e-01	-9.48486e-08	
123	5.535000e-01	-1.01881e-07	
124	5.580000e-01	-1.09361e-07	
125	5.625000e-01	-1.17307e-07	
126	5.670000e-01	-1.25740e-07	
127	5.715000e-01	-1.34679e-07	
128	5.760000e-01	-1.44144e-07	
129	5.805000e-01	-1.54152e-07	
130	5.850000e-01	-1.64721e-07	
131	5.895000e-01	-1.75867e-07	
132	5.940000e-01	-1.87605e-07	
133	5.985000e-01	-1.99949e-07	
134	6.030000e-01	-2.12910e-07	
135	6.075000e-01	-2.26500e-07	
136	6.120000e-01	-2.40726e-07	
137	6.165000e-01	-2.55596e-07	
138	6.210000e-01	-2.71115e-07	
139	6.255000e-01	-2.87285e-07	
140	6.300000e-01	-3.04110e-07	
141	6.345000e-01	-3.21588e-07	
142	6.390000e-01	-3.39392e-07	
143	6.435000e-01	-3.58171e-07	
144	6.480000e-01	-3.77594e-07	
145	6.525000e-01	-3.97654e-07	
146	6.570000e-01	-4.18345e-07	
147	6.615000e-01	-4.39656e-07	
148	6.660000e-01	-4.61580e-07	
149	6.705000e-01	-4.84104e-07	
150	6.750000e-01	-5.07219e-07	
151	6.795000e-01	-5.30913e-07	
152	6.840000e-01	-5.55172e-07	
153	6.885000e-01	-5.79986e-07	
154	6.930000e-01	-6.05340e-07	
155	6.975000e-01	-6.31223e-07	
156	7.020000e-01	-6.57621e-07	
157	7.065000e-01	-6.84520e-07	
158	7.110000e-01	-7.11909e-07	
159	7.155000e-01	-7.39773e-07	
160	7.200000e-01	-7.68100e-07	
161	7.245000e-01	-7.96877e-07	
162	7.290000e-01	-8.26092e-07	
163	7.335000e-01	-8.55732e-07	
164	7.380000e-01	-8.85785e-07	
165	7.425000e-01	-9.16240e-07	
166	7.470000e-01	-9.47084e-07	
167	7.515000e-01	-9.78307e-07	
168	7.560000e-01	-1.00990e-06	
169	7.605000e-01	-1.04185e-06	
170	7.650000e-01	-1.07414e-06	

Index   v-sweep         vd#branch       
--------------------------------------------------------------------------------
171	7.695000e-01	-1.10677e-06	
172	7.740000e-01	-1.13973e-06	
173	7.785000e-01	-1.17300e-06	
174	7.830000e-01	-1.20658e-06	
175	7.875000e-01	-1.24046e-06	
176	7.920000e-01	-1.27464e-06	
177	7.965000e-01	-1.30909e-06	
178	8.010000e-01	-1.34382e-06	
179	8.055000e-01	-1.37881e-06	
180	8.100000e-01	-1.41406e-06	
181	8.145000e-01	-1.44957e-06	
182	8.190000e-01	-1.48531e-06	
183	8.235000e-01	-1.52130e-06	
184	8.280000e-01	-1.55752e-06	
185	8.325000e-01	-1.59396e-06	
186	8.370000e-01	-1.63062e-06	
187	8.415000e-01	-1.66749e-06	
188	8.460000e-01	-1.70457e-06	
189	8.505000e-01	-1.74185e-06	
190	8.550000e-01	-1.77933e-06	
191	8.595000e-01	-1.81700e-06	
192	8.640000e-01	-1.85485e-06	
193	8.685000e-01	-1.89289e-06	
194	8.730000e-01	-1.93110e-06	
195	8.775000e-01	-1.96948e-06	
196	8.820000e-01	-2.00803e-06	
197	8.865000e-01	-2.04675e-06	
198	8.910000e-01	-2.08563e-06	
199	8.955000e-01	-2.12466e-06	
200	9.000000e-01	-2.16384e-06	


Total analysis time (seconds) = 0.262227

Total elapsed time (seconds) = 0.270 

Total DRAM available = 386307.215 MB.
DRAM currently available = 21820.406 MB.
Maximum ngspice program size =  529.719 MB.
Current ngspice program size =   14.117 MB.

Shared ngspice pages =   12.352 MB.
Text (code) pages =    6.266 MB.
Stack = 0 bytes.
Library pages =   59.137 MB.

