
Note: No compatibility mode selected!


Circuit: * wl switching transient

Doing analysis at TEMP = 85.000000 and TNOM = 27.000000

Using SPARSE 1.3 as Direct Linear Solver

Initial Transient Solution
--------------------------

Node                                   Voltage
----                                   -------
d                                         0.45
g                                            0
s                                            0
vg#branch                                    0
vd#branch                          -8.1366e-13
vs#branch                           8.1366e-13


No. of Data Rows : 217
                            * wl switching transient
                            Transient Analysis  Tue Jun 23 21:14:43  2026
--------------------------------------------------------------------------------
Index   time            v(g)            vg#branch       
--------------------------------------------------------------------------------
0	0.000000e+00	0.000000e+00	0.000000e+00	
1	1.000000e-12	0.000000e+00	-2.39614e-22	
2	2.000000e-12	0.000000e+00	1.030935e-21	
3	4.000000e-12	0.000000e+00	-1.08665e-21	
4	8.000000e-12	0.000000e+00	2.421292e-21	
5	1.600000e-11	0.000000e+00	-1.96573e-21	
6	3.200000e-11	0.000000e+00	1.981751e-21	
7	6.400000e-11	0.000000e+00	-1.81492e-21	
8	1.280000e-10	0.000000e+00	1.845397e-21	
9	2.280000e-10	0.000000e+00	-1.79468e-21	
10	3.280000e-10	0.000000e+00	1.831681e-21	
11	4.280000e-10	0.000000e+00	-1.79468e-21	
12	5.280000e-10	0.000000e+00	1.831681e-21	
13	6.280000e-10	0.000000e+00	-1.79468e-21	
14	7.280000e-10	0.000000e+00	1.831681e-21	
15	8.280000e-10	0.000000e+00	-1.79468e-21	
16	9.140000e-10	0.000000e+00	1.812840e-21	
17	1.000000e-09	0.000000e+00	-1.77382e-21	
18	1.010000e-09	9.000000e-03	-1.42498e-08	
19	1.030000e-09	2.700000e-02	-1.43650e-08	
20	1.070000e-09	6.300000e-02	-1.42505e-08	
21	1.150000e-09	1.350000e-01	-1.43646e-08	
22	1.250000e-09	2.250000e-01	-1.42510e-08	
23	1.350000e-09	3.150000e-01	-1.43667e-08	
24	1.450000e-09	4.050000e-01	-1.42656e-08	
25	1.550000e-09	4.950000e-01	-1.44556e-08	
26	1.650000e-09	5.850000e-01	-1.47323e-08	
27	1.750000e-09	6.750000e-01	-1.58729e-08	
28	1.850000e-09	7.650000e-01	-1.65611e-08	
29	1.925000e-09	8.325000e-01	-1.70008e-08	
30	2.000000e-09	9.000000e-01	-1.71555e-08	
31	2.010000e-09	9.000000e-01	-8.36983e-11	
32	2.030000e-09	9.000000e-01	8.287810e-11	
33	2.070000e-09	9.000000e-01	-8.24709e-11	
34	2.150000e-09	9.000000e-01	8.226800e-11	
35	2.250000e-09	9.000000e-01	-8.21061e-11	
36	2.350000e-09	9.000000e-01	8.194445e-11	
37	2.450000e-09	9.000000e-01	-8.17832e-11	
38	2.550000e-09	9.000000e-01	8.162219e-11	
39	2.650000e-09	9.000000e-01	-8.14615e-11	
40	2.750000e-09	9.000000e-01	8.130119e-11	
41	2.850000e-09	9.000000e-01	-8.11412e-11	
42	2.950000e-09	9.000000e-01	8.098147e-11	
43	3.050000e-09	9.000000e-01	-8.08221e-11	
44	3.150000e-09	9.000000e-01	8.066300e-11	
45	3.250000e-09	9.000000e-01	-8.05042e-11	
46	3.350000e-09	9.000000e-01	8.034579e-11	
47	3.450000e-09	9.000000e-01	-8.01877e-11	
48	3.550000e-09	9.000000e-01	8.002984e-11	
49	3.650000e-09	9.000000e-01	-7.98723e-11	
50	3.750000e-09	9.000000e-01	7.971513e-11	
51	3.850000e-09	9.000000e-01	-7.95582e-11	
52	3.950000e-09	9.000000e-01	7.940167e-11	
53	4.050000e-09	9.000000e-01	-7.92454e-11	
54	4.150000e-09	9.000000e-01	7.908944e-11	

Index   time            v(g)            vg#branch       
--------------------------------------------------------------------------------
55	4.250000e-09	9.000000e-01	-7.89338e-11	
56	4.350000e-09	9.000000e-01	7.877845e-11	
57	4.450000e-09	9.000000e-01	-7.86234e-11	
58	4.550000e-09	9.000000e-01	7.846868e-11	
59	4.650000e-09	9.000000e-01	-7.83143e-11	
60	4.750000e-09	9.000000e-01	7.816014e-11	
61	4.850000e-09	9.000000e-01	-7.80063e-11	
62	4.950000e-09	9.000000e-01	7.785282e-11	
63	5.050000e-09	9.000000e-01	-7.76996e-11	
64	5.150000e-09	9.000000e-01	7.754671e-11	
65	5.250000e-09	9.000000e-01	-7.73941e-11	
66	5.350000e-09	9.000000e-01	7.724180e-11	
67	5.450000e-09	9.000000e-01	-7.70898e-11	
68	5.550000e-09	9.000000e-01	7.693810e-11	
69	5.650000e-09	9.000000e-01	-7.67867e-11	
70	5.750000e-09	9.000000e-01	7.663560e-11	
71	5.850000e-09	9.000000e-01	-7.64848e-11	
72	5.950000e-09	9.000000e-01	7.633430e-11	
73	6.050000e-09	9.000000e-01	-7.61841e-11	
74	6.150000e-09	9.000000e-01	7.603418e-11	
75	6.250000e-09	9.000000e-01	-7.58846e-11	
76	6.350000e-09	9.000000e-01	7.573525e-11	
77	6.450000e-09	9.000000e-01	-7.55862e-11	
78	6.550000e-09	9.000000e-01	7.543750e-11	
79	6.650000e-09	9.000000e-01	-7.52891e-11	
80	6.750000e-09	9.000000e-01	7.514092e-11	
81	6.850000e-09	9.000000e-01	-7.49931e-11	
82	6.950000e-09	9.000000e-01	7.484551e-11	
83	7.050000e-09	9.000000e-01	-7.46982e-11	
84	7.150000e-09	9.000000e-01	7.455128e-11	
85	7.250000e-09	9.000000e-01	-7.44046e-11	
86	7.350000e-09	9.000000e-01	7.425820e-11	
87	7.450000e-09	9.000000e-01	-7.41121e-11	
88	7.550000e-09	9.000000e-01	7.396628e-11	
89	7.650000e-09	9.000000e-01	-7.38207e-11	
90	7.750000e-09	9.000000e-01	7.367551e-11	
91	7.850000e-09	9.000000e-01	-7.35306e-11	
92	7.950000e-09	9.000000e-01	7.338589e-11	
93	8.050000e-09	9.000000e-01	-7.32415e-11	
94	8.150000e-09	9.000000e-01	7.309741e-11	
95	8.250000e-09	9.000000e-01	-7.29536e-11	
96	8.350000e-09	9.000000e-01	7.281007e-11	
97	8.450000e-09	9.000000e-01	-7.26668e-11	
98	8.550000e-09	9.000000e-01	7.252386e-11	
99	8.650000e-09	9.000000e-01	-7.23812e-11	
100	8.750000e-09	9.000000e-01	7.223879e-11	
101	8.850000e-09	9.000000e-01	-7.20967e-11	
102	8.950000e-09	9.000000e-01	7.195484e-11	
103	9.050000e-09	9.000000e-01	-7.18133e-11	
104	9.150000e-09	9.000000e-01	7.167201e-11	
105	9.250000e-09	9.000000e-01	-7.15310e-11	
106	9.350000e-09	9.000000e-01	7.139029e-11	
107	9.450000e-09	9.000000e-01	-7.12499e-11	
108	9.550000e-09	9.000000e-01	7.110969e-11	
109	9.650000e-09	9.000000e-01	-7.09698e-11	
110	9.750000e-09	9.000000e-01	7.083020e-11	
111	9.850000e-09	9.000000e-01	-7.06909e-11	
112	9.925000e-09	9.000000e-01	7.050551e-11	

Index   time            v(g)            vg#branch       
--------------------------------------------------------------------------------
113	1.000000e-08	9.000000e-01	-7.03207e-11	
114	1.001000e-08	9.000000e-01	-3.44456e-13	
115	1.003000e-08	9.000000e-01	3.410677e-13	
116	1.007000e-08	9.000000e-01	-3.39386e-13	
117	1.015000e-08	9.000000e-01	3.385484e-13	
118	1.025000e-08	9.000000e-01	-3.37880e-13	
119	1.035000e-08	9.000000e-01	3.372124e-13	
120	1.045000e-08	9.000000e-01	-3.36546e-13	
121	1.055000e-08	9.000000e-01	3.358817e-13	
122	1.065000e-08	9.000000e-01	-3.35218e-13	
123	1.075000e-08	9.000000e-01	3.345563e-13	
124	1.085000e-08	9.000000e-01	-3.33896e-13	
125	1.095000e-08	9.000000e-01	3.332361e-13	
126	1.105000e-08	9.000000e-01	-3.32578e-13	
127	1.115000e-08	9.000000e-01	3.319211e-13	
128	1.125000e-08	9.000000e-01	-3.31266e-13	
129	1.135000e-08	9.000000e-01	3.306114e-13	
130	1.145000e-08	9.000000e-01	-3.29958e-13	
131	1.155000e-08	9.000000e-01	3.293068e-13	
132	1.165000e-08	9.000000e-01	-3.28656e-13	
133	1.175000e-08	9.000000e-01	3.280074e-13	
134	1.185000e-08	9.000000e-01	-3.27360e-13	
135	1.195000e-08	9.000000e-01	3.267132e-13	
136	1.205000e-08	9.000000e-01	-3.26068e-13	
137	1.215000e-08	9.000000e-01	3.254241e-13	
138	1.225000e-08	9.000000e-01	-3.24781e-13	
139	1.235000e-08	9.000000e-01	3.241401e-13	
140	1.245000e-08	9.000000e-01	-3.23500e-13	
141	1.255000e-08	9.000000e-01	3.228611e-13	
142	1.265000e-08	9.000000e-01	-3.22224e-13	
143	1.275000e-08	9.000000e-01	3.215873e-13	
144	1.285000e-08	9.000000e-01	-3.20952e-13	
145	1.295000e-08	9.000000e-01	3.203184e-13	
146	1.305000e-08	9.000000e-01	-3.19686e-13	
147	1.315000e-08	9.000000e-01	3.190546e-13	
148	1.325000e-08	9.000000e-01	-3.18425e-13	
149	1.335000e-08	9.000000e-01	3.177958e-13	
150	1.345000e-08	9.000000e-01	-3.17168e-13	
151	1.355000e-08	9.000000e-01	3.165420e-13	
152	1.365000e-08	9.000000e-01	-3.15917e-13	
153	1.375000e-08	9.000000e-01	3.152932e-13	
154	1.385000e-08	9.000000e-01	-3.14671e-13	
155	1.395000e-08	9.000000e-01	3.140493e-13	
156	1.405000e-08	9.000000e-01	-3.13429e-13	
157	1.415000e-08	9.000000e-01	3.128103e-13	
158	1.425000e-08	9.000000e-01	-3.12193e-13	
159	1.435000e-08	9.000000e-01	3.115762e-13	
160	1.445000e-08	9.000000e-01	-3.10961e-13	
161	1.455000e-08	9.000000e-01	3.103470e-13	
162	1.465000e-08	9.000000e-01	-3.09734e-13	
163	1.475000e-08	9.000000e-01	3.091227e-13	
164	1.485000e-08	9.000000e-01	-3.08512e-13	
165	1.495000e-08	9.000000e-01	3.079032e-13	
166	1.505000e-08	9.000000e-01	-3.07295e-13	
167	1.515000e-08	9.000000e-01	3.066886e-13	
168	1.525000e-08	9.000000e-01	-3.06083e-13	
169	1.535000e-08	9.000000e-01	3.054787e-13	
170	1.545000e-08	9.000000e-01	-3.04876e-13	

Index   time            v(g)            vg#branch       
--------------------------------------------------------------------------------
171	1.555000e-08	9.000000e-01	3.042737e-13	
172	1.565000e-08	9.000000e-01	-3.03673e-13	
173	1.575000e-08	9.000000e-01	3.030734e-13	
174	1.585000e-08	9.000000e-01	-3.02475e-13	
175	1.595000e-08	9.000000e-01	3.018779e-13	
176	1.605000e-08	9.000000e-01	-3.01282e-13	
177	1.615000e-08	9.000000e-01	3.006871e-13	
178	1.625000e-08	9.000000e-01	-3.00093e-13	
179	1.635000e-08	9.000000e-01	2.995010e-13	
180	1.645000e-08	9.000000e-01	-2.98910e-13	
181	1.655000e-08	9.000000e-01	2.983196e-13	
182	1.665000e-08	9.000000e-01	-2.97731e-13	
183	1.675000e-08	9.000000e-01	2.971429e-13	
184	1.685000e-08	9.000000e-01	-2.96556e-13	
185	1.695000e-08	9.000000e-01	2.959709e-13	
186	1.705000e-08	9.000000e-01	-2.95387e-13	
187	1.715000e-08	9.000000e-01	2.948034e-13	
188	1.725000e-08	9.000000e-01	-2.94221e-13	
189	1.735000e-08	9.000000e-01	2.936406e-13	
190	1.745000e-08	9.000000e-01	-2.93061e-13	
191	1.755000e-08	9.000000e-01	2.924825e-13	
192	1.765000e-08	9.000000e-01	-2.91905e-13	
193	1.775000e-08	9.000000e-01	2.913289e-13	
194	1.785000e-08	9.000000e-01	-2.90754e-13	
195	1.795000e-08	9.000000e-01	2.901798e-13	
196	1.805000e-08	9.000000e-01	-2.89607e-13	
197	1.815000e-08	9.000000e-01	2.890353e-13	
198	1.825000e-08	9.000000e-01	-2.88465e-13	
199	1.835000e-08	9.000000e-01	2.878954e-13	
200	1.845000e-08	9.000000e-01	-2.87327e-13	
201	1.855000e-08	9.000000e-01	2.867599e-13	
202	1.865000e-08	9.000000e-01	-2.86194e-13	
203	1.875000e-08	9.000000e-01	2.856290e-13	
204	1.885000e-08	9.000000e-01	-2.85065e-13	
205	1.895000e-08	9.000000e-01	2.845025e-13	
206	1.905000e-08	9.000000e-01	-2.83941e-13	
207	1.915000e-08	9.000000e-01	2.833805e-13	
208	1.925000e-08	9.000000e-01	-2.82821e-13	
209	1.935000e-08	9.000000e-01	2.822629e-13	
210	1.945000e-08	9.000000e-01	-2.81706e-13	
211	1.955000e-08	9.000000e-01	2.811497e-13	
212	1.965000e-08	9.000000e-01	-2.80595e-13	
213	1.975000e-08	9.000000e-01	2.800410e-13	
214	1.985000e-08	9.000000e-01	-2.79488e-13	
215	1.992500e-08	9.000000e-01	2.787530e-13	
216	2.000000e-08	9.000000e-01	-2.78020e-13	


Total analysis time (seconds) = 0.0657718

Total elapsed time (seconds) = 0.074 

Total DRAM available = 386307.215 MB.
DRAM currently available = 12621.594 MB.
Maximum ngspice program size =  529.723 MB.
Current ngspice program size =   14.168 MB.

Shared ngspice pages =   12.410 MB.
Text (code) pages =    6.266 MB.
Stack = 0 bytes.
Library pages =   59.141 MB.

