
Note: No compatibility mode selected!


Circuit: * 1t1c ccell=30.0ff

Doing analysis at TEMP = -40.000000 and TNOM = 27.000000

Using SPARSE 1.3 as Direct Linear Solver

Initial Transient Solution
--------------------------

Node                                   Voltage
----                                   -------
pre                                       0.45
bl                                        0.45
wl                                           0
plate                                        0
s                                            0
cell                                         0
vs#branch                                    0
vpl#branch                                   0
vwl#branch                                   0
vpre#branch                                  0


No. of Data Rows : 832

  Measurements for Transient Analysis

t_write             =  1.90024e-09
t_read              =  2.25100e-08
i_hold              =  -3.19882e-11 from=  2.50000e-08 to=  3.50250e-08
q_read              =   3.99440e-18 from=  1.20000e-08 to=  2.20000e-08

                              * 1t1c ccell=30.0ff
                              Transient Analysis  Tue Jun 23 21:19:09  2026
--------------------------------------------------------------------------------
Index   time            v(cell)         v(bl)           vpre#branch     
--------------------------------------------------------------------------------
0	0.000000e+00	0.000000e+00	4.500000e-01	0.000000e+00	
1	5.000000e-13	4.783471e-16	4.500000e-01	-1.90913e-20	
2	1.000000e-12	9.566876e-16	4.500000e-01	-3.71255e-20	
3	2.000000e-12	1.913368e-15	4.500000e-01	-7.31525e-20	
4	4.000000e-12	3.826728e-15	4.500000e-01	-1.45059e-19	
5	8.000000e-12	7.653449e-15	4.500000e-01	-2.88342e-19	
6	1.600000e-11	1.530689e-14	4.500000e-01	-5.72768e-19	
7	3.200000e-11	3.061378e-14	4.500000e-01	-1.13313e-18	
8	6.400000e-11	6.122754e-14	4.500000e-01	-2.22094e-18	
9	1.140000e-10	1.090616e-13	4.500000e-01	-3.83586e-18	
10	1.640000e-10	1.568956e-13	4.500000e-01	-5.35098e-18	
11	2.140000e-10	2.047296e-13	4.500000e-01	-6.77371e-18	
12	2.640000e-10	2.525636e-13	4.500000e-01	-8.10968e-18	
13	3.140000e-10	3.003976e-13	4.500000e-01	-9.36334e-18	
14	3.640000e-10	3.482316e-13	4.500000e-01	-1.05406e-17	
15	4.140000e-10	3.960656e-13	4.500000e-01	-1.16468e-17	
16	4.640000e-10	4.438997e-13	4.500000e-01	-1.26864e-17	
17	5.140000e-10	4.917337e-13	4.500000e-01	-1.36626e-17	
18	5.640000e-10	5.395677e-13	4.500000e-01	-1.45793e-17	
19	6.140000e-10	5.874017e-13	4.500000e-01	-1.54401e-17	
20	6.640000e-10	6.352357e-13	4.500000e-01	-1.62484e-17	
21	7.140000e-10	6.830697e-13	4.500000e-01	-1.70074e-17	
22	7.640000e-10	7.309037e-13	4.500000e-01	-1.77201e-17	
23	8.140000e-10	7.787377e-13	4.500000e-01	-1.83893e-17	
24	8.640000e-10	8.265718e-13	4.500000e-01	-1.90169e-17	
25	9.140000e-10	8.744058e-13	4.500000e-01	-1.96063e-17	
26	9.570000e-10	9.155430e-13	4.500000e-01	-2.00843e-17	
27	1.000000e-09	9.566803e-13	4.500000e-01	-2.05374e-17	
28	1.005000e-09	4.498815e-03	4.500000e-01	-2.05604e-17	
29	1.015000e-09	1.349643e-02	4.500000e-01	-2.05600e-17	
30	1.035000e-09	3.149166e-02	4.500000e-01	-2.03395e-17	
31	1.075000e-09	6.748213e-02	4.500000e-01	-1.97577e-17	
32	1.125000e-09	1.124702e-01	4.500000e-01	-1.91787e-17	
33	1.175000e-09	1.574583e-01	4.500000e-01	-1.86119e-17	
34	1.225000e-09	2.024464e-01	4.500000e-01	-1.80551e-17	
35	1.275000e-09	2.474344e-01	4.500000e-01	-1.75056e-17	
36	1.325000e-09	2.924225e-01	4.500000e-01	-1.69626e-17	
37	1.375000e-09	3.374106e-01	4.500000e-01	-1.64235e-17	
38	1.425000e-09	3.823987e-01	4.500000e-01	-1.58829e-17	
39	1.475000e-09	4.273868e-01	4.500000e-01	-1.53315e-17	
40	1.525000e-09	4.723748e-01	4.500000e-01	-1.47241e-17	
41	1.575000e-09	5.173629e-01	4.500000e-01	-1.37175e-17	
42	1.625000e-09	5.623510e-01	4.500000e-01	-1.23974e-17	
43	1.675000e-09	6.073391e-01	4.500000e-01	-1.11424e-17	
44	1.725000e-09	6.523272e-01	4.500000e-01	-9.93612e-18	
45	1.775000e-09	6.973152e-01	4.500000e-01	-8.77764e-18	
46	1.825000e-09	7.423033e-01	4.500000e-01	-7.66406e-18	
47	1.875000e-09	7.872914e-01	4.500000e-01	-6.59350e-18	
48	1.925000e-09	8.322795e-01	4.500000e-01	-5.56508e-18	
49	1.962500e-09	8.660206e-01	4.500000e-01	-4.81947e-18	
50	2.000000e-09	8.997616e-01	4.500000e-01	-4.09474e-18	
51	2.005000e-09	8.997616e-01	4.500000e-01	-3.99997e-18	
52	2.015000e-09	8.997616e-01	4.500000e-01	-3.81178e-18	
53	2.035000e-09	8.997616e-01	4.500000e-01	-3.44271e-18	
54	2.075000e-09	8.997616e-01	4.500000e-01	-2.73132e-18	

Index   time            v(cell)         v(bl)           vpre#branch     
--------------------------------------------------------------------------------
55	2.125000e-09	8.997616e-01	4.500000e-01	-1.89099e-18	
56	2.175000e-09	8.997616e-01	4.500000e-01	-1.10240e-18	
57	2.225000e-09	8.997616e-01	4.500000e-01	-3.61914e-19	
58	2.275000e-09	8.997616e-01	4.500000e-01	3.342455e-19	
59	2.325000e-09	8.997616e-01	4.500000e-01	9.887778e-19	
60	2.375000e-09	8.997616e-01	4.500000e-01	1.602568e-18	
61	2.425000e-09	8.997616e-01	4.500000e-01	2.178101e-18	
62	2.475000e-09	8.997616e-01	4.500000e-01	2.718535e-18	
63	2.525000e-09	8.997616e-01	4.500000e-01	3.226012e-18	
64	2.575000e-09	8.997616e-01	4.500000e-01	3.702541e-18	
65	2.625000e-09	8.997616e-01	4.500000e-01	4.150011e-18	
66	2.675000e-09	8.997616e-01	4.500000e-01	4.570191e-18	
67	2.725000e-09	8.997616e-01	4.500000e-01	4.965576e-18	
68	2.775000e-09	8.997616e-01	4.500000e-01	5.336848e-18	
69	2.825000e-09	8.997616e-01	4.500000e-01	5.685480e-18	
70	2.875000e-09	8.997616e-01	4.500000e-01	6.013674e-18	
71	2.925000e-09	8.997616e-01	4.500000e-01	6.321028e-18	
72	2.975000e-09	8.997616e-01	4.500000e-01	6.608814e-18	
73	3.025000e-09	8.997616e-01	4.500000e-01	6.879049e-18	
74	3.075000e-09	8.997616e-01	4.500000e-01	7.132805e-18	
75	3.125000e-09	8.997616e-01	4.500000e-01	7.371083e-18	
76	3.175000e-09	8.997616e-01	4.500000e-01	7.594835e-18	
77	3.225000e-09	8.997616e-01	4.500000e-01	7.804940e-18	
78	3.275000e-09	8.997616e-01	4.500000e-01	8.002231e-18	
79	3.325000e-09	8.997616e-01	4.500000e-01	8.187490e-18	
80	3.375000e-09	8.997616e-01	4.500000e-01	8.361453e-18	
81	3.425000e-09	8.997616e-01	4.500000e-01	8.525631e-18	
82	3.475000e-09	8.997616e-01	4.500000e-01	8.680625e-18	
83	3.525000e-09	8.997616e-01	4.500000e-01	8.825340e-18	
84	3.575000e-09	8.997616e-01	4.500000e-01	8.960405e-18	
85	3.625000e-09	8.997616e-01	4.500000e-01	9.087230e-18	
86	3.675000e-09	8.997616e-01	4.500000e-01	9.207150e-18	
87	3.725000e-09	8.997616e-01	4.500000e-01	9.320582e-18	
88	3.775000e-09	8.997616e-01	4.500000e-01	9.426271e-18	
89	3.825000e-09	8.997616e-01	4.500000e-01	9.524688e-18	
90	3.875000e-09	8.997616e-01	4.500000e-01	9.617100e-18	
91	3.925000e-09	8.997616e-01	4.500000e-01	9.703881e-18	
92	3.975000e-09	8.997616e-01	4.500000e-01	9.786195e-18	
93	4.025000e-09	8.997616e-01	4.500000e-01	9.864317e-18	
94	4.075000e-09	8.997616e-01	4.500000e-01	9.937673e-18	
95	4.125000e-09	8.997616e-01	4.500000e-01	1.000573e-17	
96	4.175000e-09	8.997616e-01	4.500000e-01	1.006964e-17	
97	4.225000e-09	8.997616e-01	4.500000e-01	1.013047e-17	
98	4.275000e-09	8.997616e-01	4.500000e-01	1.018760e-17	
99	4.325000e-09	8.997616e-01	4.500000e-01	1.024041e-17	
100	4.375000e-09	8.997616e-01	4.500000e-01	1.028918e-17	
101	4.425000e-09	8.997616e-01	4.500000e-01	1.033580e-17	
102	4.475000e-09	8.997616e-01	4.500000e-01	1.037958e-17	
103	4.525000e-09	8.997616e-01	4.500000e-01	1.042069e-17	
104	4.575000e-09	8.997616e-01	4.500000e-01	1.045929e-17	
105	4.625000e-09	8.997616e-01	4.500000e-01	1.049471e-17	
106	4.675000e-09	8.997616e-01	4.500000e-01	1.052797e-17	
107	4.725000e-09	8.997616e-01	4.500000e-01	1.055920e-17	
108	4.775000e-09	8.997616e-01	4.500000e-01	1.058935e-17	
109	4.825000e-09	8.997616e-01	4.500000e-01	1.061849e-17	
110	4.875000e-09	8.997616e-01	4.500000e-01	1.064503e-17	
111	4.925000e-09	8.997616e-01	4.500000e-01	1.066995e-17	
112	4.975000e-09	8.997616e-01	4.500000e-01	1.069335e-17	

Index   time            v(cell)         v(bl)           vpre#branch     
--------------------------------------------------------------------------------
113	5.025000e-09	8.997616e-01	4.500000e-01	1.071450e-17	
114	5.075000e-09	8.997616e-01	4.500000e-01	1.073518e-17	
115	5.125000e-09	8.997616e-01	4.500000e-01	1.075460e-17	
116	5.175000e-09	8.997616e-01	4.500000e-01	1.077201e-17	
117	5.225000e-09	8.997616e-01	4.500000e-01	1.078919e-17	
118	5.275000e-09	8.997616e-01	4.500000e-01	1.080531e-17	
119	5.325000e-09	8.997616e-01	4.500000e-01	1.082046e-17	
120	5.375000e-09	8.997616e-01	4.500000e-01	1.083551e-17	
121	5.425000e-09	8.997616e-01	4.500000e-01	1.084881e-17	
122	5.475000e-09	8.997616e-01	4.500000e-01	1.086048e-17	
123	5.525000e-09	8.997616e-01	4.500000e-01	1.087226e-17	
124	5.575000e-09	8.997616e-01	4.500000e-01	1.088332e-17	
125	5.625000e-09	8.997616e-01	4.500000e-01	1.089288e-17	
126	5.675000e-09	8.997616e-01	4.500000e-01	1.090186e-17	
127	5.725000e-09	8.997616e-01	4.500000e-01	1.091029e-17	
128	5.775000e-09	8.997616e-01	4.500000e-01	1.091821e-17	
129	5.825000e-09	8.997616e-01	4.500000e-01	1.092564e-17	
130	5.875000e-09	8.997616e-01	4.500000e-01	1.093345e-17	
131	5.925000e-09	8.997616e-01	4.500000e-01	1.094077e-17	
132	5.975000e-09	8.997616e-01	4.500000e-01	1.094683e-17	
133	6.025000e-09	8.997616e-01	4.500000e-01	1.095252e-17	
134	6.075000e-09	8.997616e-01	4.500000e-01	1.095786e-17	
135	6.125000e-09	8.997616e-01	4.500000e-01	1.096370e-17	
136	6.175000e-09	8.997616e-01	4.500000e-01	1.096919e-17	
137	6.225000e-09	8.997616e-01	4.500000e-01	1.097351e-17	
138	6.275000e-09	8.997616e-01	4.500000e-01	1.097757e-17	
139	6.325000e-09	8.997616e-01	4.500000e-01	1.098221e-17	
140	6.375000e-09	8.997616e-01	4.500000e-01	1.098657e-17	
141	6.425000e-09	8.997616e-01	4.500000e-01	1.098983e-17	
142	6.475000e-09	8.997616e-01	4.500000e-01	1.099372e-17	
143	6.525000e-09	8.997616e-01	4.500000e-01	1.099820e-17	
144	6.575000e-09	8.997616e-01	4.500000e-01	1.100241e-17	
145	6.625000e-09	8.997616e-01	4.500000e-01	1.100636e-17	
146	6.675000e-09	8.997616e-01	4.500000e-01	1.101007e-17	
147	6.725000e-09	8.997616e-01	4.500000e-01	1.101273e-17	
148	6.775000e-09	8.997616e-01	4.500000e-01	1.101523e-17	
149	6.825000e-09	8.997616e-01	4.500000e-01	1.101757e-17	
150	6.875000e-09	8.997616e-01	4.500000e-01	1.101894e-17	
151	6.925000e-09	8.997616e-01	4.500000e-01	1.102106e-17	
152	6.962500e-09	8.997616e-01	4.500000e-01	1.102285e-17	
153	7.000000e-09	8.997616e-01	4.500000e-01	1.102418e-17	
154	7.005000e-09	8.772675e-01	4.500000e-01	1.102326e-17	
155	7.015000e-09	8.322794e-01	4.500000e-01	1.101887e-17	
156	7.035000e-09	7.423033e-01	4.500000e-01	1.099565e-17	
157	7.067500e-09	5.960920e-01	4.500000e-01	1.091684e-17	
158	7.100000e-09	4.498808e-01	4.500000e-01	1.077941e-17	
159	7.105000e-09	4.498808e-01	4.500000e-01	1.071077e-17	
160	7.115000e-09	4.498808e-01	4.500000e-01	1.057450e-17	
161	7.135000e-09	4.498808e-01	4.500000e-01	1.030697e-17	
162	7.175000e-09	4.498808e-01	4.500000e-01	9.790989e-18	
163	7.225000e-09	4.498808e-01	4.500000e-01	9.181410e-18	
164	7.275000e-09	4.498808e-01	4.500000e-01	8.609007e-18	
165	7.325000e-09	4.498808e-01	4.500000e-01	8.071508e-18	
166	7.375000e-09	4.498808e-01	4.500000e-01	7.566789e-18	
167	7.425000e-09	4.498808e-01	4.500000e-01	7.092850e-18	
168	7.475000e-09	4.498808e-01	4.500000e-01	6.647813e-18	
169	7.525000e-09	4.498808e-01	4.500000e-01	6.230742e-18	
170	7.575000e-09	4.498808e-01	4.500000e-01	5.839106e-18	

Index   time            v(cell)         v(bl)           vpre#branch     
--------------------------------------------------------------------------------
171	7.625000e-09	4.498808e-01	4.500000e-01	5.471353e-18	
172	7.675000e-09	4.498808e-01	4.500000e-01	5.126024e-18	
173	7.725000e-09	4.498808e-01	4.500000e-01	4.801759e-18	
174	7.775000e-09	4.498808e-01	4.500000e-01	4.497266e-18	
175	7.825000e-09	4.498808e-01	4.500000e-01	4.210516e-18	
176	7.875000e-09	4.498808e-01	4.500000e-01	3.942082e-18	
177	7.925000e-09	4.498808e-01	4.500000e-01	3.690013e-18	
178	7.975000e-09	4.498808e-01	4.500000e-01	3.452491e-18	
179	8.025000e-09	4.498808e-01	4.500000e-01	3.230280e-18	
180	8.075000e-09	4.498808e-01	4.500000e-01	3.021620e-18	
181	8.125000e-09	4.498808e-01	4.500000e-01	2.824860e-18	
182	8.175000e-09	4.498808e-01	4.500000e-01	2.640098e-18	
183	8.225000e-09	4.498808e-01	4.500000e-01	2.466605e-18	
184	8.275000e-09	4.498808e-01	4.500000e-01	2.303691e-18	
185	8.325000e-09	4.498808e-01	4.500000e-01	2.150710e-18	
186	8.375000e-09	4.498808e-01	4.500000e-01	2.007887e-18	
187	8.425000e-09	4.498808e-01	4.500000e-01	1.874601e-18	
188	8.475000e-09	4.498808e-01	4.500000e-01	1.748617e-18	
189	8.525000e-09	4.498808e-01	4.500000e-01	1.629488e-18	
190	8.575000e-09	4.498808e-01	4.500000e-01	1.517624e-18	
191	8.625000e-09	4.498808e-01	4.500000e-01	1.412583e-18	
192	8.675000e-09	4.498808e-01	4.500000e-01	1.313947e-18	
193	8.725000e-09	4.498808e-01	4.500000e-01	1.221326e-18	
194	8.775000e-09	4.498808e-01	4.500000e-01	1.134353e-18	
195	8.825000e-09	4.498808e-01	4.500000e-01	1.053510e-18	
196	8.875000e-09	4.498808e-01	4.500000e-01	9.775984e-19	
197	8.925000e-09	4.498808e-01	4.500000e-01	9.054898e-19	
198	8.975000e-09	4.498808e-01	4.500000e-01	8.377751e-19	
199	9.025000e-09	4.498808e-01	4.500000e-01	7.741939e-19	
200	9.075000e-09	4.498808e-01	4.500000e-01	7.153152e-19	
201	9.125000e-09	4.498808e-01	4.500000e-01	6.608553e-19	
202	9.175000e-09	4.498808e-01	4.500000e-01	6.088876e-19	
203	9.225000e-09	4.498808e-01	4.500000e-01	5.592651e-19	
204	9.275000e-09	4.498808e-01	4.500000e-01	5.126675e-19	
205	9.325000e-09	4.498808e-01	4.500000e-01	4.689121e-19	
206	9.375000e-09	4.498808e-01	4.500000e-01	4.278228e-19	
207	9.425000e-09	4.498808e-01	4.500000e-01	3.900669e-19	
208	9.475000e-09	4.498808e-01	4.500000e-01	3.546132e-19	
209	9.525000e-09	4.498808e-01	4.500000e-01	3.204961e-19	
210	9.575000e-09	4.498808e-01	4.500000e-01	2.884610e-19	
211	9.625000e-09	4.498808e-01	4.500000e-01	2.583773e-19	
212	9.675000e-09	4.498808e-01	4.500000e-01	2.301291e-19	
213	9.725000e-09	4.498808e-01	4.500000e-01	2.044286e-19	
214	9.775000e-09	4.498808e-01	4.500000e-01	1.802931e-19	
215	9.825000e-09	4.498808e-01	4.500000e-01	1.568061e-19	
216	9.875000e-09	4.498808e-01	4.500000e-01	1.347485e-19	
217	9.925000e-09	4.498808e-01	4.500000e-01	1.140401e-19	
218	9.975000e-09	4.498808e-01	4.500000e-01	9.459224e-20	
219	1.002500e-08	4.498808e-01	4.500000e-01	7.633140e-20	
220	1.007500e-08	4.498808e-01	4.500000e-01	5.918477e-20	
221	1.012500e-08	4.498808e-01	4.500000e-01	4.308205e-20	
222	1.017500e-08	4.498808e-01	4.500000e-01	2.787930e-20	
223	1.022500e-08	4.498808e-01	4.500000e-01	1.443182e-20	
224	1.027500e-08	4.498808e-01	4.500000e-01	1.804081e-21	
225	1.032500e-08	4.498808e-01	4.500000e-01	-1.08824e-20	
226	1.037500e-08	4.498808e-01	4.500000e-01	-2.19691e-20	
227	1.042500e-08	4.498808e-01	4.500000e-01	-3.23800e-20	
228	1.047500e-08	4.498808e-01	4.500000e-01	-4.29795e-20	

Index   time            v(cell)         v(bl)           vpre#branch     
--------------------------------------------------------------------------------
229	1.052500e-08	4.498808e-01	4.500000e-01	-5.21066e-20	
230	1.057500e-08	4.498808e-01	4.500000e-01	-6.06787e-20	
231	1.062500e-08	4.498808e-01	4.500000e-01	-6.95543e-20	
232	1.067500e-08	4.498808e-01	4.500000e-01	-7.78865e-20	
233	1.072500e-08	4.498808e-01	4.500000e-01	-8.57116e-20	
234	1.077500e-08	4.498808e-01	4.500000e-01	-9.30595e-20	
235	1.082500e-08	4.498808e-01	4.500000e-01	-9.99615e-20	
236	1.087500e-08	4.498808e-01	4.500000e-01	-1.06441e-19	
237	1.092500e-08	4.498808e-01	4.500000e-01	-1.11698e-19	
238	1.096250e-08	4.498808e-01	4.500000e-01	-1.15696e-19	
239	1.100000e-08	4.498808e-01	4.500000e-01	-1.20400e-19	
240	1.100500e-08	4.498820e-01	4.544717e-01	4.471708e-11	
241	1.101500e-08	4.498844e-01	4.633592e-01	1.335922e-10	
242	1.103500e-08	4.498891e-01	4.808030e-01	3.080299e-10	
243	1.107500e-08	4.498987e-01	5.144062e-01	6.440617e-10	
244	1.112500e-08	4.499106e-01	5.541047e-01	1.041047e-09	
245	1.117500e-08	4.499225e-01	5.913824e-01	1.413824e-09	
246	1.122500e-08	4.499344e-01	6.263867e-01	1.763867e-09	
247	1.127500e-08	4.499464e-01	6.592563e-01	2.092563e-09	
248	1.132500e-08	4.499583e-01	6.901214e-01	2.401214e-09	
249	1.137500e-08	4.499702e-01	7.191043e-01	2.691043e-09	
250	1.142500e-08	4.499821e-01	7.463197e-01	2.963197e-09	
251	1.147500e-08	4.499940e-01	7.718754e-01	3.218754e-09	
252	1.152500e-08	4.500060e-01	7.958726e-01	3.458726e-09	
253	1.157500e-08	4.500179e-01	8.184064e-01	3.684064e-09	
254	1.162500e-08	4.500298e-01	8.395660e-01	3.895660e-09	
255	1.167500e-08	4.500417e-01	8.594353e-01	4.094353e-09	
256	1.172500e-08	4.500536e-01	8.780928e-01	4.280928e-09	
257	1.177500e-08	4.500656e-01	8.956124e-01	4.456124e-09	
258	1.182500e-08	4.500775e-01	9.120630e-01	4.620630e-09	
259	1.187500e-08	4.500894e-01	9.275082e-01	4.775082e-09	
260	1.192500e-08	4.501013e-01	9.420017e-01	4.920017e-09	
261	1.196250e-08	4.501103e-01	9.522605e-01	5.022605e-09	
262	1.200000e-08	4.501192e-01	9.619333e-01	5.119333e-09	
263	1.200500e-08	4.501193e-01	9.587006e-01	5.087006e-09	
264	1.201500e-08	4.501193e-01	9.522761e-01	5.022761e-09	
265	1.203500e-08	4.501193e-01	9.396696e-01	4.896696e-09	
266	1.207500e-08	4.501194e-01	9.153957e-01	4.653957e-09	
267	1.212500e-08	4.501195e-01	8.867375e-01	4.367375e-09	
268	1.217500e-08	4.501195e-01	8.598454e-01	4.098454e-09	
269	1.222500e-08	4.501196e-01	8.346095e-01	3.846095e-09	
270	1.227500e-08	4.501197e-01	8.109270e-01	3.609270e-09	
271	1.232500e-08	4.501197e-01	7.887016e-01	3.387016e-09	
272	1.237500e-08	4.501198e-01	7.678431e-01	3.178431e-09	
273	1.242500e-08	4.501198e-01	7.482669e-01	2.982669e-09	
274	1.247500e-08	4.501199e-01	7.298939e-01	2.798939e-09	
275	1.252500e-08	4.501199e-01	7.126497e-01	2.626497e-09	
276	1.257500e-08	4.501200e-01	6.964648e-01	2.464648e-09	
277	1.262500e-08	4.501200e-01	6.812737e-01	2.312737e-09	
278	1.267500e-08	4.501200e-01	6.670152e-01	2.170152e-09	
279	1.272500e-08	4.501201e-01	6.536320e-01	2.036320e-09	
280	1.277500e-08	4.501201e-01	6.410701e-01	1.910701e-09	
281	1.282500e-08	4.501202e-01	6.292790e-01	1.792790e-09	
282	1.287500e-08	4.501202e-01	6.182113e-01	1.682113e-09	
283	1.292500e-08	4.501202e-01	6.078226e-01	1.578226e-09	
284	1.297500e-08	4.501203e-01	5.980710e-01	1.480710e-09	
285	1.302500e-08	4.501203e-01	5.889175e-01	1.389175e-09	
286	1.307500e-08	4.501203e-01	5.803253e-01	1.303253e-09	

Index   time            v(cell)         v(bl)           vpre#branch     
--------------------------------------------------------------------------------
287	1.312500e-08	4.501204e-01	5.722600e-01	1.222600e-09	
288	1.317500e-08	4.501204e-01	5.646891e-01	1.146891e-09	
289	1.322500e-08	4.501204e-01	5.575824e-01	1.075824e-09	
290	1.327500e-08	4.501205e-01	5.509114e-01	1.009114e-09	
291	1.332500e-08	4.501205e-01	5.446494e-01	9.464936e-10	
292	1.337500e-08	4.501205e-01	5.387712e-01	8.877116e-10	
293	1.342500e-08	4.501206e-01	5.332533e-01	8.325328e-10	
294	1.347500e-08	4.501206e-01	5.280736e-01	7.807364e-10	
295	1.352500e-08	4.501206e-01	5.232115e-01	7.321150e-10	
296	1.357500e-08	4.501206e-01	5.186474e-01	6.864741e-10	
297	1.362500e-08	4.501207e-01	5.143631e-01	6.436311e-10	
298	1.367500e-08	4.501207e-01	5.103414e-01	6.034144e-10	
299	1.372500e-08	4.501207e-01	5.065663e-01	5.656634e-10	
300	1.377500e-08	4.501207e-01	5.030227e-01	5.302270e-10	
301	1.382500e-08	4.501208e-01	4.996963e-01	4.969634e-10	
302	1.387500e-08	4.501208e-01	4.965740e-01	4.657397e-10	
303	1.392500e-08	4.501208e-01	4.936431e-01	4.364311e-10	
304	1.397500e-08	4.501208e-01	4.908920e-01	4.089203e-10	
305	1.402500e-08	4.501209e-01	4.883097e-01	3.830973e-10	
306	1.407500e-08	4.501209e-01	4.858859e-01	3.588590e-10	
307	1.412500e-08	4.501209e-01	4.836108e-01	3.361083e-10	
308	1.417500e-08	4.501209e-01	4.814754e-01	3.147544e-10	
309	1.422500e-08	4.501210e-01	4.794712e-01	2.947118e-10	
310	1.427500e-08	4.501210e-01	4.775900e-01	2.759005e-10	
311	1.432500e-08	4.501210e-01	4.758245e-01	2.582450e-10	
312	1.437500e-08	4.501210e-01	4.741675e-01	2.416749e-10	
313	1.442500e-08	4.501210e-01	4.726124e-01	2.261237e-10	
314	1.447500e-08	4.501211e-01	4.711529e-01	2.115294e-10	
315	1.452500e-08	4.501211e-01	4.697833e-01	1.978334e-10	
316	1.457500e-08	4.501211e-01	4.684981e-01	1.849809e-10	
317	1.462500e-08	4.501211e-01	4.672920e-01	1.729205e-10	
318	1.467500e-08	4.501212e-01	4.661604e-01	1.616037e-10	
319	1.472500e-08	4.501212e-01	4.650985e-01	1.509854e-10	
320	1.477500e-08	4.501212e-01	4.641023e-01	1.410228e-10	
321	1.482500e-08	4.501212e-01	4.631676e-01	1.316761e-10	
322	1.487500e-08	4.501212e-01	4.622908e-01	1.229078e-10	
323	1.492500e-08	4.501213e-01	4.614683e-01	1.146826e-10	
324	1.497500e-08	4.501213e-01	4.606968e-01	1.069676e-10	
325	1.502500e-08	4.501213e-01	4.599732e-01	9.973168e-11	
326	1.507500e-08	4.501213e-01	4.592946e-01	9.294592e-11	
327	1.512500e-08	4.501213e-01	4.586583e-01	8.658300e-11	
328	1.517500e-08	4.501214e-01	4.580617e-01	8.061740e-11	
329	1.522500e-08	4.501214e-01	4.575025e-01	7.502515e-11	
330	1.527500e-08	4.501214e-01	4.569784e-01	6.978382e-11	
331	1.532500e-08	4.501214e-01	4.564872e-01	6.487240e-11	
332	1.537500e-08	4.501214e-01	4.560271e-01	6.027125e-11	
333	1.542500e-08	4.501214e-01	4.555962e-01	5.596198e-11	
334	1.547500e-08	4.501215e-01	4.551927e-01	5.192743e-11	
335	1.552500e-08	4.501215e-01	4.548152e-01	4.815159e-11	
336	1.557500e-08	4.501215e-01	4.544620e-01	4.461954e-11	
337	1.562500e-08	4.501215e-01	4.541317e-01	4.131739e-11	
338	1.567500e-08	4.501215e-01	4.538232e-01	3.823222e-11	
339	1.572500e-08	4.501215e-01	4.535352e-01	3.535200e-11	
340	1.577500e-08	4.501216e-01	4.532666e-01	3.266554e-11	
341	1.582500e-08	4.501216e-01	4.530162e-01	3.016239e-11	
342	1.587500e-08	4.501216e-01	4.527833e-01	2.783271e-11	
343	1.592500e-08	4.501216e-01	4.525667e-01	2.566717e-11	
344	1.597500e-08	4.501216e-01	4.523657e-01	2.365686e-11	

Index   time            v(cell)         v(bl)           vpre#branch     
--------------------------------------------------------------------------------
345	1.602500e-08	4.501216e-01	4.521793e-01	2.179316e-11	
346	1.607500e-08	4.501216e-01	4.520068e-01	2.006765e-11	
347	1.612500e-08	4.501216e-01	4.518472e-01	1.847211e-11	
348	1.617500e-08	4.501216e-01	4.516998e-01	1.699848e-11	
349	1.622500e-08	4.501217e-01	4.515639e-01	1.563889e-11	
350	1.627500e-08	4.501217e-01	4.514386e-01	1.438573e-11	
351	1.632500e-08	4.501217e-01	4.513232e-01	1.323166e-11	
352	1.637500e-08	4.501217e-01	4.512170e-01	1.216964e-11	
353	1.642500e-08	4.501217e-01	4.511193e-01	1.119295e-11	
354	1.647500e-08	4.501217e-01	4.510295e-01	1.029526e-11	
355	1.652500e-08	4.501217e-01	4.509471e-01	9.470563e-12	
356	1.657500e-08	4.501217e-01	4.508713e-01	8.713229e-12	
357	1.662500e-08	4.501217e-01	4.508018e-01	8.017987e-12	
358	1.667500e-08	4.501217e-01	4.507380e-01	7.379923e-12	
359	1.672500e-08	4.501217e-01	4.506794e-01	6.794468e-12	
360	1.677500e-08	4.501217e-01	4.506257e-01	6.257381e-12	
361	1.682500e-08	4.501217e-01	4.505765e-01	5.764743e-12	
362	1.687500e-08	4.501217e-01	4.505313e-01	5.312928e-12	
363	1.692500e-08	4.501217e-01	4.504899e-01	4.898597e-12	
364	1.697500e-08	4.501217e-01	4.504519e-01	4.518669e-12	
365	1.702500e-08	4.501217e-01	4.504170e-01	4.170311e-12	
366	1.707500e-08	4.501217e-01	4.503851e-01	3.850919e-12	
367	1.712500e-08	4.501217e-01	4.503558e-01	3.558095e-12	
368	1.717500e-08	4.501217e-01	4.503290e-01	3.289642e-12	
369	1.722500e-08	4.501217e-01	4.503044e-01	3.043538e-12	
370	1.727500e-08	4.501217e-01	4.502818e-01	2.817928e-12	
371	1.732500e-08	4.501217e-01	4.502611e-01	2.611111e-12	
372	1.737500e-08	4.501217e-01	4.502422e-01	2.421526e-12	
373	1.742500e-08	4.501217e-01	4.502248e-01	2.247740e-12	
374	1.747500e-08	4.501217e-01	4.502088e-01	2.088438e-12	
375	1.752500e-08	4.501217e-01	4.501942e-01	1.942415e-12	
376	1.757500e-08	4.501217e-01	4.501809e-01	1.808566e-12	
377	1.762500e-08	4.501217e-01	4.501686e-01	1.685878e-12	
378	1.767500e-08	4.501217e-01	4.501573e-01	1.573421e-12	
379	1.772500e-08	4.501217e-01	4.501470e-01	1.470342e-12	
380	1.777500e-08	4.501217e-01	4.501376e-01	1.375861e-12	
381	1.782500e-08	4.501217e-01	4.501289e-01	1.289260e-12	
382	1.787500e-08	4.501217e-01	4.501210e-01	1.209884e-12	
383	1.792500e-08	4.501217e-01	4.501137e-01	1.137130e-12	
384	1.797500e-08	4.501217e-01	4.501070e-01	1.070445e-12	
385	1.802500e-08	4.501217e-01	4.501009e-01	1.009324e-12	
386	1.807500e-08	4.501217e-01	4.500953e-01	9.533026e-13	
387	1.812500e-08	4.501217e-01	4.500902e-01	9.019558e-13	
388	1.817500e-08	4.501217e-01	4.500855e-01	8.548937e-13	
389	1.822500e-08	4.501217e-01	4.500812e-01	8.117587e-13	
390	1.827500e-08	4.501217e-01	4.500772e-01	7.722235e-13	
391	1.832500e-08	4.501217e-01	4.500736e-01	7.359876e-13	
392	1.837500e-08	4.501217e-01	4.500703e-01	7.027758e-13	
393	1.842500e-08	4.501217e-01	4.500672e-01	6.723357e-13	
394	1.847500e-08	4.501217e-01	4.500644e-01	6.444361e-13	
395	1.852500e-08	4.501217e-01	4.500619e-01	6.188650e-13	
396	1.857500e-08	4.501217e-01	4.500595e-01	5.954283e-13	
397	1.862500e-08	4.501217e-01	4.500574e-01	5.739475e-13	
398	1.867500e-08	4.501217e-01	4.500554e-01	5.542597e-13	
399	1.872500e-08	4.501217e-01	4.500536e-01	5.362150e-13	
400	1.877500e-08	4.501217e-01	4.500520e-01	5.196766e-13	
401	1.882500e-08	4.501217e-01	4.500505e-01	5.045184e-13	
402	1.887500e-08	4.501217e-01	4.500491e-01	4.906255e-13	

Index   time            v(cell)         v(bl)           vpre#branch     
--------------------------------------------------------------------------------
403	1.892500e-08	4.501217e-01	4.500478e-01	4.778922e-13	
404	1.897500e-08	4.501217e-01	4.500466e-01	4.662217e-13	
405	1.902500e-08	4.501217e-01	4.500456e-01	4.555253e-13	
406	1.907500e-08	4.501217e-01	4.500446e-01	4.457217e-13	
407	1.912500e-08	4.501217e-01	4.500437e-01	4.367363e-13	
408	1.917500e-08	4.501217e-01	4.500429e-01	4.285009e-13	
409	1.922500e-08	4.501217e-01	4.500421e-01	4.209528e-13	
410	1.927500e-08	4.501217e-01	4.500414e-01	4.140348e-13	
411	1.932500e-08	4.501217e-01	4.500408e-01	4.076941e-13	
412	1.937500e-08	4.501217e-01	4.500402e-01	4.018827e-13	
413	1.942500e-08	4.501217e-01	4.500397e-01	3.965562e-13	
414	1.947500e-08	4.501217e-01	4.500392e-01	3.916743e-13	
415	1.952500e-08	4.501217e-01	4.500387e-01	3.871998e-13	
416	1.957500e-08	4.501217e-01	4.500383e-01	3.830988e-13	
417	1.962500e-08	4.501217e-01	4.500379e-01	3.793399e-13	
418	1.967500e-08	4.501217e-01	4.500376e-01	3.758948e-13	
419	1.972500e-08	4.501217e-01	4.500373e-01	3.727370e-13	
420	1.977500e-08	4.501217e-01	4.500370e-01	3.698429e-13	
421	1.982500e-08	4.501217e-01	4.500367e-01	3.671901e-13	
422	1.987500e-08	4.501217e-01	4.500365e-01	3.647588e-13	
423	1.992500e-08	4.501217e-01	4.500363e-01	3.625302e-13	
424	1.997500e-08	4.501217e-01	4.500360e-01	3.604877e-13	
425	2.002500e-08	4.501217e-01	4.500359e-01	3.586154e-13	
426	2.007500e-08	4.501217e-01	4.500357e-01	3.568994e-13	
427	2.012500e-08	4.501217e-01	4.500355e-01	3.553264e-13	
428	2.017500e-08	4.501217e-01	4.500354e-01	3.538848e-13	
429	2.022500e-08	4.501217e-01	4.500353e-01	3.525632e-13	
430	2.027500e-08	4.501217e-01	4.500351e-01	3.513520e-13	
431	2.032500e-08	4.501217e-01	4.500350e-01	3.502416e-13	
432	2.037500e-08	4.501217e-01	4.500349e-01	3.492239e-13	
433	2.042500e-08	4.501217e-01	4.500348e-01	3.482910e-13	
434	2.047500e-08	4.501217e-01	4.500347e-01	3.474359e-13	
435	2.052500e-08	4.501217e-01	4.500347e-01	3.466519e-13	
436	2.057500e-08	4.501217e-01	4.500346e-01	3.459334e-13	
437	2.062500e-08	4.501217e-01	4.500345e-01	3.452746e-13	
438	2.067500e-08	4.501217e-01	4.500345e-01	3.446708e-13	
439	2.072500e-08	4.501217e-01	4.500344e-01	3.441172e-13	
440	2.077500e-08	4.501217e-01	4.500344e-01	3.436098e-13	
441	2.082500e-08	4.501217e-01	4.500343e-01	3.431445e-13	
442	2.087500e-08	4.501217e-01	4.500343e-01	3.427180e-13	
443	2.092500e-08	4.501217e-01	4.500342e-01	3.423269e-13	
444	2.097500e-08	4.501217e-01	4.500342e-01	3.419684e-13	
445	2.102500e-08	4.501217e-01	4.500342e-01	3.416396e-13	
446	2.107500e-08	4.501217e-01	4.500341e-01	3.413382e-13	
447	2.112500e-08	4.501217e-01	4.500341e-01	3.410618e-13	
448	2.117500e-08	4.501217e-01	4.500341e-01	3.408084e-13	
449	2.122500e-08	4.501217e-01	4.500341e-01	3.405759e-13	
450	2.127500e-08	4.501217e-01	4.500340e-01	3.403628e-13	
451	2.132500e-08	4.501217e-01	4.500340e-01	3.401673e-13	
452	2.137500e-08	4.501217e-01	4.500340e-01	3.399881e-13	
453	2.142500e-08	4.501217e-01	4.500340e-01	3.398236e-13	
454	2.147500e-08	4.501217e-01	4.500340e-01	3.396728e-13	
455	2.152500e-08	4.501217e-01	4.500340e-01	3.395343e-13	
456	2.157500e-08	4.501217e-01	4.500339e-01	3.394074e-13	
457	2.162500e-08	4.501217e-01	4.500339e-01	3.392909e-13	
458	2.167500e-08	4.501217e-01	4.500339e-01	3.391840e-13	
459	2.172500e-08	4.501217e-01	4.500339e-01	3.390859e-13	
460	2.177500e-08	4.501217e-01	4.500339e-01	3.389959e-13	

Index   time            v(cell)         v(bl)           vpre#branch     
--------------------------------------------------------------------------------
461	2.182500e-08	4.501217e-01	4.500339e-01	3.389132e-13	
462	2.187500e-08	4.501217e-01	4.500339e-01	3.388373e-13	
463	2.192500e-08	4.501217e-01	4.500339e-01	3.387676e-13	
464	2.196250e-08	4.501217e-01	4.500339e-01	3.387191e-13	
465	2.200000e-08	4.501217e-01	4.500339e-01	3.386736e-13	
466	2.200500e-08	4.501205e-01	4.455728e-01	-4.42722e-11	
467	2.201500e-08	4.501181e-01	4.367052e-01	-1.32948e-10	
468	2.203500e-08	4.501133e-01	4.192973e-01	-3.07027e-10	
469	2.207500e-08	4.501038e-01	3.857615e-01	-6.42385e-10	
470	2.212500e-08	4.500918e-01	3.461403e-01	-1.03860e-09	
471	2.217500e-08	4.500799e-01	3.089257e-01	-1.41074e-09	
472	2.222500e-08	4.500680e-01	2.739665e-01	-1.76034e-09	
473	2.227500e-08	4.500560e-01	2.411236e-01	-2.08876e-09	
474	2.232500e-08	4.500441e-01	2.102689e-01	-2.39731e-09	
475	2.237500e-08	4.500322e-01	1.812841e-01	-2.68716e-09	
476	2.242500e-08	4.500203e-01	1.540582e-01	-2.95942e-09	
477	2.247500e-08	4.500083e-01	1.284868e-01	-3.21513e-09	
478	2.252500e-08	4.499964e-01	1.044714e-01	-3.45529e-09	
479	2.257500e-08	4.499845e-01	8.191862e-02	-3.68081e-09	
480	2.262500e-08	4.499726e-01	6.074011e-02	-3.89260e-09	
481	2.267500e-08	4.499607e-01	4.085262e-02	-4.09147e-09	
482	2.272500e-08	4.499487e-01	2.217769e-02	-4.27822e-09	
483	2.277500e-08	4.499368e-01	4.641528e-03	-4.45358e-09	
484	2.282500e-08	4.499249e-01	-1.18253e-02	-4.61825e-09	
485	2.287500e-08	4.499130e-01	-2.72879e-02	-4.77288e-09	
486	2.292500e-08	4.499011e-01	-4.18075e-02	-4.91808e-09	
487	2.296250e-08	4.498921e-01	-5.21117e-02	-5.02112e-09	
488	2.300000e-08	4.498832e-01	-6.19410e-02	-5.11941e-09	
489	2.300500e-08	4.498832e-01	-5.87410e-02	-5.08741e-09	
490	2.301500e-08	4.498832e-01	-5.23809e-02	-5.02381e-09	
491	2.303500e-08	4.498832e-01	-3.98977e-02	-4.89898e-09	
492	2.307500e-08	4.498832e-01	-1.58506e-02	-4.65851e-09	
493	2.312500e-08	4.498832e-01	1.255856e-02	-4.37441e-09	
494	2.317500e-08	4.498832e-01	3.923522e-02	-4.10765e-09	
495	2.322500e-08	4.498832e-01	6.428505e-02	-3.85715e-09	
496	2.327500e-08	4.498832e-01	8.780725e-02	-3.62193e-09	
497	2.332500e-08	4.498832e-01	1.098950e-01	-3.40105e-09	
498	2.337500e-08	4.498832e-01	1.306357e-01	-3.19364e-09	
499	2.342500e-08	4.498832e-01	1.501117e-01	-2.99888e-09	
500	2.347500e-08	4.498832e-01	1.683999e-01	-2.81600e-09	
501	2.352500e-08	4.498832e-01	1.855728e-01	-2.64427e-09	
502	2.357500e-08	4.498832e-01	2.016985e-01	-2.48302e-09	
503	2.362500e-08	4.498832e-01	2.168407e-01	-2.33159e-09	
504	2.367500e-08	4.498832e-01	2.310596e-01	-2.18940e-09	
505	2.372500e-08	4.498832e-01	2.444113e-01	-2.05589e-09	
506	2.377500e-08	4.498832e-01	2.569488e-01	-1.93051e-09	
507	2.382500e-08	4.498832e-01	2.687217e-01	-1.81278e-09	
508	2.387500e-08	4.498832e-01	2.797767e-01	-1.70223e-09	
509	2.392500e-08	4.498832e-01	2.901575e-01	-1.59843e-09	
510	2.397500e-08	4.498832e-01	2.999052e-01	-1.50095e-09	
511	2.402500e-08	4.498832e-01	3.090585e-01	-1.40942e-09	
512	2.407500e-08	4.498832e-01	3.176536e-01	-1.32346e-09	
513	2.412500e-08	4.498832e-01	3.257245e-01	-1.24275e-09	
514	2.417500e-08	4.498832e-01	3.333033e-01	-1.16697e-09	
515	2.422500e-08	4.498832e-01	3.404198e-01	-1.09580e-09	
516	2.427500e-08	4.498832e-01	3.471024e-01	-1.02898e-09	
517	2.432500e-08	4.498832e-01	3.533774e-01	-9.66226e-10	
518	2.437500e-08	4.498832e-01	3.592698e-01	-9.07302e-10	

Index   time            v(cell)         v(bl)           vpre#branch     
--------------------------------------------------------------------------------
519	2.442500e-08	4.498832e-01	3.648028e-01	-8.51972e-10	
520	2.447500e-08	4.498832e-01	3.699985e-01	-8.00015e-10	
521	2.452500e-08	4.498832e-01	3.748772e-01	-7.51228e-10	
522	2.457500e-08	4.498832e-01	3.794585e-01	-7.05415e-10	
523	2.462500e-08	4.498832e-01	3.837603e-01	-6.62397e-10	
524	2.467500e-08	4.498832e-01	3.877998e-01	-6.22002e-10	
525	2.472500e-08	4.498832e-01	3.915930e-01	-5.84070e-10	
526	2.477500e-08	4.498832e-01	3.951549e-01	-5.48451e-10	
527	2.482500e-08	4.498832e-01	3.984995e-01	-5.15005e-10	
528	2.487500e-08	4.498832e-01	4.016402e-01	-4.83598e-10	
529	2.492500e-08	4.498832e-01	4.045893e-01	-4.54107e-10	
530	2.497500e-08	4.498832e-01	4.073586e-01	-4.26414e-10	
531	2.502500e-08	4.498832e-01	4.099590e-01	-4.00410e-10	
532	2.507500e-08	4.498832e-01	4.124009e-01	-3.75991e-10	
533	2.512500e-08	4.498832e-01	4.146938e-01	-3.53062e-10	
534	2.517500e-08	4.498832e-01	4.168469e-01	-3.31531e-10	
535	2.522500e-08	4.498832e-01	4.188687e-01	-3.11313e-10	
536	2.527500e-08	4.498832e-01	4.207672e-01	-2.92328e-10	
537	2.532500e-08	4.498832e-01	4.225499e-01	-2.74501e-10	
538	2.537500e-08	4.498832e-01	4.242239e-01	-2.57761e-10	
539	2.542500e-08	4.498832e-01	4.257958e-01	-2.42042e-10	
540	2.547500e-08	4.498832e-01	4.272719e-01	-2.27281e-10	
541	2.552500e-08	4.498832e-01	4.286579e-01	-2.13421e-10	
542	2.557500e-08	4.498832e-01	4.299594e-01	-2.00406e-10	
543	2.562500e-08	4.498832e-01	4.311816e-01	-1.88184e-10	
544	2.567500e-08	4.498832e-01	4.323292e-01	-1.76708e-10	
545	2.572500e-08	4.498832e-01	4.334068e-01	-1.65932e-10	
546	2.577500e-08	4.498832e-01	4.344187e-01	-1.55813e-10	
547	2.582500e-08	4.498832e-01	4.353689e-01	-1.46311e-10	
548	2.587500e-08	4.498832e-01	4.362612e-01	-1.37388e-10	
549	2.592500e-08	4.498832e-01	4.370990e-01	-1.29010e-10	
550	2.597500e-08	4.498832e-01	4.378857e-01	-1.21143e-10	
551	2.602500e-08	4.498832e-01	4.386245e-01	-1.13755e-10	
552	2.607500e-08	4.498832e-01	4.393182e-01	-1.06818e-10	
553	2.612500e-08	4.498832e-01	4.399696e-01	-1.00304e-10	
554	2.617500e-08	4.498832e-01	4.405813e-01	-9.41867e-11	
555	2.622500e-08	4.498832e-01	4.411557e-01	-8.84429e-11	
556	2.627500e-08	4.498832e-01	4.416951e-01	-8.30494e-11	
557	2.632500e-08	4.498832e-01	4.422015e-01	-7.79847e-11	
558	2.637500e-08	4.498832e-01	4.426771e-01	-7.32290e-11	
559	2.642500e-08	4.498832e-01	4.431237e-01	-6.87632e-11	
560	2.647500e-08	4.498832e-01	4.435430e-01	-6.45698e-11	
561	2.652500e-08	4.498832e-01	4.439368e-01	-6.06321e-11	
562	2.657500e-08	4.498832e-01	4.443065e-01	-5.69346e-11	
563	2.662500e-08	4.498832e-01	4.446538e-01	-5.34625e-11	
564	2.667500e-08	4.498832e-01	4.449798e-01	-5.02022e-11	
565	2.672500e-08	4.498832e-01	4.452859e-01	-4.71407e-11	
566	2.677500e-08	4.498832e-01	4.455734e-01	-4.42659e-11	
567	2.682500e-08	4.498832e-01	4.458434e-01	-4.15664e-11	
568	2.687500e-08	4.498832e-01	4.460968e-01	-3.90315e-11	
569	2.692500e-08	4.498832e-01	4.463349e-01	-3.66513e-11	
570	2.697500e-08	4.498832e-01	4.465584e-01	-3.44161e-11	
571	2.702500e-08	4.498832e-01	4.467683e-01	-3.23173e-11	
572	2.707500e-08	4.498832e-01	4.469653e-01	-3.03465e-11	
573	2.712500e-08	4.498832e-01	4.471504e-01	-2.84959e-11	
574	2.717500e-08	4.498832e-01	4.473242e-01	-2.67581e-11	
575	2.722500e-08	4.498832e-01	4.474874e-01	-2.51263e-11	
576	2.727500e-08	4.498832e-01	4.476406e-01	-2.35940e-11	

Index   time            v(cell)         v(bl)           vpre#branch     
--------------------------------------------------------------------------------
577	2.732500e-08	4.498832e-01	4.477845e-01	-2.21552e-11	
578	2.737500e-08	4.498832e-01	4.479196e-01	-2.08041e-11	
579	2.742500e-08	4.498832e-01	4.480465e-01	-1.95354e-11	
580	2.747500e-08	4.498832e-01	4.481656e-01	-1.83440e-11	
581	2.752500e-08	4.498832e-01	4.482775e-01	-1.72254e-11	
582	2.757500e-08	4.498832e-01	4.483825e-01	-1.61749e-11	
583	2.762500e-08	4.498832e-01	4.484812e-01	-1.51885e-11	
584	2.767500e-08	4.498832e-01	4.485738e-01	-1.42622e-11	
585	2.772500e-08	4.498832e-01	4.486608e-01	-1.33925e-11	
586	2.777500e-08	4.498832e-01	4.487424e-01	-1.25758e-11	
587	2.782500e-08	4.498832e-01	4.488191e-01	-1.18089e-11	
588	2.787500e-08	4.498832e-01	4.488911e-01	-1.10887e-11	
589	2.792500e-08	4.498832e-01	4.489588e-01	-1.04125e-11	
590	2.797500e-08	4.498832e-01	4.490223e-01	-9.77750e-12	
591	2.802500e-08	4.498832e-01	4.490819e-01	-9.18123e-12	
592	2.807500e-08	4.498832e-01	4.491379e-01	-8.62133e-12	
593	2.812500e-08	4.498832e-01	4.491904e-01	-8.09557e-12	
594	2.817500e-08	4.498832e-01	4.492398e-01	-7.60187e-12	
595	2.822500e-08	4.498832e-01	4.492862e-01	-7.13829e-12	
596	2.827500e-08	4.498832e-01	4.493297e-01	-6.70297e-12	
597	2.832500e-08	4.498832e-01	4.493706e-01	-6.29420e-12	
598	2.837500e-08	4.498832e-01	4.494090e-01	-5.91036e-12	
599	2.842500e-08	4.498832e-01	4.494450e-01	-5.54992e-12	
600	2.847500e-08	4.498832e-01	4.494789e-01	-5.21147e-12	
601	2.852500e-08	4.498832e-01	4.495106e-01	-4.89366e-12	
602	2.857500e-08	4.498832e-01	4.495405e-01	-4.59523e-12	
603	2.862500e-08	4.498832e-01	4.495685e-01	-4.31499e-12	
604	2.867500e-08	4.498832e-01	4.495948e-01	-4.05185e-12	
605	2.872500e-08	4.498832e-01	4.496195e-01	-3.80476e-12	
606	2.877500e-08	4.498832e-01	4.496427e-01	-3.57273e-12	
607	2.882500e-08	4.498832e-01	4.496645e-01	-3.35485e-12	
608	2.887500e-08	4.498832e-01	4.496850e-01	-3.15026e-12	
609	2.892500e-08	4.498832e-01	4.497042e-01	-2.95815e-12	
610	2.897500e-08	4.498832e-01	4.497222e-01	-2.77775e-12	
611	2.902500e-08	4.498832e-01	4.497392e-01	-2.60835e-12	
612	2.907500e-08	4.498832e-01	4.497551e-01	-2.44929e-12	
613	2.912500e-08	4.498832e-01	4.497700e-01	-2.29992e-12	
614	2.917500e-08	4.498832e-01	4.497840e-01	-2.15966e-12	
615	2.922500e-08	4.498832e-01	4.497972e-01	-2.02796e-12	
616	2.927500e-08	4.498832e-01	4.498096e-01	-1.90429e-12	
617	2.932500e-08	4.498832e-01	4.498212e-01	-1.78816e-12	
618	2.937500e-08	4.498832e-01	4.498321e-01	-1.67911e-12	
619	2.942500e-08	4.498832e-01	4.498423e-01	-1.57671e-12	
620	2.947500e-08	4.498832e-01	4.498519e-01	-1.48056e-12	
621	2.952500e-08	4.498832e-01	4.498610e-01	-1.39027e-12	
622	2.957500e-08	4.498832e-01	4.498695e-01	-1.30549e-12	
623	2.962500e-08	4.498832e-01	4.498774e-01	-1.22587e-12	
624	2.967500e-08	4.498832e-01	4.498849e-01	-1.15112e-12	
625	2.972500e-08	4.498832e-01	4.498919e-01	-1.08092e-12	
626	2.977500e-08	4.498832e-01	4.498985e-01	-1.01500e-12	
627	2.982500e-08	4.498832e-01	4.499047e-01	-9.53101e-13	
628	2.987500e-08	4.498832e-01	4.499105e-01	-8.94977e-13	
629	2.992500e-08	4.498832e-01	4.499160e-01	-8.40399e-13	
630	2.997500e-08	4.498832e-01	4.499211e-01	-7.89148e-13	
631	3.002500e-08	4.498832e-01	4.499259e-01	-7.41023e-13	
632	3.007500e-08	4.498832e-01	4.499304e-01	-6.95833e-13	
633	3.012500e-08	4.498832e-01	4.499347e-01	-6.53399e-13	
634	3.017500e-08	4.498832e-01	4.499386e-01	-6.13552e-13	

Index   time            v(cell)         v(bl)           vpre#branch     
--------------------------------------------------------------------------------
635	3.022500e-08	4.498832e-01	4.499424e-01	-5.76136e-13	
636	3.027500e-08	4.498832e-01	4.499459e-01	-5.41001e-13	
637	3.032500e-08	4.498832e-01	4.499492e-01	-5.08009e-13	
638	3.037500e-08	4.498832e-01	4.499523e-01	-4.77029e-13	
639	3.042500e-08	4.498832e-01	4.499552e-01	-4.47938e-13	
640	3.047500e-08	4.498832e-01	4.499579e-01	-4.20621e-13	
641	3.052500e-08	4.498832e-01	4.499605e-01	-3.94971e-13	
642	3.057500e-08	4.498832e-01	4.499629e-01	-3.70884e-13	
643	3.062500e-08	4.498832e-01	4.499652e-01	-3.48266e-13	
644	3.067500e-08	4.498832e-01	4.499673e-01	-3.27028e-13	
645	3.072500e-08	4.498832e-01	4.499693e-01	-3.07084e-13	
646	3.077500e-08	4.498832e-01	4.499712e-01	-2.88357e-13	
647	3.082500e-08	4.498832e-01	4.499729e-01	-2.70772e-13	
648	3.087500e-08	4.498832e-01	4.499746e-01	-2.54260e-13	
649	3.092500e-08	4.498832e-01	4.499761e-01	-2.38754e-13	
650	3.097500e-08	4.498832e-01	4.499776e-01	-2.24194e-13	
651	3.102500e-08	4.498832e-01	4.499789e-01	-2.10522e-13	
652	3.107500e-08	4.498832e-01	4.499802e-01	-1.97684e-13	
653	3.112500e-08	4.498832e-01	4.499814e-01	-1.85628e-13	
654	3.117500e-08	4.498832e-01	4.499826e-01	-1.74308e-13	
655	3.122500e-08	4.498832e-01	4.499836e-01	-1.63678e-13	
656	3.127500e-08	4.498832e-01	4.499846e-01	-1.53697e-13	
657	3.132500e-08	4.498832e-01	4.499856e-01	-1.44324e-13	
658	3.137500e-08	4.498832e-01	4.499864e-01	-1.35522e-13	
659	3.142500e-08	4.498832e-01	4.499873e-01	-1.27258e-13	
660	3.147500e-08	4.498832e-01	4.499881e-01	-1.19497e-13	
661	3.152500e-08	4.498832e-01	4.499888e-01	-1.12210e-13	
662	3.157500e-08	4.498832e-01	4.499895e-01	-1.05367e-13	
663	3.162500e-08	4.498832e-01	4.499901e-01	-9.89412e-14	
664	3.167500e-08	4.498832e-01	4.499907e-01	-9.29075e-14	
665	3.172500e-08	4.498832e-01	4.499913e-01	-8.72417e-14	
666	3.177500e-08	4.498832e-01	4.499918e-01	-8.19214e-14	
667	3.182500e-08	4.498832e-01	4.499923e-01	-7.69256e-14	
668	3.187500e-08	4.498832e-01	4.499928e-01	-7.22344e-14	
669	3.192500e-08	4.498832e-01	4.499932e-01	-6.78293e-14	
670	3.197500e-08	4.498832e-01	4.499936e-01	-6.36929e-14	
671	3.202500e-08	4.498832e-01	4.499940e-01	-5.98087e-14	
672	3.207500e-08	4.498832e-01	4.499944e-01	-5.61613e-14	
673	3.212500e-08	4.498832e-01	4.499947e-01	-5.27364e-14	
674	3.217500e-08	4.498832e-01	4.499950e-01	-4.95204e-14	
675	3.222500e-08	4.498832e-01	4.499953e-01	-4.65005e-14	
676	3.227500e-08	4.498832e-01	4.499956e-01	-4.36647e-14	
677	3.232500e-08	4.498832e-01	4.499959e-01	-4.10019e-14	
678	3.237500e-08	4.498832e-01	4.499961e-01	-3.85015e-14	
679	3.242500e-08	4.498832e-01	4.499964e-01	-3.61536e-14	
680	3.247500e-08	4.498832e-01	4.499966e-01	-3.39488e-14	
681	3.252500e-08	4.498832e-01	4.499968e-01	-3.18785e-14	
682	3.257500e-08	4.498832e-01	4.499970e-01	-2.99345e-14	
683	3.262500e-08	4.498832e-01	4.499972e-01	-2.81090e-14	
684	3.267500e-08	4.498832e-01	4.499974e-01	-2.63948e-14	
685	3.272500e-08	4.498832e-01	4.499975e-01	-2.47852e-14	
686	3.277500e-08	4.498832e-01	4.499977e-01	-2.32737e-14	
687	3.282500e-08	4.498832e-01	4.499978e-01	-2.18544e-14	
688	3.287500e-08	4.498832e-01	4.499979e-01	-2.05217e-14	
689	3.292500e-08	4.498832e-01	4.499981e-01	-1.92702e-14	
690	3.297500e-08	4.498832e-01	4.499982e-01	-1.80950e-14	
691	3.302500e-08	4.498832e-01	4.499983e-01	-1.69916e-14	
692	3.307500e-08	4.498832e-01	4.499984e-01	-1.59554e-14	

Index   time            v(cell)         v(bl)           vpre#branch     
--------------------------------------------------------------------------------
693	3.312500e-08	4.498832e-01	4.499985e-01	-1.49824e-14	
694	3.317500e-08	4.498832e-01	4.499986e-01	-1.40687e-14	
695	3.322500e-08	4.498832e-01	4.499987e-01	-1.32108e-14	
696	3.327500e-08	4.498832e-01	4.499988e-01	-1.24051e-14	
697	3.332500e-08	4.498832e-01	4.499988e-01	-1.16486e-14	
698	3.337500e-08	4.498832e-01	4.499989e-01	-1.09383e-14	
699	3.342500e-08	4.498832e-01	4.499990e-01	-1.02712e-14	
700	3.347500e-08	4.498832e-01	4.499990e-01	-9.64487e-15	
701	3.352500e-08	4.498832e-01	4.499991e-01	-9.05670e-15	
702	3.357500e-08	4.498832e-01	4.499991e-01	-8.50441e-15	
703	3.362500e-08	4.498832e-01	4.499992e-01	-7.98579e-15	
704	3.367500e-08	4.498832e-01	4.499993e-01	-7.49880e-15	
705	3.372500e-08	4.498832e-01	4.499993e-01	-7.04151e-15	
706	3.377500e-08	4.498832e-01	4.499993e-01	-6.61211e-15	
707	3.382500e-08	4.498832e-01	4.499994e-01	-6.20889e-15	
708	3.387500e-08	4.498832e-01	4.499994e-01	-5.83026e-15	
709	3.392500e-08	4.498832e-01	4.499995e-01	-5.47473e-15	
710	3.397500e-08	4.498832e-01	4.499995e-01	-5.14087e-15	
711	3.402500e-08	4.498832e-01	4.499995e-01	-4.82738e-15	
712	3.407500e-08	4.498832e-01	4.499995e-01	-4.53300e-15	
713	3.412500e-08	4.498832e-01	4.499996e-01	-4.25657e-15	
714	3.417500e-08	4.498832e-01	4.499996e-01	-3.99700e-15	
715	3.422500e-08	4.498832e-01	4.499996e-01	-3.75326e-15	
716	3.427500e-08	4.498832e-01	4.499996e-01	-3.52439e-15	
717	3.432500e-08	4.498832e-01	4.499997e-01	-3.30947e-15	
718	3.437500e-08	4.498832e-01	4.499997e-01	-3.10766e-15	
719	3.442500e-08	4.498832e-01	4.499997e-01	-2.91816e-15	
720	3.447500e-08	4.498832e-01	4.499997e-01	-2.74021e-15	
721	3.452500e-08	4.498832e-01	4.499997e-01	-2.57312e-15	
722	3.457500e-08	4.498832e-01	4.499998e-01	-2.41621e-15	
723	3.462500e-08	4.498832e-01	4.499998e-01	-2.26887e-15	
724	3.467500e-08	4.498832e-01	4.499998e-01	-2.13052e-15	
725	3.472500e-08	4.498832e-01	4.499998e-01	-2.00061e-15	
726	3.477500e-08	4.498832e-01	4.499998e-01	-1.87861e-15	
727	3.482500e-08	4.498832e-01	4.499998e-01	-1.76406e-15	
728	3.487500e-08	4.498832e-01	4.499998e-01	-1.65649e-15	
729	3.492500e-08	4.498832e-01	4.499998e-01	-1.55549e-15	
730	3.497500e-08	4.498832e-01	4.499999e-01	-1.46064e-15	
731	3.502500e-08	4.498832e-01	4.499999e-01	-1.37158e-15	
732	3.507500e-08	4.498832e-01	4.499999e-01	-1.28795e-15	
733	3.512500e-08	4.498832e-01	4.499999e-01	-1.20941e-15	
734	3.517500e-08	4.498832e-01	4.499999e-01	-1.13567e-15	
735	3.522500e-08	4.498832e-01	4.499999e-01	-1.06643e-15	
736	3.527500e-08	4.498832e-01	4.499999e-01	-1.00140e-15	
737	3.532500e-08	4.498832e-01	4.499999e-01	-9.40347e-16	
738	3.537500e-08	4.498832e-01	4.499999e-01	-8.83013e-16	
739	3.542500e-08	4.498832e-01	4.499999e-01	-8.29176e-16	
740	3.547500e-08	4.498832e-01	4.499999e-01	-7.78621e-16	
741	3.552500e-08	4.498832e-01	4.499999e-01	-7.31150e-16	
742	3.557500e-08	4.498832e-01	4.499999e-01	-6.86574e-16	
743	3.562500e-08	4.498832e-01	4.499999e-01	-6.44716e-16	
744	3.567500e-08	4.498832e-01	4.499999e-01	-6.05411e-16	
745	3.572500e-08	4.498832e-01	4.499999e-01	-5.68503e-16	
746	3.577500e-08	4.498832e-01	4.499999e-01	-5.33847e-16	
747	3.582500e-08	4.498832e-01	4.499999e-01	-5.01303e-16	
748	3.587500e-08	4.498832e-01	4.500000e-01	-4.70745e-16	
749	3.592500e-08	4.498832e-01	4.500000e-01	-4.42049e-16	
750	3.597500e-08	4.498832e-01	4.500000e-01	-4.15103e-16	

Index   time            v(cell)         v(bl)           vpre#branch     
--------------------------------------------------------------------------------
751	3.602500e-08	4.498832e-01	4.500000e-01	-3.89800e-16	
752	3.607500e-08	4.498832e-01	4.500000e-01	-3.66041e-16	
753	3.612500e-08	4.498832e-01	4.500000e-01	-3.43730e-16	
754	3.617500e-08	4.498832e-01	4.500000e-01	-3.22780e-16	
755	3.622500e-08	4.498832e-01	4.500000e-01	-3.03108e-16	
756	3.627500e-08	4.498832e-01	4.500000e-01	-2.84635e-16	
757	3.632500e-08	4.498832e-01	4.500000e-01	-2.67289e-16	
758	3.637500e-08	4.498832e-01	4.500000e-01	-2.51001e-16	
759	3.642500e-08	4.498832e-01	4.500000e-01	-2.35707e-16	
760	3.647500e-08	4.498832e-01	4.500000e-01	-2.21344e-16	
761	3.652500e-08	4.498832e-01	4.500000e-01	-2.07858e-16	
762	3.657500e-08	4.498832e-01	4.500000e-01	-1.95194e-16	
763	3.662500e-08	4.498832e-01	4.500000e-01	-1.83302e-16	
764	3.667500e-08	4.498832e-01	4.500000e-01	-1.72135e-16	
765	3.672500e-08	4.498832e-01	4.500000e-01	-1.61650e-16	
766	3.677500e-08	4.498832e-01	4.500000e-01	-1.51803e-16	
767	3.682500e-08	4.498832e-01	4.500000e-01	-1.42558e-16	
768	3.687500e-08	4.498832e-01	4.500000e-01	-1.33876e-16	
769	3.692500e-08	4.498832e-01	4.500000e-01	-1.25723e-16	
770	3.697500e-08	4.498832e-01	4.500000e-01	-1.18068e-16	
771	3.702500e-08	4.498832e-01	4.500000e-01	-1.10880e-16	
772	3.707500e-08	4.498832e-01	4.500000e-01	-1.04130e-16	
773	3.712500e-08	4.498832e-01	4.500000e-01	-9.77920e-17	
774	3.717500e-08	4.498832e-01	4.500000e-01	-9.18409e-17	
775	3.722500e-08	4.498832e-01	4.500000e-01	-8.62519e-17	
776	3.727500e-08	4.498832e-01	4.500000e-01	-8.10037e-17	
777	3.732500e-08	4.498832e-01	4.500000e-01	-7.60756e-17	
778	3.737500e-08	4.498832e-01	4.500000e-01	-7.14480e-17	
779	3.742500e-08	4.498832e-01	4.500000e-01	-6.71035e-17	
780	3.747500e-08	4.498832e-01	4.500000e-01	-6.30238e-17	
781	3.752500e-08	4.498832e-01	4.500000e-01	-5.91922e-17	
782	3.757500e-08	4.498832e-01	4.500000e-01	-5.55950e-17	
783	3.762500e-08	4.498832e-01	4.500000e-01	-5.22173e-17	
784	3.767500e-08	4.498832e-01	4.500000e-01	-4.90446e-17	
785	3.772500e-08	4.498832e-01	4.500000e-01	-4.60655e-17	
786	3.777500e-08	4.498832e-01	4.500000e-01	-4.32680e-17	
787	3.782500e-08	4.498832e-01	4.500000e-01	-4.06412e-17	
788	3.787500e-08	4.498832e-01	4.500000e-01	-3.81745e-17	
789	3.792500e-08	4.498832e-01	4.500000e-01	-3.58582e-17	
790	3.797500e-08	4.498832e-01	4.500000e-01	-3.36832e-17	
791	3.802500e-08	4.498832e-01	4.500000e-01	-3.16409e-17	
792	3.807500e-08	4.498832e-01	4.500000e-01	-2.97231e-17	
793	3.812500e-08	4.498832e-01	4.500000e-01	-2.79222e-17	
794	3.817500e-08	4.498832e-01	4.500000e-01	-2.62312e-17	
795	3.822500e-08	4.498832e-01	4.500000e-01	-2.46433e-17	
796	3.827500e-08	4.498832e-01	4.500000e-01	-2.31522e-17	
797	3.832500e-08	4.498832e-01	4.500000e-01	-2.17521e-17	
798	3.837500e-08	4.498832e-01	4.500000e-01	-2.04373e-17	
799	3.842500e-08	4.498832e-01	4.500000e-01	-1.92027e-17	
800	3.847500e-08	4.498832e-01	4.500000e-01	-1.80435e-17	
801	3.852500e-08	4.498832e-01	4.500000e-01	-1.69549e-17	
802	3.857500e-08	4.498832e-01	4.500000e-01	-1.59327e-17	
803	3.862500e-08	4.498832e-01	4.500000e-01	-1.49728e-17	
804	3.867500e-08	4.498832e-01	4.500000e-01	-1.40715e-17	
805	3.872500e-08	4.498832e-01	4.500000e-01	-1.32251e-17	
806	3.877500e-08	4.498832e-01	4.500000e-01	-1.24304e-17	
807	3.882500e-08	4.498832e-01	4.500000e-01	-1.16841e-17	
808	3.887500e-08	4.498832e-01	4.500000e-01	-1.09833e-17	

Index   time            v(cell)         v(bl)           vpre#branch     
--------------------------------------------------------------------------------
809	3.892500e-08	4.498832e-01	4.500000e-01	-1.03253e-17	
810	3.897500e-08	4.498832e-01	4.500000e-01	-9.70735e-18	
811	3.902500e-08	4.498832e-01	4.500000e-01	-9.12713e-18	
812	3.907500e-08	4.498832e-01	4.500000e-01	-8.58311e-18	
813	3.912500e-08	4.498832e-01	4.500000e-01	-8.07227e-18	
814	3.917500e-08	4.498832e-01	4.500000e-01	-7.59176e-18	
815	3.922500e-08	4.498832e-01	4.500000e-01	-7.14055e-18	
816	3.927500e-08	4.498832e-01	4.500000e-01	-6.71686e-18	
817	3.932500e-08	4.498832e-01	4.500000e-01	-6.31900e-18	
818	3.937500e-08	4.498832e-01	4.500000e-01	-5.94541e-18	
819	3.942500e-08	4.498832e-01	4.500000e-01	-5.59460e-18	
820	3.947500e-08	4.498832e-01	4.500000e-01	-5.26518e-18	
821	3.952500e-08	4.498832e-01	4.500000e-01	-4.95586e-18	
822	3.957500e-08	4.498832e-01	4.500000e-01	-4.66540e-18	
823	3.962500e-08	4.498832e-01	4.500000e-01	-4.39265e-18	
824	3.967500e-08	4.498832e-01	4.500000e-01	-4.13653e-18	
825	3.972500e-08	4.498832e-01	4.500000e-01	-3.89603e-18	
826	3.977500e-08	4.498832e-01	4.500000e-01	-3.67020e-18	
827	3.982500e-08	4.498832e-01	4.500000e-01	-3.45814e-18	
828	3.987500e-08	4.498832e-01	4.500000e-01	-3.25901e-18	
829	3.992500e-08	4.498832e-01	4.500000e-01	-3.07203e-18	
830	3.996250e-08	4.498832e-01	4.500000e-01	-2.93937e-18	
831	4.000000e-08	4.498832e-01	4.500000e-01	-2.81267e-18	


Total analysis time (seconds) = 0.0716086

Total elapsed time (seconds) = 0.085 

Total DRAM available = 386307.215 MB.
DRAM currently available = 12943.375 MB.
Maximum ngspice program size =  529.719 MB.
Current ngspice program size =   14.168 MB.

Shared ngspice pages =   12.348 MB.
Text (code) pages =    6.266 MB.
Stack = 0 bytes.
Library pages =   59.137 MB.

