
Note: No compatibility mode selected!


Circuit: * id-vg sweep vds=0.4500v

Doing analysis at TEMP = -40.000000 and TNOM = 27.000000

Using SPARSE 1.3 as Direct Linear Solver

No. of Data Rows : 201

  Measurements for DC Analysis

ion                 =  -1.07963e-06 at=  9.00000e-01
ioff                =  -2.87043e-17

                           * id-vg sweep vds=0.4500v
                           DC transfer characteristic  Tue Jun 23 23:56:51  2026
--------------------------------------------------------------------------------
Index   v-sweep         vd#branch       
--------------------------------------------------------------------------------
0	0.000000e+00	-2.87043e-17	
1	4.500000e-03	-3.27971e-17	
2	9.000000e-03	-3.78387e-17	
3	1.350000e-02	-4.36662e-17	
4	1.800000e-02	-5.03612e-17	
5	2.250000e-02	-5.80861e-17	
6	2.700000e-02	-6.69766e-17	
7	3.150000e-02	-7.72765e-17	
8	3.600000e-02	-8.91214e-17	
9	4.050000e-02	-1.02782e-16	
10	4.500000e-02	-1.18558e-16	
11	4.950000e-02	-1.36772e-16	
12	5.400000e-02	-1.57779e-16	
13	5.850000e-02	-1.81983e-16	
14	6.300000e-02	-2.09874e-16	
15	6.750000e-02	-2.42102e-16	
16	7.200000e-02	-2.79263e-16	
17	7.650000e-02	-3.22116e-16	
18	8.100000e-02	-3.71556e-16	
19	8.550000e-02	-4.28612e-16	
20	9.000000e-02	-4.94342e-16	
21	9.450000e-02	-5.70182e-16	
22	9.900000e-02	-6.57704e-16	
23	1.035000e-01	-7.58643e-16	
24	1.080000e-01	-8.75060e-16	
25	1.125000e-01	-1.00934e-15	
26	1.170000e-01	-1.16424e-15	
27	1.215000e-01	-1.34292e-15	
28	1.260000e-01	-1.54900e-15	
29	1.305000e-01	-1.78671e-15	
30	1.350000e-01	-2.06091e-15	
31	1.395000e-01	-2.37717e-15	
32	1.440000e-01	-2.74200e-15	
33	1.485000e-01	-3.16278e-15	
34	1.530000e-01	-3.64815e-15	
35	1.575000e-01	-4.20801e-15	
36	1.620000e-01	-4.85376e-15	
37	1.665000e-01	-5.59863e-15	
38	1.710000e-01	-6.45781e-15	
39	1.755000e-01	-7.44885e-15	
40	1.800000e-01	-8.59198e-15	
41	1.845000e-01	-9.91053e-15	
42	1.890000e-01	-1.14314e-14	
43	1.935000e-01	-1.31857e-14	
44	1.980000e-01	-1.52092e-14	
45	2.025000e-01	-1.75432e-14	
46	2.070000e-01	-2.02355e-14	
47	2.115000e-01	-2.33409e-14	
48	2.160000e-01	-2.69228e-14	
49	2.205000e-01	-3.10545e-14	
50	2.250000e-01	-3.58202e-14	
51	2.295000e-01	-4.13172e-14	
52	2.340000e-01	-4.76579e-14	
53	2.385000e-01	-5.49715e-14	
54	2.430000e-01	-6.34076e-14	

Index   v-sweep         vd#branch       
--------------------------------------------------------------------------------
55	2.475000e-01	-7.31383e-14	
56	2.520000e-01	-8.43623e-14	
57	2.565000e-01	-9.73087e-14	
58	2.610000e-01	-1.12242e-13	
59	2.655000e-01	-1.29467e-13	
60	2.700000e-01	-1.49335e-13	
61	2.745000e-01	-1.72252e-13	
62	2.790000e-01	-1.98687e-13	
63	2.835000e-01	-2.29178e-13	
64	2.880000e-01	-2.64348e-13	
65	2.925000e-01	-3.04915e-13	
66	2.970000e-01	-3.51708e-13	
67	3.015000e-01	-4.05681e-13	
68	3.060000e-01	-4.67938e-13	
69	3.105000e-01	-5.39748e-13	
70	3.150000e-01	-6.22579e-13	
71	3.195000e-01	-7.18121e-13	
72	3.240000e-01	-8.28325e-13	
73	3.285000e-01	-9.55440e-13	
74	3.330000e-01	-1.10206e-12	
75	3.375000e-01	-1.27119e-12	
76	3.420000e-01	-1.46626e-12	
77	3.465000e-01	-1.69127e-12	
78	3.510000e-01	-1.95082e-12	
79	3.555000e-01	-2.25019e-12	
80	3.600000e-01	-2.59550e-12	
81	3.645000e-01	-2.99380e-12	
82	3.690000e-01	-3.45321e-12	
83	3.735000e-01	-3.98313e-12	
84	3.780000e-01	-4.59436e-12	
85	3.825000e-01	-5.29939e-12	
86	3.870000e-01	-6.11260e-12	
87	3.915000e-01	-7.05058e-12	
88	3.960000e-01	-8.13249e-12	
89	4.005000e-01	-9.38040e-12	
90	4.050000e-01	-1.08198e-11	
91	4.095000e-01	-1.24800e-11	
92	4.140000e-01	-1.43949e-11	
93	4.185000e-01	-1.66036e-11	
94	4.230000e-01	-1.91512e-11	
95	4.275000e-01	-2.20895e-11	
96	4.320000e-01	-2.54785e-11	
97	4.365000e-01	-2.93873e-11	
98	4.410000e-01	-3.38956e-11	
99	4.455000e-01	-3.90952e-11	
100	4.500000e-01	-4.50921e-11	
101	4.545000e-01	-5.20084e-11	
102	4.590000e-01	-5.99848e-11	
103	4.635000e-01	-6.91837e-11	
104	4.680000e-01	-7.97921e-11	
105	4.725000e-01	-9.20257e-11	
106	4.770000e-01	-1.06133e-10	
107	4.815000e-01	-1.23541e-10	
108	4.860000e-01	-1.42472e-10	
109	4.905000e-01	-1.64299e-10	
110	4.950000e-01	-1.89463e-10	
111	4.995000e-01	-2.18473e-10	
112	5.040000e-01	-2.51913e-10	

Index   v-sweep         vd#branch       
--------------------------------------------------------------------------------
113	5.085000e-01	-2.90457e-10	
114	5.130000e-01	-3.34877e-10	
115	5.175000e-01	-3.86064e-10	
116	5.220000e-01	-4.45039e-10	
117	5.265000e-01	-5.12977e-10	
118	5.310000e-01	-5.91223e-10	
119	5.355000e-01	-6.81324e-10	
120	5.400000e-01	-7.85048e-10	
121	5.445000e-01	-9.04420e-10	
122	5.490000e-01	-1.04176e-09	
123	5.535000e-01	-1.19971e-09	
124	5.580000e-01	-1.38128e-09	
125	5.625000e-01	-1.58992e-09	
126	5.670000e-01	-1.82953e-09	
127	5.715000e-01	-2.10454e-09	
128	5.760000e-01	-2.41998e-09	
129	5.805000e-01	-2.78152e-09	
130	5.850000e-01	-3.19555e-09	
131	5.895000e-01	-3.66928e-09	
132	5.940000e-01	-4.21078e-09	
133	5.985000e-01	-4.82909e-09	
134	6.030000e-01	-5.53428e-09	
135	6.075000e-01	-6.33760e-09	
136	6.120000e-01	-7.25152e-09	
137	6.165000e-01	-8.28986e-09	
138	6.210000e-01	-9.46790e-09	
139	6.255000e-01	-1.08025e-08	
140	6.300000e-01	-1.23124e-08	
141	6.345000e-01	-1.40179e-08	
142	6.390000e-01	-1.59416e-08	
143	6.435000e-01	-1.81082e-08	
144	6.480000e-01	-2.05447e-08	
145	6.525000e-01	-2.32806e-08	
146	6.570000e-01	-2.63478e-08	
147	6.615000e-01	-2.97806e-08	
148	6.660000e-01	-3.36160e-08	
149	6.705000e-01	-3.78927e-08	
150	6.750000e-01	-4.26512e-08	
151	6.795000e-01	-4.79331e-08	
152	6.840000e-01	-5.37803e-08	
153	6.885000e-01	-6.02343e-08	
154	6.930000e-01	-6.73350e-08	
155	6.975000e-01	-7.51202e-08	
156	7.020000e-01	-8.36244e-08	
157	7.065000e-01	-9.28779e-08	
158	7.110000e-01	-1.02906e-07	
159	7.155000e-01	-1.13730e-07	
160	7.200000e-01	-1.25364e-07	
161	7.245000e-01	-1.37816e-07	
162	7.290000e-01	-1.51089e-07	
163	7.335000e-01	-1.65181e-07	
164	7.380000e-01	-1.80084e-07	
165	7.425000e-01	-1.95786e-07	
166	7.470000e-01	-2.12270e-07	
167	7.515000e-01	-2.29517e-07	
168	7.560000e-01	-2.47506e-07	
169	7.605000e-01	-2.66213e-07	
170	7.650000e-01	-2.85614e-07	

Index   v-sweep         vd#branch       
--------------------------------------------------------------------------------
171	7.695000e-01	-3.05681e-07	
172	7.740000e-01	-3.26074e-07	
173	7.785000e-01	-3.47412e-07	
174	7.830000e-01	-3.69338e-07	
175	7.875000e-01	-3.91828e-07	
176	7.920000e-01	-4.14857e-07	
177	7.965000e-01	-4.38400e-07	
178	8.010000e-01	-4.62434e-07	
179	8.055000e-01	-4.86937e-07	
180	8.100000e-01	-5.11888e-07	
181	8.145000e-01	-5.37265e-07	
182	8.190000e-01	-5.63049e-07	
183	8.235000e-01	-5.89223e-07	
184	8.280000e-01	-6.15767e-07	
185	8.325000e-01	-6.42666e-07	
186	8.370000e-01	-6.69903e-07	
187	8.415000e-01	-6.97463e-07	
188	8.460000e-01	-7.25333e-07	
189	8.505000e-01	-7.53498e-07	
190	8.550000e-01	-7.81946e-07	
191	8.595000e-01	-8.10665e-07	
192	8.640000e-01	-8.39644e-07	
193	8.685000e-01	-8.68871e-07	
194	8.730000e-01	-8.98337e-07	
195	8.775000e-01	-9.28031e-07	
196	8.820000e-01	-9.57945e-07	
197	8.865000e-01	-9.88070e-07	
198	8.910000e-01	-1.01840e-06	
199	8.955000e-01	-1.04892e-06	
200	9.000000e-01	-1.07963e-06	


Total analysis time (seconds) = 0.0162252

Total elapsed time (seconds) = 0.024 

Total DRAM available = 386307.215 MB.
DRAM currently available = 2051.031 MB.
Maximum ngspice program size =  529.719 MB.
Current ngspice program size =   14.172 MB.

Shared ngspice pages =   12.410 MB.
Text (code) pages =    6.266 MB.
Stack = 0 bytes.
Library pages =   59.137 MB.

