
Note: No compatibility mode selected!


Circuit: * id-vd sweep vgs=1.0350v

Doing analysis at TEMP = -40.000000 and TNOM = 27.000000

Using SPARSE 1.3 as Direct Linear Solver

No. of Data Rows : 101
                           * id-vd sweep vgs=1.0350v
                           DC transfer characteristic  Tue Jun 23 16:45:01  2026
--------------------------------------------------------------------------------
Index   v-sweep         vd#branch       v(d)            
--------------------------------------------------------------------------------
0	0.000000e+00	0.000000e+00	0.000000e+00	
1	9.000000e-03	-8.77155e-07	9.000000e-03	
2	1.800000e-02	-1.26673e-06	1.800000e-02	
3	2.700000e-02	-1.40032e-06	2.700000e-02	
4	3.600000e-02	-1.47758e-06	3.600000e-02	
5	4.500000e-02	-1.53204e-06	4.500000e-02	
6	5.400000e-02	-1.57415e-06	5.400000e-02	
7	6.300000e-02	-1.60856e-06	6.300000e-02	
8	7.200000e-02	-1.63773e-06	7.200000e-02	
9	8.100000e-02	-1.66312e-06	8.100000e-02	
10	9.000000e-02	-1.68695e-06	9.000000e-02	
11	9.900000e-02	-1.70697e-06	9.900000e-02	
12	1.080000e-01	-1.72529e-06	1.080000e-01	
13	1.170000e-01	-1.74219e-06	1.170000e-01	
14	1.260000e-01	-1.75791e-06	1.260000e-01	
15	1.350000e-01	-1.77262e-06	1.350000e-01	
16	1.440000e-01	-1.78647e-06	1.440000e-01	
17	1.530000e-01	-1.79956e-06	1.530000e-01	
18	1.620000e-01	-1.81200e-06	1.620000e-01	
19	1.710000e-01	-1.82385e-06	1.710000e-01	
20	1.800000e-01	-1.83518e-06	1.800000e-01	
21	1.890000e-01	-1.84605e-06	1.890000e-01	
22	1.980000e-01	-1.85650e-06	1.980000e-01	
23	2.070000e-01	-1.86657e-06	2.070000e-01	
24	2.160000e-01	-1.87630e-06	2.160000e-01	
25	2.250000e-01	-1.88571e-06	2.250000e-01	
26	2.340000e-01	-1.89483e-06	2.340000e-01	
27	2.430000e-01	-1.90369e-06	2.430000e-01	
28	2.520000e-01	-1.91230e-06	2.520000e-01	
29	2.610000e-01	-1.92069e-06	2.610000e-01	
30	2.700000e-01	-1.92886e-06	2.700000e-01	
31	2.790000e-01	-1.93684e-06	2.790000e-01	
32	2.880000e-01	-1.94463e-06	2.880000e-01	
33	2.970000e-01	-1.95226e-06	2.970000e-01	
34	3.060000e-01	-1.95972e-06	3.060000e-01	
35	3.150000e-01	-1.96703e-06	3.150000e-01	
36	3.240000e-01	-1.97420e-06	3.240000e-01	
37	3.330000e-01	-1.98123e-06	3.330000e-01	
38	3.420000e-01	-1.98814e-06	3.420000e-01	
39	3.510000e-01	-1.99493e-06	3.510000e-01	
40	3.600000e-01	-2.00161e-06	3.600000e-01	
41	3.690000e-01	-2.00817e-06	3.690000e-01	
42	3.780000e-01	-2.01464e-06	3.780000e-01	
43	3.870000e-01	-2.02101e-06	3.870000e-01	
44	3.960000e-01	-2.02729e-06	3.960000e-01	
45	4.050000e-01	-2.03348e-06	4.050000e-01	
46	4.140000e-01	-2.03958e-06	4.140000e-01	
47	4.230000e-01	-2.04561e-06	4.230000e-01	
48	4.320000e-01	-2.05156e-06	4.320000e-01	
49	4.410000e-01	-2.05743e-06	4.410000e-01	
50	4.500000e-01	-2.06324e-06	4.500000e-01	
51	4.590000e-01	-2.06898e-06	4.590000e-01	
52	4.680000e-01	-2.07465e-06	4.680000e-01	
53	4.770000e-01	-2.08026e-06	4.770000e-01	
54	4.860000e-01	-2.08581e-06	4.860000e-01	

Index   v-sweep         vd#branch       v(d)            
--------------------------------------------------------------------------------
55	4.950000e-01	-2.09131e-06	4.950000e-01	
56	5.040000e-01	-2.09675e-06	5.040000e-01	
57	5.130000e-01	-2.10214e-06	5.130000e-01	
58	5.220000e-01	-2.10747e-06	5.220000e-01	
59	5.310000e-01	-2.11276e-06	5.310000e-01	
60	5.400000e-01	-2.11800e-06	5.400000e-01	
61	5.490000e-01	-2.12319e-06	5.490000e-01	
62	5.580000e-01	-2.12834e-06	5.580000e-01	
63	5.670000e-01	-2.13345e-06	5.670000e-01	
64	5.760000e-01	-2.13851e-06	5.760000e-01	
65	5.850000e-01	-2.14353e-06	5.850000e-01	
66	5.940000e-01	-2.14852e-06	5.940000e-01	
67	6.030000e-01	-2.15347e-06	6.030000e-01	
68	6.120000e-01	-2.15838e-06	6.120000e-01	
69	6.210000e-01	-2.16326e-06	6.210000e-01	
70	6.300000e-01	-2.16810e-06	6.300000e-01	
71	6.390000e-01	-2.17291e-06	6.390000e-01	
72	6.480000e-01	-2.17768e-06	6.480000e-01	
73	6.570000e-01	-2.18243e-06	6.570000e-01	
74	6.660000e-01	-2.18714e-06	6.660000e-01	
75	6.750000e-01	-2.19183e-06	6.750000e-01	
76	6.840000e-01	-2.19649e-06	6.840000e-01	
77	6.930000e-01	-2.20112e-06	6.930000e-01	
78	7.020000e-01	-2.20572e-06	7.020000e-01	
79	7.110000e-01	-2.21029e-06	7.110000e-01	
80	7.200000e-01	-2.21484e-06	7.200000e-01	
81	7.290000e-01	-2.21937e-06	7.290000e-01	
82	7.380000e-01	-2.22387e-06	7.380000e-01	
83	7.470000e-01	-2.22834e-06	7.470000e-01	
84	7.560000e-01	-2.23280e-06	7.560000e-01	
85	7.650000e-01	-2.23723e-06	7.650000e-01	
86	7.740000e-01	-2.24164e-06	7.740000e-01	
87	7.830000e-01	-2.24602e-06	7.830000e-01	
88	7.920000e-01	-2.25039e-06	7.920000e-01	
89	8.010000e-01	-2.25473e-06	8.010000e-01	
90	8.100000e-01	-2.25906e-06	8.100000e-01	
91	8.190000e-01	-2.26337e-06	8.190000e-01	
92	8.280000e-01	-2.26765e-06	8.280000e-01	
93	8.370000e-01	-2.27192e-06	8.370000e-01	
94	8.460000e-01	-2.27617e-06	8.460000e-01	
95	8.550000e-01	-2.28040e-06	8.550000e-01	
96	8.640000e-01	-2.28462e-06	8.640000e-01	
97	8.730000e-01	-2.28882e-06	8.730000e-01	
98	8.820000e-01	-2.29300e-06	8.820000e-01	
99	8.910000e-01	-2.29716e-06	8.910000e-01	
100	9.000000e-01	-2.30131e-06	9.000000e-01	


Total analysis time (seconds) = 0.243234

Total elapsed time (seconds) = 0.251 

Total DRAM available = 386307.215 MB.
DRAM currently available = 19455.828 MB.
Maximum ngspice program size =  529.723 MB.
Current ngspice program size =   14.145 MB.

Shared ngspice pages =   12.379 MB.
Text (code) pages =    6.266 MB.
Stack = 0 bytes.
Library pages =   59.141 MB.

