
Note: No compatibility mode selected!


Circuit: * mini-array n=8 layout

Doing analysis at TEMP = -40.000000 and TNOM = 27.000000

Using SPARSE 1.3 as Direct Linear Solver

Initial Transient Solution
--------------------------

Node                                   Voltage
----                                   -------
pre                                       0.45
bl0                                       0.45
s                                            0
bltap0                                    0.45
wl0                                          0
bl1                                       0.45
bltap1                                    0.45
wl1                                          0
bl2                                       0.45
bltap2                                    0.45
wl2                                          0
bl3                                       0.45
bltap3                                    0.45
wl3                                          0
bl4                                       0.45
bltap4                                    0.45
wl4                                          0
bl5                                       0.45
bltap5                                    0.45
wl5                                          0
bl6                                       0.45
bltap6                                    0.45
wl6                                          0
bl7                                       0.45
bltap7                                    0.45
wl7                                          0
plate0                                       0
cell0                                        0
plate1                                    0.45
cell1                                 0.450005
plate2                                    0.45
cell2                                 0.450005
plate3                                    0.45
cell3                                 0.450005
plate4                                    0.45
cell4                                 0.450005
plate5                                    0.45
cell5                                 0.450005
plate6                                    0.45
cell6                                 0.450005
plate7                                    0.45
cell7                                 0.450005
vplate7#branch                               0
vwl7#branch                                  0
vplate6#branch                               0
vwl6#branch                                  0
vplate5#branch                               0
vwl5#branch                                  0
vplate4#branch                               0
vwl4#branch                                  0
vplate3#branch                               0
vwl3#branch                                  0
vplate2#branch                               0
vwl2#branch                                  0
vplate1#branch                               0
vwl1#branch                                  0
vplate0#branch                               0
vwl0#branch                                  0
vs#branch                                    0
vpre#branch                                  0


No. of Data Rows : 514

  Measurements for Transient Analysis

t_bl_settle         =  7.24307e-09
i_bl_leak           =  -1.06339e-10 from=  1.50000e-08 to=  2.50000e-08

                            * mini-array n=8 layout
                            Transient Analysis  Tue Jun 23 21:19:11  2026
--------------------------------------------------------------------------------
Index   time            v(bl0)          v(bl7)          vpre#branch     
--------------------------------------------------------------------------------
0	0.000000e+00	4.500000e-01	4.500000e-01	0.000000e+00	
1	5.000000e-13	4.500000e-01	4.500000e-01	-4.96308e-24	
2	1.000000e-12	4.500000e-01	4.500000e-01	-8.27181e-24	
3	2.000000e-12	4.500000e-01	4.500000e-01	-1.40621e-23	
4	4.000000e-12	4.500000e-01	4.500000e-01	-1.48893e-23	
5	8.000000e-12	4.500000e-01	4.500000e-01	-1.81980e-23	
6	1.600000e-11	4.500000e-01	4.500000e-01	-8.51996e-23	
7	3.200000e-11	4.500000e-01	4.500000e-01	-1.05879e-22	
8	6.400000e-11	4.500000e-01	4.500000e-01	-7.36191e-23	
9	1.140000e-10	4.500000e-01	4.500000e-01	-4.79765e-23	
10	1.640000e-10	4.500000e-01	4.500000e-01	3.217733e-22	
11	2.140000e-10	4.500000e-01	4.500000e-01	6.890415e-22	
12	2.640000e-10	4.500000e-01	4.500000e-01	1.058791e-21	
13	3.140000e-10	4.500000e-01	4.500000e-01	1.426887e-21	
14	3.640000e-10	4.500000e-01	4.500000e-01	1.796636e-21	
15	4.140000e-10	4.500000e-01	4.500000e-01	2.163904e-21	
16	4.640000e-10	4.500000e-01	4.500000e-01	2.534481e-21	
17	5.140000e-10	4.500000e-01	4.500000e-01	2.900922e-21	
18	5.640000e-10	4.500000e-01	4.500000e-01	3.268191e-21	
19	6.140000e-10	4.500000e-01	4.500000e-01	3.635459e-21	
20	6.640000e-10	4.500000e-01	4.500000e-01	4.006036e-21	
21	7.140000e-10	4.500000e-01	4.500000e-01	4.373304e-21	
22	7.640000e-10	4.500000e-01	4.500000e-01	4.743054e-21	
23	8.140000e-10	4.500000e-01	4.500000e-01	5.110322e-21	
24	8.640000e-10	4.500000e-01	4.500000e-01	5.479244e-21	
25	9.140000e-10	4.500000e-01	4.500000e-01	5.846513e-21	
26	9.570000e-10	4.500000e-01	4.500000e-01	5.787783e-21	
27	1.000000e-09	4.500000e-01	4.500000e-01	5.324562e-21	
28	1.005000e-09	4.500551e-01	4.500312e-01	5.506880e-13	
29	1.015000e-09	4.501427e-01	4.501108e-01	1.426982e-12	
30	1.035000e-09	4.503071e-01	4.502810e-01	3.070789e-12	
31	1.075000e-09	4.506441e-01	4.506131e-01	6.441250e-12	
32	1.125000e-09	4.510600e-01	4.510335e-01	1.060048e-11	
33	1.175000e-09	4.514803e-01	4.514497e-01	1.480347e-11	
34	1.225000e-09	4.518966e-01	4.518697e-01	1.896599e-11	
35	1.275000e-09	4.523166e-01	4.522862e-01	2.316591e-11	
36	1.325000e-09	4.527331e-01	4.527060e-01	2.733122e-11	
37	1.375000e-09	4.531529e-01	4.531227e-01	3.152853e-11	
38	1.425000e-09	4.535696e-01	4.535422e-01	3.569620e-11	
39	1.475000e-09	4.539891e-01	4.539592e-01	3.989126e-11	
40	1.525000e-09	4.544061e-01	4.543785e-01	4.406080e-11	
41	1.575000e-09	4.548253e-01	4.547956e-01	4.825344e-11	
42	1.625000e-09	4.552422e-01	4.552145e-01	5.242243e-11	
43	1.675000e-09	4.556604e-01	4.556310e-01	5.660447e-11	
44	1.725000e-09	4.560742e-01	4.560466e-01	6.074167e-11	
45	1.775000e-09	4.564814e-01	4.564532e-01	6.481439e-11	
46	1.825000e-09	4.568668e-01	4.568418e-01	6.866826e-11	
47	1.875000e-09	4.572172e-01	4.571939e-01	7.217186e-11	
48	1.925000e-09	4.575156e-01	4.574973e-01	7.515614e-11	
49	1.962500e-09	4.577020e-01	4.576858e-01	7.701996e-11	
50	2.000000e-09	4.578513e-01	4.578395e-01	7.851329e-11	
51	2.005000e-09	4.578143e-01	4.578259e-01	7.814257e-11	
52	2.015000e-09	4.577624e-01	4.577820e-01	7.762396e-11	
53	2.035000e-09	4.576699e-01	4.576837e-01	7.669935e-11	
54	2.075000e-09	4.574789e-01	4.574973e-01	7.478885e-11	

Index   time            v(bl0)          v(bl7)          vpre#branch     
--------------------------------------------------------------------------------
55	2.125000e-09	4.572492e-01	4.572628e-01	7.249176e-11	
56	2.175000e-09	4.570193e-01	4.570367e-01	7.019267e-11	
57	2.225000e-09	4.567974e-01	4.568108e-01	6.797382e-11	
58	2.275000e-09	4.565757e-01	4.565924e-01	6.575743e-11	
59	2.325000e-09	4.563614e-01	4.563746e-01	6.361374e-11	
60	2.375000e-09	4.561476e-01	4.561635e-01	6.147614e-11	
61	2.425000e-09	4.559405e-01	4.559534e-01	5.940465e-11	
62	2.475000e-09	4.557342e-01	4.557494e-01	5.734214e-11	
63	2.525000e-09	4.555340e-01	4.555466e-01	5.533999e-11	
64	2.575000e-09	4.553349e-01	4.553494e-01	5.334911e-11	
65	2.625000e-09	4.551414e-01	4.551537e-01	5.141354e-11	
66	2.675000e-09	4.549491e-01	4.549630e-01	4.949102e-11	
67	2.725000e-09	4.547619e-01	4.547740e-01	4.761936e-11	
68	2.775000e-09	4.545762e-01	4.545895e-01	4.576213e-11	
69	2.825000e-09	4.543952e-01	4.544069e-01	4.395182e-11	
70	2.875000e-09	4.542157e-01	4.542285e-01	4.215696e-11	
71	2.925000e-09	4.540406e-01	4.540520e-01	4.040554e-11	
72	2.975000e-09	4.538670e-01	4.538793e-01	3.867030e-11	
73	3.025000e-09	4.536975e-01	4.537087e-01	3.697541e-11	
74	3.075000e-09	4.535297e-01	4.535416e-01	3.529719e-11	
75	3.125000e-09	4.533657e-01	4.533765e-01	3.365656e-11	
76	3.175000e-09	4.532033e-01	4.532147e-01	3.203289e-11	
77	3.225000e-09	4.530444e-01	4.530549e-01	3.044434e-11	
78	3.275000e-09	4.528873e-01	4.528983e-01	2.887289e-11	
79	3.325000e-09	4.527334e-01	4.527437e-01	2.733433e-11	
80	3.375000e-09	4.525813e-01	4.525919e-01	2.581289e-11	
81	3.425000e-09	4.524322e-01	4.524422e-01	2.432233e-11	
82	3.475000e-09	4.522849e-01	4.522951e-01	2.284878e-11	
83	3.525000e-09	4.521404e-01	4.521501e-01	2.140430e-11	
84	3.575000e-09	4.519977e-01	4.520076e-01	1.997665e-11	
85	3.625000e-09	4.518576e-01	4.518670e-01	1.857642e-11	
86	3.675000e-09	4.517193e-01	4.517289e-01	1.719278e-11	
87	3.725000e-09	4.515835e-01	4.515926e-01	1.583505e-11	
88	3.775000e-09	4.514494e-01	4.514586e-01	1.449359e-11	
89	3.825000e-09	4.513177e-01	4.513265e-01	1.317668e-11	
90	3.875000e-09	4.511876e-01	4.511965e-01	1.187571e-11	
91	3.925000e-09	4.510598e-01	4.510684e-01	1.059801e-11	
92	3.975000e-09	4.509336e-01	4.509423e-01	9.335876e-12	
93	4.025000e-09	4.508096e-01	4.508180e-01	8.095858e-12	
94	4.075000e-09	4.506871e-01	4.506955e-01	6.871007e-12	
95	4.125000e-09	4.505667e-01	4.505749e-01	5.667197e-12	
96	4.175000e-09	4.504478e-01	4.504560e-01	4.478146e-12	
97	4.225000e-09	4.503309e-01	4.503388e-01	3.309141e-12	
98	4.275000e-09	4.502154e-01	4.502234e-01	2.154475e-12	
99	4.325000e-09	4.501019e-01	4.501096e-01	1.018930e-12	
100	4.375000e-09	4.499897e-01	4.499974e-01	-1.02698e-13	
101	4.425000e-09	4.498794e-01	4.498869e-01	-1.20607e-12	
102	4.475000e-09	4.497704e-01	4.497779e-01	-2.29595e-12	
103	4.525000e-09	4.496632e-01	4.496704e-01	-3.36837e-12	
104	4.575000e-09	4.495572e-01	4.495645e-01	-4.42773e-12	
105	4.625000e-09	4.494530e-01	4.494600e-01	-5.47038e-12	
106	4.675000e-09	4.493500e-01	4.493570e-01	-6.50038e-12	
107	4.725000e-09	4.492486e-01	4.492555e-01	-7.51440e-12	
108	4.775000e-09	4.491484e-01	4.491552e-01	-8.51616e-12	
109	4.825000e-09	4.490497e-01	4.490564e-01	-9.50261e-12	
110	4.875000e-09	4.489523e-01	4.489589e-01	-1.04772e-11	
111	4.925000e-09	4.488563e-01	4.488628e-01	-1.14371e-11	
112	4.975000e-09	4.487614e-01	4.487679e-01	-1.23856e-11	

Index   time            v(bl0)          v(bl7)          vpre#branch     
--------------------------------------------------------------------------------
113	5.025000e-09	4.486680e-01	4.486744e-01	-1.33199e-11	
114	5.075000e-09	4.485757e-01	4.485820e-01	-1.42432e-11	
115	5.125000e-09	4.484847e-01	4.484909e-01	-1.51530e-11	
116	5.175000e-09	4.483948e-01	4.484009e-01	-1.60520e-11	
117	5.225000e-09	4.483062e-01	4.483122e-01	-1.69380e-11	
118	5.275000e-09	4.482186e-01	4.482246e-01	-1.78137e-11	
119	5.325000e-09	4.481323e-01	4.481382e-01	-1.86769e-11	
120	5.375000e-09	4.480470e-01	4.480528e-01	-1.95301e-11	
121	5.425000e-09	4.479629e-01	4.479686e-01	-2.03713e-11	
122	5.475000e-09	4.478797e-01	4.478854e-01	-2.12028e-11	
123	5.525000e-09	4.477977e-01	4.478033e-01	-2.20228e-11	
124	5.575000e-09	4.477167e-01	4.477222e-01	-2.28334e-11	
125	5.625000e-09	4.476367e-01	4.476422e-01	-2.36329e-11	
126	5.675000e-09	4.475577e-01	4.475631e-01	-2.44234e-11	
127	5.725000e-09	4.474797e-01	4.474850e-01	-2.52031e-11	
128	5.775000e-09	4.474026e-01	4.474079e-01	-2.59741e-11	
129	5.825000e-09	4.473265e-01	4.473317e-01	-2.67348e-11	
130	5.875000e-09	4.472513e-01	4.472564e-01	-2.74871e-11	
131	5.925000e-09	4.471771e-01	4.471821e-01	-2.82294e-11	
132	5.975000e-09	4.471036e-01	4.471087e-01	-2.89636e-11	
133	6.025000e-09	4.470312e-01	4.470361e-01	-2.96881e-11	
134	6.075000e-09	4.469595e-01	4.469644e-01	-3.04049e-11	
135	6.125000e-09	4.468888e-01	4.468936e-01	-3.11123e-11	
136	6.175000e-09	4.468188e-01	4.468236e-01	-3.18122e-11	
137	6.225000e-09	4.467497e-01	4.467544e-01	-3.25030e-11	
138	6.275000e-09	4.466813e-01	4.466860e-01	-3.31866e-11	
139	6.325000e-09	4.466138e-01	4.466185e-01	-3.38615e-11	
140	6.375000e-09	4.465471e-01	4.465516e-01	-3.45293e-11	
141	6.425000e-09	4.464811e-01	4.464856e-01	-3.51888e-11	
142	6.475000e-09	4.464159e-01	4.464203e-01	-3.58414e-11	
143	6.525000e-09	4.463514e-01	4.463558e-01	-3.64860e-11	
144	6.575000e-09	4.462876e-01	4.462920e-01	-3.71239e-11	
145	6.625000e-09	4.462246e-01	4.462289e-01	-3.77540e-11	
146	6.675000e-09	4.461622e-01	4.461665e-01	-3.83777e-11	
147	6.725000e-09	4.461006e-01	4.461048e-01	-3.89939e-11	
148	6.775000e-09	4.460396e-01	4.460438e-01	-3.96039e-11	
149	6.825000e-09	4.459793e-01	4.459835e-01	-4.02065e-11	
150	6.875000e-09	4.459197e-01	4.459238e-01	-4.08032e-11	
151	6.925000e-09	4.458607e-01	4.458647e-01	-4.13929e-11	
152	6.975000e-09	4.458023e-01	4.458063e-01	-4.19767e-11	
153	7.025000e-09	4.457446e-01	4.457486e-01	-4.25537e-11	
154	7.075000e-09	4.456875e-01	4.456914e-01	-4.31250e-11	
155	7.125000e-09	4.456310e-01	4.456349e-01	-4.36898e-11	
156	7.175000e-09	4.455751e-01	4.455789e-01	-4.42491e-11	
157	7.225000e-09	4.455198e-01	4.455236e-01	-4.48021e-11	
158	7.275000e-09	4.454650e-01	4.454688e-01	-4.53497e-11	
159	7.325000e-09	4.454109e-01	4.454146e-01	-4.58912e-11	
160	7.375000e-09	4.453572e-01	4.453609e-01	-4.64276e-11	
161	7.425000e-09	4.453042e-01	4.453078e-01	-4.69579e-11	
162	7.475000e-09	4.452517e-01	4.452553e-01	-4.74833e-11	
163	7.525000e-09	4.451997e-01	4.452033e-01	-4.80030e-11	
164	7.575000e-09	4.451482e-01	4.451517e-01	-4.85178e-11	
165	7.625000e-09	4.450973e-01	4.451008e-01	-4.90270e-11	
166	7.675000e-09	4.450469e-01	4.450503e-01	-4.95315e-11	
167	7.725000e-09	4.449969e-01	4.450004e-01	-5.00306e-11	
168	7.775000e-09	4.449475e-01	4.449509e-01	-5.05251e-11	
169	7.825000e-09	4.448986e-01	4.449019e-01	-5.10144e-11	
170	7.875000e-09	4.448501e-01	4.448534e-01	-5.14993e-11	

Index   time            v(bl0)          v(bl7)          vpre#branch     
--------------------------------------------------------------------------------
171	7.925000e-09	4.448021e-01	4.448054e-01	-5.19791e-11	
172	7.975000e-09	4.447545e-01	4.447578e-01	-5.24546e-11	
173	8.025000e-09	4.447075e-01	4.447107e-01	-5.29252e-11	
174	8.075000e-09	4.446608e-01	4.446640e-01	-5.33916e-11	
175	8.125000e-09	4.446147e-01	4.446178e-01	-5.38532e-11	
176	8.175000e-09	4.445689e-01	4.445720e-01	-5.43109e-11	
177	8.225000e-09	4.445236e-01	4.445267e-01	-5.47638e-11	
178	8.275000e-09	4.444787e-01	4.444818e-01	-5.52129e-11	
179	8.325000e-09	4.444343e-01	4.444373e-01	-5.56574e-11	
180	8.375000e-09	4.443902e-01	4.443932e-01	-5.60981e-11	
181	8.425000e-09	4.443466e-01	4.443495e-01	-5.65344e-11	
182	8.475000e-09	4.443033e-01	4.443063e-01	-5.69671e-11	
183	8.525000e-09	4.442605e-01	4.442634e-01	-5.73955e-11	
184	8.575000e-09	4.442180e-01	4.442209e-01	-5.78203e-11	
185	8.625000e-09	4.441759e-01	4.441788e-01	-5.82410e-11	
186	8.675000e-09	4.441342e-01	4.441370e-01	-5.86582e-11	
187	8.725000e-09	4.440929e-01	4.440957e-01	-5.90713e-11	
188	8.775000e-09	4.440519e-01	4.440547e-01	-5.94811e-11	
189	8.825000e-09	4.440113e-01	4.440141e-01	-5.98870e-11	
190	8.875000e-09	4.439710e-01	4.439738e-01	-6.02896e-11	
191	8.925000e-09	4.439312e-01	4.439339e-01	-6.06884e-11	
192	8.975000e-09	4.438916e-01	4.438943e-01	-6.10840e-11	
193	9.025000e-09	4.438524e-01	4.438551e-01	-6.14759e-11	
194	9.075000e-09	4.438135e-01	4.438162e-01	-6.18647e-11	
195	9.125000e-09	4.437750e-01	4.437776e-01	-6.22499e-11	
196	9.175000e-09	4.437368e-01	4.437394e-01	-6.26321e-11	
197	9.225000e-09	4.436989e-01	4.437015e-01	-6.30108e-11	
198	9.275000e-09	4.436613e-01	4.436639e-01	-6.33865e-11	
199	9.325000e-09	4.436241e-01	4.436267e-01	-6.37589e-11	
200	9.375000e-09	4.435872e-01	4.435897e-01	-6.41284e-11	
201	9.425000e-09	4.435505e-01	4.435530e-01	-6.44945e-11	
202	9.475000e-09	4.435142e-01	4.435167e-01	-6.48579e-11	
203	9.525000e-09	4.434782e-01	4.434806e-01	-6.52181e-11	
204	9.575000e-09	4.434424e-01	4.434449e-01	-6.55756e-11	
205	9.625000e-09	4.434070e-01	4.434094e-01	-6.59299e-11	
206	9.675000e-09	4.433718e-01	4.433743e-01	-6.62816e-11	
207	9.725000e-09	4.433370e-01	4.433394e-01	-6.66302e-11	
208	9.775000e-09	4.433024e-01	4.433047e-01	-6.69763e-11	
209	9.825000e-09	4.432681e-01	4.432704e-01	-6.73193e-11	
210	9.875000e-09	4.432340e-01	4.432363e-01	-6.76599e-11	
211	9.925000e-09	4.432002e-01	4.432025e-01	-6.79976e-11	
212	9.975000e-09	4.431667e-01	4.431690e-01	-6.83328e-11	
213	1.002500e-08	4.431335e-01	4.431357e-01	-6.86652e-11	
214	1.007500e-08	4.431005e-01	4.431027e-01	-6.89953e-11	
215	1.012500e-08	4.430677e-01	4.430700e-01	-6.93226e-11	
216	1.017500e-08	4.430352e-01	4.430375e-01	-6.96475e-11	
217	1.022500e-08	4.430030e-01	4.430052e-01	-6.99698e-11	
218	1.027500e-08	4.429710e-01	4.429732e-01	-7.02898e-11	
219	1.032500e-08	4.429393e-01	4.429414e-01	-7.06072e-11	
220	1.037500e-08	4.429078e-01	4.429099e-01	-7.09224e-11	
221	1.042500e-08	4.428765e-01	4.428786e-01	-7.12351e-11	
222	1.047500e-08	4.428454e-01	4.428476e-01	-7.15456e-11	
223	1.052500e-08	4.428146e-01	4.428167e-01	-7.18536e-11	
224	1.057500e-08	4.427840e-01	4.427861e-01	-7.21595e-11	
225	1.062500e-08	4.427537e-01	4.427558e-01	-7.24630e-11	
226	1.067500e-08	4.427236e-01	4.427256e-01	-7.27645e-11	
227	1.072500e-08	4.426936e-01	4.426957e-01	-7.30635e-11	
228	1.077500e-08	4.426639e-01	4.426660e-01	-7.33606e-11	

Index   time            v(bl0)          v(bl7)          vpre#branch     
--------------------------------------------------------------------------------
229	1.082500e-08	4.426345e-01	4.426365e-01	-7.36554e-11	
230	1.087500e-08	4.426052e-01	4.426072e-01	-7.39482e-11	
231	1.092500e-08	4.425761e-01	4.425781e-01	-7.42387e-11	
232	1.097500e-08	4.425473e-01	4.425492e-01	-7.45274e-11	
233	1.102500e-08	4.425186e-01	4.425206e-01	-7.48138e-11	
234	1.107500e-08	4.424902e-01	4.424921e-01	-7.50984e-11	
235	1.112500e-08	4.424619e-01	4.424638e-01	-7.53809e-11	
236	1.117500e-08	4.424338e-01	4.424358e-01	-7.56615e-11	
237	1.122500e-08	4.424060e-01	4.424079e-01	-7.59400e-11	
238	1.127500e-08	4.423783e-01	4.423802e-01	-7.62168e-11	
239	1.132500e-08	4.423509e-01	4.423527e-01	-7.64915e-11	
240	1.137500e-08	4.423236e-01	4.423254e-01	-7.67645e-11	
241	1.142500e-08	4.422965e-01	4.422983e-01	-7.70354e-11	
242	1.147500e-08	4.422695e-01	4.422714e-01	-7.73047e-11	
243	1.152500e-08	4.422428e-01	4.422446e-01	-7.75720e-11	
244	1.157500e-08	4.422162e-01	4.422181e-01	-7.78377e-11	
245	1.162500e-08	4.421899e-01	4.421917e-01	-7.81014e-11	
246	1.167500e-08	4.421636e-01	4.421654e-01	-7.83636e-11	
247	1.172500e-08	4.421376e-01	4.421394e-01	-7.86238e-11	
248	1.177500e-08	4.421118e-01	4.421135e-01	-7.88825e-11	
249	1.182500e-08	4.420861e-01	4.420878e-01	-7.91393e-11	
250	1.187500e-08	4.420605e-01	4.420623e-01	-7.93946e-11	
251	1.192500e-08	4.420352e-01	4.420369e-01	-7.96481e-11	
252	1.197500e-08	4.420100e-01	4.420117e-01	-7.99001e-11	
253	1.202500e-08	4.419850e-01	4.419867e-01	-8.01504e-11	
254	1.207500e-08	4.419601e-01	4.419618e-01	-8.03991e-11	
255	1.212500e-08	4.419354e-01	4.419371e-01	-8.06462e-11	
256	1.217500e-08	4.419108e-01	4.419125e-01	-8.08918e-11	
257	1.222500e-08	4.418864e-01	4.418881e-01	-8.11357e-11	
258	1.227500e-08	4.418622e-01	4.418638e-01	-8.13783e-11	
259	1.232500e-08	4.418381e-01	4.418397e-01	-8.16191e-11	
260	1.237500e-08	4.418141e-01	4.418158e-01	-8.18586e-11	
261	1.242500e-08	4.417903e-01	4.417920e-01	-8.20965e-11	
262	1.247500e-08	4.417667e-01	4.417683e-01	-8.23330e-11	
263	1.252500e-08	4.417432e-01	4.417448e-01	-8.25680e-11	
264	1.257500e-08	4.417198e-01	4.417214e-01	-8.28016e-11	
265	1.262500e-08	4.416966e-01	4.416982e-01	-8.30337e-11	
266	1.267500e-08	4.416735e-01	4.416751e-01	-8.32645e-11	
267	1.272500e-08	4.416506e-01	4.416522e-01	-8.34938e-11	
268	1.277500e-08	4.416278e-01	4.416294e-01	-8.37218e-11	
269	1.282500e-08	4.416052e-01	4.416067e-01	-8.39484e-11	
270	1.287500e-08	4.415826e-01	4.415842e-01	-8.41737e-11	
271	1.292500e-08	4.415602e-01	4.415618e-01	-8.43975e-11	
272	1.297500e-08	4.415380e-01	4.415395e-01	-8.46202e-11	
273	1.302500e-08	4.415159e-01	4.415174e-01	-8.48414e-11	
274	1.307500e-08	4.414939e-01	4.414954e-01	-8.50614e-11	
275	1.312500e-08	4.414720e-01	4.414735e-01	-8.52800e-11	
276	1.317500e-08	4.414503e-01	4.414517e-01	-8.54975e-11	
277	1.322500e-08	4.414286e-01	4.414301e-01	-8.57136e-11	
278	1.327500e-08	4.414071e-01	4.414086e-01	-8.59285e-11	
279	1.332500e-08	4.413858e-01	4.413872e-01	-8.61422e-11	
280	1.337500e-08	4.413645e-01	4.413660e-01	-8.63547e-11	
281	1.342500e-08	4.413434e-01	4.413449e-01	-8.65658e-11	
282	1.347500e-08	4.413224e-01	4.413238e-01	-8.67759e-11	
283	1.352500e-08	4.413015e-01	4.413030e-01	-8.69847e-11	
284	1.357500e-08	4.412808e-01	4.412822e-01	-8.71925e-11	
285	1.362500e-08	4.412601e-01	4.412615e-01	-8.73989e-11	
286	1.367500e-08	4.412396e-01	4.412410e-01	-8.76043e-11	

Index   time            v(bl0)          v(bl7)          vpre#branch     
--------------------------------------------------------------------------------
287	1.372500e-08	4.412191e-01	4.412205e-01	-8.78085e-11	
288	1.377500e-08	4.411988e-01	4.412002e-01	-8.80117e-11	
289	1.382500e-08	4.411786e-01	4.411800e-01	-8.82136e-11	
290	1.387500e-08	4.411585e-01	4.411599e-01	-8.84145e-11	
291	1.392500e-08	4.411386e-01	4.411399e-01	-8.86142e-11	
292	1.397500e-08	4.411187e-01	4.411201e-01	-8.88130e-11	
293	1.402500e-08	4.410989e-01	4.411003e-01	-8.90105e-11	
294	1.407500e-08	4.410793e-01	4.410806e-01	-8.92071e-11	
295	1.412500e-08	4.410597e-01	4.410611e-01	-8.94026e-11	
296	1.417500e-08	4.410403e-01	4.410416e-01	-8.95970e-11	
297	1.422500e-08	4.410210e-01	4.410223e-01	-8.97904e-11	
298	1.427500e-08	4.410017e-01	4.410030e-01	-8.99828e-11	
299	1.432500e-08	4.409826e-01	4.409839e-01	-9.01741e-11	
300	1.437500e-08	4.409635e-01	4.409649e-01	-9.03645e-11	
301	1.442500e-08	4.409446e-01	4.409459e-01	-9.05538e-11	
302	1.447500e-08	4.409258e-01	4.409271e-01	-9.07422e-11	
303	1.452500e-08	4.409070e-01	4.409083e-01	-9.09296e-11	
304	1.457500e-08	4.408884e-01	4.408897e-01	-9.11160e-11	
305	1.462500e-08	4.408699e-01	4.408711e-01	-9.13014e-11	
306	1.467500e-08	4.408514e-01	4.408527e-01	-9.14860e-11	
307	1.472500e-08	4.408331e-01	4.408343e-01	-9.16695e-11	
308	1.477500e-08	4.408148e-01	4.408160e-01	-9.18521e-11	
309	1.482500e-08	4.407966e-01	4.407979e-01	-9.20338e-11	
310	1.487500e-08	4.407785e-01	4.407798e-01	-9.22146e-11	
311	1.492500e-08	4.407606e-01	4.407618e-01	-9.23944e-11	
312	1.497500e-08	4.407427e-01	4.407439e-01	-9.25734e-11	
313	1.502500e-08	4.407249e-01	4.407261e-01	-9.27514e-11	
314	1.507500e-08	4.407071e-01	4.407084e-01	-9.29286e-11	
315	1.512500e-08	4.406895e-01	4.406907e-01	-9.31049e-11	
316	1.517500e-08	4.406720e-01	4.406732e-01	-9.32803e-11	
317	1.522500e-08	4.406545e-01	4.406557e-01	-9.34548e-11	
318	1.527500e-08	4.406371e-01	4.406383e-01	-9.36286e-11	
319	1.532500e-08	4.406199e-01	4.406210e-01	-9.38014e-11	
320	1.537500e-08	4.406027e-01	4.406038e-01	-9.39734e-11	
321	1.542500e-08	4.405855e-01	4.405867e-01	-9.41446e-11	
322	1.547500e-08	4.405685e-01	4.405697e-01	-9.43149e-11	
323	1.552500e-08	4.405516e-01	4.405527e-01	-9.44844e-11	
324	1.557500e-08	4.405347e-01	4.405358e-01	-9.46532e-11	
325	1.562500e-08	4.405179e-01	4.405190e-01	-9.48210e-11	
326	1.567500e-08	4.405012e-01	4.405023e-01	-9.49882e-11	
327	1.572500e-08	4.404846e-01	4.404857e-01	-9.51545e-11	
328	1.577500e-08	4.404680e-01	4.404691e-01	-9.53200e-11	
329	1.582500e-08	4.404515e-01	4.404527e-01	-9.54847e-11	
330	1.587500e-08	4.404351e-01	4.404363e-01	-9.56487e-11	
331	1.592500e-08	4.404188e-01	4.404199e-01	-9.58119e-11	
332	1.597500e-08	4.404026e-01	4.404037e-01	-9.59744e-11	
333	1.602500e-08	4.403864e-01	4.403875e-01	-9.61360e-11	
334	1.607500e-08	4.403703e-01	4.403714e-01	-9.62970e-11	
335	1.612500e-08	4.403543e-01	4.403554e-01	-9.64572e-11	
336	1.617500e-08	4.403383e-01	4.403394e-01	-9.66167e-11	
337	1.622500e-08	4.403225e-01	4.403235e-01	-9.67754e-11	
338	1.627500e-08	4.403067e-01	4.403077e-01	-9.69334e-11	
339	1.632500e-08	4.402909e-01	4.402920e-01	-9.70907e-11	
340	1.637500e-08	4.402753e-01	4.402763e-01	-9.72473e-11	
341	1.642500e-08	4.402597e-01	4.402607e-01	-9.74032e-11	
342	1.647500e-08	4.402442e-01	4.402452e-01	-9.75584e-11	
343	1.652500e-08	4.402287e-01	4.402298e-01	-9.77128e-11	
344	1.657500e-08	4.402133e-01	4.402144e-01	-9.78667e-11	

Index   time            v(bl0)          v(bl7)          vpre#branch     
--------------------------------------------------------------------------------
345	1.662500e-08	4.401980e-01	4.401991e-01	-9.80198e-11	
346	1.667500e-08	4.401828e-01	4.401838e-01	-9.81722e-11	
347	1.672500e-08	4.401676e-01	4.401686e-01	-9.83240e-11	
348	1.677500e-08	4.401525e-01	4.401535e-01	-9.84751e-11	
349	1.682500e-08	4.401375e-01	4.401385e-01	-9.86255e-11	
350	1.687500e-08	4.401225e-01	4.401235e-01	-9.87753e-11	
351	1.692500e-08	4.401076e-01	4.401086e-01	-9.89244e-11	
352	1.697500e-08	4.400927e-01	4.400937e-01	-9.90729e-11	
353	1.702500e-08	4.400779e-01	4.400789e-01	-9.92207e-11	
354	1.707500e-08	4.400632e-01	4.400642e-01	-9.93679e-11	
355	1.712500e-08	4.400486e-01	4.400496e-01	-9.95145e-11	
356	1.717500e-08	4.400340e-01	4.400350e-01	-9.96604e-11	
357	1.722500e-08	4.400194e-01	4.400204e-01	-9.98057e-11	
358	1.727500e-08	4.400050e-01	4.400059e-01	-9.99505e-11	
359	1.732500e-08	4.399905e-01	4.399915e-01	-1.00095e-10	
360	1.737500e-08	4.399762e-01	4.399772e-01	-1.00238e-10	
361	1.742500e-08	4.399619e-01	4.399629e-01	-1.00381e-10	
362	1.747500e-08	4.399477e-01	4.399487e-01	-1.00523e-10	
363	1.752500e-08	4.399335e-01	4.399345e-01	-1.00665e-10	
364	1.757500e-08	4.399194e-01	4.399204e-01	-1.00806e-10	
365	1.762500e-08	4.399054e-01	4.399063e-01	-1.00946e-10	
366	1.767500e-08	4.398914e-01	4.398923e-01	-1.01086e-10	
367	1.772500e-08	4.398774e-01	4.398784e-01	-1.01226e-10	
368	1.777500e-08	4.398635e-01	4.398645e-01	-1.01365e-10	
369	1.782500e-08	4.398497e-01	4.398507e-01	-1.01503e-10	
370	1.787500e-08	4.398360e-01	4.398369e-01	-1.01640e-10	
371	1.792500e-08	4.398222e-01	4.398232e-01	-1.01778e-10	
372	1.797500e-08	4.398086e-01	4.398095e-01	-1.01914e-10	
373	1.802500e-08	4.397950e-01	4.397959e-01	-1.02050e-10	
374	1.807500e-08	4.397815e-01	4.397824e-01	-1.02185e-10	
375	1.812500e-08	4.397680e-01	4.397689e-01	-1.02320e-10	
376	1.817500e-08	4.397545e-01	4.397554e-01	-1.02455e-10	
377	1.822500e-08	4.397411e-01	4.397421e-01	-1.02589e-10	
378	1.827500e-08	4.397278e-01	4.397287e-01	-1.02722e-10	
379	1.832500e-08	4.397145e-01	4.397155e-01	-1.02855e-10	
380	1.837500e-08	4.397013e-01	4.397022e-01	-1.02987e-10	
381	1.842500e-08	4.396881e-01	4.396890e-01	-1.03119e-10	
382	1.847500e-08	4.396750e-01	4.396759e-01	-1.03250e-10	
383	1.852500e-08	4.396620e-01	4.396629e-01	-1.03380e-10	
384	1.857500e-08	4.396489e-01	4.396498e-01	-1.03511e-10	
385	1.862500e-08	4.396360e-01	4.396369e-01	-1.03640e-10	
386	1.867500e-08	4.396231e-01	4.396239e-01	-1.03769e-10	
387	1.872500e-08	4.396102e-01	4.396111e-01	-1.03898e-10	
388	1.877500e-08	4.395974e-01	4.395982e-01	-1.04026e-10	
389	1.882500e-08	4.395846e-01	4.395855e-01	-1.04154e-10	
390	1.887500e-08	4.395719e-01	4.395728e-01	-1.04281e-10	
391	1.892500e-08	4.395592e-01	4.395601e-01	-1.04408e-10	
392	1.897500e-08	4.395466e-01	4.395475e-01	-1.04534e-10	
393	1.902500e-08	4.395340e-01	4.395349e-01	-1.04660e-10	
394	1.907500e-08	4.395215e-01	4.395223e-01	-1.04785e-10	
395	1.912500e-08	4.395090e-01	4.395099e-01	-1.04910e-10	
396	1.917500e-08	4.394966e-01	4.394974e-01	-1.05034e-10	
397	1.922500e-08	4.394842e-01	4.394850e-01	-1.05158e-10	
398	1.927500e-08	4.394718e-01	4.394727e-01	-1.05282e-10	
399	1.932500e-08	4.394595e-01	4.394604e-01	-1.05405e-10	
400	1.937500e-08	4.394473e-01	4.394481e-01	-1.05527e-10	
401	1.942500e-08	4.394351e-01	4.394359e-01	-1.05649e-10	
402	1.947500e-08	4.394229e-01	4.394238e-01	-1.05771e-10	

Index   time            v(bl0)          v(bl7)          vpre#branch     
--------------------------------------------------------------------------------
403	1.952500e-08	4.394108e-01	4.394116e-01	-1.05892e-10	
404	1.957500e-08	4.393987e-01	4.393996e-01	-1.06013e-10	
405	1.962500e-08	4.393867e-01	4.393875e-01	-1.06133e-10	
406	1.967500e-08	4.393747e-01	4.393756e-01	-1.06253e-10	
407	1.972500e-08	4.393628e-01	4.393636e-01	-1.06372e-10	
408	1.977500e-08	4.393509e-01	4.393517e-01	-1.06491e-10	
409	1.982500e-08	4.393391e-01	4.393399e-01	-1.06609e-10	
410	1.987500e-08	4.393272e-01	4.393280e-01	-1.06728e-10	
411	1.992500e-08	4.393155e-01	4.393163e-01	-1.06845e-10	
412	1.997500e-08	4.393037e-01	4.393045e-01	-1.06963e-10	
413	2.002500e-08	4.392921e-01	4.392929e-01	-1.07079e-10	
414	2.007500e-08	4.392804e-01	4.392812e-01	-1.07196e-10	
415	2.012500e-08	4.392688e-01	4.392696e-01	-1.07312e-10	
416	2.017500e-08	4.392573e-01	4.392580e-01	-1.07427e-10	
417	2.022500e-08	4.392457e-01	4.392465e-01	-1.07543e-10	
418	2.027500e-08	4.392343e-01	4.392350e-01	-1.07657e-10	
419	2.032500e-08	4.392228e-01	4.392236e-01	-1.07772e-10	
420	2.037500e-08	4.392114e-01	4.392122e-01	-1.07886e-10	
421	2.042500e-08	4.392001e-01	4.392008e-01	-1.07999e-10	
422	2.047500e-08	4.391887e-01	4.391895e-01	-1.08113e-10	
423	2.052500e-08	4.391775e-01	4.391782e-01	-1.08225e-10	
424	2.057500e-08	4.391662e-01	4.391670e-01	-1.08338e-10	
425	2.062500e-08	4.391550e-01	4.391558e-01	-1.08450e-10	
426	2.067500e-08	4.391438e-01	4.391446e-01	-1.08562e-10	
427	2.072500e-08	4.391327e-01	4.391335e-01	-1.08673e-10	
428	2.077500e-08	4.391216e-01	4.391224e-01	-1.08784e-10	
429	2.082500e-08	4.391106e-01	4.391113e-01	-1.08894e-10	
430	2.087500e-08	4.390996e-01	4.391003e-01	-1.09004e-10	
431	2.092500e-08	4.390886e-01	4.390893e-01	-1.09114e-10	
432	2.097500e-08	4.390776e-01	4.390784e-01	-1.09224e-10	
433	2.102500e-08	4.390667e-01	4.390675e-01	-1.09333e-10	
434	2.107500e-08	4.390559e-01	4.390566e-01	-1.09441e-10	
435	2.112500e-08	4.390451e-01	4.390458e-01	-1.09549e-10	
436	2.117500e-08	4.390343e-01	4.390350e-01	-1.09657e-10	
437	2.122500e-08	4.390235e-01	4.390242e-01	-1.09765e-10	
438	2.127500e-08	4.390128e-01	4.390135e-01	-1.09872e-10	
439	2.132500e-08	4.390021e-01	4.390028e-01	-1.09979e-10	
440	2.137500e-08	4.389914e-01	4.389922e-01	-1.10086e-10	
441	2.142500e-08	4.389808e-01	4.389815e-01	-1.10192e-10	
442	2.147500e-08	4.389702e-01	4.389710e-01	-1.10298e-10	
443	2.152500e-08	4.389597e-01	4.389604e-01	-1.10403e-10	
444	2.157500e-08	4.389492e-01	4.389499e-01	-1.10508e-10	
445	2.162500e-08	4.389387e-01	4.389394e-01	-1.10613e-10	
446	2.167500e-08	4.389283e-01	4.389290e-01	-1.10717e-10	
447	2.172500e-08	4.389178e-01	4.389186e-01	-1.10822e-10	
448	2.177500e-08	4.389075e-01	4.389082e-01	-1.10925e-10	
449	2.182500e-08	4.388971e-01	4.388978e-01	-1.11029e-10	
450	2.187500e-08	4.388868e-01	4.388875e-01	-1.11132e-10	
451	2.192500e-08	4.388765e-01	4.388772e-01	-1.11235e-10	
452	2.197500e-08	4.388663e-01	4.388670e-01	-1.11337e-10	
453	2.202500e-08	4.388561e-01	4.388568e-01	-1.11439e-10	
454	2.207500e-08	4.388459e-01	4.388466e-01	-1.11541e-10	
455	2.212500e-08	4.388358e-01	4.388364e-01	-1.11642e-10	
456	2.217500e-08	4.388256e-01	4.388263e-01	-1.11744e-10	
457	2.222500e-08	4.388156e-01	4.388162e-01	-1.11844e-10	
458	2.227500e-08	4.388055e-01	4.388062e-01	-1.11945e-10	
459	2.232500e-08	4.387955e-01	4.387962e-01	-1.12045e-10	
460	2.237500e-08	4.387855e-01	4.387862e-01	-1.12145e-10	

Index   time            v(bl0)          v(bl7)          vpre#branch     
--------------------------------------------------------------------------------
461	2.242500e-08	4.387755e-01	4.387762e-01	-1.12245e-10	
462	2.247500e-08	4.387656e-01	4.387663e-01	-1.12344e-10	
463	2.252500e-08	4.387557e-01	4.387564e-01	-1.12443e-10	
464	2.257500e-08	4.387458e-01	4.387465e-01	-1.12542e-10	
465	2.262500e-08	4.387360e-01	4.387367e-01	-1.12640e-10	
466	2.267500e-08	4.387262e-01	4.387269e-01	-1.12738e-10	
467	2.272500e-08	4.387164e-01	4.387171e-01	-1.12836e-10	
468	2.277500e-08	4.387067e-01	4.387073e-01	-1.12933e-10	
469	2.282500e-08	4.386970e-01	4.386976e-01	-1.13030e-10	
470	2.287500e-08	4.386873e-01	4.386879e-01	-1.13127e-10	
471	2.292500e-08	4.386776e-01	4.386783e-01	-1.13224e-10	
472	2.297500e-08	4.386680e-01	4.386686e-01	-1.13320e-10	
473	2.302500e-08	4.386584e-01	4.386590e-01	-1.13416e-10	
474	2.307500e-08	4.386488e-01	4.386495e-01	-1.13512e-10	
475	2.312500e-08	4.386393e-01	4.386399e-01	-1.13607e-10	
476	2.317500e-08	4.386298e-01	4.386304e-01	-1.13702e-10	
477	2.322500e-08	4.386203e-01	4.386209e-01	-1.13797e-10	
478	2.327500e-08	4.386108e-01	4.386115e-01	-1.13892e-10	
479	2.332500e-08	4.386014e-01	4.386020e-01	-1.13986e-10	
480	2.337500e-08	4.385920e-01	4.385926e-01	-1.14080e-10	
481	2.342500e-08	4.385826e-01	4.385833e-01	-1.14174e-10	
482	2.347500e-08	4.385733e-01	4.385739e-01	-1.14267e-10	
483	2.352500e-08	4.385640e-01	4.385646e-01	-1.14360e-10	
484	2.357500e-08	4.385547e-01	4.385553e-01	-1.14453e-10	
485	2.362500e-08	4.385454e-01	4.385460e-01	-1.14546e-10	
486	2.367500e-08	4.385362e-01	4.385368e-01	-1.14638e-10	
487	2.372500e-08	4.385270e-01	4.385276e-01	-1.14730e-10	
488	2.377500e-08	4.385178e-01	4.385184e-01	-1.14822e-10	
489	2.382500e-08	4.385086e-01	4.385093e-01	-1.14914e-10	
490	2.387500e-08	4.384995e-01	4.385001e-01	-1.15005e-10	
491	2.392500e-08	4.384904e-01	4.384910e-01	-1.15096e-10	
492	2.397500e-08	4.384813e-01	4.384819e-01	-1.15187e-10	
493	2.402500e-08	4.384723e-01	4.384729e-01	-1.15277e-10	
494	2.407500e-08	4.384632e-01	4.384639e-01	-1.15368e-10	
495	2.412500e-08	4.384543e-01	4.384549e-01	-1.15457e-10	
496	2.417500e-08	4.384453e-01	4.384459e-01	-1.15547e-10	
497	2.422500e-08	4.384363e-01	4.384369e-01	-1.15637e-10	
498	2.427500e-08	4.384274e-01	4.384280e-01	-1.15726e-10	
499	2.432500e-08	4.384185e-01	4.384191e-01	-1.15815e-10	
500	2.437500e-08	4.384096e-01	4.384102e-01	-1.15904e-10	
501	2.442500e-08	4.384008e-01	4.384014e-01	-1.15992e-10	
502	2.447500e-08	4.383920e-01	4.383926e-01	-1.16080e-10	
503	2.452500e-08	4.383832e-01	4.383838e-01	-1.16168e-10	
504	2.457500e-08	4.383744e-01	4.383750e-01	-1.16256e-10	
505	2.462500e-08	4.383657e-01	4.383663e-01	-1.16343e-10	
506	2.467500e-08	4.383569e-01	4.383575e-01	-1.16431e-10	
507	2.472500e-08	4.383482e-01	4.383488e-01	-1.16518e-10	
508	2.477500e-08	4.383396e-01	4.383401e-01	-1.16604e-10	
509	2.482500e-08	4.383309e-01	4.383315e-01	-1.16691e-10	
510	2.487500e-08	4.383223e-01	4.383229e-01	-1.16777e-10	
511	2.492500e-08	4.383137e-01	4.383143e-01	-1.16863e-10	
512	2.496250e-08	4.383072e-01	4.383078e-01	-1.16928e-10	
513	2.500000e-08	4.383008e-01	4.383014e-01	-1.16992e-10	


Total analysis time (seconds) = 0.0802611

Total elapsed time (seconds) = 0.092 

Total DRAM available = 386307.215 MB.
DRAM currently available = 12939.414 MB.
Maximum ngspice program size =  529.852 MB.
Current ngspice program size =   14.332 MB.

Shared ngspice pages =   12.383 MB.
Text (code) pages =    6.266 MB.
Stack = 0 bytes.
Library pages =   59.270 MB.

