
Note: No compatibility mode selected!


Circuit: * 1t1c ccell=20.0ff

Doing analysis at TEMP = 27.000000 and TNOM = 27.000000

Using SPARSE 1.3 as Direct Linear Solver

Initial Transient Solution
--------------------------

Node                                   Voltage
----                                   -------
pre                                       0.45
bl                                        0.45
wl                                           0
plate                                        0
s                                            0
cell                                         0
vs#branch                                    0
vpl#branch                                   0
vwl#branch                                   0
vpre#branch                                  0


No. of Data Rows : 832

  Measurements for Transient Analysis

t_write             =  1.90036e-09
t_read              =  2.28611e-08
i_hold              =  -3.06580e-11 from=  2.50000e-08 to=  3.50250e-08
q_read              =   1.02413e-18 from=  1.20000e-08 to=  2.20000e-08

                              * 1t1c ccell=20.0ff
                              Transient Analysis  Tue Jun 23 23:53:14  2026
--------------------------------------------------------------------------------
Index   time            v(cell)         v(bl)           vpre#branch     
--------------------------------------------------------------------------------
0	0.000000e+00	0.000000e+00	4.500000e-01	0.000000e+00	
1	5.000000e-13	2.673251e-12	4.500000e-01	-7.16173e-17	
2	1.000000e-12	5.346440e-12	4.500000e-01	-1.38815e-16	
3	2.000000e-12	1.069281e-11	4.500000e-01	-2.73127e-16	
4	4.000000e-12	2.138555e-11	4.499999e-01	-5.41243e-16	
5	8.000000e-12	4.277104e-11	4.499999e-01	-1.07546e-15	
6	1.600000e-11	8.554199e-11	4.499998e-01	-2.13586e-15	
7	3.200000e-11	1.710839e-10	4.499996e-01	-4.22497e-15	
8	6.400000e-11	3.421675e-10	4.499992e-01	-8.27952e-15	
9	1.140000e-10	6.094852e-10	4.499986e-01	-1.42979e-14	
10	1.640000e-10	8.768026e-10	4.499980e-01	-1.99493e-14	
11	2.140000e-10	1.144120e-09	4.499975e-01	-2.52561e-14	
12	2.640000e-10	1.411436e-09	4.499970e-01	-3.02392e-14	
13	3.140000e-10	1.678752e-09	4.499965e-01	-3.49184e-14	
14	3.640000e-10	1.946068e-09	4.499961e-01	-3.93123e-14	
15	4.140000e-10	2.213384e-09	4.499957e-01	-4.34382e-14	
16	4.640000e-10	2.480699e-09	4.499953e-01	-4.73125e-14	
17	5.140000e-10	2.748014e-09	4.499949e-01	-5.09505e-14	
18	5.640000e-10	3.015329e-09	4.499946e-01	-5.43666e-14	
19	6.140000e-10	3.282644e-09	4.499942e-01	-5.75744e-14	
20	6.640000e-10	3.549958e-09	4.499939e-01	-6.05866e-14	
21	7.140000e-10	3.817272e-09	4.499937e-01	-6.34151e-14	
22	7.640000e-10	4.084586e-09	4.499934e-01	-6.60711e-14	
23	8.140000e-10	4.351900e-09	4.499931e-01	-6.85651e-14	
24	8.640000e-10	4.619213e-09	4.499929e-01	-7.09070e-14	
25	9.140000e-10	4.886527e-09	4.499927e-01	-7.31061e-14	
26	9.570000e-10	5.116416e-09	4.499925e-01	-7.48896e-14	
27	1.000000e-09	5.346305e-09	4.499923e-01	-7.65792e-14	
28	1.005000e-09	4.498229e-03	4.499923e-01	-7.66876e-14	
29	1.015000e-09	1.349465e-02	4.499923e-01	-7.67602e-14	
30	1.035000e-09	3.148750e-02	4.499924e-01	-7.61946e-14	
31	1.075000e-09	6.747320e-02	4.499927e-01	-7.33591e-14	
32	1.125000e-09	1.124553e-01	4.499931e-01	-6.87548e-14	
33	1.175000e-09	1.574374e-01	4.499936e-01	-6.43955e-14	
34	1.225000e-09	2.024196e-01	4.499940e-01	-6.04201e-14	
35	1.275000e-09	2.474017e-01	4.499943e-01	-5.67215e-14	
36	1.325000e-09	2.923838e-01	4.499947e-01	-5.32585e-14	
37	1.375000e-09	3.373659e-01	4.499950e-01	-5.00095e-14	
38	1.425000e-09	3.823481e-01	4.499953e-01	-4.69599e-14	
39	1.475000e-09	4.273302e-01	4.499956e-01	-4.40967e-14	
40	1.525000e-09	4.723123e-01	4.499959e-01	-4.14081e-14	
41	1.575000e-09	5.172944e-01	4.499961e-01	-3.88827e-14	
42	1.625000e-09	5.622765e-01	4.499963e-01	-3.65108e-14	
43	1.675000e-09	6.072587e-01	4.499966e-01	-3.42835e-14	
44	1.725000e-09	6.522408e-01	4.499968e-01	-3.21920e-14	
45	1.775000e-09	6.972229e-01	4.499970e-01	-3.02280e-14	
46	1.825000e-09	7.422050e-01	4.499972e-01	-2.83838e-14	
47	1.875000e-09	7.871872e-01	4.499973e-01	-2.66520e-14	
48	1.925000e-09	8.321693e-01	4.499975e-01	-2.50257e-14	
49	1.962500e-09	8.659059e-01	4.499976e-01	-2.38716e-14	
50	2.000000e-09	8.996425e-01	4.499977e-01	-2.27707e-14	
51	2.005000e-09	8.996425e-01	4.499977e-01	-2.26282e-14	
52	2.015000e-09	8.996425e-01	4.499978e-01	-2.23452e-14	
53	2.035000e-09	8.996425e-01	4.499978e-01	-2.17895e-14	
54	2.075000e-09	8.996425e-01	4.499979e-01	-2.07192e-14	

Index   time            v(cell)         v(bl)           vpre#branch     
--------------------------------------------------------------------------------
55	2.125000e-09	8.996425e-01	4.499981e-01	-1.94547e-14	
56	2.175000e-09	8.996425e-01	4.499982e-01	-1.82673e-14	
57	2.225000e-09	8.996425e-01	4.499983e-01	-1.71523e-14	
58	2.275000e-09	8.996425e-01	4.499984e-01	-1.61054e-14	
59	2.325000e-09	8.996425e-01	4.499985e-01	-1.51222e-14	
60	2.375000e-09	8.996425e-01	4.499986e-01	-1.41991e-14	
61	2.425000e-09	8.996425e-01	4.499987e-01	-1.33322e-14	
62	2.475000e-09	8.996425e-01	4.499987e-01	-1.25182e-14	
63	2.525000e-09	8.996425e-01	4.499988e-01	-1.17538e-14	
64	2.575000e-09	8.996425e-01	4.499989e-01	-1.10361e-14	
65	2.625000e-09	8.996425e-01	4.499990e-01	-1.03621e-14	
66	2.675000e-09	8.996425e-01	4.499990e-01	-9.72920e-15	
67	2.725000e-09	8.996425e-01	4.499991e-01	-9.13491e-15	
68	2.775000e-09	8.996425e-01	4.499991e-01	-8.57687e-15	
69	2.825000e-09	8.996425e-01	4.499992e-01	-8.05285e-15	
70	2.875000e-09	8.996425e-01	4.499992e-01	-7.56080e-15	
71	2.925000e-09	8.996425e-01	4.499993e-01	-7.09874e-15	
72	2.975000e-09	8.996425e-01	4.499993e-01	-6.66487e-15	
73	3.025000e-09	8.996425e-01	4.499994e-01	-6.25745e-15	
74	3.075000e-09	8.996425e-01	4.499994e-01	-5.87488e-15	
75	3.125000e-09	8.996425e-01	4.499994e-01	-5.51565e-15	
76	3.175000e-09	8.996425e-01	4.499995e-01	-5.17831e-15	
77	3.225000e-09	8.996425e-01	4.499995e-01	-4.86155e-15	
78	3.275000e-09	8.996425e-01	4.499995e-01	-4.56411e-15	
79	3.325000e-09	8.996425e-01	4.499996e-01	-4.28481e-15	
80	3.375000e-09	8.996425e-01	4.499996e-01	-4.02254e-15	
81	3.425000e-09	8.996425e-01	4.499996e-01	-3.77626e-15	
82	3.475000e-09	8.996425e-01	4.499996e-01	-3.54500e-15	
83	3.525000e-09	8.996425e-01	4.499997e-01	-3.32784e-15	
84	3.575000e-09	8.996425e-01	4.499997e-01	-3.12393e-15	
85	3.625000e-09	8.996425e-01	4.499997e-01	-2.93246e-15	
86	3.675000e-09	8.996425e-01	4.499997e-01	-2.75265e-15	
87	3.725000e-09	8.996425e-01	4.499997e-01	-2.58382e-15	
88	3.775000e-09	8.996425e-01	4.499998e-01	-2.42528e-15	
89	3.825000e-09	8.996425e-01	4.499998e-01	-2.27641e-15	
90	3.875000e-09	8.996425e-01	4.499998e-01	-2.13662e-15	
91	3.925000e-09	8.996425e-01	4.499998e-01	-2.00535e-15	
92	3.975000e-09	8.996425e-01	4.499998e-01	-1.88209e-15	
93	4.025000e-09	8.996425e-01	4.499998e-01	-1.76634e-15	
94	4.075000e-09	8.996425e-01	4.499998e-01	-1.65765e-15	
95	4.125000e-09	8.996425e-01	4.499998e-01	-1.55559e-15	
96	4.175000e-09	8.996425e-01	4.499999e-01	-1.45976e-15	
97	4.225000e-09	8.996425e-01	4.499999e-01	-1.36977e-15	
98	4.275000e-09	8.996425e-01	4.499999e-01	-1.28526e-15	
99	4.325000e-09	8.996425e-01	4.499999e-01	-1.20592e-15	
100	4.375000e-09	8.996425e-01	4.499999e-01	-1.13140e-15	
101	4.425000e-09	8.996425e-01	4.499999e-01	-1.06144e-15	
102	4.475000e-09	8.996425e-01	4.499999e-01	-9.95736e-16	
103	4.525000e-09	8.996425e-01	4.499999e-01	-9.34043e-16	
104	4.575000e-09	8.996425e-01	4.499999e-01	-8.76112e-16	
105	4.625000e-09	8.996425e-01	4.499999e-01	-8.21714e-16	
106	4.675000e-09	8.996425e-01	4.499999e-01	-7.70633e-16	
107	4.725000e-09	8.996425e-01	4.499999e-01	-7.22667e-16	
108	4.775000e-09	8.996425e-01	4.499999e-01	-6.77626e-16	
109	4.825000e-09	8.996425e-01	4.499999e-01	-6.35331e-16	
110	4.875000e-09	8.996425e-01	4.499999e-01	-5.95616e-16	
111	4.925000e-09	8.996425e-01	4.499999e-01	-5.58323e-16	
112	4.975000e-09	8.996425e-01	4.499999e-01	-5.23305e-16	

Index   time            v(cell)         v(bl)           vpre#branch     
--------------------------------------------------------------------------------
113	5.025000e-09	8.996425e-01	4.500000e-01	-4.90422e-16	
114	5.075000e-09	8.996425e-01	4.500000e-01	-4.59544e-16	
115	5.125000e-09	8.996425e-01	4.500000e-01	-4.30549e-16	
116	5.175000e-09	8.996425e-01	4.500000e-01	-4.03322e-16	
117	5.225000e-09	8.996425e-01	4.500000e-01	-3.77756e-16	
118	5.275000e-09	8.996425e-01	4.500000e-01	-3.53749e-16	
119	5.325000e-09	8.996425e-01	4.500000e-01	-3.31206e-16	
120	5.375000e-09	8.996425e-01	4.500000e-01	-3.10038e-16	
121	5.425000e-09	8.996425e-01	4.500000e-01	-2.90161e-16	
122	5.475000e-09	8.996425e-01	4.500000e-01	-2.71496e-16	
123	5.525000e-09	8.996425e-01	4.500000e-01	-2.53969e-16	
124	5.575000e-09	8.996425e-01	4.500000e-01	-2.37510e-16	
125	5.625000e-09	8.996425e-01	4.500000e-01	-2.22055e-16	
126	5.675000e-09	8.996425e-01	4.500000e-01	-2.07543e-16	
127	5.725000e-09	8.996425e-01	4.500000e-01	-1.93916e-16	
128	5.775000e-09	8.996425e-01	4.500000e-01	-1.81119e-16	
129	5.825000e-09	8.996425e-01	4.500000e-01	-1.69103e-16	
130	5.875000e-09	8.996425e-01	4.500000e-01	-1.57820e-16	
131	5.925000e-09	8.996425e-01	4.500000e-01	-1.47225e-16	
132	5.975000e-09	8.996425e-01	4.500000e-01	-1.37277e-16	
133	6.025000e-09	8.996425e-01	4.500000e-01	-1.27935e-16	
134	6.075000e-09	8.996425e-01	4.500000e-01	-1.19163e-16	
135	6.125000e-09	8.996425e-01	4.500000e-01	-1.10925e-16	
136	6.175000e-09	8.996425e-01	4.500000e-01	-1.03190e-16	
137	6.225000e-09	8.996425e-01	4.500000e-01	-9.59270e-17	
138	6.275000e-09	8.996425e-01	4.500000e-01	-8.91070e-17	
139	6.325000e-09	8.996425e-01	4.500000e-01	-8.27030e-17	
140	6.375000e-09	8.996425e-01	4.500000e-01	-7.66890e-17	
141	6.425000e-09	8.996425e-01	4.500000e-01	-7.10418e-17	
142	6.475000e-09	8.996425e-01	4.500000e-01	-6.57394e-17	
143	6.525000e-09	8.996425e-01	4.500000e-01	-6.07603e-17	
144	6.575000e-09	8.996425e-01	4.500000e-01	-5.60849e-17	
145	6.625000e-09	8.996425e-01	4.500000e-01	-5.16942e-17	
146	6.675000e-09	8.996425e-01	4.500000e-01	-4.75713e-17	
147	6.725000e-09	8.996425e-01	4.500000e-01	-4.37002e-17	
148	6.775000e-09	8.996425e-01	4.500000e-01	-4.00647e-17	
149	6.825000e-09	8.996425e-01	4.500000e-01	-3.66510e-17	
150	6.875000e-09	8.996425e-01	4.500000e-01	-3.34454e-17	
151	6.925000e-09	8.996425e-01	4.500000e-01	-3.04349e-17	
152	6.962500e-09	8.996425e-01	4.500000e-01	-2.82985e-17	
153	7.000000e-09	8.996425e-01	4.500000e-01	-2.62603e-17	
154	7.005000e-09	8.771513e-01	4.500000e-01	-2.59981e-17	
155	7.015000e-09	8.321692e-01	4.500000e-01	-2.54800e-17	
156	7.035000e-09	7.422050e-01	4.500000e-01	-2.44811e-17	
157	7.067500e-09	5.960131e-01	4.500000e-01	-2.29639e-17	
158	7.100000e-09	4.498212e-01	4.500000e-01	-2.15906e-17	
159	7.105000e-09	4.498212e-01	4.500000e-01	-2.14580e-17	
160	7.115000e-09	4.498212e-01	4.500000e-01	-2.11943e-17	
161	7.135000e-09	4.498212e-01	4.500000e-01	-2.06768e-17	
162	7.175000e-09	4.498212e-01	4.500000e-01	-1.96799e-17	
163	7.225000e-09	4.498212e-01	4.500000e-01	-1.85023e-17	
164	7.275000e-09	4.498212e-01	4.500000e-01	-1.73966e-17	
165	7.325000e-09	4.498212e-01	4.500000e-01	-1.63584e-17	
166	7.375000e-09	4.498212e-01	4.500000e-01	-1.53835e-17	
167	7.425000e-09	4.498212e-01	4.500000e-01	-1.44680e-17	
168	7.475000e-09	4.498212e-01	4.500000e-01	-1.36087e-17	
169	7.525000e-09	4.498212e-01	4.500000e-01	-1.28019e-17	
170	7.575000e-09	4.498212e-01	4.500000e-01	-1.20443e-17	

Index   time            v(cell)         v(bl)           vpre#branch     
--------------------------------------------------------------------------------
171	7.625000e-09	4.498212e-01	4.500000e-01	-1.13329e-17	
172	7.675000e-09	4.498212e-01	4.500000e-01	-1.06644e-17	
173	7.725000e-09	4.498212e-01	4.500000e-01	-1.00367e-17	
174	7.775000e-09	4.498212e-01	4.500000e-01	-9.44728e-18	
175	7.825000e-09	4.498212e-01	4.500000e-01	-8.89340e-18	
176	7.875000e-09	4.498212e-01	4.500000e-01	-8.37329e-18	
177	7.925000e-09	4.498212e-01	4.500000e-01	-7.88490e-18	
178	7.975000e-09	4.498212e-01	4.500000e-01	-7.42671e-18	
179	8.025000e-09	4.498212e-01	4.500000e-01	-6.99688e-18	
180	8.075000e-09	4.498212e-01	4.500000e-01	-6.59284e-18	
181	8.125000e-09	4.498212e-01	4.500000e-01	-6.21304e-18	
182	8.175000e-09	4.498212e-01	4.500000e-01	-5.85680e-18	
183	8.225000e-09	4.498212e-01	4.500000e-01	-5.52270e-18	
184	8.275000e-09	4.498212e-01	4.500000e-01	-5.20898e-18	
185	8.325000e-09	4.498212e-01	4.500000e-01	-4.91431e-18	
186	8.375000e-09	4.498212e-01	4.500000e-01	-4.63760e-18	
187	8.425000e-09	4.498212e-01	4.500000e-01	-4.37777e-18	
188	8.475000e-09	4.498212e-01	4.500000e-01	-4.13338e-18	
189	8.525000e-09	4.498212e-01	4.500000e-01	-3.90388e-18	
190	8.575000e-09	4.498212e-01	4.500000e-01	-3.68839e-18	
191	8.625000e-09	4.498212e-01	4.500000e-01	-3.48603e-18	
192	8.675000e-09	4.498212e-01	4.500000e-01	-3.29602e-18	
193	8.725000e-09	4.498212e-01	4.500000e-01	-3.11759e-18	
194	8.775000e-09	4.498212e-01	4.500000e-01	-2.95046e-18	
195	8.825000e-09	4.498212e-01	4.500000e-01	-2.79352e-18	
196	8.875000e-09	4.498212e-01	4.500000e-01	-2.64573e-18	
197	8.925000e-09	4.498212e-01	4.500000e-01	-2.50696e-18	
198	8.975000e-09	4.498212e-01	4.500000e-01	-2.37706e-18	
199	9.025000e-09	4.498212e-01	4.500000e-01	-2.25509e-18	
200	9.075000e-09	4.498212e-01	4.500000e-01	-2.14055e-18	
201	9.125000e-09	4.498212e-01	4.500000e-01	-2.03300e-18	
202	9.175000e-09	4.498212e-01	4.500000e-01	-1.93159e-18	
203	9.225000e-09	4.498212e-01	4.500000e-01	-1.83637e-18	
204	9.275000e-09	4.498212e-01	4.500000e-01	-1.74737e-18	
205	9.325000e-09	4.498212e-01	4.500000e-01	-1.66380e-18	
206	9.375000e-09	4.498212e-01	4.500000e-01	-1.58491e-18	
207	9.425000e-09	4.498212e-01	4.500000e-01	-1.51083e-18	
208	9.475000e-09	4.498212e-01	4.500000e-01	-1.44168e-18	
209	9.525000e-09	4.498212e-01	4.500000e-01	-1.37675e-18	
210	9.575000e-09	4.498212e-01	4.500000e-01	-1.31577e-18	
211	9.625000e-09	4.498212e-01	4.500000e-01	-1.25852e-18	
212	9.675000e-09	4.498212e-01	4.500000e-01	-1.20434e-18	
213	9.725000e-09	4.498212e-01	4.500000e-01	-1.15347e-18	
214	9.775000e-09	4.498212e-01	4.500000e-01	-1.10570e-18	
215	9.825000e-09	4.498212e-01	4.500000e-01	-1.06084e-18	
216	9.875000e-09	4.498212e-01	4.500000e-01	-1.01913e-18	
217	9.925000e-09	4.498212e-01	4.500000e-01	-9.79969e-19	
218	9.975000e-09	4.498212e-01	4.500000e-01	-9.42777e-19	
219	1.002500e-08	4.498212e-01	4.500000e-01	-9.07856e-19	
220	1.007500e-08	4.498212e-01	4.500000e-01	-8.75064e-19	
221	1.012500e-08	4.498212e-01	4.500000e-01	-8.44273e-19	
222	1.017500e-08	4.498212e-01	4.500000e-01	-8.15442e-19	
223	1.022500e-08	4.498212e-01	4.500000e-01	-7.88368e-19	
224	1.027500e-08	4.498212e-01	4.500000e-01	-7.62946e-19	
225	1.032500e-08	4.498212e-01	4.500000e-01	-7.39074e-19	
226	1.037500e-08	4.498212e-01	4.500000e-01	-7.16658e-19	
227	1.042500e-08	4.498212e-01	4.500000e-01	-6.95610e-19	
228	1.047500e-08	4.498212e-01	4.500000e-01	-6.75844e-19	

Index   time            v(cell)         v(bl)           vpre#branch     
--------------------------------------------------------------------------------
229	1.052500e-08	4.498212e-01	4.500000e-01	-6.57285e-19	
230	1.057500e-08	4.498212e-01	4.500000e-01	-6.39858e-19	
231	1.062500e-08	4.498212e-01	4.500000e-01	-6.23494e-19	
232	1.067500e-08	4.498212e-01	4.500000e-01	-6.08125e-19	
233	1.072500e-08	4.498212e-01	4.500000e-01	-5.93695e-19	
234	1.077500e-08	4.498212e-01	4.500000e-01	-5.80558e-19	
235	1.082500e-08	4.498212e-01	4.500000e-01	-5.68223e-19	
236	1.087500e-08	4.498212e-01	4.500000e-01	-5.56226e-19	
237	1.092500e-08	4.498212e-01	4.500000e-01	-5.44961e-19	
238	1.096250e-08	4.498212e-01	4.500000e-01	-5.36537e-19	
239	1.100000e-08	4.498212e-01	4.500000e-01	-5.28075e-19	
240	1.100500e-08	4.498230e-01	4.544717e-01	4.471688e-11	
241	1.101500e-08	4.498266e-01	4.633592e-01	1.335916e-10	
242	1.103500e-08	4.498337e-01	4.808029e-01	3.080286e-10	
243	1.107500e-08	4.498480e-01	5.144059e-01	6.440589e-10	
244	1.112500e-08	4.498659e-01	5.541043e-01	1.041043e-09	
245	1.117500e-08	4.498838e-01	5.913818e-01	1.413818e-09	
246	1.122500e-08	4.499017e-01	6.263860e-01	1.763860e-09	
247	1.127500e-08	4.499195e-01	6.592555e-01	2.092555e-09	
248	1.132500e-08	4.499374e-01	6.901206e-01	2.401206e-09	
249	1.137500e-08	4.499553e-01	7.191033e-01	2.691033e-09	
250	1.142500e-08	4.499732e-01	7.463186e-01	2.963186e-09	
251	1.147500e-08	4.499911e-01	7.718742e-01	3.218742e-09	
252	1.152500e-08	4.500089e-01	7.958710e-01	3.458710e-09	
253	1.157500e-08	4.500268e-01	8.184036e-01	3.684036e-09	
254	1.162500e-08	4.500447e-01	8.395592e-01	3.895592e-09	
255	1.167500e-08	4.500626e-01	8.594154e-01	4.094154e-09	
256	1.172500e-08	4.500805e-01	8.780306e-01	4.280306e-09	
257	1.177500e-08	4.500984e-01	8.953622e-01	4.453622e-09	
258	1.182500e-08	4.501166e-01	9.111632e-01	4.611632e-09	
259	1.187500e-08	4.501353e-01	9.245555e-01	4.745555e-09	
260	1.192500e-08	4.501559e-01	9.326509e-01	4.826509e-09	
261	1.196250e-08	4.501744e-01	9.309855e-01	4.809855e-09	
262	1.200000e-08	4.501991e-01	9.142193e-01	4.642193e-09	
263	1.200500e-08	4.502011e-01	9.062372e-01	4.562372e-09	
264	1.201500e-08	4.502051e-01	8.905139e-01	4.405139e-09	
265	1.203500e-08	4.502128e-01	8.604587e-01	4.104587e-09	
266	1.207500e-08	4.502270e-01	8.053503e-01	3.553503e-09	
267	1.212500e-08	4.502430e-01	7.446742e-01	2.946742e-09	
268	1.217500e-08	4.502573e-01	6.917746e-01	2.417746e-09	
269	1.222500e-08	4.502703e-01	6.454336e-01	1.954336e-09	
270	1.227500e-08	4.502821e-01	6.046908e-01	1.546908e-09	
271	1.232500e-08	4.502929e-01	5.687924e-01	1.187924e-09	
272	1.237500e-08	4.503029e-01	5.371159e-01	8.711590e-10	
273	1.242500e-08	4.503122e-01	5.092059e-01	5.920590e-10	
274	1.247500e-08	4.503207e-01	4.848318e-01	3.483183e-10	
275	1.252500e-08	4.503283e-01	4.642250e-01	1.422499e-10	
276	1.257500e-08	4.503330e-01	4.518194e-01	1.819354e-11	
277	1.262500e-08	4.503338e-01	4.498203e-01	-1.79683e-12	
278	1.267500e-08	4.503335e-01	4.505210e-01	5.210309e-12	
279	1.272500e-08	4.503336e-01	4.502543e-01	2.542954e-12	
280	1.277500e-08	4.503335e-01	4.503562e-01	3.561964e-12	
281	1.282500e-08	4.503335e-01	4.503184e-01	3.183619e-12	
282	1.287500e-08	4.503335e-01	4.503327e-01	3.327004e-12	
283	1.292500e-08	4.503335e-01	4.503273e-01	3.272922e-12	
284	1.297500e-08	4.503335e-01	4.503293e-01	3.293231e-12	
285	1.302500e-08	4.503335e-01	4.503285e-01	3.285454e-12	
286	1.307500e-08	4.503335e-01	4.503288e-01	3.288285e-12	

Index   time            v(cell)         v(bl)           vpre#branch     
--------------------------------------------------------------------------------
287	1.312500e-08	4.503335e-01	4.503287e-01	3.287097e-12	
288	1.317500e-08	4.503335e-01	4.503287e-01	3.287442e-12	
289	1.322500e-08	4.503335e-01	4.503287e-01	3.287191e-12	
290	1.327500e-08	4.503335e-01	4.503287e-01	3.287183e-12	
291	1.332500e-08	4.503335e-01	4.503287e-01	3.287066e-12	
292	1.337500e-08	4.503334e-01	4.503287e-01	3.287008e-12	
293	1.342500e-08	4.503334e-01	4.503287e-01	3.286909e-12	
294	1.347500e-08	4.503334e-01	4.503287e-01	3.286844e-12	
295	1.352500e-08	4.503334e-01	4.503287e-01	3.286748e-12	
296	1.357500e-08	4.503334e-01	4.503287e-01	3.286682e-12	
297	1.362500e-08	4.503334e-01	4.503287e-01	3.286587e-12	
298	1.367500e-08	4.503334e-01	4.503287e-01	3.286520e-12	
299	1.372500e-08	4.503334e-01	4.503286e-01	3.286425e-12	
300	1.377500e-08	4.503334e-01	4.503286e-01	3.286358e-12	
301	1.382500e-08	4.503334e-01	4.503286e-01	3.286263e-12	
302	1.387500e-08	4.503334e-01	4.503286e-01	3.286196e-12	
303	1.392500e-08	4.503334e-01	4.503286e-01	3.286101e-12	
304	1.397500e-08	4.503334e-01	4.503286e-01	3.286034e-12	
305	1.402500e-08	4.503333e-01	4.503286e-01	3.285940e-12	
306	1.407500e-08	4.503333e-01	4.503286e-01	3.285872e-12	
307	1.412500e-08	4.503333e-01	4.503286e-01	3.285778e-12	
308	1.417500e-08	4.503333e-01	4.503286e-01	3.285711e-12	
309	1.422500e-08	4.503333e-01	4.503286e-01	3.285616e-12	
310	1.427500e-08	4.503333e-01	4.503286e-01	3.285549e-12	
311	1.432500e-08	4.503333e-01	4.503285e-01	3.285454e-12	
312	1.437500e-08	4.503333e-01	4.503285e-01	3.285387e-12	
313	1.442500e-08	4.503333e-01	4.503285e-01	3.285293e-12	
314	1.447500e-08	4.503333e-01	4.503285e-01	3.285225e-12	
315	1.452500e-08	4.503333e-01	4.503285e-01	3.285131e-12	
316	1.457500e-08	4.503333e-01	4.503285e-01	3.285063e-12	
317	1.462500e-08	4.503332e-01	4.503285e-01	3.284969e-12	
318	1.467500e-08	4.503332e-01	4.503285e-01	3.284902e-12	
319	1.472500e-08	4.503332e-01	4.503285e-01	3.284807e-12	
320	1.477500e-08	4.503332e-01	4.503285e-01	3.284740e-12	
321	1.482500e-08	4.503332e-01	4.503285e-01	3.284646e-12	
322	1.487500e-08	4.503332e-01	4.503285e-01	3.284578e-12	
323	1.492500e-08	4.503332e-01	4.503284e-01	3.284484e-12	
324	1.497500e-08	4.503332e-01	4.503284e-01	3.284416e-12	
325	1.502500e-08	4.503332e-01	4.503284e-01	3.284322e-12	
326	1.507500e-08	4.503332e-01	4.503284e-01	3.284254e-12	
327	1.512500e-08	4.503332e-01	4.503284e-01	3.284161e-12	
328	1.517500e-08	4.503332e-01	4.503284e-01	3.284093e-12	
329	1.522500e-08	4.503331e-01	4.503284e-01	3.283999e-12	
330	1.527500e-08	4.503331e-01	4.503284e-01	3.283931e-12	
331	1.532500e-08	4.503331e-01	4.503284e-01	3.283837e-12	
332	1.537500e-08	4.503331e-01	4.503284e-01	3.283769e-12	
333	1.542500e-08	4.503331e-01	4.503284e-01	3.283675e-12	
334	1.547500e-08	4.503331e-01	4.503284e-01	3.283607e-12	
335	1.552500e-08	4.503331e-01	4.503284e-01	3.283514e-12	
336	1.557500e-08	4.503331e-01	4.503283e-01	3.283446e-12	
337	1.562500e-08	4.503331e-01	4.503283e-01	3.283352e-12	
338	1.567500e-08	4.503331e-01	4.503283e-01	3.283284e-12	
339	1.572500e-08	4.503331e-01	4.503283e-01	3.283191e-12	
340	1.577500e-08	4.503331e-01	4.503283e-01	3.283122e-12	
341	1.582500e-08	4.503330e-01	4.503283e-01	3.283029e-12	
342	1.587500e-08	4.503330e-01	4.503283e-01	3.282961e-12	
343	1.592500e-08	4.503330e-01	4.503283e-01	3.282867e-12	
344	1.597500e-08	4.503330e-01	4.503283e-01	3.282799e-12	

Index   time            v(cell)         v(bl)           vpre#branch     
--------------------------------------------------------------------------------
345	1.602500e-08	4.503330e-01	4.503283e-01	3.282706e-12	
346	1.607500e-08	4.503330e-01	4.503283e-01	3.282637e-12	
347	1.612500e-08	4.503330e-01	4.503283e-01	3.282544e-12	
348	1.617500e-08	4.503330e-01	4.503282e-01	3.282476e-12	
349	1.622500e-08	4.503330e-01	4.503282e-01	3.282382e-12	
350	1.627500e-08	4.503330e-01	4.503282e-01	3.282314e-12	
351	1.632500e-08	4.503330e-01	4.503282e-01	3.282221e-12	
352	1.637500e-08	4.503330e-01	4.503282e-01	3.282152e-12	
353	1.642500e-08	4.503329e-01	4.503282e-01	3.282059e-12	
354	1.647500e-08	4.503329e-01	4.503282e-01	3.281991e-12	
355	1.652500e-08	4.503329e-01	4.503282e-01	3.281898e-12	
356	1.657500e-08	4.503329e-01	4.503282e-01	3.281829e-12	
357	1.662500e-08	4.503329e-01	4.503282e-01	3.281736e-12	
358	1.667500e-08	4.503329e-01	4.503282e-01	3.281667e-12	
359	1.672500e-08	4.503329e-01	4.503282e-01	3.281574e-12	
360	1.677500e-08	4.503329e-01	4.503282e-01	3.281506e-12	
361	1.682500e-08	4.503329e-01	4.503281e-01	3.281413e-12	
362	1.687500e-08	4.503329e-01	4.503281e-01	3.281344e-12	
363	1.692500e-08	4.503329e-01	4.503281e-01	3.281251e-12	
364	1.697500e-08	4.503329e-01	4.503281e-01	3.281182e-12	
365	1.702500e-08	4.503329e-01	4.503281e-01	3.281090e-12	
366	1.707500e-08	4.503328e-01	4.503281e-01	3.281021e-12	
367	1.712500e-08	4.503328e-01	4.503281e-01	3.280928e-12	
368	1.717500e-08	4.503328e-01	4.503281e-01	3.280859e-12	
369	1.722500e-08	4.503328e-01	4.503281e-01	3.280767e-12	
370	1.727500e-08	4.503328e-01	4.503281e-01	3.280698e-12	
371	1.732500e-08	4.503328e-01	4.503281e-01	3.280605e-12	
372	1.737500e-08	4.503328e-01	4.503281e-01	3.280536e-12	
373	1.742500e-08	4.503328e-01	4.503280e-01	3.280444e-12	
374	1.747500e-08	4.503328e-01	4.503280e-01	3.280375e-12	
375	1.752500e-08	4.503328e-01	4.503280e-01	3.280282e-12	
376	1.757500e-08	4.503328e-01	4.503280e-01	3.280213e-12	
377	1.762500e-08	4.503328e-01	4.503280e-01	3.280121e-12	
378	1.767500e-08	4.503327e-01	4.503280e-01	3.280051e-12	
379	1.772500e-08	4.503327e-01	4.503280e-01	3.279959e-12	
380	1.777500e-08	4.503327e-01	4.503280e-01	3.279890e-12	
381	1.782500e-08	4.503327e-01	4.503280e-01	3.279798e-12	
382	1.787500e-08	4.503327e-01	4.503280e-01	3.279728e-12	
383	1.792500e-08	4.503327e-01	4.503280e-01	3.279636e-12	
384	1.797500e-08	4.503327e-01	4.503280e-01	3.279567e-12	
385	1.802500e-08	4.503327e-01	4.503279e-01	3.279475e-12	
386	1.807500e-08	4.503327e-01	4.503279e-01	3.279405e-12	
387	1.812500e-08	4.503327e-01	4.503279e-01	3.279313e-12	
388	1.817500e-08	4.503327e-01	4.503279e-01	3.279244e-12	
389	1.822500e-08	4.503327e-01	4.503279e-01	3.279152e-12	
390	1.827500e-08	4.503326e-01	4.503279e-01	3.279082e-12	
391	1.832500e-08	4.503326e-01	4.503279e-01	3.278990e-12	
392	1.837500e-08	4.503326e-01	4.503279e-01	3.278921e-12	
393	1.842500e-08	4.503326e-01	4.503279e-01	3.278829e-12	
394	1.847500e-08	4.503326e-01	4.503279e-01	3.278759e-12	
395	1.852500e-08	4.503326e-01	4.503279e-01	3.278668e-12	
396	1.857500e-08	4.503326e-01	4.503279e-01	3.278598e-12	
397	1.862500e-08	4.503326e-01	4.503279e-01	3.278506e-12	
398	1.867500e-08	4.503326e-01	4.503278e-01	3.278436e-12	
399	1.872500e-08	4.503326e-01	4.503278e-01	3.278345e-12	
400	1.877500e-08	4.503326e-01	4.503278e-01	3.278275e-12	
401	1.882500e-08	4.503326e-01	4.503278e-01	3.278183e-12	
402	1.887500e-08	4.503325e-01	4.503278e-01	3.278113e-12	

Index   time            v(cell)         v(bl)           vpre#branch     
--------------------------------------------------------------------------------
403	1.892500e-08	4.503325e-01	4.503278e-01	3.278022e-12	
404	1.897500e-08	4.503325e-01	4.503278e-01	3.277952e-12	
405	1.902500e-08	4.503325e-01	4.503278e-01	3.277861e-12	
406	1.907500e-08	4.503325e-01	4.503278e-01	3.277791e-12	
407	1.912500e-08	4.503325e-01	4.503278e-01	3.277699e-12	
408	1.917500e-08	4.503325e-01	4.503278e-01	3.277629e-12	
409	1.922500e-08	4.503325e-01	4.503278e-01	3.277538e-12	
410	1.927500e-08	4.503325e-01	4.503277e-01	3.277468e-12	
411	1.932500e-08	4.503325e-01	4.503277e-01	3.277376e-12	
412	1.937500e-08	4.503325e-01	4.503277e-01	3.277306e-12	
413	1.942500e-08	4.503325e-01	4.503277e-01	3.277215e-12	
414	1.947500e-08	4.503324e-01	4.503277e-01	3.277145e-12	
415	1.952500e-08	4.503324e-01	4.503277e-01	3.277054e-12	
416	1.957500e-08	4.503324e-01	4.503277e-01	3.276983e-12	
417	1.962500e-08	4.503324e-01	4.503277e-01	3.276892e-12	
418	1.967500e-08	4.503324e-01	4.503277e-01	3.276822e-12	
419	1.972500e-08	4.503324e-01	4.503277e-01	3.276731e-12	
420	1.977500e-08	4.503324e-01	4.503277e-01	3.276661e-12	
421	1.982500e-08	4.503324e-01	4.503277e-01	3.276570e-12	
422	1.987500e-08	4.503324e-01	4.503276e-01	3.276499e-12	
423	1.992500e-08	4.503324e-01	4.503276e-01	3.276408e-12	
424	1.997500e-08	4.503324e-01	4.503276e-01	3.276338e-12	
425	2.002500e-08	4.503324e-01	4.503276e-01	3.276247e-12	
426	2.007500e-08	4.503324e-01	4.503276e-01	3.276177e-12	
427	2.012500e-08	4.503323e-01	4.503276e-01	3.276086e-12	
428	2.017500e-08	4.503323e-01	4.503276e-01	3.276015e-12	
429	2.022500e-08	4.503323e-01	4.503276e-01	3.275925e-12	
430	2.027500e-08	4.503323e-01	4.503276e-01	3.275854e-12	
431	2.032500e-08	4.503323e-01	4.503276e-01	3.275763e-12	
432	2.037500e-08	4.503323e-01	4.503276e-01	3.275693e-12	
433	2.042500e-08	4.503323e-01	4.503276e-01	3.275602e-12	
434	2.047500e-08	4.503323e-01	4.503276e-01	3.275531e-12	
435	2.052500e-08	4.503323e-01	4.503275e-01	3.275441e-12	
436	2.057500e-08	4.503323e-01	4.503275e-01	3.275370e-12	
437	2.062500e-08	4.503323e-01	4.503275e-01	3.275279e-12	
438	2.067500e-08	4.503323e-01	4.503275e-01	3.275209e-12	
439	2.072500e-08	4.503322e-01	4.503275e-01	3.275118e-12	
440	2.077500e-08	4.503322e-01	4.503275e-01	3.275047e-12	
441	2.082500e-08	4.503322e-01	4.503275e-01	3.274957e-12	
442	2.087500e-08	4.503322e-01	4.503275e-01	3.274886e-12	
443	2.092500e-08	4.503322e-01	4.503275e-01	3.274796e-12	
444	2.097500e-08	4.503322e-01	4.503275e-01	3.274725e-12	
445	2.102500e-08	4.503322e-01	4.503275e-01	3.274634e-12	
446	2.107500e-08	4.503322e-01	4.503275e-01	3.274563e-12	
447	2.112500e-08	4.503322e-01	4.503274e-01	3.274473e-12	
448	2.117500e-08	4.503322e-01	4.503274e-01	3.274402e-12	
449	2.122500e-08	4.503322e-01	4.503274e-01	3.274312e-12	
450	2.127500e-08	4.503322e-01	4.503274e-01	3.274241e-12	
451	2.132500e-08	4.503321e-01	4.503274e-01	3.274151e-12	
452	2.137500e-08	4.503321e-01	4.503274e-01	3.274080e-12	
453	2.142500e-08	4.503321e-01	4.503274e-01	3.273990e-12	
454	2.147500e-08	4.503321e-01	4.503274e-01	3.273918e-12	
455	2.152500e-08	4.503321e-01	4.503274e-01	3.273828e-12	
456	2.157500e-08	4.503321e-01	4.503274e-01	3.273757e-12	
457	2.162500e-08	4.503321e-01	4.503274e-01	3.273667e-12	
458	2.167500e-08	4.503321e-01	4.503274e-01	3.273596e-12	
459	2.172500e-08	4.503321e-01	4.503274e-01	3.273506e-12	
460	2.177500e-08	4.503321e-01	4.503273e-01	3.273435e-12	

Index   time            v(cell)         v(bl)           vpre#branch     
--------------------------------------------------------------------------------
461	2.182500e-08	4.503321e-01	4.503273e-01	3.273345e-12	
462	2.187500e-08	4.503321e-01	4.503273e-01	3.273273e-12	
463	2.192500e-08	4.503320e-01	4.503273e-01	3.273184e-12	
464	2.196250e-08	4.503320e-01	4.503273e-01	3.273132e-12	
465	2.200000e-08	4.503320e-01	4.503273e-01	3.273063e-12	
466	2.200500e-08	4.503298e-01	4.469673e-01	-3.03275e-11	
467	2.201500e-08	4.503252e-01	4.406588e-01	-9.34121e-11	
468	2.203500e-08	4.503157e-01	4.289579e-01	-2.10421e-10	
469	2.207500e-08	4.502971e-01	4.052707e-01	-4.47293e-10	
470	2.212500e-08	4.502750e-01	3.746519e-01	-7.53481e-10	
471	2.217500e-08	4.502539e-01	3.434692e-01	-1.06531e-09	
472	2.222500e-08	4.502336e-01	3.123146e-01	-1.37685e-09	
473	2.227500e-08	4.502139e-01	2.815890e-01	-1.68411e-09	
474	2.232500e-08	4.501946e-01	2.515710e-01	-1.98429e-09	
475	2.237500e-08	4.501757e-01	2.224640e-01	-2.27536e-09	
476	2.242500e-08	4.501572e-01	1.944192e-01	-2.55581e-09	
477	2.247500e-08	4.501388e-01	1.675463e-01	-2.82454e-09	
478	2.252500e-08	4.501206e-01	1.419184e-01	-3.08082e-09	
479	2.257500e-08	4.501025e-01	1.175754e-01	-3.32425e-09	
480	2.262500e-08	4.500845e-01	9.450765e-02	-3.55492e-09	
481	2.267500e-08	4.500666e-01	7.270938e-02	-3.77291e-09	
482	2.272500e-08	4.500487e-01	5.217458e-02	-3.97825e-09	
483	2.277500e-08	4.500308e-01	3.285365e-02	-4.17146e-09	
484	2.282500e-08	4.500129e-01	1.468954e-02	-4.35310e-09	
485	2.287500e-08	4.499950e-01	-2.37838e-03	-4.52378e-09	
486	2.292500e-08	4.499771e-01	-1.84114e-02	-4.68411e-09	
487	2.296250e-08	4.499637e-01	-2.97914e-02	-4.79791e-09	
488	2.300000e-08	4.499503e-01	-4.06478e-02	-4.90648e-09	
489	2.300500e-08	4.499503e-01	-3.75806e-02	-4.87581e-09	
490	2.301500e-08	4.499503e-01	-3.14848e-02	-4.81485e-09	
491	2.303500e-08	4.499503e-01	-1.95204e-02	-4.69520e-09	
492	2.307500e-08	4.499503e-01	3.526990e-03	-4.46473e-09	
493	2.312500e-08	4.499503e-01	3.075458e-02	-4.19245e-09	
494	2.317500e-08	4.499503e-01	5.632158e-02	-3.93678e-09	
495	2.322500e-08	4.499503e-01	8.032938e-02	-3.69671e-09	
496	2.327500e-08	4.499503e-01	1.028731e-01	-3.47127e-09	
497	2.332500e-08	4.499503e-01	1.240420e-01	-3.25958e-09	
498	2.337500e-08	4.499503e-01	1.439199e-01	-3.06080e-09	
499	2.342500e-08	4.499503e-01	1.625857e-01	-2.87414e-09	
500	2.347500e-08	4.499503e-01	1.801131e-01	-2.69887e-09	
501	2.352500e-08	4.499503e-01	1.965716e-01	-2.53428e-09	
502	2.357500e-08	4.499503e-01	2.120265e-01	-2.37974e-09	
503	2.362500e-08	4.499503e-01	2.265389e-01	-2.23461e-09	
504	2.367500e-08	4.499503e-01	2.401662e-01	-2.09834e-09	
505	2.372500e-08	4.499503e-01	2.529625e-01	-1.97037e-09	
506	2.377500e-08	4.499503e-01	2.649785e-01	-1.85022e-09	
507	2.382500e-08	4.499503e-01	2.762617e-01	-1.73738e-09	
508	2.387500e-08	4.499503e-01	2.868568e-01	-1.63143e-09	
509	2.392500e-08	4.499503e-01	2.968058e-01	-1.53194e-09	
510	2.397500e-08	4.499503e-01	3.061480e-01	-1.43852e-09	
511	2.402500e-08	4.499503e-01	3.149206e-01	-1.35079e-09	
512	2.407500e-08	4.499503e-01	3.231581e-01	-1.26842e-09	
513	2.412500e-08	4.499503e-01	3.308934e-01	-1.19107e-09	
514	2.417500e-08	4.499503e-01	3.381568e-01	-1.11843e-09	
515	2.422500e-08	4.499503e-01	3.449774e-01	-1.05023e-09	
516	2.427500e-08	4.499503e-01	3.513820e-01	-9.86180e-10	
517	2.432500e-08	4.499503e-01	3.573960e-01	-9.26040e-10	
518	2.437500e-08	4.499503e-01	3.630433e-01	-8.69567e-10	

Index   time            v(cell)         v(bl)           vpre#branch     
--------------------------------------------------------------------------------
519	2.442500e-08	4.499503e-01	3.683462e-01	-8.16538e-10	
520	2.447500e-08	4.499503e-01	3.733257e-01	-7.66743e-10	
521	2.452500e-08	4.499503e-01	3.780015e-01	-7.19985e-10	
522	2.457500e-08	4.499503e-01	3.823922e-01	-6.76078e-10	
523	2.462500e-08	4.499503e-01	3.865152e-01	-6.34848e-10	
524	2.467500e-08	4.499503e-01	3.903867e-01	-5.96133e-10	
525	2.472500e-08	4.499503e-01	3.940221e-01	-5.59779e-10	
526	2.477500e-08	4.499503e-01	3.974358e-01	-5.25642e-10	
527	2.482500e-08	4.499503e-01	4.006413e-01	-4.93587e-10	
528	2.487500e-08	4.499503e-01	4.036514e-01	-4.63486e-10	
529	2.492500e-08	4.499503e-01	4.064778e-01	-4.35222e-10	
530	2.497500e-08	4.499503e-01	4.091320e-01	-4.08680e-10	
531	2.502500e-08	4.499503e-01	4.116242e-01	-3.83758e-10	
532	2.507500e-08	4.499503e-01	4.139645e-01	-3.60355e-10	
533	2.512500e-08	4.499503e-01	4.161621e-01	-3.38379e-10	
534	2.517500e-08	4.499503e-01	4.182256e-01	-3.17744e-10	
535	2.522500e-08	4.499503e-01	4.201633e-01	-2.98367e-10	
536	2.527500e-08	4.499503e-01	4.219828e-01	-2.80172e-10	
537	2.532500e-08	4.499503e-01	4.236914e-01	-2.63086e-10	
538	2.537500e-08	4.499503e-01	4.252958e-01	-2.47042e-10	
539	2.542500e-08	4.499503e-01	4.268023e-01	-2.31977e-10	
540	2.547500e-08	4.499503e-01	4.282170e-01	-2.17830e-10	
541	2.552500e-08	4.499503e-01	4.295454e-01	-2.04546e-10	
542	2.557500e-08	4.499503e-01	4.307928e-01	-1.92072e-10	
543	2.562500e-08	4.499503e-01	4.319641e-01	-1.80359e-10	
544	2.567500e-08	4.499503e-01	4.330640e-01	-1.69360e-10	
545	2.572500e-08	4.499503e-01	4.340968e-01	-1.59032e-10	
546	2.577500e-08	4.499503e-01	4.350666e-01	-1.49334e-10	
547	2.582500e-08	4.499503e-01	4.359773e-01	-1.40227e-10	
548	2.587500e-08	4.499503e-01	4.368325e-01	-1.31675e-10	
549	2.592500e-08	4.499503e-01	4.376354e-01	-1.23646e-10	
550	2.597500e-08	4.499503e-01	4.383895e-01	-1.16105e-10	
551	2.602500e-08	4.499503e-01	4.390975e-01	-1.09025e-10	
552	2.607500e-08	4.499503e-01	4.397624e-01	-1.02376e-10	
553	2.612500e-08	4.499503e-01	4.403867e-01	-9.61329e-11	
554	2.617500e-08	4.499503e-01	4.409730e-01	-9.02704e-11	
555	2.622500e-08	4.499503e-01	4.415235e-01	-8.47654e-11	
556	2.627500e-08	4.499503e-01	4.420404e-01	-7.95962e-11	
557	2.632500e-08	4.499503e-01	4.425258e-01	-7.47421e-11	
558	2.637500e-08	4.499503e-01	4.429816e-01	-7.01841e-11	
559	2.642500e-08	4.499503e-01	4.434096e-01	-6.59041e-11	
560	2.647500e-08	4.499503e-01	4.438115e-01	-6.18850e-11	
561	2.652500e-08	4.499503e-01	4.441889e-01	-5.81111e-11	
562	2.657500e-08	4.499503e-01	4.445433e-01	-5.45673e-11	
563	2.662500e-08	4.499503e-01	4.448760e-01	-5.12396e-11	
564	2.667500e-08	4.499503e-01	4.451885e-01	-4.81149e-11	
565	2.672500e-08	4.499503e-01	4.454819e-01	-4.51807e-11	
566	2.677500e-08	4.499503e-01	4.457575e-01	-4.24254e-11	
567	2.682500e-08	4.499503e-01	4.460162e-01	-3.98382e-11	
568	2.687500e-08	4.499503e-01	4.462591e-01	-3.74087e-11	
569	2.692500e-08	4.499503e-01	4.464873e-01	-3.51274e-11	
570	2.697500e-08	4.499503e-01	4.467015e-01	-3.29852e-11	
571	2.702500e-08	4.499503e-01	4.469026e-01	-3.09737e-11	
572	2.707500e-08	4.499503e-01	4.470915e-01	-2.90848e-11	
573	2.712500e-08	4.499503e-01	4.472689e-01	-2.73111e-11	
574	2.717500e-08	4.499503e-01	4.474354e-01	-2.56456e-11	
575	2.722500e-08	4.499503e-01	4.475918e-01	-2.40817e-11	
576	2.727500e-08	4.499503e-01	4.477387e-01	-2.26131e-11	

Index   time            v(cell)         v(bl)           vpre#branch     
--------------------------------------------------------------------------------
577	2.732500e-08	4.499503e-01	4.478766e-01	-2.12341e-11	
578	2.737500e-08	4.499503e-01	4.480061e-01	-1.99392e-11	
579	2.742500e-08	4.499503e-01	4.481277e-01	-1.87232e-11	
580	2.747500e-08	4.499503e-01	4.482419e-01	-1.75814e-11	
581	2.752500e-08	4.499503e-01	4.483491e-01	-1.65092e-11	
582	2.757500e-08	4.499503e-01	4.484498e-01	-1.55025e-11	
583	2.762500e-08	4.499503e-01	4.485443e-01	-1.45571e-11	
584	2.767500e-08	4.499503e-01	4.486331e-01	-1.36693e-11	
585	2.772500e-08	4.499503e-01	4.487164e-01	-1.28357e-11	
586	2.777500e-08	4.499503e-01	4.487947e-01	-1.20530e-11	
587	2.782500e-08	4.499503e-01	4.488682e-01	-1.13179e-11	
588	2.787500e-08	4.499503e-01	4.489372e-01	-1.06277e-11	
589	2.792500e-08	4.499503e-01	4.490020e-01	-9.97962e-12	
590	2.797500e-08	4.499503e-01	4.490629e-01	-9.37104e-12	
591	2.802500e-08	4.499503e-01	4.491200e-01	-8.79956e-12	
592	2.807500e-08	4.499503e-01	4.491737e-01	-8.26294e-12	
593	2.812500e-08	4.499503e-01	4.492241e-01	-7.75904e-12	
594	2.817500e-08	4.499503e-01	4.492714e-01	-7.28587e-12	
595	2.822500e-08	4.499503e-01	4.493158e-01	-6.84155e-12	
596	2.827500e-08	4.499503e-01	4.493576e-01	-6.42433e-12	
597	2.832500e-08	4.499503e-01	4.493967e-01	-6.03256e-12	
598	2.837500e-08	4.499503e-01	4.494335e-01	-5.66467e-12	
599	2.842500e-08	4.499503e-01	4.494681e-01	-5.31922e-12	
600	2.847500e-08	4.499503e-01	4.495005e-01	-4.99484e-12	
601	2.852500e-08	4.499503e-01	4.495310e-01	-4.69024e-12	
602	2.857500e-08	4.499503e-01	4.495596e-01	-4.40421e-12	
603	2.862500e-08	4.499503e-01	4.495864e-01	-4.13563e-12	
604	2.867500e-08	4.499503e-01	4.496117e-01	-3.88343e-12	
605	2.872500e-08	4.499503e-01	4.496353e-01	-3.64660e-12	
606	2.877500e-08	4.499503e-01	4.496576e-01	-3.42422e-12	
607	2.882500e-08	4.499503e-01	4.496785e-01	-3.21540e-12	
608	2.887500e-08	4.499503e-01	4.496981e-01	-3.01932e-12	
609	2.892500e-08	4.499503e-01	4.497165e-01	-2.83519e-12	
610	2.897500e-08	4.499503e-01	4.497338e-01	-2.66229e-12	
611	2.902500e-08	4.499503e-01	4.497500e-01	-2.49994e-12	
612	2.907500e-08	4.499503e-01	4.497653e-01	-2.34748e-12	
613	2.912500e-08	4.499503e-01	4.497796e-01	-2.20433e-12	
614	2.917500e-08	4.499503e-01	4.497930e-01	-2.06990e-12	
615	2.922500e-08	4.499503e-01	4.498056e-01	-1.94367e-12	
616	2.927500e-08	4.499503e-01	4.498175e-01	-1.82514e-12	
617	2.932500e-08	4.499503e-01	4.498286e-01	-1.71384e-12	
618	2.937500e-08	4.499503e-01	4.498391e-01	-1.60932e-12	
619	2.942500e-08	4.499503e-01	4.498489e-01	-1.51118e-12	
620	2.947500e-08	4.499503e-01	4.498581e-01	-1.41902e-12	
621	2.952500e-08	4.499503e-01	4.498668e-01	-1.33249e-12	
622	2.957500e-08	4.499503e-01	4.498749e-01	-1.25123e-12	
623	2.962500e-08	4.499503e-01	4.498825e-01	-1.17492e-12	
624	2.967500e-08	4.499503e-01	4.498897e-01	-1.10327e-12	
625	2.972500e-08	4.499503e-01	4.498964e-01	-1.03599e-12	
626	2.977500e-08	4.499503e-01	4.499027e-01	-9.72814e-13	
627	2.982500e-08	4.499503e-01	4.499087e-01	-9.13489e-13	
628	2.987500e-08	4.499503e-01	4.499142e-01	-8.57781e-13	
629	2.992500e-08	4.499503e-01	4.499195e-01	-8.05471e-13	
630	2.997500e-08	4.499503e-01	4.499244e-01	-7.56351e-13	
631	3.002500e-08	4.499503e-01	4.499290e-01	-7.10226e-13	
632	3.007500e-08	4.499503e-01	4.499333e-01	-6.66914e-13	
633	3.012500e-08	4.499503e-01	4.499374e-01	-6.26244e-13	
634	3.017500e-08	4.499503e-01	4.499412e-01	-5.88054e-13	

Index   time            v(cell)         v(bl)           vpre#branch     
--------------------------------------------------------------------------------
635	3.022500e-08	4.499503e-01	4.499448e-01	-5.52192e-13	
636	3.027500e-08	4.499503e-01	4.499481e-01	-5.18518e-13	
637	3.032500e-08	4.499503e-01	4.499513e-01	-4.86897e-13	
638	3.037500e-08	4.499503e-01	4.499543e-01	-4.57205e-13	
639	3.042500e-08	4.499503e-01	4.499571e-01	-4.29323e-13	
640	3.047500e-08	4.499503e-01	4.499597e-01	-4.03141e-13	
641	3.052500e-08	4.499503e-01	4.499621e-01	-3.78557e-13	
642	3.057500e-08	4.499503e-01	4.499645e-01	-3.55471e-13	
643	3.062500e-08	4.499503e-01	4.499666e-01	-3.33793e-13	
644	3.067500e-08	4.499503e-01	4.499687e-01	-3.13437e-13	
645	3.072500e-08	4.499503e-01	4.499706e-01	-2.94323e-13	
646	3.077500e-08	4.499503e-01	4.499724e-01	-2.76374e-13	
647	3.082500e-08	4.499503e-01	4.499740e-01	-2.59520e-13	
648	3.087500e-08	4.499503e-01	4.499756e-01	-2.43694e-13	
649	3.092500e-08	4.499503e-01	4.499771e-01	-2.28833e-13	
650	3.097500e-08	4.499503e-01	4.499785e-01	-2.14878e-13	
651	3.102500e-08	4.499503e-01	4.499798e-01	-2.01774e-13	
652	3.107500e-08	4.499503e-01	4.499811e-01	-1.89469e-13	
653	3.112500e-08	4.499503e-01	4.499822e-01	-1.77915e-13	
654	3.117500e-08	4.499503e-01	4.499833e-01	-1.67065e-13	
655	3.122500e-08	4.499503e-01	4.499843e-01	-1.56877e-13	
656	3.127500e-08	4.499503e-01	4.499853e-01	-1.47310e-13	
657	3.132500e-08	4.499503e-01	4.499862e-01	-1.38326e-13	
658	3.137500e-08	4.499503e-01	4.499870e-01	-1.29891e-13	
659	3.142500e-08	4.499503e-01	4.499878e-01	-1.21970e-13	
660	3.147500e-08	4.499503e-01	4.499885e-01	-1.14532e-13	
661	3.152500e-08	4.499503e-01	4.499892e-01	-1.07547e-13	
662	3.157500e-08	4.499503e-01	4.499899e-01	-1.00989e-13	
663	3.162500e-08	4.499503e-01	4.499905e-01	-9.48300e-14	
664	3.167500e-08	4.499503e-01	4.499911e-01	-8.90470e-14	
665	3.172500e-08	4.499503e-01	4.499916e-01	-8.36166e-14	
666	3.177500e-08	4.499503e-01	4.499921e-01	-7.85174e-14	
667	3.182500e-08	4.499503e-01	4.499926e-01	-7.37292e-14	
668	3.187500e-08	4.499503e-01	4.499931e-01	-6.92329e-14	
669	3.192500e-08	4.499503e-01	4.499935e-01	-6.50109e-14	
670	3.197500e-08	4.499503e-01	4.499939e-01	-6.10463e-14	
671	3.202500e-08	4.499503e-01	4.499943e-01	-5.73236e-14	
672	3.207500e-08	4.499503e-01	4.499946e-01	-5.38278e-14	
673	3.212500e-08	4.499503e-01	4.499949e-01	-5.05452e-14	
674	3.217500e-08	4.499503e-01	4.499953e-01	-4.74628e-14	
675	3.222500e-08	4.499503e-01	4.499955e-01	-4.45684e-14	
676	3.227500e-08	4.499503e-01	4.499958e-01	-4.18505e-14	
677	3.232500e-08	4.499503e-01	4.499961e-01	-3.92983e-14	
678	3.237500e-08	4.499503e-01	4.499963e-01	-3.69018e-14	
679	3.242500e-08	4.499503e-01	4.499965e-01	-3.46514e-14	
680	3.247500e-08	4.499503e-01	4.499967e-01	-3.25382e-14	
681	3.252500e-08	4.499503e-01	4.499969e-01	-3.05540e-14	
682	3.257500e-08	4.499503e-01	4.499971e-01	-2.86907e-14	
683	3.262500e-08	4.499503e-01	4.499973e-01	-2.69411e-14	
684	3.267500e-08	4.499503e-01	4.499975e-01	-2.52981e-14	
685	3.272500e-08	4.499503e-01	4.499976e-01	-2.37554e-14	
686	3.277500e-08	4.499503e-01	4.499978e-01	-2.23067e-14	
687	3.282500e-08	4.499503e-01	4.499979e-01	-2.09464e-14	
688	3.287500e-08	4.499503e-01	4.499980e-01	-1.96690e-14	
689	3.292500e-08	4.499503e-01	4.499982e-01	-1.84695e-14	
690	3.297500e-08	4.499503e-01	4.499983e-01	-1.73432e-14	
691	3.302500e-08	4.499503e-01	4.499984e-01	-1.62856e-14	
692	3.307500e-08	4.499503e-01	4.499985e-01	-1.52924e-14	

Index   time            v(cell)         v(bl)           vpre#branch     
--------------------------------------------------------------------------------
693	3.312500e-08	4.499503e-01	4.499986e-01	-1.43598e-14	
694	3.317500e-08	4.499503e-01	4.499987e-01	-1.34841e-14	
695	3.322500e-08	4.499503e-01	4.499987e-01	-1.26618e-14	
696	3.327500e-08	4.499503e-01	4.499988e-01	-1.18897e-14	
697	3.332500e-08	4.499503e-01	4.499989e-01	-1.11646e-14	
698	3.337500e-08	4.499503e-01	4.499990e-01	-1.04838e-14	
699	3.342500e-08	4.499503e-01	4.499990e-01	-9.84444e-15	
700	3.347500e-08	4.499503e-01	4.499991e-01	-9.24410e-15	
701	3.352500e-08	4.499503e-01	4.499991e-01	-8.68037e-15	
702	3.357500e-08	4.499503e-01	4.499992e-01	-8.15102e-15	
703	3.362500e-08	4.499503e-01	4.499992e-01	-7.65395e-15	
704	3.367500e-08	4.499503e-01	4.499993e-01	-7.18720e-15	
705	3.372500e-08	4.499503e-01	4.499993e-01	-6.74890e-15	
706	3.377500e-08	4.499503e-01	4.499994e-01	-6.33734e-15	
707	3.382500e-08	4.499503e-01	4.499994e-01	-5.95087e-15	
708	3.387500e-08	4.499503e-01	4.499994e-01	-5.58797e-15	
709	3.392500e-08	4.499503e-01	4.499995e-01	-5.24721e-15	
710	3.397500e-08	4.499503e-01	4.499995e-01	-4.92722e-15	
711	3.402500e-08	4.499503e-01	4.499995e-01	-4.62675e-15	
712	3.407500e-08	4.499503e-01	4.499996e-01	-4.34460e-15	
713	3.412500e-08	4.499503e-01	4.499996e-01	-4.07966e-15	
714	3.417500e-08	4.499503e-01	4.499996e-01	-3.83087e-15	
715	3.422500e-08	4.499503e-01	4.499996e-01	-3.59726e-15	
716	3.427500e-08	4.499503e-01	4.499997e-01	-3.37789e-15	
717	3.432500e-08	4.499503e-01	4.499997e-01	-3.17190e-15	
718	3.437500e-08	4.499503e-01	4.499997e-01	-2.97847e-15	
719	3.442500e-08	4.499503e-01	4.499997e-01	-2.79684e-15	
720	3.447500e-08	4.499503e-01	4.499997e-01	-2.62629e-15	
721	3.452500e-08	4.499503e-01	4.499998e-01	-2.46613e-15	
722	3.457500e-08	4.499503e-01	4.499998e-01	-2.31575e-15	
723	3.462500e-08	4.499503e-01	4.499998e-01	-2.17453e-15	
724	3.467500e-08	4.499503e-01	4.499998e-01	-2.04193e-15	
725	3.472500e-08	4.499503e-01	4.499998e-01	-1.91741e-15	
726	3.477500e-08	4.499503e-01	4.499998e-01	-1.80048e-15	
727	3.482500e-08	4.499503e-01	4.499998e-01	-1.69069e-15	
728	3.487500e-08	4.499503e-01	4.499998e-01	-1.58759e-15	
729	3.492500e-08	4.499503e-01	4.499999e-01	-1.49078e-15	
730	3.497500e-08	4.499503e-01	4.499999e-01	-1.39987e-15	
731	3.502500e-08	4.499503e-01	4.499999e-01	-1.31451e-15	
732	3.507500e-08	4.499503e-01	4.499999e-01	-1.23435e-15	
733	3.512500e-08	4.499503e-01	4.499999e-01	-1.15908e-15	
734	3.517500e-08	4.499503e-01	4.499999e-01	-1.08840e-15	
735	3.522500e-08	4.499503e-01	4.499999e-01	-1.02203e-15	
736	3.527500e-08	4.499503e-01	4.499999e-01	-9.59710e-16	
737	3.532500e-08	4.499503e-01	4.499999e-01	-9.01189e-16	
738	3.537500e-08	4.499503e-01	4.499999e-01	-8.46237e-16	
739	3.542500e-08	4.499503e-01	4.499999e-01	-7.94637e-16	
740	3.547500e-08	4.499503e-01	4.499999e-01	-7.46183e-16	
741	3.552500e-08	4.499503e-01	4.499999e-01	-7.00683e-16	
742	3.557500e-08	4.499503e-01	4.499999e-01	-6.57958e-16	
743	3.562500e-08	4.499503e-01	4.499999e-01	-6.17839e-16	
744	3.567500e-08	4.499503e-01	4.499999e-01	-5.80166e-16	
745	3.572500e-08	4.499503e-01	4.499999e-01	-5.44790e-16	
746	3.577500e-08	4.499503e-01	4.499999e-01	-5.11572e-16	
747	3.582500e-08	4.499503e-01	4.500000e-01	-4.80380e-16	
748	3.587500e-08	4.499503e-01	4.500000e-01	-4.51090e-16	
749	3.592500e-08	4.499503e-01	4.500000e-01	-4.23586e-16	
750	3.597500e-08	4.499503e-01	4.500000e-01	-3.97759e-16	

Index   time            v(cell)         v(bl)           vpre#branch     
--------------------------------------------------------------------------------
751	3.602500e-08	4.499503e-01	4.500000e-01	-3.73508e-16	
752	3.607500e-08	4.499503e-01	4.500000e-01	-3.50735e-16	
753	3.612500e-08	4.499503e-01	4.500000e-01	-3.29351e-16	
754	3.617500e-08	4.499503e-01	4.500000e-01	-3.09271e-16	
755	3.622500e-08	4.499503e-01	4.500000e-01	-2.90416e-16	
756	3.627500e-08	4.499503e-01	4.500000e-01	-2.72711e-16	
757	3.632500e-08	4.499503e-01	4.500000e-01	-2.56085e-16	
758	3.637500e-08	4.499503e-01	4.500000e-01	-2.40473e-16	
759	3.642500e-08	4.499503e-01	4.500000e-01	-2.25814e-16	
760	3.647500e-08	4.499503e-01	4.500000e-01	-2.12048e-16	
761	3.652500e-08	4.499503e-01	4.500000e-01	-1.99121e-16	
762	3.657500e-08	4.499503e-01	4.500000e-01	-1.86983e-16	
763	3.662500e-08	4.499503e-01	4.500000e-01	-1.75585e-16	
764	3.667500e-08	4.499503e-01	4.500000e-01	-1.64883e-16	
765	3.672500e-08	4.499503e-01	4.500000e-01	-1.54833e-16	
766	3.677500e-08	4.499503e-01	4.500000e-01	-1.45396e-16	
767	3.682500e-08	4.499503e-01	4.500000e-01	-1.36535e-16	
768	3.687500e-08	4.499503e-01	4.500000e-01	-1.28213e-16	
769	3.692500e-08	4.499503e-01	4.500000e-01	-1.20399e-16	
770	3.697500e-08	4.499503e-01	4.500000e-01	-1.13063e-16	
771	3.702500e-08	4.499503e-01	4.500000e-01	-1.06173e-16	
772	3.707500e-08	4.499503e-01	4.500000e-01	-9.97036e-17	
773	3.712500e-08	4.499503e-01	4.500000e-01	-9.36281e-17	
774	3.717500e-08	4.499503e-01	4.500000e-01	-8.79235e-17	
775	3.722500e-08	4.499503e-01	4.500000e-01	-8.25668e-17	
776	3.727500e-08	4.499503e-01	4.500000e-01	-7.75368e-17	
777	3.732500e-08	4.499503e-01	4.500000e-01	-7.28139e-17	
778	3.737500e-08	4.499503e-01	4.500000e-01	-6.83787e-17	
779	3.742500e-08	4.499503e-01	4.500000e-01	-6.42134e-17	
780	3.747500e-08	4.499503e-01	4.500000e-01	-6.03022e-17	
781	3.752500e-08	4.499503e-01	4.500000e-01	-5.66300e-17	
782	3.757500e-08	4.499503e-01	4.500000e-01	-5.31821e-17	
783	3.762500e-08	4.499503e-01	4.500000e-01	-4.99440e-17	
784	3.767500e-08	4.499503e-01	4.500000e-01	-4.69034e-17	
785	3.772500e-08	4.499503e-01	4.500000e-01	-4.40487e-17	
786	3.777500e-08	4.499503e-01	4.500000e-01	-4.13676e-17	
787	3.782500e-08	4.499503e-01	4.500000e-01	-3.88500e-17	
788	3.787500e-08	4.499503e-01	4.500000e-01	-3.64860e-17	
789	3.792500e-08	4.499503e-01	4.500000e-01	-3.42661e-17	
790	3.797500e-08	4.499503e-01	4.500000e-01	-3.21820e-17	
791	3.802500e-08	4.499503e-01	4.500000e-01	-3.02250e-17	
792	3.807500e-08	4.499503e-01	4.500000e-01	-2.83873e-17	
793	3.812500e-08	4.499503e-01	4.500000e-01	-2.66613e-17	
794	3.817500e-08	4.499503e-01	4.500000e-01	-2.50402e-17	
795	3.822500e-08	4.499503e-01	4.500000e-01	-2.35179e-17	
796	3.827500e-08	4.499503e-01	4.500000e-01	-2.20884e-17	
797	3.832500e-08	4.499503e-01	4.500000e-01	-2.07466e-17	
798	3.837500e-08	4.499503e-01	4.500000e-01	-1.94865e-17	
799	3.842500e-08	4.499503e-01	4.500000e-01	-1.83033e-17	
800	3.847500e-08	4.499503e-01	4.500000e-01	-1.71923e-17	
801	3.852500e-08	4.499503e-01	4.500000e-01	-1.61490e-17	
802	3.857500e-08	4.499503e-01	4.500000e-01	-1.51693e-17	
803	3.862500e-08	4.499503e-01	4.500000e-01	-1.42494e-17	
804	3.867500e-08	4.499503e-01	4.500000e-01	-1.33856e-17	
805	3.872500e-08	4.499503e-01	4.500000e-01	-1.25740e-17	
806	3.877500e-08	4.499503e-01	4.500000e-01	-1.18120e-17	
807	3.882500e-08	4.499503e-01	4.500000e-01	-1.10964e-17	
808	3.887500e-08	4.499503e-01	4.500000e-01	-1.04248e-17	

Index   time            v(cell)         v(bl)           vpre#branch     
--------------------------------------------------------------------------------
809	3.892500e-08	4.499503e-01	4.500000e-01	-9.79423e-18	
810	3.897500e-08	4.499503e-01	4.500000e-01	-9.20210e-18	
811	3.902500e-08	4.499503e-01	4.500000e-01	-8.64649e-18	
812	3.907500e-08	4.499503e-01	4.500000e-01	-8.12476e-18	
813	3.912500e-08	4.499503e-01	4.500000e-01	-7.63485e-18	
814	3.917500e-08	4.499503e-01	4.500000e-01	-7.17441e-18	
815	3.922500e-08	4.499503e-01	4.500000e-01	-6.74204e-18	
816	3.927500e-08	4.499503e-01	4.500000e-01	-6.33604e-18	
817	3.932500e-08	4.499503e-01	4.500000e-01	-5.95480e-18	
818	3.937500e-08	4.499503e-01	4.500000e-01	-5.59680e-18	
819	3.942500e-08	4.499503e-01	4.500000e-01	-5.26023e-18	
820	3.947500e-08	4.499503e-01	4.500000e-01	-4.94418e-18	
821	3.952500e-08	4.499503e-01	4.500000e-01	-4.64741e-18	
822	3.957500e-08	4.499503e-01	4.500000e-01	-4.36915e-18	
823	3.962500e-08	4.499503e-01	4.500000e-01	-4.10785e-18	
824	3.967500e-08	4.499503e-01	4.500000e-01	-3.86208e-18	
825	3.972500e-08	4.499503e-01	4.500000e-01	-3.63129e-18	
826	3.977500e-08	4.499503e-01	4.500000e-01	-3.41458e-18	
827	3.982500e-08	4.499503e-01	4.500000e-01	-3.21109e-18	
828	3.987500e-08	4.499503e-01	4.500000e-01	-3.02042e-18	
829	3.992500e-08	4.499503e-01	4.500000e-01	-2.84137e-18	
830	3.996250e-08	4.499503e-01	4.500000e-01	-2.71426e-18	
831	4.000000e-08	4.499503e-01	4.500000e-01	-2.59366e-18	


Total analysis time (seconds) = 0.0541743

Total elapsed time (seconds) = 0.064 

Total DRAM available = 386307.215 MB.
DRAM currently available = 1979.863 MB.
Maximum ngspice program size =  529.715 MB.
Current ngspice program size =   14.281 MB.

Shared ngspice pages =   12.469 MB.
Text (code) pages =    6.266 MB.
Stack = 0 bytes.
Library pages =   59.133 MB.

