
Note: No compatibility mode selected!


Circuit: * 1t1c ccell=30.0ff

Doing analysis at TEMP = 27.000000 and TNOM = 27.000000

Using SPARSE 1.3 as Direct Linear Solver

Initial Transient Solution
--------------------------

Node                                   Voltage
----                                   -------
pre                                       0.45
bl                                        0.45
wl                                           0
plate                                        0
s                                            0
cell                                         0
vs#branch                                    0
vpl#branch                                   0
vwl#branch                                   0
vpre#branch                                  0


No. of Data Rows : 832

  Measurements for Transient Analysis

t_write             =  1.90024e-09
t_read              =  2.26577e-08
i_hold              =  -3.16557e-11 from=  2.50000e-08 to=  3.50250e-08
q_read              =   2.82432e-18 from=  1.20000e-08 to=  2.20000e-08

                              * 1t1c ccell=30.0ff
                              Transient Analysis  Tue Jun 23 23:44:35  2026
--------------------------------------------------------------------------------
Index   time            v(cell)         v(bl)           vpre#branch     
--------------------------------------------------------------------------------
0	0.000000e+00	0.000000e+00	4.500000e-01	0.000000e+00	
1	5.000000e-13	3.045458e-13	4.500000e-01	-1.24737e-17	
2	1.000000e-12	6.090856e-13	4.500000e-01	-2.39551e-17	
3	2.000000e-12	1.218165e-12	4.500000e-01	-4.69033e-17	
4	4.000000e-12	2.436322e-12	4.500000e-01	-9.27132e-17	
5	8.000000e-12	4.872637e-12	4.500000e-01	-1.83988e-16	
6	1.600000e-11	9.745267e-12	4.500000e-01	-3.65167e-16	
7	3.200000e-11	1.949053e-11	4.499999e-01	-7.22110e-16	
8	6.400000e-11	3.898104e-11	4.499999e-01	-1.41487e-15	
9	1.140000e-10	6.943496e-11	4.499998e-01	-2.44317e-15	
10	1.640000e-10	9.988888e-11	4.499997e-01	-3.40876e-15	
11	2.140000e-10	1.303428e-10	4.499996e-01	-4.31547e-15	
12	2.640000e-10	1.607967e-10	4.499995e-01	-5.16689e-15	
13	3.140000e-10	1.912506e-10	4.499994e-01	-5.96639e-15	
14	3.640000e-10	2.217045e-10	4.499993e-01	-6.71713e-15	
15	4.140000e-10	2.521583e-10	4.499993e-01	-7.42209e-15	
16	4.640000e-10	2.826122e-10	4.499992e-01	-8.08405e-15	
17	5.140000e-10	3.130661e-10	4.499991e-01	-8.70565e-15	
18	5.640000e-10	3.435199e-10	4.499991e-01	-9.28934e-15	
19	6.140000e-10	3.739738e-10	4.499990e-01	-9.83744e-15	
20	6.640000e-10	4.044277e-10	4.499990e-01	-1.03521e-14	
21	7.140000e-10	4.348815e-10	4.499989e-01	-1.08354e-14	
22	7.640000e-10	4.653354e-10	4.499989e-01	-1.12892e-14	
23	8.140000e-10	4.957892e-10	4.499988e-01	-1.17154e-14	
24	8.640000e-10	5.262430e-10	4.499988e-01	-1.21155e-14	
25	9.140000e-10	5.566969e-10	4.499988e-01	-1.24913e-14	
26	9.570000e-10	5.828872e-10	4.499987e-01	-1.27960e-14	
27	1.000000e-09	6.090775e-10	4.499987e-01	-1.30847e-14	
28	1.005000e-09	4.498819e-03	4.499987e-01	-1.31034e-14	
29	1.015000e-09	1.349643e-02	4.499987e-01	-1.31165e-14	
30	1.035000e-09	3.149167e-02	4.499987e-01	-1.30221e-14	
31	1.075000e-09	6.748213e-02	4.499987e-01	-1.25425e-14	
32	1.125000e-09	1.124702e-01	4.499988e-01	-1.17591e-14	
33	1.175000e-09	1.574583e-01	4.499989e-01	-1.10146e-14	
34	1.225000e-09	2.024464e-01	4.499990e-01	-1.03347e-14	
35	1.275000e-09	2.474345e-01	4.499990e-01	-9.70213e-15	
36	1.325000e-09	2.924225e-01	4.499991e-01	-9.10978e-15	
37	1.375000e-09	3.374106e-01	4.499991e-01	-8.55441e-15	
38	1.425000e-09	3.823987e-01	4.499992e-01	-8.03336e-15	
39	1.475000e-09	4.273868e-01	4.499992e-01	-7.54403e-15	
40	1.525000e-09	4.723749e-01	4.499993e-01	-7.08441e-15	
41	1.575000e-09	5.173629e-01	4.499993e-01	-6.65224e-15	
42	1.625000e-09	5.623510e-01	4.499994e-01	-6.24592e-15	
43	1.675000e-09	6.073391e-01	4.499994e-01	-5.86437e-15	
44	1.725000e-09	6.523272e-01	4.499994e-01	-5.50605e-15	
45	1.775000e-09	6.973153e-01	4.499995e-01	-5.16955e-15	
46	1.825000e-09	7.423033e-01	4.499995e-01	-4.85355e-15	
47	1.875000e-09	7.872914e-01	4.499995e-01	-4.55679e-15	
48	1.925000e-09	8.322795e-01	4.499996e-01	-4.27810e-15	
49	1.962500e-09	8.660206e-01	4.499996e-01	-4.08030e-15	
50	2.000000e-09	8.997616e-01	4.499996e-01	-3.89160e-15	
51	2.005000e-09	8.997616e-01	4.499996e-01	-3.86719e-15	
52	2.015000e-09	8.997616e-01	4.499996e-01	-3.81867e-15	
53	2.035000e-09	8.997616e-01	4.499996e-01	-3.72343e-15	
54	2.075000e-09	8.997616e-01	4.499996e-01	-3.53997e-15	

Index   time            v(cell)         v(bl)           vpre#branch     
--------------------------------------------------------------------------------
55	2.125000e-09	8.997616e-01	4.499997e-01	-3.32324e-15	
56	2.175000e-09	8.997616e-01	4.499997e-01	-3.11972e-15	
57	2.225000e-09	8.997616e-01	4.499997e-01	-2.92861e-15	
58	2.275000e-09	8.997616e-01	4.499997e-01	-2.74916e-15	
59	2.325000e-09	8.997616e-01	4.499997e-01	-2.58065e-15	
60	2.375000e-09	8.997616e-01	4.499998e-01	-2.42241e-15	
61	2.425000e-09	8.997616e-01	4.499998e-01	-2.27383e-15	
62	2.475000e-09	8.997616e-01	4.499998e-01	-2.13431e-15	
63	2.525000e-09	8.997616e-01	4.499998e-01	-2.00329e-15	
64	2.575000e-09	8.997616e-01	4.499998e-01	-1.88026e-15	
65	2.625000e-09	8.997616e-01	4.499998e-01	-1.76474e-15	
66	2.675000e-09	8.997616e-01	4.499998e-01	-1.65626e-15	
67	2.725000e-09	8.997616e-01	4.499998e-01	-1.55440e-15	
68	2.775000e-09	8.997616e-01	4.499999e-01	-1.45875e-15	
69	2.825000e-09	8.997616e-01	4.499999e-01	-1.36893e-15	
70	2.875000e-09	8.997616e-01	4.499999e-01	-1.28459e-15	
71	2.925000e-09	8.997616e-01	4.499999e-01	-1.20539e-15	
72	2.975000e-09	8.997616e-01	4.499999e-01	-1.13102e-15	
73	3.025000e-09	8.997616e-01	4.499999e-01	-1.06119e-15	
74	3.075000e-09	8.997616e-01	4.499999e-01	-9.95618e-16	
75	3.125000e-09	8.997616e-01	4.499999e-01	-9.34043e-16	
76	3.175000e-09	8.997616e-01	4.499999e-01	-8.76223e-16	
77	3.225000e-09	8.997616e-01	4.499999e-01	-8.21928e-16	
78	3.275000e-09	8.997616e-01	4.499999e-01	-7.70945e-16	
79	3.325000e-09	8.997616e-01	4.499999e-01	-7.23072e-16	
80	3.375000e-09	8.997616e-01	4.499999e-01	-6.78117e-16	
81	3.425000e-09	8.997616e-01	4.499999e-01	-6.35904e-16	
82	3.475000e-09	8.997616e-01	4.499999e-01	-5.96265e-16	
83	3.525000e-09	8.997616e-01	4.499999e-01	-5.59043e-16	
84	3.575000e-09	8.997616e-01	4.499999e-01	-5.24091e-16	
85	3.625000e-09	8.997616e-01	4.500000e-01	-4.91271e-16	
86	3.675000e-09	8.997616e-01	4.500000e-01	-4.60452e-16	
87	3.725000e-09	8.997616e-01	4.500000e-01	-4.31512e-16	
88	3.775000e-09	8.997616e-01	4.500000e-01	-4.04337e-16	
89	3.825000e-09	8.997616e-01	4.500000e-01	-3.78820e-16	
90	3.875000e-09	8.997616e-01	4.500000e-01	-3.54858e-16	
91	3.925000e-09	8.997616e-01	4.500000e-01	-3.32358e-16	
92	3.975000e-09	8.997616e-01	4.500000e-01	-3.11230e-16	
93	4.025000e-09	8.997616e-01	4.500000e-01	-2.91391e-16	
94	4.075000e-09	8.997616e-01	4.500000e-01	-2.72761e-16	
95	4.125000e-09	8.997616e-01	4.500000e-01	-2.55267e-16	
96	4.175000e-09	8.997616e-01	4.500000e-01	-2.38840e-16	
97	4.225000e-09	8.997616e-01	4.500000e-01	-2.23415e-16	
98	4.275000e-09	8.997616e-01	4.500000e-01	-2.08930e-16	
99	4.325000e-09	8.997616e-01	4.500000e-01	-1.95329e-16	
100	4.375000e-09	8.997616e-01	4.500000e-01	-1.82557e-16	
101	4.425000e-09	8.997616e-01	4.500000e-01	-1.70564e-16	
102	4.475000e-09	8.997616e-01	4.500000e-01	-1.59303e-16	
103	4.525000e-09	8.997616e-01	4.500000e-01	-1.48728e-16	
104	4.575000e-09	8.997616e-01	4.500000e-01	-1.38798e-16	
105	4.625000e-09	8.997616e-01	4.500000e-01	-1.29473e-16	
106	4.675000e-09	8.997616e-01	4.500000e-01	-1.20718e-16	
107	4.725000e-09	8.997616e-01	4.500000e-01	-1.12496e-16	
108	4.775000e-09	8.997616e-01	4.500000e-01	-1.04775e-16	
109	4.825000e-09	8.997616e-01	4.500000e-01	-9.75256e-17	
110	4.875000e-09	8.997616e-01	4.500000e-01	-9.07180e-17	
111	4.925000e-09	8.997616e-01	4.500000e-01	-8.43256e-17	
112	4.975000e-09	8.997616e-01	4.500000e-01	-7.83230e-17	

Index   time            v(cell)         v(bl)           vpre#branch     
--------------------------------------------------------------------------------
113	5.025000e-09	8.997616e-01	4.500000e-01	-7.26865e-17	
114	5.075000e-09	8.997616e-01	4.500000e-01	-6.73937e-17	
115	5.125000e-09	8.997616e-01	4.500000e-01	-6.24237e-17	
116	5.175000e-09	8.997616e-01	4.500000e-01	-5.77567e-17	
117	5.225000e-09	8.997616e-01	4.500000e-01	-5.33744e-17	
118	5.275000e-09	8.997616e-01	4.500000e-01	-4.92593e-17	
119	5.325000e-09	8.997616e-01	4.500000e-01	-4.53951e-17	
120	5.375000e-09	8.997616e-01	4.500000e-01	-4.17666e-17	
121	5.425000e-09	8.997616e-01	4.500000e-01	-3.83594e-17	
122	5.475000e-09	8.997616e-01	4.500000e-01	-3.51599e-17	
123	5.525000e-09	8.997616e-01	4.500000e-01	-3.21556e-17	
124	5.575000e-09	8.997616e-01	4.500000e-01	-2.93344e-17	
125	5.625000e-09	8.997616e-01	4.500000e-01	-2.66854e-17	
126	5.675000e-09	8.997616e-01	4.500000e-01	-2.41978e-17	
127	5.725000e-09	8.997616e-01	4.500000e-01	-2.18620e-17	
128	5.775000e-09	8.997616e-01	4.500000e-01	-1.96686e-17	
129	5.825000e-09	8.997616e-01	4.500000e-01	-1.76089e-17	
130	5.875000e-09	8.997616e-01	4.500000e-01	-1.56749e-17	
131	5.925000e-09	8.997616e-01	4.500000e-01	-1.38588e-17	
132	5.975000e-09	8.997616e-01	4.500000e-01	-1.21534e-17	
133	6.025000e-09	8.997616e-01	4.500000e-01	-1.05525e-17	
134	6.075000e-09	8.997616e-01	4.500000e-01	-9.04960e-18	
135	6.125000e-09	8.997616e-01	4.500000e-01	-7.63794e-18	
136	6.175000e-09	8.997616e-01	4.500000e-01	-6.31237e-18	
137	6.225000e-09	8.997616e-01	4.500000e-01	-5.06763e-18	
138	6.275000e-09	8.997616e-01	4.500000e-01	-3.89839e-18	
139	6.325000e-09	8.997616e-01	4.500000e-01	-2.80086e-18	
140	6.375000e-09	8.997616e-01	4.500000e-01	-1.77027e-18	
141	6.425000e-09	8.997616e-01	4.500000e-01	-8.02103e-19	
142	6.475000e-09	8.997616e-01	4.500000e-01	1.066070e-19	
143	6.525000e-09	8.997616e-01	4.500000e-01	9.594865e-19	
144	6.575000e-09	8.997616e-01	4.500000e-01	1.760768e-18	
145	6.625000e-09	8.997616e-01	4.500000e-01	2.513598e-18	
146	6.675000e-09	8.997616e-01	4.500000e-01	3.220520e-18	
147	6.725000e-09	8.997616e-01	4.500000e-01	3.883917e-18	
148	6.775000e-09	8.997616e-01	4.500000e-01	4.506860e-18	
149	6.825000e-09	8.997616e-01	4.500000e-01	5.092228e-18	
150	6.875000e-09	8.997616e-01	4.500000e-01	5.641900e-18	
151	6.925000e-09	8.997616e-01	4.500000e-01	6.158049e-18	
152	6.962500e-09	8.997616e-01	4.500000e-01	6.524076e-18	
153	7.000000e-09	8.997616e-01	4.500000e-01	6.873193e-18	
154	7.005000e-09	8.772675e-01	4.500000e-01	6.917108e-18	
155	7.015000e-09	8.322794e-01	4.500000e-01	7.001713e-18	
156	7.035000e-09	7.423033e-01	4.500000e-01	7.151759e-18	
157	7.067500e-09	5.960920e-01	4.500000e-01	7.340005e-18	
158	7.100000e-09	4.498808e-01	4.500000e-01	7.447693e-18	
159	7.105000e-09	4.498808e-01	4.500000e-01	7.399775e-18	
160	7.115000e-09	4.498808e-01	4.500000e-01	7.304592e-18	
161	7.135000e-09	4.498808e-01	4.500000e-01	7.117855e-18	
162	7.175000e-09	4.498808e-01	4.500000e-01	6.757851e-18	
163	7.225000e-09	4.498808e-01	4.500000e-01	6.332551e-18	
164	7.275000e-09	4.498808e-01	4.500000e-01	5.933609e-18	
165	7.325000e-09	4.498808e-01	4.500000e-01	5.558992e-18	
166	7.375000e-09	4.498808e-01	4.500000e-01	5.206809e-18	
167	7.425000e-09	4.498808e-01	4.500000e-01	4.876101e-18	
168	7.475000e-09	4.498808e-01	4.500000e-01	4.565561e-18	
169	7.525000e-09	4.498808e-01	4.500000e-01	4.273959e-18	
170	7.575000e-09	4.498808e-01	4.500000e-01	4.000140e-18	

Index   time            v(cell)         v(bl)           vpre#branch     
--------------------------------------------------------------------------------
171	7.625000e-09	4.498808e-01	4.500000e-01	3.743017e-18	
172	7.675000e-09	4.498808e-01	4.500000e-01	3.501988e-18	
173	7.725000e-09	4.498808e-01	4.500000e-01	3.275658e-18	
174	7.775000e-09	4.498808e-01	4.500000e-01	3.063130e-18	
175	7.825000e-09	4.498808e-01	4.500000e-01	2.863563e-18	
176	7.875000e-09	4.498808e-01	4.500000e-01	2.675751e-18	
177	7.925000e-09	4.498808e-01	4.500000e-01	2.499392e-18	
178	7.975000e-09	4.498808e-01	4.500000e-01	2.333792e-18	
179	8.025000e-09	4.498808e-01	4.500000e-01	2.178287e-18	
180	8.075000e-09	4.498808e-01	4.500000e-01	2.032681e-18	
181	8.125000e-09	4.498808e-01	4.500000e-01	1.895952e-18	
182	8.175000e-09	4.498808e-01	4.500000e-01	1.767147e-18	
183	8.225000e-09	4.498808e-01	4.500000e-01	1.646199e-18	
184	8.275000e-09	4.498808e-01	4.500000e-01	1.533041e-18	
185	8.325000e-09	4.498808e-01	4.500000e-01	1.426782e-18	
186	8.375000e-09	4.498808e-01	4.500000e-01	1.326591e-18	
187	8.425000e-09	4.498808e-01	4.500000e-01	1.232507e-18	
188	8.475000e-09	4.498808e-01	4.500000e-01	1.144163e-18	
189	8.525000e-09	4.498808e-01	4.500000e-01	1.061204e-18	
190	8.575000e-09	4.498808e-01	4.500000e-01	9.837188e-19	
191	8.625000e-09	4.498808e-01	4.500000e-01	9.109575e-19	
192	8.675000e-09	4.498808e-01	4.500000e-01	8.422221e-19	
193	8.725000e-09	4.498808e-01	4.500000e-01	7.776772e-19	
194	8.775000e-09	4.498808e-01	4.500000e-01	7.174841e-19	
195	8.825000e-09	4.498808e-01	4.500000e-01	6.609603e-19	
196	8.875000e-09	4.498808e-01	4.500000e-01	6.078835e-19	
197	8.925000e-09	4.498808e-01	4.500000e-01	5.580425e-19	
198	8.975000e-09	4.498808e-01	4.500000e-01	5.112415e-19	
199	9.025000e-09	4.498808e-01	4.500000e-01	4.672934e-19	
200	9.075000e-09	4.498808e-01	4.500000e-01	4.260261e-19	
201	9.125000e-09	4.498808e-01	4.500000e-01	3.873182e-19	
202	9.175000e-09	4.498808e-01	4.500000e-01	3.505575e-19	
203	9.225000e-09	4.498808e-01	4.500000e-01	3.156232e-19	
204	9.275000e-09	4.498808e-01	4.500000e-01	2.832349e-19	
205	9.325000e-09	4.498808e-01	4.500000e-01	2.532331e-19	
206	9.375000e-09	4.498808e-01	4.500000e-01	2.250634e-19	
207	9.425000e-09	4.498808e-01	4.500000e-01	1.986085e-19	
208	9.475000e-09	4.498808e-01	4.500000e-01	1.733547e-19	
209	9.525000e-09	4.498808e-01	4.500000e-01	1.496411e-19	
210	9.575000e-09	4.498808e-01	4.500000e-01	1.273742e-19	
211	9.625000e-09	4.498808e-01	4.500000e-01	1.064648e-19	
212	9.675000e-09	4.498808e-01	4.500000e-01	8.724439e-20	
213	9.725000e-09	4.498808e-01	4.500000e-01	6.919779e-20	
214	9.775000e-09	4.498808e-01	4.500000e-01	5.183693e-20	
215	9.825000e-09	4.498808e-01	4.500000e-01	3.553485e-20	
216	9.875000e-09	4.498808e-01	4.500000e-01	2.064147e-20	
217	9.925000e-09	4.498808e-01	4.500000e-01	6.241078e-21	
218	9.975000e-09	4.498808e-01	4.500000e-01	-7.27919e-21	
219	1.002500e-08	4.498808e-01	4.500000e-01	-1.95636e-20	
220	1.007500e-08	4.498808e-01	4.500000e-01	-3.15114e-20	
221	1.012500e-08	4.498808e-01	4.500000e-01	-4.27297e-20	
222	1.017500e-08	4.498808e-01	4.500000e-01	-5.32655e-20	
223	1.022500e-08	4.498808e-01	4.500000e-01	-6.31594e-20	
224	1.027500e-08	4.498808e-01	4.500000e-01	-7.24511e-20	
225	1.032500e-08	4.498808e-01	4.500000e-01	-8.11754e-20	
226	1.037500e-08	4.498808e-01	4.500000e-01	-8.93661e-20	
227	1.042500e-08	4.498808e-01	4.500000e-01	-9.70572e-20	
228	1.047500e-08	4.498808e-01	4.500000e-01	-1.04279e-19	

Index   time            v(cell)         v(bl)           vpre#branch     
--------------------------------------------------------------------------------
229	1.052500e-08	4.498808e-01	4.500000e-01	-1.11062e-19	
230	1.057500e-08	4.498808e-01	4.500000e-01	-1.17016e-19	
231	1.062500e-08	4.498808e-01	4.500000e-01	-1.22609e-19	
232	1.067500e-08	4.498808e-01	4.500000e-01	-1.28272e-19	
233	1.072500e-08	4.498808e-01	4.500000e-01	-1.33590e-19	
234	1.077500e-08	4.498808e-01	4.500000e-01	-1.38212e-19	
235	1.082500e-08	4.498808e-01	4.500000e-01	-1.42552e-19	
236	1.087500e-08	4.498808e-01	4.500000e-01	-1.46628e-19	
237	1.092500e-08	4.498808e-01	4.500000e-01	-1.50453e-19	
238	1.096250e-08	4.498808e-01	4.500000e-01	-1.53155e-19	
239	1.100000e-08	4.498808e-01	4.500000e-01	-1.55720e-19	
240	1.100500e-08	4.498820e-01	4.544716e-01	4.471631e-11	
241	1.101500e-08	4.498844e-01	4.633590e-01	1.335899e-10	
242	1.103500e-08	4.498891e-01	4.808025e-01	3.080247e-10	
243	1.107500e-08	4.498987e-01	5.144051e-01	6.440509e-10	
244	1.112500e-08	4.499106e-01	5.541031e-01	1.041031e-09	
245	1.117500e-08	4.499225e-01	5.913802e-01	1.413802e-09	
246	1.122500e-08	4.499344e-01	6.263840e-01	1.763840e-09	
247	1.127500e-08	4.499464e-01	6.592532e-01	2.092532e-09	
248	1.132500e-08	4.499583e-01	6.901180e-01	2.401180e-09	
249	1.137500e-08	4.499702e-01	7.191006e-01	2.691006e-09	
250	1.142500e-08	4.499821e-01	7.463158e-01	2.963158e-09	
251	1.147500e-08	4.499940e-01	7.718713e-01	3.218713e-09	
252	1.152500e-08	4.500060e-01	7.958683e-01	3.458683e-09	
253	1.157500e-08	4.500179e-01	8.184018e-01	3.684018e-09	
254	1.162500e-08	4.500298e-01	8.395606e-01	3.895606e-09	
255	1.167500e-08	4.500417e-01	8.594277e-01	4.094277e-09	
256	1.172500e-08	4.500536e-01	8.780785e-01	4.280785e-09	
257	1.177500e-08	4.500656e-01	8.955769e-01	4.455769e-09	
258	1.182500e-08	4.500775e-01	9.119609e-01	4.619609e-09	
259	1.187500e-08	4.500895e-01	9.271217e-01	4.771217e-09	
260	1.192500e-08	4.501017e-01	9.406630e-01	4.906630e-09	
261	1.196250e-08	4.501111e-01	9.491411e-01	4.991411e-09	
262	1.200000e-08	4.501213e-01	9.547673e-01	5.047673e-09	
263	1.200500e-08	4.501215e-01	9.507952e-01	5.007952e-09	
264	1.201500e-08	4.501219e-01	9.429129e-01	4.929129e-09	
265	1.203500e-08	4.501228e-01	9.275144e-01	4.775144e-09	
266	1.207500e-08	4.501244e-01	8.981194e-01	4.481194e-09	
267	1.212500e-08	4.501263e-01	8.638469e-01	4.138469e-09	
268	1.217500e-08	4.501281e-01	8.321087e-01	3.821087e-09	
269	1.222500e-08	4.501297e-01	8.026952e-01	3.526952e-09	
270	1.227500e-08	4.501313e-01	7.754198e-01	3.254198e-09	
271	1.232500e-08	4.501328e-01	7.501139e-01	3.001139e-09	
272	1.237500e-08	4.501342e-01	7.266245e-01	2.766245e-09	
273	1.242500e-08	4.501356e-01	7.048121e-01	2.548121e-09	
274	1.247500e-08	4.501369e-01	6.845497e-01	2.345497e-09	
275	1.252500e-08	4.501381e-01	6.657210e-01	2.157210e-09	
276	1.257500e-08	4.501393e-01	6.482198e-01	1.982198e-09	
277	1.262500e-08	4.501404e-01	6.319482e-01	1.819482e-09	
278	1.267500e-08	4.501415e-01	6.168168e-01	1.668168e-09	
279	1.272500e-08	4.501426e-01	6.027429e-01	1.527429e-09	
280	1.277500e-08	4.501436e-01	5.896507e-01	1.396507e-09	
281	1.282500e-08	4.501446e-01	5.774701e-01	1.274701e-09	
282	1.287500e-08	4.501456e-01	5.661366e-01	1.161366e-09	
283	1.292500e-08	4.501465e-01	5.555907e-01	1.055907e-09	
284	1.297500e-08	4.501475e-01	5.457773e-01	9.577734e-10	
285	1.302500e-08	4.501484e-01	5.366459e-01	8.664592e-10	
286	1.307500e-08	4.501492e-01	5.281496e-01	7.814960e-10	

Index   time            v(cell)         v(bl)           vpre#branch     
--------------------------------------------------------------------------------
287	1.312500e-08	4.501501e-01	5.202452e-01	7.024522e-10	
288	1.317500e-08	4.501509e-01	5.128930e-01	6.289298e-10	
289	1.322500e-08	4.501518e-01	5.060563e-01	5.605626e-10	
290	1.327500e-08	4.501526e-01	4.997014e-01	4.970141e-10	
291	1.332500e-08	4.501533e-01	4.937976e-01	4.379756e-10	
292	1.337500e-08	4.501541e-01	4.883165e-01	3.831651e-10	
293	1.342500e-08	4.501549e-01	4.832327e-01	3.323267e-10	
294	1.347500e-08	4.501556e-01	4.785230e-01	2.852298e-10	
295	1.352500e-08	4.501563e-01	4.741670e-01	2.416695e-10	
296	1.357500e-08	4.501570e-01	4.701469e-01	2.014693e-10	
297	1.362500e-08	4.501577e-01	4.664484e-01	1.644844e-10	
298	1.367500e-08	4.501583e-01	4.630667e-01	1.306674e-10	
299	1.372500e-08	4.501589e-01	4.600005e-01	1.000051e-10	
300	1.377500e-08	4.501595e-01	4.572580e-01	7.258032e-11	
301	1.382500e-08	4.501601e-01	4.548862e-01	4.886168e-11	
302	1.387500e-08	4.501605e-01	4.529973e-01	2.997299e-11	
303	1.392500e-08	4.501608e-01	4.517025e-01	1.702525e-11	
304	1.397500e-08	4.501610e-01	4.509496e-01	9.495717e-12	
305	1.402500e-08	4.501611e-01	4.505515e-01	5.514862e-12	
306	1.407500e-08	4.501611e-01	4.503486e-01	3.485975e-12	
307	1.412500e-08	4.501611e-01	4.502476e-01	2.475986e-12	
308	1.417500e-08	4.501611e-01	4.501969e-01	1.969458e-12	
309	1.422500e-08	4.501612e-01	4.501715e-01	1.715110e-12	
310	1.427500e-08	4.501612e-01	4.501587e-01	1.587377e-12	
311	1.432500e-08	4.501612e-01	4.501523e-01	1.523215e-12	
312	1.437500e-08	4.501611e-01	4.501491e-01	1.490988e-12	
313	1.442500e-08	4.501611e-01	4.501475e-01	1.474788e-12	
314	1.447500e-08	4.501611e-01	4.501467e-01	1.466647e-12	
315	1.452500e-08	4.501611e-01	4.501463e-01	1.462543e-12	
316	1.457500e-08	4.501611e-01	4.501460e-01	1.460476e-12	
317	1.462500e-08	4.501611e-01	4.501459e-01	1.459422e-12	
318	1.467500e-08	4.501611e-01	4.501459e-01	1.458886e-12	
319	1.472500e-08	4.501611e-01	4.501459e-01	1.458602e-12	
320	1.477500e-08	4.501611e-01	4.501458e-01	1.458453e-12	
321	1.482500e-08	4.501611e-01	4.501458e-01	1.458362e-12	
322	1.487500e-08	4.501611e-01	4.501458e-01	1.458310e-12	
323	1.492500e-08	4.501611e-01	4.501458e-01	1.458269e-12	
324	1.497500e-08	4.501611e-01	4.501458e-01	1.458242e-12	
325	1.502500e-08	4.501611e-01	4.501458e-01	1.458212e-12	
326	1.507500e-08	4.501611e-01	4.501458e-01	1.458191e-12	
327	1.512500e-08	4.501611e-01	4.501458e-01	1.458165e-12	
328	1.517500e-08	4.501611e-01	4.501458e-01	1.458146e-12	
329	1.522500e-08	4.501611e-01	4.501458e-01	1.458120e-12	
330	1.527500e-08	4.501611e-01	4.501458e-01	1.458102e-12	
331	1.532500e-08	4.501611e-01	4.501458e-01	1.458076e-12	
332	1.537500e-08	4.501611e-01	4.501458e-01	1.458058e-12	
333	1.542500e-08	4.501611e-01	4.501458e-01	1.458032e-12	
334	1.547500e-08	4.501611e-01	4.501458e-01	1.458014e-12	
335	1.552500e-08	4.501611e-01	4.501458e-01	1.457988e-12	
336	1.557500e-08	4.501611e-01	4.501458e-01	1.457970e-12	
337	1.562500e-08	4.501611e-01	4.501458e-01	1.457944e-12	
338	1.567500e-08	4.501611e-01	4.501458e-01	1.457926e-12	
339	1.572500e-08	4.501611e-01	4.501458e-01	1.457900e-12	
340	1.577500e-08	4.501611e-01	4.501458e-01	1.457882e-12	
341	1.582500e-08	4.501611e-01	4.501458e-01	1.457857e-12	
342	1.587500e-08	4.501611e-01	4.501458e-01	1.457838e-12	
343	1.592500e-08	4.501611e-01	4.501458e-01	1.457813e-12	
344	1.597500e-08	4.501611e-01	4.501458e-01	1.457794e-12	

Index   time            v(cell)         v(bl)           vpre#branch     
--------------------------------------------------------------------------------
345	1.602500e-08	4.501611e-01	4.501458e-01	1.457769e-12	
346	1.607500e-08	4.501611e-01	4.501458e-01	1.457750e-12	
347	1.612500e-08	4.501611e-01	4.501458e-01	1.457725e-12	
348	1.617500e-08	4.501611e-01	4.501458e-01	1.457706e-12	
349	1.622500e-08	4.501611e-01	4.501458e-01	1.457681e-12	
350	1.627500e-08	4.501611e-01	4.501458e-01	1.457662e-12	
351	1.632500e-08	4.501611e-01	4.501458e-01	1.457637e-12	
352	1.637500e-08	4.501611e-01	4.501458e-01	1.457618e-12	
353	1.642500e-08	4.501610e-01	4.501458e-01	1.457593e-12	
354	1.647500e-08	4.501610e-01	4.501458e-01	1.457574e-12	
355	1.652500e-08	4.501610e-01	4.501458e-01	1.457549e-12	
356	1.657500e-08	4.501610e-01	4.501458e-01	1.457530e-12	
357	1.662500e-08	4.501610e-01	4.501458e-01	1.457505e-12	
358	1.667500e-08	4.501610e-01	4.501457e-01	1.457486e-12	
359	1.672500e-08	4.501610e-01	4.501457e-01	1.457461e-12	
360	1.677500e-08	4.501610e-01	4.501457e-01	1.457442e-12	
361	1.682500e-08	4.501610e-01	4.501457e-01	1.457417e-12	
362	1.687500e-08	4.501610e-01	4.501457e-01	1.457398e-12	
363	1.692500e-08	4.501610e-01	4.501457e-01	1.457373e-12	
364	1.697500e-08	4.501610e-01	4.501457e-01	1.457354e-12	
365	1.702500e-08	4.501610e-01	4.501457e-01	1.457329e-12	
366	1.707500e-08	4.501610e-01	4.501457e-01	1.457310e-12	
367	1.712500e-08	4.501610e-01	4.501457e-01	1.457286e-12	
368	1.717500e-08	4.501610e-01	4.501457e-01	1.457266e-12	
369	1.722500e-08	4.501610e-01	4.501457e-01	1.457242e-12	
370	1.727500e-08	4.501610e-01	4.501457e-01	1.457222e-12	
371	1.732500e-08	4.501610e-01	4.501457e-01	1.457198e-12	
372	1.737500e-08	4.501610e-01	4.501457e-01	1.457179e-12	
373	1.742500e-08	4.501610e-01	4.501457e-01	1.457154e-12	
374	1.747500e-08	4.501610e-01	4.501457e-01	1.457135e-12	
375	1.752500e-08	4.501610e-01	4.501457e-01	1.457110e-12	
376	1.757500e-08	4.501610e-01	4.501457e-01	1.457091e-12	
377	1.762500e-08	4.501610e-01	4.501457e-01	1.457066e-12	
378	1.767500e-08	4.501610e-01	4.501457e-01	1.457047e-12	
379	1.772500e-08	4.501610e-01	4.501457e-01	1.457022e-12	
380	1.777500e-08	4.501610e-01	4.501457e-01	1.457003e-12	
381	1.782500e-08	4.501610e-01	4.501457e-01	1.456978e-12	
382	1.787500e-08	4.501610e-01	4.501457e-01	1.456959e-12	
383	1.792500e-08	4.501610e-01	4.501457e-01	1.456934e-12	
384	1.797500e-08	4.501610e-01	4.501457e-01	1.456915e-12	
385	1.802500e-08	4.501610e-01	4.501457e-01	1.456890e-12	
386	1.807500e-08	4.501610e-01	4.501457e-01	1.456871e-12	
387	1.812500e-08	4.501610e-01	4.501457e-01	1.456846e-12	
388	1.817500e-08	4.501610e-01	4.501457e-01	1.456827e-12	
389	1.822500e-08	4.501610e-01	4.501457e-01	1.456803e-12	
390	1.827500e-08	4.501610e-01	4.501457e-01	1.456783e-12	
391	1.832500e-08	4.501610e-01	4.501457e-01	1.456759e-12	
392	1.837500e-08	4.501610e-01	4.501457e-01	1.456739e-12	
393	1.842500e-08	4.501610e-01	4.501457e-01	1.456715e-12	
394	1.847500e-08	4.501610e-01	4.501457e-01	1.456695e-12	
395	1.852500e-08	4.501609e-01	4.501457e-01	1.456671e-12	
396	1.857500e-08	4.501609e-01	4.501457e-01	1.456651e-12	
397	1.862500e-08	4.501609e-01	4.501457e-01	1.456627e-12	
398	1.867500e-08	4.501609e-01	4.501457e-01	1.456608e-12	
399	1.872500e-08	4.501609e-01	4.501457e-01	1.456583e-12	
400	1.877500e-08	4.501609e-01	4.501457e-01	1.456564e-12	
401	1.882500e-08	4.501609e-01	4.501457e-01	1.456539e-12	
402	1.887500e-08	4.501609e-01	4.501457e-01	1.456520e-12	

Index   time            v(cell)         v(bl)           vpre#branch     
--------------------------------------------------------------------------------
403	1.892500e-08	4.501609e-01	4.501456e-01	1.456495e-12	
404	1.897500e-08	4.501609e-01	4.501456e-01	1.456476e-12	
405	1.902500e-08	4.501609e-01	4.501456e-01	1.456451e-12	
406	1.907500e-08	4.501609e-01	4.501456e-01	1.456432e-12	
407	1.912500e-08	4.501609e-01	4.501456e-01	1.456407e-12	
408	1.917500e-08	4.501609e-01	4.501456e-01	1.456388e-12	
409	1.922500e-08	4.501609e-01	4.501456e-01	1.456364e-12	
410	1.927500e-08	4.501609e-01	4.501456e-01	1.456344e-12	
411	1.932500e-08	4.501609e-01	4.501456e-01	1.456320e-12	
412	1.937500e-08	4.501609e-01	4.501456e-01	1.456300e-12	
413	1.942500e-08	4.501609e-01	4.501456e-01	1.456276e-12	
414	1.947500e-08	4.501609e-01	4.501456e-01	1.456256e-12	
415	1.952500e-08	4.501609e-01	4.501456e-01	1.456232e-12	
416	1.957500e-08	4.501609e-01	4.501456e-01	1.456212e-12	
417	1.962500e-08	4.501609e-01	4.501456e-01	1.456188e-12	
418	1.967500e-08	4.501609e-01	4.501456e-01	1.456168e-12	
419	1.972500e-08	4.501609e-01	4.501456e-01	1.456144e-12	
420	1.977500e-08	4.501609e-01	4.501456e-01	1.456125e-12	
421	1.982500e-08	4.501609e-01	4.501456e-01	1.456100e-12	
422	1.987500e-08	4.501609e-01	4.501456e-01	1.456081e-12	
423	1.992500e-08	4.501609e-01	4.501456e-01	1.456056e-12	
424	1.997500e-08	4.501609e-01	4.501456e-01	1.456037e-12	
425	2.002500e-08	4.501609e-01	4.501456e-01	1.456012e-12	
426	2.007500e-08	4.501609e-01	4.501456e-01	1.455993e-12	
427	2.012500e-08	4.501609e-01	4.501456e-01	1.455969e-12	
428	2.017500e-08	4.501609e-01	4.501456e-01	1.455949e-12	
429	2.022500e-08	4.501609e-01	4.501456e-01	1.455925e-12	
430	2.027500e-08	4.501609e-01	4.501456e-01	1.455905e-12	
431	2.032500e-08	4.501609e-01	4.501456e-01	1.455881e-12	
432	2.037500e-08	4.501609e-01	4.501456e-01	1.455861e-12	
433	2.042500e-08	4.501609e-01	4.501456e-01	1.455837e-12	
434	2.047500e-08	4.501609e-01	4.501456e-01	1.455817e-12	
435	2.052500e-08	4.501609e-01	4.501456e-01	1.455793e-12	
436	2.057500e-08	4.501608e-01	4.501456e-01	1.455773e-12	
437	2.062500e-08	4.501608e-01	4.501456e-01	1.455749e-12	
438	2.067500e-08	4.501608e-01	4.501456e-01	1.455730e-12	
439	2.072500e-08	4.501608e-01	4.501456e-01	1.455705e-12	
440	2.077500e-08	4.501608e-01	4.501456e-01	1.455686e-12	
441	2.082500e-08	4.501608e-01	4.501456e-01	1.455661e-12	
442	2.087500e-08	4.501608e-01	4.501456e-01	1.455642e-12	
443	2.092500e-08	4.501608e-01	4.501456e-01	1.455618e-12	
444	2.097500e-08	4.501608e-01	4.501456e-01	1.455598e-12	
445	2.102500e-08	4.501608e-01	4.501456e-01	1.455574e-12	
446	2.107500e-08	4.501608e-01	4.501456e-01	1.455554e-12	
447	2.112500e-08	4.501608e-01	4.501456e-01	1.455530e-12	
448	2.117500e-08	4.501608e-01	4.501456e-01	1.455510e-12	
449	2.122500e-08	4.501608e-01	4.501455e-01	1.455486e-12	
450	2.127500e-08	4.501608e-01	4.501455e-01	1.455466e-12	
451	2.132500e-08	4.501608e-01	4.501455e-01	1.455442e-12	
452	2.137500e-08	4.501608e-01	4.501455e-01	1.455422e-12	
453	2.142500e-08	4.501608e-01	4.501455e-01	1.455398e-12	
454	2.147500e-08	4.501608e-01	4.501455e-01	1.455378e-12	
455	2.152500e-08	4.501608e-01	4.501455e-01	1.455354e-12	
456	2.157500e-08	4.501608e-01	4.501455e-01	1.455335e-12	
457	2.162500e-08	4.501608e-01	4.501455e-01	1.455311e-12	
458	2.167500e-08	4.501608e-01	4.501455e-01	1.455291e-12	
459	2.172500e-08	4.501608e-01	4.501455e-01	1.455267e-12	
460	2.177500e-08	4.501608e-01	4.501455e-01	1.455247e-12	

Index   time            v(cell)         v(bl)           vpre#branch     
--------------------------------------------------------------------------------
461	2.182500e-08	4.501608e-01	4.501455e-01	1.455223e-12	
462	2.187500e-08	4.501608e-01	4.501455e-01	1.455203e-12	
463	2.192500e-08	4.501608e-01	4.501455e-01	1.455179e-12	
464	2.196250e-08	4.501608e-01	4.501455e-01	1.455165e-12	
465	2.200000e-08	4.501608e-01	4.501455e-01	1.455146e-12	
466	2.200500e-08	4.501596e-01	4.458513e-01	-4.14866e-11	
467	2.201500e-08	4.501571e-01	4.373712e-01	-1.26288e-10	
468	2.203500e-08	4.501520e-01	4.208866e-01	-2.91134e-10	
469	2.207500e-08	4.501419e-01	3.892397e-01	-6.07603e-10	
470	2.212500e-08	4.501293e-01	3.517806e-01	-9.82194e-10	
471	2.217500e-08	4.501168e-01	3.163310e-01	-1.33669e-09	
472	2.222500e-08	4.501044e-01	2.826644e-01	-1.67336e-09	
473	2.227500e-08	4.500921e-01	2.506676e-01	-1.99332e-09	
474	2.232500e-08	4.500799e-01	2.202685e-01	-2.29732e-09	
475	2.237500e-08	4.500678e-01	1.914216e-01	-2.58578e-09	
476	2.242500e-08	4.500557e-01	1.640933e-01	-2.85907e-09	
477	2.247500e-08	4.500437e-01	1.382509e-01	-3.11749e-09	
478	2.252500e-08	4.500317e-01	1.138561e-01	-3.36144e-09	
479	2.257500e-08	4.500197e-01	9.086235e-02	-3.59138e-09	
480	2.262500e-08	4.500078e-01	6.921527e-02	-3.80785e-09	
481	2.267500e-08	4.499959e-01	4.885426e-02	-4.01146e-09	
482	2.272500e-08	4.499839e-01	2.971499e-02	-4.20285e-09	
483	2.277500e-08	4.499720e-01	1.173168e-02	-4.38268e-09	
484	2.282500e-08	4.499601e-01	-5.16103e-03	-4.55161e-09	
485	2.287500e-08	4.499482e-01	-2.10267e-02	-4.71027e-09	
486	2.292500e-08	4.499363e-01	-3.59265e-02	-4.85927e-09	
487	2.296250e-08	4.499273e-01	-4.65010e-02	-4.96501e-09	
488	2.300000e-08	4.499184e-01	-5.65882e-02	-5.06588e-09	
489	2.300500e-08	4.499184e-01	-5.34217e-02	-5.03422e-09	
490	2.301500e-08	4.499184e-01	-4.71281e-02	-4.97128e-09	
491	2.303500e-08	4.499184e-01	-3.47756e-02	-4.84776e-09	
492	2.307500e-08	4.499184e-01	-1.09801e-02	-4.60980e-09	
493	2.312500e-08	4.499184e-01	1.713163e-02	-4.32868e-09	
494	2.317500e-08	4.499184e-01	4.352898e-02	-4.06471e-09	
495	2.322500e-08	4.499184e-01	6.831656e-02	-3.81683e-09	
496	2.327500e-08	4.499184e-01	9.159252e-02	-3.58407e-09	
497	2.332500e-08	4.499184e-01	1.134491e-01	-3.36551e-09	
498	2.337500e-08	4.499184e-01	1.339727e-01	-3.16027e-09	
499	2.342500e-08	4.499184e-01	1.532448e-01	-2.96755e-09	
500	2.347500e-08	4.499184e-01	1.713416e-01	-2.78658e-09	
501	2.352500e-08	4.499184e-01	1.883349e-01	-2.61665e-09	
502	2.357500e-08	4.499184e-01	2.042918e-01	-2.45708e-09	
503	2.362500e-08	4.499184e-01	2.192757e-01	-2.30724e-09	
504	2.367500e-08	4.499184e-01	2.333458e-01	-2.16654e-09	
505	2.372500e-08	4.499184e-01	2.465579e-01	-2.03442e-09	
506	2.377500e-08	4.499184e-01	2.589643e-01	-1.91036e-09	
507	2.382500e-08	4.499184e-01	2.706141e-01	-1.79386e-09	
508	2.387500e-08	4.499184e-01	2.815535e-01	-1.68447e-09	
509	2.392500e-08	4.499184e-01	2.918257e-01	-1.58174e-09	
510	2.397500e-08	4.499184e-01	3.014716e-01	-1.48528e-09	
511	2.402500e-08	4.499184e-01	3.105292e-01	-1.39471e-09	
512	2.407500e-08	4.499184e-01	3.190344e-01	-1.30966e-09	
513	2.412500e-08	4.499184e-01	3.270210e-01	-1.22979e-09	
514	2.417500e-08	4.499184e-01	3.345206e-01	-1.15479e-09	
515	2.422500e-08	4.499184e-01	3.415628e-01	-1.08437e-09	
516	2.427500e-08	4.499184e-01	3.481755e-01	-1.01824e-09	
517	2.432500e-08	4.499184e-01	3.543850e-01	-9.56150e-10	
518	2.437500e-08	4.499184e-01	3.602159e-01	-8.97841e-10	

Index   time            v(cell)         v(bl)           vpre#branch     
--------------------------------------------------------------------------------
519	2.442500e-08	4.499184e-01	3.656911e-01	-8.43089e-10	
520	2.447500e-08	4.499184e-01	3.708325e-01	-7.91675e-10	
521	2.452500e-08	4.499184e-01	3.756603e-01	-7.43397e-10	
522	2.457500e-08	4.499184e-01	3.801937e-01	-6.98063e-10	
523	2.462500e-08	4.499184e-01	3.844506e-01	-6.55494e-10	
524	2.467500e-08	4.499184e-01	3.884480e-01	-6.15520e-10	
525	2.472500e-08	4.499184e-01	3.922016e-01	-5.77984e-10	
526	2.477500e-08	4.499184e-01	3.957263e-01	-5.42737e-10	
527	2.482500e-08	4.499184e-01	3.990360e-01	-5.09640e-10	
528	2.487500e-08	4.499184e-01	4.021439e-01	-4.78561e-10	
529	2.492500e-08	4.499184e-01	4.050623e-01	-4.49377e-10	
530	2.497500e-08	4.499184e-01	4.078027e-01	-4.21973e-10	
531	2.502500e-08	4.499184e-01	4.103760e-01	-3.96240e-10	
532	2.507500e-08	4.499184e-01	4.127924e-01	-3.72076e-10	
533	2.512500e-08	4.499184e-01	4.150614e-01	-3.49386e-10	
534	2.517500e-08	4.499184e-01	4.171920e-01	-3.28080e-10	
535	2.522500e-08	4.499184e-01	4.191927e-01	-3.08073e-10	
536	2.527500e-08	4.499184e-01	4.210714e-01	-2.89286e-10	
537	2.532500e-08	4.499184e-01	4.228355e-01	-2.71645e-10	
538	2.537500e-08	4.499184e-01	4.244921e-01	-2.55079e-10	
539	2.542500e-08	4.499184e-01	4.260476e-01	-2.39524e-10	
540	2.547500e-08	4.499184e-01	4.275083e-01	-2.24917e-10	
541	2.552500e-08	4.499184e-01	4.288799e-01	-2.11201e-10	
542	2.557500e-08	4.499184e-01	4.301679e-01	-1.98321e-10	
543	2.562500e-08	4.499184e-01	4.313773e-01	-1.86227e-10	
544	2.567500e-08	4.499184e-01	4.325129e-01	-1.74871e-10	
545	2.572500e-08	4.499184e-01	4.335793e-01	-1.64207e-10	
546	2.577500e-08	4.499184e-01	4.345807e-01	-1.54193e-10	
547	2.582500e-08	4.499184e-01	4.355210e-01	-1.44790e-10	
548	2.587500e-08	4.499184e-01	4.364040e-01	-1.35960e-10	
549	2.592500e-08	4.499184e-01	4.372331e-01	-1.27669e-10	
550	2.597500e-08	4.499184e-01	4.380116e-01	-1.19884e-10	
551	2.602500e-08	4.499184e-01	4.387427e-01	-1.12573e-10	
552	2.607500e-08	4.499184e-01	4.394292e-01	-1.05708e-10	
553	2.612500e-08	4.499184e-01	4.400738e-01	-9.92615e-11	
554	2.617500e-08	4.499184e-01	4.406792e-01	-9.32083e-11	
555	2.622500e-08	4.499184e-01	4.412476e-01	-8.75243e-11	
556	2.627500e-08	4.499184e-01	4.417813e-01	-8.21868e-11	
557	2.632500e-08	4.499184e-01	4.422825e-01	-7.71749e-11	
558	2.637500e-08	4.499184e-01	4.427531e-01	-7.24686e-11	
559	2.642500e-08	4.499184e-01	4.431951e-01	-6.80493e-11	
560	2.647500e-08	4.499184e-01	4.436101e-01	-6.38995e-11	
561	2.652500e-08	4.499184e-01	4.439997e-01	-6.00027e-11	
562	2.657500e-08	4.499184e-01	4.443656e-01	-5.63436e-11	
563	2.662500e-08	4.499184e-01	4.447092e-01	-5.29077e-11	
564	2.667500e-08	4.499184e-01	4.450319e-01	-4.96812e-11	
565	2.672500e-08	4.499184e-01	4.453348e-01	-4.66515e-11	
566	2.677500e-08	4.499184e-01	4.456193e-01	-4.38066e-11	
567	2.682500e-08	4.499184e-01	4.458865e-01	-4.11352e-11	
568	2.687500e-08	4.499184e-01	4.461373e-01	-3.86267e-11	
569	2.692500e-08	4.499184e-01	4.463729e-01	-3.62711e-11	
570	2.697500e-08	4.499184e-01	4.465941e-01	-3.40592e-11	
571	2.702500e-08	4.499184e-01	4.468018e-01	-3.19822e-11	
572	2.707500e-08	4.499184e-01	4.469968e-01	-3.00319e-11	
573	2.712500e-08	4.499184e-01	4.471800e-01	-2.82005e-11	
574	2.717500e-08	4.499184e-01	4.473519e-01	-2.64807e-11	
575	2.722500e-08	4.499184e-01	4.475134e-01	-2.48659e-11	
576	2.727500e-08	4.499184e-01	4.476651e-01	-2.33495e-11	

Index   time            v(cell)         v(bl)           vpre#branch     
--------------------------------------------------------------------------------
577	2.732500e-08	4.499184e-01	4.478074e-01	-2.19256e-11	
578	2.737500e-08	4.499184e-01	4.479411e-01	-2.05885e-11	
579	2.742500e-08	4.499184e-01	4.480667e-01	-1.93330e-11	
580	2.747500e-08	4.499184e-01	4.481846e-01	-1.81540e-11	
581	2.752500e-08	4.499184e-01	4.482953e-01	-1.70469e-11	
582	2.757500e-08	4.499184e-01	4.483993e-01	-1.60074e-11	
583	2.762500e-08	4.499184e-01	4.484969e-01	-1.50312e-11	
584	2.767500e-08	4.499184e-01	4.485885e-01	-1.41146e-11	
585	2.772500e-08	4.499184e-01	4.486746e-01	-1.32538e-11	
586	2.777500e-08	4.499184e-01	4.487554e-01	-1.24456e-11	
587	2.782500e-08	4.499184e-01	4.488313e-01	-1.16866e-11	
588	2.787500e-08	4.499184e-01	4.489026e-01	-1.09739e-11	
589	2.792500e-08	4.499184e-01	4.489695e-01	-1.03047e-11	
590	2.797500e-08	4.499184e-01	4.490324e-01	-9.67631e-12	
591	2.802500e-08	4.499184e-01	4.490914e-01	-9.08623e-12	
592	2.807500e-08	4.499184e-01	4.491468e-01	-8.53213e-12	
593	2.812500e-08	4.499184e-01	4.491988e-01	-8.01182e-12	
594	2.817500e-08	4.499184e-01	4.492477e-01	-7.52324e-12	
595	2.822500e-08	4.499184e-01	4.492936e-01	-7.06445e-12	
596	2.827500e-08	4.499184e-01	4.493366e-01	-6.63365e-12	
597	2.832500e-08	4.499184e-01	4.493771e-01	-6.22911e-12	
598	2.837500e-08	4.499184e-01	4.494151e-01	-5.84924e-12	
599	2.842500e-08	4.499184e-01	4.494507e-01	-5.49254e-12	
600	2.847500e-08	4.499184e-01	4.494842e-01	-5.15760e-12	
601	2.852500e-08	4.499184e-01	4.495157e-01	-4.84307e-12	
602	2.857500e-08	4.499184e-01	4.495452e-01	-4.54773e-12	
603	2.862500e-08	4.499184e-01	4.495730e-01	-4.27040e-12	
604	2.867500e-08	4.499184e-01	4.495990e-01	-4.00998e-12	
605	2.872500e-08	4.499184e-01	4.496235e-01	-3.76544e-12	
606	2.877500e-08	4.499184e-01	4.496464e-01	-3.53582e-12	
607	2.882500e-08	4.499184e-01	4.496680e-01	-3.32019e-12	
608	2.887500e-08	4.499184e-01	4.496882e-01	-3.11772e-12	
609	2.892500e-08	4.499184e-01	4.497072e-01	-2.92760e-12	
610	2.897500e-08	4.499184e-01	4.497251e-01	-2.74906e-12	
611	2.902500e-08	4.499184e-01	4.497419e-01	-2.58142e-12	
612	2.907500e-08	4.499184e-01	4.497576e-01	-2.42400e-12	
613	2.912500e-08	4.499184e-01	4.497724e-01	-2.27618e-12	
614	2.917500e-08	4.499184e-01	4.497863e-01	-2.13737e-12	
615	2.922500e-08	4.499184e-01	4.497993e-01	-2.00703e-12	
616	2.927500e-08	4.499184e-01	4.498115e-01	-1.88464e-12	
617	2.932500e-08	4.499184e-01	4.498230e-01	-1.76971e-12	
618	2.937500e-08	4.499184e-01	4.498338e-01	-1.66178e-12	
619	2.942500e-08	4.499184e-01	4.498440e-01	-1.56045e-12	
620	2.947500e-08	4.499184e-01	4.498535e-01	-1.46529e-12	
621	2.952500e-08	4.499184e-01	4.498624e-01	-1.37593e-12	
622	2.957500e-08	4.499184e-01	4.498708e-01	-1.29202e-12	
623	2.962500e-08	4.499184e-01	4.498787e-01	-1.21323e-12	
624	2.967500e-08	4.499184e-01	4.498861e-01	-1.13925e-12	
625	2.972500e-08	4.499184e-01	4.498930e-01	-1.06977e-12	
626	2.977500e-08	4.499184e-01	4.498995e-01	-1.00453e-12	
627	2.982500e-08	4.499184e-01	4.499057e-01	-9.43276e-13	
628	2.987500e-08	4.499184e-01	4.499114e-01	-8.85752e-13	
629	2.992500e-08	4.499184e-01	4.499168e-01	-8.31737e-13	
630	2.997500e-08	4.499184e-01	4.499219e-01	-7.81016e-13	
631	3.002500e-08	4.499184e-01	4.499267e-01	-7.33388e-13	
632	3.007500e-08	4.499184e-01	4.499311e-01	-6.88664e-13	
633	3.012500e-08	4.499184e-01	4.499353e-01	-6.46668e-13	
634	3.017500e-08	4.499184e-01	4.499393e-01	-6.07232e-13	

Index   time            v(cell)         v(bl)           vpre#branch     
--------------------------------------------------------------------------------
635	3.022500e-08	4.499184e-01	4.499430e-01	-5.70202e-13	
636	3.027500e-08	4.499184e-01	4.499465e-01	-5.35430e-13	
637	3.032500e-08	4.499184e-01	4.499497e-01	-5.02778e-13	
638	3.037500e-08	4.499184e-01	4.499528e-01	-4.72117e-13	
639	3.042500e-08	4.499184e-01	4.499557e-01	-4.43326e-13	
640	3.047500e-08	4.499184e-01	4.499584e-01	-4.16291e-13	
641	3.052500e-08	4.499184e-01	4.499609e-01	-3.90905e-13	
642	3.057500e-08	4.499184e-01	4.499633e-01	-3.67067e-13	
643	3.062500e-08	4.499184e-01	4.499655e-01	-3.44682e-13	
644	3.067500e-08	4.499184e-01	4.499676e-01	-3.23663e-13	
645	3.072500e-08	4.499184e-01	4.499696e-01	-3.03925e-13	
646	3.077500e-08	4.499184e-01	4.499715e-01	-2.85391e-13	
647	3.082500e-08	4.499184e-01	4.499732e-01	-2.67987e-13	
648	3.087500e-08	4.499184e-01	4.499748e-01	-2.51645e-13	
649	3.092500e-08	4.499184e-01	4.499764e-01	-2.36299e-13	
650	3.097500e-08	4.499184e-01	4.499778e-01	-2.21889e-13	
651	3.102500e-08	4.499184e-01	4.499792e-01	-2.08357e-13	
652	3.107500e-08	4.499184e-01	4.499804e-01	-1.95651e-13	
653	3.112500e-08	4.499184e-01	4.499816e-01	-1.83720e-13	
654	3.117500e-08	4.499184e-01	4.499827e-01	-1.72516e-13	
655	3.122500e-08	4.499184e-01	4.499838e-01	-1.61996e-13	
656	3.127500e-08	4.499184e-01	4.499848e-01	-1.52117e-13	
657	3.132500e-08	4.499184e-01	4.499857e-01	-1.42841e-13	
658	3.137500e-08	4.499184e-01	4.499866e-01	-1.34130e-13	
659	3.142500e-08	4.499184e-01	4.499874e-01	-1.25950e-13	
660	3.147500e-08	4.499184e-01	4.499882e-01	-1.18270e-13	
661	3.152500e-08	4.499184e-01	4.499889e-01	-1.11057e-13	
662	3.157500e-08	4.499184e-01	4.499896e-01	-1.04285e-13	
663	3.162500e-08	4.499184e-01	4.499902e-01	-9.79251e-14	
664	3.167500e-08	4.499184e-01	4.499908e-01	-9.19534e-14	
665	3.172500e-08	4.499184e-01	4.499914e-01	-8.63459e-14	
666	3.177500e-08	4.499184e-01	4.499919e-01	-8.10803e-14	
667	3.182500e-08	4.499184e-01	4.499924e-01	-7.61359e-14	
668	3.187500e-08	4.499184e-01	4.499929e-01	-7.14929e-14	
669	3.192500e-08	4.499184e-01	4.499933e-01	-6.71331e-14	
670	3.197500e-08	4.499184e-01	4.499937e-01	-6.30392e-14	
671	3.202500e-08	4.499184e-01	4.499941e-01	-5.91949e-14	
672	3.207500e-08	4.499184e-01	4.499944e-01	-5.55851e-14	
673	3.212500e-08	4.499184e-01	4.499948e-01	-5.21954e-14	
674	3.217500e-08	4.499184e-01	4.499951e-01	-4.90124e-14	
675	3.222500e-08	4.499184e-01	4.499954e-01	-4.60235e-14	
676	3.227500e-08	4.499184e-01	4.499957e-01	-4.32169e-14	
677	3.232500e-08	4.499184e-01	4.499959e-01	-4.05814e-14	
678	3.237500e-08	4.499184e-01	4.499962e-01	-3.81067e-14	
679	3.242500e-08	4.499184e-01	4.499964e-01	-3.57829e-14	
680	3.247500e-08	4.499184e-01	4.499966e-01	-3.36008e-14	
681	3.252500e-08	4.499184e-01	4.499968e-01	-3.15517e-14	
682	3.257500e-08	4.499184e-01	4.499970e-01	-2.96276e-14	
683	3.262500e-08	4.499184e-01	4.499972e-01	-2.78209e-14	
684	3.267500e-08	4.499184e-01	4.499974e-01	-2.61243e-14	
685	3.272500e-08	4.499184e-01	4.499975e-01	-2.45312e-14	
686	3.277500e-08	4.499184e-01	4.499977e-01	-2.30352e-14	
687	3.282500e-08	4.499184e-01	4.499978e-01	-2.16305e-14	
688	3.287500e-08	4.499184e-01	4.499980e-01	-2.03114e-14	
689	3.292500e-08	4.499184e-01	4.499981e-01	-1.90728e-14	
690	3.297500e-08	4.499184e-01	4.499982e-01	-1.79097e-14	
691	3.302500e-08	4.499184e-01	4.499983e-01	-1.68175e-14	
692	3.307500e-08	4.499184e-01	4.499984e-01	-1.57920e-14	

Index   time            v(cell)         v(bl)           vpre#branch     
--------------------------------------------------------------------------------
693	3.312500e-08	4.499184e-01	4.499985e-01	-1.48289e-14	
694	3.317500e-08	4.499184e-01	4.499986e-01	-1.39246e-14	
695	3.322500e-08	4.499184e-01	4.499987e-01	-1.30755e-14	
696	3.327500e-08	4.499184e-01	4.499988e-01	-1.22781e-14	
697	3.332500e-08	4.499184e-01	4.499988e-01	-1.15294e-14	
698	3.337500e-08	4.499184e-01	4.499989e-01	-1.08263e-14	
699	3.342500e-08	4.499184e-01	4.499990e-01	-1.01661e-14	
700	3.347500e-08	4.499184e-01	4.499990e-01	-9.54616e-15	
701	3.352500e-08	4.499184e-01	4.499991e-01	-8.96402e-15	
702	3.357500e-08	4.499184e-01	4.499992e-01	-8.41739e-15	
703	3.362500e-08	4.499184e-01	4.499992e-01	-7.90408e-15	
704	3.367500e-08	4.499184e-01	4.499993e-01	-7.42208e-15	
705	3.372500e-08	4.499184e-01	4.499993e-01	-6.96947e-15	
706	3.377500e-08	4.499184e-01	4.499993e-01	-6.54447e-15	
707	3.382500e-08	4.499184e-01	4.499994e-01	-6.14538e-15	
708	3.387500e-08	4.499184e-01	4.499994e-01	-5.77063e-15	
709	3.392500e-08	4.499184e-01	4.499995e-01	-5.41873e-15	
710	3.397500e-08	4.499184e-01	4.499995e-01	-5.08829e-15	
711	3.402500e-08	4.499184e-01	4.499995e-01	-4.77801e-15	
712	3.407500e-08	4.499184e-01	4.499996e-01	-4.48664e-15	
713	3.412500e-08	4.499184e-01	4.499996e-01	-4.21304e-15	
714	3.417500e-08	4.499184e-01	4.499996e-01	-3.95613e-15	
715	3.422500e-08	4.499184e-01	4.499996e-01	-3.71489e-15	
716	3.427500e-08	4.499184e-01	4.499997e-01	-3.48835e-15	
717	3.432500e-08	4.499184e-01	4.499997e-01	-3.27563e-15	
718	3.437500e-08	4.499184e-01	4.499997e-01	-3.07589e-15	
719	3.442500e-08	4.499184e-01	4.499997e-01	-2.88832e-15	
720	3.447500e-08	4.499184e-01	4.499997e-01	-2.71219e-15	
721	3.452500e-08	4.499184e-01	4.499997e-01	-2.54680e-15	
722	3.457500e-08	4.499184e-01	4.499998e-01	-2.39150e-15	
723	3.462500e-08	4.499184e-01	4.499998e-01	-2.24567e-15	
724	3.467500e-08	4.499184e-01	4.499998e-01	-2.10873e-15	
725	3.472500e-08	4.499184e-01	4.499998e-01	-1.98015e-15	
726	3.477500e-08	4.499184e-01	4.499998e-01	-1.85940e-15	
727	3.482500e-08	4.499184e-01	4.499998e-01	-1.74602e-15	
728	3.487500e-08	4.499184e-01	4.499998e-01	-1.63955e-15	
729	3.492500e-08	4.499184e-01	4.499998e-01	-1.53958e-15	
730	3.497500e-08	4.499184e-01	4.499999e-01	-1.44570e-15	
731	3.502500e-08	4.499184e-01	4.499999e-01	-1.35755e-15	
732	3.507500e-08	4.499184e-01	4.499999e-01	-1.27477e-15	
733	3.512500e-08	4.499184e-01	4.499999e-01	-1.19704e-15	
734	3.517500e-08	4.499184e-01	4.499999e-01	-1.12405e-15	
735	3.522500e-08	4.499184e-01	4.499999e-01	-1.05551e-15	
736	3.527500e-08	4.499184e-01	4.499999e-01	-9.91151e-16	
737	3.532500e-08	4.499184e-01	4.499999e-01	-9.30717e-16	
738	3.537500e-08	4.499184e-01	4.499999e-01	-8.73969e-16	
739	3.542500e-08	4.499184e-01	4.499999e-01	-8.20682e-16	
740	3.547500e-08	4.499184e-01	4.499999e-01	-7.70644e-16	
741	3.552500e-08	4.499184e-01	4.499999e-01	-7.23657e-16	
742	3.557500e-08	4.499184e-01	4.499999e-01	-6.79535e-16	
743	3.562500e-08	4.499184e-01	4.499999e-01	-6.38105e-16	
744	3.567500e-08	4.499184e-01	4.499999e-01	-5.99200e-16	
745	3.572500e-08	4.499184e-01	4.499999e-01	-5.62668e-16	
746	3.577500e-08	4.499184e-01	4.499999e-01	-5.28365e-16	
747	3.582500e-08	4.499184e-01	4.500000e-01	-4.96153e-16	
748	3.587500e-08	4.499184e-01	4.500000e-01	-4.65905e-16	
749	3.592500e-08	4.499184e-01	4.500000e-01	-4.37502e-16	
750	3.597500e-08	4.499184e-01	4.500000e-01	-4.10831e-16	

Index   time            v(cell)         v(bl)           vpre#branch     
--------------------------------------------------------------------------------
751	3.602500e-08	4.499184e-01	4.500000e-01	-3.85787e-16	
752	3.607500e-08	4.499184e-01	4.500000e-01	-3.62270e-16	
753	3.612500e-08	4.499184e-01	4.500000e-01	-3.40187e-16	
754	3.617500e-08	4.499184e-01	4.500000e-01	-3.19451e-16	
755	3.622500e-08	4.499184e-01	4.500000e-01	-2.99978e-16	
756	3.627500e-08	4.499184e-01	4.500000e-01	-2.81693e-16	
757	3.632500e-08	4.499184e-01	4.500000e-01	-2.64524e-16	
758	3.637500e-08	4.499184e-01	4.500000e-01	-2.48401e-16	
759	3.642500e-08	4.499184e-01	4.500000e-01	-2.33261e-16	
760	3.647500e-08	4.499184e-01	4.500000e-01	-2.19046e-16	
761	3.652500e-08	4.499184e-01	4.500000e-01	-2.05697e-16	
762	3.657500e-08	4.499184e-01	4.500000e-01	-1.93162e-16	
763	3.662500e-08	4.499184e-01	4.500000e-01	-1.81391e-16	
764	3.667500e-08	4.499184e-01	4.500000e-01	-1.70338e-16	
765	3.672500e-08	4.499184e-01	4.500000e-01	-1.59959e-16	
766	3.677500e-08	4.499184e-01	4.500000e-01	-1.50213e-16	
767	3.682500e-08	4.499184e-01	4.500000e-01	-1.41062e-16	
768	3.687500e-08	4.499184e-01	4.500000e-01	-1.32469e-16	
769	3.692500e-08	4.499184e-01	4.500000e-01	-1.24399e-16	
770	3.697500e-08	4.499184e-01	4.500000e-01	-1.16822e-16	
771	3.702500e-08	4.499184e-01	4.500000e-01	-1.09707e-16	
772	3.707500e-08	4.499184e-01	4.500000e-01	-1.03026e-16	
773	3.712500e-08	4.499184e-01	4.500000e-01	-9.67522e-17	
774	3.717500e-08	4.499184e-01	4.500000e-01	-9.08610e-17	
775	3.722500e-08	4.499184e-01	4.500000e-01	-8.53291e-17	
776	3.727500e-08	4.499184e-01	4.500000e-01	-8.01341e-17	
777	3.732500e-08	4.499184e-01	4.500000e-01	-7.52559e-17	
778	3.737500e-08	4.499184e-01	4.500000e-01	-7.06752e-17	
779	3.742500e-08	4.499184e-01	4.500000e-01	-6.63738e-17	
780	3.747500e-08	4.499184e-01	4.500000e-01	-6.23351e-17	
781	3.752500e-08	4.499184e-01	4.500000e-01	-5.85432e-17	
782	3.757500e-08	4.499184e-01	4.500000e-01	-5.49825e-17	
783	3.762500e-08	4.499184e-01	4.500000e-01	-5.16389e-17	
784	3.767500e-08	4.499184e-01	4.500000e-01	-4.84993e-17	
785	3.772500e-08	4.499184e-01	4.500000e-01	-4.55507e-17	
786	3.777500e-08	4.499184e-01	4.500000e-01	-4.27814e-17	
787	3.782500e-08	4.499184e-01	4.500000e-01	-4.01811e-17	
788	3.787500e-08	4.499184e-01	4.500000e-01	-3.77397e-17	
789	3.792500e-08	4.499184e-01	4.500000e-01	-3.54473e-17	
790	3.797500e-08	4.499184e-01	4.500000e-01	-3.32942e-17	
791	3.802500e-08	4.499184e-01	4.500000e-01	-3.12728e-17	
792	3.807500e-08	4.499184e-01	4.500000e-01	-2.93751e-17	
793	3.812500e-08	4.499184e-01	4.500000e-01	-2.75927e-17	
794	3.817500e-08	4.499184e-01	4.500000e-01	-2.59186e-17	
795	3.822500e-08	4.499184e-01	4.500000e-01	-2.43466e-17	
796	3.827500e-08	4.499184e-01	4.500000e-01	-2.28705e-17	
797	3.832500e-08	4.499184e-01	4.500000e-01	-2.14844e-17	
798	3.837500e-08	4.499184e-01	4.500000e-01	-2.01828e-17	
799	3.842500e-08	4.499184e-01	4.500000e-01	-1.89606e-17	
800	3.847500e-08	4.499184e-01	4.500000e-01	-1.78129e-17	
801	3.852500e-08	4.499184e-01	4.500000e-01	-1.67356e-17	
802	3.857500e-08	4.499184e-01	4.500000e-01	-1.57240e-17	
803	3.862500e-08	4.499184e-01	4.500000e-01	-1.47741e-17	
804	3.867500e-08	4.499184e-01	4.500000e-01	-1.38821e-17	
805	3.872500e-08	4.499184e-01	4.500000e-01	-1.30445e-17	
806	3.877500e-08	4.499184e-01	4.500000e-01	-1.22580e-17	
807	3.882500e-08	4.499184e-01	4.500000e-01	-1.15191e-17	
808	3.887500e-08	4.499184e-01	4.500000e-01	-1.08256e-17	

Index   time            v(cell)         v(bl)           vpre#branch     
--------------------------------------------------------------------------------
809	3.892500e-08	4.499184e-01	4.500000e-01	-1.01744e-17	
810	3.897500e-08	4.499184e-01	4.500000e-01	-9.56255e-18	
811	3.902500e-08	4.499184e-01	4.500000e-01	-8.98839e-18	
812	3.907500e-08	4.499184e-01	4.500000e-01	-8.44925e-18	
813	3.912500e-08	4.499184e-01	4.500000e-01	-7.94257e-18	
814	3.917500e-08	4.499184e-01	4.500000e-01	-7.46720e-18	
815	3.922500e-08	4.499184e-01	4.500000e-01	-7.02123e-18	
816	3.927500e-08	4.499184e-01	4.500000e-01	-6.60204e-18	
817	3.932500e-08	4.499184e-01	4.500000e-01	-6.20801e-18	
818	3.937500e-08	4.499184e-01	4.500000e-01	-5.83800e-18	
819	3.942500e-08	4.499184e-01	4.500000e-01	-5.49056e-18	
820	3.947500e-08	4.499184e-01	4.500000e-01	-5.16472e-18	
821	3.952500e-08	4.499184e-01	4.500000e-01	-4.85916e-18	
822	3.957500e-08	4.499184e-01	4.500000e-01	-4.57224e-18	
823	3.962500e-08	4.499184e-01	4.500000e-01	-4.30281e-18	
824	3.967500e-08	4.499184e-01	4.500000e-01	-4.04940e-18	
825	3.972500e-08	4.499184e-01	4.500000e-01	-3.81145e-18	
826	3.977500e-08	4.499184e-01	4.500000e-01	-3.58801e-18	
827	3.982500e-08	4.499184e-01	4.500000e-01	-3.37819e-18	
828	3.987500e-08	4.499184e-01	4.500000e-01	-3.18116e-18	
829	3.992500e-08	4.499184e-01	4.500000e-01	-2.99574e-18	
830	3.996250e-08	4.499184e-01	4.500000e-01	-2.86419e-18	
831	4.000000e-08	4.499184e-01	4.500000e-01	-2.73857e-18	


Total analysis time (seconds) = 0.0704491

Total elapsed time (seconds) = 0.084 

Total DRAM available = 386307.215 MB.
DRAM currently available = 14524.906 MB.
Maximum ngspice program size =  529.715 MB.
Current ngspice program size =   14.234 MB.

Shared ngspice pages =   12.414 MB.
Text (code) pages =    6.266 MB.
Stack = 0 bytes.
Library pages =   59.133 MB.

