
Note: No compatibility mode selected!


Circuit: * mini-array n=8 layout

Warning: Model issue on line 7 :
  .model nfet bsimcmg_va type=1 bulkmod=0 bulkmod=0 igcmod=0 igbmod=0 gidl ...
unrecognized parameter (sasatcv) - ignored

Doing analysis at TEMP = 125.000000 and TNOM = 27.000000

Using SPARSE 1.3 as Direct Linear Solver

Initial Transient Solution
--------------------------

Node                                   Voltage
----                                   -------
pre                                     0.3375
bl0                                     0.3375
s                                            0
bltap0                                  0.3375
wl0                                          0
bl1                                     0.3375
bltap1                                  0.3375
wl1                                          0
bl2                                     0.3375
bltap2                                  0.3375
wl2                                          0
bl3                                     0.3375
bltap3                                  0.3375
wl3                                          0
bl4                                     0.3375
bltap4                                  0.3375
wl4                                          0
bl5                                     0.3375
bltap5                                  0.3375
wl5                                          0
bl6                                     0.3375
bltap6                                  0.3375
wl6                                          0
bl7                                     0.3375
bltap7                                  0.3375
wl7                                          0
plate0                                       0
cell0                                        0
plate1                                  0.3375
cell1                                   0.3375
plate2                                  0.3375
cell2                                   0.3375
plate3                                  0.3375
cell3                                   0.3375
plate4                                  0.3375
cell4                                   0.3375
plate5                                  0.3375
cell5                                   0.3375
plate6                                  0.3375
cell6                                   0.3375
plate7                                  0.3375
cell7                                   0.3375
vplate7#branch                               0
vwl7#branch                                  0
vplate6#branch                               0
vwl6#branch                                  0
vplate5#branch                               0
vwl5#branch                                  0
vplate4#branch                               0
vwl4#branch                                  0
vplate3#branch                               0
vwl3#branch                                  0
vplate2#branch                               0
vwl2#branch                                  0
vplate1#branch                               0
vwl1#branch                                  0
vplate0#branch                               0
vwl0#branch                                  0
vs#branch                                    0
vpre#branch                                  0


No. of Data Rows : 514

  Measurements for Transient Analysis

t_bl_settle         =  2.49653e-09
i_bl_leak           =  -2.27217e-10 from=  1.50000e-08 to=  2.50000e-08

                            * mini-array n=8 layout
                            Transient Analysis  Tue Jun 23 16:48:08  2026
--------------------------------------------------------------------------------
Index   time            v(bl0)          v(bl7)          vpre#branch     
--------------------------------------------------------------------------------
0	0.000000e+00	3.375000e-01	3.375000e-01	0.000000e+00	
1	5.000000e-13	3.375000e-01	3.375000e-01	-3.60712e-17	
2	1.000000e-12	3.375000e-01	3.375000e-01	-6.29927e-17	
3	2.000000e-12	3.375000e-01	3.375000e-01	-1.07822e-16	
4	4.000000e-12	3.375000e-01	3.375000e-01	-1.74371e-16	
5	8.000000e-12	3.375000e-01	3.375000e-01	-2.93867e-16	
6	1.600000e-11	3.374999e-01	3.375000e-01	-5.31531e-16	
7	3.200000e-11	3.374999e-01	3.374999e-01	-1.00779e-15	
8	6.400000e-11	3.374998e-01	3.374998e-01	-1.95947e-15	
9	1.140000e-10	3.374997e-01	3.374997e-01	-3.44708e-15	
10	1.640000e-10	3.374995e-01	3.374995e-01	-4.93413e-15	
11	2.140000e-10	3.374994e-01	3.374994e-01	-6.42161e-15	
12	2.640000e-10	3.374992e-01	3.374992e-01	-7.90856e-15	
13	3.140000e-10	3.374991e-01	3.374991e-01	-9.39591e-15	
14	3.640000e-10	3.374989e-01	3.374989e-01	-1.08828e-14	
15	4.140000e-10	3.374988e-01	3.374988e-01	-1.23700e-14	
16	4.640000e-10	3.374986e-01	3.374986e-01	-1.38567e-14	
17	5.140000e-10	3.374985e-01	3.374985e-01	-1.53438e-14	
18	5.640000e-10	3.374983e-01	3.374983e-01	-1.68305e-14	
19	6.140000e-10	3.374982e-01	3.374982e-01	-1.83174e-14	
20	6.640000e-10	3.374980e-01	3.374980e-01	-1.98040e-14	
21	7.140000e-10	3.374979e-01	3.374979e-01	-2.12908e-14	
22	7.640000e-10	3.374977e-01	3.374977e-01	-2.27772e-14	
23	8.140000e-10	3.374976e-01	3.374976e-01	-2.42640e-14	
24	8.640000e-10	3.374974e-01	3.374974e-01	-2.57503e-14	
25	9.140000e-10	3.374973e-01	3.374973e-01	-2.72369e-14	
26	9.570000e-10	3.374971e-01	3.374972e-01	-2.85150e-14	
27	1.000000e-09	3.374970e-01	3.374970e-01	-2.97934e-14	
28	1.005000e-09	3.375386e-01	3.375206e-01	3.859720e-13	
29	1.015000e-09	3.376048e-01	3.375807e-01	1.047683e-12	
30	1.035000e-09	3.377289e-01	3.377091e-01	2.288528e-12	
31	1.075000e-09	3.379832e-01	3.379598e-01	4.831875e-12	
32	1.125000e-09	3.382967e-01	3.382767e-01	7.966773e-12	
33	1.175000e-09	3.386127e-01	3.385897e-01	1.112708e-11	
34	1.225000e-09	3.389241e-01	3.389040e-01	1.424093e-11	
35	1.275000e-09	3.392352e-01	3.392128e-01	1.735164e-11	
36	1.325000e-09	3.395377e-01	3.395182e-01	2.037703e-11	
37	1.375000e-09	3.398324e-01	3.398115e-01	2.332367e-11	
38	1.425000e-09	3.401084e-01	3.400910e-01	2.608419e-11	
39	1.475000e-09	3.403628e-01	3.403453e-01	2.862808e-11	
40	1.525000e-09	3.405835e-01	3.405702e-01	3.083544e-11	
41	1.575000e-09	3.407664e-01	3.407545e-01	3.266439e-11	
42	1.625000e-09	3.409008e-01	3.408938e-01	3.400846e-11	
43	1.675000e-09	3.409838e-01	3.409792e-01	3.483764e-11	
44	1.725000e-09	3.410072e-01	3.410080e-01	3.507222e-11	
45	1.775000e-09	3.409701e-01	3.409741e-01	3.470104e-11	
46	1.825000e-09	3.408671e-01	3.408766e-01	3.367120e-11	
47	1.875000e-09	3.406989e-01	3.407120e-01	3.198893e-11	
48	1.925000e-09	3.404624e-01	3.404811e-01	2.962405e-11	
49	1.962500e-09	3.402417e-01	3.402631e-01	2.741734e-11	
50	2.000000e-09	3.399827e-01	3.400082e-01	2.482689e-11	
51	2.005000e-09	3.399043e-01	3.399476e-01	2.404263e-11	
52	2.015000e-09	3.397647e-01	3.398140e-01	2.264746e-11	
53	2.035000e-09	3.394967e-01	3.395409e-01	1.996686e-11	
54	2.075000e-09	3.389647e-01	3.390115e-01	1.464694e-11	

Index   time            v(bl0)          v(bl7)          vpre#branch     
--------------------------------------------------------------------------------
55	2.125000e-09	3.383228e-01	3.383647e-01	8.227947e-12	
56	2.175000e-09	3.376979e-01	3.377416e-01	1.978928e-12	
57	2.225000e-09	3.370955e-01	3.371350e-01	-4.04452e-12	
58	2.275000e-09	3.365091e-01	3.365499e-01	-9.90949e-12	
59	2.325000e-09	3.359431e-01	3.359803e-01	-1.55690e-11	
60	2.375000e-09	3.353919e-01	3.354303e-01	-2.10806e-11	
61	2.425000e-09	3.348595e-01	3.348947e-01	-2.64047e-11	
62	2.475000e-09	3.343409e-01	3.343769e-01	-3.15909e-11	
63	2.525000e-09	3.338394e-01	3.338727e-01	-3.66055e-11	
64	2.575000e-09	3.333509e-01	3.333847e-01	-4.14914e-11	
65	2.625000e-09	3.328780e-01	3.329094e-01	-4.62200e-11	
66	2.675000e-09	3.324172e-01	3.324490e-01	-5.08285e-11	
67	2.725000e-09	3.319708e-01	3.320005e-01	-5.52924e-11	
68	2.775000e-09	3.315356e-01	3.315656e-01	-5.96441e-11	
69	2.825000e-09	3.311137e-01	3.311419e-01	-6.38628e-11	
70	2.875000e-09	3.307023e-01	3.307307e-01	-6.79765e-11	
71	2.925000e-09	3.303032e-01	3.303299e-01	-7.19676e-11	
72	2.975000e-09	3.299140e-01	3.299407e-01	-7.58604e-11	
73	3.025000e-09	3.295360e-01	3.295613e-01	-7.96399e-11	
74	3.075000e-09	3.291673e-01	3.291926e-01	-8.33274e-11	
75	3.125000e-09	3.288090e-01	3.288330e-01	-8.69100e-11	
76	3.175000e-09	3.284594e-01	3.284834e-01	-9.04062e-11	
77	3.225000e-09	3.281195e-01	3.281423e-01	-9.38052e-11	
78	3.275000e-09	3.277877e-01	3.278104e-01	-9.71231e-11	
79	3.325000e-09	3.274649e-01	3.274867e-01	-1.00351e-10	
80	3.375000e-09	3.271498e-01	3.271714e-01	-1.03502e-10	
81	3.425000e-09	3.268431e-01	3.268637e-01	-1.06569e-10	
82	3.475000e-09	3.265435e-01	3.265640e-01	-1.09565e-10	
83	3.525000e-09	3.262518e-01	3.262715e-01	-1.12482e-10	
84	3.575000e-09	3.259669e-01	3.259864e-01	-1.15331e-10	
85	3.625000e-09	3.256893e-01	3.257080e-01	-1.18107e-10	
86	3.675000e-09	3.254181e-01	3.254366e-01	-1.20819e-10	
87	3.725000e-09	3.251537e-01	3.251716e-01	-1.23463e-10	
88	3.775000e-09	3.248954e-01	3.249130e-01	-1.26046e-10	
89	3.825000e-09	3.246435e-01	3.246605e-01	-1.28565e-10	
90	3.875000e-09	3.243973e-01	3.244141e-01	-1.31027e-10	
91	3.925000e-09	3.241572e-01	3.241734e-01	-1.33428e-10	
92	3.975000e-09	3.239225e-01	3.239385e-01	-1.35775e-10	
93	4.025000e-09	3.236935e-01	3.237090e-01	-1.38065e-10	
94	4.075000e-09	3.234696e-01	3.234849e-01	-1.40304e-10	
95	4.125000e-09	3.232511e-01	3.232659e-01	-1.42489e-10	
96	4.175000e-09	3.230375e-01	3.230521e-01	-1.44625e-10	
97	4.225000e-09	3.228290e-01	3.228431e-01	-1.46710e-10	
98	4.275000e-09	3.226251e-01	3.226390e-01	-1.48749e-10	
99	4.325000e-09	3.224261e-01	3.224396e-01	-1.50739e-10	
100	4.375000e-09	3.222315e-01	3.222448e-01	-1.52685e-10	
101	4.425000e-09	3.220416e-01	3.220545e-01	-1.54584e-10	
102	4.475000e-09	3.218558e-01	3.218685e-01	-1.56442e-10	
103	4.525000e-09	3.216745e-01	3.216868e-01	-1.58255e-10	
104	4.575000e-09	3.214971e-01	3.215092e-01	-1.60029e-10	
105	4.625000e-09	3.213240e-01	3.213357e-01	-1.61760e-10	
106	4.675000e-09	3.211547e-01	3.211662e-01	-1.63453e-10	
107	4.725000e-09	3.209895e-01	3.210007e-01	-1.65105e-10	
108	4.775000e-09	3.208279e-01	3.208389e-01	-1.66721e-10	
109	4.825000e-09	3.206702e-01	3.206809e-01	-1.68298e-10	
110	4.875000e-09	3.205161e-01	3.205265e-01	-1.69839e-10	
111	4.925000e-09	3.203656e-01	3.203758e-01	-1.71344e-10	
112	4.975000e-09	3.202186e-01	3.202286e-01	-1.72814e-10	

Index   time            v(bl0)          v(bl7)          vpre#branch     
--------------------------------------------------------------------------------
113	5.025000e-09	3.200751e-01	3.200848e-01	-1.74249e-10	
114	5.075000e-09	3.199349e-01	3.199444e-01	-1.75651e-10	
115	5.125000e-09	3.197981e-01	3.198074e-01	-1.77019e-10	
116	5.175000e-09	3.196645e-01	3.196736e-01	-1.78355e-10	
117	5.225000e-09	3.195342e-01	3.195430e-01	-1.79658e-10	
118	5.275000e-09	3.194069e-01	3.194156e-01	-1.80931e-10	
119	5.325000e-09	3.192828e-01	3.192912e-01	-1.82172e-10	
120	5.375000e-09	3.191616e-01	3.191699e-01	-1.83384e-10	
121	5.425000e-09	3.190435e-01	3.190515e-01	-1.84565e-10	
122	5.475000e-09	3.189282e-01	3.189361e-01	-1.85718e-10	
123	5.525000e-09	3.188159e-01	3.188235e-01	-1.86841e-10	
124	5.575000e-09	3.187062e-01	3.187137e-01	-1.87938e-10	
125	5.625000e-09	3.185994e-01	3.186067e-01	-1.89006e-10	
126	5.675000e-09	3.184952e-01	3.185023e-01	-1.90048e-10	
127	5.725000e-09	3.183937e-01	3.184006e-01	-1.91063e-10	
128	5.775000e-09	3.182948e-01	3.183015e-01	-1.92052e-10	
129	5.825000e-09	3.181984e-01	3.182050e-01	-1.93016e-10	
130	5.875000e-09	3.181045e-01	3.181109e-01	-1.93955e-10	
131	5.925000e-09	3.180130e-01	3.180192e-01	-1.94870e-10	
132	5.975000e-09	3.179239e-01	3.179300e-01	-1.95761e-10	
133	6.025000e-09	3.178372e-01	3.178431e-01	-1.96628e-10	
134	6.075000e-09	3.177527e-01	3.177584e-01	-1.97473e-10	
135	6.125000e-09	3.176705e-01	3.176761e-01	-1.98295e-10	
136	6.175000e-09	3.175904e-01	3.175958e-01	-1.99096e-10	
137	6.225000e-09	3.175125e-01	3.175178e-01	-1.99875e-10	
138	6.275000e-09	3.174367e-01	3.174418e-01	-2.00633e-10	
139	6.325000e-09	3.173629e-01	3.173679e-01	-2.01371e-10	
140	6.375000e-09	3.172911e-01	3.172959e-01	-2.02089e-10	
141	6.425000e-09	3.172212e-01	3.172260e-01	-2.02788e-10	
142	6.475000e-09	3.171533e-01	3.171579e-01	-2.03467e-10	
143	6.525000e-09	3.170872e-01	3.170917e-01	-2.04128e-10	
144	6.575000e-09	3.170229e-01	3.170273e-01	-2.04771e-10	
145	6.625000e-09	3.169604e-01	3.169646e-01	-2.05396e-10	
146	6.675000e-09	3.168996e-01	3.169037e-01	-2.06004e-10	
147	6.725000e-09	3.168405e-01	3.168445e-01	-2.06595e-10	
148	6.775000e-09	3.167830e-01	3.167869e-01	-2.07170e-10	
149	6.825000e-09	3.167271e-01	3.167309e-01	-2.07729e-10	
150	6.875000e-09	3.166727e-01	3.166764e-01	-2.08273e-10	
151	6.925000e-09	3.166199e-01	3.166235e-01	-2.08801e-10	
152	6.975000e-09	3.165686e-01	3.165721e-01	-2.09314e-10	
153	7.025000e-09	3.165187e-01	3.165221e-01	-2.09813e-10	
154	7.075000e-09	3.164701e-01	3.164734e-01	-2.10299e-10	
155	7.125000e-09	3.164230e-01	3.164262e-01	-2.10770e-10	
156	7.175000e-09	3.163771e-01	3.163803e-01	-2.11229e-10	
157	7.225000e-09	3.163326e-01	3.163356e-01	-2.11674e-10	
158	7.275000e-09	3.162893e-01	3.162922e-01	-2.12107e-10	
159	7.325000e-09	3.162472e-01	3.162501e-01	-2.12528e-10	
160	7.375000e-09	3.162063e-01	3.162091e-01	-2.12937e-10	
161	7.425000e-09	3.161666e-01	3.161693e-01	-2.13334e-10	
162	7.475000e-09	3.161279e-01	3.161305e-01	-2.13721e-10	
163	7.525000e-09	3.160904e-01	3.160929e-01	-2.14096e-10	
164	7.575000e-09	3.160539e-01	3.160564e-01	-2.14461e-10	
165	7.625000e-09	3.160184e-01	3.160208e-01	-2.14816e-10	
166	7.675000e-09	3.159840e-01	3.159863e-01	-2.15160e-10	
167	7.725000e-09	3.159505e-01	3.159527e-01	-2.15495e-10	
168	7.775000e-09	3.159179e-01	3.159201e-01	-2.15821e-10	
169	7.825000e-09	3.158863e-01	3.158884e-01	-2.16137e-10	
170	7.875000e-09	3.158555e-01	3.158576e-01	-2.16445e-10	

Index   time            v(bl0)          v(bl7)          vpre#branch     
--------------------------------------------------------------------------------
171	7.925000e-09	3.158256e-01	3.158277e-01	-2.16744e-10	
172	7.975000e-09	3.157966e-01	3.157985e-01	-2.17034e-10	
173	8.025000e-09	3.157683e-01	3.157703e-01	-2.17317e-10	
174	8.075000e-09	3.157409e-01	3.157428e-01	-2.17591e-10	
175	8.125000e-09	3.157142e-01	3.157160e-01	-2.17858e-10	
176	8.175000e-09	3.156883e-01	3.156900e-01	-2.18117e-10	
177	8.225000e-09	3.156631e-01	3.156648e-01	-2.18369e-10	
178	8.275000e-09	3.156386e-01	3.156402e-01	-2.18614e-10	
179	8.325000e-09	3.156148e-01	3.156164e-01	-2.18852e-10	
180	8.375000e-09	3.155916e-01	3.155932e-01	-2.19084e-10	
181	8.425000e-09	3.155691e-01	3.155706e-01	-2.19309e-10	
182	8.475000e-09	3.155472e-01	3.155487e-01	-2.19528e-10	
183	8.525000e-09	3.155260e-01	3.155274e-01	-2.19740e-10	
184	8.575000e-09	3.155053e-01	3.155067e-01	-2.19947e-10	
185	8.625000e-09	3.154852e-01	3.154866e-01	-2.20148e-10	
186	8.675000e-09	3.154656e-01	3.154670e-01	-2.20344e-10	
187	8.725000e-09	3.154467e-01	3.154479e-01	-2.20533e-10	
188	8.775000e-09	3.154282e-01	3.154294e-01	-2.20718e-10	
189	8.825000e-09	3.154102e-01	3.154114e-01	-2.20898e-10	
190	8.875000e-09	3.153927e-01	3.153939e-01	-2.21073e-10	
191	8.925000e-09	3.153758e-01	3.153769e-01	-2.21242e-10	
192	8.975000e-09	3.153593e-01	3.153604e-01	-2.21407e-10	
193	9.025000e-09	3.153432e-01	3.153443e-01	-2.21568e-10	
194	9.075000e-09	3.153276e-01	3.153286e-01	-2.21724e-10	
195	9.125000e-09	3.153124e-01	3.153134e-01	-2.21876e-10	
196	9.175000e-09	3.152976e-01	3.152986e-01	-2.22024e-10	
197	9.225000e-09	3.152833e-01	3.152843e-01	-2.22167e-10	
198	9.275000e-09	3.152693e-01	3.152703e-01	-2.22307e-10	
199	9.325000e-09	3.152557e-01	3.152567e-01	-2.22443e-10	
200	9.375000e-09	3.152425e-01	3.152434e-01	-2.22575e-10	
201	9.425000e-09	3.152297e-01	3.152306e-01	-2.22703e-10	
202	9.475000e-09	3.152172e-01	3.152181e-01	-2.22828e-10	
203	9.525000e-09	3.152051e-01	3.152059e-01	-2.22949e-10	
204	9.575000e-09	3.151932e-01	3.151940e-01	-2.23068e-10	
205	9.625000e-09	3.151818e-01	3.151825e-01	-2.23182e-10	
206	9.675000e-09	3.151706e-01	3.151713e-01	-2.23294e-10	
207	9.725000e-09	3.151597e-01	3.151604e-01	-2.23403e-10	
208	9.775000e-09	3.151491e-01	3.151498e-01	-2.23509e-10	
209	9.825000e-09	3.151389e-01	3.151395e-01	-2.23611e-10	
210	9.875000e-09	3.151288e-01	3.151295e-01	-2.23712e-10	
211	9.925000e-09	3.151191e-01	3.151198e-01	-2.23809e-10	
212	9.975000e-09	3.151096e-01	3.151103e-01	-2.23904e-10	
213	1.002500e-08	3.151004e-01	3.151011e-01	-2.23996e-10	
214	1.007500e-08	3.150915e-01	3.150921e-01	-2.24085e-10	
215	1.012500e-08	3.150828e-01	3.150834e-01	-2.24172e-10	
216	1.017500e-08	3.150743e-01	3.150749e-01	-2.24257e-10	
217	1.022500e-08	3.150661e-01	3.150666e-01	-2.24339e-10	
218	1.027500e-08	3.150580e-01	3.150586e-01	-2.24420e-10	
219	1.032500e-08	3.150502e-01	3.150508e-01	-2.24498e-10	
220	1.037500e-08	3.150426e-01	3.150432e-01	-2.24574e-10	
221	1.042500e-08	3.150353e-01	3.150358e-01	-2.24647e-10	
222	1.047500e-08	3.150281e-01	3.150286e-01	-2.24719e-10	
223	1.052500e-08	3.150211e-01	3.150216e-01	-2.24789e-10	
224	1.057500e-08	3.150143e-01	3.150148e-01	-2.24857e-10	
225	1.062500e-08	3.150077e-01	3.150081e-01	-2.24923e-10	
226	1.067500e-08	3.150012e-01	3.150017e-01	-2.24988e-10	
227	1.072500e-08	3.149950e-01	3.149954e-01	-2.25050e-10	
228	1.077500e-08	3.149889e-01	3.149893e-01	-2.25111e-10	

Index   time            v(bl0)          v(bl7)          vpre#branch     
--------------------------------------------------------------------------------
229	1.082500e-08	3.149830e-01	3.149834e-01	-2.25170e-10	
230	1.087500e-08	3.149772e-01	3.149776e-01	-2.25228e-10	
231	1.092500e-08	3.149716e-01	3.149720e-01	-2.25284e-10	
232	1.097500e-08	3.149662e-01	3.149665e-01	-2.25338e-10	
233	1.102500e-08	3.149608e-01	3.149612e-01	-2.25392e-10	
234	1.107500e-08	3.149557e-01	3.149560e-01	-2.25443e-10	
235	1.112500e-08	3.149507e-01	3.149510e-01	-2.25493e-10	
236	1.117500e-08	3.149458e-01	3.149461e-01	-2.25542e-10	
237	1.122500e-08	3.149410e-01	3.149413e-01	-2.25590e-10	
238	1.127500e-08	3.149364e-01	3.149367e-01	-2.25636e-10	
239	1.132500e-08	3.149319e-01	3.149322e-01	-2.25681e-10	
240	1.137500e-08	3.149275e-01	3.149278e-01	-2.25725e-10	
241	1.142500e-08	3.149233e-01	3.149235e-01	-2.25767e-10	
242	1.147500e-08	3.149191e-01	3.149194e-01	-2.25809e-10	
243	1.152500e-08	3.149151e-01	3.149154e-01	-2.25849e-10	
244	1.157500e-08	3.149112e-01	3.149114e-01	-2.25888e-10	
245	1.162500e-08	3.149073e-01	3.149076e-01	-2.25927e-10	
246	1.167500e-08	3.149036e-01	3.149039e-01	-2.25964e-10	
247	1.172500e-08	3.149000e-01	3.149003e-01	-2.26000e-10	
248	1.177500e-08	3.148965e-01	3.148967e-01	-2.26035e-10	
249	1.182500e-08	3.148931e-01	3.148933e-01	-2.26069e-10	
250	1.187500e-08	3.148897e-01	3.148900e-01	-2.26103e-10	
251	1.192500e-08	3.148865e-01	3.148867e-01	-2.26135e-10	
252	1.197500e-08	3.148834e-01	3.148836e-01	-2.26166e-10	
253	1.202500e-08	3.148803e-01	3.148805e-01	-2.26197e-10	
254	1.207500e-08	3.148773e-01	3.148775e-01	-2.26227e-10	
255	1.212500e-08	3.148744e-01	3.148746e-01	-2.26256e-10	
256	1.217500e-08	3.148716e-01	3.148718e-01	-2.26284e-10	
257	1.222500e-08	3.148689e-01	3.148690e-01	-2.26311e-10	
258	1.227500e-08	3.148662e-01	3.148664e-01	-2.26338e-10	
259	1.232500e-08	3.148636e-01	3.148638e-01	-2.26364e-10	
260	1.237500e-08	3.148611e-01	3.148612e-01	-2.26389e-10	
261	1.242500e-08	3.148586e-01	3.148588e-01	-2.26414e-10	
262	1.247500e-08	3.148562e-01	3.148564e-01	-2.26438e-10	
263	1.252500e-08	3.148539e-01	3.148540e-01	-2.26461e-10	
264	1.257500e-08	3.148516e-01	3.148518e-01	-2.26484e-10	
265	1.262500e-08	3.148494e-01	3.148496e-01	-2.26506e-10	
266	1.267500e-08	3.148473e-01	3.148474e-01	-2.26527e-10	
267	1.272500e-08	3.148452e-01	3.148453e-01	-2.26548e-10	
268	1.277500e-08	3.148432e-01	3.148433e-01	-2.26568e-10	
269	1.282500e-08	3.148412e-01	3.148413e-01	-2.26588e-10	
270	1.287500e-08	3.148393e-01	3.148394e-01	-2.26607e-10	
271	1.292500e-08	3.148374e-01	3.148375e-01	-2.26626e-10	
272	1.297500e-08	3.148356e-01	3.148357e-01	-2.26644e-10	
273	1.302500e-08	3.148338e-01	3.148340e-01	-2.26662e-10	
274	1.307500e-08	3.148321e-01	3.148322e-01	-2.26679e-10	
275	1.312500e-08	3.148305e-01	3.148306e-01	-2.26695e-10	
276	1.317500e-08	3.148288e-01	3.148289e-01	-2.26712e-10	
277	1.322500e-08	3.148272e-01	3.148274e-01	-2.26728e-10	
278	1.327500e-08	3.148257e-01	3.148258e-01	-2.26743e-10	
279	1.332500e-08	3.148242e-01	3.148243e-01	-2.26758e-10	
280	1.337500e-08	3.148228e-01	3.148229e-01	-2.26772e-10	
281	1.342500e-08	3.148214e-01	3.148214e-01	-2.26786e-10	
282	1.347500e-08	3.148200e-01	3.148201e-01	-2.26800e-10	
283	1.352500e-08	3.148186e-01	3.148187e-01	-2.26814e-10	
284	1.357500e-08	3.148173e-01	3.148174e-01	-2.26827e-10	
285	1.362500e-08	3.148161e-01	3.148162e-01	-2.26839e-10	
286	1.367500e-08	3.148148e-01	3.148149e-01	-2.26852e-10	

Index   time            v(bl0)          v(bl7)          vpre#branch     
--------------------------------------------------------------------------------
287	1.372500e-08	3.148137e-01	3.148137e-01	-2.26863e-10	
288	1.377500e-08	3.148125e-01	3.148126e-01	-2.26875e-10	
289	1.382500e-08	3.148114e-01	3.148114e-01	-2.26886e-10	
290	1.387500e-08	3.148103e-01	3.148103e-01	-2.26897e-10	
291	1.392500e-08	3.148092e-01	3.148093e-01	-2.26908e-10	
292	1.397500e-08	3.148082e-01	3.148082e-01	-2.26918e-10	
293	1.402500e-08	3.148071e-01	3.148072e-01	-2.26929e-10	
294	1.407500e-08	3.148062e-01	3.148062e-01	-2.26938e-10	
295	1.412500e-08	3.148052e-01	3.148053e-01	-2.26948e-10	
296	1.417500e-08	3.148043e-01	3.148043e-01	-2.26957e-10	
297	1.422500e-08	3.148034e-01	3.148034e-01	-2.26966e-10	
298	1.427500e-08	3.148025e-01	3.148026e-01	-2.26975e-10	
299	1.432500e-08	3.148017e-01	3.148017e-01	-2.26983e-10	
300	1.437500e-08	3.148008e-01	3.148009e-01	-2.26992e-10	
301	1.442500e-08	3.148000e-01	3.148001e-01	-2.27000e-10	
302	1.447500e-08	3.147992e-01	3.147993e-01	-2.27008e-10	
303	1.452500e-08	3.147985e-01	3.147985e-01	-2.27015e-10	
304	1.457500e-08	3.147977e-01	3.147978e-01	-2.27023e-10	
305	1.462500e-08	3.147970e-01	3.147971e-01	-2.27030e-10	
306	1.467500e-08	3.147963e-01	3.147964e-01	-2.27037e-10	
307	1.472500e-08	3.147957e-01	3.147957e-01	-2.27043e-10	
308	1.477500e-08	3.147950e-01	3.147950e-01	-2.27050e-10	
309	1.482500e-08	3.147944e-01	3.147944e-01	-2.27056e-10	
310	1.487500e-08	3.147937e-01	3.147938e-01	-2.27063e-10	
311	1.492500e-08	3.147931e-01	3.147932e-01	-2.27069e-10	
312	1.497500e-08	3.147925e-01	3.147926e-01	-2.27075e-10	
313	1.502500e-08	3.147920e-01	3.147920e-01	-2.27080e-10	
314	1.507500e-08	3.147914e-01	3.147915e-01	-2.27086e-10	
315	1.512500e-08	3.147909e-01	3.147909e-01	-2.27091e-10	
316	1.517500e-08	3.147904e-01	3.147904e-01	-2.27096e-10	
317	1.522500e-08	3.147899e-01	3.147899e-01	-2.27101e-10	
318	1.527500e-08	3.147894e-01	3.147894e-01	-2.27106e-10	
319	1.532500e-08	3.147889e-01	3.147889e-01	-2.27111e-10	
320	1.537500e-08	3.147884e-01	3.147885e-01	-2.27116e-10	
321	1.542500e-08	3.147880e-01	3.147880e-01	-2.27120e-10	
322	1.547500e-08	3.147875e-01	3.147876e-01	-2.27125e-10	
323	1.552500e-08	3.147871e-01	3.147871e-01	-2.27129e-10	
324	1.557500e-08	3.147867e-01	3.147867e-01	-2.27133e-10	
325	1.562500e-08	3.147863e-01	3.147863e-01	-2.27137e-10	
326	1.567500e-08	3.147859e-01	3.147859e-01	-2.27141e-10	
327	1.572500e-08	3.147855e-01	3.147856e-01	-2.27145e-10	
328	1.577500e-08	3.147852e-01	3.147852e-01	-2.27148e-10	
329	1.582500e-08	3.147848e-01	3.147848e-01	-2.27152e-10	
330	1.587500e-08	3.147845e-01	3.147845e-01	-2.27155e-10	
331	1.592500e-08	3.147841e-01	3.147842e-01	-2.27159e-10	
332	1.597500e-08	3.147838e-01	3.147838e-01	-2.27162e-10	
333	1.602500e-08	3.147835e-01	3.147835e-01	-2.27165e-10	
334	1.607500e-08	3.147832e-01	3.147832e-01	-2.27168e-10	
335	1.612500e-08	3.147829e-01	3.147829e-01	-2.27171e-10	
336	1.617500e-08	3.147826e-01	3.147826e-01	-2.27174e-10	
337	1.622500e-08	3.147824e-01	3.147824e-01	-2.27176e-10	
338	1.627500e-08	3.147821e-01	3.147821e-01	-2.27179e-10	
339	1.632500e-08	3.147818e-01	3.147818e-01	-2.27182e-10	
340	1.637500e-08	3.147816e-01	3.147816e-01	-2.27184e-10	
341	1.642500e-08	3.147813e-01	3.147814e-01	-2.27187e-10	
342	1.647500e-08	3.147811e-01	3.147811e-01	-2.27189e-10	
343	1.652500e-08	3.147809e-01	3.147809e-01	-2.27191e-10	
344	1.657500e-08	3.147807e-01	3.147807e-01	-2.27193e-10	

Index   time            v(bl0)          v(bl7)          vpre#branch     
--------------------------------------------------------------------------------
345	1.662500e-08	3.147804e-01	3.147805e-01	-2.27196e-10	
346	1.667500e-08	3.147802e-01	3.147802e-01	-2.27198e-10	
347	1.672500e-08	3.147800e-01	3.147800e-01	-2.27200e-10	
348	1.677500e-08	3.147798e-01	3.147799e-01	-2.27202e-10	
349	1.682500e-08	3.147797e-01	3.147797e-01	-2.27203e-10	
350	1.687500e-08	3.147795e-01	3.147795e-01	-2.27205e-10	
351	1.692500e-08	3.147793e-01	3.147793e-01	-2.27207e-10	
352	1.697500e-08	3.147791e-01	3.147791e-01	-2.27209e-10	
353	1.702500e-08	3.147790e-01	3.147790e-01	-2.27210e-10	
354	1.707500e-08	3.147788e-01	3.147788e-01	-2.27212e-10	
355	1.712500e-08	3.147787e-01	3.147787e-01	-2.27213e-10	
356	1.717500e-08	3.147785e-01	3.147785e-01	-2.27215e-10	
357	1.722500e-08	3.147784e-01	3.147784e-01	-2.27216e-10	
358	1.727500e-08	3.147782e-01	3.147782e-01	-2.27218e-10	
359	1.732500e-08	3.147781e-01	3.147781e-01	-2.27219e-10	
360	1.737500e-08	3.147780e-01	3.147780e-01	-2.27220e-10	
361	1.742500e-08	3.147779e-01	3.147779e-01	-2.27221e-10	
362	1.747500e-08	3.147777e-01	3.147778e-01	-2.27223e-10	
363	1.752500e-08	3.147776e-01	3.147776e-01	-2.27224e-10	
364	1.757500e-08	3.147775e-01	3.147775e-01	-2.27225e-10	
365	1.762500e-08	3.147774e-01	3.147774e-01	-2.27226e-10	
366	1.767500e-08	3.147773e-01	3.147773e-01	-2.27227e-10	
367	1.772500e-08	3.147772e-01	3.147772e-01	-2.27228e-10	
368	1.777500e-08	3.147771e-01	3.147771e-01	-2.27229e-10	
369	1.782500e-08	3.147770e-01	3.147770e-01	-2.27230e-10	
370	1.787500e-08	3.147770e-01	3.147770e-01	-2.27230e-10	
371	1.792500e-08	3.147769e-01	3.147769e-01	-2.27231e-10	
372	1.797500e-08	3.147768e-01	3.147768e-01	-2.27232e-10	
373	1.802500e-08	3.147767e-01	3.147767e-01	-2.27233e-10	
374	1.807500e-08	3.147766e-01	3.147767e-01	-2.27234e-10	
375	1.812500e-08	3.147766e-01	3.147766e-01	-2.27234e-10	
376	1.817500e-08	3.147765e-01	3.147765e-01	-2.27235e-10	
377	1.822500e-08	3.147765e-01	3.147765e-01	-2.27235e-10	
378	1.827500e-08	3.147764e-01	3.147764e-01	-2.27236e-10	
379	1.832500e-08	3.147763e-01	3.147763e-01	-2.27237e-10	
380	1.837500e-08	3.147763e-01	3.147763e-01	-2.27237e-10	
381	1.842500e-08	3.147762e-01	3.147762e-01	-2.27238e-10	
382	1.847500e-08	3.147762e-01	3.147762e-01	-2.27238e-10	
383	1.852500e-08	3.147761e-01	3.147761e-01	-2.27239e-10	
384	1.857500e-08	3.147761e-01	3.147761e-01	-2.27239e-10	
385	1.862500e-08	3.147761e-01	3.147761e-01	-2.27239e-10	
386	1.867500e-08	3.147760e-01	3.147760e-01	-2.27240e-10	
387	1.872500e-08	3.147760e-01	3.147760e-01	-2.27240e-10	
388	1.877500e-08	3.147759e-01	3.147759e-01	-2.27241e-10	
389	1.882500e-08	3.147759e-01	3.147759e-01	-2.27241e-10	
390	1.887500e-08	3.147759e-01	3.147759e-01	-2.27241e-10	
391	1.892500e-08	3.147759e-01	3.147759e-01	-2.27241e-10	
392	1.897500e-08	3.147758e-01	3.147758e-01	-2.27242e-10	
393	1.902500e-08	3.147758e-01	3.147758e-01	-2.27242e-10	
394	1.907500e-08	3.147758e-01	3.147758e-01	-2.27242e-10	
395	1.912500e-08	3.147758e-01	3.147758e-01	-2.27242e-10	
396	1.917500e-08	3.147757e-01	3.147757e-01	-2.27243e-10	
397	1.922500e-08	3.147757e-01	3.147757e-01	-2.27243e-10	
398	1.927500e-08	3.147757e-01	3.147757e-01	-2.27243e-10	
399	1.932500e-08	3.147757e-01	3.147757e-01	-2.27243e-10	
400	1.937500e-08	3.147757e-01	3.147757e-01	-2.27243e-10	
401	1.942500e-08	3.147757e-01	3.147757e-01	-2.27243e-10	
402	1.947500e-08	3.147757e-01	3.147757e-01	-2.27243e-10	

Index   time            v(bl0)          v(bl7)          vpre#branch     
--------------------------------------------------------------------------------
403	1.952500e-08	3.147757e-01	3.147757e-01	-2.27243e-10	
404	1.957500e-08	3.147757e-01	3.147757e-01	-2.27243e-10	
405	1.962500e-08	3.147757e-01	3.147757e-01	-2.27243e-10	
406	1.967500e-08	3.147757e-01	3.147757e-01	-2.27243e-10	
407	1.972500e-08	3.147757e-01	3.147757e-01	-2.27243e-10	
408	1.977500e-08	3.147757e-01	3.147757e-01	-2.27243e-10	
409	1.982500e-08	3.147757e-01	3.147757e-01	-2.27243e-10	
410	1.987500e-08	3.147757e-01	3.147757e-01	-2.27243e-10	
411	1.992500e-08	3.147757e-01	3.147757e-01	-2.27243e-10	
412	1.997500e-08	3.147757e-01	3.147757e-01	-2.27243e-10	
413	2.002500e-08	3.147757e-01	3.147757e-01	-2.27243e-10	
414	2.007500e-08	3.147757e-01	3.147757e-01	-2.27243e-10	
415	2.012500e-08	3.147757e-01	3.147757e-01	-2.27243e-10	
416	2.017500e-08	3.147757e-01	3.147757e-01	-2.27243e-10	
417	2.022500e-08	3.147757e-01	3.147757e-01	-2.27243e-10	
418	2.027500e-08	3.147757e-01	3.147757e-01	-2.27243e-10	
419	2.032500e-08	3.147757e-01	3.147757e-01	-2.27243e-10	
420	2.037500e-08	3.147757e-01	3.147757e-01	-2.27243e-10	
421	2.042500e-08	3.147758e-01	3.147758e-01	-2.27242e-10	
422	2.047500e-08	3.147758e-01	3.147758e-01	-2.27242e-10	
423	2.052500e-08	3.147758e-01	3.147758e-01	-2.27242e-10	
424	2.057500e-08	3.147758e-01	3.147758e-01	-2.27242e-10	
425	2.062500e-08	3.147758e-01	3.147758e-01	-2.27242e-10	
426	2.067500e-08	3.147758e-01	3.147758e-01	-2.27242e-10	
427	2.072500e-08	3.147759e-01	3.147759e-01	-2.27241e-10	
428	2.077500e-08	3.147759e-01	3.147759e-01	-2.27241e-10	
429	2.082500e-08	3.147759e-01	3.147759e-01	-2.27241e-10	
430	2.087500e-08	3.147759e-01	3.147759e-01	-2.27241e-10	
431	2.092500e-08	3.147760e-01	3.147760e-01	-2.27240e-10	
432	2.097500e-08	3.147760e-01	3.147760e-01	-2.27240e-10	
433	2.102500e-08	3.147760e-01	3.147760e-01	-2.27240e-10	
434	2.107500e-08	3.147760e-01	3.147760e-01	-2.27240e-10	
435	2.112500e-08	3.147760e-01	3.147760e-01	-2.27240e-10	
436	2.117500e-08	3.147761e-01	3.147761e-01	-2.27239e-10	
437	2.122500e-08	3.147761e-01	3.147761e-01	-2.27239e-10	
438	2.127500e-08	3.147761e-01	3.147761e-01	-2.27239e-10	
439	2.132500e-08	3.147762e-01	3.147762e-01	-2.27238e-10	
440	2.137500e-08	3.147762e-01	3.147762e-01	-2.27238e-10	
441	2.142500e-08	3.147762e-01	3.147762e-01	-2.27238e-10	
442	2.147500e-08	3.147762e-01	3.147762e-01	-2.27238e-10	
443	2.152500e-08	3.147763e-01	3.147763e-01	-2.27237e-10	
444	2.157500e-08	3.147763e-01	3.147763e-01	-2.27237e-10	
445	2.162500e-08	3.147763e-01	3.147763e-01	-2.27237e-10	
446	2.167500e-08	3.147764e-01	3.147764e-01	-2.27236e-10	
447	2.172500e-08	3.147764e-01	3.147764e-01	-2.27236e-10	
448	2.177500e-08	3.147764e-01	3.147764e-01	-2.27236e-10	
449	2.182500e-08	3.147765e-01	3.147765e-01	-2.27235e-10	
450	2.187500e-08	3.147765e-01	3.147765e-01	-2.27235e-10	
451	2.192500e-08	3.147765e-01	3.147765e-01	-2.27235e-10	
452	2.197500e-08	3.147766e-01	3.147766e-01	-2.27234e-10	
453	2.202500e-08	3.147766e-01	3.147766e-01	-2.27234e-10	
454	2.207500e-08	3.147766e-01	3.147766e-01	-2.27234e-10	
455	2.212500e-08	3.147767e-01	3.147767e-01	-2.27233e-10	
456	2.217500e-08	3.147767e-01	3.147767e-01	-2.27233e-10	
457	2.222500e-08	3.147767e-01	3.147767e-01	-2.27233e-10	
458	2.227500e-08	3.147768e-01	3.147768e-01	-2.27232e-10	
459	2.232500e-08	3.147768e-01	3.147768e-01	-2.27232e-10	
460	2.237500e-08	3.147768e-01	3.147768e-01	-2.27232e-10	

Index   time            v(bl0)          v(bl7)          vpre#branch     
--------------------------------------------------------------------------------
461	2.242500e-08	3.147769e-01	3.147769e-01	-2.27231e-10	
462	2.247500e-08	3.147769e-01	3.147769e-01	-2.27231e-10	
463	2.252500e-08	3.147770e-01	3.147770e-01	-2.27230e-10	
464	2.257500e-08	3.147770e-01	3.147770e-01	-2.27230e-10	
465	2.262500e-08	3.147770e-01	3.147770e-01	-2.27230e-10	
466	2.267500e-08	3.147771e-01	3.147771e-01	-2.27229e-10	
467	2.272500e-08	3.147771e-01	3.147771e-01	-2.27229e-10	
468	2.277500e-08	3.147771e-01	3.147771e-01	-2.27229e-10	
469	2.282500e-08	3.147772e-01	3.147772e-01	-2.27228e-10	
470	2.287500e-08	3.147772e-01	3.147772e-01	-2.27228e-10	
471	2.292500e-08	3.147773e-01	3.147773e-01	-2.27227e-10	
472	2.297500e-08	3.147773e-01	3.147773e-01	-2.27227e-10	
473	2.302500e-08	3.147773e-01	3.147773e-01	-2.27227e-10	
474	2.307500e-08	3.147774e-01	3.147774e-01	-2.27226e-10	
475	2.312500e-08	3.147774e-01	3.147774e-01	-2.27226e-10	
476	2.317500e-08	3.147775e-01	3.147775e-01	-2.27225e-10	
477	2.322500e-08	3.147775e-01	3.147775e-01	-2.27225e-10	
478	2.327500e-08	3.147775e-01	3.147775e-01	-2.27225e-10	
479	2.332500e-08	3.147776e-01	3.147776e-01	-2.27224e-10	
480	2.337500e-08	3.147776e-01	3.147776e-01	-2.27224e-10	
481	2.342500e-08	3.147777e-01	3.147777e-01	-2.27223e-10	
482	2.347500e-08	3.147777e-01	3.147777e-01	-2.27223e-10	
483	2.352500e-08	3.147778e-01	3.147778e-01	-2.27222e-10	
484	2.357500e-08	3.147778e-01	3.147778e-01	-2.27222e-10	
485	2.362500e-08	3.147778e-01	3.147778e-01	-2.27222e-10	
486	2.367500e-08	3.147779e-01	3.147779e-01	-2.27221e-10	
487	2.372500e-08	3.147779e-01	3.147779e-01	-2.27221e-10	
488	2.377500e-08	3.147780e-01	3.147780e-01	-2.27220e-10	
489	2.382500e-08	3.147780e-01	3.147780e-01	-2.27220e-10	
490	2.387500e-08	3.147781e-01	3.147781e-01	-2.27219e-10	
491	2.392500e-08	3.147781e-01	3.147781e-01	-2.27219e-10	
492	2.397500e-08	3.147781e-01	3.147781e-01	-2.27219e-10	
493	2.402500e-08	3.147782e-01	3.147782e-01	-2.27218e-10	
494	2.407500e-08	3.147782e-01	3.147782e-01	-2.27218e-10	
495	2.412500e-08	3.147783e-01	3.147783e-01	-2.27217e-10	
496	2.417500e-08	3.147783e-01	3.147783e-01	-2.27217e-10	
497	2.422500e-08	3.147784e-01	3.147784e-01	-2.27216e-10	
498	2.427500e-08	3.147784e-01	3.147784e-01	-2.27216e-10	
499	2.432500e-08	3.147784e-01	3.147784e-01	-2.27216e-10	
500	2.437500e-08	3.147785e-01	3.147785e-01	-2.27215e-10	
501	2.442500e-08	3.147785e-01	3.147785e-01	-2.27215e-10	
502	2.447500e-08	3.147786e-01	3.147786e-01	-2.27214e-10	
503	2.452500e-08	3.147786e-01	3.147786e-01	-2.27214e-10	
504	2.457500e-08	3.147787e-01	3.147787e-01	-2.27213e-10	
505	2.462500e-08	3.147787e-01	3.147787e-01	-2.27213e-10	
506	2.467500e-08	3.147788e-01	3.147788e-01	-2.27212e-10	
507	2.472500e-08	3.147788e-01	3.147788e-01	-2.27212e-10	
508	2.477500e-08	3.147789e-01	3.147788e-01	-2.27211e-10	
509	2.482500e-08	3.147789e-01	3.147789e-01	-2.27211e-10	
510	2.487500e-08	3.147789e-01	3.147789e-01	-2.27211e-10	
511	2.492500e-08	3.147790e-01	3.147790e-01	-2.27210e-10	
512	2.496250e-08	3.147790e-01	3.147790e-01	-2.27210e-10	
513	2.500000e-08	3.147791e-01	3.147791e-01	-2.27209e-10	


Total analysis time (seconds) = 0.868869

Total elapsed time (seconds) = 0.879 

Total DRAM available = 386307.215 MB.
DRAM currently available = 20244.895 MB.
Maximum ngspice program size =  529.848 MB.
Current ngspice program size =   14.398 MB.

Shared ngspice pages =   12.434 MB.
Text (code) pages =    6.266 MB.
Stack = 0 bytes.
Library pages =   59.266 MB.

