
Note: No compatibility mode selected!


Circuit: * 1t1c ccell=10.0ff

Warning: Model issue on line 7 :
  .model nfet bsimcmg_va type=1 bulkmod=0 bulkmod=0 igcmod=0 igbmod=0 gidl ...
unrecognized parameter (sasatcv) - ignored

Doing analysis at TEMP = 125.000000 and TNOM = 27.000000

Using SPARSE 1.3 as Direct Linear Solver

Initial Transient Solution
--------------------------

Node                                   Voltage
----                                   -------
pre                                     0.3375
bl                                      0.3375
wl                                           0
plate                                        0
s                                            0
cell                                         0
vs#branch                                    0
vpl#branch                                   0
vwl#branch                                   0
vpre#branch                                  0


No. of Data Rows : 832

  Measurements for Transient Analysis

t_write             =  1.90203e-09
t_read              =  2.29878e-08
i_hold              =  -3.30026e-10 from=  2.50000e-08 to=  3.50250e-08
q_read              =   2.56746e-19 from=  1.20000e-08 to=  2.20000e-08

                              * 1t1c ccell=10.0ff
                              Transient Analysis  Tue Jun 23 21:20:50  2026
--------------------------------------------------------------------------------
Index   time            v(cell)         v(bl)           vpre#branch     
--------------------------------------------------------------------------------
0	0.000000e+00	0.000000e+00	3.375000e-01	0.000000e+00	
1	5.000000e-13	3.210004e-08	3.374817e-01	-1.82733e-13	
2	1.000000e-12	6.418530e-08	3.374681e-01	-3.18800e-13	
3	2.000000e-12	1.283479e-07	3.374409e-01	-5.90876e-13	
4	4.000000e-12	2.566639e-07	3.373865e-01	-1.13467e-12	
5	8.000000e-12	5.132889e-07	3.372779e-01	-2.22083e-12	
6	1.600000e-11	1.026492e-06	3.370613e-01	-4.38746e-12	
7	3.200000e-11	2.052726e-06	3.366302e-01	-8.69803e-12	
8	6.400000e-11	4.104498e-06	3.357771e-01	-1.72293e-11	
9	1.140000e-10	7.308561e-06	3.344677e-01	-3.03226e-11	
10	1.640000e-10	1.051042e-05	3.331867e-01	-4.31325e-11	
11	2.140000e-10	1.371011e-05	3.319335e-01	-5.56650e-11	
12	2.640000e-10	1.690767e-05	3.307074e-01	-6.79260e-11	
13	3.140000e-10	2.010314e-05	3.295079e-01	-7.99214e-11	
14	3.640000e-10	2.329655e-05	3.283343e-01	-9.16569e-11	
15	4.140000e-10	2.648793e-05	3.271862e-01	-1.03138e-10	
16	4.640000e-10	2.967732e-05	3.260630e-01	-1.14370e-10	
17	5.140000e-10	3.286475e-05	3.249641e-01	-1.25359e-10	
18	5.640000e-10	3.605026e-05	3.238890e-01	-1.36110e-10	
19	6.140000e-10	3.923388e-05	3.228373e-01	-1.46627e-10	
20	6.640000e-10	4.241564e-05	3.218083e-01	-1.56917e-10	
21	7.140000e-10	4.559558e-05	3.208017e-01	-1.66983e-10	
22	7.640000e-10	4.877371e-05	3.198169e-01	-1.76831e-10	
23	8.140000e-10	5.195008e-05	3.188535e-01	-1.86465e-10	
24	8.640000e-10	5.512472e-05	3.179110e-01	-1.95890e-10	
25	9.140000e-10	5.829764e-05	3.169890e-01	-2.05110e-10	
26	9.570000e-10	6.102502e-05	3.162121e-01	-2.12879e-10	
27	1.000000e-09	6.375117e-05	3.154497e-01	-2.20503e-10	
28	1.005000e-09	3.431333e-03	3.153668e-01	-2.21332e-10	
29	1.015000e-09	1.016594e-02	3.152204e-01	-2.22796e-10	
30	1.035000e-09	2.363491e-02	3.150249e-01	-2.24751e-10	
31	1.075000e-09	5.057237e-02	3.149029e-01	-2.25971e-10	
32	1.125000e-09	8.424350e-02	3.150572e-01	-2.24428e-10	
33	1.175000e-09	1.179143e-01	3.153804e-01	-2.21196e-10	
34	1.225000e-09	1.515849e-01	3.157856e-01	-2.17144e-10	
35	1.275000e-09	1.852554e-01	3.162234e-01	-2.12766e-10	
36	1.325000e-09	2.189258e-01	3.166615e-01	-2.08385e-10	
37	1.375000e-09	2.525963e-01	3.170947e-01	-2.04053e-10	
38	1.425000e-09	2.862668e-01	3.175208e-01	-1.99792e-10	
39	1.475000e-09	3.199373e-01	3.179391e-01	-1.95609e-10	
40	1.525000e-09	3.536077e-01	3.183495e-01	-1.91505e-10	
41	1.575000e-09	3.872782e-01	3.187516e-01	-1.87484e-10	
42	1.625000e-09	4.209487e-01	3.191452e-01	-1.83548e-10	
43	1.675000e-09	4.546192e-01	3.195306e-01	-1.79694e-10	
44	1.725000e-09	4.882896e-01	3.199079e-01	-1.75921e-10	
45	1.775000e-09	5.219601e-01	3.202773e-01	-1.72227e-10	
46	1.825000e-09	5.556306e-01	3.206390e-01	-1.68610e-10	
47	1.875000e-09	5.893010e-01	3.209932e-01	-1.65068e-10	
48	1.925000e-09	6.229715e-01	3.213399e-01	-1.61601e-10	
49	1.962500e-09	6.482244e-01	3.215952e-01	-1.59048e-10	
50	2.000000e-09	6.734772e-01	3.218465e-01	-1.56535e-10	
51	2.005000e-09	6.734769e-01	3.218797e-01	-1.56203e-10	
52	2.015000e-09	6.734769e-01	3.219459e-01	-1.55541e-10	
53	2.035000e-09	6.734769e-01	3.220774e-01	-1.54226e-10	
54	2.075000e-09	6.734769e-01	3.223372e-01	-1.51628e-10	

Index   time            v(cell)         v(bl)           vpre#branch     
--------------------------------------------------------------------------------
55	2.125000e-09	6.734769e-01	3.226558e-01	-1.48442e-10	
56	2.175000e-09	6.734769e-01	3.229677e-01	-1.45323e-10	
57	2.225000e-09	6.734769e-01	3.232731e-01	-1.42269e-10	
58	2.275000e-09	6.734769e-01	3.235721e-01	-1.39279e-10	
59	2.325000e-09	6.734769e-01	3.238648e-01	-1.36352e-10	
60	2.375000e-09	6.734769e-01	3.241513e-01	-1.33487e-10	
61	2.425000e-09	6.734769e-01	3.244319e-01	-1.30681e-10	
62	2.475000e-09	6.734769e-01	3.247066e-01	-1.27934e-10	
63	2.525000e-09	6.734769e-01	3.249755e-01	-1.25245e-10	
64	2.575000e-09	6.734769e-01	3.252388e-01	-1.22612e-10	
65	2.625000e-09	6.734769e-01	3.254965e-01	-1.20035e-10	
66	2.675000e-09	6.734769e-01	3.257489e-01	-1.17511e-10	
67	2.725000e-09	6.734769e-01	3.259959e-01	-1.15041e-10	
68	2.775000e-09	6.734769e-01	3.262378e-01	-1.12622e-10	
69	2.825000e-09	6.734769e-01	3.264746e-01	-1.10254e-10	
70	2.875000e-09	6.734769e-01	3.267065e-01	-1.07935e-10	
71	2.925000e-09	6.734769e-01	3.269335e-01	-1.05665e-10	
72	2.975000e-09	6.734769e-01	3.271557e-01	-1.03443e-10	
73	3.025000e-09	6.734769e-01	3.273733e-01	-1.01267e-10	
74	3.075000e-09	6.734769e-01	3.275863e-01	-9.91372e-11	
75	3.125000e-09	6.734769e-01	3.277948e-01	-9.70518e-11	
76	3.175000e-09	6.734769e-01	3.279990e-01	-9.50101e-11	
77	3.225000e-09	6.734769e-01	3.281989e-01	-9.30113e-11	
78	3.275000e-09	6.734769e-01	3.283946e-01	-9.10543e-11	
79	3.325000e-09	6.734769e-01	3.285862e-01	-8.91383e-11	
80	3.375000e-09	6.734769e-01	3.287737e-01	-8.72626e-11	
81	3.425000e-09	6.734769e-01	3.289574e-01	-8.54261e-11	
82	3.475000e-09	6.734769e-01	3.291372e-01	-8.36282e-11	
83	3.525000e-09	6.734769e-01	3.293132e-01	-8.18679e-11	
84	3.575000e-09	6.734769e-01	3.294855e-01	-8.01446e-11	
85	3.625000e-09	6.734769e-01	3.296543e-01	-7.84574e-11	
86	3.675000e-09	6.734769e-01	3.298194e-01	-7.68055e-11	
87	3.725000e-09	6.734769e-01	3.299812e-01	-7.51883e-11	
88	3.775000e-09	6.734768e-01	3.301395e-01	-7.36050e-11	
89	3.825000e-09	6.734769e-01	3.302945e-01	-7.20549e-11	
90	3.875000e-09	6.734768e-01	3.304463e-01	-7.05373e-11	
91	3.925000e-09	6.734769e-01	3.305949e-01	-6.90515e-11	
92	3.975000e-09	6.734768e-01	3.307403e-01	-6.75968e-11	
93	4.025000e-09	6.734768e-01	3.308827e-01	-6.61726e-11	
94	4.075000e-09	6.734768e-01	3.310222e-01	-6.47783e-11	
95	4.125000e-09	6.734768e-01	3.311587e-01	-6.34133e-11	
96	4.175000e-09	6.734768e-01	3.312923e-01	-6.20768e-11	
97	4.225000e-09	6.734768e-01	3.314232e-01	-6.07684e-11	
98	4.275000e-09	6.734768e-01	3.315513e-01	-5.94874e-11	
99	4.325000e-09	6.734768e-01	3.316767e-01	-5.82332e-11	
100	4.375000e-09	6.734768e-01	3.317995e-01	-5.70054e-11	
101	4.425000e-09	6.734768e-01	3.319197e-01	-5.58033e-11	
102	4.475000e-09	6.734768e-01	3.320374e-01	-5.46264e-11	
103	4.525000e-09	6.734768e-01	3.321526e-01	-5.34741e-11	
104	4.575000e-09	6.734768e-01	3.322654e-01	-5.23460e-11	
105	4.625000e-09	6.734768e-01	3.323758e-01	-5.12416e-11	
106	4.675000e-09	6.734768e-01	3.324840e-01	-5.01603e-11	
107	4.725000e-09	6.734768e-01	3.325898e-01	-4.91017e-11	
108	4.775000e-09	6.734768e-01	3.326935e-01	-4.80653e-11	
109	4.825000e-09	6.734768e-01	3.327949e-01	-4.70506e-11	
110	4.875000e-09	6.734768e-01	3.328943e-01	-4.60571e-11	
111	4.925000e-09	6.734768e-01	3.329915e-01	-4.50845e-11	
112	4.975000e-09	6.734768e-01	3.330868e-01	-4.41323e-11	

Index   time            v(cell)         v(bl)           vpre#branch     
--------------------------------------------------------------------------------
113	5.025000e-09	6.734768e-01	3.331800e-01	-4.32001e-11	
114	5.075000e-09	6.734768e-01	3.332713e-01	-4.22874e-11	
115	5.125000e-09	6.734768e-01	3.333606e-01	-4.13938e-11	
116	5.175000e-09	6.734768e-01	3.334481e-01	-4.05190e-11	
117	5.225000e-09	6.734768e-01	3.335338e-01	-3.96625e-11	
118	5.275000e-09	6.734768e-01	3.336176e-01	-3.88239e-11	
119	5.325000e-09	6.734768e-01	3.336997e-01	-3.80030e-11	
120	5.375000e-09	6.734768e-01	3.337801e-01	-3.71992e-11	
121	5.425000e-09	6.734768e-01	3.338588e-01	-3.64123e-11	
122	5.475000e-09	6.734768e-01	3.339358e-01	-3.56419e-11	
123	5.525000e-09	6.734768e-01	3.340112e-01	-3.48876e-11	
124	5.575000e-09	6.734768e-01	3.340851e-01	-3.41492e-11	
125	5.625000e-09	6.734768e-01	3.341574e-01	-3.34262e-11	
126	5.675000e-09	6.734768e-01	3.342282e-01	-3.27184e-11	
127	5.725000e-09	6.734768e-01	3.342975e-01	-3.20254e-11	
128	5.775000e-09	6.734768e-01	3.343653e-01	-3.13470e-11	
129	5.825000e-09	6.734768e-01	3.344317e-01	-3.06828e-11	
130	5.875000e-09	6.734768e-01	3.344968e-01	-3.00325e-11	
131	5.925000e-09	6.734768e-01	3.345604e-01	-2.93958e-11	
132	5.975000e-09	6.734768e-01	3.346228e-01	-2.87725e-11	
133	6.025000e-09	6.734768e-01	3.346838e-01	-2.81622e-11	
134	6.075000e-09	6.734768e-01	3.347435e-01	-2.75647e-11	
135	6.125000e-09	6.734768e-01	3.348020e-01	-2.69798e-11	
136	6.175000e-09	6.734768e-01	3.348593e-01	-2.64071e-11	
137	6.225000e-09	6.734768e-01	3.349154e-01	-2.58465e-11	
138	6.275000e-09	6.734768e-01	3.349702e-01	-2.52975e-11	
139	6.325000e-09	6.734768e-01	3.350240e-01	-2.47601e-11	
140	6.375000e-09	6.734768e-01	3.350766e-01	-2.42340e-11	
141	6.425000e-09	6.734768e-01	3.351281e-01	-2.37189e-11	
142	6.475000e-09	6.734767e-01	3.351785e-01	-2.32146e-11	
143	6.525000e-09	6.734768e-01	3.352279e-01	-2.27208e-11	
144	6.575000e-09	6.734767e-01	3.352763e-01	-2.22374e-11	
145	6.625000e-09	6.734767e-01	3.353236e-01	-2.17641e-11	
146	6.675000e-09	6.734767e-01	3.353699e-01	-2.13008e-11	
147	6.725000e-09	6.734767e-01	3.354153e-01	-2.08472e-11	
148	6.775000e-09	6.734767e-01	3.354597e-01	-2.04031e-11	
149	6.825000e-09	6.734767e-01	3.355032e-01	-1.99682e-11	
150	6.875000e-09	6.734767e-01	3.355457e-01	-1.95426e-11	
151	6.925000e-09	6.734767e-01	3.355874e-01	-1.91258e-11	
152	6.962500e-09	6.734767e-01	3.356181e-01	-1.88190e-11	
153	7.000000e-09	6.734767e-01	3.356483e-01	-1.85170e-11	
154	7.005000e-09	6.566402e-01	3.356523e-01	-1.84771e-11	
155	7.015000e-09	6.229696e-01	3.356602e-01	-1.83976e-11	
156	7.035000e-09	5.556288e-01	3.356760e-01	-1.82396e-11	
157	7.067500e-09	4.461996e-01	3.357014e-01	-1.79861e-11	
158	7.100000e-09	3.367707e-01	3.357263e-01	-1.77366e-11	
159	7.105000e-09	3.367720e-01	3.357301e-01	-1.76991e-11	
160	7.115000e-09	3.367720e-01	3.357376e-01	-1.76243e-11	
161	7.135000e-09	3.367720e-01	3.357524e-01	-1.74756e-11	
162	7.175000e-09	3.367720e-01	3.357818e-01	-1.71820e-11	
163	7.225000e-09	3.367720e-01	3.358178e-01	-1.68219e-11	
164	7.275000e-09	3.367720e-01	3.358531e-01	-1.64694e-11	
165	7.325000e-09	3.367720e-01	3.358876e-01	-1.61242e-11	
166	7.375000e-09	3.367720e-01	3.359214e-01	-1.57863e-11	
167	7.425000e-09	3.367720e-01	3.359545e-01	-1.54555e-11	
168	7.475000e-09	3.367720e-01	3.359868e-01	-1.51316e-11	
169	7.525000e-09	3.367720e-01	3.360186e-01	-1.48145e-11	
170	7.575000e-09	3.367720e-01	3.360496e-01	-1.45040e-11	

Index   time            v(cell)         v(bl)           vpre#branch     
--------------------------------------------------------------------------------
171	7.625000e-09	3.367720e-01	3.360800e-01	-1.42001e-11	
172	7.675000e-09	3.367720e-01	3.361097e-01	-1.39025e-11	
173	7.725000e-09	3.367720e-01	3.361389e-01	-1.36112e-11	
174	7.775000e-09	3.367720e-01	3.361674e-01	-1.33259e-11	
175	7.825000e-09	3.367720e-01	3.361953e-01	-1.30467e-11	
176	7.875000e-09	3.367720e-01	3.362227e-01	-1.27733e-11	
177	7.925000e-09	3.367720e-01	3.362494e-01	-1.25057e-11	
178	7.975000e-09	3.367720e-01	3.362756e-01	-1.22436e-11	
179	8.025000e-09	3.367720e-01	3.363013e-01	-1.19871e-11	
180	8.075000e-09	3.367720e-01	3.363264e-01	-1.17359e-11	
181	8.125000e-09	3.367720e-01	3.363510e-01	-1.14900e-11	
182	8.175000e-09	3.367720e-01	3.363751e-01	-1.12492e-11	
183	8.225000e-09	3.367720e-01	3.363986e-01	-1.10135e-11	
184	8.275000e-09	3.367720e-01	3.364217e-01	-1.07828e-11	
185	8.325000e-09	3.367720e-01	3.364443e-01	-1.05568e-11	
186	8.375000e-09	3.367720e-01	3.364664e-01	-1.03356e-11	
187	8.425000e-09	3.367720e-01	3.364881e-01	-1.01191e-11	
188	8.475000e-09	3.367720e-01	3.365093e-01	-9.90709e-12	
189	8.525000e-09	3.367720e-01	3.365300e-01	-9.69952e-12	
190	8.575000e-09	3.367720e-01	3.365504e-01	-9.49631e-12	
191	8.625000e-09	3.367720e-01	3.365703e-01	-9.29736e-12	
192	8.675000e-09	3.367720e-01	3.365897e-01	-9.10258e-12	
193	8.725000e-09	3.367720e-01	3.366088e-01	-8.91188e-12	
194	8.775000e-09	3.367720e-01	3.366275e-01	-8.72519e-12	
195	8.825000e-09	3.367720e-01	3.366458e-01	-8.54240e-12	
196	8.875000e-09	3.367720e-01	3.366637e-01	-8.36345e-12	
197	8.925000e-09	3.367720e-01	3.366812e-01	-8.18825e-12	
198	8.975000e-09	3.367720e-01	3.366983e-01	-8.01673e-12	
199	9.025000e-09	3.367720e-01	3.367151e-01	-7.84880e-12	
200	9.075000e-09	3.367720e-01	3.367316e-01	-7.68439e-12	
201	9.125000e-09	3.367720e-01	3.367477e-01	-7.52343e-12	
202	9.175000e-09	3.367720e-01	3.367634e-01	-7.36584e-12	
203	9.225000e-09	3.367720e-01	3.367788e-01	-7.21155e-12	
204	9.275000e-09	3.367720e-01	3.367939e-01	-7.06051e-12	
205	9.325000e-09	3.367720e-01	3.368087e-01	-6.91262e-12	
206	9.375000e-09	3.367720e-01	3.368232e-01	-6.76784e-12	
207	9.425000e-09	3.367720e-01	3.368374e-01	-6.62610e-12	
208	9.475000e-09	3.367720e-01	3.368513e-01	-6.48732e-12	
209	9.525000e-09	3.367720e-01	3.368649e-01	-6.35146e-12	
210	9.575000e-09	3.367720e-01	3.368782e-01	-6.21845e-12	
211	9.625000e-09	3.367720e-01	3.368912e-01	-6.08822e-12	
212	9.675000e-09	3.367720e-01	3.369039e-01	-5.96072e-12	
213	9.725000e-09	3.367720e-01	3.369164e-01	-5.83590e-12	
214	9.775000e-09	3.367720e-01	3.369286e-01	-5.71369e-12	
215	9.825000e-09	3.367720e-01	3.369406e-01	-5.59405e-12	
216	9.875000e-09	3.367720e-01	3.369523e-01	-5.47691e-12	
217	9.925000e-09	3.367720e-01	3.369638e-01	-5.36223e-12	
218	9.975000e-09	3.367720e-01	3.369750e-01	-5.24996e-12	
219	1.002500e-08	3.367720e-01	3.369860e-01	-5.14004e-12	
220	1.007500e-08	3.367720e-01	3.369968e-01	-5.03242e-12	
221	1.012500e-08	3.367720e-01	3.370073e-01	-4.92706e-12	
222	1.017500e-08	3.367720e-01	3.370176e-01	-4.82391e-12	
223	1.022500e-08	3.367720e-01	3.370277e-01	-4.72292e-12	
224	1.027500e-08	3.367720e-01	3.370376e-01	-4.62405e-12	
225	1.032500e-08	3.367720e-01	3.370473e-01	-4.52725e-12	
226	1.037500e-08	3.367720e-01	3.370568e-01	-4.43248e-12	
227	1.042500e-08	3.367720e-01	3.370660e-01	-4.33970e-12	
228	1.047500e-08	3.367720e-01	3.370751e-01	-4.24886e-12	

Index   time            v(cell)         v(bl)           vpre#branch     
--------------------------------------------------------------------------------
229	1.052500e-08	3.367720e-01	3.370840e-01	-4.15993e-12	
230	1.057500e-08	3.367720e-01	3.370927e-01	-4.07286e-12	
231	1.062500e-08	3.367720e-01	3.371012e-01	-3.98762e-12	
232	1.067500e-08	3.367720e-01	3.371096e-01	-3.90417e-12	
233	1.072500e-08	3.367720e-01	3.371178e-01	-3.82246e-12	
234	1.077500e-08	3.367720e-01	3.371258e-01	-3.74247e-12	
235	1.082500e-08	3.367720e-01	3.371336e-01	-3.66416e-12	
236	1.087500e-08	3.367720e-01	3.371413e-01	-3.58748e-12	
237	1.092500e-08	3.367720e-01	3.371488e-01	-3.51242e-12	
238	1.096250e-08	3.367720e-01	3.371543e-01	-3.45715e-12	
239	1.100000e-08	3.367720e-01	3.371597e-01	-3.40276e-12	
240	1.100500e-08	3.367797e-01	3.405281e-01	3.028064e-11	
241	1.101500e-08	3.367956e-01	3.472505e-01	9.750499e-11	
242	1.103500e-08	3.368274e-01	3.606103e-01	2.311025e-10	
243	1.107500e-08	3.368910e-01	3.869928e-01	4.949281e-10	
244	1.112500e-08	3.369706e-01	4.193481e-01	8.184814e-10	
245	1.117500e-08	3.370501e-01	4.510231e-01	1.135231e-09	
246	1.122500e-08	3.371297e-01	4.820288e-01	1.445288e-09	
247	1.127500e-08	3.372092e-01	5.123721e-01	1.748721e-09	
248	1.132500e-08	3.372889e-01	5.420519e-01	2.045519e-09	
249	1.137500e-08	3.373688e-01	5.710336e-01	2.335336e-09	
250	1.142500e-08	3.374491e-01	5.992436e-01	2.617436e-09	
251	1.147500e-08	3.375303e-01	6.265233e-01	2.890233e-09	
252	1.152500e-08	3.376134e-01	6.525032e-01	3.150032e-09	
253	1.157500e-08	3.377007e-01	6.763815e-01	3.388815e-09	
254	1.162500e-08	3.377966e-01	6.964539e-01	3.589539e-09	
255	1.167500e-08	3.379108e-01	7.091825e-01	3.716825e-09	
256	1.172500e-08	3.380622e-01	7.075074e-01	3.700074e-09	
257	1.177500e-08	3.382852e-01	6.783695e-01	3.408695e-09	
258	1.182500e-08	3.386350e-01	6.010272e-01	2.635272e-09	
259	1.187500e-08	3.391645e-01	4.561607e-01	1.186607e-09	
260	1.192500e-08	3.396554e-01	3.500913e-01	1.259128e-10	
261	1.196250e-08	3.398696e-01	3.425515e-01	5.051490e-11	
262	1.200000e-08	3.400615e-01	3.443167e-01	6.816716e-11	
263	1.200500e-08	3.400718e-01	3.420374e-01	4.537351e-11	
264	1.201500e-08	3.400810e-01	3.399253e-01	2.425316e-11	
265	1.203500e-08	3.400800e-01	3.401379e-01	2.637889e-11	
266	1.207500e-08	3.400804e-01	3.400375e-01	2.537501e-11	
267	1.212500e-08	3.400799e-01	3.401046e-01	2.604585e-11	
268	1.217500e-08	3.400800e-01	3.400572e-01	2.557231e-11	
269	1.222500e-08	3.400797e-01	3.400902e-01	2.590191e-11	
270	1.227500e-08	3.400797e-01	3.400670e-01	2.567024e-11	
271	1.232500e-08	3.400795e-01	3.400828e-01	2.582819e-11	
272	1.237500e-08	3.400795e-01	3.400718e-01	2.571818e-11	
273	1.242500e-08	3.400793e-01	3.400790e-01	2.578989e-11	
274	1.247500e-08	3.400792e-01	3.400741e-01	2.574095e-11	
275	1.252500e-08	3.400790e-01	3.400769e-01	2.576944e-11	
276	1.257500e-08	3.400789e-01	3.400751e-01	2.575103e-11	
277	1.262500e-08	3.400788e-01	3.400758e-01	2.575799e-11	
278	1.267500e-08	3.400787e-01	3.400755e-01	2.575473e-11	
279	1.272500e-08	3.400785e-01	3.400751e-01	2.575107e-11	
280	1.277500e-08	3.400784e-01	3.400755e-01	2.575521e-11	
281	1.282500e-08	3.400783e-01	3.400746e-01	2.574644e-11	
282	1.287500e-08	3.400782e-01	3.400754e-01	2.575407e-11	
283	1.292500e-08	3.400780e-01	3.400743e-01	2.574295e-11	
284	1.297500e-08	3.400779e-01	3.400752e-01	2.575212e-11	
285	1.302500e-08	3.400778e-01	3.400740e-01	2.574003e-11	
286	1.307500e-08	3.400777e-01	3.400750e-01	2.574977e-11	

Index   time            v(cell)         v(bl)           vpre#branch     
--------------------------------------------------------------------------------
287	1.312500e-08	3.400775e-01	3.400737e-01	2.573740e-11	
288	1.317500e-08	3.400774e-01	3.400747e-01	2.574722e-11	
289	1.322500e-08	3.400773e-01	3.400735e-01	2.573490e-11	
290	1.327500e-08	3.400771e-01	3.400745e-01	2.574458e-11	
291	1.332500e-08	3.400770e-01	3.400732e-01	2.573248e-11	
292	1.337500e-08	3.400769e-01	3.400742e-01	2.574188e-11	
293	1.342500e-08	3.400767e-01	3.400730e-01	2.573008e-11	
294	1.347500e-08	3.400766e-01	3.400739e-01	2.573917e-11	
295	1.352500e-08	3.400765e-01	3.400728e-01	2.572770e-11	
296	1.357500e-08	3.400764e-01	3.400736e-01	2.573645e-11	
297	1.362500e-08	3.400762e-01	3.400725e-01	2.572532e-11	
298	1.367500e-08	3.400761e-01	3.400734e-01	2.573373e-11	
299	1.372500e-08	3.400760e-01	3.400723e-01	2.572294e-11	
300	1.377500e-08	3.400759e-01	3.400731e-01	2.573102e-11	
301	1.382500e-08	3.400757e-01	3.400721e-01	2.572056e-11	
302	1.387500e-08	3.400756e-01	3.400728e-01	2.572830e-11	
303	1.392500e-08	3.400755e-01	3.400718e-01	2.571817e-11	
304	1.397500e-08	3.400754e-01	3.400726e-01	2.572560e-11	
305	1.402500e-08	3.400752e-01	3.400716e-01	2.571578e-11	
306	1.407500e-08	3.400751e-01	3.400723e-01	2.572290e-11	
307	1.412500e-08	3.400750e-01	3.400713e-01	2.571338e-11	
308	1.417500e-08	3.400748e-01	3.400720e-01	2.572020e-11	
309	1.422500e-08	3.400747e-01	3.400711e-01	2.571098e-11	
310	1.427500e-08	3.400746e-01	3.400718e-01	2.571751e-11	
311	1.432500e-08	3.400744e-01	3.400709e-01	2.570857e-11	
312	1.437500e-08	3.400743e-01	3.400715e-01	2.571483e-11	
313	1.442500e-08	3.400742e-01	3.400706e-01	2.570616e-11	
314	1.447500e-08	3.400741e-01	3.400712e-01	2.571215e-11	
315	1.452500e-08	3.400739e-01	3.400704e-01	2.570374e-11	
316	1.457500e-08	3.400738e-01	3.400709e-01	2.570947e-11	
317	1.462500e-08	3.400737e-01	3.400701e-01	2.570132e-11	
318	1.467500e-08	3.400736e-01	3.400707e-01	2.570680e-11	
319	1.472500e-08	3.400734e-01	3.400699e-01	2.569890e-11	
320	1.477500e-08	3.400733e-01	3.400704e-01	2.570414e-11	
321	1.482500e-08	3.400732e-01	3.400696e-01	2.569647e-11	
322	1.487500e-08	3.400731e-01	3.400701e-01	2.570148e-11	
323	1.492500e-08	3.400729e-01	3.400694e-01	2.569403e-11	
324	1.497500e-08	3.400728e-01	3.400699e-01	2.569882e-11	
325	1.502500e-08	3.400727e-01	3.400692e-01	2.569160e-11	
326	1.507500e-08	3.400725e-01	3.400696e-01	2.569617e-11	
327	1.512500e-08	3.400724e-01	3.400689e-01	2.568916e-11	
328	1.517500e-08	3.400723e-01	3.400694e-01	2.569352e-11	
329	1.522500e-08	3.400722e-01	3.400687e-01	2.568671e-11	
330	1.527500e-08	3.400720e-01	3.400691e-01	2.569088e-11	
331	1.532500e-08	3.400719e-01	3.400684e-01	2.568427e-11	
332	1.537500e-08	3.400718e-01	3.400688e-01	2.568824e-11	
333	1.542500e-08	3.400716e-01	3.400682e-01	2.568182e-11	
334	1.547500e-08	3.400715e-01	3.400686e-01	2.568560e-11	
335	1.552500e-08	3.400714e-01	3.400679e-01	2.567936e-11	
336	1.557500e-08	3.400713e-01	3.400683e-01	2.568297e-11	
337	1.562500e-08	3.400711e-01	3.400677e-01	2.567690e-11	
338	1.567500e-08	3.400710e-01	3.400680e-01	2.568034e-11	
339	1.572500e-08	3.400709e-01	3.400674e-01	2.567445e-11	
340	1.577500e-08	3.400708e-01	3.400678e-01	2.567771e-11	
341	1.582500e-08	3.400706e-01	3.400672e-01	2.567198e-11	
342	1.587500e-08	3.400705e-01	3.400675e-01	2.567509e-11	
343	1.592500e-08	3.400704e-01	3.400670e-01	2.566952e-11	
344	1.597500e-08	3.400703e-01	3.400672e-01	2.567247e-11	

Index   time            v(cell)         v(bl)           vpre#branch     
--------------------------------------------------------------------------------
345	1.602500e-08	3.400701e-01	3.400667e-01	2.566705e-11	
346	1.607500e-08	3.400700e-01	3.400670e-01	2.566985e-11	
347	1.612500e-08	3.400699e-01	3.400665e-01	2.566458e-11	
348	1.617500e-08	3.400697e-01	3.400667e-01	2.566724e-11	
349	1.622500e-08	3.400696e-01	3.400662e-01	2.566211e-11	
350	1.627500e-08	3.400695e-01	3.400665e-01	2.566463e-11	
351	1.632500e-08	3.400694e-01	3.400660e-01	2.565963e-11	
352	1.637500e-08	3.400692e-01	3.400662e-01	2.566202e-11	
353	1.642500e-08	3.400691e-01	3.400657e-01	2.565716e-11	
354	1.647500e-08	3.400690e-01	3.400659e-01	2.565941e-11	
355	1.652500e-08	3.400688e-01	3.400655e-01	2.565468e-11	
356	1.657500e-08	3.400687e-01	3.400657e-01	2.565681e-11	
357	1.662500e-08	3.400686e-01	3.400652e-01	2.565220e-11	
358	1.667500e-08	3.400685e-01	3.400654e-01	2.565421e-11	
359	1.672500e-08	3.400683e-01	3.400650e-01	2.564972e-11	
360	1.677500e-08	3.400682e-01	3.400652e-01	2.565161e-11	
361	1.682500e-08	3.400681e-01	3.400647e-01	2.564723e-11	
362	1.687500e-08	3.400680e-01	3.400649e-01	2.564901e-11	
363	1.692500e-08	3.400678e-01	3.400645e-01	2.564475e-11	
364	1.697500e-08	3.400677e-01	3.400646e-01	2.564642e-11	
365	1.702500e-08	3.400676e-01	3.400642e-01	2.564226e-11	
366	1.707500e-08	3.400675e-01	3.400644e-01	2.564383e-11	
367	1.712500e-08	3.400673e-01	3.400640e-01	2.563977e-11	
368	1.717500e-08	3.400672e-01	3.400641e-01	2.564124e-11	
369	1.722500e-08	3.400671e-01	3.400637e-01	2.563728e-11	
370	1.727500e-08	3.400669e-01	3.400639e-01	2.563865e-11	
371	1.732500e-08	3.400668e-01	3.400635e-01	2.563479e-11	
372	1.737500e-08	3.400667e-01	3.400636e-01	2.563606e-11	
373	1.742500e-08	3.400666e-01	3.400632e-01	2.563229e-11	
374	1.747500e-08	3.400664e-01	3.400633e-01	2.563348e-11	
375	1.752500e-08	3.400663e-01	3.400630e-01	2.562980e-11	
376	1.757500e-08	3.400662e-01	3.400631e-01	2.563089e-11	
377	1.762500e-08	3.400660e-01	3.400627e-01	2.562730e-11	
378	1.767500e-08	3.400659e-01	3.400628e-01	2.562831e-11	
379	1.772500e-08	3.400658e-01	3.400625e-01	2.562480e-11	
380	1.777500e-08	3.400657e-01	3.400626e-01	2.562574e-11	
381	1.782500e-08	3.400655e-01	3.400622e-01	2.562230e-11	
382	1.787500e-08	3.400654e-01	3.400623e-01	2.562316e-11	
383	1.792500e-08	3.400653e-01	3.400620e-01	2.561980e-11	
384	1.797500e-08	3.400652e-01	3.400621e-01	2.562058e-11	
385	1.802500e-08	3.400650e-01	3.400617e-01	2.561730e-11	
386	1.807500e-08	3.400649e-01	3.400618e-01	2.561801e-11	
387	1.812500e-08	3.400648e-01	3.400615e-01	2.561480e-11	
388	1.817500e-08	3.400647e-01	3.400615e-01	2.561544e-11	
389	1.822500e-08	3.400645e-01	3.400612e-01	2.561230e-11	
390	1.827500e-08	3.400644e-01	3.400613e-01	2.561287e-11	
391	1.832500e-08	3.400643e-01	3.400610e-01	2.560979e-11	
392	1.837500e-08	3.400641e-01	3.400610e-01	2.561030e-11	
393	1.842500e-08	3.400640e-01	3.400607e-01	2.560729e-11	
394	1.847500e-08	3.400639e-01	3.400608e-01	2.560773e-11	
395	1.852500e-08	3.400638e-01	3.400605e-01	2.560478e-11	
396	1.857500e-08	3.400636e-01	3.400605e-01	2.560516e-11	
397	1.862500e-08	3.400635e-01	3.400602e-01	2.560227e-11	
398	1.867500e-08	3.400634e-01	3.400603e-01	2.560260e-11	
399	1.872500e-08	3.400633e-01	3.400600e-01	2.559977e-11	
400	1.877500e-08	3.400631e-01	3.400600e-01	2.560003e-11	
401	1.882500e-08	3.400630e-01	3.400597e-01	2.559726e-11	
402	1.887500e-08	3.400629e-01	3.400597e-01	2.559747e-11	

Index   time            v(cell)         v(bl)           vpre#branch     
--------------------------------------------------------------------------------
403	1.892500e-08	3.400627e-01	3.400595e-01	2.559475e-11	
404	1.897500e-08	3.400626e-01	3.400595e-01	2.559491e-11	
405	1.902500e-08	3.400625e-01	3.400592e-01	2.559224e-11	
406	1.907500e-08	3.400624e-01	3.400592e-01	2.559235e-11	
407	1.912500e-08	3.400622e-01	3.400590e-01	2.558973e-11	
408	1.917500e-08	3.400621e-01	3.400590e-01	2.558979e-11	
409	1.922500e-08	3.400620e-01	3.400587e-01	2.558722e-11	
410	1.927500e-08	3.400619e-01	3.400587e-01	2.558723e-11	
411	1.932500e-08	3.400617e-01	3.400585e-01	2.558471e-11	
412	1.937500e-08	3.400616e-01	3.400585e-01	2.558467e-11	
413	1.942500e-08	3.400615e-01	3.400582e-01	2.558219e-11	
414	1.947500e-08	3.400614e-01	3.400582e-01	2.558212e-11	
415	1.952500e-08	3.400612e-01	3.400580e-01	2.557968e-11	
416	1.957500e-08	3.400611e-01	3.400580e-01	2.557956e-11	
417	1.962500e-08	3.400610e-01	3.400577e-01	2.557717e-11	
418	1.967500e-08	3.400608e-01	3.400577e-01	2.557701e-11	
419	1.972500e-08	3.400607e-01	3.400575e-01	2.557465e-11	
420	1.977500e-08	3.400606e-01	3.400574e-01	2.557446e-11	
421	1.982500e-08	3.400605e-01	3.400572e-01	2.557214e-11	
422	1.987500e-08	3.400603e-01	3.400572e-01	2.557190e-11	
423	1.992500e-08	3.400602e-01	3.400570e-01	2.556962e-11	
424	1.997500e-08	3.400601e-01	3.400569e-01	2.556935e-11	
425	2.002500e-08	3.400600e-01	3.400567e-01	2.556711e-11	
426	2.007500e-08	3.400598e-01	3.400567e-01	2.556680e-11	
427	2.012500e-08	3.400597e-01	3.400565e-01	2.556459e-11	
428	2.017500e-08	3.400596e-01	3.400564e-01	2.556425e-11	
429	2.022500e-08	3.400594e-01	3.400562e-01	2.556208e-11	
430	2.027500e-08	3.400593e-01	3.400562e-01	2.556170e-11	
431	2.032500e-08	3.400592e-01	3.400560e-01	2.555956e-11	
432	2.037500e-08	3.400591e-01	3.400559e-01	2.555916e-11	
433	2.042500e-08	3.400589e-01	3.400557e-01	2.555705e-11	
434	2.047500e-08	3.400588e-01	3.400557e-01	2.555661e-11	
435	2.052500e-08	3.400587e-01	3.400555e-01	2.555453e-11	
436	2.057500e-08	3.400586e-01	3.400554e-01	2.555406e-11	
437	2.062500e-08	3.400584e-01	3.400552e-01	2.555201e-11	
438	2.067500e-08	3.400583e-01	3.400552e-01	2.555152e-11	
439	2.072500e-08	3.400582e-01	3.400549e-01	2.554949e-11	
440	2.077500e-08	3.400581e-01	3.400549e-01	2.554897e-11	
441	2.082500e-08	3.400579e-01	3.400547e-01	2.554698e-11	
442	2.087500e-08	3.400578e-01	3.400546e-01	2.554643e-11	
443	2.092500e-08	3.400577e-01	3.400544e-01	2.554446e-11	
444	2.097500e-08	3.400575e-01	3.400544e-01	2.554389e-11	
445	2.102500e-08	3.400574e-01	3.400542e-01	2.554194e-11	
446	2.107500e-08	3.400573e-01	3.400541e-01	2.554134e-11	
447	2.112500e-08	3.400572e-01	3.400539e-01	2.553942e-11	
448	2.117500e-08	3.400570e-01	3.400539e-01	2.553880e-11	
449	2.122500e-08	3.400569e-01	3.400537e-01	2.553690e-11	
450	2.127500e-08	3.400568e-01	3.400536e-01	2.553626e-11	
451	2.132500e-08	3.400567e-01	3.400534e-01	2.553439e-11	
452	2.137500e-08	3.400565e-01	3.400534e-01	2.553372e-11	
453	2.142500e-08	3.400564e-01	3.400532e-01	2.553187e-11	
454	2.147500e-08	3.400563e-01	3.400531e-01	2.553118e-11	
455	2.152500e-08	3.400562e-01	3.400529e-01	2.552935e-11	
456	2.157500e-08	3.400560e-01	3.400529e-01	2.552864e-11	
457	2.162500e-08	3.400559e-01	3.400527e-01	2.552683e-11	
458	2.167500e-08	3.400558e-01	3.400526e-01	2.552610e-11	
459	2.172500e-08	3.400556e-01	3.400524e-01	2.552431e-11	
460	2.177500e-08	3.400555e-01	3.400524e-01	2.552356e-11	

Index   time            v(cell)         v(bl)           vpre#branch     
--------------------------------------------------------------------------------
461	2.182500e-08	3.400554e-01	3.400522e-01	2.552179e-11	
462	2.187500e-08	3.400553e-01	3.400521e-01	2.552103e-11	
463	2.192500e-08	3.400551e-01	3.400519e-01	2.551927e-11	
464	2.196250e-08	3.400550e-01	3.400519e-01	2.551880e-11	
465	2.200000e-08	3.400550e-01	3.400517e-01	2.551739e-11	
466	2.200500e-08	3.400363e-01	3.381721e-01	6.720837e-12	
467	2.201500e-08	3.399900e-01	3.362969e-01	-1.20307e-11	
468	2.203500e-08	3.398847e-01	3.360137e-01	-1.48630e-11	
469	2.207500e-08	3.396868e-01	3.348022e-01	-2.69779e-11	
470	2.212500e-08	3.394602e-01	3.328978e-01	-4.60216e-11	
471	2.217500e-08	3.392587e-01	3.298126e-01	-7.68742e-11	
472	2.222500e-08	3.390800e-01	3.249948e-01	-1.25052e-10	
473	2.227500e-08	3.389220e-01	3.173914e-01	-2.01086e-10	
474	2.232500e-08	3.387813e-01	3.061574e-01	-3.13426e-10	
475	2.237500e-08	3.386549e-01	2.911066e-01	-4.63934e-10	
476	2.242500e-08	3.385392e-01	2.727761e-01	-6.47239e-10	
477	2.247500e-08	3.384312e-01	2.520114e-01	-8.54886e-10	
478	2.252500e-08	3.383288e-01	2.294892e-01	-1.08011e-09	
479	2.257500e-08	3.382306e-01	2.058381e-01	-1.31662e-09	
480	2.262500e-08	3.381355e-01	1.815056e-01	-1.55994e-09	
481	2.267500e-08	3.380430e-01	1.566687e-01	-1.80831e-09	
482	2.272500e-08	3.379525e-01	1.315208e-01	-2.05979e-09	
483	2.277500e-08	3.378637e-01	1.061755e-01	-2.31324e-09	
484	2.282500e-08	3.377765e-01	8.075033e-02	-2.56750e-09	
485	2.287500e-08	3.376905e-01	5.536784e-02	-2.82132e-09	
486	2.292500e-08	3.376055e-01	3.009551e-02	-3.07404e-09	
487	2.296250e-08	3.375423e-01	1.125248e-02	-3.26248e-09	
488	2.300000e-08	3.374796e-01	-7.47093e-03	-3.44971e-09	
489	2.300500e-08	3.374789e-01	-6.58751e-03	-3.44088e-09	
490	2.301500e-08	3.374782e-01	-4.83057e-03	-3.42331e-09	
491	2.303500e-08	3.374768e-01	-1.37457e-03	-3.38875e-09	
492	2.307500e-08	3.374743e-01	5.329649e-03	-3.32170e-09	
493	2.312500e-08	3.374717e-01	1.336133e-02	-3.24139e-09	
494	2.317500e-08	3.374695e-01	2.104874e-02	-3.16451e-09	
495	2.322500e-08	3.374677e-01	2.843337e-02	-3.09067e-09	
496	2.327500e-08	3.374661e-01	3.554802e-02	-3.01952e-09	
497	2.332500e-08	3.374648e-01	4.241905e-02	-2.95081e-09	
498	2.337500e-08	3.374636e-01	4.906796e-02	-2.88432e-09	
499	2.342500e-08	3.374626e-01	5.551249e-02	-2.81988e-09	
500	2.347500e-08	3.374618e-01	6.176753e-02	-2.75732e-09	
501	2.352500e-08	3.374610e-01	6.784382e-02	-2.69656e-09	
502	2.357500e-08	3.374604e-01	7.375251e-02	-2.63747e-09	
503	2.362500e-08	3.374599e-01	7.950499e-02	-2.57995e-09	
504	2.367500e-08	3.374593e-01	8.510923e-02	-2.52391e-09	
505	2.372500e-08	3.374589e-01	9.057229e-02	-2.46928e-09	
506	2.377500e-08	3.374585e-01	9.590041e-02	-2.41600e-09	
507	2.382500e-08	3.374582e-01	1.010992e-01	-2.36401e-09	
508	2.387500e-08	3.374579e-01	1.061738e-01	-2.31326e-09	
509	2.392500e-08	3.374576e-01	1.111286e-01	-2.26371e-09	
510	2.397500e-08	3.374574e-01	1.159681e-01	-2.21532e-09	
511	2.402500e-08	3.374572e-01	1.206960e-01	-2.16804e-09	
512	2.407500e-08	3.374570e-01	1.253159e-01	-2.12184e-09	
513	2.412500e-08	3.374568e-01	1.298312e-01	-2.07669e-09	
514	2.417500e-08	3.374567e-01	1.342449e-01	-2.03255e-09	
515	2.422500e-08	3.374565e-01	1.385601e-01	-1.98940e-09	
516	2.427500e-08	3.374564e-01	1.427795e-01	-1.94721e-09	
517	2.432500e-08	3.374563e-01	1.469057e-01	-1.90594e-09	
518	2.437500e-08	3.374562e-01	1.509411e-01	-1.86559e-09	

Index   time            v(cell)         v(bl)           vpre#branch     
--------------------------------------------------------------------------------
519	2.442500e-08	3.374561e-01	1.548882e-01	-1.82612e-09	
520	2.447500e-08	3.374560e-01	1.587493e-01	-1.78751e-09	
521	2.452500e-08	3.374559e-01	1.625263e-01	-1.74974e-09	
522	2.457500e-08	3.374558e-01	1.662216e-01	-1.71278e-09	
523	2.462500e-08	3.374558e-01	1.698369e-01	-1.67663e-09	
524	2.467500e-08	3.374557e-01	1.733743e-01	-1.64126e-09	
525	2.472500e-08	3.374557e-01	1.768357e-01	-1.60664e-09	
526	2.477500e-08	3.374556e-01	1.802227e-01	-1.57277e-09	
527	2.482500e-08	3.374556e-01	1.835371e-01	-1.53963e-09	
528	2.487500e-08	3.374555e-01	1.867806e-01	-1.50719e-09	
529	2.492500e-08	3.374555e-01	1.899548e-01	-1.47545e-09	
530	2.497500e-08	3.374554e-01	1.930613e-01	-1.44439e-09	
531	2.502500e-08	3.374554e-01	1.961016e-01	-1.41398e-09	
532	2.507500e-08	3.374554e-01	1.990773e-01	-1.38423e-09	
533	2.512500e-08	3.374553e-01	2.019896e-01	-1.35510e-09	
534	2.517500e-08	3.374553e-01	2.048401e-01	-1.32660e-09	
535	2.522500e-08	3.374553e-01	2.076301e-01	-1.29870e-09	
536	2.527500e-08	3.374552e-01	2.103610e-01	-1.27139e-09	
537	2.532500e-08	3.374552e-01	2.130340e-01	-1.24466e-09	
538	2.537500e-08	3.374552e-01	2.156504e-01	-1.21850e-09	
539	2.542500e-08	3.374552e-01	2.182115e-01	-1.19289e-09	
540	2.547500e-08	3.374552e-01	2.207183e-01	-1.16782e-09	
541	2.552500e-08	3.374552e-01	2.231722e-01	-1.14328e-09	
542	2.557500e-08	3.374551e-01	2.255743e-01	-1.11926e-09	
543	2.562500e-08	3.374551e-01	2.279256e-01	-1.09574e-09	
544	2.567500e-08	3.374551e-01	2.302273e-01	-1.07273e-09	
545	2.572500e-08	3.374551e-01	2.324805e-01	-1.05020e-09	
546	2.577500e-08	3.374551e-01	2.346861e-01	-1.02814e-09	
547	2.582500e-08	3.374551e-01	2.368452e-01	-1.00655e-09	
548	2.587500e-08	3.374550e-01	2.389588e-01	-9.85412e-10	
549	2.592500e-08	3.374550e-01	2.410279e-01	-9.64721e-10	
550	2.597500e-08	3.374550e-01	2.430534e-01	-9.44466e-10	
551	2.602500e-08	3.374550e-01	2.450363e-01	-9.24637e-10	
552	2.607500e-08	3.374550e-01	2.469773e-01	-9.05227e-10	
553	2.612500e-08	3.374550e-01	2.488776e-01	-8.86224e-10	
554	2.617500e-08	3.374550e-01	2.507378e-01	-8.67622e-10	
555	2.622500e-08	3.374550e-01	2.525589e-01	-8.49411e-10	
556	2.627500e-08	3.374550e-01	2.543417e-01	-8.31583e-10	
557	2.632500e-08	3.374550e-01	2.560870e-01	-8.14130e-10	
558	2.637500e-08	3.374549e-01	2.577956e-01	-7.97044e-10	
559	2.642500e-08	3.374549e-01	2.594683e-01	-7.80317e-10	
560	2.647500e-08	3.374549e-01	2.611058e-01	-7.63942e-10	
561	2.652500e-08	3.374549e-01	2.627088e-01	-7.47912e-10	
562	2.657500e-08	3.374549e-01	2.642782e-01	-7.32218e-10	
563	2.662500e-08	3.374549e-01	2.658146e-01	-7.16854e-10	
564	2.667500e-08	3.374549e-01	2.673187e-01	-7.01813e-10	
565	2.672500e-08	3.374549e-01	2.687913e-01	-6.87087e-10	
566	2.677500e-08	3.374549e-01	2.702328e-01	-6.72672e-10	
567	2.682500e-08	3.374549e-01	2.716441e-01	-6.58559e-10	
568	2.687500e-08	3.374549e-01	2.730258e-01	-6.44742e-10	
569	2.692500e-08	3.374549e-01	2.743784e-01	-6.31216e-10	
570	2.697500e-08	3.374549e-01	2.757026e-01	-6.17974e-10	
571	2.702500e-08	3.374549e-01	2.769991e-01	-6.05009e-10	
572	2.707500e-08	3.374549e-01	2.782683e-01	-5.92317e-10	
573	2.712500e-08	3.374549e-01	2.795108e-01	-5.79892e-10	
574	2.717500e-08	3.374548e-01	2.807273e-01	-5.67727e-10	
575	2.722500e-08	3.374548e-01	2.819182e-01	-5.55818e-10	
576	2.727500e-08	3.374548e-01	2.830841e-01	-5.44159e-10	

Index   time            v(cell)         v(bl)           vpre#branch     
--------------------------------------------------------------------------------
577	2.732500e-08	3.374548e-01	2.842255e-01	-5.32745e-10	
578	2.737500e-08	3.374548e-01	2.853430e-01	-5.21570e-10	
579	2.742500e-08	3.374548e-01	2.864370e-01	-5.10630e-10	
580	2.747500e-08	3.374548e-01	2.875081e-01	-4.99919e-10	
581	2.752500e-08	3.374548e-01	2.885567e-01	-4.89433e-10	
582	2.757500e-08	3.374548e-01	2.895833e-01	-4.79167e-10	
583	2.762500e-08	3.374548e-01	2.905883e-01	-4.69117e-10	
584	2.767500e-08	3.374548e-01	2.915722e-01	-4.59278e-10	
585	2.772500e-08	3.374548e-01	2.925355e-01	-4.49645e-10	
586	2.777500e-08	3.374548e-01	2.934786e-01	-4.40214e-10	
587	2.782500e-08	3.374548e-01	2.944019e-01	-4.30981e-10	
588	2.787500e-08	3.374548e-01	2.953058e-01	-4.21942e-10	
589	2.792500e-08	3.374548e-01	2.961908e-01	-4.13092e-10	
590	2.797500e-08	3.374548e-01	2.970572e-01	-4.04428e-10	
591	2.802500e-08	3.374548e-01	2.979054e-01	-3.95946e-10	
592	2.807500e-08	3.374548e-01	2.987358e-01	-3.87642e-10	
593	2.812500e-08	3.374548e-01	2.995488e-01	-3.79512e-10	
594	2.817500e-08	3.374548e-01	3.003447e-01	-3.71553e-10	
595	2.822500e-08	3.374548e-01	3.011239e-01	-3.63761e-10	
596	2.827500e-08	3.374548e-01	3.018868e-01	-3.56132e-10	
597	2.832500e-08	3.374548e-01	3.026337e-01	-3.48663e-10	
598	2.837500e-08	3.374548e-01	3.033649e-01	-3.41351e-10	
599	2.842500e-08	3.374548e-01	3.040808e-01	-3.34192e-10	
600	2.847500e-08	3.374548e-01	3.047817e-01	-3.27183e-10	
601	2.852500e-08	3.374548e-01	3.054678e-01	-3.20322e-10	
602	2.857500e-08	3.374548e-01	3.061396e-01	-3.13604e-10	
603	2.862500e-08	3.374548e-01	3.067973e-01	-3.07027e-10	
604	2.867500e-08	3.374548e-01	3.074411e-01	-3.00589e-10	
605	2.872500e-08	3.374548e-01	3.080715e-01	-2.94285e-10	
606	2.877500e-08	3.374548e-01	3.086886e-01	-2.88114e-10	
607	2.882500e-08	3.374548e-01	3.092929e-01	-2.82071e-10	
608	2.887500e-08	3.374548e-01	3.098844e-01	-2.76156e-10	
609	2.892500e-08	3.374548e-01	3.104635e-01	-2.70365e-10	
610	2.897500e-08	3.374548e-01	3.110305e-01	-2.64695e-10	
611	2.902500e-08	3.374548e-01	3.115856e-01	-2.59144e-10	
612	2.907500e-08	3.374547e-01	3.121290e-01	-2.53710e-10	
613	2.912500e-08	3.374548e-01	3.126611e-01	-2.48389e-10	
614	2.917500e-08	3.374547e-01	3.131819e-01	-2.43181e-10	
615	2.922500e-08	3.374547e-01	3.136919e-01	-2.38081e-10	
616	2.927500e-08	3.374547e-01	3.141912e-01	-2.33088e-10	
617	2.932500e-08	3.374547e-01	3.146799e-01	-2.28201e-10	
618	2.937500e-08	3.374547e-01	3.151585e-01	-2.23415e-10	
619	2.942500e-08	3.374547e-01	3.156270e-01	-2.18730e-10	
620	2.947500e-08	3.374547e-01	3.160857e-01	-2.14143e-10	
621	2.952500e-08	3.374547e-01	3.165347e-01	-2.09653e-10	
622	2.957500e-08	3.374547e-01	3.169744e-01	-2.05256e-10	
623	2.962500e-08	3.374547e-01	3.174048e-01	-2.00952e-10	
624	2.967500e-08	3.374547e-01	3.178262e-01	-1.96738e-10	
625	2.972500e-08	3.374547e-01	3.182387e-01	-1.92613e-10	
626	2.977500e-08	3.374547e-01	3.186426e-01	-1.88574e-10	
627	2.982500e-08	3.374547e-01	3.190381e-01	-1.84619e-10	
628	2.987500e-08	3.374547e-01	3.194252e-01	-1.80748e-10	
629	2.992500e-08	3.374547e-01	3.198042e-01	-1.76958e-10	
630	2.997500e-08	3.374547e-01	3.201753e-01	-1.73247e-10	
631	3.002500e-08	3.374547e-01	3.205386e-01	-1.69614e-10	
632	3.007500e-08	3.374547e-01	3.208942e-01	-1.66058e-10	
633	3.012500e-08	3.374547e-01	3.212425e-01	-1.62575e-10	
634	3.017500e-08	3.374547e-01	3.215834e-01	-1.59166e-10	

Index   time            v(cell)         v(bl)           vpre#branch     
--------------------------------------------------------------------------------
635	3.022500e-08	3.374547e-01	3.219171e-01	-1.55829e-10	
636	3.027500e-08	3.374547e-01	3.222439e-01	-1.52561e-10	
637	3.032500e-08	3.374547e-01	3.225638e-01	-1.49362e-10	
638	3.037500e-08	3.374547e-01	3.228770e-01	-1.46230e-10	
639	3.042500e-08	3.374547e-01	3.231836e-01	-1.43164e-10	
640	3.047500e-08	3.374547e-01	3.234838e-01	-1.40162e-10	
641	3.052500e-08	3.374547e-01	3.237777e-01	-1.37223e-10	
642	3.057500e-08	3.374547e-01	3.240655e-01	-1.34345e-10	
643	3.062500e-08	3.374547e-01	3.243472e-01	-1.31528e-10	
644	3.067500e-08	3.374547e-01	3.246230e-01	-1.28770e-10	
645	3.072500e-08	3.374547e-01	3.248930e-01	-1.26070e-10	
646	3.077500e-08	3.374547e-01	3.251573e-01	-1.23427e-10	
647	3.082500e-08	3.374547e-01	3.254161e-01	-1.20839e-10	
648	3.087500e-08	3.374547e-01	3.256695e-01	-1.18305e-10	
649	3.092500e-08	3.374547e-01	3.259176e-01	-1.15824e-10	
650	3.097500e-08	3.374547e-01	3.261604e-01	-1.13396e-10	
651	3.102500e-08	3.374547e-01	3.263982e-01	-1.11018e-10	
652	3.107500e-08	3.374547e-01	3.266310e-01	-1.08690e-10	
653	3.112500e-08	3.374547e-01	3.268589e-01	-1.06411e-10	
654	3.117500e-08	3.374547e-01	3.270820e-01	-1.04180e-10	
655	3.122500e-08	3.374547e-01	3.273005e-01	-1.01995e-10	
656	3.127500e-08	3.374547e-01	3.275143e-01	-9.98567e-11	
657	3.132500e-08	3.374547e-01	3.277237e-01	-9.77629e-11	
658	3.137500e-08	3.374547e-01	3.279287e-01	-9.57130e-11	
659	3.142500e-08	3.374547e-01	3.281294e-01	-9.37061e-11	
660	3.147500e-08	3.374547e-01	3.283259e-01	-9.17413e-11	
661	3.152500e-08	3.374547e-01	3.285182e-01	-8.98177e-11	
662	3.157500e-08	3.374547e-01	3.287066e-01	-8.79344e-11	
663	3.162500e-08	3.374547e-01	3.288909e-01	-8.60906e-11	
664	3.167500e-08	3.374547e-01	3.290715e-01	-8.42855e-11	
665	3.172500e-08	3.374547e-01	3.292482e-01	-8.25182e-11	
666	3.177500e-08	3.374547e-01	3.294212e-01	-8.07880e-11	
667	3.182500e-08	3.374547e-01	3.295906e-01	-7.90941e-11	
668	3.187500e-08	3.374547e-01	3.297564e-01	-7.74356e-11	
669	3.192500e-08	3.374547e-01	3.299188e-01	-7.58120e-11	
670	3.197500e-08	3.374547e-01	3.300778e-01	-7.42224e-11	
671	3.202500e-08	3.374547e-01	3.302334e-01	-7.26662e-11	
672	3.207500e-08	3.374547e-01	3.303857e-01	-7.11425e-11	
673	3.212500e-08	3.374547e-01	3.305349e-01	-6.96509e-11	
674	3.217500e-08	3.374547e-01	3.306810e-01	-6.81905e-11	
675	3.222500e-08	3.374547e-01	3.308239e-01	-6.67607e-11	
676	3.227500e-08	3.374547e-01	3.309639e-01	-6.53609e-11	
677	3.232500e-08	3.374547e-01	3.311010e-01	-6.39905e-11	
678	3.237500e-08	3.374547e-01	3.312351e-01	-6.26488e-11	
679	3.242500e-08	3.374547e-01	3.313665e-01	-6.13352e-11	
680	3.247500e-08	3.374547e-01	3.314951e-01	-6.00492e-11	
681	3.252500e-08	3.374547e-01	3.316210e-01	-5.87901e-11	
682	3.257500e-08	3.374547e-01	3.317443e-01	-5.75575e-11	
683	3.262500e-08	3.374547e-01	3.318649e-01	-5.63506e-11	
684	3.267500e-08	3.374547e-01	3.319831e-01	-5.51691e-11	
685	3.272500e-08	3.374547e-01	3.320988e-01	-5.40124e-11	
686	3.277500e-08	3.374547e-01	3.322120e-01	-5.28799e-11	
687	3.282500e-08	3.374547e-01	3.323229e-01	-5.17712e-11	
688	3.287500e-08	3.374547e-01	3.324314e-01	-5.06857e-11	
689	3.292500e-08	3.374547e-01	3.325377e-01	-4.96230e-11	
690	3.297500e-08	3.374547e-01	3.326417e-01	-4.85826e-11	
691	3.302500e-08	3.374547e-01	3.327436e-01	-4.75639e-11	
692	3.307500e-08	3.374547e-01	3.328433e-01	-4.65667e-11	

Index   time            v(cell)         v(bl)           vpre#branch     
--------------------------------------------------------------------------------
693	3.312500e-08	3.374547e-01	3.329410e-01	-4.55903e-11	
694	3.317500e-08	3.374547e-01	3.330366e-01	-4.46344e-11	
695	3.322500e-08	3.374547e-01	3.331301e-01	-4.36986e-11	
696	3.327500e-08	3.374547e-01	3.332218e-01	-4.27824e-11	
697	3.332500e-08	3.374547e-01	3.333115e-01	-4.18854e-11	
698	3.337500e-08	3.374547e-01	3.333993e-01	-4.10072e-11	
699	3.342500e-08	3.374547e-01	3.334853e-01	-4.01474e-11	
700	3.347500e-08	3.374547e-01	3.335694e-01	-3.93056e-11	
701	3.352500e-08	3.374547e-01	3.336518e-01	-3.84815e-11	
702	3.357500e-08	3.374547e-01	3.337325e-01	-3.76747e-11	
703	3.362500e-08	3.374547e-01	3.338115e-01	-3.68848e-11	
704	3.367500e-08	3.374547e-01	3.338889e-01	-3.61115e-11	
705	3.372500e-08	3.374547e-01	3.339646e-01	-3.53543e-11	
706	3.377500e-08	3.374547e-01	3.340387e-01	-3.46131e-11	
707	3.382500e-08	3.374547e-01	3.341113e-01	-3.38874e-11	
708	3.387500e-08	3.374547e-01	3.341823e-01	-3.31769e-11	
709	3.392500e-08	3.374547e-01	3.342519e-01	-3.24813e-11	
710	3.397500e-08	3.374547e-01	3.343200e-01	-3.18002e-11	
711	3.402500e-08	3.374547e-01	3.343866e-01	-3.11335e-11	
712	3.407500e-08	3.374547e-01	3.344519e-01	-3.04808e-11	
713	3.412500e-08	3.374547e-01	3.345158e-01	-2.98417e-11	
714	3.417500e-08	3.374547e-01	3.345784e-01	-2.92160e-11	
715	3.422500e-08	3.374547e-01	3.346397e-01	-2.86035e-11	
716	3.427500e-08	3.374547e-01	3.346996e-01	-2.80038e-11	
717	3.432500e-08	3.374547e-01	3.347583e-01	-2.74166e-11	
718	3.437500e-08	3.374547e-01	3.348158e-01	-2.68418e-11	
719	3.442500e-08	3.374547e-01	3.348721e-01	-2.62790e-11	
720	3.447500e-08	3.374547e-01	3.349272e-01	-2.57281e-11	
721	3.452500e-08	3.374547e-01	3.349811e-01	-2.51886e-11	
722	3.457500e-08	3.374547e-01	3.350339e-01	-2.46605e-11	
723	3.462500e-08	3.374547e-01	3.350856e-01	-2.41435e-11	
724	3.467500e-08	3.374547e-01	3.351363e-01	-2.36373e-11	
725	3.472500e-08	3.374547e-01	3.351858e-01	-2.31417e-11	
726	3.477500e-08	3.374547e-01	3.352343e-01	-2.26565e-11	
727	3.482500e-08	3.374547e-01	3.352818e-01	-2.21815e-11	
728	3.487500e-08	3.374547e-01	3.353284e-01	-2.17165e-11	
729	3.492500e-08	3.374547e-01	3.353739e-01	-2.12612e-11	
730	3.497500e-08	3.374547e-01	3.354185e-01	-2.08154e-11	
731	3.502500e-08	3.374547e-01	3.354621e-01	-2.03790e-11	
732	3.507500e-08	3.374547e-01	3.355048e-01	-1.99517e-11	
733	3.512500e-08	3.374547e-01	3.355467e-01	-1.95334e-11	
734	3.517500e-08	3.374547e-01	3.355876e-01	-1.91239e-11	
735	3.522500e-08	3.374547e-01	3.356277e-01	-1.87229e-11	
736	3.527500e-08	3.374547e-01	3.356670e-01	-1.83304e-11	
737	3.532500e-08	3.374547e-01	3.357054e-01	-1.79461e-11	
738	3.537500e-08	3.374547e-01	3.357430e-01	-1.75698e-11	
739	3.542500e-08	3.374547e-01	3.357799e-01	-1.72014e-11	
740	3.547500e-08	3.374547e-01	3.358159e-01	-1.68408e-11	
741	3.552500e-08	3.374547e-01	3.358512e-01	-1.64877e-11	
742	3.557500e-08	3.374547e-01	3.358858e-01	-1.61420e-11	
743	3.562500e-08	3.374547e-01	3.359196e-01	-1.58036e-11	
744	3.567500e-08	3.374547e-01	3.359528e-01	-1.54723e-11	
745	3.572500e-08	3.374547e-01	3.359852e-01	-1.51479e-11	
746	3.577500e-08	3.374547e-01	3.360170e-01	-1.48303e-11	
747	3.582500e-08	3.374547e-01	3.360481e-01	-1.45194e-11	
748	3.587500e-08	3.374547e-01	3.360785e-01	-1.42150e-11	
749	3.592500e-08	3.374547e-01	3.361083e-01	-1.39170e-11	
750	3.597500e-08	3.374547e-01	3.361375e-01	-1.36252e-11	

Index   time            v(cell)         v(bl)           vpre#branch     
--------------------------------------------------------------------------------
751	3.602500e-08	3.374547e-01	3.361660e-01	-1.33395e-11	
752	3.607500e-08	3.374547e-01	3.361940e-01	-1.30598e-11	
753	3.612500e-08	3.374547e-01	3.362214e-01	-1.27860e-11	
754	3.617500e-08	3.374547e-01	3.362482e-01	-1.25180e-11	
755	3.622500e-08	3.374547e-01	3.362744e-01	-1.22555e-11	
756	3.627500e-08	3.374547e-01	3.363001e-01	-1.19986e-11	
757	3.632500e-08	3.374547e-01	3.363253e-01	-1.17470e-11	
758	3.637500e-08	3.374547e-01	3.363499e-01	-1.15007e-11	
759	3.642500e-08	3.374547e-01	3.363740e-01	-1.12596e-11	
760	3.647500e-08	3.374547e-01	3.363976e-01	-1.10236e-11	
761	3.652500e-08	3.374547e-01	3.364208e-01	-1.07925e-11	
762	3.657500e-08	3.374547e-01	3.364434e-01	-1.05662e-11	
763	3.662500e-08	3.374547e-01	3.364655e-01	-1.03447e-11	
764	3.667500e-08	3.374547e-01	3.364872e-01	-1.01278e-11	
765	3.672500e-08	3.374547e-01	3.365085e-01	-9.91545e-12	
766	3.677500e-08	3.374547e-01	3.365292e-01	-9.70757e-12	
767	3.682500e-08	3.374547e-01	3.365496e-01	-9.50405e-12	
768	3.687500e-08	3.374547e-01	3.365695e-01	-9.30480e-12	
769	3.692500e-08	3.374547e-01	3.365890e-01	-9.10972e-12	
770	3.697500e-08	3.374547e-01	3.366081e-01	-8.91874e-12	
771	3.702500e-08	3.374547e-01	3.366268e-01	-8.73175e-12	
772	3.707500e-08	3.374547e-01	3.366451e-01	-8.54869e-12	
773	3.712500e-08	3.374547e-01	3.366631e-01	-8.36947e-12	
774	3.717500e-08	3.374547e-01	3.366806e-01	-8.19400e-12	
775	3.722500e-08	3.374547e-01	3.366978e-01	-8.02222e-12	
776	3.727500e-08	3.374547e-01	3.367146e-01	-7.85403e-12	
777	3.732500e-08	3.374547e-01	3.367311e-01	-7.68937e-12	
778	3.737500e-08	3.374547e-01	3.367472e-01	-7.52816e-12	
779	3.742500e-08	3.374547e-01	3.367630e-01	-7.37034e-12	
780	3.747500e-08	3.374547e-01	3.367784e-01	-7.21582e-12	
781	3.752500e-08	3.374547e-01	3.367935e-01	-7.06454e-12	
782	3.757500e-08	3.374547e-01	3.368084e-01	-6.91643e-12	
783	3.762500e-08	3.374547e-01	3.368229e-01	-6.77143e-12	
784	3.767500e-08	3.374547e-01	3.368371e-01	-6.62947e-12	
785	3.772500e-08	3.374547e-01	3.368510e-01	-6.49049e-12	
786	3.777500e-08	3.374547e-01	3.368646e-01	-6.35442e-12	
787	3.782500e-08	3.374547e-01	3.368779e-01	-6.22120e-12	
788	3.787500e-08	3.374547e-01	3.368909e-01	-6.09077e-12	
789	3.792500e-08	3.374547e-01	3.369037e-01	-5.96308e-12	
790	3.797500e-08	3.374547e-01	3.369162e-01	-5.83807e-12	
791	3.802500e-08	3.374547e-01	3.369284e-01	-5.71568e-12	
792	3.807500e-08	3.374547e-01	3.369404e-01	-5.59585e-12	
793	3.812500e-08	3.374547e-01	3.369521e-01	-5.47854e-12	
794	3.817500e-08	3.374547e-01	3.369636e-01	-5.36368e-12	
795	3.822500e-08	3.374547e-01	3.369749e-01	-5.25124e-12	
796	3.827500e-08	3.374547e-01	3.369859e-01	-5.14115e-12	
797	3.832500e-08	3.374547e-01	3.369967e-01	-5.03337e-12	
798	3.837500e-08	3.374547e-01	3.370072e-01	-4.92785e-12	
799	3.842500e-08	3.374547e-01	3.370175e-01	-4.82454e-12	
800	3.847500e-08	3.374547e-01	3.370277e-01	-4.72340e-12	
801	3.852500e-08	3.374547e-01	3.370376e-01	-4.62438e-12	
802	3.857500e-08	3.374547e-01	3.370473e-01	-4.52743e-12	
803	3.862500e-08	3.374547e-01	3.370567e-01	-4.43252e-12	
804	3.867500e-08	3.374547e-01	3.370660e-01	-4.33959e-12	
805	3.872500e-08	3.374547e-01	3.370751e-01	-4.24862e-12	
806	3.877500e-08	3.374547e-01	3.370840e-01	-4.15955e-12	
807	3.882500e-08	3.374547e-01	3.370928e-01	-4.07235e-12	
808	3.887500e-08	3.374547e-01	3.371013e-01	-3.98698e-12	

Index   time            v(cell)         v(bl)           vpre#branch     
--------------------------------------------------------------------------------
809	3.892500e-08	3.374547e-01	3.371097e-01	-3.90340e-12	
810	3.897500e-08	3.374547e-01	3.371178e-01	-3.82157e-12	
811	3.902500e-08	3.374547e-01	3.371259e-01	-3.74146e-12	
812	3.907500e-08	3.374547e-01	3.371337e-01	-3.66302e-12	
813	3.912500e-08	3.374547e-01	3.371414e-01	-3.58623e-12	
814	3.917500e-08	3.374547e-01	3.371489e-01	-3.51105e-12	
815	3.922500e-08	3.374547e-01	3.371563e-01	-3.43745e-12	
816	3.927500e-08	3.374547e-01	3.371635e-01	-3.36539e-12	
817	3.932500e-08	3.374547e-01	3.371705e-01	-3.29484e-12	
818	3.937500e-08	3.374547e-01	3.371774e-01	-3.22577e-12	
819	3.942500e-08	3.374547e-01	3.371842e-01	-3.15815e-12	
820	3.947500e-08	3.374547e-01	3.371908e-01	-3.09194e-12	
821	3.952500e-08	3.374547e-01	3.371973e-01	-3.02712e-12	
822	3.957500e-08	3.374547e-01	3.372036e-01	-2.96367e-12	
823	3.962500e-08	3.374547e-01	3.372098e-01	-2.90154e-12	
824	3.967500e-08	3.374547e-01	3.372159e-01	-2.84072e-12	
825	3.972500e-08	3.374547e-01	3.372219e-01	-2.78117e-12	
826	3.977500e-08	3.374547e-01	3.372277e-01	-2.72287e-12	
827	3.982500e-08	3.374547e-01	3.372334e-01	-2.66579e-12	
828	3.987500e-08	3.374547e-01	3.372390e-01	-2.60991e-12	
829	3.992500e-08	3.374547e-01	3.372445e-01	-2.55520e-12	
830	3.996250e-08	3.374547e-01	3.372485e-01	-2.51492e-12	
831	4.000000e-08	3.374547e-01	3.372525e-01	-2.47528e-12	


Total analysis time (seconds) = 0.0750383

Total elapsed time (seconds) = 0.088 

Total DRAM available = 386307.215 MB.
DRAM currently available = 13382.207 MB.
Maximum ngspice program size =  529.719 MB.
Current ngspice program size =   14.297 MB.

Shared ngspice pages =   12.465 MB.
Text (code) pages =    6.266 MB.
Stack = 0 bytes.
Library pages =   59.137 MB.

