
Note: No compatibility mode selected!


Circuit: * id-vg sweep vds=0.3375v

Warning: Model issue on line 7 :
  .model nfet bsimcmg_va type=1 bulkmod=0 bulkmod=0 igcmod=0 igbmod=0 gidl ...
unrecognized parameter (sasatcv) - ignored

Doing analysis at TEMP = 125.000000 and TNOM = 27.000000

Using SPARSE 1.3 as Direct Linear Solver

No. of Data Rows : 201

  Measurements for DC Analysis

ion                 =  -3.54059e-06 at=  6.75000e-01
ioff                =  -6.43145e-10

                           * id-vg sweep vds=0.3375v
                           DC transfer characteristic  Tue Jun 23 21:20:48  2026
--------------------------------------------------------------------------------
Index   v-sweep         vd#branch       
--------------------------------------------------------------------------------
0	0.000000e+00	-6.43145e-10	
1	3.375000e-03	-6.93455e-10	
2	6.750000e-03	-7.47692e-10	
3	1.012500e-02	-8.06160e-10	
4	1.350000e-02	-8.69188e-10	
5	1.687500e-02	-9.37129e-10	
6	2.025000e-02	-1.01037e-09	
7	2.362500e-02	-1.08931e-09	
8	2.700000e-02	-1.17439e-09	
9	3.037500e-02	-1.26610e-09	
10	3.375000e-02	-1.36493e-09	
11	3.712500e-02	-1.47145e-09	
12	4.050000e-02	-1.58624e-09	
13	4.387500e-02	-1.70994e-09	
14	4.725000e-02	-1.84323e-09	
15	5.062500e-02	-1.98685e-09	
16	5.400000e-02	-2.14159e-09	
17	5.737500e-02	-2.30829e-09	
18	6.075000e-02	-2.48787e-09	
19	6.412500e-02	-2.68130e-09	
20	6.750000e-02	-2.88965e-09	
21	7.087500e-02	-3.11403e-09	
22	7.425000e-02	-3.35566e-09	
23	7.762500e-02	-3.61583e-09	
24	8.100000e-02	-3.89594e-09	
25	8.437500e-02	-4.19747e-09	
26	8.775000e-02	-4.52202e-09	
27	9.112500e-02	-4.87130e-09	
28	9.450000e-02	-5.24713e-09	
29	9.787500e-02	-5.65148e-09	
30	1.012500e-01	-6.08641e-09	
31	1.046250e-01	-6.55416e-09	
32	1.080000e-01	-7.05711e-09	
33	1.113750e-01	-7.59779e-09	
34	1.147500e-01	-8.17888e-09	
35	1.181250e-01	-8.80328e-09	
36	1.215000e-01	-9.47401e-09	
37	1.248750e-01	-1.01943e-08	
38	1.282500e-01	-1.09677e-08	
39	1.316250e-01	-1.17977e-08	
40	1.350000e-01	-1.26882e-08	
41	1.383750e-01	-1.36433e-08	
42	1.417500e-01	-1.46672e-08	
43	1.451250e-01	-1.57646e-08	
44	1.485000e-01	-1.69402e-08	
45	1.518750e-01	-1.81989e-08	
46	1.552500e-01	-1.95461e-08	
47	1.586250e-01	-2.09872e-08	
48	1.620000e-01	-2.25280e-08	
49	1.653750e-01	-2.41744e-08	
50	1.687500e-01	-2.59327e-08	
51	1.721250e-01	-2.78094e-08	
52	1.755000e-01	-2.98111e-08	
53	1.788750e-01	-3.19448e-08	
54	1.822500e-01	-3.42176e-08	

Index   v-sweep         vd#branch       
--------------------------------------------------------------------------------
55	1.856250e-01	-3.66369e-08	
56	1.890000e-01	-3.92102e-08	
57	1.923750e-01	-4.19453e-08	
58	1.957500e-01	-4.48499e-08	
59	1.991250e-01	-4.79320e-08	
60	2.025000e-01	-5.11999e-08	
61	2.058750e-01	-5.46617e-08	
62	2.092500e-01	-5.83256e-08	
63	2.126250e-01	-6.22000e-08	
64	2.160000e-01	-6.62933e-08	
65	2.193750e-01	-7.06138e-08	
66	2.227500e-01	-7.51698e-08	
67	2.261250e-01	-7.99695e-08	
68	2.295000e-01	-8.50211e-08	
69	2.328750e-01	-9.03327e-08	
70	2.362500e-01	-9.59123e-08	
71	2.396250e-01	-1.01768e-07	
72	2.430000e-01	-1.07906e-07	
73	2.463750e-01	-1.14336e-07	
74	2.497500e-01	-1.21063e-07	
75	2.531250e-01	-1.28095e-07	
76	2.565000e-01	-1.35439e-07	
77	2.598750e-01	-1.43102e-07	
78	2.632500e-01	-1.51089e-07	
79	2.666250e-01	-1.59406e-07	
80	2.700000e-01	-1.68060e-07	
81	2.733750e-01	-1.76884e-07	
82	2.767500e-01	-1.86224e-07	
83	2.801250e-01	-1.95915e-07	
84	2.835000e-01	-2.05964e-07	
85	2.868750e-01	-2.16373e-07	
86	2.902500e-01	-2.27147e-07	
87	2.936250e-01	-2.38289e-07	
88	2.970000e-01	-2.49803e-07	
89	3.003750e-01	-2.61693e-07	
90	3.037500e-01	-2.73960e-07	
91	3.071250e-01	-2.86608e-07	
92	3.105000e-01	-2.99639e-07	
93	3.138750e-01	-3.13055e-07	
94	3.172500e-01	-3.26856e-07	
95	3.206250e-01	-3.41046e-07	
96	3.240000e-01	-3.55625e-07	
97	3.273750e-01	-3.70594e-07	
98	3.307500e-01	-3.85953e-07	
99	3.341250e-01	-4.01702e-07	
100	3.375000e-01	-4.17843e-07	
101	3.408750e-01	-4.34374e-07	
102	3.442500e-01	-4.51295e-07	
103	3.476250e-01	-4.68606e-07	
104	3.510000e-01	-4.86305e-07	
105	3.543750e-01	-5.04391e-07	
106	3.577500e-01	-5.22863e-07	
107	3.611250e-01	-5.41720e-07	
108	3.645000e-01	-5.60959e-07	
109	3.678750e-01	-5.80579e-07	
110	3.712500e-01	-6.00577e-07	
111	3.746250e-01	-6.20952e-07	
112	3.780000e-01	-6.41700e-07	

Index   v-sweep         vd#branch       
--------------------------------------------------------------------------------
113	3.813750e-01	-6.62820e-07	
114	3.847500e-01	-6.84308e-07	
115	3.881250e-01	-7.06162e-07	
116	3.915000e-01	-7.28379e-07	
117	3.948750e-01	-7.50955e-07	
118	3.982500e-01	-7.73889e-07	
119	4.016250e-01	-7.97176e-07	
120	4.050000e-01	-8.20813e-07	
121	4.083750e-01	-8.44798e-07	
122	4.117500e-01	-8.69126e-07	
123	4.151250e-01	-8.93794e-07	
124	4.185000e-01	-9.18800e-07	
125	4.218750e-01	-9.44138e-07	
126	4.252500e-01	-9.69807e-07	
127	4.286250e-01	-9.95802e-07	
128	4.320000e-01	-1.02212e-06	
129	4.353750e-01	-1.04876e-06	
130	4.387500e-01	-1.07571e-06	
131	4.421250e-01	-1.10297e-06	
132	4.455000e-01	-1.13054e-06	
133	4.488750e-01	-1.15842e-06	
134	4.522500e-01	-1.18660e-06	
135	4.556250e-01	-1.21508e-06	
136	4.590000e-01	-1.24385e-06	
137	4.623750e-01	-1.27291e-06	
138	4.657500e-01	-1.30225e-06	
139	4.691250e-01	-1.33188e-06	
140	4.725000e-01	-1.36179e-06	
141	4.758750e-01	-1.39198e-06	
142	4.792500e-01	-1.42243e-06	
143	4.826250e-01	-1.45316e-06	
144	4.860000e-01	-1.48415e-06	
145	4.893750e-01	-1.51540e-06	
146	4.927500e-01	-1.54691e-06	
147	4.961250e-01	-1.57868e-06	
148	4.995000e-01	-1.61069e-06	
149	5.028750e-01	-1.64296e-06	
150	5.062500e-01	-1.67546e-06	
151	5.096250e-01	-1.70821e-06	
152	5.130000e-01	-1.74119e-06	
153	5.163750e-01	-1.77441e-06	
154	5.197500e-01	-1.80785e-06	
155	5.231250e-01	-1.84153e-06	
156	5.265000e-01	-1.87542e-06	
157	5.298750e-01	-1.90954e-06	
158	5.332500e-01	-1.94387e-06	
159	5.366250e-01	-1.97842e-06	
160	5.400000e-01	-2.01317e-06	
161	5.433750e-01	-2.04813e-06	
162	5.467500e-01	-2.08329e-06	
163	5.501250e-01	-2.11866e-06	
164	5.535000e-01	-2.15422e-06	
165	5.568750e-01	-2.18997e-06	
166	5.602500e-01	-2.22591e-06	
167	5.636250e-01	-2.26204e-06	
168	5.670000e-01	-2.29836e-06	
169	5.703750e-01	-2.33485e-06	
170	5.737500e-01	-2.37153e-06	

Index   v-sweep         vd#branch       
--------------------------------------------------------------------------------
171	5.771250e-01	-2.40838e-06	
172	5.805000e-01	-2.44540e-06	
173	5.838750e-01	-2.48258e-06	
174	5.872500e-01	-2.51994e-06	
175	5.906250e-01	-2.55746e-06	
176	5.940000e-01	-2.59513e-06	
177	5.973750e-01	-2.63297e-06	
178	6.007500e-01	-2.67096e-06	
179	6.041250e-01	-2.70910e-06	
180	6.075000e-01	-2.74739e-06	
181	6.108750e-01	-2.78583e-06	
182	6.142500e-01	-2.82441e-06	
183	6.176250e-01	-2.86313e-06	
184	6.210000e-01	-2.90199e-06	
185	6.243750e-01	-2.94099e-06	
186	6.277500e-01	-2.98012e-06	
187	6.311250e-01	-3.01938e-06	
188	6.345000e-01	-3.05877e-06	
189	6.378750e-01	-3.09828e-06	
190	6.412500e-01	-3.13792e-06	
191	6.446250e-01	-3.17768e-06	
192	6.480000e-01	-3.21756e-06	
193	6.513750e-01	-3.25755e-06	
194	6.547500e-01	-3.29766e-06	
195	6.581250e-01	-3.33788e-06	
196	6.615000e-01	-3.37821e-06	
197	6.648750e-01	-3.41865e-06	
198	6.682500e-01	-3.45920e-06	
199	6.716250e-01	-3.49984e-06	
200	6.750000e-01	-3.54059e-06	


Total analysis time (seconds) = 0.0149174

Total elapsed time (seconds) = 0.020 

Total DRAM available = 386307.215 MB.
DRAM currently available = 13364.699 MB.
Maximum ngspice program size =  529.719 MB.
Current ngspice program size =   14.176 MB.

Shared ngspice pages =   12.414 MB.
Text (code) pages =    6.266 MB.
Stack = 0 bytes.
Library pages =   59.137 MB.

