
Note: No compatibility mode selected!


Circuit: * id-vd sweep vgs=0.7762v

Warning: Model issue on line 7 :
  .model nfet bsimcmg_va type=1 bulkmod=0 bulkmod=0 igcmod=0 igbmod=0 gidl ...
unrecognized parameter (sasatcv) - ignored

Doing analysis at TEMP = 125.000000 and TNOM = 27.000000

Using SPARSE 1.3 as Direct Linear Solver

No. of Data Rows : 101
                           * id-vd sweep vgs=0.7762v
                           DC transfer characteristic  Tue Jun 23 16:47:57  2026
--------------------------------------------------------------------------------
Index   v-sweep         vd#branch       v(d)            
--------------------------------------------------------------------------------
0	0.000000e+00	0.000000e+00	0.000000e+00	
1	6.750000e-03	-2.49730e-07	6.750000e-03	
2	1.350000e-02	-4.97209e-07	1.350000e-02	
3	2.025000e-02	-7.41901e-07	2.025000e-02	
4	2.700000e-02	-9.83027e-07	2.700000e-02	
5	3.375000e-02	-1.21968e-06	3.375000e-02	
6	4.050000e-02	-1.45088e-06	4.050000e-02	
7	4.725000e-02	-1.67564e-06	4.725000e-02	
8	5.400000e-02	-1.89298e-06	5.400000e-02	
9	6.075000e-02	-2.10198e-06	6.075000e-02	
10	6.750000e-02	-2.30185e-06	6.750000e-02	
11	7.425000e-02	-2.49190e-06	7.425000e-02	
12	8.100000e-02	-2.67158e-06	8.100000e-02	
13	8.775000e-02	-2.84040e-06	8.775000e-02	
14	9.450000e-02	-2.99803e-06	9.450000e-02	
15	1.012500e-01	-3.14426e-06	1.012500e-01	
16	1.080000e-01	-3.27907e-06	1.080000e-01	
17	1.147500e-01	-3.40266e-06	1.147500e-01	
18	1.215000e-01	-3.51547e-06	1.215000e-01	
19	1.282500e-01	-3.61814e-06	1.282500e-01	
20	1.350000e-01	-3.71142e-06	1.350000e-01	
21	1.417500e-01	-3.79617e-06	1.417500e-01	
22	1.485000e-01	-3.87695e-06	1.485000e-01	
23	1.552500e-01	-3.94686e-06	1.552500e-01	
24	1.620000e-01	-4.01071e-06	1.620000e-01	
25	1.687500e-01	-4.06928e-06	1.687500e-01	
26	1.755000e-01	-4.12323e-06	1.755000e-01	
27	1.822500e-01	-4.17310e-06	1.822500e-01	
28	1.890000e-01	-4.21939e-06	1.890000e-01	
29	1.957500e-01	-4.26252e-06	1.957500e-01	
30	2.025000e-01	-4.30285e-06	2.025000e-01	
31	2.092500e-01	-4.34068e-06	2.092500e-01	
32	2.160000e-01	-4.37629e-06	2.160000e-01	
33	2.227500e-01	-4.40990e-06	2.227500e-01	
34	2.295000e-01	-4.44172e-06	2.295000e-01	
35	2.362500e-01	-4.47192e-06	2.362500e-01	
36	2.430000e-01	-4.50065e-06	2.430000e-01	
37	2.497500e-01	-4.52804e-06	2.497500e-01	
38	2.565000e-01	-4.55422e-06	2.565000e-01	
39	2.632500e-01	-4.57927e-06	2.632500e-01	
40	2.700000e-01	-4.60330e-06	2.700000e-01	
41	2.767500e-01	-4.62639e-06	2.767500e-01	
42	2.835000e-01	-4.64859e-06	2.835000e-01	
43	2.902500e-01	-4.66999e-06	2.902500e-01	
44	2.970000e-01	-4.69063e-06	2.970000e-01	
45	3.037500e-01	-4.71056e-06	3.037500e-01	
46	3.105000e-01	-4.72984e-06	3.105000e-01	
47	3.172500e-01	-4.74851e-06	3.172500e-01	
48	3.240000e-01	-4.76659e-06	3.240000e-01	
49	3.307500e-01	-4.78414e-06	3.307500e-01	
50	3.375000e-01	-4.80118e-06	3.375000e-01	
51	3.442500e-01	-4.81773e-06	3.442500e-01	
52	3.510000e-01	-4.83384e-06	3.510000e-01	
53	3.577500e-01	-4.84951e-06	3.577500e-01	
54	3.645000e-01	-4.86477e-06	3.645000e-01	

Index   v-sweep         vd#branch       v(d)            
--------------------------------------------------------------------------------
55	3.712500e-01	-4.87965e-06	3.712500e-01	
56	3.780000e-01	-4.89416e-06	3.780000e-01	
57	3.847500e-01	-4.90832e-06	3.847500e-01	
58	3.915000e-01	-4.92215e-06	3.915000e-01	
59	3.982500e-01	-4.93566e-06	3.982500e-01	
60	4.050000e-01	-4.94887e-06	4.050000e-01	
61	4.117500e-01	-4.96179e-06	4.117500e-01	
62	4.185000e-01	-4.97443e-06	4.185000e-01	
63	4.252500e-01	-4.98681e-06	4.252500e-01	
64	4.320000e-01	-4.99893e-06	4.320000e-01	
65	4.387500e-01	-5.01081e-06	4.387500e-01	
66	4.455000e-01	-5.02245e-06	4.455000e-01	
67	4.522500e-01	-5.03387e-06	4.522500e-01	
68	4.590000e-01	-5.04507e-06	4.590000e-01	
69	4.657500e-01	-5.05607e-06	4.657500e-01	
70	4.725000e-01	-5.06686e-06	4.725000e-01	
71	4.792500e-01	-5.07746e-06	4.792500e-01	
72	4.860000e-01	-5.08788e-06	4.860000e-01	
73	4.927500e-01	-5.09811e-06	4.927500e-01	
74	4.995000e-01	-5.10817e-06	4.995000e-01	
75	5.062500e-01	-5.11806e-06	5.062500e-01	
76	5.130000e-01	-5.12779e-06	5.130000e-01	
77	5.197500e-01	-5.13736e-06	5.197500e-01	
78	5.265000e-01	-5.14678e-06	5.265000e-01	
79	5.332500e-01	-5.15606e-06	5.332500e-01	
80	5.400000e-01	-5.16519e-06	5.400000e-01	
81	5.467500e-01	-5.17418e-06	5.467500e-01	
82	5.535000e-01	-5.18304e-06	5.535000e-01	
83	5.602500e-01	-5.19177e-06	5.602500e-01	
84	5.670000e-01	-5.20037e-06	5.670000e-01	
85	5.737500e-01	-5.20885e-06	5.737500e-01	
86	5.805000e-01	-5.21721e-06	5.805000e-01	
87	5.872500e-01	-5.22545e-06	5.872500e-01	
88	5.940000e-01	-5.23358e-06	5.940000e-01	
89	6.007500e-01	-5.24160e-06	6.007500e-01	
90	6.075000e-01	-5.24952e-06	6.075000e-01	
91	6.142500e-01	-5.25733e-06	6.142500e-01	
92	6.210000e-01	-5.26504e-06	6.210000e-01	
93	6.277500e-01	-5.27265e-06	6.277500e-01	
94	6.345000e-01	-5.28016e-06	6.345000e-01	
95	6.412500e-01	-5.28758e-06	6.412500e-01	
96	6.480000e-01	-5.29491e-06	6.480000e-01	
97	6.547500e-01	-5.30216e-06	6.547500e-01	
98	6.615000e-01	-5.30931e-06	6.615000e-01	
99	6.682500e-01	-5.31638e-06	6.682500e-01	
100	6.750000e-01	-5.32337e-06	6.750000e-01	


Total analysis time (seconds) = 0.237756

Total elapsed time (seconds) = 0.245 

Total DRAM available = 386307.215 MB.
DRAM currently available = 20390.629 MB.
Maximum ngspice program size =  529.719 MB.
Current ngspice program size =   14.062 MB.

Shared ngspice pages =   12.293 MB.
Text (code) pages =    6.266 MB.
Stack = 0 bytes.
Library pages =   59.137 MB.

