
Note: No compatibility mode selected!


Circuit: * wl switching transient

Warning: Model issue on line 7 :
  .model nfet bsimcmg_va type=1 bulkmod=0 bulkmod=0 igcmod=0 igbmod=0 gidl ...
unrecognized parameter (sasatcv) - ignored

Doing analysis at TEMP = 125.000000 and TNOM = 27.000000

Using SPARSE 1.3 as Direct Linear Solver

Initial Transient Solution
--------------------------

Node                                   Voltage
----                                   -------
d                                       0.3375
g                                            0
s                                            0
vg#branch                                    0
vd#branch                         -6.43145e-10
vs#branch                          6.43145e-10


No. of Data Rows : 217
                            * wl switching transient
                            Transient Analysis  Wed Jun 24 01:12:30  2026
--------------------------------------------------------------------------------
Index   time            v(g)            vg#branch       
--------------------------------------------------------------------------------
0	0.000000e+00	0.000000e+00	0.000000e+00	
1	1.000000e-12	0.000000e+00	-1.47603e-21	
2	2.000000e-12	0.000000e+00	2.180655e-22	
3	4.000000e-12	0.000000e+00	2.180655e-22	
4	8.000000e-12	0.000000e+00	9.560722e-22	
5	1.600000e-11	0.000000e+00	-1.21603e-21	
6	3.200000e-11	0.000000e+00	1.721326e-21	
7	6.400000e-11	0.000000e+00	-1.68044e-21	
8	1.280000e-10	0.000000e+00	1.753820e-21	
9	2.280000e-10	0.000000e+00	-1.68123e-21	
10	3.280000e-10	0.000000e+00	1.680428e-21	
11	4.280000e-10	0.000000e+00	-1.70770e-21	
12	5.280000e-10	0.000000e+00	1.680428e-21	
13	6.280000e-10	0.000000e+00	-1.70770e-21	
14	7.280000e-10	0.000000e+00	1.680428e-21	
15	8.280000e-10	0.000000e+00	-1.70770e-21	
16	9.140000e-10	0.000000e+00	1.623420e-21	
17	1.000000e-09	0.000000e+00	-1.60590e-21	
18	1.010000e-09	6.750000e-03	-3.14208e-08	
19	1.030000e-09	2.025000e-02	-3.25271e-08	
20	1.070000e-09	4.725000e-02	-3.15707e-08	
21	1.150000e-09	1.012500e-01	-3.30015e-08	
22	1.250000e-09	1.687500e-01	-3.37546e-08	
23	1.350000e-09	2.362500e-01	-4.01750e-08	
24	1.450000e-09	3.037500e-01	-4.75494e-08	
25	1.550000e-09	3.712500e-01	-5.55124e-08	
26	1.650000e-09	4.387500e-01	-6.00463e-08	
27	1.750000e-09	5.062500e-01	-6.48644e-08	
28	1.850000e-09	5.737500e-01	-6.71606e-08	
29	1.925000e-09	6.243750e-01	-6.97932e-08	
30	2.000000e-09	6.750000e-01	-7.06721e-08	
31	2.010000e-09	6.750000e-01	-2.72218e-09	
32	2.030000e-09	6.750000e-01	2.507673e-09	
33	2.070000e-09	6.750000e-01	-2.40687e-09	
34	2.150000e-09	6.750000e-01	2.358025e-09	
35	2.250000e-09	6.750000e-01	-2.31967e-09	
36	2.350000e-09	6.750000e-01	2.281950e-09	
37	2.450000e-09	6.750000e-01	-2.24485e-09	
38	2.550000e-09	6.750000e-01	2.208360e-09	
39	2.650000e-09	6.750000e-01	-2.17247e-09	
40	2.750000e-09	6.750000e-01	2.137173e-09	
41	2.850000e-09	6.750000e-01	-2.10246e-09	
42	2.950000e-09	6.750000e-01	2.068311e-09	
43	3.050000e-09	6.750000e-01	-2.03473e-09	
44	3.150000e-09	6.750000e-01	2.001697e-09	
45	3.250000e-09	6.750000e-01	-1.96921e-09	
46	3.350000e-09	6.750000e-01	1.937257e-09	
47	3.450000e-09	6.750000e-01	-1.90583e-09	
48	3.550000e-09	6.750000e-01	1.874920e-09	
49	3.650000e-09	6.750000e-01	-1.84452e-09	
50	3.750000e-09	6.750000e-01	1.814616e-09	
51	3.850000e-09	6.750000e-01	-1.78521e-09	
52	3.950000e-09	6.750000e-01	1.756280e-09	
53	4.050000e-09	6.750000e-01	-1.72783e-09	
54	4.150000e-09	6.750000e-01	1.699846e-09	

Index   time            v(g)            vg#branch       
--------------------------------------------------------------------------------
55	4.250000e-09	6.750000e-01	-1.67232e-09	
56	4.350000e-09	6.750000e-01	1.645251e-09	
57	4.450000e-09	6.750000e-01	-1.61863e-09	
58	4.550000e-09	6.750000e-01	1.592437e-09	
59	4.650000e-09	6.750000e-01	-1.56668e-09	
60	4.750000e-09	6.750000e-01	1.541343e-09	
61	4.850000e-09	6.750000e-01	-1.51642e-09	
62	4.950000e-09	6.750000e-01	1.491914e-09	
63	5.050000e-09	6.750000e-01	-1.46781e-09	
64	5.150000e-09	6.750000e-01	1.444095e-09	
65	5.250000e-09	6.750000e-01	-1.42077e-09	
66	5.350000e-09	6.750000e-01	1.397833e-09	
67	5.450000e-09	6.750000e-01	-1.37527e-09	
68	5.550000e-09	6.750000e-01	1.353078e-09	
69	5.650000e-09	6.750000e-01	-1.33125e-09	
70	5.750000e-09	6.750000e-01	1.309779e-09	
71	5.850000e-09	6.750000e-01	-1.28866e-09	
72	5.950000e-09	6.750000e-01	1.267889e-09	
73	6.050000e-09	6.750000e-01	-1.24746e-09	
74	6.150000e-09	6.750000e-01	1.227362e-09	
75	6.250000e-09	6.750000e-01	-1.20760e-09	
76	6.350000e-09	6.750000e-01	1.188153e-09	
77	6.450000e-09	6.750000e-01	-1.16903e-09	
78	6.550000e-09	6.750000e-01	1.150218e-09	
79	6.650000e-09	6.750000e-01	-1.13172e-09	
80	6.750000e-09	6.750000e-01	1.113517e-09	
81	6.850000e-09	6.750000e-01	-1.09562e-09	
82	6.950000e-09	6.750000e-01	1.078008e-09	
83	7.050000e-09	6.750000e-01	-1.06069e-09	
84	7.150000e-09	6.750000e-01	1.043653e-09	
85	7.250000e-09	6.750000e-01	-1.02690e-09	
86	7.350000e-09	6.750000e-01	1.010414e-09	
87	7.450000e-09	6.750000e-01	-9.94201e-10	
88	7.550000e-09	6.750000e-01	9.782533e-10	
89	7.650000e-09	6.750000e-01	-9.62567e-10	
90	7.750000e-09	6.750000e-01	9.471368e-10	
91	7.850000e-09	6.750000e-01	-9.31959e-10	
92	7.950000e-09	6.750000e-01	9.170300e-10	
93	8.050000e-09	6.750000e-01	-9.02345e-10	
94	8.150000e-09	6.750000e-01	8.878997e-10	
95	8.250000e-09	6.750000e-01	-8.73691e-10	
96	8.350000e-09	6.750000e-01	8.597140e-10	
97	8.450000e-09	6.750000e-01	-8.45966e-10	
98	8.550000e-09	6.750000e-01	8.324420e-10	
99	8.650000e-09	6.750000e-01	-8.19139e-10	
100	8.750000e-09	6.750000e-01	8.060537e-10	
101	8.850000e-09	6.750000e-01	-7.93182e-10	
102	8.950000e-09	6.750000e-01	7.805203e-10	
103	9.050000e-09	6.750000e-01	-7.68065e-10	
104	9.150000e-09	6.750000e-01	7.558137e-10	
105	9.250000e-09	6.750000e-01	-7.43762e-10	
106	9.350000e-09	6.750000e-01	7.319069e-10	
107	9.450000e-09	6.750000e-01	-7.20245e-10	
108	9.550000e-09	6.750000e-01	7.087737e-10	
109	9.650000e-09	6.750000e-01	-6.97489e-10	
110	9.750000e-09	6.750000e-01	6.863888e-10	
111	9.850000e-09	6.750000e-01	-6.75469e-10	
112	9.925000e-09	6.750000e-01	6.611860e-10	

Index   time            v(g)            vg#branch       
--------------------------------------------------------------------------------
113	1.000000e-08	6.750000e-01	-6.47212e-10	
114	1.001000e-08	6.750000e-01	-2.48924e-11	
115	1.003000e-08	6.750000e-01	2.293074e-11	
116	1.007000e-08	6.750000e-01	-2.20098e-11	
117	1.015000e-08	6.750000e-01	2.156347e-11	
118	1.025000e-08	6.750000e-01	-2.12130e-11	
119	1.035000e-08	6.750000e-01	2.086839e-11	
120	1.045000e-08	6.750000e-01	-2.05294e-11	
121	1.055000e-08	6.750000e-01	2.019601e-11	
122	1.065000e-08	6.750000e-01	-1.98681e-11	
123	1.075000e-08	6.750000e-01	1.954557e-11	
124	1.085000e-08	6.750000e-01	-1.92284e-11	
125	1.095000e-08	6.750000e-01	1.891636e-11	
126	1.105000e-08	6.750000e-01	-1.86095e-11	
127	1.115000e-08	6.750000e-01	1.830769e-11	
128	1.125000e-08	6.750000e-01	-1.80108e-11	
129	1.135000e-08	6.750000e-01	1.771887e-11	
130	1.145000e-08	6.750000e-01	-1.74317e-11	
131	1.155000e-08	6.750000e-01	1.714926e-11	
132	1.165000e-08	6.750000e-01	-1.68715e-11	
133	1.175000e-08	6.750000e-01	1.659822e-11	
134	1.185000e-08	6.750000e-01	-1.63295e-11	
135	1.195000e-08	6.750000e-01	1.606515e-11	
136	1.205000e-08	6.750000e-01	-1.58052e-11	
137	1.215000e-08	6.750000e-01	1.554945e-11	
138	1.225000e-08	6.750000e-01	-1.52979e-11	
139	1.235000e-08	6.750000e-01	1.505056e-11	
140	1.245000e-08	6.750000e-01	-1.48072e-11	
141	1.255000e-08	6.750000e-01	1.456793e-11	
142	1.265000e-08	6.750000e-01	-1.43325e-11	
143	1.275000e-08	6.750000e-01	1.410101e-11	
144	1.285000e-08	6.750000e-01	-1.38733e-11	
145	1.295000e-08	6.750000e-01	1.364930e-11	
146	1.305000e-08	6.750000e-01	-1.34290e-11	
147	1.315000e-08	6.750000e-01	1.321229e-11	
148	1.325000e-08	6.750000e-01	-1.29992e-11	
149	1.335000e-08	6.750000e-01	1.278951e-11	
150	1.345000e-08	6.750000e-01	-1.25833e-11	
151	1.355000e-08	6.750000e-01	1.238048e-11	
152	1.365000e-08	6.750000e-01	-1.21810e-11	
153	1.375000e-08	6.750000e-01	1.198476e-11	
154	1.385000e-08	6.750000e-01	-1.17918e-11	
155	1.395000e-08	6.750000e-01	1.160191e-11	
156	1.405000e-08	6.750000e-01	-1.14152e-11	
157	1.415000e-08	6.750000e-01	1.123151e-11	
158	1.425000e-08	6.750000e-01	-1.10508e-11	
159	1.435000e-08	6.750000e-01	1.087315e-11	
160	1.445000e-08	6.750000e-01	-1.06984e-11	
161	1.455000e-08	6.750000e-01	1.052643e-11	
162	1.465000e-08	6.750000e-01	-1.03573e-11	
163	1.475000e-08	6.750000e-01	1.019097e-11	
164	1.485000e-08	6.750000e-01	-1.00274e-11	
165	1.495000e-08	6.750000e-01	9.866413e-12	
166	1.505000e-08	6.750000e-01	-9.70811e-12	
167	1.515000e-08	6.750000e-01	9.552389e-12	
168	1.525000e-08	6.750000e-01	-9.39922e-12	
169	1.535000e-08	6.750000e-01	9.248558e-12	
170	1.545000e-08	6.750000e-01	-9.10036e-12	

Index   time            v(g)            vg#branch       
--------------------------------------------------------------------------------
171	1.555000e-08	6.750000e-01	8.954584e-12	
172	1.565000e-08	6.750000e-01	-8.81119e-12	
173	1.575000e-08	6.750000e-01	8.670146e-12	
174	1.585000e-08	6.750000e-01	-8.53140e-12	
175	1.595000e-08	6.750000e-01	8.394931e-12	
176	1.605000e-08	6.750000e-01	-8.26069e-12	
177	1.615000e-08	6.750000e-01	8.128637e-12	
178	1.625000e-08	6.750000e-01	-7.99874e-12	
179	1.635000e-08	6.750000e-01	7.870972e-12	
180	1.645000e-08	6.750000e-01	-7.74529e-12	
181	1.655000e-08	6.750000e-01	7.621654e-12	
182	1.665000e-08	6.750000e-01	-7.50004e-12	
183	1.675000e-08	6.750000e-01	7.380409e-12	
184	1.685000e-08	6.750000e-01	-7.26273e-12	
185	1.695000e-08	6.750000e-01	7.146973e-12	
186	1.705000e-08	6.750000e-01	-7.03310e-12	
187	1.715000e-08	6.750000e-01	6.921091e-12	
188	1.725000e-08	6.750000e-01	-6.81091e-12	
189	1.735000e-08	6.750000e-01	6.702516e-12	
190	1.745000e-08	6.750000e-01	-6.59589e-12	
191	1.755000e-08	6.750000e-01	6.491009e-12	
192	1.765000e-08	6.750000e-01	-6.38783e-12	
193	1.775000e-08	6.750000e-01	6.286338e-12	
194	1.785000e-08	6.750000e-01	-6.18650e-12	
195	1.795000e-08	6.750000e-01	6.088280e-12	
196	1.805000e-08	6.750000e-01	-5.99166e-12	
197	1.815000e-08	6.750000e-01	5.896620e-12	
198	1.825000e-08	6.750000e-01	-5.80312e-12	
199	1.835000e-08	6.750000e-01	5.711147e-12	
200	1.845000e-08	6.750000e-01	-5.62067e-12	
201	1.855000e-08	6.750000e-01	5.531660e-12	
202	1.865000e-08	6.750000e-01	-5.44410e-12	
203	1.875000e-08	6.750000e-01	5.357963e-12	
204	1.885000e-08	6.750000e-01	-5.27323e-12	
205	1.895000e-08	6.750000e-01	5.189867e-12	
206	1.905000e-08	6.750000e-01	-5.10786e-12	
207	1.915000e-08	6.750000e-01	5.027189e-12	
208	1.925000e-08	6.750000e-01	-4.94783e-12	
209	1.935000e-08	6.750000e-01	4.869753e-12	
210	1.945000e-08	6.750000e-01	-4.79295e-12	
211	1.955000e-08	6.750000e-01	4.717386e-12	
212	1.965000e-08	6.750000e-01	-4.64305e-12	
213	1.975000e-08	6.750000e-01	4.569924e-12	
214	1.985000e-08	6.750000e-01	-4.49798e-12	
215	1.992500e-08	6.750000e-01	4.403870e-12	
216	2.000000e-08	6.750000e-01	-4.31179e-12	


Total analysis time (seconds) = 0.0147875

Total elapsed time (seconds) = 0.021 

Total DRAM available = 386307.215 MB.
DRAM currently available = 7563.039 MB.
Maximum ngspice program size =  529.719 MB.
Current ngspice program size =   14.043 MB.

Shared ngspice pages =   12.285 MB.
Text (code) pages =    6.266 MB.
Stack = 0 bytes.
Library pages =   59.137 MB.

