
Note: No compatibility mode selected!


Circuit: * id-vg sweep vds=0.6750v

Warning: Model issue on line 7 :
  .model nfet bsimcmg_va type=1 bulkmod=0 bulkmod=0 igcmod=0 igbmod=0 gidl ...
unrecognized parameter (sasatcv) - ignored

Doing analysis at TEMP = 125.000000 and TNOM = 27.000000

Using SPARSE 1.3 as Direct Linear Solver

No. of Data Rows : 201

  Measurements for DC Analysis

ion                 =  -3.90615e-06 at=  6.75000e-01
ioff                =  -7.20868e-10

                           * id-vg sweep vds=0.6750v
                           DC transfer characteristic  Tue Jun 23 21:20:48  2026
--------------------------------------------------------------------------------
Index   v-sweep         vd#branch       
--------------------------------------------------------------------------------
0	0.000000e+00	-7.20868e-10	
1	3.375000e-03	-7.77183e-10	
2	6.750000e-03	-8.37886e-10	
3	1.012500e-02	-9.03319e-10	
4	1.350000e-02	-9.73847e-10	
5	1.687500e-02	-1.04987e-09	
6	2.025000e-02	-1.13180e-09	
7	2.362500e-02	-1.22011e-09	
8	2.700000e-02	-1.31528e-09	
9	3.037500e-02	-1.41784e-09	
10	3.375000e-02	-1.52837e-09	
11	3.712500e-02	-1.64748e-09	
12	4.050000e-02	-1.77582e-09	
13	4.387500e-02	-1.91411e-09	
14	4.725000e-02	-2.06310e-09	
15	5.062500e-02	-2.22362e-09	
16	5.400000e-02	-2.39654e-09	
17	5.737500e-02	-2.58282e-09	
18	6.075000e-02	-2.78346e-09	
19	6.412500e-02	-2.99956e-09	
20	6.750000e-02	-3.23228e-09	
21	7.087500e-02	-3.48289e-09	
22	7.425000e-02	-3.75272e-09	
23	7.762500e-02	-4.04322e-09	
24	8.100000e-02	-4.35595e-09	
25	8.437500e-02	-4.69255e-09	
26	8.775000e-02	-5.05479e-09	
27	9.112500e-02	-5.44458e-09	
28	9.450000e-02	-5.86395e-09	
29	9.787500e-02	-6.31505e-09	
30	1.012500e-01	-6.80022e-09	
31	1.046250e-01	-7.32192e-09	
32	1.080000e-01	-7.88278e-09	
33	1.113750e-01	-8.48561e-09	
34	1.147500e-01	-9.13341e-09	
35	1.181250e-01	-9.82936e-09	
36	1.215000e-01	-1.05768e-08	
37	1.248750e-01	-1.13794e-08	
38	1.282500e-01	-1.22409e-08	
39	1.316250e-01	-1.31653e-08	
40	1.350000e-01	-1.41570e-08	
41	1.383750e-01	-1.52203e-08	
42	1.417500e-01	-1.63601e-08	
43	1.451250e-01	-1.75814e-08	
44	1.485000e-01	-1.88893e-08	
45	1.518750e-01	-2.02895e-08	
46	1.552500e-01	-2.17877e-08	
47	1.586250e-01	-2.33900e-08	
48	1.620000e-01	-2.51027e-08	
49	1.653750e-01	-2.69323e-08	
50	1.687500e-01	-2.88858e-08	
51	1.721250e-01	-3.09702e-08	
52	1.755000e-01	-3.31929e-08	
53	1.788750e-01	-3.55615e-08	
54	1.822500e-01	-3.80838e-08	

Index   v-sweep         vd#branch       
--------------------------------------------------------------------------------
55	1.856250e-01	-4.07679e-08	
56	1.890000e-01	-4.36219e-08	
57	1.923750e-01	-4.66544e-08	
58	1.957500e-01	-4.98739e-08	
59	1.991250e-01	-5.32892e-08	
60	2.025000e-01	-5.69090e-08	
61	2.058750e-01	-6.07423e-08	
62	2.092500e-01	-6.47982e-08	
63	2.126250e-01	-6.90857e-08	
64	2.160000e-01	-7.36138e-08	
65	2.193750e-01	-7.83916e-08	
66	2.227500e-01	-8.34281e-08	
67	2.261250e-01	-8.87323e-08	
68	2.295000e-01	-9.43130e-08	
69	2.328750e-01	-1.00179e-07	
70	2.362500e-01	-1.06339e-07	
71	2.396250e-01	-1.12800e-07	
72	2.430000e-01	-1.19573e-07	
73	2.463750e-01	-1.26663e-07	
74	2.497500e-01	-1.34080e-07	
75	2.531250e-01	-1.41831e-07	
76	2.565000e-01	-1.49923e-07	
77	2.598750e-01	-1.58363e-07	
78	2.632500e-01	-1.67157e-07	
79	2.666250e-01	-1.76313e-07	
80	2.700000e-01	-1.85652e-07	
81	2.733750e-01	-1.95546e-07	
82	2.767500e-01	-2.05818e-07	
83	2.801250e-01	-2.16475e-07	
84	2.835000e-01	-2.27521e-07	
85	2.868750e-01	-2.38961e-07	
86	2.902500e-01	-2.50798e-07	
87	2.936250e-01	-2.63038e-07	
88	2.970000e-01	-2.75684e-07	
89	3.003750e-01	-2.88738e-07	
90	3.037500e-01	-3.02205e-07	
91	3.071250e-01	-3.16087e-07	
92	3.105000e-01	-3.30387e-07	
93	3.138750e-01	-3.45106e-07	
94	3.172500e-01	-3.60246e-07	
95	3.206250e-01	-3.75810e-07	
96	3.240000e-01	-3.91797e-07	
97	3.273750e-01	-4.08210e-07	
98	3.307500e-01	-4.25049e-07	
99	3.341250e-01	-4.42314e-07	
100	3.375000e-01	-4.60005e-07	
101	3.408750e-01	-4.78123e-07	
102	3.442500e-01	-4.96667e-07	
103	3.476250e-01	-5.15635e-07	
104	3.510000e-01	-5.35028e-07	
105	3.543750e-01	-5.54844e-07	
106	3.577500e-01	-5.75081e-07	
107	3.611250e-01	-5.95738e-07	
108	3.645000e-01	-6.16814e-07	
109	3.678750e-01	-6.38306e-07	
110	3.712500e-01	-6.60212e-07	
111	3.746250e-01	-6.82530e-07	
112	3.780000e-01	-7.05257e-07	

Index   v-sweep         vd#branch       
--------------------------------------------------------------------------------
113	3.813750e-01	-7.28390e-07	
114	3.847500e-01	-7.51928e-07	
115	3.881250e-01	-7.75866e-07	
116	3.915000e-01	-8.00203e-07	
117	3.948750e-01	-8.24934e-07	
118	3.982500e-01	-8.50057e-07	
119	4.016250e-01	-8.75568e-07	
120	4.050000e-01	-9.01465e-07	
121	4.083750e-01	-9.27743e-07	
122	4.117500e-01	-9.54399e-07	
123	4.151250e-01	-9.81430e-07	
124	4.185000e-01	-1.00883e-06	
125	4.218750e-01	-1.03660e-06	
126	4.252500e-01	-1.06474e-06	
127	4.286250e-01	-1.09323e-06	
128	4.320000e-01	-1.12208e-06	
129	4.353750e-01	-1.15128e-06	
130	4.387500e-01	-1.18084e-06	
131	4.421250e-01	-1.21073e-06	
132	4.455000e-01	-1.24097e-06	
133	4.488750e-01	-1.27155e-06	
134	4.522500e-01	-1.30246e-06	
135	4.556250e-01	-1.33371e-06	
136	4.590000e-01	-1.36528e-06	
137	4.623750e-01	-1.39717e-06	
138	4.657500e-01	-1.42938e-06	
139	4.691250e-01	-1.46191e-06	
140	4.725000e-01	-1.49475e-06	
141	4.758750e-01	-1.52790e-06	
142	4.792500e-01	-1.56135e-06	
143	4.826250e-01	-1.59510e-06	
144	4.860000e-01	-1.62916e-06	
145	4.893750e-01	-1.66350e-06	
146	4.927500e-01	-1.69813e-06	
147	4.961250e-01	-1.73306e-06	
148	4.995000e-01	-1.76826e-06	
149	5.028750e-01	-1.80374e-06	
150	5.062500e-01	-1.83950e-06	
151	5.096250e-01	-1.87553e-06	
152	5.130000e-01	-1.91183e-06	
153	5.163750e-01	-1.94839e-06	
154	5.197500e-01	-1.98521e-06	
155	5.231250e-01	-2.02229e-06	
156	5.265000e-01	-2.05963e-06	
157	5.298750e-01	-2.09721e-06	
158	5.332500e-01	-2.13505e-06	
159	5.366250e-01	-2.17313e-06	
160	5.400000e-01	-2.21144e-06	
161	5.433750e-01	-2.25000e-06	
162	5.467500e-01	-2.28879e-06	
163	5.501250e-01	-2.32781e-06	
164	5.535000e-01	-2.36705e-06	
165	5.568750e-01	-2.40652e-06	
166	5.602500e-01	-2.44621e-06	
167	5.636250e-01	-2.48612e-06	
168	5.670000e-01	-2.52625e-06	
169	5.703750e-01	-2.56658e-06	
170	5.737500e-01	-2.60712e-06	

Index   v-sweep         vd#branch       
--------------------------------------------------------------------------------
171	5.771250e-01	-2.64787e-06	
172	5.805000e-01	-2.68882e-06	
173	5.838750e-01	-2.72997e-06	
174	5.872500e-01	-2.77131e-06	
175	5.906250e-01	-2.81285e-06	
176	5.940000e-01	-2.85458e-06	
177	5.973750e-01	-2.89649e-06	
178	6.007500e-01	-2.93859e-06	
179	6.041250e-01	-2.98087e-06	
180	6.075000e-01	-3.02333e-06	
181	6.108750e-01	-3.06597e-06	
182	6.142500e-01	-3.10878e-06	
183	6.176250e-01	-3.15176e-06	
184	6.210000e-01	-3.19490e-06	
185	6.243750e-01	-3.23822e-06	
186	6.277500e-01	-3.28170e-06	
187	6.311250e-01	-3.32533e-06	
188	6.345000e-01	-3.36913e-06	
189	6.378750e-01	-3.41308e-06	
190	6.412500e-01	-3.45719e-06	
191	6.446250e-01	-3.50144e-06	
192	6.480000e-01	-3.54585e-06	
193	6.513750e-01	-3.59040e-06	
194	6.547500e-01	-3.63509e-06	
195	6.581250e-01	-3.67993e-06	
196	6.615000e-01	-3.72490e-06	
197	6.648750e-01	-3.77001e-06	
198	6.682500e-01	-3.81526e-06	
199	6.716250e-01	-3.86064e-06	
200	6.750000e-01	-3.90615e-06	


Total analysis time (seconds) = 0.0159171

Total elapsed time (seconds) = 0.022 

Total DRAM available = 386307.215 MB.
DRAM currently available = 13365.191 MB.
Maximum ngspice program size =  529.723 MB.
Current ngspice program size =   14.133 MB.

Shared ngspice pages =   12.375 MB.
Text (code) pages =    6.266 MB.
Stack = 0 bytes.
Library pages =   59.141 MB.

