
Note: No compatibility mode selected!


Circuit: * mini-array n=8 layout

Doing analysis at TEMP = 27.000000 and TNOM = 27.000000

Using SPARSE 1.3 as Direct Linear Solver

Initial Transient Solution
--------------------------

Node                                   Voltage
----                                   -------
pre                                     0.3825
bl0                                     0.3825
s                                            0
b                                            0
bltap0                                  0.3825
wl0                                          0
bl1                                     0.3825
bltap1                                  0.3825
wl1                                          0
bl2                                     0.3825
bltap2                                  0.3825
wl2                                          0
bl3                                     0.3825
bltap3                                  0.3825
wl3                                          0
bl4                                     0.3825
bltap4                                  0.3825
wl4                                          0
bl5                                     0.3825
bltap5                                  0.3825
wl5                                          0
bl6                                     0.3825
bltap6                                  0.3825
wl6                                          0
bl7                                     0.3825
bltap7                                  0.3825
wl7                                          0
plate0                                       0
cell0                                        0
plate1                                  0.3825
cell1                                   0.3825
plate2                                  0.3825
cell2                                   0.3825
plate3                                  0.3825
cell3                                   0.3825
plate4                                  0.3825
cell4                                   0.3825
plate5                                  0.3825
cell5                                   0.3825
plate6                                  0.3825
cell6                                   0.3825
plate7                                  0.3825
cell7                                   0.3825
vplate7#branch                               0
vwl7#branch                                  0
vplate6#branch                               0
vwl6#branch                                  0
vplate5#branch                               0
vwl5#branch                                  0
vplate4#branch                               0
vwl4#branch                                  0
vplate3#branch                               0
vwl3#branch                                  0
vplate2#branch                               0
vwl2#branch                                  0
vplate1#branch                               0
vwl1#branch                                  0
vplate0#branch                               0
vwl0#branch                                  0
vb#branch                                    0
vs#branch                                    0
vpre#branch                                  0


No. of Data Rows : 514

  Measurements for Transient Analysis

t_bl_settle         =  7.13034e-09
i_bl_leak           =  -1.79941e-10 from=  1.50000e-08 to=  2.50000e-08

                            * mini-array n=8 layout
                            Transient Analysis  Tue Jun 23 16:43:56  2026
--------------------------------------------------------------------------------
Index   time            v(bl0)          v(bl7)          vpre#branch     
--------------------------------------------------------------------------------
0	0.000000e+00	3.825000e-01	3.825000e-01	0.000000e+00	
1	5.000000e-13	3.825000e-01	3.825000e-01	-5.32704e-22	
2	1.000000e-12	3.825000e-01	3.825000e-01	-9.14035e-22	
3	2.000000e-12	3.825000e-01	3.825000e-01	-1.55924e-21	
4	4.000000e-12	3.825000e-01	3.825000e-01	-2.62795e-21	
5	8.000000e-12	3.825000e-01	3.825000e-01	-4.74967e-21	
6	1.600000e-11	3.825000e-01	3.825000e-01	-8.94430e-21	
7	3.200000e-11	3.825000e-01	3.825000e-01	-1.73046e-20	
8	6.400000e-11	3.825000e-01	3.825000e-01	-3.43131e-20	
9	1.140000e-10	3.825000e-01	3.825000e-01	-6.10071e-20	
10	1.640000e-10	3.825000e-01	3.825000e-01	-8.74305e-20	
11	2.140000e-10	3.825000e-01	3.825000e-01	-1.13857e-19	
12	2.640000e-10	3.825000e-01	3.825000e-01	-1.40282e-19	
13	3.140000e-10	3.825000e-01	3.825000e-01	-1.66710e-19	
14	3.640000e-10	3.825000e-01	3.825000e-01	-1.93135e-19	
15	4.140000e-10	3.825000e-01	3.825000e-01	-2.19561e-19	
16	4.640000e-10	3.825000e-01	3.825000e-01	-2.45984e-19	
17	5.140000e-10	3.825000e-01	3.825000e-01	-2.72412e-19	
18	5.640000e-10	3.825000e-01	3.825000e-01	-2.98836e-19	
19	6.140000e-10	3.825000e-01	3.825000e-01	-3.25261e-19	
20	6.640000e-10	3.825000e-01	3.825000e-01	-3.51686e-19	
21	7.140000e-10	3.825000e-01	3.825000e-01	-3.78113e-19	
22	7.640000e-10	3.825000e-01	3.825000e-01	-4.04536e-19	
23	8.140000e-10	3.825000e-01	3.825000e-01	-4.30964e-19	
24	8.640000e-10	3.825000e-01	3.825000e-01	-4.57390e-19	
25	9.140000e-10	3.825000e-01	3.825000e-01	-4.83816e-19	
26	9.570000e-10	3.825000e-01	3.825000e-01	-5.06737e-19	
27	1.000000e-09	3.825000e-01	3.825000e-01	-5.29857e-19	
28	1.005000e-09	3.825415e-01	3.825307e-01	4.153156e-13	
29	1.015000e-09	3.826136e-01	3.826008e-01	1.136183e-12	
30	1.035000e-09	3.827550e-01	3.827439e-01	2.550052e-12	
31	1.075000e-09	3.830402e-01	3.830275e-01	5.402286e-12	
32	1.125000e-09	3.833950e-01	3.833838e-01	8.950436e-12	
33	1.175000e-09	3.837513e-01	3.837387e-01	1.251314e-11	
34	1.225000e-09	3.841062e-01	3.840949e-01	1.606183e-11	
35	1.275000e-09	3.844624e-01	3.844498e-01	1.962396e-11	
36	1.325000e-09	3.848173e-01	3.848060e-01	2.317309e-11	
37	1.375000e-09	3.851735e-01	3.851609e-01	2.673453e-11	
38	1.425000e-09	3.855284e-01	3.855170e-01	3.028352e-11	
39	1.475000e-09	3.858842e-01	3.858717e-01	3.384240e-11	
40	1.525000e-09	3.862385e-01	3.862271e-01	3.738478e-11	
41	1.575000e-09	3.865922e-01	3.865798e-01	4.092174e-11	
42	1.625000e-09	3.869410e-01	3.869298e-01	4.441012e-11	
43	1.675000e-09	3.872838e-01	3.872720e-01	4.783797e-11	
44	1.725000e-09	3.876154e-01	3.876049e-01	5.115390e-11	
45	1.775000e-09	3.879351e-01	3.879242e-01	5.435116e-11	
46	1.825000e-09	3.882394e-01	3.882298e-01	5.739357e-11	
47	1.875000e-09	3.885285e-01	3.885187e-01	6.028502e-11	
48	1.925000e-09	3.887999e-01	3.887914e-01	6.299910e-11	
49	1.962500e-09	3.889926e-01	3.889838e-01	6.492593e-11	
50	2.000000e-09	3.891743e-01	3.891667e-01	6.674337e-11	
51	2.005000e-09	3.891562e-01	3.891592e-01	6.656169e-11	
52	2.015000e-09	3.891304e-01	3.891355e-01	6.630395e-11	
53	2.035000e-09	3.890815e-01	3.890849e-01	6.581538e-11	
54	2.075000e-09	3.889817e-01	3.889867e-01	6.481739e-11	

Index   time            v(bl0)          v(bl7)          vpre#branch     
--------------------------------------------------------------------------------
55	2.125000e-09	3.888591e-01	3.888625e-01	6.359075e-11	
56	2.175000e-09	3.887355e-01	3.887403e-01	6.235523e-11	
57	2.225000e-09	3.886138e-01	3.886172e-01	6.113806e-11	
58	2.275000e-09	3.884913e-01	3.884960e-01	5.991299e-11	
59	2.325000e-09	3.883705e-01	3.883740e-01	5.870524e-11	
60	2.375000e-09	3.882490e-01	3.882537e-01	5.749048e-11	
61	2.425000e-09	3.881292e-01	3.881327e-01	5.629207e-11	
62	2.475000e-09	3.880087e-01	3.880133e-01	5.508749e-11	
63	2.525000e-09	3.878898e-01	3.878933e-01	5.389837e-11	
64	2.575000e-09	3.877704e-01	3.877749e-01	5.270384e-11	
65	2.625000e-09	3.876524e-01	3.876559e-01	5.152394e-11	
66	2.675000e-09	3.875339e-01	3.875383e-01	5.033933e-11	
67	2.725000e-09	3.874169e-01	3.874204e-01	4.916858e-11	
68	2.775000e-09	3.872994e-01	3.873037e-01	4.799377e-11	
69	2.825000e-09	3.871832e-01	3.871867e-01	4.683210e-11	
70	2.875000e-09	3.870667e-01	3.870710e-01	4.566698e-11	
71	2.925000e-09	3.869514e-01	3.869549e-01	4.451431e-11	
72	2.975000e-09	3.868359e-01	3.868401e-01	4.335876e-11	
73	3.025000e-09	3.867215e-01	3.867250e-01	4.221504e-11	
74	3.075000e-09	3.866069e-01	3.866111e-01	4.106893e-11	
75	3.125000e-09	3.864934e-01	3.864969e-01	3.993408e-11	
76	3.175000e-09	3.863797e-01	3.863838e-01	3.879731e-11	
77	3.225000e-09	3.862671e-01	3.862706e-01	3.767127e-11	
78	3.275000e-09	3.861544e-01	3.861584e-01	3.654373e-11	
79	3.325000e-09	3.860426e-01	3.860461e-01	3.542641e-11	
80	3.375000e-09	3.859308e-01	3.859348e-01	3.430799e-11	
81	3.425000e-09	3.858199e-01	3.858234e-01	3.319934e-11	
82	3.475000e-09	3.857090e-01	3.857129e-01	3.208994e-11	
83	3.525000e-09	3.855990e-01	3.856025e-01	3.098987e-11	
84	3.575000e-09	3.854889e-01	3.854928e-01	2.988938e-11	
85	3.625000e-09	3.853798e-01	3.853832e-01	2.879783e-11	
86	3.675000e-09	3.852706e-01	3.852745e-01	2.770616e-11	
87	3.725000e-09	3.851623e-01	3.851658e-01	2.662305e-11	
88	3.775000e-09	3.850540e-01	3.850578e-01	2.554010e-11	
89	3.825000e-09	3.849465e-01	3.849500e-01	2.446536e-11	
90	3.875000e-09	3.848391e-01	3.848429e-01	2.339103e-11	
91	3.925000e-09	3.847325e-01	3.847359e-01	2.232459e-11	
92	3.975000e-09	3.846259e-01	3.846296e-01	2.125878e-11	
93	4.025000e-09	3.845201e-01	3.845235e-01	2.020057e-11	
94	4.075000e-09	3.844143e-01	3.844180e-01	1.914320e-11	
95	4.125000e-09	3.843093e-01	3.843127e-01	1.809315e-11	
96	4.175000e-09	3.842044e-01	3.842081e-01	1.704412e-11	
97	4.225000e-09	3.841002e-01	3.841036e-01	1.600214e-11	
98	4.275000e-09	3.839961e-01	3.839997e-01	1.496137e-11	
99	4.325000e-09	3.838927e-01	3.838961e-01	1.392740e-11	
100	4.375000e-09	3.837895e-01	3.837931e-01	1.289480e-11	
101	4.425000e-09	3.836869e-01	3.836902e-01	1.186877e-11	
102	4.475000e-09	3.835844e-01	3.835880e-01	1.084425e-11	
103	4.525000e-09	3.834826e-01	3.834859e-01	9.826092e-12	
104	4.575000e-09	3.833810e-01	3.833845e-01	8.809563e-12	
105	4.625000e-09	3.832799e-01	3.832832e-01	7.799204e-12	
106	4.675000e-09	3.831791e-01	3.831825e-01	6.790589e-12	
107	4.725000e-09	3.830788e-01	3.830821e-01	5.787957e-12	
108	4.775000e-09	3.829787e-01	3.829822e-01	4.787173e-12	
109	4.825000e-09	3.828792e-01	3.828825e-01	3.792197e-12	
110	4.875000e-09	3.827799e-01	3.827833e-01	2.799165e-12	
111	4.925000e-09	3.826812e-01	3.826844e-01	1.811775e-12	
112	4.975000e-09	3.825826e-01	3.825860e-01	8.264152e-13	

Index   time            v(bl0)          v(bl7)          vpre#branch     
--------------------------------------------------------------------------------
113	5.025000e-09	3.824847e-01	3.824879e-01	-1.53457e-13	
114	5.075000e-09	3.823869e-01	3.823902e-01	-1.13122e-12	
115	5.125000e-09	3.822896e-01	3.822928e-01	-2.10365e-12	
116	5.175000e-09	3.821926e-01	3.821959e-01	-3.07390e-12	
117	5.225000e-09	3.820961e-01	3.820993e-01	-4.03894e-12	
118	5.275000e-09	3.819998e-01	3.820031e-01	-5.00175e-12	
119	5.325000e-09	3.819041e-01	3.819072e-01	-5.95948e-12	
120	5.375000e-09	3.818085e-01	3.818118e-01	-6.91492e-12	
121	5.425000e-09	3.817135e-01	3.817166e-01	-7.86541e-12	
122	5.475000e-09	3.816186e-01	3.816219e-01	-8.81355e-12	
123	5.525000e-09	3.815243e-01	3.815274e-01	-9.75686e-12	
124	5.575000e-09	3.814302e-01	3.814334e-01	-1.06978e-11	
125	5.625000e-09	3.813366e-01	3.813397e-01	-1.16340e-11	
126	5.675000e-09	3.812432e-01	3.812464e-01	-1.25678e-11	
127	5.725000e-09	3.811503e-01	3.811534e-01	-1.34969e-11	
128	5.775000e-09	3.810576e-01	3.810608e-01	-1.44236e-11	
129	5.825000e-09	3.809654e-01	3.809685e-01	-1.53458e-11	
130	5.875000e-09	3.808735e-01	3.808766e-01	-1.62655e-11	
131	5.925000e-09	3.807819e-01	3.807850e-01	-1.71807e-11	
132	5.975000e-09	3.806907e-01	3.806937e-01	-1.80935e-11	
133	6.025000e-09	3.805998e-01	3.806028e-01	-1.90019e-11	
134	6.075000e-09	3.805092e-01	3.805123e-01	-1.99078e-11	
135	6.125000e-09	3.804191e-01	3.804221e-01	-2.08094e-11	
136	6.175000e-09	3.803292e-01	3.803322e-01	-2.17085e-11	
137	6.225000e-09	3.802397e-01	3.802426e-01	-2.26033e-11	
138	6.275000e-09	3.801504e-01	3.801535e-01	-2.34957e-11	
139	6.325000e-09	3.800616e-01	3.800646e-01	-2.43839e-11	
140	6.375000e-09	3.799730e-01	3.799760e-01	-2.52696e-11	
141	6.425000e-09	3.798849e-01	3.798878e-01	-2.61512e-11	
142	6.475000e-09	3.797970e-01	3.797999e-01	-2.70302e-11	
143	6.525000e-09	3.797095e-01	3.797124e-01	-2.79053e-11	
144	6.575000e-09	3.796222e-01	3.796252e-01	-2.87778e-11	
145	6.625000e-09	3.795354e-01	3.795383e-01	-2.96464e-11	
146	6.675000e-09	3.794488e-01	3.794517e-01	-3.05125e-11	
147	6.725000e-09	3.793625e-01	3.793654e-01	-3.13746e-11	
148	6.775000e-09	3.792766e-01	3.792795e-01	-3.22342e-11	
149	6.825000e-09	3.791910e-01	3.791939e-01	-3.30901e-11	
150	6.875000e-09	3.791057e-01	3.791085e-01	-3.39433e-11	
151	6.925000e-09	3.790207e-01	3.790236e-01	-3.47928e-11	
152	6.975000e-09	3.789360e-01	3.789389e-01	-3.56398e-11	
153	7.025000e-09	3.788517e-01	3.788545e-01	-3.64831e-11	
154	7.075000e-09	3.787676e-01	3.787705e-01	-3.73238e-11	
155	7.125000e-09	3.786839e-01	3.786867e-01	-3.81609e-11	
156	7.175000e-09	3.786005e-01	3.786033e-01	-3.89954e-11	
157	7.225000e-09	3.785174e-01	3.785201e-01	-3.98264e-11	
158	7.275000e-09	3.784345e-01	3.784373e-01	-4.06548e-11	
159	7.325000e-09	3.783520e-01	3.783548e-01	-4.14797e-11	
160	7.375000e-09	3.782698e-01	3.782726e-01	-4.23020e-11	
161	7.425000e-09	3.781879e-01	3.781907e-01	-4.31209e-11	
162	7.475000e-09	3.781063e-01	3.781090e-01	-4.39372e-11	
163	7.525000e-09	3.780250e-01	3.780277e-01	-4.47501e-11	
164	7.575000e-09	3.779439e-01	3.779467e-01	-4.55605e-11	
165	7.625000e-09	3.778632e-01	3.778659e-01	-4.63675e-11	
166	7.675000e-09	3.777828e-01	3.777855e-01	-4.71720e-11	
167	7.725000e-09	3.777027e-01	3.777054e-01	-4.79732e-11	
168	7.775000e-09	3.776228e-01	3.776255e-01	-4.87719e-11	
169	7.825000e-09	3.775433e-01	3.775459e-01	-4.95672e-11	
170	7.875000e-09	3.774640e-01	3.774667e-01	-5.03601e-11	

Index   time            v(bl0)          v(bl7)          vpre#branch     
--------------------------------------------------------------------------------
171	7.925000e-09	3.773850e-01	3.773877e-01	-5.11497e-11	
172	7.975000e-09	3.773063e-01	3.773090e-01	-5.19369e-11	
173	8.025000e-09	3.772279e-01	3.772305e-01	-5.27208e-11	
174	8.075000e-09	3.771498e-01	3.771524e-01	-5.35023e-11	
175	8.125000e-09	3.770719e-01	3.770746e-01	-5.42806e-11	
176	8.175000e-09	3.769944e-01	3.769970e-01	-5.50564e-11	
177	8.225000e-09	3.769171e-01	3.769197e-01	-5.58291e-11	
178	8.275000e-09	3.768401e-01	3.768427e-01	-5.65994e-11	
179	8.325000e-09	3.767633e-01	3.767659e-01	-5.73666e-11	
180	8.375000e-09	3.766869e-01	3.766894e-01	-5.81313e-11	
181	8.425000e-09	3.766107e-01	3.766133e-01	-5.88930e-11	
182	8.475000e-09	3.765348e-01	3.765373e-01	-5.96523e-11	
183	8.525000e-09	3.764591e-01	3.764617e-01	-6.04085e-11	
184	8.575000e-09	3.763838e-01	3.763863e-01	-6.11624e-11	
185	8.625000e-09	3.763087e-01	3.763112e-01	-6.19132e-11	
186	8.675000e-09	3.762338e-01	3.762363e-01	-6.26617e-11	
187	8.725000e-09	3.761593e-01	3.761618e-01	-6.34073e-11	
188	8.775000e-09	3.760850e-01	3.760875e-01	-6.41504e-11	
189	8.825000e-09	3.760109e-01	3.760134e-01	-6.48907e-11	
190	8.875000e-09	3.759371e-01	3.759396e-01	-6.56286e-11	
191	8.925000e-09	3.758636e-01	3.758661e-01	-6.63636e-11	
192	8.975000e-09	3.757904e-01	3.757928e-01	-6.70962e-11	
193	9.025000e-09	3.757174e-01	3.757198e-01	-6.78261e-11	
194	9.075000e-09	3.756446e-01	3.756471e-01	-6.85535e-11	
195	9.125000e-09	3.755722e-01	3.755746e-01	-6.92782e-11	
196	9.175000e-09	3.754999e-01	3.755024e-01	-7.00006e-11	
197	9.225000e-09	3.754280e-01	3.754304e-01	-7.07202e-11	
198	9.275000e-09	3.753563e-01	3.753587e-01	-7.14374e-11	
199	9.325000e-09	3.752848e-01	3.752872e-01	-7.21520e-11	
200	9.375000e-09	3.752136e-01	3.752160e-01	-7.28642e-11	
201	9.425000e-09	3.751426e-01	3.751450e-01	-7.35737e-11	
202	9.475000e-09	3.750719e-01	3.750743e-01	-7.42810e-11	
203	9.525000e-09	3.750014e-01	3.750038e-01	-7.49855e-11	
204	9.575000e-09	3.749312e-01	3.749336e-01	-7.56878e-11	
205	9.625000e-09	3.748613e-01	3.748636e-01	-7.63875e-11	
206	9.675000e-09	3.747915e-01	3.747939e-01	-7.70849e-11	
207	9.725000e-09	3.747220e-01	3.747244e-01	-7.77796e-11	
208	9.775000e-09	3.746528e-01	3.746551e-01	-7.84722e-11	
209	9.825000e-09	3.745838e-01	3.745861e-01	-7.91621e-11	
210	9.875000e-09	3.745150e-01	3.745173e-01	-7.98499e-11	
211	9.925000e-09	3.744465e-01	3.744488e-01	-8.05350e-11	
212	9.975000e-09	3.743782e-01	3.743805e-01	-8.12180e-11	
213	1.002500e-08	3.743102e-01	3.743124e-01	-8.18984e-11	
214	1.007500e-08	3.742423e-01	3.742446e-01	-8.25766e-11	
215	1.012500e-08	3.741748e-01	3.741770e-01	-8.32523e-11	
216	1.017500e-08	3.741074e-01	3.741097e-01	-8.39259e-11	
217	1.022500e-08	3.740403e-01	3.740426e-01	-8.45969e-11	
218	1.027500e-08	3.739734e-01	3.739757e-01	-8.52659e-11	
219	1.032500e-08	3.739068e-01	3.739090e-01	-8.59323e-11	
220	1.037500e-08	3.738403e-01	3.738426e-01	-8.65966e-11	
221	1.042500e-08	3.737742e-01	3.737764e-01	-8.72585e-11	
222	1.047500e-08	3.737082e-01	3.737104e-01	-8.79182e-11	
223	1.052500e-08	3.736424e-01	3.736447e-01	-8.85755e-11	
224	1.057500e-08	3.735769e-01	3.735791e-01	-8.92308e-11	
225	1.062500e-08	3.735116e-01	3.735138e-01	-8.98836e-11	
226	1.067500e-08	3.734466e-01	3.734488e-01	-9.05344e-11	
227	1.072500e-08	3.733817e-01	3.733839e-01	-9.11827e-11	
228	1.077500e-08	3.733171e-01	3.733193e-01	-9.18290e-11	

Index   time            v(bl0)          v(bl7)          vpre#branch     
--------------------------------------------------------------------------------
229	1.082500e-08	3.732527e-01	3.732549e-01	-9.24730e-11	
230	1.087500e-08	3.731885e-01	3.731907e-01	-9.31149e-11	
231	1.092500e-08	3.731246e-01	3.731267e-01	-9.37545e-11	
232	1.097500e-08	3.730608e-01	3.730629e-01	-9.43920e-11	
233	1.102500e-08	3.729973e-01	3.729994e-01	-9.50273e-11	
234	1.107500e-08	3.729339e-01	3.729361e-01	-9.56605e-11	
235	1.112500e-08	3.728709e-01	3.728730e-01	-9.62914e-11	
236	1.117500e-08	3.728080e-01	3.728101e-01	-9.69204e-11	
237	1.122500e-08	3.727453e-01	3.727474e-01	-9.75471e-11	
238	1.127500e-08	3.726828e-01	3.726849e-01	-9.81718e-11	
239	1.132500e-08	3.726206e-01	3.726227e-01	-9.87942e-11	
240	1.137500e-08	3.725585e-01	3.725606e-01	-9.94147e-11	
241	1.142500e-08	3.724967e-01	3.724988e-01	-1.00033e-10	
242	1.147500e-08	3.724351e-01	3.724371e-01	-1.00649e-10	
243	1.152500e-08	3.723737e-01	3.723757e-01	-1.01263e-10	
244	1.157500e-08	3.723124e-01	3.723145e-01	-1.01876e-10	
245	1.162500e-08	3.722514e-01	3.722535e-01	-1.02486e-10	
246	1.167500e-08	3.721906e-01	3.721927e-01	-1.03094e-10	
247	1.172500e-08	3.721300e-01	3.721321e-01	-1.03700e-10	
248	1.177500e-08	3.720696e-01	3.720717e-01	-1.04304e-10	
249	1.182500e-08	3.720095e-01	3.720115e-01	-1.04905e-10	
250	1.187500e-08	3.719495e-01	3.719515e-01	-1.05505e-10	
251	1.192500e-08	3.718897e-01	3.718917e-01	-1.06103e-10	
252	1.197500e-08	3.718301e-01	3.718321e-01	-1.06699e-10	
253	1.202500e-08	3.717707e-01	3.717727e-01	-1.07293e-10	
254	1.207500e-08	3.717115e-01	3.717135e-01	-1.07885e-10	
255	1.212500e-08	3.716525e-01	3.716545e-01	-1.08475e-10	
256	1.217500e-08	3.715937e-01	3.715956e-01	-1.09063e-10	
257	1.222500e-08	3.715351e-01	3.715370e-01	-1.09649e-10	
258	1.227500e-08	3.714766e-01	3.714786e-01	-1.10234e-10	
259	1.232500e-08	3.714184e-01	3.714204e-01	-1.10816e-10	
260	1.237500e-08	3.713604e-01	3.713623e-01	-1.11396e-10	
261	1.242500e-08	3.713026e-01	3.713045e-01	-1.11974e-10	
262	1.247500e-08	3.712449e-01	3.712468e-01	-1.12551e-10	
263	1.252500e-08	3.711874e-01	3.711894e-01	-1.13126e-10	
264	1.257500e-08	3.711302e-01	3.711321e-01	-1.13698e-10	
265	1.262500e-08	3.710731e-01	3.710750e-01	-1.14269e-10	
266	1.267500e-08	3.710162e-01	3.710181e-01	-1.14838e-10	
267	1.272500e-08	3.709595e-01	3.709614e-01	-1.15405e-10	
268	1.277500e-08	3.709030e-01	3.709049e-01	-1.15970e-10	
269	1.282500e-08	3.708466e-01	3.708485e-01	-1.16534e-10	
270	1.287500e-08	3.707905e-01	3.707924e-01	-1.17095e-10	
271	1.292500e-08	3.707345e-01	3.707364e-01	-1.17655e-10	
272	1.297500e-08	3.706787e-01	3.706806e-01	-1.18213e-10	
273	1.302500e-08	3.706231e-01	3.706250e-01	-1.18769e-10	
274	1.307500e-08	3.705677e-01	3.705696e-01	-1.19323e-10	
275	1.312500e-08	3.705125e-01	3.705143e-01	-1.19875e-10	
276	1.317500e-08	3.704574e-01	3.704592e-01	-1.20426e-10	
277	1.322500e-08	3.704025e-01	3.704044e-01	-1.20975e-10	
278	1.327500e-08	3.703478e-01	3.703496e-01	-1.21522e-10	
279	1.332500e-08	3.702933e-01	3.702951e-01	-1.22067e-10	
280	1.337500e-08	3.702389e-01	3.702407e-01	-1.22611e-10	
281	1.342500e-08	3.701847e-01	3.701866e-01	-1.23153e-10	
282	1.347500e-08	3.701307e-01	3.701326e-01	-1.23693e-10	
283	1.352500e-08	3.700769e-01	3.700787e-01	-1.24231e-10	
284	1.357500e-08	3.700233e-01	3.700251e-01	-1.24767e-10	
285	1.362500e-08	3.699698e-01	3.699716e-01	-1.25302e-10	
286	1.367500e-08	3.699165e-01	3.699183e-01	-1.25835e-10	

Index   time            v(bl0)          v(bl7)          vpre#branch     
--------------------------------------------------------------------------------
287	1.372500e-08	3.698633e-01	3.698651e-01	-1.26367e-10	
288	1.377500e-08	3.698104e-01	3.698121e-01	-1.26896e-10	
289	1.382500e-08	3.697576e-01	3.697593e-01	-1.27424e-10	
290	1.387500e-08	3.697049e-01	3.697067e-01	-1.27951e-10	
291	1.392500e-08	3.696525e-01	3.696542e-01	-1.28475e-10	
292	1.397500e-08	3.696002e-01	3.696019e-01	-1.28998e-10	
293	1.402500e-08	3.695481e-01	3.695498e-01	-1.29519e-10	
294	1.407500e-08	3.694961e-01	3.694979e-01	-1.30039e-10	
295	1.412500e-08	3.694443e-01	3.694461e-01	-1.30557e-10	
296	1.417500e-08	3.693927e-01	3.693944e-01	-1.31073e-10	
297	1.422500e-08	3.693412e-01	3.693430e-01	-1.31588e-10	
298	1.427500e-08	3.692899e-01	3.692916e-01	-1.32101e-10	
299	1.432500e-08	3.692388e-01	3.692405e-01	-1.32612e-10	
300	1.437500e-08	3.691878e-01	3.691895e-01	-1.33122e-10	
301	1.442500e-08	3.691370e-01	3.691387e-01	-1.33630e-10	
302	1.447500e-08	3.690863e-01	3.690880e-01	-1.34137e-10	
303	1.452500e-08	3.690359e-01	3.690375e-01	-1.34641e-10	
304	1.457500e-08	3.689855e-01	3.689872e-01	-1.35145e-10	
305	1.462500e-08	3.689353e-01	3.689370e-01	-1.35647e-10	
306	1.467500e-08	3.688853e-01	3.688870e-01	-1.36147e-10	
307	1.472500e-08	3.688355e-01	3.688371e-01	-1.36645e-10	
308	1.477500e-08	3.687858e-01	3.687874e-01	-1.37142e-10	
309	1.482500e-08	3.687362e-01	3.687379e-01	-1.37638e-10	
310	1.487500e-08	3.686868e-01	3.686885e-01	-1.38132e-10	
311	1.492500e-08	3.686376e-01	3.686393e-01	-1.38624e-10	
312	1.497500e-08	3.685885e-01	3.685902e-01	-1.39115e-10	
313	1.502500e-08	3.685396e-01	3.685412e-01	-1.39604e-10	
314	1.507500e-08	3.684908e-01	3.684925e-01	-1.40092e-10	
315	1.512500e-08	3.684422e-01	3.684438e-01	-1.40578e-10	
316	1.517500e-08	3.683937e-01	3.683953e-01	-1.41063e-10	
317	1.522500e-08	3.683454e-01	3.683470e-01	-1.41546e-10	
318	1.527500e-08	3.682972e-01	3.682989e-01	-1.42028e-10	
319	1.532500e-08	3.682492e-01	3.682508e-01	-1.42508e-10	
320	1.537500e-08	3.682013e-01	3.682030e-01	-1.42987e-10	
321	1.542500e-08	3.681536e-01	3.681552e-01	-1.43464e-10	
322	1.547500e-08	3.681061e-01	3.681076e-01	-1.43939e-10	
323	1.552500e-08	3.680586e-01	3.680602e-01	-1.44414e-10	
324	1.557500e-08	3.680113e-01	3.680129e-01	-1.44887e-10	
325	1.562500e-08	3.679642e-01	3.679658e-01	-1.45358e-10	
326	1.567500e-08	3.679172e-01	3.679188e-01	-1.45828e-10	
327	1.572500e-08	3.678704e-01	3.678720e-01	-1.46296e-10	
328	1.577500e-08	3.678237e-01	3.678253e-01	-1.46763e-10	
329	1.582500e-08	3.677771e-01	3.677787e-01	-1.47229e-10	
330	1.587500e-08	3.677307e-01	3.677323e-01	-1.47693e-10	
331	1.592500e-08	3.676845e-01	3.676860e-01	-1.48155e-10	
332	1.597500e-08	3.676383e-01	3.676399e-01	-1.48617e-10	
333	1.602500e-08	3.675923e-01	3.675939e-01	-1.49077e-10	
334	1.607500e-08	3.675465e-01	3.675480e-01	-1.49535e-10	
335	1.612500e-08	3.675008e-01	3.675023e-01	-1.49992e-10	
336	1.617500e-08	3.674552e-01	3.674568e-01	-1.50448e-10	
337	1.622500e-08	3.674098e-01	3.674113e-01	-1.50902e-10	
338	1.627500e-08	3.673645e-01	3.673660e-01	-1.51355e-10	
339	1.632500e-08	3.673194e-01	3.673209e-01	-1.51806e-10	
340	1.637500e-08	3.672744e-01	3.672759e-01	-1.52256e-10	
341	1.642500e-08	3.672295e-01	3.672310e-01	-1.52705e-10	
342	1.647500e-08	3.671847e-01	3.671862e-01	-1.53153e-10	
343	1.652500e-08	3.671401e-01	3.671416e-01	-1.53599e-10	
344	1.657500e-08	3.670957e-01	3.670972e-01	-1.54043e-10	

Index   time            v(bl0)          v(bl7)          vpre#branch     
--------------------------------------------------------------------------------
345	1.662500e-08	3.670513e-01	3.670528e-01	-1.54487e-10	
346	1.667500e-08	3.670071e-01	3.670086e-01	-1.54929e-10	
347	1.672500e-08	3.669631e-01	3.669646e-01	-1.55369e-10	
348	1.677500e-08	3.669192e-01	3.669206e-01	-1.55808e-10	
349	1.682500e-08	3.668754e-01	3.668768e-01	-1.56246e-10	
350	1.687500e-08	3.668317e-01	3.668332e-01	-1.56683e-10	
351	1.692500e-08	3.667882e-01	3.667896e-01	-1.57118e-10	
352	1.697500e-08	3.667447e-01	3.667462e-01	-1.57553e-10	
353	1.702500e-08	3.667015e-01	3.667029e-01	-1.57985e-10	
354	1.707500e-08	3.666583e-01	3.666598e-01	-1.58417e-10	
355	1.712500e-08	3.666153e-01	3.666168e-01	-1.58847e-10	
356	1.717500e-08	3.665724e-01	3.665739e-01	-1.59276e-10	
357	1.722500e-08	3.665297e-01	3.665311e-01	-1.59703e-10	
358	1.727500e-08	3.664870e-01	3.664885e-01	-1.60130e-10	
359	1.732500e-08	3.664445e-01	3.664460e-01	-1.60555e-10	
360	1.737500e-08	3.664022e-01	3.664036e-01	-1.60978e-10	
361	1.742500e-08	3.663599e-01	3.663613e-01	-1.61401e-10	
362	1.747500e-08	3.663178e-01	3.663192e-01	-1.61822e-10	
363	1.752500e-08	3.662758e-01	3.662772e-01	-1.62242e-10	
364	1.757500e-08	3.662339e-01	3.662353e-01	-1.62661e-10	
365	1.762500e-08	3.661922e-01	3.661936e-01	-1.63078e-10	
366	1.767500e-08	3.661505e-01	3.661519e-01	-1.63495e-10	
367	1.772500e-08	3.661090e-01	3.661104e-01	-1.63910e-10	
368	1.777500e-08	3.660677e-01	3.660691e-01	-1.64323e-10	
369	1.782500e-08	3.660264e-01	3.660278e-01	-1.64736e-10	
370	1.787500e-08	3.659853e-01	3.659867e-01	-1.65147e-10	
371	1.792500e-08	3.659443e-01	3.659456e-01	-1.65557e-10	
372	1.797500e-08	3.659034e-01	3.659047e-01	-1.65966e-10	
373	1.802500e-08	3.658626e-01	3.658640e-01	-1.66374e-10	
374	1.807500e-08	3.658219e-01	3.658233e-01	-1.66781e-10	
375	1.812500e-08	3.657814e-01	3.657828e-01	-1.67186e-10	
376	1.817500e-08	3.657410e-01	3.657423e-01	-1.67590e-10	
377	1.822500e-08	3.657007e-01	3.657020e-01	-1.67993e-10	
378	1.827500e-08	3.656605e-01	3.656619e-01	-1.68395e-10	
379	1.832500e-08	3.656205e-01	3.656218e-01	-1.68795e-10	
380	1.837500e-08	3.655805e-01	3.655818e-01	-1.69195e-10	
381	1.842500e-08	3.655407e-01	3.655420e-01	-1.69593e-10	
382	1.847500e-08	3.655010e-01	3.655023e-01	-1.69990e-10	
383	1.852500e-08	3.654614e-01	3.654627e-01	-1.70386e-10	
384	1.857500e-08	3.654219e-01	3.654232e-01	-1.70781e-10	
385	1.862500e-08	3.653825e-01	3.653839e-01	-1.71175e-10	
386	1.867500e-08	3.653433e-01	3.653446e-01	-1.71567e-10	
387	1.872500e-08	3.653041e-01	3.653055e-01	-1.71959e-10	
388	1.877500e-08	3.652651e-01	3.652664e-01	-1.72349e-10	
389	1.882500e-08	3.652262e-01	3.652275e-01	-1.72738e-10	
390	1.887500e-08	3.651874e-01	3.651887e-01	-1.73126e-10	
391	1.892500e-08	3.651487e-01	3.651500e-01	-1.73513e-10	
392	1.897500e-08	3.651101e-01	3.651114e-01	-1.73899e-10	
393	1.902500e-08	3.650717e-01	3.650730e-01	-1.74283e-10	
394	1.907500e-08	3.650333e-01	3.650346e-01	-1.74667e-10	
395	1.912500e-08	3.649951e-01	3.649964e-01	-1.75049e-10	
396	1.917500e-08	3.649570e-01	3.649582e-01	-1.75430e-10	
397	1.922500e-08	3.649189e-01	3.649202e-01	-1.75811e-10	
398	1.927500e-08	3.648810e-01	3.648823e-01	-1.76190e-10	
399	1.932500e-08	3.648432e-01	3.648445e-01	-1.76568e-10	
400	1.937500e-08	3.648055e-01	3.648068e-01	-1.76945e-10	
401	1.942500e-08	3.647679e-01	3.647692e-01	-1.77321e-10	
402	1.947500e-08	3.647305e-01	3.647317e-01	-1.77695e-10	

Index   time            v(bl0)          v(bl7)          vpre#branch     
--------------------------------------------------------------------------------
403	1.952500e-08	3.646931e-01	3.646943e-01	-1.78069e-10	
404	1.957500e-08	3.646558e-01	3.646571e-01	-1.78442e-10	
405	1.962500e-08	3.646187e-01	3.646199e-01	-1.78813e-10	
406	1.967500e-08	3.645816e-01	3.645828e-01	-1.79184e-10	
407	1.972500e-08	3.645446e-01	3.645459e-01	-1.79554e-10	
408	1.977500e-08	3.645078e-01	3.645090e-01	-1.79922e-10	
409	1.982500e-08	3.644711e-01	3.644723e-01	-1.80289e-10	
410	1.987500e-08	3.644344e-01	3.644357e-01	-1.80656e-10	
411	1.992500e-08	3.643979e-01	3.643991e-01	-1.81021e-10	
412	1.997500e-08	3.643615e-01	3.643627e-01	-1.81385e-10	
413	2.002500e-08	3.643251e-01	3.643264e-01	-1.81749e-10	
414	2.007500e-08	3.642889e-01	3.642901e-01	-1.82111e-10	
415	2.012500e-08	3.642528e-01	3.642540e-01	-1.82472e-10	
416	2.017500e-08	3.642168e-01	3.642180e-01	-1.82832e-10	
417	2.022500e-08	3.641808e-01	3.641821e-01	-1.83192e-10	
418	2.027500e-08	3.641450e-01	3.641462e-01	-1.83550e-10	
419	2.032500e-08	3.641093e-01	3.641105e-01	-1.83907e-10	
420	2.037500e-08	3.640737e-01	3.640749e-01	-1.84263e-10	
421	2.042500e-08	3.640382e-01	3.640394e-01	-1.84618e-10	
422	2.047500e-08	3.640028e-01	3.640039e-01	-1.84972e-10	
423	2.052500e-08	3.639674e-01	3.639686e-01	-1.85326e-10	
424	2.057500e-08	3.639322e-01	3.639334e-01	-1.85678e-10	
425	2.062500e-08	3.638971e-01	3.638983e-01	-1.86029e-10	
426	2.067500e-08	3.638621e-01	3.638632e-01	-1.86379e-10	
427	2.072500e-08	3.638271e-01	3.638283e-01	-1.86729e-10	
428	2.077500e-08	3.637923e-01	3.637935e-01	-1.87077e-10	
429	2.082500e-08	3.637576e-01	3.637587e-01	-1.87424e-10	
430	2.087500e-08	3.637229e-01	3.637241e-01	-1.87771e-10	
431	2.092500e-08	3.636884e-01	3.636896e-01	-1.88116e-10	
432	2.097500e-08	3.636540e-01	3.636551e-01	-1.88460e-10	
433	2.102500e-08	3.636196e-01	3.636208e-01	-1.88804e-10	
434	2.107500e-08	3.635854e-01	3.635865e-01	-1.89146e-10	
435	2.112500e-08	3.635512e-01	3.635523e-01	-1.89488e-10	
436	2.117500e-08	3.635171e-01	3.635183e-01	-1.89829e-10	
437	2.122500e-08	3.634832e-01	3.634843e-01	-1.90168e-10	
438	2.127500e-08	3.634493e-01	3.634504e-01	-1.90507e-10	
439	2.132500e-08	3.634155e-01	3.634166e-01	-1.90845e-10	
440	2.137500e-08	3.633818e-01	3.633829e-01	-1.91182e-10	
441	2.142500e-08	3.633482e-01	3.633493e-01	-1.91518e-10	
442	2.147500e-08	3.633147e-01	3.633158e-01	-1.91853e-10	
443	2.152500e-08	3.632813e-01	3.632824e-01	-1.92187e-10	
444	2.157500e-08	3.632480e-01	3.632491e-01	-1.92520e-10	
445	2.162500e-08	3.632147e-01	3.632158e-01	-1.92853e-10	
446	2.167500e-08	3.631816e-01	3.631827e-01	-1.93184e-10	
447	2.172500e-08	3.631485e-01	3.631496e-01	-1.93515e-10	
448	2.177500e-08	3.631156e-01	3.631167e-01	-1.93844e-10	
449	2.182500e-08	3.630827e-01	3.630838e-01	-1.94173e-10	
450	2.187500e-08	3.630499e-01	3.630510e-01	-1.94501e-10	
451	2.192500e-08	3.630172e-01	3.630183e-01	-1.94828e-10	
452	2.197500e-08	3.629846e-01	3.629857e-01	-1.95154e-10	
453	2.202500e-08	3.629521e-01	3.629532e-01	-1.95479e-10	
454	2.207500e-08	3.629197e-01	3.629208e-01	-1.95803e-10	
455	2.212500e-08	3.628873e-01	3.628884e-01	-1.96127e-10	
456	2.217500e-08	3.628551e-01	3.628562e-01	-1.96449e-10	
457	2.222500e-08	3.628229e-01	3.628240e-01	-1.96771e-10	
458	2.227500e-08	3.627908e-01	3.627919e-01	-1.97092e-10	
459	2.232500e-08	3.627589e-01	3.627599e-01	-1.97411e-10	
460	2.237500e-08	3.627269e-01	3.627280e-01	-1.97731e-10	

Index   time            v(bl0)          v(bl7)          vpre#branch     
--------------------------------------------------------------------------------
461	2.242500e-08	3.626951e-01	3.626962e-01	-1.98049e-10	
462	2.247500e-08	3.626634e-01	3.626645e-01	-1.98366e-10	
463	2.252500e-08	3.626317e-01	3.626328e-01	-1.98683e-10	
464	2.257500e-08	3.626002e-01	3.626012e-01	-1.98998e-10	
465	2.262500e-08	3.625687e-01	3.625698e-01	-1.99313e-10	
466	2.267500e-08	3.625373e-01	3.625384e-01	-1.99627e-10	
467	2.272500e-08	3.625060e-01	3.625070e-01	-1.99940e-10	
468	2.277500e-08	3.624748e-01	3.624758e-01	-2.00252e-10	
469	2.282500e-08	3.624436e-01	3.624447e-01	-2.00564e-10	
470	2.287500e-08	3.624126e-01	3.624136e-01	-2.00874e-10	
471	2.292500e-08	3.623816e-01	3.623826e-01	-2.01184e-10	
472	2.297500e-08	3.623507e-01	3.623517e-01	-2.01493e-10	
473	2.302500e-08	3.623199e-01	3.623209e-01	-2.01801e-10	
474	2.307500e-08	3.622891e-01	3.622902e-01	-2.02109e-10	
475	2.312500e-08	3.622585e-01	3.622595e-01	-2.02415e-10	
476	2.317500e-08	3.622279e-01	3.622289e-01	-2.02721e-10	
477	2.322500e-08	3.621974e-01	3.621984e-01	-2.03026e-10	
478	2.327500e-08	3.621670e-01	3.621680e-01	-2.03330e-10	
479	2.332500e-08	3.621367e-01	3.621377e-01	-2.03633e-10	
480	2.337500e-08	3.621064e-01	3.621075e-01	-2.03936e-10	
481	2.342500e-08	3.620763e-01	3.620773e-01	-2.04237e-10	
482	2.347500e-08	3.620462e-01	3.620472e-01	-2.04538e-10	
483	2.352500e-08	3.620162e-01	3.620172e-01	-2.04838e-10	
484	2.357500e-08	3.619862e-01	3.619872e-01	-2.05138e-10	
485	2.362500e-08	3.619564e-01	3.619574e-01	-2.05436e-10	
486	2.367500e-08	3.619266e-01	3.619276e-01	-2.05734e-10	
487	2.372500e-08	3.618969e-01	3.618979e-01	-2.06031e-10	
488	2.377500e-08	3.618673e-01	3.618683e-01	-2.06327e-10	
489	2.382500e-08	3.618378e-01	3.618387e-01	-2.06622e-10	
490	2.387500e-08	3.618083e-01	3.618093e-01	-2.06917e-10	
491	2.392500e-08	3.617789e-01	3.617799e-01	-2.07211e-10	
492	2.397500e-08	3.617496e-01	3.617506e-01	-2.07504e-10	
493	2.402500e-08	3.617204e-01	3.617213e-01	-2.07796e-10	
494	2.407500e-08	3.616912e-01	3.616922e-01	-2.08088e-10	
495	2.412500e-08	3.616621e-01	3.616631e-01	-2.08379e-10	
496	2.417500e-08	3.616331e-01	3.616341e-01	-2.08669e-10	
497	2.422500e-08	3.616042e-01	3.616052e-01	-2.08958e-10	
498	2.427500e-08	3.615753e-01	3.615763e-01	-2.09247e-10	
499	2.432500e-08	3.615465e-01	3.615475e-01	-2.09535e-10	
500	2.437500e-08	3.615178e-01	3.615188e-01	-2.09822e-10	
501	2.442500e-08	3.614892e-01	3.614902e-01	-2.10108e-10	
502	2.447500e-08	3.614606e-01	3.614616e-01	-2.10394e-10	
503	2.452500e-08	3.614322e-01	3.614331e-01	-2.10678e-10	
504	2.457500e-08	3.614037e-01	3.614047e-01	-2.10963e-10	
505	2.462500e-08	3.613754e-01	3.613764e-01	-2.11246e-10	
506	2.467500e-08	3.613471e-01	3.613481e-01	-2.11529e-10	
507	2.472500e-08	3.613189e-01	3.613199e-01	-2.11811e-10	
508	2.477500e-08	3.612908e-01	3.612918e-01	-2.12092e-10	
509	2.482500e-08	3.612628e-01	3.612637e-01	-2.12372e-10	
510	2.487500e-08	3.612348e-01	3.612357e-01	-2.12652e-10	
511	2.492500e-08	3.612069e-01	3.612078e-01	-2.12931e-10	
512	2.496250e-08	3.611860e-01	3.611869e-01	-2.13140e-10	
513	2.500000e-08	3.611652e-01	3.611661e-01	-2.13348e-10	


Total analysis time (seconds) = 0.160845

Total elapsed time (seconds) = 0.172 

Total DRAM available = 386307.215 MB.
DRAM currently available = 19328.258 MB.
Maximum ngspice program size =  529.848 MB.
Current ngspice program size =   14.344 MB.

Shared ngspice pages =   12.371 MB.
Text (code) pages =    6.266 MB.
Stack = 0 bytes.
Library pages =   59.266 MB.

