
Note: No compatibility mode selected!


Circuit: * id-vg sweep vds=0.3825v

Doing analysis at TEMP = 27.000000 and TNOM = 27.000000

Using SPARSE 1.3 as Direct Linear Solver

No. of Data Rows : 201

  Measurements for DC Analysis

ion                 =  -3.81979e-07 at=  7.65000e-01
ioff                =  -8.00552e-15

                           * id-vg sweep vds=0.3825v
                           DC transfer characteristic  Tue Jun 23 16:43:37  2026
--------------------------------------------------------------------------------
Index   v-sweep         vd#branch       
--------------------------------------------------------------------------------
0	0.000000e+00	-8.00552e-15	
1	3.825000e-03	-9.02519e-15	
2	7.650000e-03	-1.02511e-14	
3	1.147500e-02	-1.16436e-14	
4	1.530000e-02	-1.32253e-14	
5	1.912500e-02	-1.50218e-14	
6	2.295000e-02	-1.70623e-14	
7	2.677500e-02	-1.93800e-14	
8	3.060000e-02	-2.20125e-14	
9	3.442500e-02	-2.50027e-14	
10	3.825000e-02	-2.83990e-14	
11	4.207500e-02	-3.22566e-14	
12	4.590000e-02	-3.66383e-14	
13	4.972500e-02	-4.16151e-14	
14	5.355000e-02	-4.72680e-14	
15	5.737500e-02	-5.36888e-14	
16	6.120000e-02	-6.09817e-14	
17	6.502500e-02	-6.92654e-14	
18	6.885000e-02	-7.86742e-14	
19	7.267500e-02	-8.93611e-14	
20	7.650000e-02	-1.01500e-13	
21	8.032500e-02	-1.15287e-13	
22	8.415000e-02	-1.30947e-13	
23	8.797500e-02	-1.48735e-13	
24	9.180000e-02	-1.68939e-13	
25	9.562500e-02	-1.91887e-13	
26	9.945000e-02	-2.17952e-13	
27	1.032750e-01	-2.47558e-13	
28	1.071000e-01	-2.81186e-13	
29	1.109250e-01	-3.19381e-13	
30	1.147500e-01	-3.62765e-13	
31	1.185750e-01	-4.12041e-13	
32	1.224000e-01	-4.68012e-13	
33	1.262250e-01	-5.31584e-13	
34	1.300500e-01	-6.03793e-13	
35	1.338750e-01	-6.85809e-13	
36	1.377000e-01	-7.78967e-13	
37	1.415250e-01	-8.84778e-13	
38	1.453500e-01	-1.00496e-12	
39	1.491750e-01	-1.14147e-12	
40	1.530000e-01	-1.29652e-12	
41	1.568250e-01	-1.47263e-12	
42	1.606500e-01	-1.67266e-12	
43	1.644750e-01	-1.89986e-12	
44	1.683000e-01	-2.15792e-12	
45	1.721250e-01	-2.45104e-12	
46	1.759500e-01	-2.78396e-12	
47	1.797750e-01	-3.16210e-12	
48	1.836000e-01	-3.59160e-12	
49	1.874250e-01	-4.07943e-12	
50	1.912500e-01	-4.63352e-12	
51	1.950750e-01	-5.26285e-12	
52	1.989000e-01	-5.97766e-12	
53	2.027250e-01	-6.78953e-12	
54	2.065500e-01	-7.71165e-12	

Index   v-sweep         vd#branch       
--------------------------------------------------------------------------------
55	2.103750e-01	-8.75899e-12	
56	2.142000e-01	-9.94854e-12	
57	2.180250e-01	-1.12996e-11	
58	2.218500e-01	-1.28341e-11	
59	2.256750e-01	-1.45769e-11	
60	2.295000e-01	-1.65563e-11	
61	2.333250e-01	-1.88043e-11	
62	2.371500e-01	-2.13575e-11	
63	2.409750e-01	-2.42572e-11	
64	2.448000e-01	-2.75503e-11	
65	2.486250e-01	-3.12901e-11	
66	2.524500e-01	-3.55372e-11	
67	2.562750e-01	-4.03604e-11	
68	2.601000e-01	-4.58375e-11	
69	2.639250e-01	-5.20570e-11	
70	2.677500e-01	-5.91193e-11	
71	2.715750e-01	-6.71384e-11	
72	2.754000e-01	-7.62434e-11	
73	2.792250e-01	-8.65810e-11	
74	2.830500e-01	-9.83172e-11	
75	2.868750e-01	-1.11641e-10	
76	2.907000e-01	-1.26764e-10	
77	2.945250e-01	-1.43931e-10	
78	2.983500e-01	-1.64629e-10	
79	3.021750e-01	-1.86902e-10	
80	3.060000e-01	-2.12174e-10	
81	3.098250e-01	-2.40845e-10	
82	3.136500e-01	-2.73367e-10	
83	3.174750e-01	-3.10252e-10	
84	3.213000e-01	-3.52077e-10	
85	3.251250e-01	-3.99490e-10	
86	3.289500e-01	-4.53227e-10	
87	3.327750e-01	-5.14112e-10	
88	3.366000e-01	-5.83074e-10	
89	3.404250e-01	-6.61156e-10	
90	3.442500e-01	-7.49526e-10	
91	3.480750e-01	-8.49494e-10	
92	3.519000e-01	-9.62523e-10	
93	3.557250e-01	-1.09024e-09	
94	3.595500e-01	-1.23447e-09	
95	3.633750e-01	-1.39721e-09	
96	3.672000e-01	-1.58069e-09	
97	3.710250e-01	-1.78737e-09	
98	3.748500e-01	-2.01994e-09	
99	3.786750e-01	-2.28134e-09	
100	3.825000e-01	-2.57477e-09	
101	3.863250e-01	-2.90372e-09	
102	3.901500e-01	-3.27189e-09	
103	3.939750e-01	-3.68329e-09	
104	3.978000e-01	-4.14214e-09	
105	4.016250e-01	-4.65290e-09	
106	4.054500e-01	-5.22022e-09	
107	4.092750e-01	-5.84889e-09	
108	4.131000e-01	-6.54381e-09	
109	4.169250e-01	-7.30992e-09	
110	4.207500e-01	-8.15214e-09	
111	4.245750e-01	-9.07528e-09	
112	4.284000e-01	-1.00840e-08	

Index   v-sweep         vd#branch       
--------------------------------------------------------------------------------
113	4.322250e-01	-1.11826e-08	
114	4.360500e-01	-1.23752e-08	
115	4.398750e-01	-1.36654e-08	
116	4.437000e-01	-1.50566e-08	
117	4.475250e-01	-1.65513e-08	
118	4.513500e-01	-1.81519e-08	
119	4.551750e-01	-1.98601e-08	
120	4.590000e-01	-2.16771e-08	
121	4.628250e-01	-2.36036e-08	
122	4.666500e-01	-2.56398e-08	
123	4.704750e-01	-2.77855e-08	
124	4.743000e-01	-3.00400e-08	
125	4.781250e-01	-3.24023e-08	
126	4.819500e-01	-3.48710e-08	
127	4.857750e-01	-3.74446e-08	
128	4.896000e-01	-4.01212e-08	
129	4.934250e-01	-4.28987e-08	
130	4.972500e-01	-4.57749e-08	
131	5.010750e-01	-4.86996e-08	
132	5.049000e-01	-5.17675e-08	
133	5.087250e-01	-5.49267e-08	
134	5.125500e-01	-5.81749e-08	
135	5.163750e-01	-6.15096e-08	
136	5.202000e-01	-6.49281e-08	
137	5.240250e-01	-6.84279e-08	
138	5.278500e-01	-7.20065e-08	
139	5.316750e-01	-7.56614e-08	
140	5.355000e-01	-7.93902e-08	
141	5.393250e-01	-8.31906e-08	
142	5.431500e-01	-8.70602e-08	
143	5.469750e-01	-9.09967e-08	
144	5.508000e-01	-9.49981e-08	
145	5.546250e-01	-9.90622e-08	
146	5.584500e-01	-1.03187e-07	
147	5.622750e-01	-1.07370e-07	
148	5.661000e-01	-1.11611e-07	
149	5.699250e-01	-1.15906e-07	
150	5.737500e-01	-1.20255e-07	
151	5.775750e-01	-1.24655e-07	
152	5.814000e-01	-1.29106e-07	
153	5.852250e-01	-1.33605e-07	
154	5.890500e-01	-1.38151e-07	
155	5.928750e-01	-1.42743e-07	
156	5.967000e-01	-1.47379e-07	
157	6.005250e-01	-1.52059e-07	
158	6.043500e-01	-1.56780e-07	
159	6.081750e-01	-1.61542e-07	
160	6.120000e-01	-1.66344e-07	
161	6.158250e-01	-1.71184e-07	
162	6.196500e-01	-1.76062e-07	
163	6.234750e-01	-1.80976e-07	
164	6.273000e-01	-1.85926e-07	
165	6.311250e-01	-1.90911e-07	
166	6.349500e-01	-1.95929e-07	
167	6.387750e-01	-2.00980e-07	
168	6.426000e-01	-2.06064e-07	
169	6.464250e-01	-2.11179e-07	
170	6.502500e-01	-2.16325e-07	

Index   v-sweep         vd#branch       
--------------------------------------------------------------------------------
171	6.540750e-01	-2.21500e-07	
172	6.579000e-01	-2.26705e-07	
173	6.617250e-01	-2.31938e-07	
174	6.655500e-01	-2.37199e-07	
175	6.693750e-01	-2.42488e-07	
176	6.732000e-01	-2.47803e-07	
177	6.770250e-01	-2.53144e-07	
178	6.808500e-01	-2.58510e-07	
179	6.846750e-01	-2.63901e-07	
180	6.885000e-01	-2.69317e-07	
181	6.923250e-01	-2.74756e-07	
182	6.961500e-01	-2.80218e-07	
183	6.999750e-01	-2.85703e-07	
184	7.038000e-01	-2.91211e-07	
185	7.076250e-01	-2.96740e-07	
186	7.114500e-01	-3.02290e-07	
187	7.152750e-01	-3.07861e-07	
188	7.191000e-01	-3.13452e-07	
189	7.229250e-01	-3.19063e-07	
190	7.267500e-01	-3.24694e-07	
191	7.305750e-01	-3.30344e-07	
192	7.344000e-01	-3.36012e-07	
193	7.382250e-01	-3.41698e-07	
194	7.420500e-01	-3.47402e-07	
195	7.458750e-01	-3.53124e-07	
196	7.497000e-01	-3.58862e-07	
197	7.535250e-01	-3.64617e-07	
198	7.573500e-01	-3.70389e-07	
199	7.611750e-01	-3.76176e-07	
200	7.650000e-01	-3.81979e-07	


Total analysis time (seconds) = 0.0741254

Total elapsed time (seconds) = 0.083 

Total DRAM available = 386307.215 MB.
DRAM currently available = 19500.637 MB.
Maximum ngspice program size =  529.727 MB.
Current ngspice program size =   14.082 MB.

Shared ngspice pages =   12.312 MB.
Text (code) pages =    6.266 MB.
Stack = 0 bytes.
Library pages =   59.145 MB.

