
Note: No compatibility mode selected!


Circuit: * 1t1c ccell=20.0ff

Warning: Model issue on line 7 :
  .model nfet bsimcmg_va type=1 bulkmod=0 bulkmod=0 igcmod=0 igbmod=0 gidl ...
unrecognized parameter (sasatcv) - ignored

Doing analysis at TEMP = 27.000000 and TNOM = 27.000000

Using SPARSE 1.3 as Direct Linear Solver

Initial Transient Solution
--------------------------

Node                                   Voltage
----                                   -------
pre                                     0.4125
bl                                      0.4125
wl                                           0
plate                                        0
s                                            0
cell                                         0
vs#branch                                    0
vpl#branch                                   0
vwl#branch                                   0
vpre#branch                                  0


No. of Data Rows : 832

  Measurements for Transient Analysis


Error: measure  t_read  find(AT) : out of interval
 .measure tran t_read find time when v(cell)=0.412500 cross=1 from=12n to=23n failed!

t_write             =  1.90106e-09
i_hold              =  -4.86073e-10 from=  2.50000e-08 to=  3.50250e-08
q_read              =   1.53904e-19 from=  1.20000e-08 to=  2.20000e-08

                              * 1t1c ccell=20.0ff
                              Transient Analysis  Tue Jun 23 21:17:23  2026
--------------------------------------------------------------------------------
Index   time            v(cell)         v(bl)           vpre#branch     
--------------------------------------------------------------------------------
0	0.000000e+00	0.000000e+00	4.125000e-01	0.000000e+00	
1	5.000000e-13	4.794318e-10	4.124995e-01	-5.28844e-15	
2	1.000000e-12	9.587628e-10	4.124991e-01	-9.34952e-15	
3	2.000000e-12	1.917378e-09	4.124983e-01	-1.74700e-14	
4	4.000000e-12	3.834570e-09	4.124966e-01	-3.37005e-14	
5	8.000000e-12	7.668974e-09	4.124934e-01	-6.61204e-14	
6	1.600000e-11	1.533775e-08	4.124869e-01	-1.30796e-13	
7	3.200000e-11	3.067525e-08	4.124741e-01	-2.59491e-13	
8	6.400000e-11	6.134998e-08	4.124486e-01	-5.14281e-13	
9	1.140000e-10	1.092786e-07	4.124094e-01	-9.05547e-13	
10	1.640000e-10	1.572064e-07	4.123711e-01	-1.28861e-12	
11	2.140000e-10	2.051335e-07	4.123336e-01	-1.66365e-12	
12	2.640000e-10	2.530597e-07	4.122969e-01	-2.03082e-12	
13	3.140000e-10	3.009853e-07	4.122610e-01	-2.39029e-12	
14	3.640000e-10	3.489100e-07	4.122258e-01	-2.74223e-12	
15	4.140000e-10	3.968341e-07	4.121913e-01	-3.08679e-12	
16	4.640000e-10	4.447574e-07	4.121576e-01	-3.42413e-12	
17	5.140000e-10	4.926801e-07	4.121246e-01	-3.75440e-12	
18	5.640000e-10	5.406021e-07	4.120922e-01	-4.07774e-12	
19	6.140000e-10	5.885234e-07	4.120606e-01	-4.39431e-12	
20	6.640000e-10	6.364440e-07	4.120296e-01	-4.70424e-12	
21	7.140000e-10	6.843640e-07	4.119992e-01	-5.00767e-12	
22	7.640000e-10	7.322834e-07	4.119695e-01	-5.30474e-12	
23	8.140000e-10	7.802021e-07	4.119404e-01	-5.59558e-12	
24	8.640000e-10	8.281203e-07	4.119120e-01	-5.88033e-12	
25	9.140000e-10	8.760378e-07	4.118841e-01	-6.15910e-12	
26	9.570000e-10	9.172464e-07	4.118606e-01	-6.39417e-12	
27	1.000000e-09	9.584546e-07	4.118375e-01	-6.62499e-12	
28	1.005000e-09	4.121239e-03	4.118351e-01	-6.64901e-12	
29	1.015000e-09	1.236152e-02	4.118312e-01	-6.68806e-12	
30	1.035000e-09	2.884206e-02	4.118278e-01	-6.72159e-12	
31	1.075000e-09	6.180314e-02	4.118323e-01	-6.67660e-12	
32	1.125000e-09	1.030045e-01	4.118463e-01	-6.53749e-12	
33	1.175000e-09	1.442058e-01	4.118606e-01	-6.39354e-12	
34	1.225000e-09	1.854072e-01	4.118742e-01	-6.25759e-12	
35	1.275000e-09	2.266085e-01	4.118874e-01	-6.12592e-12	
36	1.325000e-09	2.678098e-01	4.119003e-01	-5.99744e-12	
37	1.375000e-09	3.090112e-01	4.119128e-01	-5.87177e-12	
38	1.425000e-09	3.502125e-01	4.119251e-01	-5.74876e-12	
39	1.475000e-09	3.914139e-01	4.119372e-01	-5.62834e-12	
40	1.525000e-09	4.326152e-01	4.119490e-01	-5.51045e-12	
41	1.575000e-09	4.738166e-01	4.119605e-01	-5.39503e-12	
42	1.625000e-09	5.150179e-01	4.119718e-01	-5.28202e-12	
43	1.675000e-09	5.562192e-01	4.119829e-01	-5.17138e-12	
44	1.725000e-09	5.974206e-01	4.119937e-01	-5.06306e-12	
45	1.775000e-09	6.386219e-01	4.120043e-01	-4.95701e-12	
46	1.825000e-09	6.798233e-01	4.120147e-01	-4.85318e-12	
47	1.875000e-09	7.210246e-01	4.120248e-01	-4.75152e-12	
48	1.925000e-09	7.622260e-01	4.120348e-01	-4.65200e-12	
49	1.962500e-09	7.931270e-01	4.120421e-01	-4.57872e-12	
50	2.000000e-09	8.240280e-01	4.120493e-01	-4.50660e-12	
51	2.005000e-09	8.240278e-01	4.120503e-01	-4.49708e-12	
52	2.015000e-09	8.240278e-01	4.120522e-01	-4.47808e-12	
53	2.035000e-09	8.240278e-01	4.120560e-01	-4.44033e-12	
54	2.075000e-09	8.240278e-01	4.120634e-01	-4.36576e-12	

Index   time            v(cell)         v(bl)           vpre#branch     
--------------------------------------------------------------------------------
55	2.125000e-09	8.240278e-01	4.120726e-01	-4.27432e-12	
56	2.175000e-09	8.240278e-01	4.120815e-01	-4.18478e-12	
57	2.225000e-09	8.240278e-01	4.120903e-01	-4.09713e-12	
58	2.275000e-09	8.240278e-01	4.120989e-01	-4.01131e-12	
59	2.325000e-09	8.240278e-01	4.121073e-01	-3.92729e-12	
60	2.375000e-09	8.240278e-01	4.121155e-01	-3.84502e-12	
61	2.425000e-09	8.240278e-01	4.121236e-01	-3.76448e-12	
62	2.475000e-09	8.240278e-01	4.121314e-01	-3.68563e-12	
63	2.525000e-09	8.240278e-01	4.121392e-01	-3.60843e-12	
64	2.575000e-09	8.240278e-01	4.121467e-01	-3.53285e-12	
65	2.625000e-09	8.240278e-01	4.121541e-01	-3.45884e-12	
66	2.675000e-09	8.240278e-01	4.121614e-01	-3.38639e-12	
67	2.725000e-09	8.240278e-01	4.121685e-01	-3.31546e-12	
68	2.775000e-09	8.240278e-01	4.121754e-01	-3.24601e-12	
69	2.825000e-09	8.240278e-01	4.121822e-01	-3.17802e-12	
70	2.875000e-09	8.240278e-01	4.121889e-01	-3.11145e-12	
71	2.925000e-09	8.240278e-01	4.121954e-01	-3.04628e-12	
72	2.975000e-09	8.240278e-01	4.122018e-01	-2.98247e-12	
73	3.025000e-09	8.240278e-01	4.122080e-01	-2.92000e-12	
74	3.075000e-09	8.240278e-01	4.122141e-01	-2.85883e-12	
75	3.125000e-09	8.240278e-01	4.122201e-01	-2.79895e-12	
76	3.175000e-09	8.240278e-01	4.122260e-01	-2.74032e-12	
77	3.225000e-09	8.240278e-01	4.122317e-01	-2.68292e-12	
78	3.275000e-09	8.240278e-01	4.122373e-01	-2.62672e-12	
79	3.325000e-09	8.240278e-01	4.122428e-01	-2.57170e-12	
80	3.375000e-09	8.240278e-01	4.122482e-01	-2.51783e-12	
81	3.425000e-09	8.240278e-01	4.122535e-01	-2.46509e-12	
82	3.475000e-09	8.240278e-01	4.122587e-01	-2.41346e-12	
83	3.525000e-09	8.240278e-01	4.122637e-01	-2.36290e-12	
84	3.575000e-09	8.240278e-01	4.122687e-01	-2.31341e-12	
85	3.625000e-09	8.240278e-01	4.122735e-01	-2.26495e-12	
86	3.675000e-09	8.240278e-01	4.122782e-01	-2.21750e-12	
87	3.725000e-09	8.240278e-01	4.122829e-01	-2.17105e-12	
88	3.775000e-09	8.240278e-01	4.122874e-01	-2.12558e-12	
89	3.825000e-09	8.240278e-01	4.122919e-01	-2.08105e-12	
90	3.875000e-09	8.240278e-01	4.122963e-01	-2.03746e-12	
91	3.925000e-09	8.240278e-01	4.123005e-01	-1.99478e-12	
92	3.975000e-09	8.240278e-01	4.123047e-01	-1.95300e-12	
93	4.025000e-09	8.240278e-01	4.123088e-01	-1.91209e-12	
94	4.075000e-09	8.240278e-01	4.123128e-01	-1.87204e-12	
95	4.125000e-09	8.240278e-01	4.123167e-01	-1.83282e-12	
96	4.175000e-09	8.240278e-01	4.123206e-01	-1.79443e-12	
97	4.225000e-09	8.240278e-01	4.123243e-01	-1.75684e-12	
98	4.275000e-09	8.240278e-01	4.123280e-01	-1.72004e-12	
99	4.325000e-09	8.240278e-01	4.123316e-01	-1.68401e-12	
100	4.375000e-09	8.240278e-01	4.123351e-01	-1.64874e-12	
101	4.425000e-09	8.240278e-01	4.123386e-01	-1.61420e-12	
102	4.475000e-09	8.240278e-01	4.123420e-01	-1.58039e-12	
103	4.525000e-09	8.240278e-01	4.123453e-01	-1.54728e-12	
104	4.575000e-09	8.240278e-01	4.123485e-01	-1.51487e-12	
105	4.625000e-09	8.240278e-01	4.123517e-01	-1.48314e-12	
106	4.675000e-09	8.240278e-01	4.123548e-01	-1.45207e-12	
107	4.725000e-09	8.240278e-01	4.123578e-01	-1.42166e-12	
108	4.775000e-09	8.240278e-01	4.123608e-01	-1.39188e-12	
109	4.825000e-09	8.240278e-01	4.123637e-01	-1.36272e-12	
110	4.875000e-09	8.240278e-01	4.123666e-01	-1.33417e-12	
111	4.925000e-09	8.240278e-01	4.123694e-01	-1.30623e-12	
112	4.975000e-09	8.240278e-01	4.123721e-01	-1.27886e-12	

Index   time            v(cell)         v(bl)           vpre#branch     
--------------------------------------------------------------------------------
113	5.025000e-09	8.240278e-01	4.123748e-01	-1.25208e-12	
114	5.075000e-09	8.240278e-01	4.123774e-01	-1.22585e-12	
115	5.125000e-09	8.240278e-01	4.123800e-01	-1.20017e-12	
116	5.175000e-09	8.240278e-01	4.123825e-01	-1.17503e-12	
117	5.225000e-09	8.240278e-01	4.123850e-01	-1.15041e-12	
118	5.275000e-09	8.240278e-01	4.123874e-01	-1.12632e-12	
119	5.325000e-09	8.240278e-01	4.123897e-01	-1.10272e-12	
120	5.375000e-09	8.240278e-01	4.123920e-01	-1.07962e-12	
121	5.425000e-09	8.240278e-01	4.123943e-01	-1.05701e-12	
122	5.475000e-09	8.240278e-01	4.123965e-01	-1.03486e-12	
123	5.525000e-09	8.240278e-01	4.123987e-01	-1.01319e-12	
124	5.575000e-09	8.240278e-01	4.124008e-01	-9.91962e-13	
125	5.625000e-09	8.240278e-01	4.124029e-01	-9.71183e-13	
126	5.675000e-09	8.240278e-01	4.124049e-01	-9.50839e-13	
127	5.725000e-09	8.240278e-01	4.124069e-01	-9.30920e-13	
128	5.775000e-09	8.240278e-01	4.124089e-01	-9.11419e-13	
129	5.825000e-09	8.240278e-01	4.124108e-01	-8.92327e-13	
130	5.875000e-09	8.240278e-01	4.124126e-01	-8.73634e-13	
131	5.925000e-09	8.240278e-01	4.124145e-01	-8.55333e-13	
132	5.975000e-09	8.240278e-01	4.124163e-01	-8.37416e-13	
133	6.025000e-09	8.240278e-01	4.124180e-01	-8.19873e-13	
134	6.075000e-09	8.240278e-01	4.124197e-01	-8.02698e-13	
135	6.125000e-09	8.240278e-01	4.124214e-01	-7.85883e-13	
136	6.175000e-09	8.240278e-01	4.124231e-01	-7.69420e-13	
137	6.225000e-09	8.240278e-01	4.124247e-01	-7.53302e-13	
138	6.275000e-09	8.240278e-01	4.124262e-01	-7.37521e-13	
139	6.325000e-09	8.240278e-01	4.124278e-01	-7.22071e-13	
140	6.375000e-09	8.240278e-01	4.124293e-01	-7.06945e-13	
141	6.425000e-09	8.240278e-01	4.124308e-01	-6.92135e-13	
142	6.475000e-09	8.240278e-01	4.124322e-01	-6.77636e-13	
143	6.525000e-09	8.240278e-01	4.124337e-01	-6.63440e-13	
144	6.575000e-09	8.240278e-01	4.124350e-01	-6.49542e-13	
145	6.625000e-09	8.240278e-01	4.124364e-01	-6.35934e-13	
146	6.675000e-09	8.240278e-01	4.124377e-01	-6.22612e-13	
147	6.725000e-09	8.240278e-01	4.124390e-01	-6.09569e-13	
148	6.775000e-09	8.240278e-01	4.124403e-01	-5.96799e-13	
149	6.825000e-09	8.240278e-01	4.124416e-01	-5.84297e-13	
150	6.875000e-09	8.240278e-01	4.124428e-01	-5.72056e-13	
151	6.925000e-09	8.240278e-01	4.124440e-01	-5.60072e-13	
152	6.962500e-09	8.240278e-01	4.124449e-01	-5.51249e-13	
153	7.000000e-09	8.240278e-01	4.124457e-01	-5.42565e-13	
154	7.005000e-09	8.034264e-01	4.124459e-01	-5.41419e-13	
155	7.015000e-09	7.622251e-01	4.124461e-01	-5.39131e-13	
156	7.035000e-09	6.798224e-01	4.124465e-01	-5.34584e-13	
157	7.067500e-09	5.459180e-01	4.124473e-01	-5.27278e-13	
158	7.100000e-09	4.120137e-01	4.124480e-01	-5.20072e-13	
159	7.105000e-09	4.120144e-01	4.124481e-01	-5.18974e-13	
160	7.115000e-09	4.120144e-01	4.124483e-01	-5.16781e-13	
161	7.135000e-09	4.120144e-01	4.124488e-01	-5.12424e-13	
162	7.175000e-09	4.120144e-01	4.124496e-01	-5.03819e-13	
163	7.225000e-09	4.120144e-01	4.124507e-01	-4.93266e-13	
164	7.275000e-09	4.120144e-01	4.124517e-01	-4.82935e-13	
165	7.325000e-09	4.120144e-01	4.124527e-01	-4.72819e-13	
166	7.375000e-09	4.120144e-01	4.124537e-01	-4.62915e-13	
167	7.425000e-09	4.120144e-01	4.124547e-01	-4.53219e-13	
168	7.475000e-09	4.120144e-01	4.124556e-01	-4.43726e-13	
169	7.525000e-09	4.120144e-01	4.124566e-01	-4.34432e-13	
170	7.575000e-09	4.120144e-01	4.124575e-01	-4.25332e-13	

Index   time            v(cell)         v(bl)           vpre#branch     
--------------------------------------------------------------------------------
171	7.625000e-09	4.120144e-01	4.124584e-01	-4.16423e-13	
172	7.675000e-09	4.120144e-01	4.124592e-01	-4.07701e-13	
173	7.725000e-09	4.120144e-01	4.124601e-01	-3.99161e-13	
174	7.775000e-09	4.120144e-01	4.124609e-01	-3.90801e-13	
175	7.825000e-09	4.120144e-01	4.124617e-01	-3.82615e-13	
176	7.875000e-09	4.120144e-01	4.124625e-01	-3.74601e-13	
177	7.925000e-09	4.120144e-01	4.124633e-01	-3.66754e-13	
178	7.975000e-09	4.120144e-01	4.124641e-01	-3.59072e-13	
179	8.025000e-09	4.120144e-01	4.124648e-01	-3.51551e-13	
180	8.075000e-09	4.120144e-01	4.124656e-01	-3.44188e-13	
181	8.125000e-09	4.120144e-01	4.124663e-01	-3.36979e-13	
182	8.175000e-09	4.120144e-01	4.124670e-01	-3.29920e-13	
183	8.225000e-09	4.120144e-01	4.124677e-01	-3.23010e-13	
184	8.275000e-09	4.120144e-01	4.124684e-01	-3.16244e-13	
185	8.325000e-09	4.120144e-01	4.124690e-01	-3.09620e-13	
186	8.375000e-09	4.120144e-01	4.124697e-01	-3.03135e-13	
187	8.425000e-09	4.120144e-01	4.124703e-01	-2.96785e-13	
188	8.475000e-09	4.120144e-01	4.124709e-01	-2.90569e-13	
189	8.525000e-09	4.120144e-01	4.124716e-01	-2.84483e-13	
190	8.575000e-09	4.120144e-01	4.124721e-01	-2.78524e-13	
191	8.625000e-09	4.120144e-01	4.124727e-01	-2.72690e-13	
192	8.675000e-09	4.120144e-01	4.124733e-01	-2.66978e-13	
193	8.725000e-09	4.120144e-01	4.124739e-01	-2.61386e-13	
194	8.775000e-09	4.120144e-01	4.124744e-01	-2.55911e-13	
195	8.825000e-09	4.120144e-01	4.124749e-01	-2.50551e-13	
196	8.875000e-09	4.120144e-01	4.124755e-01	-2.45303e-13	
197	8.925000e-09	4.120144e-01	4.124760e-01	-2.40165e-13	
198	8.975000e-09	4.120144e-01	4.124765e-01	-2.35135e-13	
199	9.025000e-09	4.120144e-01	4.124770e-01	-2.30210e-13	
200	9.075000e-09	4.120144e-01	4.124775e-01	-2.25388e-13	
201	9.125000e-09	4.120144e-01	4.124779e-01	-2.20667e-13	
202	9.175000e-09	4.120144e-01	4.124784e-01	-2.16045e-13	
203	9.225000e-09	4.120144e-01	4.124788e-01	-2.11519e-13	
204	9.275000e-09	4.120144e-01	4.124793e-01	-2.07089e-13	
205	9.325000e-09	4.120144e-01	4.124797e-01	-2.02751e-13	
206	9.375000e-09	4.120144e-01	4.124801e-01	-1.98505e-13	
207	9.425000e-09	4.120144e-01	4.124806e-01	-1.94347e-13	
208	9.475000e-09	4.120144e-01	4.124810e-01	-1.90276e-13	
209	9.525000e-09	4.120144e-01	4.124814e-01	-1.86291e-13	
210	9.575000e-09	4.120144e-01	4.124818e-01	-1.82389e-13	
211	9.625000e-09	4.120144e-01	4.124821e-01	-1.78568e-13	
212	9.675000e-09	4.120144e-01	4.124825e-01	-1.74828e-13	
213	9.725000e-09	4.120144e-01	4.124829e-01	-1.71166e-13	
214	9.775000e-09	4.120144e-01	4.124832e-01	-1.67581e-13	
215	9.825000e-09	4.120144e-01	4.124836e-01	-1.64071e-13	
216	9.875000e-09	4.120144e-01	4.124839e-01	-1.60634e-13	
217	9.925000e-09	4.120144e-01	4.124843e-01	-1.57270e-13	
218	9.975000e-09	4.120144e-01	4.124846e-01	-1.53975e-13	
219	1.002500e-08	4.120144e-01	4.124849e-01	-1.50750e-13	
220	1.007500e-08	4.120144e-01	4.124852e-01	-1.47593e-13	
221	1.012500e-08	4.120144e-01	4.124855e-01	-1.44501e-13	
222	1.017500e-08	4.120144e-01	4.124859e-01	-1.41475e-13	
223	1.022500e-08	4.120144e-01	4.124861e-01	-1.38511e-13	
224	1.027500e-08	4.120144e-01	4.124864e-01	-1.35610e-13	
225	1.032500e-08	4.120144e-01	4.124867e-01	-1.32770e-13	
226	1.037500e-08	4.120144e-01	4.124870e-01	-1.29989e-13	
227	1.042500e-08	4.120144e-01	4.124873e-01	-1.27266e-13	
228	1.047500e-08	4.120144e-01	4.124875e-01	-1.24600e-13	

Index   time            v(cell)         v(bl)           vpre#branch     
--------------------------------------------------------------------------------
229	1.052500e-08	4.120144e-01	4.124878e-01	-1.21991e-13	
230	1.057500e-08	4.120144e-01	4.124881e-01	-1.19435e-13	
231	1.062500e-08	4.120144e-01	4.124883e-01	-1.16934e-13	
232	1.067500e-08	4.120144e-01	4.124886e-01	-1.14484e-13	
233	1.072500e-08	4.120144e-01	4.124888e-01	-1.12087e-13	
234	1.077500e-08	4.120144e-01	4.124890e-01	-1.09739e-13	
235	1.082500e-08	4.120144e-01	4.124893e-01	-1.07440e-13	
236	1.087500e-08	4.120144e-01	4.124895e-01	-1.05190e-13	
237	1.092500e-08	4.120144e-01	4.124897e-01	-1.02987e-13	
238	1.096250e-08	4.120144e-01	4.124899e-01	-1.01365e-13	
239	1.100000e-08	4.120144e-01	4.124900e-01	-9.97680e-14	
240	1.100500e-08	4.120191e-01	4.166061e-01	4.106068e-11	
241	1.101500e-08	4.120288e-01	4.248208e-01	1.232077e-10	
242	1.103500e-08	4.120483e-01	4.411463e-01	2.864628e-10	
243	1.107500e-08	4.120872e-01	4.733861e-01	6.088610e-10	
244	1.112500e-08	4.121359e-01	5.129262e-01	1.004262e-09	
245	1.117500e-08	4.121846e-01	5.516380e-01	1.391380e-09	
246	1.122500e-08	4.122332e-01	5.895390e-01	1.770390e-09	
247	1.127500e-08	4.122819e-01	6.266461e-01	2.141461e-09	
248	1.132500e-08	4.123305e-01	6.629758e-01	2.504758e-09	
249	1.137500e-08	4.123792e-01	6.985440e-01	2.860440e-09	
250	1.142500e-08	4.124279e-01	7.333654e-01	3.208654e-09	
251	1.147500e-08	4.124765e-01	7.674513e-01	3.549513e-09	
252	1.152500e-08	4.125252e-01	8.008022e-01	3.883022e-09	
253	1.157500e-08	4.125741e-01	8.333424e-01	4.208424e-09	
254	1.162500e-08	4.126235e-01	8.648160e-01	4.523160e-09	
255	1.167500e-08	4.126746e-01	8.943559e-01	4.818559e-09	
256	1.172500e-08	4.127317e-01	9.189768e-01	5.064768e-09	
257	1.177500e-08	4.128080e-01	9.290784e-01	5.165784e-09	
258	1.182500e-08	4.129407e-01	8.974945e-01	4.849945e-09	
259	1.187500e-08	4.132067e-01	7.663783e-01	3.538783e-09	
260	1.192500e-08	4.136704e-01	4.886853e-01	7.618534e-10	
261	1.196250e-08	4.139053e-01	4.129750e-01	4.749996e-12	
262	1.200000e-08	4.140278e-01	4.190273e-01	6.527304e-11	
263	1.200500e-08	4.140363e-01	4.157392e-01	3.239237e-11	
264	1.201500e-08	4.140421e-01	4.134983e-01	9.982765e-12	
265	1.203500e-08	4.140398e-01	4.143624e-01	1.862390e-11	
266	1.207500e-08	4.140413e-01	4.137890e-01	1.289036e-11	
267	1.212500e-08	4.140401e-01	4.142416e-01	1.741647e-11	
268	1.217500e-08	4.140410e-01	4.138735e-01	1.373522e-11	
269	1.222500e-08	4.140402e-01	4.141738e-01	1.673844e-11	
270	1.227500e-08	4.140408e-01	4.139293e-01	1.429334e-11	
271	1.232500e-08	4.140402e-01	4.141287e-01	1.628701e-11	
272	1.237500e-08	4.140406e-01	4.139663e-01	1.466288e-11	
273	1.242500e-08	4.140402e-01	4.140987e-01	1.598660e-11	
274	1.247500e-08	4.140404e-01	4.139908e-01	1.490763e-11	
275	1.252500e-08	4.140402e-01	4.140787e-01	1.578671e-11	
276	1.257500e-08	4.140403e-01	4.140070e-01	1.506971e-11	
277	1.262500e-08	4.140401e-01	4.140654e-01	1.565366e-11	
278	1.267500e-08	4.140402e-01	4.140177e-01	1.517700e-11	
279	1.272500e-08	4.140401e-01	4.140565e-01	1.556503e-11	
280	1.277500e-08	4.140401e-01	4.140248e-01	1.524794e-11	
281	1.282500e-08	4.140400e-01	4.140506e-01	1.550592e-11	
282	1.287500e-08	4.140400e-01	4.140295e-01	1.529477e-11	
283	1.292500e-08	4.140400e-01	4.140466e-01	1.546640e-11	
284	1.297500e-08	4.140400e-01	4.140326e-01	1.532561e-11	
285	1.302500e-08	4.140399e-01	4.140440e-01	1.543990e-11	
286	1.307500e-08	4.140399e-01	4.140346e-01	1.534582e-11	

Index   time            v(cell)         v(bl)           vpre#branch     
--------------------------------------------------------------------------------
287	1.312500e-08	4.140398e-01	4.140422e-01	1.542204e-11	
288	1.317500e-08	4.140398e-01	4.140359e-01	1.535899e-11	
289	1.322500e-08	4.140397e-01	4.140410e-01	1.540992e-11	
290	1.327500e-08	4.140397e-01	4.140367e-01	1.536748e-11	
291	1.332500e-08	4.140397e-01	4.140402e-01	1.540161e-11	
292	1.337500e-08	4.140396e-01	4.140373e-01	1.537287e-11	
293	1.342500e-08	4.140396e-01	4.140396e-01	1.539583e-11	
294	1.347500e-08	4.140396e-01	4.140376e-01	1.537620e-11	
295	1.352500e-08	4.140395e-01	4.140392e-01	1.539173e-11	
296	1.357500e-08	4.140395e-01	4.140378e-01	1.537815e-11	
297	1.362500e-08	4.140394e-01	4.140389e-01	1.538874e-11	
298	1.367500e-08	4.140394e-01	4.140379e-01	1.537920e-11	
299	1.372500e-08	4.140394e-01	4.140386e-01	1.538650e-11	
300	1.377500e-08	4.140393e-01	4.140380e-01	1.537965e-11	
301	1.382500e-08	4.140393e-01	4.140385e-01	1.538474e-11	
302	1.387500e-08	4.140392e-01	4.140380e-01	1.537969e-11	
303	1.392500e-08	4.140392e-01	4.140383e-01	1.538332e-11	
304	1.397500e-08	4.140392e-01	4.140379e-01	1.537947e-11	
305	1.402500e-08	4.140391e-01	4.140382e-01	1.538211e-11	
306	1.407500e-08	4.140391e-01	4.140379e-01	1.537907e-11	
307	1.412500e-08	4.140391e-01	4.140381e-01	1.538104e-11	
308	1.417500e-08	4.140390e-01	4.140379e-01	1.537856e-11	
309	1.422500e-08	4.140390e-01	4.140380e-01	1.538007e-11	
310	1.427500e-08	4.140389e-01	4.140378e-01	1.537796e-11	
311	1.432500e-08	4.140389e-01	4.140379e-01	1.537916e-11	
312	1.437500e-08	4.140389e-01	4.140377e-01	1.537731e-11	
313	1.442500e-08	4.140388e-01	4.140378e-01	1.537830e-11	
314	1.447500e-08	4.140388e-01	4.140377e-01	1.537663e-11	
315	1.452500e-08	4.140387e-01	4.140377e-01	1.537746e-11	
316	1.457500e-08	4.140387e-01	4.140376e-01	1.537593e-11	
317	1.462500e-08	4.140387e-01	4.140377e-01	1.537665e-11	
318	1.467500e-08	4.140386e-01	4.140375e-01	1.537521e-11	
319	1.472500e-08	4.140386e-01	4.140376e-01	1.537584e-11	
320	1.477500e-08	4.140386e-01	4.140374e-01	1.537448e-11	
321	1.482500e-08	4.140385e-01	4.140375e-01	1.537505e-11	
322	1.487500e-08	4.140385e-01	4.140374e-01	1.537374e-11	
323	1.492500e-08	4.140384e-01	4.140374e-01	1.537426e-11	
324	1.497500e-08	4.140384e-01	4.140373e-01	1.537300e-11	
325	1.502500e-08	4.140384e-01	4.140373e-01	1.537347e-11	
326	1.507500e-08	4.140383e-01	4.140372e-01	1.537225e-11	
327	1.512500e-08	4.140383e-01	4.140373e-01	1.537269e-11	
328	1.517500e-08	4.140383e-01	4.140372e-01	1.537150e-11	
329	1.522500e-08	4.140382e-01	4.140372e-01	1.537191e-11	
330	1.527500e-08	4.140382e-01	4.140371e-01	1.537075e-11	
331	1.532500e-08	4.140381e-01	4.140371e-01	1.537113e-11	
332	1.537500e-08	4.140381e-01	4.140370e-01	1.537000e-11	
333	1.542500e-08	4.140381e-01	4.140370e-01	1.537035e-11	
334	1.547500e-08	4.140380e-01	4.140369e-01	1.536925e-11	
335	1.552500e-08	4.140380e-01	4.140370e-01	1.536958e-11	
336	1.557500e-08	4.140379e-01	4.140368e-01	1.536850e-11	
337	1.562500e-08	4.140379e-01	4.140369e-01	1.536880e-11	
338	1.567500e-08	4.140379e-01	4.140368e-01	1.536775e-11	
339	1.572500e-08	4.140378e-01	4.140368e-01	1.536803e-11	
340	1.577500e-08	4.140378e-01	4.140367e-01	1.536699e-11	
341	1.582500e-08	4.140378e-01	4.140367e-01	1.536725e-11	
342	1.587500e-08	4.140377e-01	4.140366e-01	1.536624e-11	
343	1.592500e-08	4.140377e-01	4.140366e-01	1.536648e-11	
344	1.597500e-08	4.140376e-01	4.140365e-01	1.536549e-11	

Index   time            v(cell)         v(bl)           vpre#branch     
--------------------------------------------------------------------------------
345	1.602500e-08	4.140376e-01	4.140366e-01	1.536570e-11	
346	1.607500e-08	4.140376e-01	4.140365e-01	1.536473e-11	
347	1.612500e-08	4.140375e-01	4.140365e-01	1.536493e-11	
348	1.617500e-08	4.140375e-01	4.140364e-01	1.536398e-11	
349	1.622500e-08	4.140374e-01	4.140364e-01	1.536416e-11	
350	1.627500e-08	4.140374e-01	4.140363e-01	1.536322e-11	
351	1.632500e-08	4.140374e-01	4.140363e-01	1.536338e-11	
352	1.637500e-08	4.140373e-01	4.140362e-01	1.536247e-11	
353	1.642500e-08	4.140373e-01	4.140363e-01	1.536261e-11	
354	1.647500e-08	4.140373e-01	4.140362e-01	1.536171e-11	
355	1.652500e-08	4.140372e-01	4.140362e-01	1.536184e-11	
356	1.657500e-08	4.140372e-01	4.140361e-01	1.536095e-11	
357	1.662500e-08	4.140371e-01	4.140361e-01	1.536107e-11	
358	1.667500e-08	4.140371e-01	4.140360e-01	1.536020e-11	
359	1.672500e-08	4.140371e-01	4.140360e-01	1.536029e-11	
360	1.677500e-08	4.140370e-01	4.140359e-01	1.535944e-11	
361	1.682500e-08	4.140370e-01	4.140360e-01	1.535952e-11	
362	1.687500e-08	4.140370e-01	4.140359e-01	1.535868e-11	
363	1.692500e-08	4.140369e-01	4.140359e-01	1.535875e-11	
364	1.697500e-08	4.140369e-01	4.140358e-01	1.535793e-11	
365	1.702500e-08	4.140368e-01	4.140358e-01	1.535798e-11	
366	1.707500e-08	4.140368e-01	4.140357e-01	1.535717e-11	
367	1.712500e-08	4.140368e-01	4.140357e-01	1.535721e-11	
368	1.717500e-08	4.140367e-01	4.140356e-01	1.535641e-11	
369	1.722500e-08	4.140367e-01	4.140356e-01	1.535644e-11	
370	1.727500e-08	4.140366e-01	4.140356e-01	1.535566e-11	
371	1.732500e-08	4.140366e-01	4.140356e-01	1.535567e-11	
372	1.737500e-08	4.140366e-01	4.140355e-01	1.535490e-11	
373	1.742500e-08	4.140365e-01	4.140355e-01	1.535490e-11	
374	1.747500e-08	4.140365e-01	4.140354e-01	1.535414e-11	
375	1.752500e-08	4.140365e-01	4.140354e-01	1.535413e-11	
376	1.757500e-08	4.140364e-01	4.140353e-01	1.535338e-11	
377	1.762500e-08	4.140364e-01	4.140353e-01	1.535336e-11	
378	1.767500e-08	4.140363e-01	4.140353e-01	1.535263e-11	
379	1.772500e-08	4.140363e-01	4.140353e-01	1.535259e-11	
380	1.777500e-08	4.140363e-01	4.140352e-01	1.535187e-11	
381	1.782500e-08	4.140362e-01	4.140352e-01	1.535182e-11	
382	1.787500e-08	4.140362e-01	4.140351e-01	1.535111e-11	
383	1.792500e-08	4.140361e-01	4.140351e-01	1.535105e-11	
384	1.797500e-08	4.140361e-01	4.140350e-01	1.535035e-11	
385	1.802500e-08	4.140361e-01	4.140350e-01	1.535028e-11	
386	1.807500e-08	4.140360e-01	4.140350e-01	1.534959e-11	
387	1.812500e-08	4.140360e-01	4.140350e-01	1.534952e-11	
388	1.817500e-08	4.140360e-01	4.140349e-01	1.534883e-11	
389	1.822500e-08	4.140359e-01	4.140349e-01	1.534875e-11	
390	1.827500e-08	4.140359e-01	4.140348e-01	1.534808e-11	
391	1.832500e-08	4.140358e-01	4.140348e-01	1.534798e-11	
392	1.837500e-08	4.140358e-01	4.140347e-01	1.534732e-11	
393	1.842500e-08	4.140358e-01	4.140347e-01	1.534721e-11	
394	1.847500e-08	4.140357e-01	4.140347e-01	1.534656e-11	
395	1.852500e-08	4.140357e-01	4.140346e-01	1.534644e-11	
396	1.857500e-08	4.140357e-01	4.140346e-01	1.534580e-11	
397	1.862500e-08	4.140356e-01	4.140346e-01	1.534568e-11	
398	1.867500e-08	4.140356e-01	4.140345e-01	1.534504e-11	
399	1.872500e-08	4.140355e-01	4.140345e-01	1.534491e-11	
400	1.877500e-08	4.140355e-01	4.140344e-01	1.534428e-11	
401	1.882500e-08	4.140355e-01	4.140344e-01	1.534414e-11	
402	1.887500e-08	4.140354e-01	4.140344e-01	1.534352e-11	

Index   time            v(cell)         v(bl)           vpre#branch     
--------------------------------------------------------------------------------
403	1.892500e-08	4.140354e-01	4.140343e-01	1.534338e-11	
404	1.897500e-08	4.140353e-01	4.140343e-01	1.534276e-11	
405	1.902500e-08	4.140353e-01	4.140343e-01	1.534261e-11	
406	1.907500e-08	4.140353e-01	4.140342e-01	1.534200e-11	
407	1.912500e-08	4.140352e-01	4.140342e-01	1.534184e-11	
408	1.917500e-08	4.140352e-01	4.140341e-01	1.534124e-11	
409	1.922500e-08	4.140352e-01	4.140341e-01	1.534108e-11	
410	1.927500e-08	4.140351e-01	4.140340e-01	1.534048e-11	
411	1.932500e-08	4.140351e-01	4.140340e-01	1.534031e-11	
412	1.937500e-08	4.140350e-01	4.140340e-01	1.533972e-11	
413	1.942500e-08	4.140350e-01	4.140340e-01	1.533954e-11	
414	1.947500e-08	4.140350e-01	4.140339e-01	1.533896e-11	
415	1.952500e-08	4.140349e-01	4.140339e-01	1.533878e-11	
416	1.957500e-08	4.140349e-01	4.140338e-01	1.533820e-11	
417	1.962500e-08	4.140349e-01	4.140338e-01	1.533801e-11	
418	1.967500e-08	4.140348e-01	4.140337e-01	1.533744e-11	
419	1.972500e-08	4.140348e-01	4.140337e-01	1.533725e-11	
420	1.977500e-08	4.140347e-01	4.140337e-01	1.533668e-11	
421	1.982500e-08	4.140347e-01	4.140336e-01	1.533648e-11	
422	1.987500e-08	4.140347e-01	4.140336e-01	1.533592e-11	
423	1.992500e-08	4.140346e-01	4.140336e-01	1.533571e-11	
424	1.997500e-08	4.140346e-01	4.140335e-01	1.533516e-11	
425	2.002500e-08	4.140345e-01	4.140335e-01	1.533495e-11	
426	2.007500e-08	4.140345e-01	4.140334e-01	1.533440e-11	
427	2.012500e-08	4.140345e-01	4.140334e-01	1.533418e-11	
428	2.017500e-08	4.140344e-01	4.140334e-01	1.533364e-11	
429	2.022500e-08	4.140344e-01	4.140333e-01	1.533342e-11	
430	2.027500e-08	4.140344e-01	4.140333e-01	1.533288e-11	
431	2.032500e-08	4.140343e-01	4.140333e-01	1.533265e-11	
432	2.037500e-08	4.140343e-01	4.140332e-01	1.533212e-11	
433	2.042500e-08	4.140342e-01	4.140332e-01	1.533189e-11	
434	2.047500e-08	4.140342e-01	4.140331e-01	1.533136e-11	
435	2.052500e-08	4.140342e-01	4.140331e-01	1.533112e-11	
436	2.057500e-08	4.140341e-01	4.140331e-01	1.533060e-11	
437	2.062500e-08	4.140341e-01	4.140330e-01	1.533036e-11	
438	2.067500e-08	4.140340e-01	4.140330e-01	1.532984e-11	
439	2.072500e-08	4.140340e-01	4.140330e-01	1.532959e-11	
440	2.077500e-08	4.140340e-01	4.140329e-01	1.532908e-11	
441	2.082500e-08	4.140339e-01	4.140329e-01	1.532883e-11	
442	2.087500e-08	4.140339e-01	4.140328e-01	1.532832e-11	
443	2.092500e-08	4.140339e-01	4.140328e-01	1.532807e-11	
444	2.097500e-08	4.140338e-01	4.140328e-01	1.532756e-11	
445	2.102500e-08	4.140338e-01	4.140327e-01	1.532730e-11	
446	2.107500e-08	4.140337e-01	4.140327e-01	1.532680e-11	
447	2.112500e-08	4.140337e-01	4.140327e-01	1.532654e-11	
448	2.117500e-08	4.140337e-01	4.140326e-01	1.532604e-11	
449	2.122500e-08	4.140336e-01	4.140326e-01	1.532577e-11	
450	2.127500e-08	4.140336e-01	4.140325e-01	1.532528e-11	
451	2.132500e-08	4.140336e-01	4.140325e-01	1.532501e-11	
452	2.137500e-08	4.140335e-01	4.140325e-01	1.532452e-11	
453	2.142500e-08	4.140335e-01	4.140324e-01	1.532425e-11	
454	2.147500e-08	4.140334e-01	4.140324e-01	1.532376e-11	
455	2.152500e-08	4.140334e-01	4.140323e-01	1.532348e-11	
456	2.157500e-08	4.140334e-01	4.140323e-01	1.532300e-11	
457	2.162500e-08	4.140333e-01	4.140323e-01	1.532272e-11	
458	2.167500e-08	4.140333e-01	4.140322e-01	1.532224e-11	
459	2.172500e-08	4.140332e-01	4.140322e-01	1.532195e-11	
460	2.177500e-08	4.140332e-01	4.140321e-01	1.532148e-11	

Index   time            v(cell)         v(bl)           vpre#branch     
--------------------------------------------------------------------------------
461	2.182500e-08	4.140332e-01	4.140321e-01	1.532119e-11	
462	2.187500e-08	4.140331e-01	4.140321e-01	1.532072e-11	
463	2.192500e-08	4.140331e-01	4.140320e-01	1.532043e-11	
464	2.196250e-08	4.140331e-01	4.140320e-01	1.532005e-11	
465	2.200000e-08	4.140330e-01	4.140320e-01	1.531985e-11	
466	2.200500e-08	4.140190e-01	4.122757e-01	-2.24295e-12	
467	2.201500e-08	4.139851e-01	4.109224e-01	-1.57759e-11	
468	2.203500e-08	4.139120e-01	4.109926e-01	-1.50744e-11	
469	2.207500e-08	4.137786e-01	4.094866e-01	-3.01335e-11	
470	2.212500e-08	4.136304e-01	4.074768e-01	-5.02323e-11	
471	2.217500e-08	4.135091e-01	4.021128e-01	-1.03872e-10	
472	2.222500e-08	4.134104e-01	3.920548e-01	-2.04452e-10	
473	2.227500e-08	4.133302e-01	3.740353e-01	-3.84647e-10	
474	2.232500e-08	4.132609e-01	3.496537e-01	-6.28463e-10	
475	2.237500e-08	4.131979e-01	3.213966e-01	-9.11034e-10	
476	2.242500e-08	4.131385e-01	2.909524e-01	-1.21548e-09	
477	2.247500e-08	4.130817e-01	2.592529e-01	-1.53247e-09	
478	2.252500e-08	4.130265e-01	2.268390e-01	-1.85661e-09	
479	2.257500e-08	4.129727e-01	1.940514e-01	-2.18449e-09	
480	2.262500e-08	4.129200e-01	1.611201e-01	-2.51380e-09	
481	2.267500e-08	4.128681e-01	1.282102e-01	-2.84290e-09	
482	2.272500e-08	4.128168e-01	9.544522e-02	-3.17055e-09	
483	2.277500e-08	4.127661e-01	6.289178e-02	-3.49608e-09	
484	2.282500e-08	4.127159e-01	3.063225e-02	-3.81868e-09	
485	2.287500e-08	4.126660e-01	-1.21552e-03	-4.13716e-09	
486	2.292500e-08	4.126164e-01	-3.26268e-02	-4.45127e-09	
487	2.296250e-08	4.125794e-01	-5.58873e-02	-4.68387e-09	
488	2.300000e-08	4.125425e-01	-7.88620e-02	-4.91362e-09	
489	2.300500e-08	4.125423e-01	-7.77836e-02	-4.90284e-09	
490	2.301500e-08	4.125422e-01	-7.56339e-02	-4.88134e-09	
491	2.303500e-08	4.125420e-01	-7.13767e-02	-4.83877e-09	
492	2.307500e-08	4.125417e-01	-6.30162e-02	-4.75516e-09	
493	2.312500e-08	4.125415e-01	-5.28311e-02	-4.65331e-09	
494	2.317500e-08	4.125412e-01	-4.29179e-02	-4.55418e-09	
495	2.322500e-08	4.125411e-01	-3.32547e-02	-4.45755e-09	
496	2.327500e-08	4.125410e-01	-2.38247e-02	-4.36325e-09	
497	2.332500e-08	4.125409e-01	-1.46168e-02	-4.27117e-09	
498	2.337500e-08	4.125408e-01	-5.61973e-03	-4.18120e-09	
499	2.342500e-08	4.125408e-01	3.177073e-03	-4.09323e-09	
500	2.347500e-08	4.125407e-01	1.178075e-02	-4.00719e-09	
501	2.352500e-08	4.125407e-01	2.019751e-02	-3.92302e-09	
502	2.357500e-08	4.125407e-01	2.843285e-02	-3.84067e-09	
503	2.362500e-08	4.125407e-01	3.649177e-02	-3.76008e-09	
504	2.367500e-08	4.125407e-01	4.437887e-02	-3.68121e-09	
505	2.372500e-08	4.125406e-01	5.209843e-02	-3.60402e-09	
506	2.377500e-08	4.125406e-01	5.965448e-02	-3.52846e-09	
507	2.382500e-08	4.125406e-01	6.705084e-02	-3.45449e-09	
508	2.387500e-08	4.125406e-01	7.429116e-02	-3.38209e-09	
509	2.392500e-08	4.125406e-01	8.137895e-02	-3.31121e-09	
510	2.397500e-08	4.125406e-01	8.831758e-02	-3.24182e-09	
511	2.402500e-08	4.125406e-01	9.511032e-02	-3.17390e-09	
512	2.407500e-08	4.125406e-01	1.017603e-01	-3.10740e-09	
513	2.412500e-08	4.125406e-01	1.082707e-01	-3.04229e-09	
514	2.417500e-08	4.125406e-01	1.146444e-01	-2.97856e-09	
515	2.422500e-08	4.125406e-01	1.208844e-01	-2.91616e-09	
516	2.427500e-08	4.125406e-01	1.269935e-01	-2.85507e-09	
517	2.432500e-08	4.125406e-01	1.329745e-01	-2.79526e-09	
518	2.437500e-08	4.125406e-01	1.388300e-01	-2.73670e-09	

Index   time            v(cell)         v(bl)           vpre#branch     
--------------------------------------------------------------------------------
519	2.442500e-08	4.125406e-01	1.445629e-01	-2.67937e-09	
520	2.447500e-08	4.125406e-01	1.501755e-01	-2.62324e-09	
521	2.452500e-08	4.125406e-01	1.556705e-01	-2.56829e-09	
522	2.457500e-08	4.125406e-01	1.610504e-01	-2.51450e-09	
523	2.462500e-08	4.125406e-01	1.663175e-01	-2.46182e-09	
524	2.467500e-08	4.125406e-01	1.714743e-01	-2.41026e-09	
525	2.472500e-08	4.125406e-01	1.765230e-01	-2.35977e-09	
526	2.477500e-08	4.125406e-01	1.814660e-01	-2.31034e-09	
527	2.482500e-08	4.125406e-01	1.863053e-01	-2.26195e-09	
528	2.487500e-08	4.125406e-01	1.910433e-01	-2.21457e-09	
529	2.492500e-08	4.125406e-01	1.956821e-01	-2.16818e-09	
530	2.497500e-08	4.125406e-01	2.002236e-01	-2.12276e-09	
531	2.502500e-08	4.125406e-01	2.046700e-01	-2.07830e-09	
532	2.507500e-08	4.125406e-01	2.090233e-01	-2.03477e-09	
533	2.512500e-08	4.125406e-01	2.132854e-01	-1.99215e-09	
534	2.517500e-08	4.125406e-01	2.174582e-01	-1.95042e-09	
535	2.522500e-08	4.125406e-01	2.215436e-01	-1.90956e-09	
536	2.527500e-08	4.125406e-01	2.255434e-01	-1.86957e-09	
537	2.532500e-08	4.125406e-01	2.294594e-01	-1.83041e-09	
538	2.537500e-08	4.125406e-01	2.332934e-01	-1.79207e-09	
539	2.542500e-08	4.125406e-01	2.370471e-01	-1.75453e-09	
540	2.547500e-08	4.125406e-01	2.407221e-01	-1.71778e-09	
541	2.552500e-08	4.125406e-01	2.443202e-01	-1.68180e-09	
542	2.557500e-08	4.125406e-01	2.478429e-01	-1.64657e-09	
543	2.562500e-08	4.125406e-01	2.512918e-01	-1.61208e-09	
544	2.567500e-08	4.125406e-01	2.546685e-01	-1.57831e-09	
545	2.572500e-08	4.125406e-01	2.579745e-01	-1.54526e-09	
546	2.577500e-08	4.125406e-01	2.612112e-01	-1.51289e-09	
547	2.582500e-08	4.125406e-01	2.643801e-01	-1.48120e-09	
548	2.587500e-08	4.125406e-01	2.674826e-01	-1.45017e-09	
549	2.592500e-08	4.125406e-01	2.705201e-01	-1.41980e-09	
550	2.597500e-08	4.125406e-01	2.734940e-01	-1.39006e-09	
551	2.602500e-08	4.125406e-01	2.764057e-01	-1.36094e-09	
552	2.607500e-08	4.125406e-01	2.792563e-01	-1.33244e-09	
553	2.612500e-08	4.125406e-01	2.820472e-01	-1.30453e-09	
554	2.617500e-08	4.125406e-01	2.847797e-01	-1.27720e-09	
555	2.622500e-08	4.125406e-01	2.874549e-01	-1.25045e-09	
556	2.627500e-08	4.125406e-01	2.900741e-01	-1.22426e-09	
557	2.632500e-08	4.125406e-01	2.926384e-01	-1.19862e-09	
558	2.637500e-08	4.125406e-01	2.951491e-01	-1.17351e-09	
559	2.642500e-08	4.125406e-01	2.976071e-01	-1.14893e-09	
560	2.647500e-08	4.125406e-01	3.000136e-01	-1.12486e-09	
561	2.652500e-08	4.125406e-01	3.023698e-01	-1.10130e-09	
562	2.657500e-08	4.125406e-01	3.046766e-01	-1.07823e-09	
563	2.662500e-08	4.125406e-01	3.069350e-01	-1.05565e-09	
564	2.667500e-08	4.125406e-01	3.091462e-01	-1.03354e-09	
565	2.672500e-08	4.125406e-01	3.113110e-01	-1.01189e-09	
566	2.677500e-08	4.125406e-01	3.134305e-01	-9.90695e-10	
567	2.682500e-08	4.125406e-01	3.155056e-01	-9.69944e-10	
568	2.687500e-08	4.125406e-01	3.175373e-01	-9.49627e-10	
569	2.692500e-08	4.125406e-01	3.195264e-01	-9.29736e-10	
570	2.697500e-08	4.125406e-01	3.214738e-01	-9.10262e-10	
571	2.702500e-08	4.125406e-01	3.233804e-01	-8.91196e-10	
572	2.707500e-08	4.125406e-01	3.252471e-01	-8.72529e-10	
573	2.712500e-08	4.125406e-01	3.270747e-01	-8.54253e-10	
574	2.717500e-08	4.125406e-01	3.288640e-01	-8.36360e-10	
575	2.722500e-08	4.125406e-01	3.306159e-01	-8.18841e-10	
576	2.727500e-08	4.125406e-01	3.323310e-01	-8.01690e-10	

Index   time            v(cell)         v(bl)           vpre#branch     
--------------------------------------------------------------------------------
577	2.732500e-08	4.125406e-01	3.340102e-01	-7.84898e-10	
578	2.737500e-08	4.125406e-01	3.356543e-01	-7.68457e-10	
579	2.742500e-08	4.125406e-01	3.372639e-01	-7.52361e-10	
580	2.747500e-08	4.125406e-01	3.388398e-01	-7.36602e-10	
581	2.752500e-08	4.125406e-01	3.403827e-01	-7.21173e-10	
582	2.757500e-08	4.125406e-01	3.418932e-01	-7.06068e-10	
583	2.762500e-08	4.125406e-01	3.433722e-01	-6.91278e-10	
584	2.767500e-08	4.125406e-01	3.448201e-01	-6.76799e-10	
585	2.772500e-08	4.125406e-01	3.462377e-01	-6.62623e-10	
586	2.777500e-08	4.125406e-01	3.476257e-01	-6.48743e-10	
587	2.782500e-08	4.125406e-01	3.489845e-01	-6.35155e-10	
588	2.787500e-08	4.125406e-01	3.503149e-01	-6.21851e-10	
589	2.792500e-08	4.125406e-01	3.516174e-01	-6.08826e-10	
590	2.797500e-08	4.125406e-01	3.528927e-01	-5.96073e-10	
591	2.802500e-08	4.125406e-01	3.541412e-01	-5.83588e-10	
592	2.807500e-08	4.125406e-01	3.553636e-01	-5.71364e-10	
593	2.812500e-08	4.125406e-01	3.565604e-01	-5.59396e-10	
594	2.817500e-08	4.125406e-01	3.577321e-01	-5.47679e-10	
595	2.822500e-08	4.125406e-01	3.588792e-01	-5.36208e-10	
596	2.827500e-08	4.125406e-01	3.600024e-01	-5.24976e-10	
597	2.832500e-08	4.125406e-01	3.611020e-01	-5.13980e-10	
598	2.837500e-08	4.125406e-01	3.621786e-01	-5.03214e-10	
599	2.842500e-08	4.125406e-01	3.632326e-01	-4.92674e-10	
600	2.847500e-08	4.125406e-01	3.642646e-01	-4.82354e-10	
601	2.852500e-08	4.125406e-01	3.652749e-01	-4.72251e-10	
602	2.857500e-08	4.125406e-01	3.662641e-01	-4.62359e-10	
603	2.862500e-08	4.125406e-01	3.672325e-01	-4.52675e-10	
604	2.867500e-08	4.125406e-01	3.681807e-01	-4.43193e-10	
605	2.872500e-08	4.125406e-01	3.691090e-01	-4.33910e-10	
606	2.877500e-08	4.125406e-01	3.700179e-01	-4.24821e-10	
607	2.882500e-08	4.125406e-01	3.709077e-01	-4.15923e-10	
608	2.887500e-08	4.125406e-01	3.717789e-01	-4.07211e-10	
609	2.892500e-08	4.125406e-01	3.726318e-01	-3.98682e-10	
610	2.897500e-08	4.125406e-01	3.734669e-01	-3.90331e-10	
611	2.902500e-08	4.125406e-01	3.742845e-01	-3.82155e-10	
612	2.907500e-08	4.125406e-01	3.750850e-01	-3.74150e-10	
613	2.912500e-08	4.125406e-01	3.758687e-01	-3.66313e-10	
614	2.917500e-08	4.125406e-01	3.766359e-01	-3.58641e-10	
615	2.922500e-08	4.125406e-01	3.773871e-01	-3.51129e-10	
616	2.927500e-08	4.125406e-01	3.781226e-01	-3.43774e-10	
617	2.932500e-08	4.125406e-01	3.788427e-01	-3.36573e-10	
618	2.937500e-08	4.125406e-01	3.795477e-01	-3.29523e-10	
619	2.942500e-08	4.125406e-01	3.802379e-01	-3.22621e-10	
620	2.947500e-08	4.125406e-01	3.809136e-01	-3.15864e-10	
621	2.952500e-08	4.125406e-01	3.815752e-01	-3.09248e-10	
622	2.957500e-08	4.125406e-01	3.822230e-01	-3.02770e-10	
623	2.962500e-08	4.125406e-01	3.828572e-01	-2.96428e-10	
624	2.967500e-08	4.125406e-01	3.834781e-01	-2.90219e-10	
625	2.972500e-08	4.125406e-01	3.840860e-01	-2.84140e-10	
626	2.977500e-08	4.125406e-01	3.846811e-01	-2.78189e-10	
627	2.982500e-08	4.125406e-01	3.852638e-01	-2.72362e-10	
628	2.987500e-08	4.125406e-01	3.858343e-01	-2.66657e-10	
629	2.992500e-08	4.125406e-01	3.863928e-01	-2.61072e-10	
630	2.997500e-08	4.125406e-01	3.869397e-01	-2.55603e-10	
631	3.002500e-08	4.125406e-01	3.874751e-01	-2.50249e-10	
632	3.007500e-08	4.125406e-01	3.879992e-01	-2.45008e-10	
633	3.012500e-08	4.125406e-01	3.885124e-01	-2.39876e-10	
634	3.017500e-08	4.125406e-01	3.890149e-01	-2.34851e-10	

Index   time            v(cell)         v(bl)           vpre#branch     
--------------------------------------------------------------------------------
635	3.022500e-08	4.125406e-01	3.895068e-01	-2.29932e-10	
636	3.027500e-08	4.125406e-01	3.899884e-01	-2.25116e-10	
637	3.032500e-08	4.125406e-01	3.904599e-01	-2.20401e-10	
638	3.037500e-08	4.125406e-01	3.909216e-01	-2.15784e-10	
639	3.042500e-08	4.125406e-01	3.913736e-01	-2.11264e-10	
640	3.047500e-08	4.125406e-01	3.918161e-01	-2.06839e-10	
641	3.052500e-08	4.125406e-01	3.922493e-01	-2.02507e-10	
642	3.057500e-08	4.125406e-01	3.926735e-01	-1.98265e-10	
643	3.062500e-08	4.125406e-01	3.930888e-01	-1.94112e-10	
644	3.067500e-08	4.125406e-01	3.934954e-01	-1.90046e-10	
645	3.072500e-08	4.125406e-01	3.938934e-01	-1.86066e-10	
646	3.077500e-08	4.125406e-01	3.942832e-01	-1.82168e-10	
647	3.082500e-08	4.125406e-01	3.946647e-01	-1.78353e-10	
648	3.087500e-08	4.125406e-01	3.950383e-01	-1.74617e-10	
649	3.092500e-08	4.125406e-01	3.954041e-01	-1.70959e-10	
650	3.097500e-08	4.125406e-01	3.957622e-01	-1.67378e-10	
651	3.102500e-08	4.125406e-01	3.961127e-01	-1.63873e-10	
652	3.107500e-08	4.125406e-01	3.964560e-01	-1.60440e-10	
653	3.112500e-08	4.125406e-01	3.967921e-01	-1.57079e-10	
654	3.117500e-08	4.125406e-01	3.971211e-01	-1.53789e-10	
655	3.122500e-08	4.125406e-01	3.974432e-01	-1.50568e-10	
656	3.127500e-08	4.125406e-01	3.977586e-01	-1.47414e-10	
657	3.132500e-08	4.125406e-01	3.980673e-01	-1.44327e-10	
658	3.137500e-08	4.125406e-01	3.983697e-01	-1.41303e-10	
659	3.142500e-08	4.125406e-01	3.986656e-01	-1.38344e-10	
660	3.147500e-08	4.125406e-01	3.989554e-01	-1.35446e-10	
661	3.152500e-08	4.125406e-01	3.992391e-01	-1.32609e-10	
662	3.157500e-08	4.125406e-01	3.995169e-01	-1.29831e-10	
663	3.162500e-08	4.125406e-01	3.997888e-01	-1.27112e-10	
664	3.167500e-08	4.125406e-01	4.000551e-01	-1.24449e-10	
665	3.172500e-08	4.125406e-01	4.003157e-01	-1.21843e-10	
666	3.177500e-08	4.125406e-01	4.005709e-01	-1.19291e-10	
667	3.182500e-08	4.125406e-01	4.008208e-01	-1.16792e-10	
668	3.187500e-08	4.125406e-01	4.010654e-01	-1.14346e-10	
669	3.192500e-08	4.125406e-01	4.013049e-01	-1.11951e-10	
670	3.197500e-08	4.125406e-01	4.015394e-01	-1.09606e-10	
671	3.202500e-08	4.125406e-01	4.017690e-01	-1.07310e-10	
672	3.207500e-08	4.125406e-01	4.019938e-01	-1.05062e-10	
673	3.212500e-08	4.125406e-01	4.022139e-01	-1.02861e-10	
674	3.217500e-08	4.125406e-01	4.024293e-01	-1.00707e-10	
675	3.222500e-08	4.125406e-01	4.026402e-01	-9.85976e-11	
676	3.227500e-08	4.125406e-01	4.028468e-01	-9.65323e-11	
677	3.232500e-08	4.125406e-01	4.030490e-01	-9.45104e-11	
678	3.237500e-08	4.125406e-01	4.032469e-01	-9.25308e-11	
679	3.242500e-08	4.125406e-01	4.034407e-01	-9.05926e-11	
680	3.247500e-08	4.125406e-01	4.036305e-01	-8.86951e-11	
681	3.252500e-08	4.125406e-01	4.038163e-01	-8.68373e-11	
682	3.257500e-08	4.125406e-01	4.039982e-01	-8.50184e-11	
683	3.262500e-08	4.125406e-01	4.041762e-01	-8.32376e-11	
684	3.267500e-08	4.125406e-01	4.043506e-01	-8.14941e-11	
685	3.272500e-08	4.125406e-01	4.045213e-01	-7.97871e-11	
686	3.277500e-08	4.125406e-01	4.046884e-01	-7.81159e-11	
687	3.282500e-08	4.125406e-01	4.048520e-01	-7.64797e-11	
688	3.287500e-08	4.125406e-01	4.050122e-01	-7.48778e-11	
689	3.292500e-08	4.125406e-01	4.051691e-01	-7.33094e-11	
690	3.297500e-08	4.125406e-01	4.053226e-01	-7.17738e-11	
691	3.302500e-08	4.125406e-01	4.054730e-01	-7.02705e-11	
692	3.307500e-08	4.125406e-01	4.056201e-01	-6.87986e-11	

Index   time            v(cell)         v(bl)           vpre#branch     
--------------------------------------------------------------------------------
693	3.312500e-08	4.125406e-01	4.057642e-01	-6.73575e-11	
694	3.317500e-08	4.125406e-01	4.059053e-01	-6.59467e-11	
695	3.322500e-08	4.125406e-01	4.060435e-01	-6.45653e-11	
696	3.327500e-08	4.125406e-01	4.061787e-01	-6.32130e-11	
697	3.332500e-08	4.125406e-01	4.063111e-01	-6.18889e-11	
698	3.337500e-08	4.125406e-01	4.064407e-01	-6.05926e-11	
699	3.342500e-08	4.125406e-01	4.065677e-01	-5.93234e-11	
700	3.347500e-08	4.125406e-01	4.066919e-01	-5.80808e-11	
701	3.352500e-08	4.125406e-01	4.068136e-01	-5.68643e-11	
702	3.357500e-08	4.125406e-01	4.069327e-01	-5.56732e-11	
703	3.362500e-08	4.125406e-01	4.070493e-01	-5.45071e-11	
704	3.367500e-08	4.125406e-01	4.071635e-01	-5.33654e-11	
705	3.372500e-08	4.125406e-01	4.072752e-01	-5.22476e-11	
706	3.377500e-08	4.125406e-01	4.073847e-01	-5.11532e-11	
707	3.382500e-08	4.125406e-01	4.074918e-01	-5.00817e-11	
708	3.387500e-08	4.125406e-01	4.075967e-01	-4.90327e-11	
709	3.392500e-08	4.125406e-01	4.076994e-01	-4.80057e-11	
710	3.397500e-08	4.125406e-01	4.078000e-01	-4.70002e-11	
711	3.402500e-08	4.125406e-01	4.078984e-01	-4.60157e-11	
712	3.407500e-08	4.125406e-01	4.079948e-01	-4.50519e-11	
713	3.412500e-08	4.125406e-01	4.080892e-01	-4.41082e-11	
714	3.417500e-08	4.125406e-01	4.081816e-01	-4.31843e-11	
715	3.422500e-08	4.125406e-01	4.082720e-01	-4.22798e-11	
716	3.427500e-08	4.125406e-01	4.083606e-01	-4.13942e-11	
717	3.432500e-08	4.125406e-01	4.084473e-01	-4.05272e-11	
718	3.437500e-08	4.125406e-01	4.085322e-01	-3.96783e-11	
719	3.442500e-08	4.125406e-01	4.086153e-01	-3.88472e-11	
720	3.447500e-08	4.125406e-01	4.086967e-01	-3.80335e-11	
721	3.452500e-08	4.125406e-01	4.087763e-01	-3.72368e-11	
722	3.457500e-08	4.125406e-01	4.088543e-01	-3.64569e-11	
723	3.462500e-08	4.125406e-01	4.089307e-01	-3.56932e-11	
724	3.467500e-08	4.125406e-01	4.090054e-01	-3.49456e-11	
725	3.472500e-08	4.125406e-01	4.090786e-01	-3.42137e-11	
726	3.477500e-08	4.125406e-01	4.091503e-01	-3.34970e-11	
727	3.482500e-08	4.125406e-01	4.092205e-01	-3.27954e-11	
728	3.487500e-08	4.125406e-01	4.092892e-01	-3.21085e-11	
729	3.492500e-08	4.125406e-01	4.093564e-01	-3.14359e-11	
730	3.497500e-08	4.125406e-01	4.094223e-01	-3.07775e-11	
731	3.502500e-08	4.125406e-01	4.094867e-01	-3.01328e-11	
732	3.507500e-08	4.125406e-01	4.095498e-01	-2.95016e-11	
733	3.512500e-08	4.125406e-01	4.096116e-01	-2.88837e-11	
734	3.517500e-08	4.125406e-01	4.096721e-01	-2.82787e-11	
735	3.522500e-08	4.125406e-01	4.097314e-01	-2.76864e-11	
736	3.527500e-08	4.125406e-01	4.097894e-01	-2.71065e-11	
737	3.532500e-08	4.125406e-01	4.098461e-01	-2.65387e-11	
738	3.537500e-08	4.125406e-01	4.099017e-01	-2.59828e-11	
739	3.542500e-08	4.125406e-01	4.099561e-01	-2.54386e-11	
740	3.547500e-08	4.125406e-01	4.100094e-01	-2.49057e-11	
741	3.552500e-08	4.125406e-01	4.100616e-01	-2.43841e-11	
742	3.557500e-08	4.125406e-01	4.101127e-01	-2.38733e-11	
743	3.562500e-08	4.125406e-01	4.101627e-01	-2.33733e-11	
744	3.567500e-08	4.125406e-01	4.102116e-01	-2.28837e-11	
745	3.572500e-08	4.125406e-01	4.102596e-01	-2.24044e-11	
746	3.577500e-08	4.125406e-01	4.103065e-01	-2.19351e-11	
747	3.582500e-08	4.125406e-01	4.103524e-01	-2.14756e-11	
748	3.587500e-08	4.125406e-01	4.103974e-01	-2.10258e-11	
749	3.592500e-08	4.125406e-01	4.104415e-01	-2.05854e-11	
750	3.597500e-08	4.125406e-01	4.104846e-01	-2.01542e-11	

Index   time            v(cell)         v(bl)           vpre#branch     
--------------------------------------------------------------------------------
751	3.602500e-08	4.125406e-01	4.105268e-01	-1.97321e-11	
752	3.607500e-08	4.125406e-01	4.105681e-01	-1.93188e-11	
753	3.612500e-08	4.125406e-01	4.106086e-01	-1.89141e-11	
754	3.617500e-08	4.125406e-01	4.106482e-01	-1.85179e-11	
755	3.622500e-08	4.125406e-01	4.106870e-01	-1.81301e-11	
756	3.627500e-08	4.125406e-01	4.107250e-01	-1.77503e-11	
757	3.632500e-08	4.125406e-01	4.107621e-01	-1.73785e-11	
758	3.637500e-08	4.125406e-01	4.107985e-01	-1.70145e-11	
759	3.642500e-08	4.125406e-01	4.108342e-01	-1.66581e-11	
760	3.647500e-08	4.125406e-01	4.108691e-01	-1.63092e-11	
761	3.652500e-08	4.125406e-01	4.109032e-01	-1.59676e-11	
762	3.657500e-08	4.125406e-01	4.109367e-01	-1.56331e-11	
763	3.662500e-08	4.125406e-01	4.109694e-01	-1.53057e-11	
764	3.667500e-08	4.125406e-01	4.110015e-01	-1.49851e-11	
765	3.672500e-08	4.125406e-01	4.110329e-01	-1.46712e-11	
766	3.677500e-08	4.125406e-01	4.110636e-01	-1.43639e-11	
767	3.682500e-08	4.125406e-01	4.110937e-01	-1.40630e-11	
768	3.687500e-08	4.125406e-01	4.111232e-01	-1.37685e-11	
769	3.692500e-08	4.125406e-01	4.111520e-01	-1.34801e-11	
770	3.697500e-08	4.125406e-01	4.111802e-01	-1.31977e-11	
771	3.702500e-08	4.125406e-01	4.112079e-01	-1.29213e-11	
772	3.707500e-08	4.125406e-01	4.112349e-01	-1.26506e-11	
773	3.712500e-08	4.125406e-01	4.112614e-01	-1.23857e-11	
774	3.717500e-08	4.125406e-01	4.112874e-01	-1.21262e-11	
775	3.722500e-08	4.125406e-01	4.113128e-01	-1.18722e-11	
776	3.727500e-08	4.125406e-01	4.113376e-01	-1.16236e-11	
777	3.732500e-08	4.125406e-01	4.113620e-01	-1.13801e-11	
778	3.737500e-08	4.125406e-01	4.113858e-01	-1.11417e-11	
779	3.742500e-08	4.125406e-01	4.114092e-01	-1.09084e-11	
780	3.747500e-08	4.125406e-01	4.114320e-01	-1.06799e-11	
781	3.752500e-08	4.125406e-01	4.114544e-01	-1.04562e-11	
782	3.757500e-08	4.125406e-01	4.114763e-01	-1.02372e-11	
783	3.762500e-08	4.125406e-01	4.114977e-01	-1.00227e-11	
784	3.767500e-08	4.125406e-01	4.115187e-01	-9.81279e-12	
785	3.772500e-08	4.125406e-01	4.115393e-01	-9.60726e-12	
786	3.777500e-08	4.125406e-01	4.115594e-01	-9.40602e-12	
787	3.782500e-08	4.125406e-01	4.115791e-01	-9.20900e-12	
788	3.787500e-08	4.125406e-01	4.115984e-01	-9.01611e-12	
789	3.792500e-08	4.125406e-01	4.116173e-01	-8.82726e-12	
790	3.797500e-08	4.125406e-01	4.116358e-01	-8.64237e-12	
791	3.802500e-08	4.125406e-01	4.116539e-01	-8.46134e-12	
792	3.807500e-08	4.125406e-01	4.116716e-01	-8.28411e-12	
793	3.812500e-08	4.125406e-01	4.116889e-01	-8.11059e-12	
794	3.817500e-08	4.125406e-01	4.117059e-01	-7.94071e-12	
795	3.822500e-08	4.125406e-01	4.117226e-01	-7.77438e-12	
796	3.827500e-08	4.125406e-01	4.117388e-01	-7.61154e-12	
797	3.832500e-08	4.125406e-01	4.117548e-01	-7.45211e-12	
798	3.837500e-08	4.125406e-01	4.117704e-01	-7.29602e-12	
799	3.842500e-08	4.125406e-01	4.117857e-01	-7.14320e-12	
800	3.847500e-08	4.125406e-01	4.118006e-01	-6.99358e-12	
801	3.852500e-08	4.125406e-01	4.118153e-01	-6.84709e-12	
802	3.857500e-08	4.125406e-01	4.118296e-01	-6.70367e-12	
803	3.862500e-08	4.125406e-01	4.118437e-01	-6.56326e-12	
804	3.867500e-08	4.125406e-01	4.118574e-01	-6.42578e-12	
805	3.872500e-08	4.125406e-01	4.118709e-01	-6.29119e-12	
806	3.877500e-08	4.125406e-01	4.118841e-01	-6.15941e-12	
807	3.882500e-08	4.125406e-01	4.118970e-01	-6.03040e-12	
808	3.887500e-08	4.125406e-01	4.119096e-01	-5.90409e-12	

Index   time            v(cell)         v(bl)           vpre#branch     
--------------------------------------------------------------------------------
809	3.892500e-08	4.125406e-01	4.119220e-01	-5.78042e-12	
810	3.897500e-08	4.125406e-01	4.119341e-01	-5.65934e-12	
811	3.902500e-08	4.125406e-01	4.119459e-01	-5.54080e-12	
812	3.907500e-08	4.125406e-01	4.119575e-01	-5.42475e-12	
813	3.912500e-08	4.125406e-01	4.119689e-01	-5.31112e-12	
814	3.917500e-08	4.125406e-01	4.119800e-01	-5.19987e-12	
815	3.922500e-08	4.125406e-01	4.119909e-01	-5.09096e-12	
816	3.927500e-08	4.125406e-01	4.120016e-01	-4.98432e-12	
817	3.932500e-08	4.125406e-01	4.120120e-01	-4.87992e-12	
818	3.937500e-08	4.125406e-01	4.120222e-01	-4.77770e-12	
819	3.942500e-08	4.125406e-01	4.120322e-01	-4.67763e-12	
820	3.947500e-08	4.125406e-01	4.120420e-01	-4.57965e-12	
821	3.952500e-08	4.125406e-01	4.120516e-01	-4.48373e-12	
822	3.957500e-08	4.125406e-01	4.120610e-01	-4.38981e-12	
823	3.962500e-08	4.125406e-01	4.120702e-01	-4.29786e-12	
824	3.967500e-08	4.125406e-01	4.120792e-01	-4.20784e-12	
825	3.972500e-08	4.125406e-01	4.120880e-01	-4.11970e-12	
826	3.977500e-08	4.125406e-01	4.120967e-01	-4.03341e-12	
827	3.982500e-08	4.125406e-01	4.121051e-01	-3.94893e-12	
828	3.987500e-08	4.125406e-01	4.121134e-01	-3.86621e-12	
829	3.992500e-08	4.125406e-01	4.121215e-01	-3.78523e-12	
830	3.996250e-08	4.125406e-01	4.121274e-01	-3.72561e-12	
831	4.000000e-08	4.125406e-01	4.121333e-01	-3.66693e-12	


Total analysis time (seconds) = 0.0910843

Total elapsed time (seconds) = 0.100 

Total DRAM available = 386307.215 MB.
DRAM currently available = 12859.500 MB.
Maximum ngspice program size =  529.723 MB.
Current ngspice program size =   14.250 MB.

Shared ngspice pages =   12.430 MB.
Text (code) pages =    6.266 MB.
Stack = 0 bytes.
Library pages =   59.141 MB.

