
Note: No compatibility mode selected!


Circuit: * mini-array n=8 layout

Warning: Model issue on line 7 :
  .model nfet bsimcmg_va type=1 bulkmod=0 bulkmod=0 igcmod=0 igbmod=0 gidl ...
unrecognized parameter (sasatcv) - ignored

Doing analysis at TEMP = 27.000000 and TNOM = 27.000000

Using SPARSE 1.3 as Direct Linear Solver

Initial Transient Solution
--------------------------

Node                                   Voltage
----                                   -------
pre                                     0.4125
bl0                                     0.4125
s                                            0
bltap0                                  0.4125
wl0                                          0
bl1                                     0.4125
bltap1                                  0.4125
wl1                                          0
bl2                                     0.4125
bltap2                                  0.4125
wl2                                          0
bl3                                     0.4125
bltap3                                  0.4125
wl3                                          0
bl4                                     0.4125
bltap4                                  0.4125
wl4                                          0
bl5                                     0.4125
bltap5                                  0.4125
wl5                                          0
bl6                                     0.4125
bltap6                                  0.4125
wl6                                          0
bl7                                     0.4125
bltap7                                  0.4125
wl7                                          0
plate0                                       0
cell0                                        0
plate1                                  0.4125
cell1                                 0.412497
plate2                                  0.4125
cell2                                 0.412497
plate3                                  0.4125
cell3                                 0.412497
plate4                                  0.4125
cell4                                 0.412494
plate5                                  0.4125
cell5                                 0.412497
plate6                                  0.4125
cell6                                 0.412494
plate7                                  0.4125
cell7                                 0.412494
vplate7#branch                               0
vwl7#branch                                  0
vplate6#branch                               0
vwl6#branch                                  0
vplate5#branch                               0
vwl5#branch                                  0
vplate4#branch                               0
vwl4#branch                                  0
vplate3#branch                               0
vwl3#branch                                  0
vplate2#branch                               0
vwl2#branch                                  0
vplate1#branch                               0
vwl1#branch                                  0
vplate0#branch                               0
vwl0#branch                                  0
vs#branch                                    0
vpre#branch                                  0


No. of Data Rows : 514

  Measurements for Transient Analysis

t_bl_settle         =  2.35183e-09
i_bl_leak           =  -2.77734e-10 from=  1.50000e-08 to=  2.50000e-08

                            * mini-array n=8 layout
                            Transient Analysis  Tue Jun 23 23:54:30  2026
--------------------------------------------------------------------------------
Index   time            v(bl0)          v(bl7)          vpre#branch     
--------------------------------------------------------------------------------
0	0.000000e+00	4.125000e-01	4.125000e-01	0.000000e+00	
1	5.000000e-13	4.125000e-01	4.125000e-01	-1.07653e-18	
2	1.000000e-12	4.125000e-01	4.125000e-01	-1.88000e-18	
3	2.000000e-12	4.125000e-01	4.125000e-01	-3.21791e-18	
4	4.000000e-12	4.125000e-01	4.125000e-01	-5.20405e-18	
5	8.000000e-12	4.125000e-01	4.125000e-01	-8.77038e-18	
6	1.600000e-11	4.125000e-01	4.125000e-01	-1.58635e-17	
7	3.200000e-11	4.125000e-01	4.125000e-01	-3.00774e-17	
8	6.400000e-11	4.125000e-01	4.125000e-01	-5.84807e-17	
9	1.140000e-10	4.125000e-01	4.125000e-01	-1.02880e-16	
10	1.640000e-10	4.125000e-01	4.125000e-01	-1.47265e-16	
11	2.140000e-10	4.125000e-01	4.125000e-01	-1.91663e-16	
12	2.640000e-10	4.125000e-01	4.125000e-01	-2.36047e-16	
13	3.140000e-10	4.125000e-01	4.125000e-01	-2.80445e-16	
14	3.640000e-10	4.125000e-01	4.125000e-01	-3.24829e-16	
15	4.140000e-10	4.125000e-01	4.125000e-01	-3.69226e-16	
16	4.640000e-10	4.125000e-01	4.125000e-01	-4.13611e-16	
17	5.140000e-10	4.125000e-01	4.125000e-01	-4.58007e-16	
18	5.640000e-10	4.124999e-01	4.125000e-01	-5.02391e-16	
19	6.140000e-10	4.124999e-01	4.124999e-01	-5.46787e-16	
20	6.640000e-10	4.124999e-01	4.124999e-01	-5.91172e-16	
21	7.140000e-10	4.124999e-01	4.124999e-01	-6.35567e-16	
22	7.640000e-10	4.124999e-01	4.124999e-01	-6.79951e-16	
23	8.140000e-10	4.124999e-01	4.124999e-01	-7.24346e-16	
24	8.640000e-10	4.124999e-01	4.124999e-01	-7.68730e-16	
25	9.140000e-10	4.124999e-01	4.124999e-01	-8.13124e-16	
26	9.570000e-10	4.124999e-01	4.124999e-01	-8.51294e-16	
27	1.000000e-09	4.124999e-01	4.124999e-01	-8.89474e-16	
28	1.005000e-09	4.125507e-01	4.125287e-01	5.074744e-13	
29	1.015000e-09	4.126317e-01	4.126022e-01	1.316627e-12	
30	1.035000e-09	4.127834e-01	4.127593e-01	2.834238e-12	
31	1.075000e-09	4.130946e-01	4.130659e-01	5.946035e-12	
32	1.125000e-09	4.134786e-01	4.134540e-01	9.785551e-12	
33	1.175000e-09	4.138664e-01	4.138381e-01	1.366413e-11	
34	1.225000e-09	4.142501e-01	4.142253e-01	1.750052e-11	
35	1.275000e-09	4.146356e-01	4.146078e-01	2.135608e-11	
36	1.325000e-09	4.150133e-01	4.149889e-01	2.513339e-11	
37	1.375000e-09	4.153823e-01	4.153562e-01	2.882277e-11	
38	1.425000e-09	4.157245e-01	4.157031e-01	3.224520e-11	
39	1.475000e-09	4.160299e-01	4.160093e-01	3.529911e-11	
40	1.525000e-09	4.162782e-01	4.162640e-01	3.778243e-11	
41	1.575000e-09	4.164612e-01	4.164500e-01	3.961202e-11	
42	1.625000e-09	4.165650e-01	4.165611e-01	4.064950e-11	
43	1.675000e-09	4.165867e-01	4.165871e-01	4.086701e-11	
44	1.725000e-09	4.165187e-01	4.165267e-01	4.018663e-11	
45	1.775000e-09	4.163620e-01	4.163749e-01	3.861979e-11	
46	1.825000e-09	4.161129e-01	4.161333e-01	3.612883e-11	
47	1.875000e-09	4.157748e-01	4.158002e-01	3.274771e-11	
48	1.925000e-09	4.153466e-01	4.153791e-01	2.846562e-11	
49	1.962500e-09	4.149692e-01	4.150052e-01	2.469209e-11	
50	2.000000e-09	4.145428e-01	4.145841e-01	2.042831e-11	
51	2.005000e-09	4.144323e-01	4.144954e-01	1.932304e-11	
52	2.015000e-09	4.142326e-01	4.143028e-01	1.732599e-11	
53	2.035000e-09	4.138475e-01	4.139113e-01	1.347492e-11	
54	2.075000e-09	4.130858e-01	4.131523e-01	5.857584e-12	

Index   time            v(bl0)          v(bl7)          vpre#branch     
--------------------------------------------------------------------------------
55	2.125000e-09	4.121681e-01	4.122283e-01	-3.31911e-12	
56	2.175000e-09	4.112779e-01	4.113398e-01	-1.22211e-11	
57	2.225000e-09	4.104217e-01	4.104780e-01	-2.07830e-11	
58	2.275000e-09	4.095910e-01	4.096486e-01	-2.90898e-11	
59	2.325000e-09	4.087913e-01	4.088441e-01	-3.70865e-11	
60	2.375000e-09	4.080154e-01	4.080691e-01	-4.48461e-11	
61	2.425000e-09	4.072678e-01	4.073172e-01	-5.23224e-11	
62	2.475000e-09	4.065422e-01	4.065923e-01	-5.95784e-11	
63	2.525000e-09	4.058425e-01	4.058889e-01	-6.65751e-11	
64	2.575000e-09	4.051633e-01	4.052101e-01	-7.33672e-11	
65	2.625000e-09	4.045078e-01	4.045514e-01	-7.99217e-11	
66	2.675000e-09	4.038714e-01	4.039152e-01	-8.62859e-11	
67	2.725000e-09	4.032568e-01	4.032977e-01	-9.24321e-11	
68	2.775000e-09	4.026599e-01	4.027009e-01	-9.84012e-11	
69	2.825000e-09	4.020830e-01	4.021215e-01	-1.04170e-10	
70	2.875000e-09	4.015226e-01	4.015611e-01	-1.09774e-10	
71	2.925000e-09	4.009807e-01	4.010169e-01	-1.15193e-10	
72	2.975000e-09	4.004540e-01	4.004901e-01	-1.20460e-10	
73	3.025000e-09	3.999444e-01	3.999786e-01	-1.25556e-10	
74	3.075000e-09	3.994491e-01	3.994831e-01	-1.30509e-10	
75	3.125000e-09	3.989696e-01	3.990017e-01	-1.35304e-10	
76	3.175000e-09	3.985033e-01	3.985352e-01	-1.39967e-10	
77	3.225000e-09	3.980516e-01	3.980819e-01	-1.44484e-10	
78	3.275000e-09	3.976123e-01	3.976423e-01	-1.48877e-10	
79	3.325000e-09	3.971865e-01	3.972151e-01	-1.53135e-10	
80	3.375000e-09	3.967724e-01	3.968006e-01	-1.57276e-10	
81	3.425000e-09	3.963707e-01	3.963977e-01	-1.61293e-10	
82	3.475000e-09	3.959799e-01	3.960066e-01	-1.65201e-10	
83	3.525000e-09	3.956008e-01	3.956263e-01	-1.68992e-10	
84	3.575000e-09	3.952319e-01	3.952571e-01	-1.72681e-10	
85	3.625000e-09	3.948738e-01	3.948980e-01	-1.76262e-10	
86	3.675000e-09	3.945253e-01	3.945491e-01	-1.79747e-10	
87	3.725000e-09	3.941870e-01	3.942098e-01	-1.83130e-10	
88	3.775000e-09	3.938576e-01	3.938801e-01	-1.86424e-10	
89	3.825000e-09	3.935378e-01	3.935593e-01	-1.89622e-10	
90	3.875000e-09	3.932264e-01	3.932476e-01	-1.92736e-10	
91	3.925000e-09	3.929239e-01	3.929444e-01	-1.95761e-10	
92	3.975000e-09	3.926295e-01	3.926495e-01	-1.98705e-10	
93	4.025000e-09	3.923435e-01	3.923628e-01	-2.01565e-10	
94	4.075000e-09	3.920650e-01	3.920840e-01	-2.04350e-10	
95	4.125000e-09	3.917945e-01	3.918128e-01	-2.07055e-10	
96	4.175000e-09	3.915313e-01	3.915492e-01	-2.09687e-10	
97	4.225000e-09	3.912755e-01	3.912928e-01	-2.12245e-10	
98	4.275000e-09	3.910267e-01	3.910436e-01	-2.14733e-10	
99	4.325000e-09	3.907850e-01	3.908013e-01	-2.17150e-10	
100	4.375000e-09	3.905499e-01	3.905659e-01	-2.19501e-10	
101	4.425000e-09	3.903217e-01	3.903371e-01	-2.21783e-10	
102	4.475000e-09	3.900999e-01	3.901149e-01	-2.24001e-10	
103	4.525000e-09	3.898846e-01	3.898992e-01	-2.26154e-10	
104	4.575000e-09	3.896755e-01	3.896897e-01	-2.28245e-10	
105	4.625000e-09	3.894728e-01	3.894865e-01	-2.30272e-10	
106	4.675000e-09	3.892761e-01	3.892895e-01	-2.32239e-10	
107	4.725000e-09	3.890856e-01	3.890985e-01	-2.34144e-10	
108	4.775000e-09	3.889009e-01	3.889134e-01	-2.35991e-10	
109	4.825000e-09	3.887222e-01	3.887343e-01	-2.37778e-10	
110	4.875000e-09	3.885493e-01	3.885610e-01	-2.39507e-10	
111	4.925000e-09	3.883822e-01	3.883935e-01	-2.41178e-10	
112	4.975000e-09	3.882207e-01	3.882317e-01	-2.42793e-10	

Index   time            v(bl0)          v(bl7)          vpre#branch     
--------------------------------------------------------------------------------
113	5.025000e-09	3.880650e-01	3.880755e-01	-2.44350e-10	
114	5.075000e-09	3.879148e-01	3.879249e-01	-2.45852e-10	
115	5.125000e-09	3.877701e-01	3.877799e-01	-2.47299e-10	
116	5.175000e-09	3.876308e-01	3.876402e-01	-2.48692e-10	
117	5.225000e-09	3.874969e-01	3.875059e-01	-2.50031e-10	
118	5.275000e-09	3.873681e-01	3.873768e-01	-2.51319e-10	
119	5.325000e-09	3.872446e-01	3.872529e-01	-2.52554e-10	
120	5.375000e-09	3.871260e-01	3.871340e-01	-2.53740e-10	
121	5.425000e-09	3.870124e-01	3.870201e-01	-2.54876e-10	
122	5.475000e-09	3.869036e-01	3.869109e-01	-2.55964e-10	
123	5.525000e-09	3.867995e-01	3.868065e-01	-2.57005e-10	
124	5.575000e-09	3.866998e-01	3.867065e-01	-2.58002e-10	
125	5.625000e-09	3.866046e-01	3.866110e-01	-2.58954e-10	
126	5.675000e-09	3.865137e-01	3.865198e-01	-2.59863e-10	
127	5.725000e-09	3.864269e-01	3.864327e-01	-2.60731e-10	
128	5.775000e-09	3.863440e-01	3.863495e-01	-2.61560e-10	
129	5.825000e-09	3.862650e-01	3.862703e-01	-2.62350e-10	
130	5.875000e-09	3.861896e-01	3.861946e-01	-2.63104e-10	
131	5.925000e-09	3.861178e-01	3.861226e-01	-2.63822e-10	
132	5.975000e-09	3.860494e-01	3.860540e-01	-2.64506e-10	
133	6.025000e-09	3.859842e-01	3.859886e-01	-2.65158e-10	
134	6.075000e-09	3.859222e-01	3.859263e-01	-2.65778e-10	
135	6.125000e-09	3.858632e-01	3.858671e-01	-2.66368e-10	
136	6.175000e-09	3.858069e-01	3.858107e-01	-2.66931e-10	
137	6.225000e-09	3.857535e-01	3.857571e-01	-2.67465e-10	
138	6.275000e-09	3.857026e-01	3.857060e-01	-2.67974e-10	
139	6.325000e-09	3.856543e-01	3.856575e-01	-2.68457e-10	
140	6.375000e-09	3.856082e-01	3.856113e-01	-2.68918e-10	
141	6.425000e-09	3.855645e-01	3.855675e-01	-2.69355e-10	
142	6.475000e-09	3.855229e-01	3.855257e-01	-2.69771e-10	
143	6.525000e-09	3.854834e-01	3.854860e-01	-2.70166e-10	
144	6.575000e-09	3.854457e-01	3.854483e-01	-2.70543e-10	
145	6.625000e-09	3.854100e-01	3.854124e-01	-2.70900e-10	
146	6.675000e-09	3.853760e-01	3.853782e-01	-2.71240e-10	
147	6.725000e-09	3.853437e-01	3.853458e-01	-2.71563e-10	
148	6.775000e-09	3.853129e-01	3.853150e-01	-2.71871e-10	
149	6.825000e-09	3.852837e-01	3.852857e-01	-2.72163e-10	
150	6.875000e-09	3.852559e-01	3.852578e-01	-2.72441e-10	
151	6.925000e-09	3.852295e-01	3.852313e-01	-2.72705e-10	
152	6.975000e-09	3.852044e-01	3.852061e-01	-2.72956e-10	
153	7.025000e-09	3.851805e-01	3.851821e-01	-2.73195e-10	
154	7.075000e-09	3.851578e-01	3.851593e-01	-2.73422e-10	
155	7.125000e-09	3.851362e-01	3.851377e-01	-2.73638e-10	
156	7.175000e-09	3.851157e-01	3.851171e-01	-2.73843e-10	
157	7.225000e-09	3.850962e-01	3.850975e-01	-2.74038e-10	
158	7.275000e-09	3.850776e-01	3.850788e-01	-2.74224e-10	
159	7.325000e-09	3.850599e-01	3.850611e-01	-2.74401e-10	
160	7.375000e-09	3.850431e-01	3.850443e-01	-2.74569e-10	
161	7.425000e-09	3.850272e-01	3.850283e-01	-2.74728e-10	
162	7.475000e-09	3.850120e-01	3.850130e-01	-2.74880e-10	
163	7.525000e-09	3.849976e-01	3.849985e-01	-2.75024e-10	
164	7.575000e-09	3.849838e-01	3.849847e-01	-2.75162e-10	
165	7.625000e-09	3.849707e-01	3.849716e-01	-2.75293e-10	
166	7.675000e-09	3.849583e-01	3.849591e-01	-2.75417e-10	
167	7.725000e-09	3.849465e-01	3.849473e-01	-2.75535e-10	
168	7.775000e-09	3.849352e-01	3.849360e-01	-2.75648e-10	
169	7.825000e-09	3.849246e-01	3.849253e-01	-2.75754e-10	
170	7.875000e-09	3.849144e-01	3.849150e-01	-2.75856e-10	

Index   time            v(bl0)          v(bl7)          vpre#branch     
--------------------------------------------------------------------------------
171	7.925000e-09	3.849047e-01	3.849053e-01	-2.75953e-10	
172	7.975000e-09	3.848955e-01	3.848961e-01	-2.76045e-10	
173	8.025000e-09	3.848867e-01	3.848873e-01	-2.76133e-10	
174	8.075000e-09	3.848784e-01	3.848789e-01	-2.76216e-10	
175	8.125000e-09	3.848705e-01	3.848710e-01	-2.76295e-10	
176	8.175000e-09	3.848629e-01	3.848634e-01	-2.76371e-10	
177	8.225000e-09	3.848558e-01	3.848562e-01	-2.76442e-10	
178	8.275000e-09	3.848489e-01	3.848494e-01	-2.76511e-10	
179	8.325000e-09	3.848425e-01	3.848429e-01	-2.76575e-10	
180	8.375000e-09	3.848363e-01	3.848367e-01	-2.76637e-10	
181	8.425000e-09	3.848304e-01	3.848308e-01	-2.76696e-10	
182	8.475000e-09	3.848248e-01	3.848252e-01	-2.76752e-10	
183	8.525000e-09	3.848195e-01	3.848199e-01	-2.76805e-10	
184	8.575000e-09	3.848144e-01	3.848148e-01	-2.76856e-10	
185	8.625000e-09	3.848096e-01	3.848100e-01	-2.76904e-10	
186	8.675000e-09	3.848050e-01	3.848054e-01	-2.76950e-10	
187	8.725000e-09	3.848007e-01	3.848010e-01	-2.76993e-10	
188	8.775000e-09	3.847966e-01	3.847968e-01	-2.77034e-10	
189	8.825000e-09	3.847926e-01	3.847929e-01	-2.77074e-10	
190	8.875000e-09	3.847889e-01	3.847891e-01	-2.77111e-10	
191	8.925000e-09	3.847853e-01	3.847856e-01	-2.77147e-10	
192	8.975000e-09	3.847819e-01	3.847822e-01	-2.77181e-10	
193	9.025000e-09	3.847787e-01	3.847789e-01	-2.77213e-10	
194	9.075000e-09	3.847756e-01	3.847758e-01	-2.77244e-10	
195	9.125000e-09	3.847727e-01	3.847729e-01	-2.77273e-10	
196	9.175000e-09	3.847700e-01	3.847701e-01	-2.77300e-10	
197	9.225000e-09	3.847673e-01	3.847675e-01	-2.77327e-10	
198	9.275000e-09	3.847648e-01	3.847650e-01	-2.77352e-10	
199	9.325000e-09	3.847624e-01	3.847626e-01	-2.77376e-10	
200	9.375000e-09	3.847602e-01	3.847603e-01	-2.77398e-10	
201	9.425000e-09	3.847580e-01	3.847582e-01	-2.77420e-10	
202	9.475000e-09	3.847560e-01	3.847561e-01	-2.77440e-10	
203	9.525000e-09	3.847540e-01	3.847542e-01	-2.77460e-10	
204	9.575000e-09	3.847522e-01	3.847523e-01	-2.77478e-10	
205	9.625000e-09	3.847504e-01	3.847505e-01	-2.77496e-10	
206	9.675000e-09	3.847487e-01	3.847489e-01	-2.77513e-10	
207	9.725000e-09	3.847472e-01	3.847473e-01	-2.77528e-10	
208	9.775000e-09	3.847456e-01	3.847457e-01	-2.77544e-10	
209	9.825000e-09	3.847442e-01	3.847443e-01	-2.77558e-10	
210	9.875000e-09	3.847428e-01	3.847429e-01	-2.77572e-10	
211	9.925000e-09	3.847416e-01	3.847416e-01	-2.77584e-10	
212	9.975000e-09	3.847403e-01	3.847404e-01	-2.77597e-10	
213	1.002500e-08	3.847392e-01	3.847392e-01	-2.77608e-10	
214	1.007500e-08	3.847380e-01	3.847381e-01	-2.77620e-10	
215	1.012500e-08	3.847370e-01	3.847371e-01	-2.77630e-10	
216	1.017500e-08	3.847360e-01	3.847361e-01	-2.77640e-10	
217	1.022500e-08	3.847351e-01	3.847351e-01	-2.77649e-10	
218	1.027500e-08	3.847341e-01	3.847342e-01	-2.77659e-10	
219	1.032500e-08	3.847333e-01	3.847334e-01	-2.77667e-10	
220	1.037500e-08	3.847325e-01	3.847325e-01	-2.77675e-10	
221	1.042500e-08	3.847317e-01	3.847318e-01	-2.77683e-10	
222	1.047500e-08	3.847310e-01	3.847310e-01	-2.77690e-10	
223	1.052500e-08	3.847303e-01	3.847303e-01	-2.77697e-10	
224	1.057500e-08	3.847296e-01	3.847297e-01	-2.77704e-10	
225	1.062500e-08	3.847290e-01	3.847291e-01	-2.77710e-10	
226	1.067500e-08	3.847284e-01	3.847285e-01	-2.77716e-10	
227	1.072500e-08	3.847279e-01	3.847279e-01	-2.77721e-10	
228	1.077500e-08	3.847273e-01	3.847274e-01	-2.77727e-10	

Index   time            v(bl0)          v(bl7)          vpre#branch     
--------------------------------------------------------------------------------
229	1.082500e-08	3.847268e-01	3.847269e-01	-2.77732e-10	
230	1.087500e-08	3.847264e-01	3.847264e-01	-2.77736e-10	
231	1.092500e-08	3.847259e-01	3.847260e-01	-2.77741e-10	
232	1.097500e-08	3.847255e-01	3.847255e-01	-2.77745e-10	
233	1.102500e-08	3.847251e-01	3.847251e-01	-2.77749e-10	
234	1.107500e-08	3.847247e-01	3.847247e-01	-2.77753e-10	
235	1.112500e-08	3.847244e-01	3.847244e-01	-2.77756e-10	
236	1.117500e-08	3.847240e-01	3.847240e-01	-2.77760e-10	
237	1.122500e-08	3.847237e-01	3.847237e-01	-2.77763e-10	
238	1.127500e-08	3.847234e-01	3.847234e-01	-2.77766e-10	
239	1.132500e-08	3.847231e-01	3.847231e-01	-2.77769e-10	
240	1.137500e-08	3.847229e-01	3.847229e-01	-2.77771e-10	
241	1.142500e-08	3.847226e-01	3.847226e-01	-2.77774e-10	
242	1.147500e-08	3.847224e-01	3.847224e-01	-2.77776e-10	
243	1.152500e-08	3.847222e-01	3.847222e-01	-2.77778e-10	
244	1.157500e-08	3.847219e-01	3.847220e-01	-2.77781e-10	
245	1.162500e-08	3.847217e-01	3.847218e-01	-2.77783e-10	
246	1.167500e-08	3.847216e-01	3.847216e-01	-2.77784e-10	
247	1.172500e-08	3.847214e-01	3.847214e-01	-2.77786e-10	
248	1.177500e-08	3.847212e-01	3.847212e-01	-2.77788e-10	
249	1.182500e-08	3.847211e-01	3.847211e-01	-2.77789e-10	
250	1.187500e-08	3.847209e-01	3.847209e-01	-2.77791e-10	
251	1.192500e-08	3.847208e-01	3.847208e-01	-2.77792e-10	
252	1.197500e-08	3.847207e-01	3.847207e-01	-2.77793e-10	
253	1.202500e-08	3.847206e-01	3.847206e-01	-2.77794e-10	
254	1.207500e-08	3.847205e-01	3.847205e-01	-2.77795e-10	
255	1.212500e-08	3.847204e-01	3.847204e-01	-2.77796e-10	
256	1.217500e-08	3.847203e-01	3.847203e-01	-2.77797e-10	
257	1.222500e-08	3.847202e-01	3.847202e-01	-2.77798e-10	
258	1.227500e-08	3.847201e-01	3.847201e-01	-2.77799e-10	
259	1.232500e-08	3.847201e-01	3.847201e-01	-2.77799e-10	
260	1.237500e-08	3.847200e-01	3.847200e-01	-2.77800e-10	
261	1.242500e-08	3.847199e-01	3.847199e-01	-2.77801e-10	
262	1.247500e-08	3.847199e-01	3.847199e-01	-2.77801e-10	
263	1.252500e-08	3.847198e-01	3.847198e-01	-2.77802e-10	
264	1.257500e-08	3.847198e-01	3.847198e-01	-2.77802e-10	
265	1.262500e-08	3.847198e-01	3.847198e-01	-2.77802e-10	
266	1.267500e-08	3.847197e-01	3.847197e-01	-2.77803e-10	
267	1.272500e-08	3.847197e-01	3.847197e-01	-2.77803e-10	
268	1.277500e-08	3.847197e-01	3.847197e-01	-2.77803e-10	
269	1.282500e-08	3.847197e-01	3.847197e-01	-2.77803e-10	
270	1.287500e-08	3.847196e-01	3.847196e-01	-2.77804e-10	
271	1.292500e-08	3.847196e-01	3.847196e-01	-2.77804e-10	
272	1.297500e-08	3.847196e-01	3.847196e-01	-2.77804e-10	
273	1.302500e-08	3.847196e-01	3.847196e-01	-2.77804e-10	
274	1.307500e-08	3.847196e-01	3.847196e-01	-2.77804e-10	
275	1.312500e-08	3.847196e-01	3.847196e-01	-2.77804e-10	
276	1.317500e-08	3.847196e-01	3.847196e-01	-2.77804e-10	
277	1.322500e-08	3.847196e-01	3.847196e-01	-2.77804e-10	
278	1.327500e-08	3.847196e-01	3.847196e-01	-2.77804e-10	
279	1.332500e-08	3.847196e-01	3.847196e-01	-2.77804e-10	
280	1.337500e-08	3.847196e-01	3.847196e-01	-2.77804e-10	
281	1.342500e-08	3.847197e-01	3.847197e-01	-2.77803e-10	
282	1.347500e-08	3.847197e-01	3.847197e-01	-2.77803e-10	
283	1.352500e-08	3.847197e-01	3.847197e-01	-2.77803e-10	
284	1.357500e-08	3.847197e-01	3.847197e-01	-2.77803e-10	
285	1.362500e-08	3.847197e-01	3.847197e-01	-2.77803e-10	
286	1.367500e-08	3.847198e-01	3.847198e-01	-2.77802e-10	

Index   time            v(bl0)          v(bl7)          vpre#branch     
--------------------------------------------------------------------------------
287	1.372500e-08	3.847198e-01	3.847198e-01	-2.77802e-10	
288	1.377500e-08	3.847198e-01	3.847198e-01	-2.77802e-10	
289	1.382500e-08	3.847199e-01	3.847198e-01	-2.77801e-10	
290	1.387500e-08	3.847199e-01	3.847199e-01	-2.77801e-10	
291	1.392500e-08	3.847199e-01	3.847199e-01	-2.77801e-10	
292	1.397500e-08	3.847199e-01	3.847199e-01	-2.77801e-10	
293	1.402500e-08	3.847200e-01	3.847200e-01	-2.77800e-10	
294	1.407500e-08	3.847200e-01	3.847200e-01	-2.77800e-10	
295	1.412500e-08	3.847201e-01	3.847201e-01	-2.77799e-10	
296	1.417500e-08	3.847201e-01	3.847201e-01	-2.77799e-10	
297	1.422500e-08	3.847201e-01	3.847201e-01	-2.77799e-10	
298	1.427500e-08	3.847202e-01	3.847202e-01	-2.77798e-10	
299	1.432500e-08	3.847202e-01	3.847202e-01	-2.77798e-10	
300	1.437500e-08	3.847203e-01	3.847203e-01	-2.77797e-10	
301	1.442500e-08	3.847203e-01	3.847203e-01	-2.77797e-10	
302	1.447500e-08	3.847203e-01	3.847203e-01	-2.77797e-10	
303	1.452500e-08	3.847204e-01	3.847204e-01	-2.77796e-10	
304	1.457500e-08	3.847204e-01	3.847204e-01	-2.77796e-10	
305	1.462500e-08	3.847205e-01	3.847205e-01	-2.77795e-10	
306	1.467500e-08	3.847205e-01	3.847205e-01	-2.77795e-10	
307	1.472500e-08	3.847206e-01	3.847206e-01	-2.77794e-10	
308	1.477500e-08	3.847206e-01	3.847206e-01	-2.77794e-10	
309	1.482500e-08	3.847207e-01	3.847207e-01	-2.77793e-10	
310	1.487500e-08	3.847207e-01	3.847207e-01	-2.77793e-10	
311	1.492500e-08	3.847208e-01	3.847208e-01	-2.77792e-10	
312	1.497500e-08	3.847208e-01	3.847208e-01	-2.77792e-10	
313	1.502500e-08	3.847209e-01	3.847209e-01	-2.77791e-10	
314	1.507500e-08	3.847209e-01	3.847209e-01	-2.77791e-10	
315	1.512500e-08	3.847210e-01	3.847210e-01	-2.77790e-10	
316	1.517500e-08	3.847210e-01	3.847210e-01	-2.77790e-10	
317	1.522500e-08	3.847211e-01	3.847211e-01	-2.77789e-10	
318	1.527500e-08	3.847211e-01	3.847211e-01	-2.77789e-10	
319	1.532500e-08	3.847212e-01	3.847212e-01	-2.77788e-10	
320	1.537500e-08	3.847212e-01	3.847212e-01	-2.77788e-10	
321	1.542500e-08	3.847213e-01	3.847213e-01	-2.77787e-10	
322	1.547500e-08	3.847213e-01	3.847213e-01	-2.77787e-10	
323	1.552500e-08	3.847214e-01	3.847214e-01	-2.77786e-10	
324	1.557500e-08	3.847214e-01	3.847214e-01	-2.77786e-10	
325	1.562500e-08	3.847215e-01	3.847215e-01	-2.77785e-10	
326	1.567500e-08	3.847215e-01	3.847215e-01	-2.77785e-10	
327	1.572500e-08	3.847216e-01	3.847216e-01	-2.77784e-10	
328	1.577500e-08	3.847216e-01	3.847216e-01	-2.77784e-10	
329	1.582500e-08	3.847217e-01	3.847217e-01	-2.77783e-10	
330	1.587500e-08	3.847218e-01	3.847218e-01	-2.77782e-10	
331	1.592500e-08	3.847218e-01	3.847218e-01	-2.77782e-10	
332	1.597500e-08	3.847219e-01	3.847219e-01	-2.77781e-10	
333	1.602500e-08	3.847219e-01	3.847219e-01	-2.77781e-10	
334	1.607500e-08	3.847220e-01	3.847220e-01	-2.77780e-10	
335	1.612500e-08	3.847220e-01	3.847220e-01	-2.77780e-10	
336	1.617500e-08	3.847221e-01	3.847221e-01	-2.77779e-10	
337	1.622500e-08	3.847221e-01	3.847221e-01	-2.77779e-10	
338	1.627500e-08	3.847222e-01	3.847222e-01	-2.77778e-10	
339	1.632500e-08	3.847223e-01	3.847223e-01	-2.77777e-10	
340	1.637500e-08	3.847223e-01	3.847223e-01	-2.77777e-10	
341	1.642500e-08	3.847224e-01	3.847224e-01	-2.77776e-10	
342	1.647500e-08	3.847224e-01	3.847224e-01	-2.77776e-10	
343	1.652500e-08	3.847225e-01	3.847225e-01	-2.77775e-10	
344	1.657500e-08	3.847225e-01	3.847225e-01	-2.77775e-10	

Index   time            v(bl0)          v(bl7)          vpre#branch     
--------------------------------------------------------------------------------
345	1.662500e-08	3.847226e-01	3.847226e-01	-2.77774e-10	
346	1.667500e-08	3.847227e-01	3.847226e-01	-2.77773e-10	
347	1.672500e-08	3.847227e-01	3.847227e-01	-2.77773e-10	
348	1.677500e-08	3.847228e-01	3.847228e-01	-2.77772e-10	
349	1.682500e-08	3.847228e-01	3.847228e-01	-2.77772e-10	
350	1.687500e-08	3.847229e-01	3.847229e-01	-2.77771e-10	
351	1.692500e-08	3.847229e-01	3.847229e-01	-2.77771e-10	
352	1.697500e-08	3.847230e-01	3.847230e-01	-2.77770e-10	
353	1.702500e-08	3.847231e-01	3.847230e-01	-2.77769e-10	
354	1.707500e-08	3.847231e-01	3.847231e-01	-2.77769e-10	
355	1.712500e-08	3.847232e-01	3.847232e-01	-2.77768e-10	
356	1.717500e-08	3.847232e-01	3.847232e-01	-2.77768e-10	
357	1.722500e-08	3.847233e-01	3.847233e-01	-2.77767e-10	
358	1.727500e-08	3.847233e-01	3.847233e-01	-2.77767e-10	
359	1.732500e-08	3.847234e-01	3.847234e-01	-2.77766e-10	
360	1.737500e-08	3.847235e-01	3.847235e-01	-2.77765e-10	
361	1.742500e-08	3.847235e-01	3.847235e-01	-2.77765e-10	
362	1.747500e-08	3.847236e-01	3.847236e-01	-2.77764e-10	
363	1.752500e-08	3.847236e-01	3.847236e-01	-2.77764e-10	
364	1.757500e-08	3.847237e-01	3.847237e-01	-2.77763e-10	
365	1.762500e-08	3.847237e-01	3.847237e-01	-2.77763e-10	
366	1.767500e-08	3.847238e-01	3.847238e-01	-2.77762e-10	
367	1.772500e-08	3.847239e-01	3.847239e-01	-2.77761e-10	
368	1.777500e-08	3.847239e-01	3.847239e-01	-2.77761e-10	
369	1.782500e-08	3.847240e-01	3.847240e-01	-2.77760e-10	
370	1.787500e-08	3.847240e-01	3.847240e-01	-2.77760e-10	
371	1.792500e-08	3.847241e-01	3.847241e-01	-2.77759e-10	
372	1.797500e-08	3.847242e-01	3.847242e-01	-2.77758e-10	
373	1.802500e-08	3.847242e-01	3.847242e-01	-2.77758e-10	
374	1.807500e-08	3.847243e-01	3.847243e-01	-2.77757e-10	
375	1.812500e-08	3.847243e-01	3.847243e-01	-2.77757e-10	
376	1.817500e-08	3.847244e-01	3.847244e-01	-2.77756e-10	
377	1.822500e-08	3.847244e-01	3.847244e-01	-2.77756e-10	
378	1.827500e-08	3.847245e-01	3.847245e-01	-2.77755e-10	
379	1.832500e-08	3.847246e-01	3.847246e-01	-2.77754e-10	
380	1.837500e-08	3.847246e-01	3.847246e-01	-2.77754e-10	
381	1.842500e-08	3.847247e-01	3.847247e-01	-2.77753e-10	
382	1.847500e-08	3.847247e-01	3.847247e-01	-2.77753e-10	
383	1.852500e-08	3.847248e-01	3.847248e-01	-2.77752e-10	
384	1.857500e-08	3.847249e-01	3.847249e-01	-2.77751e-10	
385	1.862500e-08	3.847249e-01	3.847249e-01	-2.77751e-10	
386	1.867500e-08	3.847250e-01	3.847250e-01	-2.77750e-10	
387	1.872500e-08	3.847250e-01	3.847250e-01	-2.77750e-10	
388	1.877500e-08	3.847251e-01	3.847251e-01	-2.77749e-10	
389	1.882500e-08	3.847252e-01	3.847251e-01	-2.77748e-10	
390	1.887500e-08	3.847252e-01	3.847252e-01	-2.77748e-10	
391	1.892500e-08	3.847253e-01	3.847253e-01	-2.77747e-10	
392	1.897500e-08	3.847253e-01	3.847253e-01	-2.77747e-10	
393	1.902500e-08	3.847254e-01	3.847254e-01	-2.77746e-10	
394	1.907500e-08	3.847254e-01	3.847254e-01	-2.77746e-10	
395	1.912500e-08	3.847255e-01	3.847255e-01	-2.77745e-10	
396	1.917500e-08	3.847256e-01	3.847256e-01	-2.77744e-10	
397	1.922500e-08	3.847256e-01	3.847256e-01	-2.77744e-10	
398	1.927500e-08	3.847257e-01	3.847257e-01	-2.77743e-10	
399	1.932500e-08	3.847257e-01	3.847257e-01	-2.77743e-10	
400	1.937500e-08	3.847258e-01	3.847258e-01	-2.77742e-10	
401	1.942500e-08	3.847259e-01	3.847258e-01	-2.77741e-10	
402	1.947500e-08	3.847259e-01	3.847259e-01	-2.77741e-10	

Index   time            v(bl0)          v(bl7)          vpre#branch     
--------------------------------------------------------------------------------
403	1.952500e-08	3.847260e-01	3.847260e-01	-2.77740e-10	
404	1.957500e-08	3.847260e-01	3.847260e-01	-2.77740e-10	
405	1.962500e-08	3.847261e-01	3.847261e-01	-2.77739e-10	
406	1.967500e-08	3.847261e-01	3.847261e-01	-2.77739e-10	
407	1.972500e-08	3.847262e-01	3.847262e-01	-2.77738e-10	
408	1.977500e-08	3.847263e-01	3.847263e-01	-2.77737e-10	
409	1.982500e-08	3.847263e-01	3.847263e-01	-2.77737e-10	
410	1.987500e-08	3.847264e-01	3.847264e-01	-2.77736e-10	
411	1.992500e-08	3.847264e-01	3.847264e-01	-2.77736e-10	
412	1.997500e-08	3.847265e-01	3.847265e-01	-2.77735e-10	
413	2.002500e-08	3.847266e-01	3.847266e-01	-2.77734e-10	
414	2.007500e-08	3.847266e-01	3.847266e-01	-2.77734e-10	
415	2.012500e-08	3.847267e-01	3.847267e-01	-2.77733e-10	
416	2.017500e-08	3.847267e-01	3.847267e-01	-2.77733e-10	
417	2.022500e-08	3.847268e-01	3.847268e-01	-2.77732e-10	
418	2.027500e-08	3.847269e-01	3.847268e-01	-2.77731e-10	
419	2.032500e-08	3.847269e-01	3.847269e-01	-2.77731e-10	
420	2.037500e-08	3.847270e-01	3.847270e-01	-2.77730e-10	
421	2.042500e-08	3.847270e-01	3.847270e-01	-2.77730e-10	
422	2.047500e-08	3.847271e-01	3.847271e-01	-2.77729e-10	
423	2.052500e-08	3.847271e-01	3.847271e-01	-2.77729e-10	
424	2.057500e-08	3.847272e-01	3.847272e-01	-2.77728e-10	
425	2.062500e-08	3.847273e-01	3.847273e-01	-2.77727e-10	
426	2.067500e-08	3.847273e-01	3.847273e-01	-2.77727e-10	
427	2.072500e-08	3.847274e-01	3.847274e-01	-2.77726e-10	
428	2.077500e-08	3.847274e-01	3.847274e-01	-2.77726e-10	
429	2.082500e-08	3.847275e-01	3.847275e-01	-2.77725e-10	
430	2.087500e-08	3.847276e-01	3.847276e-01	-2.77724e-10	
431	2.092500e-08	3.847276e-01	3.847276e-01	-2.77724e-10	
432	2.097500e-08	3.847277e-01	3.847277e-01	-2.77723e-10	
433	2.102500e-08	3.847277e-01	3.847277e-01	-2.77723e-10	
434	2.107500e-08	3.847278e-01	3.847278e-01	-2.77722e-10	
435	2.112500e-08	3.847278e-01	3.847278e-01	-2.77722e-10	
436	2.117500e-08	3.847279e-01	3.847279e-01	-2.77721e-10	
437	2.122500e-08	3.847280e-01	3.847280e-01	-2.77720e-10	
438	2.127500e-08	3.847280e-01	3.847280e-01	-2.77720e-10	
439	2.132500e-08	3.847281e-01	3.847281e-01	-2.77719e-10	
440	2.137500e-08	3.847281e-01	3.847281e-01	-2.77719e-10	
441	2.142500e-08	3.847282e-01	3.847282e-01	-2.77718e-10	
442	2.147500e-08	3.847283e-01	3.847283e-01	-2.77717e-10	
443	2.152500e-08	3.847283e-01	3.847283e-01	-2.77717e-10	
444	2.157500e-08	3.847284e-01	3.847284e-01	-2.77716e-10	
445	2.162500e-08	3.847284e-01	3.847284e-01	-2.77716e-10	
446	2.167500e-08	3.847285e-01	3.847285e-01	-2.77715e-10	
447	2.172500e-08	3.847286e-01	3.847286e-01	-2.77714e-10	
448	2.177500e-08	3.847286e-01	3.847286e-01	-2.77714e-10	
449	2.182500e-08	3.847287e-01	3.847287e-01	-2.77713e-10	
450	2.187500e-08	3.847287e-01	3.847287e-01	-2.77713e-10	
451	2.192500e-08	3.847288e-01	3.847288e-01	-2.77712e-10	
452	2.197500e-08	3.847288e-01	3.847288e-01	-2.77712e-10	
453	2.202500e-08	3.847289e-01	3.847289e-01	-2.77711e-10	
454	2.207500e-08	3.847290e-01	3.847290e-01	-2.77710e-10	
455	2.212500e-08	3.847290e-01	3.847290e-01	-2.77710e-10	
456	2.217500e-08	3.847291e-01	3.847291e-01	-2.77709e-10	
457	2.222500e-08	3.847291e-01	3.847291e-01	-2.77709e-10	
458	2.227500e-08	3.847292e-01	3.847292e-01	-2.77708e-10	
459	2.232500e-08	3.847293e-01	3.847293e-01	-2.77707e-10	
460	2.237500e-08	3.847293e-01	3.847293e-01	-2.77707e-10	

Index   time            v(bl0)          v(bl7)          vpre#branch     
--------------------------------------------------------------------------------
461	2.242500e-08	3.847294e-01	3.847294e-01	-2.77706e-10	
462	2.247500e-08	3.847294e-01	3.847294e-01	-2.77706e-10	
463	2.252500e-08	3.847295e-01	3.847295e-01	-2.77705e-10	
464	2.257500e-08	3.847296e-01	3.847295e-01	-2.77704e-10	
465	2.262500e-08	3.847296e-01	3.847296e-01	-2.77704e-10	
466	2.267500e-08	3.847297e-01	3.847297e-01	-2.77703e-10	
467	2.272500e-08	3.847297e-01	3.847297e-01	-2.77703e-10	
468	2.277500e-08	3.847298e-01	3.847298e-01	-2.77702e-10	
469	2.282500e-08	3.847298e-01	3.847298e-01	-2.77702e-10	
470	2.287500e-08	3.847299e-01	3.847299e-01	-2.77701e-10	
471	2.292500e-08	3.847300e-01	3.847300e-01	-2.77700e-10	
472	2.297500e-08	3.847300e-01	3.847300e-01	-2.77700e-10	
473	2.302500e-08	3.847301e-01	3.847301e-01	-2.77699e-10	
474	2.307500e-08	3.847301e-01	3.847301e-01	-2.77699e-10	
475	2.312500e-08	3.847302e-01	3.847302e-01	-2.77698e-10	
476	2.317500e-08	3.847303e-01	3.847303e-01	-2.77697e-10	
477	2.322500e-08	3.847303e-01	3.847303e-01	-2.77697e-10	
478	2.327500e-08	3.847304e-01	3.847304e-01	-2.77696e-10	
479	2.332500e-08	3.847304e-01	3.847304e-01	-2.77696e-10	
480	2.337500e-08	3.847305e-01	3.847305e-01	-2.77695e-10	
481	2.342500e-08	3.847306e-01	3.847305e-01	-2.77694e-10	
482	2.347500e-08	3.847306e-01	3.847306e-01	-2.77694e-10	
483	2.352500e-08	3.847307e-01	3.847307e-01	-2.77693e-10	
484	2.357500e-08	3.847307e-01	3.847307e-01	-2.77693e-10	
485	2.362500e-08	3.847308e-01	3.847308e-01	-2.77692e-10	
486	2.367500e-08	3.847308e-01	3.847308e-01	-2.77692e-10	
487	2.372500e-08	3.847309e-01	3.847309e-01	-2.77691e-10	
488	2.377500e-08	3.847310e-01	3.847310e-01	-2.77690e-10	
489	2.382500e-08	3.847310e-01	3.847310e-01	-2.77690e-10	
490	2.387500e-08	3.847311e-01	3.847311e-01	-2.77689e-10	
491	2.392500e-08	3.847311e-01	3.847311e-01	-2.77689e-10	
492	2.397500e-08	3.847312e-01	3.847312e-01	-2.77688e-10	
493	2.402500e-08	3.847313e-01	3.847313e-01	-2.77687e-10	
494	2.407500e-08	3.847313e-01	3.847313e-01	-2.77687e-10	
495	2.412500e-08	3.847314e-01	3.847314e-01	-2.77686e-10	
496	2.417500e-08	3.847314e-01	3.847314e-01	-2.77686e-10	
497	2.422500e-08	3.847315e-01	3.847315e-01	-2.77685e-10	
498	2.427500e-08	3.847316e-01	3.847315e-01	-2.77684e-10	
499	2.432500e-08	3.847316e-01	3.847316e-01	-2.77684e-10	
500	2.437500e-08	3.847317e-01	3.847317e-01	-2.77683e-10	
501	2.442500e-08	3.847317e-01	3.847317e-01	-2.77683e-10	
502	2.447500e-08	3.847318e-01	3.847318e-01	-2.77682e-10	
503	2.452500e-08	3.847318e-01	3.847318e-01	-2.77682e-10	
504	2.457500e-08	3.847319e-01	3.847319e-01	-2.77681e-10	
505	2.462500e-08	3.847320e-01	3.847320e-01	-2.77680e-10	
506	2.467500e-08	3.847320e-01	3.847320e-01	-2.77680e-10	
507	2.472500e-08	3.847321e-01	3.847321e-01	-2.77679e-10	
508	2.477500e-08	3.847321e-01	3.847321e-01	-2.77679e-10	
509	2.482500e-08	3.847322e-01	3.847322e-01	-2.77678e-10	
510	2.487500e-08	3.847323e-01	3.847323e-01	-2.77677e-10	
511	2.492500e-08	3.847323e-01	3.847323e-01	-2.77677e-10	
512	2.496250e-08	3.847324e-01	3.847324e-01	-2.77676e-10	
513	2.500000e-08	3.847324e-01	3.847324e-01	-2.77676e-10	


Total analysis time (seconds) = 0.082263

Total elapsed time (seconds) = 0.093 

Total DRAM available = 386307.215 MB.
DRAM currently available = 2255.762 MB.
Maximum ngspice program size =  529.848 MB.
Current ngspice program size =   14.363 MB.

Shared ngspice pages =   12.402 MB.
Text (code) pages =    6.266 MB.
Stack = 0 bytes.
Library pages =   59.266 MB.

