
Note: No compatibility mode selected!


Circuit: * id-vg sweep vds=0.3750v

Warning: Model issue on line 7 :
  .model nfet bsimcmg_va type=1 bulkmod=0 bulkmod=0 igcmod=0 igbmod=0 gidl ...
unrecognized parameter (sasatcv) - ignored

Doing analysis at TEMP = -40.000000 and TNOM = 27.000000

Using SPARSE 1.3 as Direct Linear Solver

No. of Data Rows : 201

  Measurements for DC Analysis

ion                 =  -3.68522e-06 at=  7.50000e-01
ioff                =  -2.97318e-13

                           * id-vg sweep vds=0.3750v
                           DC transfer characteristic  Tue Jun 23 21:13:53  2026
--------------------------------------------------------------------------------
Index   v-sweep         vd#branch       
--------------------------------------------------------------------------------
0	0.000000e+00	-2.97318e-13	
1	3.750000e-03	-3.39888e-13	
2	7.500000e-03	-3.92211e-13	
3	1.125000e-02	-4.52588e-13	
4	1.500000e-02	-5.22259e-13	
5	1.875000e-02	-6.02656e-13	
6	2.250000e-02	-6.95429e-13	
7	2.625000e-02	-8.02483e-13	
8	3.000000e-02	-9.26017e-13	
9	3.375000e-02	-1.06857e-12	
10	3.750000e-02	-1.23306e-12	
11	4.125000e-02	-1.42288e-12	
12	4.500000e-02	-1.64192e-12	
13	4.875000e-02	-1.89467e-12	
14	5.250000e-02	-2.18633e-12	
15	5.625000e-02	-2.52289e-12	
16	6.000000e-02	-2.91126e-12	
17	6.375000e-02	-3.35942e-12	
18	6.750000e-02	-3.87656e-12	
19	7.125000e-02	-4.47330e-12	
20	7.500000e-02	-5.16190e-12	
21	7.875000e-02	-5.95650e-12	
22	8.250000e-02	-6.87342e-12	
23	8.625000e-02	-7.93147e-12	
24	9.000000e-02	-9.15239e-12	
25	9.375000e-02	-1.05612e-11	
26	9.750000e-02	-1.21869e-11	
27	1.012500e-01	-1.40628e-11	
28	1.050000e-01	-1.62275e-11	
29	1.087500e-01	-1.87253e-11	
30	1.125000e-01	-2.16076e-11	
31	1.162500e-01	-2.49334e-11	
32	1.200000e-01	-2.87711e-11	
33	1.237500e-01	-3.31994e-11	
34	1.275000e-01	-3.83091e-11	
35	1.312500e-01	-4.42050e-11	
36	1.350000e-01	-5.10082e-11	
37	1.387500e-01	-5.88579e-11	
38	1.425000e-01	-6.79153e-11	
39	1.462500e-01	-7.83659e-11	
40	1.500000e-01	-9.04239e-11	
41	1.537500e-01	-1.04336e-10	
42	1.575000e-01	-1.21519e-10	
43	1.612500e-01	-1.40211e-10	
44	1.650000e-01	-1.61777e-10	
45	1.687500e-01	-1.86656e-10	
46	1.725000e-01	-2.15357e-10	
47	1.762500e-01	-2.48465e-10	
48	1.800000e-01	-2.86655e-10	
49	1.837500e-01	-3.30705e-10	
50	1.875000e-01	-3.81511e-10	
51	1.912500e-01	-4.40103e-10	
52	1.950000e-01	-5.07670e-10	
53	1.987500e-01	-5.85578e-10	
54	2.025000e-01	-6.75398e-10	

Index   v-sweep         vd#branch       
--------------------------------------------------------------------------------
55	2.062500e-01	-7.78939e-10	
56	2.100000e-01	-8.98277e-10	
57	2.137500e-01	-1.03580e-09	
58	2.175000e-01	-1.19424e-09	
59	2.212500e-01	-1.37674e-09	
60	2.250000e-01	-1.58690e-09	
61	2.287500e-01	-1.82883e-09	
62	2.325000e-01	-2.10724e-09	
63	2.362500e-01	-2.42749e-09	
64	2.400000e-01	-2.79570e-09	
65	2.437500e-01	-3.21882e-09	
66	2.475000e-01	-3.70476e-09	
67	2.512500e-01	-4.26243e-09	
68	2.550000e-01	-4.90194e-09	
69	2.587500e-01	-5.63464e-09	
70	2.625000e-01	-6.47325e-09	
71	2.662500e-01	-7.43199e-09	
72	2.700000e-01	-8.52667e-09	
73	2.737500e-01	-9.77479e-09	
74	2.775000e-01	-1.11956e-08	
75	2.812500e-01	-1.28100e-08	
76	2.850000e-01	-1.46410e-08	
77	2.887500e-01	-1.67131e-08	
78	2.925000e-01	-1.90526e-08	
79	2.962500e-01	-2.16873e-08	
80	3.000000e-01	-2.46463e-08	
81	3.037500e-01	-2.79598e-08	
82	3.075000e-01	-3.16590e-08	
83	3.112500e-01	-3.57752e-08	
84	3.150000e-01	-4.03398e-08	
85	3.187500e-01	-4.53840e-08	
86	3.225000e-01	-5.09380e-08	
87	3.262500e-01	-5.70309e-08	
88	3.300000e-01	-6.36902e-08	
89	3.337500e-01	-7.09415e-08	
90	3.375000e-01	-7.88086e-08	
91	3.412500e-01	-8.73126e-08	
92	3.450000e-01	-9.64726e-08	
93	3.487500e-01	-1.06305e-07	
94	3.525000e-01	-1.16825e-07	
95	3.562500e-01	-1.28043e-07	
96	3.600000e-01	-1.39970e-07	
97	3.637500e-01	-1.52612e-07	
98	3.675000e-01	-1.65975e-07	
99	3.712500e-01	-1.80061e-07	
100	3.750000e-01	-1.94873e-07	
101	3.787500e-01	-2.10407e-07	
102	3.825000e-01	-2.26663e-07	
103	3.862500e-01	-2.43634e-07	
104	3.900000e-01	-2.61314e-07	
105	3.937500e-01	-2.79696e-07	
106	3.975000e-01	-2.98771e-07	
107	4.012500e-01	-3.18528e-07	
108	4.050000e-01	-3.38623e-07	
109	4.087500e-01	-3.59716e-07	
110	4.125000e-01	-3.81456e-07	
111	4.162500e-01	-4.03829e-07	
112	4.200000e-01	-4.26821e-07	

Index   v-sweep         vd#branch       
--------------------------------------------------------------------------------
113	4.237500e-01	-4.50419e-07	
114	4.275000e-01	-4.74609e-07	
115	4.312500e-01	-4.99375e-07	
116	4.350000e-01	-5.24705e-07	
117	4.387500e-01	-5.50583e-07	
118	4.425000e-01	-5.76997e-07	
119	4.462500e-01	-6.03932e-07	
120	4.500000e-01	-6.31374e-07	
121	4.537500e-01	-6.59310e-07	
122	4.575000e-01	-6.87728e-07	
123	4.612500e-01	-7.16613e-07	
124	4.650000e-01	-7.45954e-07	
125	4.687500e-01	-7.75737e-07	
126	4.725000e-01	-8.05952e-07	
127	4.762500e-01	-8.36585e-07	
128	4.800000e-01	-8.67625e-07	
129	4.837500e-01	-8.99060e-07	
130	4.875000e-01	-9.30880e-07	
131	4.912500e-01	-9.63073e-07	
132	4.950000e-01	-9.95629e-07	
133	4.987500e-01	-1.02854e-06	
134	5.025000e-01	-1.06179e-06	
135	5.062500e-01	-1.09537e-06	
136	5.100000e-01	-1.12928e-06	
137	5.137500e-01	-1.16350e-06	
138	5.175000e-01	-1.19802e-06	
139	5.212500e-01	-1.23284e-06	
140	5.250000e-01	-1.26794e-06	
141	5.287500e-01	-1.30332e-06	
142	5.325000e-01	-1.33897e-06	
143	5.362500e-01	-1.37489e-06	
144	5.400000e-01	-1.41106e-06	
145	5.437500e-01	-1.44747e-06	
146	5.475000e-01	-1.48413e-06	
147	5.512500e-01	-1.52101e-06	
148	5.550000e-01	-1.55813e-06	
149	5.587500e-01	-1.59546e-06	
150	5.625000e-01	-1.63301e-06	
151	5.662500e-01	-1.67076e-06	
152	5.700000e-01	-1.70871e-06	
153	5.737500e-01	-1.74686e-06	
154	5.775000e-01	-1.78519e-06	
155	5.812500e-01	-1.82371e-06	
156	5.850000e-01	-1.86241e-06	
157	5.887500e-01	-1.90129e-06	
158	5.925000e-01	-1.94033e-06	
159	5.962500e-01	-1.97953e-06	
160	6.000000e-01	-2.01889e-06	
161	6.037500e-01	-2.05841e-06	
162	6.075000e-01	-2.09808e-06	
163	6.112500e-01	-2.13790e-06	
164	6.150000e-01	-2.17785e-06	
165	6.187500e-01	-2.21795e-06	
166	6.225000e-01	-2.25818e-06	
167	6.262500e-01	-2.29854e-06	
168	6.300000e-01	-2.33903e-06	
169	6.337500e-01	-2.37964e-06	
170	6.375000e-01	-2.42037e-06	

Index   v-sweep         vd#branch       
--------------------------------------------------------------------------------
171	6.412500e-01	-2.46122e-06	
172	6.450000e-01	-2.50218e-06	
173	6.487500e-01	-2.54326e-06	
174	6.525000e-01	-2.58444e-06	
175	6.562500e-01	-2.62573e-06	
176	6.600000e-01	-2.66712e-06	
177	6.637500e-01	-2.70861e-06	
178	6.675000e-01	-2.75019e-06	
179	6.712500e-01	-2.79187e-06	
180	6.750000e-01	-2.83365e-06	
181	6.787500e-01	-2.87551e-06	
182	6.825000e-01	-2.91746e-06	
183	6.862500e-01	-2.95950e-06	
184	6.900000e-01	-3.00161e-06	
185	6.937500e-01	-3.04381e-06	
186	6.975000e-01	-3.08609e-06	
187	7.012500e-01	-3.12845e-06	
188	7.050000e-01	-3.17088e-06	
189	7.087500e-01	-3.21338e-06	
190	7.125000e-01	-3.25595e-06	
191	7.162500e-01	-3.29859e-06	
192	7.200000e-01	-3.34130e-06	
193	7.237500e-01	-3.38408e-06	
194	7.275000e-01	-3.42692e-06	
195	7.312500e-01	-3.46982e-06	
196	7.350000e-01	-3.51278e-06	
197	7.387500e-01	-3.55581e-06	
198	7.425000e-01	-3.59889e-06	
199	7.462500e-01	-3.64202e-06	
200	7.500000e-01	-3.68522e-06	


Total analysis time (seconds) = 0.0253857

Total elapsed time (seconds) = 0.031 

Total DRAM available = 386307.215 MB.
DRAM currently available = 12854.352 MB.
Maximum ngspice program size =  529.723 MB.
Current ngspice program size =   14.160 MB.

Shared ngspice pages =   12.398 MB.
Text (code) pages =    6.266 MB.
Stack = 0 bytes.
Library pages =   59.141 MB.

