
Note: No compatibility mode selected!


Circuit: * mini-array n=8 layout

Warning: Model issue on line 7 :
  .model nfet bsimcmg_va type=1 bulkmod=0 bulkmod=0 igcmod=0 igbmod=0 gidl ...
unrecognized parameter (sasatcv) - ignored

Doing analysis at TEMP = -40.000000 and TNOM = 27.000000

Using SPARSE 1.3 as Direct Linear Solver

Initial Transient Solution
--------------------------

Node                                   Voltage
----                                   -------
pre                                      0.375
bl0                                      0.375
s                                            0
bltap0                                   0.375
wl0                                          0
bl1                                      0.375
bltap1                                   0.375
wl1                                          0
bl2                                      0.375
bltap2                                   0.375
wl2                                          0
bl3                                      0.375
bltap3                                   0.375
wl3                                          0
bl4                                      0.375
bltap4                                   0.375
wl4                                          0
bl5                                      0.375
bltap5                                   0.375
wl5                                          0
bl6                                      0.375
bltap6                                   0.375
wl6                                          0
bl7                                      0.375
bltap7                                   0.375
wl7                                          0
plate0                                       0
cell0                                        0
plate1                                   0.375
cell1                                 0.374983
plate2                                   0.375
cell2                                 0.374983
plate3                                   0.375
cell3                                 0.374983
plate4                                   0.375
cell4                                 0.374918
plate5                                   0.375
cell5                                 0.374983
plate6                                   0.375
cell6                                 0.374918
plate7                                   0.375
cell7                                 0.374918
vplate7#branch                               0
vwl7#branch                                  0
vplate6#branch                               0
vwl6#branch                                  0
vplate5#branch                               0
vwl5#branch                                  0
vplate4#branch                               0
vwl4#branch                                  0
vplate3#branch                               0
vwl3#branch                                  0
vplate2#branch                               0
vwl2#branch                                  0
vplate1#branch                               0
vwl1#branch                                  0
vplate0#branch                               0
vwl0#branch                                  0
vs#branch                                    0
vpre#branch                                  0


No. of Data Rows : 514

  Measurements for Transient Analysis

t_bl_settle         =  2.57376e-09
i_bl_leak           =  -2.52573e-10 from=  1.50000e-08 to=  2.50000e-08

                            * mini-array n=8 layout
                            Transient Analysis  Tue Jun 23 16:37:30  2026
--------------------------------------------------------------------------------
Index   time            v(bl0)          v(bl7)          vpre#branch     
--------------------------------------------------------------------------------
0	0.000000e+00	3.750000e-01	3.750000e-01	0.000000e+00	
1	5.000000e-13	3.750000e-01	3.750000e-01	-1.66751e-20	
2	1.000000e-12	3.750000e-01	3.750000e-01	-2.91192e-20	
3	2.000000e-12	3.750000e-01	3.750000e-01	-4.98393e-20	
4	4.000000e-12	3.750000e-01	3.750000e-01	-8.05922e-20	
5	8.000000e-12	3.750000e-01	3.750000e-01	-1.35823e-19	
6	1.600000e-11	3.750000e-01	3.750000e-01	-2.45702e-19	
7	3.200000e-11	3.750000e-01	3.750000e-01	-4.65827e-19	
8	6.400000e-11	3.750000e-01	3.750000e-01	-9.05782e-19	
9	1.140000e-10	3.750000e-01	3.750000e-01	-1.59339e-18	
10	1.640000e-10	3.750000e-01	3.750000e-01	-2.28038e-18	
11	2.140000e-10	3.750000e-01	3.750000e-01	-2.96760e-18	
12	2.640000e-10	3.750000e-01	3.750000e-01	-3.65459e-18	
13	3.140000e-10	3.750000e-01	3.750000e-01	-4.34180e-18	
14	3.640000e-10	3.750000e-01	3.750000e-01	-5.02880e-18	
15	4.140000e-10	3.750000e-01	3.750000e-01	-5.71600e-18	
16	4.640000e-10	3.750000e-01	3.750000e-01	-6.40300e-18	
17	5.140000e-10	3.750000e-01	3.750000e-01	-7.09019e-18	
18	5.640000e-10	3.750000e-01	3.750000e-01	-7.77719e-18	
19	6.140000e-10	3.750000e-01	3.750000e-01	-8.46437e-18	
20	6.640000e-10	3.750000e-01	3.750000e-01	-9.15137e-18	
21	7.140000e-10	3.750000e-01	3.750000e-01	-9.83855e-18	
22	7.640000e-10	3.750000e-01	3.750000e-01	-1.05255e-17	
23	8.140000e-10	3.750000e-01	3.750000e-01	-1.12127e-17	
24	8.640000e-10	3.750000e-01	3.750000e-01	-1.18997e-17	
25	9.140000e-10	3.750000e-01	3.750000e-01	-1.25869e-17	
26	9.570000e-10	3.750000e-01	3.750000e-01	-1.31780e-17	
27	1.000000e-09	3.750000e-01	3.750000e-01	-1.37695e-17	
28	1.005000e-09	3.750462e-01	3.750262e-01	4.621529e-13	
29	1.015000e-09	3.751198e-01	3.750930e-01	1.197752e-12	
30	1.035000e-09	3.752577e-01	3.752358e-01	2.577428e-12	
31	1.075000e-09	3.755406e-01	3.755146e-01	5.406464e-12	
32	1.125000e-09	3.758897e-01	3.758674e-01	8.897467e-12	
33	1.175000e-09	3.762425e-01	3.762168e-01	1.242522e-11	
34	1.225000e-09	3.765919e-01	3.765693e-01	1.591874e-11	
35	1.275000e-09	3.769443e-01	3.769188e-01	1.944290e-11	
36	1.325000e-09	3.772935e-01	3.772707e-01	2.293459e-11	
37	1.375000e-09	3.776440e-01	3.776189e-01	2.643984e-11	
38	1.425000e-09	3.779873e-01	3.779650e-01	2.987337e-11	
39	1.475000e-09	3.783201e-01	3.782969e-01	3.320148e-11	
40	1.525000e-09	3.786246e-01	3.786056e-01	3.624635e-11	
41	1.575000e-09	3.788898e-01	3.788723e-01	3.889817e-11	
42	1.625000e-09	3.790988e-01	3.790870e-01	4.098798e-11	
43	1.675000e-09	3.792455e-01	3.792368e-01	4.245458e-11	
44	1.725000e-09	3.793200e-01	3.793177e-01	4.320032e-11	
45	1.775000e-09	3.793216e-01	3.793232e-01	4.321580e-11	
46	1.825000e-09	3.792452e-01	3.792533e-01	4.245162e-11	
47	1.875000e-09	3.790926e-01	3.791050e-01	4.092645e-11	
48	1.925000e-09	3.788618e-01	3.788804e-01	3.861828e-11	
49	1.962500e-09	3.786396e-01	3.786612e-01	3.639632e-11	
50	2.000000e-09	3.783742e-01	3.784005e-01	3.374211e-11	
51	2.005000e-09	3.782900e-01	3.783361e-01	3.289963e-11	
52	2.015000e-09	3.781407e-01	3.781934e-01	3.140702e-11	
53	2.035000e-09	3.778541e-01	3.779013e-01	2.854114e-11	
54	2.075000e-09	3.772845e-01	3.773347e-01	2.284524e-11	

Index   time            v(bl0)          v(bl7)          vpre#branch     
--------------------------------------------------------------------------------
55	2.125000e-09	3.765965e-01	3.766414e-01	1.596458e-11	
56	2.175000e-09	3.759255e-01	3.759725e-01	9.255090e-12	
57	2.225000e-09	3.752780e-01	3.753205e-01	2.780336e-12	
58	2.275000e-09	3.746467e-01	3.746908e-01	-3.53271e-12	
59	2.325000e-09	3.740370e-01	3.740771e-01	-9.63029e-12	
60	2.375000e-09	3.734425e-01	3.734839e-01	-1.55753e-11	
61	2.425000e-09	3.728678e-01	3.729057e-01	-2.13221e-11	
62	2.475000e-09	3.723075e-01	3.723464e-01	-2.69252e-11	
63	2.525000e-09	3.717654e-01	3.718013e-01	-3.23458e-11	
64	2.575000e-09	3.712369e-01	3.712735e-01	-3.76309e-11	
65	2.625000e-09	3.707252e-01	3.707592e-01	-4.27478e-11	
66	2.675000e-09	3.702263e-01	3.702608e-01	-4.77371e-11	
67	2.725000e-09	3.697429e-01	3.697751e-01	-5.25711e-11	
68	2.775000e-09	3.692715e-01	3.693040e-01	-5.72850e-11	
69	2.825000e-09	3.688145e-01	3.688449e-01	-6.18553e-11	
70	2.875000e-09	3.683687e-01	3.683994e-01	-6.63126e-11	
71	2.925000e-09	3.679363e-01	3.679652e-01	-7.06370e-11	
72	2.975000e-09	3.675145e-01	3.675435e-01	-7.48551e-11	
73	3.025000e-09	3.671050e-01	3.671324e-01	-7.89499e-11	
74	3.075000e-09	3.667055e-01	3.667330e-01	-8.29448e-11	
75	3.125000e-09	3.663175e-01	3.663435e-01	-8.68254e-11	
76	3.175000e-09	3.659388e-01	3.659648e-01	-9.06119e-11	
77	3.225000e-09	3.655708e-01	3.655955e-01	-9.42920e-11	
78	3.275000e-09	3.652116e-01	3.652362e-01	-9.78838e-11	
79	3.325000e-09	3.648623e-01	3.648858e-01	-1.01377e-10	
80	3.375000e-09	3.645214e-01	3.645447e-01	-1.04786e-10	
81	3.425000e-09	3.641896e-01	3.642119e-01	-1.08104e-10	
82	3.475000e-09	3.638657e-01	3.638878e-01	-1.11343e-10	
83	3.525000e-09	3.635503e-01	3.635716e-01	-1.14497e-10	
84	3.575000e-09	3.632424e-01	3.632634e-01	-1.17576e-10	
85	3.625000e-09	3.629424e-01	3.629626e-01	-1.20576e-10	
86	3.675000e-09	3.626494e-01	3.626694e-01	-1.23506e-10	
87	3.725000e-09	3.623639e-01	3.623831e-01	-1.26361e-10	
88	3.775000e-09	3.620849e-01	3.621039e-01	-1.29151e-10	
89	3.825000e-09	3.618129e-01	3.618313e-01	-1.31871e-10	
90	3.875000e-09	3.615470e-01	3.615652e-01	-1.34530e-10	
91	3.925000e-09	3.612878e-01	3.613053e-01	-1.37122e-10	
92	3.975000e-09	3.610343e-01	3.610516e-01	-1.39657e-10	
93	4.025000e-09	3.607870e-01	3.608037e-01	-1.42130e-10	
94	4.075000e-09	3.605451e-01	3.605616e-01	-1.44549e-10	
95	4.125000e-09	3.603091e-01	3.603251e-01	-1.46909e-10	
96	4.175000e-09	3.600781e-01	3.600939e-01	-1.49219e-10	
97	4.225000e-09	3.598527e-01	3.598679e-01	-1.51473e-10	
98	4.275000e-09	3.596320e-01	3.596471e-01	-1.53680e-10	
99	4.325000e-09	3.594165e-01	3.594311e-01	-1.55835e-10	
100	4.375000e-09	3.592056e-01	3.592200e-01	-1.57944e-10	
101	4.425000e-09	3.589995e-01	3.590135e-01	-1.60005e-10	
102	4.475000e-09	3.587977e-01	3.588115e-01	-1.62023e-10	
103	4.525000e-09	3.586005e-01	3.586139e-01	-1.63995e-10	
104	4.575000e-09	3.584074e-01	3.584205e-01	-1.65926e-10	
105	4.625000e-09	3.582185e-01	3.582314e-01	-1.67815e-10	
106	4.675000e-09	3.580336e-01	3.580462e-01	-1.69664e-10	
107	4.725000e-09	3.578526e-01	3.578649e-01	-1.71474e-10	
108	4.775000e-09	3.576754e-01	3.576874e-01	-1.73246e-10	
109	4.825000e-09	3.575019e-01	3.575137e-01	-1.74981e-10	
110	4.875000e-09	3.573320e-01	3.573436e-01	-1.76680e-10	
111	4.925000e-09	3.571656e-01	3.571769e-01	-1.78344e-10	
112	4.975000e-09	3.570026e-01	3.570137e-01	-1.79974e-10	

Index   time            v(bl0)          v(bl7)          vpre#branch     
--------------------------------------------------------------------------------
113	5.025000e-09	3.568430e-01	3.568538e-01	-1.81570e-10	
114	5.075000e-09	3.566865e-01	3.566972e-01	-1.83135e-10	
115	5.125000e-09	3.565333e-01	3.565437e-01	-1.84667e-10	
116	5.175000e-09	3.563830e-01	3.563932e-01	-1.86170e-10	
117	5.225000e-09	3.562358e-01	3.562458e-01	-1.87642e-10	
118	5.275000e-09	3.560915e-01	3.561013e-01	-1.89085e-10	
119	5.325000e-09	3.559500e-01	3.559597e-01	-1.90500e-10	
120	5.375000e-09	3.558113e-01	3.558207e-01	-1.91887e-10	
121	5.425000e-09	3.556753e-01	3.556846e-01	-1.93247e-10	
122	5.475000e-09	3.555420e-01	3.555510e-01	-1.94580e-10	
123	5.525000e-09	3.554112e-01	3.554201e-01	-1.95888e-10	
124	5.575000e-09	3.552829e-01	3.552917e-01	-1.97171e-10	
125	5.625000e-09	3.551572e-01	3.551657e-01	-1.98428e-10	
126	5.675000e-09	3.550337e-01	3.550421e-01	-1.99663e-10	
127	5.725000e-09	3.549127e-01	3.549210e-01	-2.00873e-10	
128	5.775000e-09	3.547939e-01	3.548020e-01	-2.02061e-10	
129	5.825000e-09	3.546775e-01	3.546854e-01	-2.03225e-10	
130	5.875000e-09	3.545631e-01	3.545709e-01	-2.04369e-10	
131	5.925000e-09	3.544510e-01	3.544586e-01	-2.05490e-10	
132	5.975000e-09	3.543409e-01	3.543484e-01	-2.06591e-10	
133	6.025000e-09	3.542329e-01	3.542402e-01	-2.07671e-10	
134	6.075000e-09	3.541269e-01	3.541341e-01	-2.08731e-10	
135	6.125000e-09	3.540229e-01	3.540300e-01	-2.09771e-10	
136	6.175000e-09	3.539208e-01	3.539277e-01	-2.10792e-10	
137	6.225000e-09	3.538206e-01	3.538274e-01	-2.11794e-10	
138	6.275000e-09	3.537223e-01	3.537290e-01	-2.12777e-10	
139	6.325000e-09	3.536258e-01	3.536324e-01	-2.13742e-10	
140	6.375000e-09	3.535311e-01	3.535376e-01	-2.14689e-10	
141	6.425000e-09	3.534382e-01	3.534445e-01	-2.15618e-10	
142	6.475000e-09	3.533470e-01	3.533532e-01	-2.16530e-10	
143	6.525000e-09	3.532576e-01	3.532636e-01	-2.17424e-10	
144	6.575000e-09	3.531697e-01	3.531757e-01	-2.18303e-10	
145	6.625000e-09	3.530836e-01	3.530895e-01	-2.19164e-10	
146	6.675000e-09	3.529991e-01	3.530048e-01	-2.20009e-10	
147	6.725000e-09	3.529162e-01	3.529218e-01	-2.20838e-10	
148	6.775000e-09	3.528348e-01	3.528404e-01	-2.21652e-10	
149	6.825000e-09	3.527551e-01	3.527605e-01	-2.22449e-10	
150	6.875000e-09	3.526768e-01	3.526821e-01	-2.23232e-10	
151	6.925000e-09	3.526001e-01	3.526053e-01	-2.23999e-10	
152	6.975000e-09	3.525249e-01	3.525300e-01	-2.24751e-10	
153	7.025000e-09	3.524512e-01	3.524562e-01	-2.25488e-10	
154	7.075000e-09	3.523789e-01	3.523838e-01	-2.26211e-10	
155	7.125000e-09	3.523081e-01	3.523129e-01	-2.26919e-10	
156	7.175000e-09	3.522387e-01	3.522435e-01	-2.27613e-10	
157	7.225000e-09	3.521708e-01	3.521754e-01	-2.28292e-10	
158	7.275000e-09	3.521043e-01	3.521088e-01	-2.28957e-10	
159	7.325000e-09	3.520391e-01	3.520436e-01	-2.29609e-10	
160	7.375000e-09	3.519754e-01	3.519797e-01	-2.30246e-10	
161	7.425000e-09	3.519130e-01	3.519172e-01	-2.30870e-10	
162	7.475000e-09	3.518520e-01	3.518561e-01	-2.31480e-10	
163	7.525000e-09	3.517923e-01	3.517964e-01	-2.32077e-10	
164	7.575000e-09	3.517339e-01	3.517379e-01	-2.32661e-10	
165	7.625000e-09	3.516769e-01	3.516808e-01	-2.33231e-10	
166	7.675000e-09	3.516212e-01	3.516250e-01	-2.33788e-10	
167	7.725000e-09	3.515668e-01	3.515705e-01	-2.34332e-10	
168	7.775000e-09	3.515137e-01	3.515173e-01	-2.34863e-10	
169	7.825000e-09	3.514619e-01	3.514654e-01	-2.35381e-10	
170	7.875000e-09	3.514113e-01	3.514147e-01	-2.35887e-10	

Index   time            v(bl0)          v(bl7)          vpre#branch     
--------------------------------------------------------------------------------
171	7.925000e-09	3.513620e-01	3.513653e-01	-2.36380e-10	
172	7.975000e-09	3.513138e-01	3.513171e-01	-2.36862e-10	
173	8.025000e-09	3.512670e-01	3.512701e-01	-2.37330e-10	
174	8.075000e-09	3.512213e-01	3.512244e-01	-2.37787e-10	
175	8.125000e-09	3.511768e-01	3.511798e-01	-2.38232e-10	
176	8.175000e-09	3.511334e-01	3.511364e-01	-2.38666e-10	
177	8.225000e-09	3.510913e-01	3.510941e-01	-2.39087e-10	
178	8.275000e-09	3.510502e-01	3.510530e-01	-2.39498e-10	
179	8.325000e-09	3.510103e-01	3.510130e-01	-2.39897e-10	
180	8.375000e-09	3.509714e-01	3.509740e-01	-2.40286e-10	
181	8.425000e-09	3.509337e-01	3.509362e-01	-2.40663e-10	
182	8.475000e-09	3.508969e-01	3.508994e-01	-2.41031e-10	
183	8.525000e-09	3.508613e-01	3.508637e-01	-2.41387e-10	
184	8.575000e-09	3.508266e-01	3.508289e-01	-2.41734e-10	
185	8.625000e-09	3.507929e-01	3.507952e-01	-2.42071e-10	
186	8.675000e-09	3.507602e-01	3.507624e-01	-2.42398e-10	
187	8.725000e-09	3.507285e-01	3.507306e-01	-2.42715e-10	
188	8.775000e-09	3.506976e-01	3.506997e-01	-2.43024e-10	
189	8.825000e-09	3.506678e-01	3.506698e-01	-2.43322e-10	
190	8.875000e-09	3.506387e-01	3.506407e-01	-2.43613e-10	
191	8.925000e-09	3.506106e-01	3.506125e-01	-2.43894e-10	
192	8.975000e-09	3.505832e-01	3.505851e-01	-2.44168e-10	
193	9.025000e-09	3.505568e-01	3.505586e-01	-2.44432e-10	
194	9.075000e-09	3.505311e-01	3.505328e-01	-2.44689e-10	
195	9.125000e-09	3.505062e-01	3.505079e-01	-2.44938e-10	
196	9.175000e-09	3.504820e-01	3.504837e-01	-2.45180e-10	
197	9.225000e-09	3.504586e-01	3.504602e-01	-2.45414e-10	
198	9.275000e-09	3.504359e-01	3.504375e-01	-2.45641e-10	
199	9.325000e-09	3.504140e-01	3.504155e-01	-2.45860e-10	
200	9.375000e-09	3.503927e-01	3.503941e-01	-2.46073e-10	
201	9.425000e-09	3.503720e-01	3.503734e-01	-2.46280e-10	
202	9.475000e-09	3.503520e-01	3.503534e-01	-2.46480e-10	
203	9.525000e-09	3.503326e-01	3.503340e-01	-2.46674e-10	
204	9.575000e-09	3.503139e-01	3.503151e-01	-2.46861e-10	
205	9.625000e-09	3.502957e-01	3.502969e-01	-2.47043e-10	
206	9.675000e-09	3.502781e-01	3.502793e-01	-2.47219e-10	
207	9.725000e-09	3.502610e-01	3.502622e-01	-2.47390e-10	
208	9.775000e-09	3.502445e-01	3.502456e-01	-2.47555e-10	
209	9.825000e-09	3.502285e-01	3.502296e-01	-2.47715e-10	
210	9.875000e-09	3.502130e-01	3.502140e-01	-2.47870e-10	
211	9.925000e-09	3.501980e-01	3.501990e-01	-2.48020e-10	
212	9.975000e-09	3.501834e-01	3.501844e-01	-2.48166e-10	
213	1.002500e-08	3.501693e-01	3.501703e-01	-2.48307e-10	
214	1.007500e-08	3.501557e-01	3.501566e-01	-2.48443e-10	
215	1.012500e-08	3.501425e-01	3.501434e-01	-2.48575e-10	
216	1.017500e-08	3.501297e-01	3.501306e-01	-2.48703e-10	
217	1.022500e-08	3.501173e-01	3.501182e-01	-2.48827e-10	
218	1.027500e-08	3.501053e-01	3.501061e-01	-2.48947e-10	
219	1.032500e-08	3.500937e-01	3.500945e-01	-2.49063e-10	
220	1.037500e-08	3.500825e-01	3.500832e-01	-2.49175e-10	
221	1.042500e-08	3.500716e-01	3.500723e-01	-2.49284e-10	
222	1.047500e-08	3.500610e-01	3.500617e-01	-2.49390e-10	
223	1.052500e-08	3.500508e-01	3.500515e-01	-2.49492e-10	
224	1.057500e-08	3.500409e-01	3.500416e-01	-2.49591e-10	
225	1.062500e-08	3.500313e-01	3.500320e-01	-2.49687e-10	
226	1.067500e-08	3.500220e-01	3.500227e-01	-2.49780e-10	
227	1.072500e-08	3.500130e-01	3.500136e-01	-2.49870e-10	
228	1.077500e-08	3.500043e-01	3.500049e-01	-2.49957e-10	

Index   time            v(bl0)          v(bl7)          vpre#branch     
--------------------------------------------------------------------------------
229	1.082500e-08	3.499959e-01	3.499965e-01	-2.50041e-10	
230	1.087500e-08	3.499877e-01	3.499883e-01	-2.50123e-10	
231	1.092500e-08	3.499798e-01	3.499803e-01	-2.50202e-10	
232	1.097500e-08	3.499721e-01	3.499727e-01	-2.50279e-10	
233	1.102500e-08	3.499647e-01	3.499652e-01	-2.50353e-10	
234	1.107500e-08	3.499575e-01	3.499580e-01	-2.50425e-10	
235	1.112500e-08	3.499506e-01	3.499511e-01	-2.50494e-10	
236	1.117500e-08	3.499438e-01	3.499443e-01	-2.50562e-10	
237	1.122500e-08	3.499373e-01	3.499377e-01	-2.50627e-10	
238	1.127500e-08	3.499310e-01	3.499314e-01	-2.50690e-10	
239	1.132500e-08	3.499249e-01	3.499253e-01	-2.50751e-10	
240	1.137500e-08	3.499189e-01	3.499193e-01	-2.50811e-10	
241	1.142500e-08	3.499132e-01	3.499136e-01	-2.50868e-10	
242	1.147500e-08	3.499076e-01	3.499080e-01	-2.50924e-10	
243	1.152500e-08	3.499022e-01	3.499026e-01	-2.50978e-10	
244	1.157500e-08	3.498970e-01	3.498973e-01	-2.51030e-10	
245	1.162500e-08	3.498919e-01	3.498923e-01	-2.51081e-10	
246	1.167500e-08	3.498870e-01	3.498873e-01	-2.51130e-10	
247	1.172500e-08	3.498823e-01	3.498826e-01	-2.51177e-10	
248	1.177500e-08	3.498777e-01	3.498780e-01	-2.51223e-10	
249	1.182500e-08	3.498732e-01	3.498735e-01	-2.51268e-10	
250	1.187500e-08	3.498689e-01	3.498692e-01	-2.51311e-10	
251	1.192500e-08	3.498647e-01	3.498650e-01	-2.51353e-10	
252	1.197500e-08	3.498606e-01	3.498609e-01	-2.51394e-10	
253	1.202500e-08	3.498567e-01	3.498570e-01	-2.51433e-10	
254	1.207500e-08	3.498529e-01	3.498532e-01	-2.51471e-10	
255	1.212500e-08	3.498492e-01	3.498495e-01	-2.51508e-10	
256	1.217500e-08	3.498457e-01	3.498459e-01	-2.51543e-10	
257	1.222500e-08	3.498422e-01	3.498425e-01	-2.51578e-10	
258	1.227500e-08	3.498389e-01	3.498391e-01	-2.51611e-10	
259	1.232500e-08	3.498356e-01	3.498358e-01	-2.51644e-10	
260	1.237500e-08	3.498325e-01	3.498327e-01	-2.51675e-10	
261	1.242500e-08	3.498294e-01	3.498297e-01	-2.51706e-10	
262	1.247500e-08	3.498265e-01	3.498267e-01	-2.51735e-10	
263	1.252500e-08	3.498236e-01	3.498238e-01	-2.51764e-10	
264	1.257500e-08	3.498209e-01	3.498211e-01	-2.51791e-10	
265	1.262500e-08	3.498182e-01	3.498184e-01	-2.51818e-10	
266	1.267500e-08	3.498156e-01	3.498158e-01	-2.51844e-10	
267	1.272500e-08	3.498131e-01	3.498133e-01	-2.51869e-10	
268	1.277500e-08	3.498107e-01	3.498108e-01	-2.51893e-10	
269	1.282500e-08	3.498083e-01	3.498085e-01	-2.51917e-10	
270	1.287500e-08	3.498060e-01	3.498062e-01	-2.51940e-10	
271	1.292500e-08	3.498038e-01	3.498040e-01	-2.51962e-10	
272	1.297500e-08	3.498017e-01	3.498018e-01	-2.51983e-10	
273	1.302500e-08	3.497996e-01	3.497997e-01	-2.52004e-10	
274	1.307500e-08	3.497976e-01	3.497977e-01	-2.52024e-10	
275	1.312500e-08	3.497956e-01	3.497958e-01	-2.52044e-10	
276	1.317500e-08	3.497937e-01	3.497939e-01	-2.52063e-10	
277	1.322500e-08	3.497919e-01	3.497920e-01	-2.52081e-10	
278	1.327500e-08	3.497902e-01	3.497903e-01	-2.52098e-10	
279	1.332500e-08	3.497884e-01	3.497886e-01	-2.52116e-10	
280	1.337500e-08	3.497868e-01	3.497869e-01	-2.52132e-10	
281	1.342500e-08	3.497852e-01	3.497853e-01	-2.52148e-10	
282	1.347500e-08	3.497836e-01	3.497837e-01	-2.52164e-10	
283	1.352500e-08	3.497821e-01	3.497822e-01	-2.52179e-10	
284	1.357500e-08	3.497807e-01	3.497808e-01	-2.52193e-10	
285	1.362500e-08	3.497792e-01	3.497793e-01	-2.52208e-10	
286	1.367500e-08	3.497779e-01	3.497780e-01	-2.52221e-10	

Index   time            v(bl0)          v(bl7)          vpre#branch     
--------------------------------------------------------------------------------
287	1.372500e-08	3.497766e-01	3.497766e-01	-2.52234e-10	
288	1.377500e-08	3.497753e-01	3.497754e-01	-2.52247e-10	
289	1.382500e-08	3.497740e-01	3.497741e-01	-2.52260e-10	
290	1.387500e-08	3.497728e-01	3.497729e-01	-2.52272e-10	
291	1.392500e-08	3.497717e-01	3.497717e-01	-2.52283e-10	
292	1.397500e-08	3.497705e-01	3.497706e-01	-2.52295e-10	
293	1.402500e-08	3.497695e-01	3.497695e-01	-2.52305e-10	
294	1.407500e-08	3.497684e-01	3.497685e-01	-2.52316e-10	
295	1.412500e-08	3.497674e-01	3.497674e-01	-2.52326e-10	
296	1.417500e-08	3.497664e-01	3.497665e-01	-2.52336e-10	
297	1.422500e-08	3.497654e-01	3.497655e-01	-2.52346e-10	
298	1.427500e-08	3.497645e-01	3.497646e-01	-2.52355e-10	
299	1.432500e-08	3.497636e-01	3.497637e-01	-2.52364e-10	
300	1.437500e-08	3.497627e-01	3.497628e-01	-2.52373e-10	
301	1.442500e-08	3.497619e-01	3.497620e-01	-2.52381e-10	
302	1.447500e-08	3.497611e-01	3.497612e-01	-2.52389e-10	
303	1.452500e-08	3.497603e-01	3.497604e-01	-2.52397e-10	
304	1.457500e-08	3.497596e-01	3.497596e-01	-2.52404e-10	
305	1.462500e-08	3.497588e-01	3.497589e-01	-2.52412e-10	
306	1.467500e-08	3.497581e-01	3.497582e-01	-2.52419e-10	
307	1.472500e-08	3.497574e-01	3.497575e-01	-2.52426e-10	
308	1.477500e-08	3.497568e-01	3.497568e-01	-2.52432e-10	
309	1.482500e-08	3.497561e-01	3.497562e-01	-2.52439e-10	
310	1.487500e-08	3.497555e-01	3.497555e-01	-2.52445e-10	
311	1.492500e-08	3.497549e-01	3.497549e-01	-2.52451e-10	
312	1.497500e-08	3.497543e-01	3.497544e-01	-2.52457e-10	
313	1.502500e-08	3.497538e-01	3.497538e-01	-2.52462e-10	
314	1.507500e-08	3.497532e-01	3.497532e-01	-2.52468e-10	
315	1.512500e-08	3.497527e-01	3.497527e-01	-2.52473e-10	
316	1.517500e-08	3.497522e-01	3.497522e-01	-2.52478e-10	
317	1.522500e-08	3.497517e-01	3.497517e-01	-2.52483e-10	
318	1.527500e-08	3.497512e-01	3.497513e-01	-2.52488e-10	
319	1.532500e-08	3.497508e-01	3.497508e-01	-2.52492e-10	
320	1.537500e-08	3.497503e-01	3.497504e-01	-2.52497e-10	
321	1.542500e-08	3.497499e-01	3.497499e-01	-2.52501e-10	
322	1.547500e-08	3.497495e-01	3.497495e-01	-2.52505e-10	
323	1.552500e-08	3.497491e-01	3.497491e-01	-2.52509e-10	
324	1.557500e-08	3.497487e-01	3.497487e-01	-2.52513e-10	
325	1.562500e-08	3.497483e-01	3.497484e-01	-2.52517e-10	
326	1.567500e-08	3.497480e-01	3.497480e-01	-2.52520e-10	
327	1.572500e-08	3.497476e-01	3.497477e-01	-2.52524e-10	
328	1.577500e-08	3.497473e-01	3.497473e-01	-2.52527e-10	
329	1.582500e-08	3.497470e-01	3.497470e-01	-2.52530e-10	
330	1.587500e-08	3.497467e-01	3.497467e-01	-2.52533e-10	
331	1.592500e-08	3.497464e-01	3.497464e-01	-2.52536e-10	
332	1.597500e-08	3.497461e-01	3.497461e-01	-2.52539e-10	
333	1.602500e-08	3.497458e-01	3.497458e-01	-2.52542e-10	
334	1.607500e-08	3.497455e-01	3.497456e-01	-2.52545e-10	
335	1.612500e-08	3.497453e-01	3.497453e-01	-2.52547e-10	
336	1.617500e-08	3.497450e-01	3.497450e-01	-2.52550e-10	
337	1.622500e-08	3.497448e-01	3.497448e-01	-2.52552e-10	
338	1.627500e-08	3.497446e-01	3.497446e-01	-2.52554e-10	
339	1.632500e-08	3.497443e-01	3.497444e-01	-2.52557e-10	
340	1.637500e-08	3.497441e-01	3.497441e-01	-2.52559e-10	
341	1.642500e-08	3.497439e-01	3.497439e-01	-2.52561e-10	
342	1.647500e-08	3.497437e-01	3.497437e-01	-2.52563e-10	
343	1.652500e-08	3.497435e-01	3.497435e-01	-2.52565e-10	
344	1.657500e-08	3.497433e-01	3.497434e-01	-2.52567e-10	

Index   time            v(bl0)          v(bl7)          vpre#branch     
--------------------------------------------------------------------------------
345	1.662500e-08	3.497432e-01	3.497432e-01	-2.52568e-10	
346	1.667500e-08	3.497430e-01	3.497430e-01	-2.52570e-10	
347	1.672500e-08	3.497428e-01	3.497429e-01	-2.52572e-10	
348	1.677500e-08	3.497427e-01	3.497427e-01	-2.52573e-10	
349	1.682500e-08	3.497425e-01	3.497426e-01	-2.52575e-10	
350	1.687500e-08	3.497424e-01	3.497424e-01	-2.52576e-10	
351	1.692500e-08	3.497423e-01	3.497423e-01	-2.52577e-10	
352	1.697500e-08	3.497421e-01	3.497421e-01	-2.52579e-10	
353	1.702500e-08	3.497420e-01	3.497420e-01	-2.52580e-10	
354	1.707500e-08	3.497419e-01	3.497419e-01	-2.52581e-10	
355	1.712500e-08	3.497418e-01	3.497418e-01	-2.52582e-10	
356	1.717500e-08	3.497417e-01	3.497417e-01	-2.52583e-10	
357	1.722500e-08	3.497416e-01	3.497416e-01	-2.52584e-10	
358	1.727500e-08	3.497415e-01	3.497415e-01	-2.52585e-10	
359	1.732500e-08	3.497414e-01	3.497414e-01	-2.52586e-10	
360	1.737500e-08	3.497413e-01	3.497413e-01	-2.52587e-10	
361	1.742500e-08	3.497412e-01	3.497412e-01	-2.52588e-10	
362	1.747500e-08	3.497411e-01	3.497411e-01	-2.52589e-10	
363	1.752500e-08	3.497410e-01	3.497410e-01	-2.52590e-10	
364	1.757500e-08	3.497410e-01	3.497410e-01	-2.52590e-10	
365	1.762500e-08	3.497409e-01	3.497409e-01	-2.52591e-10	
366	1.767500e-08	3.497408e-01	3.497408e-01	-2.52592e-10	
367	1.772500e-08	3.497408e-01	3.497408e-01	-2.52592e-10	
368	1.777500e-08	3.497407e-01	3.497407e-01	-2.52593e-10	
369	1.782500e-08	3.497406e-01	3.497407e-01	-2.52594e-10	
370	1.787500e-08	3.497406e-01	3.497406e-01	-2.52594e-10	
371	1.792500e-08	3.497405e-01	3.497405e-01	-2.52595e-10	
372	1.797500e-08	3.497405e-01	3.497405e-01	-2.52595e-10	
373	1.802500e-08	3.497405e-01	3.497405e-01	-2.52595e-10	
374	1.807500e-08	3.497404e-01	3.497404e-01	-2.52596e-10	
375	1.812500e-08	3.497404e-01	3.497404e-01	-2.52596e-10	
376	1.817500e-08	3.497403e-01	3.497403e-01	-2.52597e-10	
377	1.822500e-08	3.497403e-01	3.497403e-01	-2.52597e-10	
378	1.827500e-08	3.497403e-01	3.497403e-01	-2.52597e-10	
379	1.832500e-08	3.497403e-01	3.497403e-01	-2.52597e-10	
380	1.837500e-08	3.497402e-01	3.497402e-01	-2.52598e-10	
381	1.842500e-08	3.497402e-01	3.497402e-01	-2.52598e-10	
382	1.847500e-08	3.497402e-01	3.497402e-01	-2.52598e-10	
383	1.852500e-08	3.497402e-01	3.497402e-01	-2.52598e-10	
384	1.857500e-08	3.497402e-01	3.497402e-01	-2.52598e-10	
385	1.862500e-08	3.497402e-01	3.497402e-01	-2.52598e-10	
386	1.867500e-08	3.497401e-01	3.497401e-01	-2.52599e-10	
387	1.872500e-08	3.497401e-01	3.497401e-01	-2.52599e-10	
388	1.877500e-08	3.497401e-01	3.497401e-01	-2.52599e-10	
389	1.882500e-08	3.497401e-01	3.497401e-01	-2.52599e-10	
390	1.887500e-08	3.497401e-01	3.497401e-01	-2.52599e-10	
391	1.892500e-08	3.497401e-01	3.497401e-01	-2.52599e-10	
392	1.897500e-08	3.497401e-01	3.497401e-01	-2.52599e-10	
393	1.902500e-08	3.497401e-01	3.497401e-01	-2.52599e-10	
394	1.907500e-08	3.497401e-01	3.497401e-01	-2.52599e-10	
395	1.912500e-08	3.497401e-01	3.497401e-01	-2.52599e-10	
396	1.917500e-08	3.497401e-01	3.497401e-01	-2.52599e-10	
397	1.922500e-08	3.497401e-01	3.497401e-01	-2.52599e-10	
398	1.927500e-08	3.497401e-01	3.497401e-01	-2.52599e-10	
399	1.932500e-08	3.497402e-01	3.497402e-01	-2.52598e-10	
400	1.937500e-08	3.497402e-01	3.497402e-01	-2.52598e-10	
401	1.942500e-08	3.497402e-01	3.497402e-01	-2.52598e-10	
402	1.947500e-08	3.497402e-01	3.497402e-01	-2.52598e-10	

Index   time            v(bl0)          v(bl7)          vpre#branch     
--------------------------------------------------------------------------------
403	1.952500e-08	3.497402e-01	3.497402e-01	-2.52598e-10	
404	1.957500e-08	3.497402e-01	3.497402e-01	-2.52598e-10	
405	1.962500e-08	3.497402e-01	3.497402e-01	-2.52598e-10	
406	1.967500e-08	3.497403e-01	3.497403e-01	-2.52597e-10	
407	1.972500e-08	3.497403e-01	3.497403e-01	-2.52597e-10	
408	1.977500e-08	3.497403e-01	3.497403e-01	-2.52597e-10	
409	1.982500e-08	3.497403e-01	3.497403e-01	-2.52597e-10	
410	1.987500e-08	3.497403e-01	3.497403e-01	-2.52597e-10	
411	1.992500e-08	3.497404e-01	3.497404e-01	-2.52596e-10	
412	1.997500e-08	3.497404e-01	3.497404e-01	-2.52596e-10	
413	2.002500e-08	3.497404e-01	3.497404e-01	-2.52596e-10	
414	2.007500e-08	3.497404e-01	3.497404e-01	-2.52596e-10	
415	2.012500e-08	3.497405e-01	3.497405e-01	-2.52595e-10	
416	2.017500e-08	3.497405e-01	3.497405e-01	-2.52595e-10	
417	2.022500e-08	3.497405e-01	3.497405e-01	-2.52595e-10	
418	2.027500e-08	3.497406e-01	3.497406e-01	-2.52594e-10	
419	2.032500e-08	3.497406e-01	3.497406e-01	-2.52594e-10	
420	2.037500e-08	3.497406e-01	3.497406e-01	-2.52594e-10	
421	2.042500e-08	3.497407e-01	3.497407e-01	-2.52593e-10	
422	2.047500e-08	3.497407e-01	3.497407e-01	-2.52593e-10	
423	2.052500e-08	3.497407e-01	3.497407e-01	-2.52593e-10	
424	2.057500e-08	3.497408e-01	3.497408e-01	-2.52592e-10	
425	2.062500e-08	3.497408e-01	3.497408e-01	-2.52592e-10	
426	2.067500e-08	3.497408e-01	3.497408e-01	-2.52592e-10	
427	2.072500e-08	3.497409e-01	3.497409e-01	-2.52591e-10	
428	2.077500e-08	3.497409e-01	3.497409e-01	-2.52591e-10	
429	2.082500e-08	3.497409e-01	3.497409e-01	-2.52591e-10	
430	2.087500e-08	3.497410e-01	3.497410e-01	-2.52590e-10	
431	2.092500e-08	3.497410e-01	3.497410e-01	-2.52590e-10	
432	2.097500e-08	3.497410e-01	3.497410e-01	-2.52590e-10	
433	2.102500e-08	3.497411e-01	3.497411e-01	-2.52589e-10	
434	2.107500e-08	3.497411e-01	3.497411e-01	-2.52589e-10	
435	2.112500e-08	3.497412e-01	3.497412e-01	-2.52588e-10	
436	2.117500e-08	3.497412e-01	3.497412e-01	-2.52588e-10	
437	2.122500e-08	3.497412e-01	3.497412e-01	-2.52588e-10	
438	2.127500e-08	3.497413e-01	3.497413e-01	-2.52587e-10	
439	2.132500e-08	3.497413e-01	3.497413e-01	-2.52587e-10	
440	2.137500e-08	3.497414e-01	3.497414e-01	-2.52586e-10	
441	2.142500e-08	3.497414e-01	3.497414e-01	-2.52586e-10	
442	2.147500e-08	3.497414e-01	3.497414e-01	-2.52586e-10	
443	2.152500e-08	3.497415e-01	3.497415e-01	-2.52585e-10	
444	2.157500e-08	3.497415e-01	3.497415e-01	-2.52585e-10	
445	2.162500e-08	3.497416e-01	3.497416e-01	-2.52584e-10	
446	2.167500e-08	3.497416e-01	3.497416e-01	-2.52584e-10	
447	2.172500e-08	3.497417e-01	3.497417e-01	-2.52583e-10	
448	2.177500e-08	3.497417e-01	3.497417e-01	-2.52583e-10	
449	2.182500e-08	3.497418e-01	3.497417e-01	-2.52582e-10	
450	2.187500e-08	3.497418e-01	3.497418e-01	-2.52582e-10	
451	2.192500e-08	3.497418e-01	3.497418e-01	-2.52582e-10	
452	2.197500e-08	3.497419e-01	3.497419e-01	-2.52581e-10	
453	2.202500e-08	3.497419e-01	3.497419e-01	-2.52581e-10	
454	2.207500e-08	3.497420e-01	3.497420e-01	-2.52580e-10	
455	2.212500e-08	3.497420e-01	3.497420e-01	-2.52580e-10	
456	2.217500e-08	3.497421e-01	3.497421e-01	-2.52579e-10	
457	2.222500e-08	3.497421e-01	3.497421e-01	-2.52579e-10	
458	2.227500e-08	3.497422e-01	3.497422e-01	-2.52578e-10	
459	2.232500e-08	3.497422e-01	3.497422e-01	-2.52578e-10	
460	2.237500e-08	3.497423e-01	3.497423e-01	-2.52577e-10	

Index   time            v(bl0)          v(bl7)          vpre#branch     
--------------------------------------------------------------------------------
461	2.242500e-08	3.497423e-01	3.497423e-01	-2.52577e-10	
462	2.247500e-08	3.497423e-01	3.497423e-01	-2.52577e-10	
463	2.252500e-08	3.497424e-01	3.497424e-01	-2.52576e-10	
464	2.257500e-08	3.497424e-01	3.497424e-01	-2.52576e-10	
465	2.262500e-08	3.497425e-01	3.497425e-01	-2.52575e-10	
466	2.267500e-08	3.497425e-01	3.497425e-01	-2.52575e-10	
467	2.272500e-08	3.497426e-01	3.497426e-01	-2.52574e-10	
468	2.277500e-08	3.497426e-01	3.497426e-01	-2.52574e-10	
469	2.282500e-08	3.497427e-01	3.497427e-01	-2.52573e-10	
470	2.287500e-08	3.497427e-01	3.497427e-01	-2.52573e-10	
471	2.292500e-08	3.497428e-01	3.497428e-01	-2.52572e-10	
472	2.297500e-08	3.497428e-01	3.497428e-01	-2.52572e-10	
473	2.302500e-08	3.497429e-01	3.497429e-01	-2.52571e-10	
474	2.307500e-08	3.497429e-01	3.497429e-01	-2.52571e-10	
475	2.312500e-08	3.497430e-01	3.497430e-01	-2.52570e-10	
476	2.317500e-08	3.497430e-01	3.497430e-01	-2.52570e-10	
477	2.322500e-08	3.497431e-01	3.497431e-01	-2.52569e-10	
478	2.327500e-08	3.497431e-01	3.497431e-01	-2.52569e-10	
479	2.332500e-08	3.497432e-01	3.497432e-01	-2.52568e-10	
480	2.337500e-08	3.497432e-01	3.497432e-01	-2.52568e-10	
481	2.342500e-08	3.497433e-01	3.497433e-01	-2.52567e-10	
482	2.347500e-08	3.497433e-01	3.497433e-01	-2.52567e-10	
483	2.352500e-08	3.497434e-01	3.497434e-01	-2.52566e-10	
484	2.357500e-08	3.497434e-01	3.497434e-01	-2.52566e-10	
485	2.362500e-08	3.497435e-01	3.497435e-01	-2.52565e-10	
486	2.367500e-08	3.497435e-01	3.497435e-01	-2.52565e-10	
487	2.372500e-08	3.497436e-01	3.497436e-01	-2.52564e-10	
488	2.377500e-08	3.497436e-01	3.497436e-01	-2.52564e-10	
489	2.382500e-08	3.497437e-01	3.497437e-01	-2.52563e-10	
490	2.387500e-08	3.497437e-01	3.497437e-01	-2.52563e-10	
491	2.392500e-08	3.497438e-01	3.497438e-01	-2.52562e-10	
492	2.397500e-08	3.497438e-01	3.497438e-01	-2.52562e-10	
493	2.402500e-08	3.497439e-01	3.497439e-01	-2.52561e-10	
494	2.407500e-08	3.497439e-01	3.497439e-01	-2.52561e-10	
495	2.412500e-08	3.497440e-01	3.497440e-01	-2.52560e-10	
496	2.417500e-08	3.497440e-01	3.497440e-01	-2.52560e-10	
497	2.422500e-08	3.497441e-01	3.497441e-01	-2.52559e-10	
498	2.427500e-08	3.497441e-01	3.497441e-01	-2.52559e-10	
499	2.432500e-08	3.497442e-01	3.497442e-01	-2.52558e-10	
500	2.437500e-08	3.497442e-01	3.497442e-01	-2.52558e-10	
501	2.442500e-08	3.497443e-01	3.497443e-01	-2.52557e-10	
502	2.447500e-08	3.497443e-01	3.497443e-01	-2.52557e-10	
503	2.452500e-08	3.497444e-01	3.497444e-01	-2.52556e-10	
504	2.457500e-08	3.497445e-01	3.497444e-01	-2.52555e-10	
505	2.462500e-08	3.497445e-01	3.497445e-01	-2.52555e-10	
506	2.467500e-08	3.497446e-01	3.497446e-01	-2.52554e-10	
507	2.472500e-08	3.497446e-01	3.497446e-01	-2.52554e-10	
508	2.477500e-08	3.497447e-01	3.497447e-01	-2.52553e-10	
509	2.482500e-08	3.497447e-01	3.497447e-01	-2.52553e-10	
510	2.487500e-08	3.497448e-01	3.497448e-01	-2.52552e-10	
511	2.492500e-08	3.497448e-01	3.497448e-01	-2.52552e-10	
512	2.496250e-08	3.497449e-01	3.497449e-01	-2.52551e-10	
513	2.500000e-08	3.497449e-01	3.497449e-01	-2.52551e-10	


Total analysis time (seconds) = 0.370627

Total elapsed time (seconds) = 0.382 

Total DRAM available = 386307.215 MB.
DRAM currently available = 21505.000 MB.
Maximum ngspice program size =  529.848 MB.
Current ngspice program size =   14.297 MB.

Shared ngspice pages =   12.328 MB.
Text (code) pages =    6.266 MB.
Stack = 0 bytes.
Library pages =   59.266 MB.

