
Note: No compatibility mode selected!


Circuit: * wl switching transient

Doing analysis at TEMP = 85.000000 and TNOM = 27.000000

Using SPARSE 1.3 as Direct Linear Solver

Initial Transient Solution
--------------------------

Node                                   Voltage
----                                   -------
d                                        0.375
g                                            0
s                                            0
vg#branch                                    0
vd#branch                         -6.35253e-13
vs#branch                          6.35253e-13


No. of Data Rows : 217
                            * wl switching transient
                            Transient Analysis  Tue Jun 23 16:38:47  2026
--------------------------------------------------------------------------------
Index   time            v(g)            vg#branch       
--------------------------------------------------------------------------------
0	0.000000e+00	0.000000e+00	0.000000e+00	
1	1.000000e-12	0.000000e+00	3.846017e-22	
2	2.000000e-12	0.000000e+00	3.846017e-22	
3	4.000000e-12	0.000000e+00	3.846017e-22	
4	8.000000e-12	0.000000e+00	1.923009e-22	
5	1.600000e-11	0.000000e+00	9.615043e-23	
6	3.200000e-11	0.000000e+00	4.807521e-23	
7	6.400000e-11	0.000000e+00	2.403761e-23	
8	1.280000e-10	0.000000e+00	-1.21609e-24	
9	2.280000e-10	0.000000e+00	4.515661e-24	
10	3.280000e-10	0.000000e+00	-2.19541e-23	
11	4.280000e-10	0.000000e+00	4.515661e-24	
12	5.280000e-10	0.000000e+00	-2.19541e-23	
13	6.280000e-10	0.000000e+00	4.515661e-24	
14	7.280000e-10	0.000000e+00	-2.19541e-23	
15	8.280000e-10	0.000000e+00	4.515661e-24	
16	9.140000e-10	0.000000e+00	-9.83085e-24	
17	1.000000e-09	0.000000e+00	3.404038e-24	
18	1.010000e-09	7.500000e-03	-1.24140e-08	
19	1.030000e-09	2.250000e-02	-1.25469e-08	
20	1.070000e-09	5.250000e-02	-1.24155e-08	
21	1.150000e-09	1.125000e-01	-1.25597e-08	
22	1.250000e-09	1.875000e-01	-1.25582e-08	
23	1.350000e-09	2.625000e-01	-1.41492e-08	
24	1.450000e-09	3.375000e-01	-2.70755e-08	
25	1.550000e-09	4.125000e-01	-7.26405e-08	
26	1.650000e-09	4.875000e-01	-1.01511e-07	
27	1.750000e-09	5.625000e-01	-1.23125e-07	
28	1.850000e-09	6.375000e-01	-1.34531e-07	
29	1.925000e-09	6.937500e-01	-1.43450e-07	
30	2.000000e-09	7.500000e-01	-1.47548e-07	
31	2.010000e-09	7.500000e-01	-1.10831e-08	
32	2.030000e-09	7.500000e-01	9.369820e-09	
33	2.070000e-09	7.500000e-01	-8.61588e-09	
34	2.150000e-09	7.500000e-01	8.262274e-09	
35	2.250000e-09	7.500000e-01	-7.98989e-09	
36	2.350000e-09	7.500000e-01	7.726556e-09	
37	2.450000e-09	7.500000e-01	-7.47192e-09	
38	2.550000e-09	7.500000e-01	7.225727e-09	
39	2.650000e-09	7.500000e-01	-6.98767e-09	
40	2.750000e-09	7.500000e-01	6.757512e-09	
41	2.850000e-09	7.500000e-01	-6.53496e-09	
42	2.950000e-09	7.500000e-01	6.319787e-09	
43	3.050000e-09	7.500000e-01	-6.11172e-09	
44	3.150000e-09	7.500000e-01	5.910565e-09	
45	3.250000e-09	7.500000e-01	-5.71605e-09	
46	3.350000e-09	7.500000e-01	5.527988e-09	
47	3.450000e-09	7.500000e-01	-5.34614e-09	
48	3.550000e-09	7.500000e-01	5.170322e-09	
49	3.650000e-09	7.500000e-01	-5.00031e-09	
50	3.750000e-09	7.500000e-01	4.835943e-09	
51	3.850000e-09	7.500000e-01	-4.67700e-09	
52	3.950000e-09	7.500000e-01	4.523333e-09	
53	4.050000e-09	7.500000e-01	-4.37474e-09	
54	4.150000e-09	7.500000e-01	4.231075e-09	

Index   time            v(g)            vg#branch       
--------------------------------------------------------------------------------
55	4.250000e-09	7.500000e-01	-4.09216e-09	
56	4.350000e-09	7.500000e-01	3.957842e-09	
57	4.450000e-09	7.500000e-01	-3.82797e-09	
58	4.550000e-09	7.500000e-01	3.702395e-09	
59	4.650000e-09	7.500000e-01	-3.58097e-09	
60	4.750000e-09	7.500000e-01	3.463576e-09	
61	4.850000e-09	7.500000e-01	-3.35006e-09	
62	4.950000e-09	7.500000e-01	3.240300e-09	
63	5.050000e-09	7.500000e-01	-3.13417e-09	
64	5.150000e-09	7.500000e-01	3.031556e-09	
65	5.250000e-09	7.500000e-01	-2.93233e-09	
66	5.350000e-09	7.500000e-01	2.836397e-09	
67	5.450000e-09	7.500000e-01	-2.74363e-09	
68	5.550000e-09	7.500000e-01	2.653937e-09	
69	5.650000e-09	7.500000e-01	-2.56721e-09	
70	5.750000e-09	7.500000e-01	2.483349e-09	
71	5.850000e-09	7.500000e-01	-2.40226e-09	
72	5.950000e-09	7.500000e-01	2.323861e-09	
73	6.050000e-09	7.500000e-01	-2.24805e-09	
74	6.150000e-09	7.500000e-01	2.174748e-09	
75	6.250000e-09	7.500000e-01	-2.10387e-09	
76	6.350000e-09	7.500000e-01	2.035334e-09	
77	6.450000e-09	7.500000e-01	-1.96907e-09	
78	6.550000e-09	7.500000e-01	1.904989e-09	
79	6.650000e-09	7.500000e-01	-1.84303e-09	
80	6.750000e-09	7.500000e-01	1.783121e-09	
81	6.850000e-09	7.500000e-01	-1.72519e-09	
82	6.950000e-09	7.500000e-01	1.669178e-09	
83	7.050000e-09	7.500000e-01	-1.61502e-09	
84	7.150000e-09	7.500000e-01	1.562644e-09	
85	7.250000e-09	7.500000e-01	-1.51200e-09	
86	7.350000e-09	7.500000e-01	1.463035e-09	
87	7.450000e-09	7.500000e-01	-1.41569e-09	
88	7.550000e-09	7.500000e-01	1.369902e-09	
89	7.650000e-09	7.500000e-01	-1.32563e-09	
90	7.750000e-09	7.500000e-01	1.282822e-09	
91	7.850000e-09	7.500000e-01	-1.24143e-09	
92	7.950000e-09	7.500000e-01	1.201400e-09	
93	8.050000e-09	7.500000e-01	-1.16270e-09	
94	8.150000e-09	7.500000e-01	1.125269e-09	
95	8.250000e-09	7.500000e-01	-1.08908e-09	
96	8.350000e-09	7.500000e-01	1.054084e-09	
97	8.450000e-09	7.500000e-01	-1.02024e-09	
98	8.550000e-09	7.500000e-01	9.875216e-10	
99	8.650000e-09	7.500000e-01	-9.55879e-10	
100	8.750000e-09	7.500000e-01	9.252819e-10	
101	8.850000e-09	7.500000e-01	-8.95694e-10	
102	8.950000e-09	7.500000e-01	8.670830e-10	
103	9.050000e-09	7.500000e-01	-8.39416e-10	
104	9.150000e-09	7.500000e-01	8.126618e-10	
105	9.250000e-09	7.500000e-01	-7.86790e-10	
106	9.350000e-09	7.500000e-01	7.617722e-10	
107	9.450000e-09	7.500000e-01	-7.37579e-10	
108	9.550000e-09	7.500000e-01	7.141842e-10	
109	9.650000e-09	7.500000e-01	-6.91560e-10	
110	9.750000e-09	7.500000e-01	6.696827e-10	
111	9.850000e-09	7.500000e-01	-6.48526e-10	
112	9.925000e-09	7.500000e-01	6.213960e-10	

Index   time            v(g)            vg#branch       
--------------------------------------------------------------------------------
113	1.000000e-08	7.500000e-01	-5.95451e-10	
114	1.001000e-08	7.500000e-01	-4.38860e-11	
115	1.003000e-08	7.500000e-01	3.710913e-11	
116	1.007000e-08	7.500000e-01	-3.41312e-11	
117	1.015000e-08	7.500000e-01	3.273420e-11	
118	1.025000e-08	7.500000e-01	-3.16583e-11	
119	1.035000e-08	7.500000e-01	3.061792e-11	
120	1.045000e-08	7.500000e-01	-2.96120e-11	
121	1.055000e-08	7.500000e-01	2.863942e-11	
122	1.065000e-08	7.500000e-01	-2.76990e-11	
123	1.075000e-08	7.500000e-01	2.678972e-11	
124	1.085000e-08	7.500000e-01	-2.59105e-11	
125	1.095000e-08	7.500000e-01	2.506042e-11	
126	1.105000e-08	7.500000e-01	-2.42385e-11	
127	1.115000e-08	7.500000e-01	2.344369e-11	
128	1.125000e-08	7.500000e-01	-2.26752e-11	
129	1.135000e-08	7.500000e-01	2.193219e-11	
130	1.145000e-08	7.500000e-01	-2.12137e-11	
131	1.155000e-08	7.500000e-01	2.051906e-11	
132	1.165000e-08	7.500000e-01	-1.98474e-11	
133	1.175000e-08	7.500000e-01	1.919789e-11	
134	1.185000e-08	7.500000e-01	-1.85699e-11	
135	1.195000e-08	7.500000e-01	1.796270e-11	
136	1.205000e-08	7.500000e-01	-1.73756e-11	
137	1.215000e-08	7.500000e-01	1.680789e-11	
138	1.225000e-08	7.500000e-01	-1.62590e-11	
139	1.235000e-08	7.500000e-01	1.572820e-11	
140	1.245000e-08	7.500000e-01	-1.52150e-11	
141	1.255000e-08	7.500000e-01	1.471876e-11	
142	1.265000e-08	7.500000e-01	-1.42389e-11	
143	1.275000e-08	7.500000e-01	1.377499e-11	
144	1.285000e-08	7.500000e-01	-1.33264e-11	
145	1.295000e-08	7.500000e-01	1.289261e-11	
146	1.305000e-08	7.500000e-01	-1.24732e-11	
147	1.315000e-08	7.500000e-01	1.206761e-11	
148	1.325000e-08	7.500000e-01	-1.16755e-11	
149	1.335000e-08	7.500000e-01	1.129626e-11	
150	1.345000e-08	7.500000e-01	-1.09296e-11	
151	1.355000e-08	7.500000e-01	1.057507e-11	
152	1.365000e-08	7.500000e-01	-1.02323e-11	
153	1.375000e-08	7.500000e-01	9.900767e-12	
154	1.385000e-08	7.500000e-01	-9.58024e-12	
155	1.395000e-08	7.500000e-01	9.270298e-12	
156	1.405000e-08	7.500000e-01	-8.97060e-12	
157	1.415000e-08	7.500000e-01	8.680806e-12	
158	1.425000e-08	7.500000e-01	-8.40059e-12	
159	1.435000e-08	7.500000e-01	8.129624e-12	
160	1.445000e-08	7.500000e-01	-7.86761e-12	
161	1.455000e-08	7.500000e-01	7.614256e-12	
162	1.465000e-08	7.500000e-01	-7.36927e-12	
163	1.475000e-08	7.500000e-01	7.132368e-12	
164	1.485000e-08	7.500000e-01	-6.90329e-12	
165	1.495000e-08	7.500000e-01	6.681781e-12	
166	1.505000e-08	7.500000e-01	-6.46758e-12	
167	1.515000e-08	7.500000e-01	6.260455e-12	
168	1.525000e-08	7.500000e-01	-6.06016e-12	
169	1.535000e-08	7.500000e-01	5.866484e-12	
170	1.545000e-08	7.500000e-01	-5.67920e-12	

Index   time            v(g)            vg#branch       
--------------------------------------------------------------------------------
171	1.555000e-08	7.500000e-01	5.498087e-12	
172	1.565000e-08	7.500000e-01	-5.32295e-12	
173	1.575000e-08	7.500000e-01	5.153598e-12	
174	1.585000e-08	7.500000e-01	-4.98983e-12	
175	1.595000e-08	7.500000e-01	4.831460e-12	
176	1.605000e-08	7.500000e-01	-4.67831e-12	
177	1.615000e-08	7.500000e-01	4.530217e-12	
178	1.625000e-08	7.500000e-01	-4.38700e-12	
179	1.635000e-08	7.500000e-01	4.248509e-12	
180	1.645000e-08	7.500000e-01	-4.11458e-12	
181	1.655000e-08	7.500000e-01	3.985063e-12	
182	1.665000e-08	7.500000e-01	-3.85981e-12	
183	1.675000e-08	7.500000e-01	3.738690e-12	
184	1.685000e-08	7.500000e-01	-3.62156e-12	
185	1.695000e-08	7.500000e-01	3.508279e-12	
186	1.705000e-08	7.500000e-01	-3.39873e-12	
187	1.715000e-08	7.500000e-01	3.292789e-12	
188	1.725000e-08	7.500000e-01	-3.19033e-12	
189	1.735000e-08	7.500000e-01	3.091250e-12	
190	1.745000e-08	7.500000e-01	-2.99543e-12	
191	1.755000e-08	7.500000e-01	2.902753e-12	
192	1.765000e-08	7.500000e-01	-2.81313e-12	
193	1.775000e-08	7.500000e-01	2.726448e-12	
194	1.785000e-08	7.500000e-01	-2.64262e-12	
195	1.795000e-08	7.500000e-01	2.561542e-12	
196	1.805000e-08	7.500000e-01	-2.48313e-12	
197	1.815000e-08	7.500000e-01	2.407294e-12	
198	1.825000e-08	7.500000e-01	-2.33395e-12	
199	1.835000e-08	7.500000e-01	2.263008e-12	
200	1.845000e-08	7.500000e-01	-2.19440e-12	
201	1.855000e-08	7.500000e-01	2.128037e-12	
202	1.865000e-08	7.500000e-01	-2.06385e-12	
203	1.875000e-08	7.500000e-01	2.001775e-12	
204	1.885000e-08	7.500000e-01	-1.94173e-12	
205	1.895000e-08	7.500000e-01	1.883653e-12	
206	1.905000e-08	7.500000e-01	-1.82748e-12	
207	1.915000e-08	7.500000e-01	1.773143e-12	
208	1.925000e-08	7.500000e-01	-1.72059e-12	
209	1.935000e-08	7.500000e-01	1.669750e-12	
210	1.945000e-08	7.500000e-01	-1.62058e-12	
211	1.955000e-08	7.500000e-01	1.573009e-12	
212	1.965000e-08	7.500000e-01	-1.52700e-12	
213	1.975000e-08	7.500000e-01	1.482489e-12	
214	1.985000e-08	7.500000e-01	-1.43943e-12	
215	1.992500e-08	7.500000e-01	1.384202e-12	
216	2.000000e-08	7.500000e-01	-1.33136e-12	


Total analysis time (seconds) = 0.301038

Total elapsed time (seconds) = 0.310 

Total DRAM available = 386307.215 MB.
DRAM currently available = 21694.777 MB.
Maximum ngspice program size =  529.723 MB.
Current ngspice program size =   14.035 MB.

Shared ngspice pages =   12.281 MB.
Text (code) pages =    6.266 MB.
Stack = 0 bytes.
Library pages =   59.141 MB.

