
Note: No compatibility mode selected!


Circuit: * 1t1c ccell=10.0ff

Doing analysis at TEMP = 85.000000 and TNOM = 27.000000

Using SPARSE 1.3 as Direct Linear Solver

Initial Transient Solution
--------------------------

Node                                   Voltage
----                                   -------
pre                                      0.375
bl                                       0.375
wl                                           0
plate                                        0
s                                            0
cell                                         0
vs#branch                                    0
vpl#branch                                   0
vwl#branch                                   0
vpre#branch                                  0


No. of Data Rows : 832

  Measurements for Transient Analysis

t_write             =  1.90075e-09
t_read              =  2.29084e-08
i_hold              =  -2.83305e-11 from=  2.50000e-08 to=  3.50250e-08
q_read              =   1.08560e-19 from=  1.20000e-08 to=  2.20000e-08

                              * 1t1c ccell=10.0ff
                              Transient Analysis  Tue Jun 23 21:14:48  2026
--------------------------------------------------------------------------------
Index   time            v(cell)         v(bl)           vpre#branch     
--------------------------------------------------------------------------------
0	0.000000e+00	0.000000e+00	3.750000e-01	0.000000e+00	
1	5.000000e-13	3.173878e-11	3.750000e-01	-4.22518e-16	
2	1.000000e-12	6.347524e-11	3.749999e-01	-8.03766e-16	
3	2.000000e-12	1.269477e-10	3.749998e-01	-1.56580e-15	
4	4.000000e-12	2.538925e-10	3.749997e-01	-3.08713e-15	
5	8.000000e-12	5.077823e-10	3.749994e-01	-6.11885e-15	
6	1.600000e-11	1.015562e-09	3.749988e-01	-1.21388e-14	
7	3.200000e-11	2.031120e-09	3.749976e-01	-2.40066e-14	
8	6.400000e-11	4.062235e-09	3.749953e-01	-4.70706e-14	
9	1.140000e-10	7.235850e-09	3.749919e-01	-8.13841e-14	
10	1.640000e-10	1.040946e-08	3.749886e-01	-1.13696e-13	
11	2.140000e-10	1.358307e-08	3.749856e-01	-1.44122e-13	
12	2.640000e-10	1.675668e-08	3.749827e-01	-1.72774e-13	
13	3.140000e-10	1.993028e-08	3.749800e-01	-1.99754e-13	
14	3.640000e-10	2.310388e-08	3.749775e-01	-2.25160e-13	
15	4.140000e-10	2.627748e-08	3.749751e-01	-2.49084e-13	
16	4.640000e-10	2.945107e-08	3.749728e-01	-2.71612e-13	
17	5.140000e-10	3.262466e-08	3.749707e-01	-2.92826e-13	
18	5.640000e-10	3.579825e-08	3.749687e-01	-3.12802e-13	
19	6.140000e-10	3.897184e-08	3.749668e-01	-3.31613e-13	
20	6.640000e-10	4.214543e-08	3.749651e-01	-3.49326e-13	
21	7.140000e-10	4.531901e-08	3.749634e-01	-3.66006e-13	
22	7.640000e-10	4.849259e-08	3.749618e-01	-3.81713e-13	
23	8.140000e-10	5.166617e-08	3.749603e-01	-3.96504e-13	
24	8.640000e-10	5.483975e-08	3.749590e-01	-4.10431e-13	
25	9.140000e-10	5.801333e-08	3.749576e-01	-4.23547e-13	
26	9.570000e-10	6.074261e-08	3.749566e-01	-4.34211e-13	
27	1.000000e-09	6.347188e-08	3.749556e-01	-4.44339e-13	
28	1.005000e-09	3.746979e-03	3.749554e-01	-4.45944e-13	
29	1.015000e-09	1.124075e-02	3.749552e-01	-4.48201e-13	
30	1.035000e-09	2.622827e-02	3.749552e-01	-4.48229e-13	
31	1.075000e-09	5.620334e-02	3.749563e-01	-4.36804e-13	
32	1.125000e-09	9.367216e-02	3.749586e-01	-4.13711e-13	
33	1.175000e-09	1.311410e-01	3.749610e-01	-3.89783e-13	
34	1.225000e-09	1.686098e-01	3.749633e-01	-3.67109e-13	
35	1.275000e-09	2.060786e-01	3.749654e-01	-3.45713e-13	
36	1.325000e-09	2.435475e-01	3.749674e-01	-3.25551e-13	
37	1.375000e-09	2.810163e-01	3.749693e-01	-3.06561e-13	
38	1.425000e-09	3.184851e-01	3.749711e-01	-2.88677e-13	
39	1.475000e-09	3.559539e-01	3.749728e-01	-2.71836e-13	
40	1.525000e-09	3.934228e-01	3.749744e-01	-2.55978e-13	
41	1.575000e-09	4.308916e-01	3.749759e-01	-2.41044e-13	
42	1.625000e-09	4.683604e-01	3.749773e-01	-2.26981e-13	
43	1.675000e-09	5.058292e-01	3.749786e-01	-2.13739e-13	
44	1.725000e-09	5.432981e-01	3.749799e-01	-2.01268e-13	
45	1.775000e-09	5.807669e-01	3.749810e-01	-1.89526e-13	
46	1.825000e-09	6.182357e-01	3.749822e-01	-1.78468e-13	
47	1.875000e-09	6.557045e-01	3.749832e-01	-1.68055e-13	
48	1.925000e-09	6.931734e-01	3.749842e-01	-1.58250e-13	
49	1.962500e-09	7.212750e-01	3.749849e-01	-1.51274e-13	
50	2.000000e-09	7.493766e-01	3.749855e-01	-1.44606e-13	
51	2.005000e-09	7.493766e-01	3.749856e-01	-1.43742e-13	
52	2.015000e-09	7.493766e-01	3.749858e-01	-1.42025e-13	
53	2.035000e-09	7.493766e-01	3.749861e-01	-1.38651e-13	
54	2.075000e-09	7.493766e-01	3.749868e-01	-1.32141e-13	

Index   time            v(cell)         v(bl)           vpre#branch     
--------------------------------------------------------------------------------
55	2.125000e-09	7.493766e-01	3.749876e-01	-1.24431e-13	
56	2.175000e-09	7.493766e-01	3.749883e-01	-1.17171e-13	
57	2.225000e-09	7.493766e-01	3.749890e-01	-1.10334e-13	
58	2.275000e-09	7.493766e-01	3.749896e-01	-1.03897e-13	
59	2.325000e-09	7.493766e-01	3.749902e-01	-9.78343e-14	
60	2.375000e-09	7.493766e-01	3.749908e-01	-9.21257e-14	
61	2.425000e-09	7.493766e-01	3.749913e-01	-8.67501e-14	
62	2.475000e-09	7.493766e-01	3.749918e-01	-8.16882e-14	
63	2.525000e-09	7.493766e-01	3.749923e-01	-7.69215e-14	
64	2.575000e-09	7.493766e-01	3.749928e-01	-7.24329e-14	
65	2.625000e-09	7.493766e-01	3.749932e-01	-6.82062e-14	
66	2.675000e-09	7.493766e-01	3.749936e-01	-6.42260e-14	
67	2.725000e-09	7.493766e-01	3.749940e-01	-6.04781e-14	
68	2.775000e-09	7.493766e-01	3.749943e-01	-5.69488e-14	
69	2.825000e-09	7.493766e-01	3.749946e-01	-5.36254e-14	
70	2.875000e-09	7.493766e-01	3.749950e-01	-5.04959e-14	
71	2.925000e-09	7.493766e-01	3.749952e-01	-4.75489e-14	
72	2.975000e-09	7.493766e-01	3.749955e-01	-4.47739e-14	
73	3.025000e-09	7.493766e-01	3.749958e-01	-4.21607e-14	
74	3.075000e-09	7.493766e-01	3.749960e-01	-3.97000e-14	
75	3.125000e-09	7.493766e-01	3.749963e-01	-3.73829e-14	
76	3.175000e-09	7.493766e-01	3.749965e-01	-3.52009e-14	
77	3.225000e-09	7.493766e-01	3.749967e-01	-3.31462e-14	
78	3.275000e-09	7.493766e-01	3.749969e-01	-3.12114e-14	
79	3.325000e-09	7.493766e-01	3.749971e-01	-2.93895e-14	
80	3.375000e-09	7.493766e-01	3.749972e-01	-2.76738e-14	
81	3.425000e-09	7.493766e-01	3.749974e-01	-2.60583e-14	
82	3.475000e-09	7.493766e-01	3.749975e-01	-2.45370e-14	
83	3.525000e-09	7.493766e-01	3.749977e-01	-2.31044e-14	
84	3.575000e-09	7.493766e-01	3.749978e-01	-2.17554e-14	
85	3.625000e-09	7.493766e-01	3.749980e-01	-2.04851e-14	
86	3.675000e-09	7.493766e-01	3.749981e-01	-1.92890e-14	
87	3.725000e-09	7.493766e-01	3.749982e-01	-1.81626e-14	
88	3.775000e-09	7.493766e-01	3.749983e-01	-1.71019e-14	
89	3.825000e-09	7.493766e-01	3.749984e-01	-1.61031e-14	
90	3.875000e-09	7.493766e-01	3.749985e-01	-1.51625e-14	
91	3.925000e-09	7.493766e-01	3.749986e-01	-1.42769e-14	
92	3.975000e-09	7.493766e-01	3.749987e-01	-1.34429e-14	
93	4.025000e-09	7.493766e-01	3.749987e-01	-1.26575e-14	
94	4.075000e-09	7.493766e-01	3.749988e-01	-1.19180e-14	
95	4.125000e-09	7.493766e-01	3.749989e-01	-1.12216e-14	
96	4.175000e-09	7.493766e-01	3.749989e-01	-1.05658e-14	
97	4.225000e-09	7.493766e-01	3.749990e-01	-9.94833e-15	
98	4.275000e-09	7.493766e-01	3.749991e-01	-9.36685e-15	
99	4.325000e-09	7.493766e-01	3.749991e-01	-8.81929e-15	
100	4.375000e-09	7.493766e-01	3.749992e-01	-8.30367e-15	
101	4.425000e-09	7.493766e-01	3.749992e-01	-7.81814e-15	
102	4.475000e-09	7.493766e-01	3.749993e-01	-7.36093e-15	
103	4.525000e-09	7.493766e-01	3.749993e-01	-6.93039e-15	
104	4.575000e-09	7.493766e-01	3.749993e-01	-6.52497e-15	
105	4.625000e-09	7.493766e-01	3.749994e-01	-6.14320e-15	
106	4.675000e-09	7.493766e-01	3.749994e-01	-5.78371e-15	
107	4.725000e-09	7.493766e-01	3.749995e-01	-5.44518e-15	
108	4.775000e-09	7.493766e-01	3.749995e-01	-5.12641e-15	
109	4.825000e-09	7.493766e-01	3.749995e-01	-4.82623e-15	
110	4.875000e-09	7.493766e-01	3.749995e-01	-4.54356e-15	
111	4.925000e-09	7.493766e-01	3.749996e-01	-4.27739e-15	
112	4.975000e-09	7.493766e-01	3.749996e-01	-4.02674e-15	

Index   time            v(cell)         v(bl)           vpre#branch     
--------------------------------------------------------------------------------
113	5.025000e-09	7.493766e-01	3.749996e-01	-3.79071e-15	
114	5.075000e-09	7.493766e-01	3.749996e-01	-3.56846e-15	
115	5.125000e-09	7.493766e-01	3.749997e-01	-3.35917e-15	
116	5.175000e-09	7.493766e-01	3.749997e-01	-3.16209e-15	
117	5.225000e-09	7.493766e-01	3.749997e-01	-2.97650e-15	
118	5.275000e-09	7.493766e-01	3.749997e-01	-2.80175e-15	
119	5.325000e-09	7.493766e-01	3.749997e-01	-2.63719e-15	
120	5.375000e-09	7.493766e-01	3.749998e-01	-2.48223e-15	
121	5.425000e-09	7.493766e-01	3.749998e-01	-2.33630e-15	
122	5.475000e-09	7.493766e-01	3.749998e-01	-2.19890e-15	
123	5.525000e-09	7.493766e-01	3.749998e-01	-2.06950e-15	
124	5.575000e-09	7.493766e-01	3.749998e-01	-1.94766e-15	
125	5.625000e-09	7.493766e-01	3.749998e-01	-1.83292e-15	
126	5.675000e-09	7.493766e-01	3.749998e-01	-1.72488e-15	
127	5.725000e-09	7.493766e-01	3.749998e-01	-1.62314e-15	
128	5.775000e-09	7.493766e-01	3.749998e-01	-1.52734e-15	
129	5.825000e-09	7.493766e-01	3.749999e-01	-1.43713e-15	
130	5.875000e-09	7.493766e-01	3.749999e-01	-1.35217e-15	
131	5.925000e-09	7.493766e-01	3.749999e-01	-1.27218e-15	
132	5.975000e-09	7.493766e-01	3.749999e-01	-1.19685e-15	
133	6.025000e-09	7.493766e-01	3.749999e-01	-1.12592e-15	
134	6.075000e-09	7.493766e-01	3.749999e-01	-1.05912e-15	
135	6.125000e-09	7.493766e-01	3.749999e-01	-9.96220e-16	
136	6.175000e-09	7.493766e-01	3.749999e-01	-9.36990e-16	
137	6.225000e-09	7.493766e-01	3.749999e-01	-8.81215e-16	
138	6.275000e-09	7.493766e-01	3.749999e-01	-8.28694e-16	
139	6.325000e-09	7.493766e-01	3.749999e-01	-7.79238e-16	
140	6.375000e-09	7.493766e-01	3.749999e-01	-7.32666e-16	
141	6.425000e-09	7.493766e-01	3.749999e-01	-6.88811e-16	
142	6.475000e-09	7.493766e-01	3.749999e-01	-6.47515e-16	
143	6.525000e-09	7.493766e-01	3.749999e-01	-6.08628e-16	
144	6.575000e-09	7.493766e-01	3.749999e-01	-5.72010e-16	
145	6.625000e-09	7.493766e-01	3.749999e-01	-5.37527e-16	
146	6.675000e-09	7.493766e-01	3.749999e-01	-5.05057e-16	
147	6.725000e-09	7.493766e-01	3.750000e-01	-4.74480e-16	
148	6.775000e-09	7.493766e-01	3.750000e-01	-4.45688e-16	
149	6.825000e-09	7.493766e-01	3.750000e-01	-4.18575e-16	
150	6.875000e-09	7.493766e-01	3.750000e-01	-3.93044e-16	
151	6.925000e-09	7.493766e-01	3.750000e-01	-3.69002e-16	
152	6.962500e-09	7.493766e-01	3.750000e-01	-3.51898e-16	
153	7.000000e-09	7.493766e-01	3.750000e-01	-3.35548e-16	
154	7.005000e-09	7.306420e-01	3.750000e-01	-3.33431e-16	
155	7.015000e-09	6.931732e-01	3.750000e-01	-3.29224e-16	
156	7.035000e-09	6.182355e-01	3.750000e-01	-3.20969e-16	
157	7.067500e-09	4.964618e-01	3.750000e-01	-3.08001e-16	
158	7.100000e-09	3.746882e-01	3.750000e-01	-2.95606e-16	
159	7.105000e-09	3.746883e-01	3.750000e-01	-2.93844e-16	
160	7.115000e-09	3.746883e-01	3.750000e-01	-2.90338e-16	
161	7.135000e-09	3.746883e-01	3.750000e-01	-2.83451e-16	
162	7.175000e-09	3.746883e-01	3.750000e-01	-2.70162e-16	
163	7.225000e-09	3.746883e-01	3.750000e-01	-2.54423e-16	
164	7.275000e-09	3.746883e-01	3.750000e-01	-2.39602e-16	
165	7.325000e-09	3.746883e-01	3.750000e-01	-2.25645e-16	
166	7.375000e-09	3.746883e-01	3.750000e-01	-2.12503e-16	
167	7.425000e-09	3.746883e-01	3.750000e-01	-2.00127e-16	
168	7.475000e-09	3.746883e-01	3.750000e-01	-1.88473e-16	
169	7.525000e-09	3.746883e-01	3.750000e-01	-1.77499e-16	
170	7.575000e-09	3.746883e-01	3.750000e-01	-1.67165e-16	

Index   time            v(cell)         v(bl)           vpre#branch     
--------------------------------------------------------------------------------
171	7.625000e-09	3.746883e-01	3.750000e-01	-1.57435e-16	
172	7.675000e-09	3.746883e-01	3.750000e-01	-1.48272e-16	
173	7.725000e-09	3.746883e-01	3.750000e-01	-1.39643e-16	
174	7.775000e-09	3.746883e-01	3.750000e-01	-1.31518e-16	
175	7.825000e-09	3.746883e-01	3.750000e-01	-1.23867e-16	
176	7.875000e-09	3.746883e-01	3.750000e-01	-1.16662e-16	
177	7.925000e-09	3.746883e-01	3.750000e-01	-1.09878e-16	
178	7.975000e-09	3.746883e-01	3.750000e-01	-1.03489e-16	
179	8.025000e-09	3.746883e-01	3.750000e-01	-9.74731e-17	
180	8.075000e-09	3.746883e-01	3.750000e-01	-9.18079e-17	
181	8.125000e-09	3.746883e-01	3.750000e-01	-8.64731e-17	
182	8.175000e-09	3.746883e-01	3.750000e-01	-8.14498e-17	
183	8.225000e-09	3.746883e-01	3.750000e-01	-7.67195e-17	
184	8.275000e-09	3.746883e-01	3.750000e-01	-7.22652e-17	
185	8.325000e-09	3.746883e-01	3.750000e-01	-6.80709e-17	
186	8.375000e-09	3.746883e-01	3.750000e-01	-6.41214e-17	
187	8.425000e-09	3.746883e-01	3.750000e-01	-6.04022e-17	
188	8.475000e-09	3.746883e-01	3.750000e-01	-5.69000e-17	
189	8.525000e-09	3.746883e-01	3.750000e-01	-5.36019e-17	
190	8.575000e-09	3.746883e-01	3.750000e-01	-5.04961e-17	
191	8.625000e-09	3.746883e-01	3.750000e-01	-4.75716e-17	
192	8.675000e-09	3.746883e-01	3.750000e-01	-4.48177e-17	
193	8.725000e-09	3.746883e-01	3.750000e-01	-4.22243e-17	
194	8.775000e-09	3.746883e-01	3.750000e-01	-3.97822e-17	
195	8.825000e-09	3.746883e-01	3.750000e-01	-3.74825e-17	
196	8.875000e-09	3.746883e-01	3.750000e-01	-3.53172e-17	
197	8.925000e-09	3.746883e-01	3.750000e-01	-3.32783e-17	
198	8.975000e-09	3.746883e-01	3.750000e-01	-3.13583e-17	
199	9.025000e-09	3.746883e-01	3.750000e-01	-2.95503e-17	
200	9.075000e-09	3.746883e-01	3.750000e-01	-2.78478e-17	
201	9.125000e-09	3.746883e-01	3.750000e-01	-2.62445e-17	
202	9.175000e-09	3.746883e-01	3.750000e-01	-2.47348e-17	
203	9.225000e-09	3.746883e-01	3.750000e-01	-2.33132e-17	
204	9.275000e-09	3.746883e-01	3.750000e-01	-2.19745e-17	
205	9.325000e-09	3.746883e-01	3.750000e-01	-2.07139e-17	
206	9.375000e-09	3.746883e-01	3.750000e-01	-1.95269e-17	
207	9.425000e-09	3.746883e-01	3.750000e-01	-1.84091e-17	
208	9.475000e-09	3.746883e-01	3.750000e-01	-1.73565e-17	
209	9.525000e-09	3.746883e-01	3.750000e-01	-1.63653e-17	
210	9.575000e-09	3.746883e-01	3.750000e-01	-1.54320e-17	
211	9.625000e-09	3.746883e-01	3.750000e-01	-1.45531e-17	
212	9.675000e-09	3.746883e-01	3.750000e-01	-1.37255e-17	
213	9.725000e-09	3.746883e-01	3.750000e-01	-1.29461e-17	
214	9.775000e-09	3.746883e-01	3.750000e-01	-1.22122e-17	
215	9.825000e-09	3.746883e-01	3.750000e-01	-1.15211e-17	
216	9.875000e-09	3.746883e-01	3.750000e-01	-1.08704e-17	
217	9.925000e-09	3.746883e-01	3.750000e-01	-1.02576e-17	
218	9.975000e-09	3.746883e-01	3.750000e-01	-9.68058e-18	
219	1.002500e-08	3.746883e-01	3.750000e-01	-9.13717e-18	
220	1.007500e-08	3.746883e-01	3.750000e-01	-8.62552e-18	
221	1.012500e-08	3.746883e-01	3.750000e-01	-8.14367e-18	
222	1.017500e-08	3.746883e-01	3.750000e-01	-7.68998e-18	
223	1.022500e-08	3.746883e-01	3.750000e-01	-7.26270e-18	
224	1.027500e-08	3.746883e-01	3.750000e-01	-6.86041e-18	
225	1.032500e-08	3.746883e-01	3.750000e-01	-6.48153e-18	
226	1.037500e-08	3.746883e-01	3.750000e-01	-6.12480e-18	
227	1.042500e-08	3.746883e-01	3.750000e-01	-5.78884e-18	
228	1.047500e-08	3.746883e-01	3.750000e-01	-5.47223e-18	

Index   time            v(cell)         v(bl)           vpre#branch     
--------------------------------------------------------------------------------
229	1.052500e-08	3.746883e-01	3.750000e-01	-5.17404e-18	
230	1.057500e-08	3.746883e-01	3.750000e-01	-4.89330e-18	
231	1.062500e-08	3.746883e-01	3.750000e-01	-4.62888e-18	
232	1.067500e-08	3.746883e-01	3.750000e-01	-4.37994e-18	
233	1.072500e-08	3.746883e-01	3.750000e-01	-4.14577e-18	
234	1.077500e-08	3.746883e-01	3.750000e-01	-3.92531e-18	
235	1.082500e-08	3.746883e-01	3.750000e-01	-3.71766e-18	
236	1.087500e-08	3.746883e-01	3.750000e-01	-3.52218e-18	
237	1.092500e-08	3.746883e-01	3.750000e-01	-3.33805e-18	
238	1.096250e-08	3.746883e-01	3.750000e-01	-3.20721e-18	
239	1.100000e-08	3.746883e-01	3.750000e-01	-3.08205e-18	
240	1.100500e-08	3.746914e-01	3.787274e-01	3.727359e-11	
241	1.101500e-08	3.746976e-01	3.861375e-01	1.113755e-10	
242	1.103500e-08	3.747101e-01	4.006939e-01	2.569393e-10	
243	1.107500e-08	3.747350e-01	4.287817e-01	5.378168e-10	
244	1.112500e-08	3.747662e-01	4.620479e-01	8.704795e-10	
245	1.117500e-08	3.747974e-01	4.933735e-01	1.183735e-09	
246	1.122500e-08	3.748286e-01	5.228716e-01	1.478716e-09	
247	1.127500e-08	3.748597e-01	5.506488e-01	1.756488e-09	
248	1.132500e-08	3.748909e-01	5.768055e-01	2.018055e-09	
249	1.137500e-08	3.749221e-01	6.014363e-01	2.264363e-09	
250	1.142500e-08	3.749533e-01	6.246300e-01	2.496300e-09	
251	1.147500e-08	3.749844e-01	6.464700e-01	2.714700e-09	
252	1.152500e-08	3.750156e-01	6.670343e-01	2.920343e-09	
253	1.157500e-08	3.750468e-01	6.863930e-01	3.113930e-09	
254	1.162500e-08	3.750780e-01	7.045949e-01	3.295949e-09	
255	1.167500e-08	3.751094e-01	7.216419e-01	3.466419e-09	
256	1.172500e-08	3.751413e-01	7.373867e-01	3.623867e-09	
257	1.177500e-08	3.751748e-01	7.511751e-01	3.761751e-09	
258	1.182500e-08	3.752139e-01	7.606850e-01	3.856850e-09	
259	1.187500e-08	3.752709e-01	7.583051e-01	3.833051e-09	
260	1.192500e-08	3.753814e-01	7.217233e-01	3.467233e-09	
261	1.196250e-08	3.755414e-01	6.454893e-01	2.704893e-09	
262	1.200000e-08	3.758118e-01	4.983630e-01	1.233630e-09	
263	1.200500e-08	3.758401e-01	4.650790e-01	9.007899e-10	
264	1.201500e-08	3.758881e-01	4.074237e-01	3.242373e-10	
265	1.203500e-08	3.759326e-01	3.783544e-01	3.354411e-11	
266	1.207500e-08	3.759449e-01	3.748090e-01	-1.91024e-12	
267	1.212500e-08	3.759387e-01	3.766049e-01	1.604877e-11	
268	1.217500e-08	3.759421e-01	3.755437e-01	5.436695e-12	
269	1.222500e-08	3.759401e-01	3.761594e-01	1.159428e-11	
270	1.227500e-08	3.759410e-01	3.758004e-01	8.003607e-12	
271	1.232500e-08	3.759405e-01	3.760227e-01	1.022699e-11	
272	1.237500e-08	3.759406e-01	3.758825e-01	8.824709e-12	
273	1.242500e-08	3.759406e-01	3.759765e-01	9.765468e-12	
274	1.247500e-08	3.759405e-01	3.759094e-01	9.094051e-12	
275	1.252500e-08	3.759405e-01	3.759610e-01	9.609791e-12	
276	1.257500e-08	3.759403e-01	3.759184e-01	9.184054e-12	
277	1.262500e-08	3.759404e-01	3.759556e-01	9.555538e-12	
278	1.267500e-08	3.759402e-01	3.759215e-01	9.215278e-12	
279	1.272500e-08	3.759404e-01	3.759535e-01	9.534776e-12	
280	1.277500e-08	3.759401e-01	3.759227e-01	9.227149e-12	
281	1.282500e-08	3.759403e-01	3.759525e-01	9.525089e-12	
282	1.287500e-08	3.759400e-01	3.759233e-01	9.232609e-12	
283	1.292500e-08	3.759402e-01	3.759519e-01	9.519095e-12	
284	1.297500e-08	3.759399e-01	3.759236e-01	9.235913e-12	
285	1.302500e-08	3.759401e-01	3.759514e-01	9.514366e-12	
286	1.307500e-08	3.759399e-01	3.759238e-01	9.238459e-12	

Index   time            v(cell)         v(bl)           vpre#branch     
--------------------------------------------------------------------------------
287	1.312500e-08	3.759400e-01	3.759510e-01	9.510102e-12	
288	1.317500e-08	3.759398e-01	3.759241e-01	9.240710e-12	
289	1.322500e-08	3.759399e-01	3.759506e-01	9.506037e-12	
290	1.327500e-08	3.759397e-01	3.759243e-01	9.242819e-12	
291	1.332500e-08	3.759398e-01	3.759502e-01	9.502085e-12	
292	1.337500e-08	3.759396e-01	3.759245e-01	9.244835e-12	
293	1.342500e-08	3.759397e-01	3.759498e-01	9.498216e-12	
294	1.347500e-08	3.759395e-01	3.759247e-01	9.246778e-12	
295	1.352500e-08	3.759396e-01	3.759494e-01	9.494417e-12	
296	1.357500e-08	3.759394e-01	3.759249e-01	9.248654e-12	
297	1.362500e-08	3.759395e-01	3.759491e-01	9.490686e-12	
298	1.367500e-08	3.759393e-01	3.759250e-01	9.250466e-12	
299	1.372500e-08	3.759394e-01	3.759487e-01	9.487018e-12	
300	1.377500e-08	3.759392e-01	3.759252e-01	9.252216e-12	
301	1.382500e-08	3.759393e-01	3.759483e-01	9.483413e-12	
302	1.387500e-08	3.759391e-01	3.759254e-01	9.253906e-12	
303	1.392500e-08	3.759392e-01	3.759480e-01	9.479869e-12	
304	1.397500e-08	3.759390e-01	3.759256e-01	9.255538e-12	
305	1.402500e-08	3.759391e-01	3.759476e-01	9.476385e-12	
306	1.407500e-08	3.759389e-01	3.759257e-01	9.257112e-12	
307	1.412500e-08	3.759390e-01	3.759473e-01	9.472959e-12	
308	1.417500e-08	3.759388e-01	3.759259e-01	9.258629e-12	
309	1.422500e-08	3.759389e-01	3.759470e-01	9.469589e-12	
310	1.427500e-08	3.759388e-01	3.759260e-01	9.260092e-12	
311	1.432500e-08	3.759388e-01	3.759466e-01	9.466276e-12	
312	1.437500e-08	3.759387e-01	3.759262e-01	9.261502e-12	
313	1.442500e-08	3.759387e-01	3.759463e-01	9.463016e-12	
314	1.447500e-08	3.759386e-01	3.759263e-01	9.262858e-12	
315	1.452500e-08	3.759386e-01	3.759460e-01	9.459809e-12	
316	1.457500e-08	3.759385e-01	3.759264e-01	9.264164e-12	
317	1.462500e-08	3.759385e-01	3.759457e-01	9.456655e-12	
318	1.467500e-08	3.759384e-01	3.759265e-01	9.265419e-12	
319	1.472500e-08	3.759385e-01	3.759454e-01	9.453550e-12	
320	1.477500e-08	3.759383e-01	3.759267e-01	9.266626e-12	
321	1.482500e-08	3.759384e-01	3.759450e-01	9.450496e-12	
322	1.487500e-08	3.759382e-01	3.759268e-01	9.267784e-12	
323	1.492500e-08	3.759383e-01	3.759447e-01	9.447490e-12	
324	1.497500e-08	3.759381e-01	3.759269e-01	9.268896e-12	
325	1.502500e-08	3.759382e-01	3.759445e-01	9.444531e-12	
326	1.507500e-08	3.759380e-01	3.759270e-01	9.269962e-12	
327	1.512500e-08	3.759381e-01	3.759442e-01	9.441618e-12	
328	1.517500e-08	3.759379e-01	3.759271e-01	9.270983e-12	
329	1.522500e-08	3.759380e-01	3.759439e-01	9.438750e-12	
330	1.527500e-08	3.759378e-01	3.759272e-01	9.271961e-12	
331	1.532500e-08	3.759379e-01	3.759436e-01	9.435927e-12	
332	1.537500e-08	3.759377e-01	3.759273e-01	9.272895e-12	
333	1.542500e-08	3.759378e-01	3.759433e-01	9.433146e-12	
334	1.547500e-08	3.759377e-01	3.759274e-01	9.273788e-12	
335	1.552500e-08	3.759377e-01	3.759430e-01	9.430408e-12	
336	1.557500e-08	3.759376e-01	3.759275e-01	9.274640e-12	
337	1.562500e-08	3.759376e-01	3.759428e-01	9.427711e-12	
338	1.567500e-08	3.759375e-01	3.759275e-01	9.275452e-12	
339	1.572500e-08	3.759375e-01	3.759425e-01	9.425054e-12	
340	1.577500e-08	3.759374e-01	3.759276e-01	9.276225e-12	
341	1.582500e-08	3.759374e-01	3.759422e-01	9.422437e-12	
342	1.587500e-08	3.759373e-01	3.759277e-01	9.276960e-12	
343	1.592500e-08	3.759373e-01	3.759420e-01	9.419858e-12	
344	1.597500e-08	3.759372e-01	3.759278e-01	9.277658e-12	

Index   time            v(cell)         v(bl)           vpre#branch     
--------------------------------------------------------------------------------
345	1.602500e-08	3.759372e-01	3.759417e-01	9.417316e-12	
346	1.607500e-08	3.759371e-01	3.759278e-01	9.278319e-12	
347	1.612500e-08	3.759371e-01	3.759415e-01	9.414811e-12	
348	1.617500e-08	3.759370e-01	3.759279e-01	9.278944e-12	
349	1.622500e-08	3.759370e-01	3.759412e-01	9.412342e-12	
350	1.627500e-08	3.759369e-01	3.759280e-01	9.279535e-12	
351	1.632500e-08	3.759369e-01	3.759410e-01	9.409908e-12	
352	1.637500e-08	3.759368e-01	3.759280e-01	9.280091e-12	
353	1.642500e-08	3.759369e-01	3.759408e-01	9.407509e-12	
354	1.647500e-08	3.759367e-01	3.759281e-01	9.280615e-12	
355	1.652500e-08	3.759368e-01	3.759405e-01	9.405143e-12	
356	1.657500e-08	3.759366e-01	3.759281e-01	9.281105e-12	
357	1.662500e-08	3.759367e-01	3.759403e-01	9.402809e-12	
358	1.667500e-08	3.759365e-01	3.759282e-01	9.281564e-12	
359	1.672500e-08	3.759366e-01	3.759401e-01	9.400508e-12	
360	1.677500e-08	3.759365e-01	3.759282e-01	9.281992e-12	
361	1.682500e-08	3.759365e-01	3.759398e-01	9.398238e-12	
362	1.687500e-08	3.759364e-01	3.759282e-01	9.282389e-12	
363	1.692500e-08	3.759364e-01	3.759396e-01	9.395999e-12	
364	1.697500e-08	3.759363e-01	3.759283e-01	9.282757e-12	
365	1.702500e-08	3.759363e-01	3.759394e-01	9.393789e-12	
366	1.707500e-08	3.759362e-01	3.759283e-01	9.283096e-12	
367	1.712500e-08	3.759362e-01	3.759392e-01	9.391608e-12	
368	1.717500e-08	3.759361e-01	3.759283e-01	9.283406e-12	
369	1.722500e-08	3.759361e-01	3.759389e-01	9.389457e-12	
370	1.727500e-08	3.759360e-01	3.759284e-01	9.283689e-12	
371	1.732500e-08	3.759360e-01	3.759387e-01	9.387333e-12	
372	1.737500e-08	3.759359e-01	3.759284e-01	9.283944e-12	
373	1.742500e-08	3.759359e-01	3.759385e-01	9.385236e-12	
374	1.747500e-08	3.759358e-01	3.759284e-01	9.284173e-12	
375	1.752500e-08	3.759358e-01	3.759383e-01	9.383166e-12	
376	1.757500e-08	3.759357e-01	3.759284e-01	9.284376e-12	
377	1.762500e-08	3.759357e-01	3.759381e-01	9.381122e-12	
378	1.767500e-08	3.759356e-01	3.759285e-01	9.284554e-12	
379	1.772500e-08	3.759356e-01	3.759379e-01	9.379103e-12	
380	1.777500e-08	3.759355e-01	3.759285e-01	9.284706e-12	
381	1.782500e-08	3.759355e-01	3.759377e-01	9.377109e-12	
382	1.787500e-08	3.759354e-01	3.759285e-01	9.284835e-12	
383	1.792500e-08	3.759354e-01	3.759375e-01	9.375140e-12	
384	1.797500e-08	3.759353e-01	3.759285e-01	9.284940e-12	
385	1.802500e-08	3.759354e-01	3.759373e-01	9.373194e-12	
386	1.807500e-08	3.759353e-01	3.759285e-01	9.285022e-12	
387	1.812500e-08	3.759353e-01	3.759371e-01	9.371272e-12	
388	1.817500e-08	3.759352e-01	3.759285e-01	9.285082e-12	
389	1.822500e-08	3.759352e-01	3.759369e-01	9.369372e-12	
390	1.827500e-08	3.759351e-01	3.759285e-01	9.285119e-12	
391	1.832500e-08	3.759351e-01	3.759367e-01	9.367494e-12	
392	1.837500e-08	3.759350e-01	3.759285e-01	9.285135e-12	
393	1.842500e-08	3.759350e-01	3.759366e-01	9.365638e-12	
394	1.847500e-08	3.759349e-01	3.759285e-01	9.285129e-12	
395	1.852500e-08	3.759349e-01	3.759364e-01	9.363804e-12	
396	1.857500e-08	3.759348e-01	3.759285e-01	9.285103e-12	
397	1.862500e-08	3.759348e-01	3.759362e-01	9.361990e-12	
398	1.867500e-08	3.759347e-01	3.759285e-01	9.285057e-12	
399	1.872500e-08	3.759347e-01	3.759360e-01	9.360196e-12	
400	1.877500e-08	3.759346e-01	3.759285e-01	9.284991e-12	
401	1.882500e-08	3.759346e-01	3.759358e-01	9.358422e-12	
402	1.887500e-08	3.759345e-01	3.759285e-01	9.284906e-12	

Index   time            v(cell)         v(bl)           vpre#branch     
--------------------------------------------------------------------------------
403	1.892500e-08	3.759345e-01	3.759357e-01	9.356667e-12	
404	1.897500e-08	3.759344e-01	3.759285e-01	9.284802e-12	
405	1.902500e-08	3.759344e-01	3.759355e-01	9.354932e-12	
406	1.907500e-08	3.759343e-01	3.759285e-01	9.284680e-12	
407	1.912500e-08	3.759343e-01	3.759353e-01	9.353214e-12	
408	1.917500e-08	3.759342e-01	3.759285e-01	9.284540e-12	
409	1.922500e-08	3.759342e-01	3.759352e-01	9.351515e-12	
410	1.927500e-08	3.759342e-01	3.759284e-01	9.284382e-12	
411	1.932500e-08	3.759341e-01	3.759350e-01	9.349834e-12	
412	1.937500e-08	3.759341e-01	3.759284e-01	9.284207e-12	
413	1.942500e-08	3.759341e-01	3.759348e-01	9.348169e-12	
414	1.947500e-08	3.759340e-01	3.759284e-01	9.284015e-12	
415	1.952500e-08	3.759340e-01	3.759347e-01	9.346522e-12	
416	1.957500e-08	3.759339e-01	3.759284e-01	9.283807e-12	
417	1.962500e-08	3.759339e-01	3.759345e-01	9.344891e-12	
418	1.967500e-08	3.759338e-01	3.759284e-01	9.283583e-12	
419	1.972500e-08	3.759338e-01	3.759343e-01	9.343276e-12	
420	1.977500e-08	3.759337e-01	3.759283e-01	9.283343e-12	
421	1.982500e-08	3.759337e-01	3.759342e-01	9.341677e-12	
422	1.987500e-08	3.759336e-01	3.759283e-01	9.283088e-12	
423	1.992500e-08	3.759336e-01	3.759340e-01	9.340094e-12	
424	1.997500e-08	3.759335e-01	3.759283e-01	9.282818e-12	
425	2.002500e-08	3.759335e-01	3.759339e-01	9.338525e-12	
426	2.007500e-08	3.759334e-01	3.759283e-01	9.282533e-12	
427	2.012500e-08	3.759334e-01	3.759337e-01	9.336971e-12	
428	2.017500e-08	3.759333e-01	3.759282e-01	9.282234e-12	
429	2.022500e-08	3.759333e-01	3.759335e-01	9.335432e-12	
430	2.027500e-08	3.759332e-01	3.759282e-01	9.281921e-12	
431	2.032500e-08	3.759332e-01	3.759334e-01	9.333907e-12	
432	2.037500e-08	3.759331e-01	3.759282e-01	9.281594e-12	
433	2.042500e-08	3.759331e-01	3.759332e-01	9.332395e-12	
434	2.047500e-08	3.759330e-01	3.759281e-01	9.281255e-12	
435	2.052500e-08	3.759330e-01	3.759331e-01	9.330897e-12	
436	2.057500e-08	3.759330e-01	3.759281e-01	9.280901e-12	
437	2.062500e-08	3.759329e-01	3.759329e-01	9.329412e-12	
438	2.067500e-08	3.759329e-01	3.759281e-01	9.280536e-12	
439	2.072500e-08	3.759328e-01	3.759328e-01	9.327940e-12	
440	2.077500e-08	3.759328e-01	3.759280e-01	9.280157e-12	
441	2.082500e-08	3.759328e-01	3.759326e-01	9.326480e-12	
442	2.087500e-08	3.759327e-01	3.759280e-01	9.279767e-12	
443	2.092500e-08	3.759327e-01	3.759325e-01	9.325032e-12	
444	2.097500e-08	3.759326e-01	3.759279e-01	9.279365e-12	
445	2.102500e-08	3.759326e-01	3.759324e-01	9.323597e-12	
446	2.107500e-08	3.759325e-01	3.759279e-01	9.278951e-12	
447	2.112500e-08	3.759325e-01	3.759322e-01	9.322173e-12	
448	2.117500e-08	3.759324e-01	3.759279e-01	9.278526e-12	
449	2.122500e-08	3.759324e-01	3.759321e-01	9.320761e-12	
450	2.127500e-08	3.759323e-01	3.759278e-01	9.278089e-12	
451	2.132500e-08	3.759323e-01	3.759319e-01	9.319360e-12	
452	2.137500e-08	3.759322e-01	3.759278e-01	9.277642e-12	
453	2.142500e-08	3.759322e-01	3.759318e-01	9.317970e-12	
454	2.147500e-08	3.759321e-01	3.759277e-01	9.277184e-12	
455	2.152500e-08	3.759321e-01	3.759317e-01	9.316590e-12	
456	2.157500e-08	3.759320e-01	3.759277e-01	9.276716e-12	
457	2.162500e-08	3.759320e-01	3.759315e-01	9.315222e-12	
458	2.167500e-08	3.759319e-01	3.759276e-01	9.276238e-12	
459	2.172500e-08	3.759319e-01	3.759314e-01	9.313863e-12	
460	2.177500e-08	3.759319e-01	3.759276e-01	9.275750e-12	

Index   time            v(cell)         v(bl)           vpre#branch     
--------------------------------------------------------------------------------
461	2.182500e-08	3.759318e-01	3.759313e-01	9.312514e-12	
462	2.187500e-08	3.759318e-01	3.759275e-01	9.275252e-12	
463	2.192500e-08	3.759317e-01	3.759311e-01	9.311175e-12	
464	2.196250e-08	3.759317e-01	3.759275e-01	9.274927e-12	
465	2.200000e-08	3.759317e-01	3.759310e-01	9.309941e-12	
466	2.200500e-08	3.759164e-01	3.730654e-01	-1.93455e-11	
467	2.201500e-08	3.758778e-01	3.700368e-01	-4.96315e-11	
468	2.203500e-08	3.757979e-01	3.675155e-01	-7.48455e-11	
469	2.207500e-08	3.756743e-01	3.632535e-01	-1.17465e-10	
470	2.212500e-08	3.755759e-01	3.543343e-01	-2.06657e-10	
471	2.217500e-08	3.755116e-01	3.387710e-01	-3.62290e-10	
472	2.222500e-08	3.754619e-01	3.180658e-01	-5.69342e-10	
473	2.227500e-08	3.754191e-01	2.944676e-01	-8.05324e-10	
474	2.232500e-08	3.753800e-01	2.694591e-01	-1.05541e-09	
475	2.237500e-08	3.753435e-01	2.439421e-01	-1.31058e-09	
476	2.242500e-08	3.753085e-01	2.184872e-01	-1.56513e-09	
477	2.247500e-08	3.752748e-01	1.934755e-01	-1.81525e-09	
478	2.252500e-08	3.752418e-01	1.691690e-01	-2.05831e-09	
479	2.257500e-08	3.752096e-01	1.456322e-01	-2.29368e-09	
480	2.262500e-08	3.751777e-01	1.231034e-01	-2.51897e-09	
481	2.267500e-08	3.751461e-01	1.017017e-01	-2.73298e-09	
482	2.272500e-08	3.751146e-01	8.139392e-02	-2.93606e-09	
483	2.277500e-08	3.750833e-01	6.221136e-02	-3.12789e-09	
484	2.282500e-08	3.750521e-01	4.407568e-02	-3.30924e-09	
485	2.287500e-08	3.750209e-01	2.698445e-02	-3.48016e-09	
486	2.292500e-08	3.749896e-01	1.088478e-02	-3.64115e-09	
487	2.296250e-08	3.749663e-01	-5.67736e-04	-3.75568e-09	
488	2.300000e-08	3.749429e-01	-1.15150e-02	-3.86515e-09	
489	2.300500e-08	3.749429e-01	-9.20596e-03	-3.84206e-09	
490	2.301500e-08	3.749429e-01	-4.61545e-03	-3.79615e-09	
491	2.303500e-08	3.749429e-01	4.401696e-03	-3.70598e-09	
492	2.307500e-08	3.749429e-01	2.180013e-02	-3.53200e-09	
493	2.312500e-08	3.749429e-01	4.240547e-02	-3.32595e-09	
494	2.317500e-08	3.749429e-01	6.180856e-02	-3.13191e-09	
495	2.322500e-08	3.749429e-01	8.007971e-02	-2.94920e-09	
496	2.327500e-08	3.749429e-01	9.728493e-02	-2.77715e-09	
497	2.332500e-08	3.749429e-01	1.134864e-01	-2.61514e-09	
498	2.337500e-08	3.749429e-01	1.287427e-01	-2.46257e-09	
499	2.342500e-08	3.749429e-01	1.431090e-01	-2.31891e-09	
500	2.347500e-08	3.749429e-01	1.566371e-01	-2.18363e-09	
501	2.352500e-08	3.749429e-01	1.693761e-01	-2.05624e-09	
502	2.357500e-08	3.749429e-01	1.813718e-01	-1.93628e-09	
503	2.362500e-08	3.749429e-01	1.926678e-01	-1.82332e-09	
504	2.367500e-08	3.749429e-01	2.033048e-01	-1.71695e-09	
505	2.372500e-08	3.749429e-01	2.133212e-01	-1.61679e-09	
506	2.377500e-08	3.749429e-01	2.227533e-01	-1.52247e-09	
507	2.382500e-08	3.749429e-01	2.316351e-01	-1.43365e-09	
508	2.387500e-08	3.749429e-01	2.399988e-01	-1.35001e-09	
509	2.392500e-08	3.749429e-01	2.478745e-01	-1.27125e-09	
510	2.397500e-08	3.749429e-01	2.552908e-01	-1.19709e-09	
511	2.402500e-08	3.749429e-01	2.622744e-01	-1.12726e-09	
512	2.407500e-08	3.749429e-01	2.688507e-01	-1.06149e-09	
513	2.412500e-08	3.749429e-01	2.750432e-01	-9.99568e-10	
514	2.417500e-08	3.749429e-01	2.808745e-01	-9.41255e-10	
515	2.422500e-08	3.749429e-01	2.863657e-01	-8.86343e-10	
516	2.427500e-08	3.749429e-01	2.915365e-01	-8.34635e-10	
517	2.432500e-08	3.749429e-01	2.964056e-01	-7.85944e-10	
518	2.437500e-08	3.749429e-01	3.009906e-01	-7.40094e-10	

Index   time            v(cell)         v(bl)           vpre#branch     
--------------------------------------------------------------------------------
519	2.442500e-08	3.749429e-01	3.053082e-01	-6.96918e-10	
520	2.447500e-08	3.749429e-01	3.093739e-01	-6.56261e-10	
521	2.452500e-08	3.749429e-01	3.132025e-01	-6.17975e-10	
522	2.457500e-08	3.749429e-01	3.168076e-01	-5.81924e-10	
523	2.462500e-08	3.749429e-01	3.202025e-01	-5.47975e-10	
524	2.467500e-08	3.749429e-01	3.233993e-01	-5.16007e-10	
525	2.472500e-08	3.749429e-01	3.264096e-01	-4.85904e-10	
526	2.477500e-08	3.749429e-01	3.292443e-01	-4.57557e-10	
527	2.482500e-08	3.749429e-01	3.319136e-01	-4.30864e-10	
528	2.487500e-08	3.749429e-01	3.344272e-01	-4.05728e-10	
529	2.492500e-08	3.749429e-01	3.367941e-01	-3.82059e-10	
530	2.497500e-08	3.749429e-01	3.390230e-01	-3.59770e-10	
531	2.502500e-08	3.749429e-01	3.411218e-01	-3.38782e-10	
532	2.507500e-08	3.749429e-01	3.430982e-01	-3.19018e-10	
533	2.512500e-08	3.749429e-01	3.449593e-01	-3.00407e-10	
534	2.517500e-08	3.749429e-01	3.467118e-01	-2.82882e-10	
535	2.522500e-08	3.749429e-01	3.483621e-01	-2.66379e-10	
536	2.527500e-08	3.749429e-01	3.499161e-01	-2.50839e-10	
537	2.532500e-08	3.749429e-01	3.513795e-01	-2.36205e-10	
538	2.537500e-08	3.749429e-01	3.527575e-01	-2.22425e-10	
539	2.542500e-08	3.749429e-01	3.540551e-01	-2.09449e-10	
540	2.547500e-08	3.749429e-01	3.552770e-01	-1.97230e-10	
541	2.552500e-08	3.749429e-01	3.564276e-01	-1.85724e-10	
542	2.557500e-08	3.749429e-01	3.575110e-01	-1.74890e-10	
543	2.562500e-08	3.749429e-01	3.585313e-01	-1.64687e-10	
544	2.567500e-08	3.749429e-01	3.594921e-01	-1.55079e-10	
545	2.572500e-08	3.749429e-01	3.603968e-01	-1.46032e-10	
546	2.577500e-08	3.749429e-01	3.612487e-01	-1.37513e-10	
547	2.582500e-08	3.749429e-01	3.620509e-01	-1.29491e-10	
548	2.587500e-08	3.749429e-01	3.628064e-01	-1.21936e-10	
549	2.592500e-08	3.749429e-01	3.635177e-01	-1.14823e-10	
550	2.597500e-08	3.749429e-01	3.641876e-01	-1.08124e-10	
551	2.602500e-08	3.749429e-01	3.648184e-01	-1.01816e-10	
552	2.607500e-08	3.749429e-01	3.654123e-01	-9.58766e-11	
553	2.612500e-08	3.749429e-01	3.659717e-01	-9.02833e-11	
554	2.617500e-08	3.749429e-01	3.664984e-01	-8.50163e-11	
555	2.622500e-08	3.749429e-01	3.669943e-01	-8.00566e-11	
556	2.627500e-08	3.749429e-01	3.674614e-01	-7.53863e-11	
557	2.632500e-08	3.749429e-01	3.679012e-01	-7.09883e-11	
558	2.637500e-08	3.749429e-01	3.683153e-01	-6.68470e-11	
559	2.642500e-08	3.749429e-01	3.687053e-01	-6.29473e-11	
560	2.647500e-08	3.749429e-01	3.690725e-01	-5.92750e-11	
561	2.652500e-08	3.749429e-01	3.694183e-01	-5.58170e-11	
562	2.657500e-08	3.749429e-01	3.697439e-01	-5.25607e-11	
563	2.662500e-08	3.749429e-01	3.700506e-01	-4.94944e-11	
564	2.667500e-08	3.749429e-01	3.703393e-01	-4.66070e-11	
565	2.672500e-08	3.749429e-01	3.706112e-01	-4.38880e-11	
566	2.677500e-08	3.749429e-01	3.708672e-01	-4.13277e-11	
567	2.682500e-08	3.749429e-01	3.711083e-01	-3.89167e-11	
568	2.687500e-08	3.749429e-01	3.713354e-01	-3.66464e-11	
569	2.692500e-08	3.749429e-01	3.715492e-01	-3.45085e-11	
570	2.697500e-08	3.749429e-01	3.717505e-01	-3.24953e-11	
571	2.702500e-08	3.749429e-01	3.719400e-01	-3.05996e-11	
572	2.707500e-08	3.749429e-01	3.721186e-01	-2.88144e-11	
573	2.712500e-08	3.749429e-01	3.722867e-01	-2.71335e-11	
574	2.717500e-08	3.749429e-01	3.724449e-01	-2.55505e-11	
575	2.722500e-08	3.749429e-01	3.725940e-01	-2.40600e-11	
576	2.727500e-08	3.749429e-01	3.727344e-01	-2.26563e-11	

Index   time            v(cell)         v(bl)           vpre#branch     
--------------------------------------------------------------------------------
577	2.732500e-08	3.749429e-01	3.728665e-01	-2.13346e-11	
578	2.737500e-08	3.749429e-01	3.729910e-01	-2.00900e-11	
579	2.742500e-08	3.749429e-01	3.731082e-01	-1.89180e-11	
580	2.747500e-08	3.749429e-01	3.732186e-01	-1.78143e-11	
581	2.752500e-08	3.749429e-01	3.733225e-01	-1.67751e-11	
582	2.757500e-08	3.749429e-01	3.734204e-01	-1.57964e-11	
583	2.762500e-08	3.749429e-01	3.735125e-01	-1.48749e-11	
584	2.767500e-08	3.749429e-01	3.735993e-01	-1.40071e-11	
585	2.772500e-08	3.749429e-01	3.736810e-01	-1.31900e-11	
586	2.777500e-08	3.749429e-01	3.737580e-01	-1.24205e-11	
587	2.782500e-08	3.749429e-01	3.738304e-01	-1.16959e-11	
588	2.787500e-08	3.749429e-01	3.738986e-01	-1.10136e-11	
589	2.792500e-08	3.749429e-01	3.739629e-01	-1.03711e-11	
590	2.797500e-08	3.749429e-01	3.740234e-01	-9.76603e-12	
591	2.802500e-08	3.749429e-01	3.740804e-01	-9.19630e-12	
592	2.807500e-08	3.749429e-01	3.741340e-01	-8.65980e-12	
593	2.812500e-08	3.749429e-01	3.741845e-01	-8.15460e-12	
594	2.817500e-08	3.749429e-01	3.742321e-01	-7.67888e-12	
595	2.822500e-08	3.749429e-01	3.742769e-01	-7.23090e-12	
596	2.827500e-08	3.749429e-01	3.743191e-01	-6.80906e-12	
597	2.832500e-08	3.749429e-01	3.743588e-01	-6.41183e-12	
598	2.837500e-08	3.749429e-01	3.743962e-01	-6.03778e-12	
599	2.842500e-08	3.749429e-01	3.744314e-01	-5.68554e-12	
600	2.847500e-08	3.749429e-01	3.744646e-01	-5.35386e-12	
601	2.852500e-08	3.749429e-01	3.744958e-01	-5.04152e-12	
602	2.857500e-08	3.749429e-01	3.745253e-01	-4.74741e-12	
603	2.862500e-08	3.749429e-01	3.745530e-01	-4.47045e-12	
604	2.867500e-08	3.749429e-01	3.745790e-01	-4.20965e-12	
605	2.872500e-08	3.749429e-01	3.746036e-01	-3.96407e-12	
606	2.877500e-08	3.749429e-01	3.746267e-01	-3.73281e-12	
607	2.882500e-08	3.749429e-01	3.746485e-01	-3.51505e-12	
608	2.887500e-08	3.749429e-01	3.746690e-01	-3.30998e-12	
609	2.892500e-08	3.749429e-01	3.746883e-01	-3.11689e-12	
610	2.897500e-08	3.749429e-01	3.747065e-01	-2.93505e-12	
611	2.902500e-08	3.749429e-01	3.747236e-01	-2.76383e-12	
612	2.907500e-08	3.749429e-01	3.747397e-01	-2.60259e-12	
613	2.912500e-08	3.749429e-01	3.747549e-01	-2.45076e-12	
614	2.917500e-08	3.749429e-01	3.747692e-01	-2.30778e-12	
615	2.922500e-08	3.749429e-01	3.747827e-01	-2.17315e-12	
616	2.927500e-08	3.749429e-01	3.747954e-01	-2.04637e-12	
617	2.932500e-08	3.749429e-01	3.748073e-01	-1.92699e-12	
618	2.937500e-08	3.749429e-01	3.748185e-01	-1.81457e-12	
619	2.942500e-08	3.749429e-01	3.748291e-01	-1.70872e-12	
620	2.947500e-08	3.749429e-01	3.748391e-01	-1.60903e-12	
621	2.952500e-08	3.749429e-01	3.748485e-01	-1.51516e-12	
622	2.957500e-08	3.749429e-01	3.748573e-01	-1.42677e-12	
623	2.962500e-08	3.749429e-01	3.748656e-01	-1.34354e-12	
624	2.967500e-08	3.749429e-01	3.748735e-01	-1.26516e-12	
625	2.972500e-08	3.749429e-01	3.748809e-01	-1.19135e-12	
626	2.977500e-08	3.749429e-01	3.748878e-01	-1.12185e-12	
627	2.982500e-08	3.749429e-01	3.748944e-01	-1.05640e-12	
628	2.987500e-08	3.749429e-01	3.749005e-01	-9.94772e-13	
629	2.992500e-08	3.749429e-01	3.749063e-01	-9.36739e-13	
630	2.997500e-08	3.749429e-01	3.749118e-01	-8.82091e-13	
631	3.002500e-08	3.749429e-01	3.749169e-01	-8.30631e-13	
632	3.007500e-08	3.749429e-01	3.749218e-01	-7.82174e-13	
633	3.012500e-08	3.749429e-01	3.749263e-01	-7.36543e-13	
634	3.017500e-08	3.749429e-01	3.749306e-01	-6.93574e-13	

Index   time            v(cell)         v(bl)           vpre#branch     
--------------------------------------------------------------------------------
635	3.022500e-08	3.749429e-01	3.749347e-01	-6.53112e-13	
636	3.027500e-08	3.749429e-01	3.749385e-01	-6.15011e-13	
637	3.032500e-08	3.749429e-01	3.749421e-01	-5.79132e-13	
638	3.037500e-08	3.749429e-01	3.749455e-01	-5.45346e-13	
639	3.042500e-08	3.749429e-01	3.749486e-01	-5.13532e-13	
640	3.047500e-08	3.749429e-01	3.749516e-01	-4.83573e-13	
641	3.052500e-08	3.749429e-01	3.749545e-01	-4.55362e-13	
642	3.057500e-08	3.749429e-01	3.749571e-01	-4.28797e-13	
643	3.062500e-08	3.749429e-01	3.749596e-01	-4.03782e-13	
644	3.067500e-08	3.749429e-01	3.749620e-01	-3.80226e-13	
645	3.072500e-08	3.749429e-01	3.749642e-01	-3.58044e-13	
646	3.077500e-08	3.749429e-01	3.749663e-01	-3.37157e-13	
647	3.082500e-08	3.749429e-01	3.749683e-01	-3.17487e-13	
648	3.087500e-08	3.749429e-01	3.749701e-01	-2.98966e-13	
649	3.092500e-08	3.749429e-01	3.749718e-01	-2.81525e-13	
650	3.097500e-08	3.749429e-01	3.749735e-01	-2.65101e-13	
651	3.102500e-08	3.749429e-01	3.749750e-01	-2.49635e-13	
652	3.107500e-08	3.749429e-01	3.749765e-01	-2.35072e-13	
653	3.112500e-08	3.749429e-01	3.749779e-01	-2.21358e-13	
654	3.117500e-08	3.749429e-01	3.749792e-01	-2.08445e-13	
655	3.122500e-08	3.749429e-01	3.749804e-01	-1.96284e-13	
656	3.127500e-08	3.749429e-01	3.749815e-01	-1.84833e-13	
657	3.132500e-08	3.749429e-01	3.749826e-01	-1.74051e-13	
658	3.137500e-08	3.749429e-01	3.749836e-01	-1.63897e-13	
659	3.142500e-08	3.749429e-01	3.749846e-01	-1.54335e-13	
660	3.147500e-08	3.749429e-01	3.749855e-01	-1.45332e-13	
661	3.152500e-08	3.749429e-01	3.749863e-01	-1.36853e-13	
662	3.157500e-08	3.749429e-01	3.749871e-01	-1.28869e-13	
663	3.162500e-08	3.749429e-01	3.749879e-01	-1.21351e-13	
664	3.167500e-08	3.749429e-01	3.749886e-01	-1.14272e-13	
665	3.172500e-08	3.749429e-01	3.749892e-01	-1.07606e-13	
666	3.177500e-08	3.749429e-01	3.749899e-01	-1.01328e-13	
667	3.182500e-08	3.749429e-01	3.749905e-01	-9.54167e-14	
668	3.187500e-08	3.749429e-01	3.749910e-01	-8.98502e-14	
669	3.192500e-08	3.749429e-01	3.749915e-01	-8.46085e-14	
670	3.197500e-08	3.749429e-01	3.749920e-01	-7.96726e-14	
671	3.202500e-08	3.749429e-01	3.749925e-01	-7.50246e-14	
672	3.207500e-08	3.749429e-01	3.749929e-01	-7.06478e-14	
673	3.212500e-08	3.749429e-01	3.749933e-01	-6.65264e-14	
674	3.217500e-08	3.749429e-01	3.749937e-01	-6.26453e-14	
675	3.222500e-08	3.749429e-01	3.749941e-01	-5.89907e-14	
676	3.227500e-08	3.749429e-01	3.749944e-01	-5.55493e-14	
677	3.232500e-08	3.749429e-01	3.749948e-01	-5.23086e-14	
678	3.237500e-08	3.749429e-01	3.749951e-01	-4.92570e-14	
679	3.242500e-08	3.749429e-01	3.749954e-01	-4.63835e-14	
680	3.247500e-08	3.749429e-01	3.749956e-01	-4.36775e-14	
681	3.252500e-08	3.749429e-01	3.749959e-01	-4.11295e-14	
682	3.257500e-08	3.749429e-01	3.749961e-01	-3.87300e-14	
683	3.262500e-08	3.749429e-01	3.749964e-01	-3.64706e-14	
684	3.267500e-08	3.749429e-01	3.749966e-01	-3.43430e-14	
685	3.272500e-08	3.749429e-01	3.749968e-01	-3.23395e-14	
686	3.277500e-08	3.749429e-01	3.749970e-01	-3.04528e-14	
687	3.282500e-08	3.749429e-01	3.749971e-01	-2.86763e-14	
688	3.287500e-08	3.749429e-01	3.749973e-01	-2.70033e-14	
689	3.292500e-08	3.749429e-01	3.749975e-01	-2.54280e-14	
690	3.297500e-08	3.749429e-01	3.749976e-01	-2.39446e-14	
691	3.302500e-08	3.749429e-01	3.749977e-01	-2.25477e-14	
692	3.307500e-08	3.749429e-01	3.749979e-01	-2.12323e-14	

Index   time            v(cell)         v(bl)           vpre#branch     
--------------------------------------------------------------------------------
693	3.312500e-08	3.749429e-01	3.749980e-01	-1.99937e-14	
694	3.317500e-08	3.749429e-01	3.749981e-01	-1.88273e-14	
695	3.322500e-08	3.749429e-01	3.749982e-01	-1.77289e-14	
696	3.327500e-08	3.749429e-01	3.749983e-01	-1.66946e-14	
697	3.332500e-08	3.749429e-01	3.749984e-01	-1.57207e-14	
698	3.337500e-08	3.749429e-01	3.749985e-01	-1.48036e-14	
699	3.342500e-08	3.749429e-01	3.749986e-01	-1.39400e-14	
700	3.347500e-08	3.749429e-01	3.749987e-01	-1.31268e-14	
701	3.352500e-08	3.749429e-01	3.749988e-01	-1.23610e-14	
702	3.357500e-08	3.749429e-01	3.749988e-01	-1.16398e-14	
703	3.362500e-08	3.749429e-01	3.749989e-01	-1.09608e-14	
704	3.367500e-08	3.749429e-01	3.749990e-01	-1.03214e-14	
705	3.372500e-08	3.749429e-01	3.749990e-01	-9.71924e-15	
706	3.377500e-08	3.749429e-01	3.749991e-01	-9.15224e-15	
707	3.382500e-08	3.749429e-01	3.749991e-01	-8.61832e-15	
708	3.387500e-08	3.749429e-01	3.749992e-01	-8.11554e-15	
709	3.392500e-08	3.749429e-01	3.749992e-01	-7.64210e-15	
710	3.397500e-08	3.749429e-01	3.749993e-01	-7.19628e-15	
711	3.402500e-08	3.749429e-01	3.749993e-01	-6.77646e-15	
712	3.407500e-08	3.749429e-01	3.749994e-01	-6.38114e-15	
713	3.412500e-08	3.749429e-01	3.749994e-01	-6.00888e-15	
714	3.417500e-08	3.749429e-01	3.749994e-01	-5.65833e-15	
715	3.422500e-08	3.749429e-01	3.749995e-01	-5.32824e-15	
716	3.427500e-08	3.749429e-01	3.749995e-01	-5.01740e-15	
717	3.432500e-08	3.749429e-01	3.749995e-01	-4.72470e-15	
718	3.437500e-08	3.749429e-01	3.749996e-01	-4.44907e-15	
719	3.442500e-08	3.749429e-01	3.749996e-01	-4.18953e-15	
720	3.447500e-08	3.749429e-01	3.749996e-01	-3.94512e-15	
721	3.452500e-08	3.749429e-01	3.749996e-01	-3.71497e-15	
722	3.457500e-08	3.749429e-01	3.749997e-01	-3.49825e-15	
723	3.462500e-08	3.749429e-01	3.749997e-01	-3.29417e-15	
724	3.467500e-08	3.749429e-01	3.749997e-01	-3.10200e-15	
725	3.472500e-08	3.749429e-01	3.749997e-01	-2.92104e-15	
726	3.477500e-08	3.749429e-01	3.749997e-01	-2.75063e-15	
727	3.482500e-08	3.749429e-01	3.749997e-01	-2.59017e-15	
728	3.487500e-08	3.749429e-01	3.749998e-01	-2.43907e-15	
729	3.492500e-08	3.749429e-01	3.749998e-01	-2.29678e-15	
730	3.497500e-08	3.749429e-01	3.749998e-01	-2.16279e-15	
731	3.502500e-08	3.749429e-01	3.749998e-01	-2.03662e-15	
732	3.507500e-08	3.749429e-01	3.749998e-01	-1.91781e-15	
733	3.512500e-08	3.749429e-01	3.749998e-01	-1.80593e-15	
734	3.517500e-08	3.749429e-01	3.749998e-01	-1.70058e-15	
735	3.522500e-08	3.749429e-01	3.749998e-01	-1.60138e-15	
736	3.527500e-08	3.749429e-01	3.749998e-01	-1.50796e-15	
737	3.532500e-08	3.749429e-01	3.749999e-01	-1.41999e-15	
738	3.537500e-08	3.749429e-01	3.749999e-01	-1.33715e-15	
739	3.542500e-08	3.749429e-01	3.749999e-01	-1.25915e-15	
740	3.547500e-08	3.749429e-01	3.749999e-01	-1.18570e-15	
741	3.552500e-08	3.749429e-01	3.749999e-01	-1.11653e-15	
742	3.557500e-08	3.749429e-01	3.749999e-01	-1.05140e-15	
743	3.562500e-08	3.749429e-01	3.749999e-01	-9.90064e-16	
744	3.567500e-08	3.749429e-01	3.749999e-01	-9.32309e-16	
745	3.572500e-08	3.749429e-01	3.749999e-01	-8.77923e-16	
746	3.577500e-08	3.749429e-01	3.749999e-01	-8.26710e-16	
747	3.582500e-08	3.749429e-01	3.749999e-01	-7.78485e-16	
748	3.587500e-08	3.749429e-01	3.749999e-01	-7.33073e-16	
749	3.592500e-08	3.749429e-01	3.749999e-01	-6.90310e-16	
750	3.597500e-08	3.749429e-01	3.749999e-01	-6.50042e-16	

Index   time            v(cell)         v(bl)           vpre#branch     
--------------------------------------------------------------------------------
751	3.602500e-08	3.749429e-01	3.749999e-01	-6.12124e-16	
752	3.607500e-08	3.749429e-01	3.749999e-01	-5.76417e-16	
753	3.612500e-08	3.749429e-01	3.749999e-01	-5.42794e-16	
754	3.617500e-08	3.749429e-01	3.749999e-01	-5.11132e-16	
755	3.622500e-08	3.749429e-01	3.750000e-01	-4.81317e-16	
756	3.627500e-08	3.749429e-01	3.750000e-01	-4.53241e-16	
757	3.632500e-08	3.749429e-01	3.750000e-01	-4.26803e-16	
758	3.637500e-08	3.749429e-01	3.750000e-01	-4.01908e-16	
759	3.642500e-08	3.749429e-01	3.750000e-01	-3.78465e-16	
760	3.647500e-08	3.749429e-01	3.750000e-01	-3.56390e-16	
761	3.652500e-08	3.749429e-01	3.750000e-01	-3.35602e-16	
762	3.657500e-08	3.749429e-01	3.750000e-01	-3.16028e-16	
763	3.662500e-08	3.749429e-01	3.750000e-01	-2.97595e-16	
764	3.667500e-08	3.749429e-01	3.750000e-01	-2.80238e-16	
765	3.672500e-08	3.749429e-01	3.750000e-01	-2.63893e-16	
766	3.677500e-08	3.749429e-01	3.750000e-01	-2.48502e-16	
767	3.682500e-08	3.749429e-01	3.750000e-01	-2.34008e-16	
768	3.687500e-08	3.749429e-01	3.750000e-01	-2.20360e-16	
769	3.692500e-08	3.749429e-01	3.750000e-01	-2.07508e-16	
770	3.697500e-08	3.749429e-01	3.750000e-01	-1.95406e-16	
771	3.702500e-08	3.749429e-01	3.750000e-01	-1.84010e-16	
772	3.707500e-08	3.749429e-01	3.750000e-01	-1.73279e-16	
773	3.712500e-08	3.749429e-01	3.750000e-01	-1.63174e-16	
774	3.717500e-08	3.749429e-01	3.750000e-01	-1.53658e-16	
775	3.722500e-08	3.749429e-01	3.750000e-01	-1.44697e-16	
776	3.727500e-08	3.749429e-01	3.750000e-01	-1.36260e-16	
777	3.732500e-08	3.749429e-01	3.750000e-01	-1.28314e-16	
778	3.737500e-08	3.749429e-01	3.750000e-01	-1.20832e-16	
779	3.742500e-08	3.749429e-01	3.750000e-01	-1.13787e-16	
780	3.747500e-08	3.749429e-01	3.750000e-01	-1.07152e-16	
781	3.752500e-08	3.749429e-01	3.750000e-01	-1.00905e-16	
782	3.757500e-08	3.749429e-01	3.750000e-01	-9.50219e-17	
783	3.762500e-08	3.749429e-01	3.750000e-01	-8.94821e-17	
784	3.767500e-08	3.749429e-01	3.750000e-01	-8.42656e-17	
785	3.772500e-08	3.749429e-01	3.750000e-01	-7.93535e-17	
786	3.777500e-08	3.749429e-01	3.750000e-01	-7.47279e-17	
787	3.782500e-08	3.749429e-01	3.750000e-01	-7.03722e-17	
788	3.787500e-08	3.749429e-01	3.750000e-01	-6.62704e-17	
789	3.792500e-08	3.749429e-01	3.750000e-01	-6.24079e-17	
790	3.797500e-08	3.749429e-01	3.750000e-01	-5.87709e-17	
791	3.802500e-08	3.749429e-01	3.750000e-01	-5.53461e-17	
792	3.807500e-08	3.749429e-01	3.750000e-01	-5.21209e-17	
793	3.812500e-08	3.749429e-01	3.750000e-01	-4.90838e-17	
794	3.817500e-08	3.749429e-01	3.750000e-01	-4.62241e-17	
795	3.822500e-08	3.749429e-01	3.750000e-01	-4.35313e-17	
796	3.827500e-08	3.749429e-01	3.750000e-01	-4.09953e-17	
797	3.832500e-08	3.749429e-01	3.750000e-01	-3.86073e-17	
798	3.837500e-08	3.749429e-01	3.750000e-01	-3.63586e-17	
799	3.842500e-08	3.749429e-01	3.750000e-01	-3.42411e-17	
800	3.847500e-08	3.749429e-01	3.750000e-01	-3.22473e-17	
801	3.852500e-08	3.749429e-01	3.750000e-01	-3.03698e-17	
802	3.857500e-08	3.749429e-01	3.750000e-01	-2.86019e-17	
803	3.862500e-08	3.749429e-01	3.750000e-01	-2.69371e-17	
804	3.867500e-08	3.749429e-01	3.750000e-01	-2.53692e-17	
805	3.872500e-08	3.749429e-01	3.750000e-01	-2.38928e-17	
806	3.877500e-08	3.749429e-01	3.750000e-01	-2.25027e-17	
807	3.882500e-08	3.749429e-01	3.750000e-01	-2.11937e-17	
808	3.887500e-08	3.749429e-01	3.750000e-01	-1.99609e-17	

Index   time            v(cell)         v(bl)           vpre#branch     
--------------------------------------------------------------------------------
809	3.892500e-08	3.749429e-01	3.750000e-01	-1.88000e-17	
810	3.897500e-08	3.749429e-01	3.750000e-01	-1.77071e-17	
811	3.902500e-08	3.749429e-01	3.750000e-01	-1.66778e-17	
812	3.907500e-08	3.749429e-01	3.750000e-01	-1.57087e-17	
813	3.912500e-08	3.749429e-01	3.750000e-01	-1.47960e-17	
814	3.917500e-08	3.749429e-01	3.750000e-01	-1.39364e-17	
815	3.922500e-08	3.749429e-01	3.750000e-01	-1.31270e-17	
816	3.927500e-08	3.749429e-01	3.750000e-01	-1.23648e-17	
817	3.932500e-08	3.749429e-01	3.750000e-01	-1.16470e-17	
818	3.937500e-08	3.749429e-01	3.750000e-01	-1.09714e-17	
819	3.942500e-08	3.749429e-01	3.750000e-01	-1.03351e-17	
820	3.947500e-08	3.749429e-01	3.750000e-01	-9.73594e-18	
821	3.952500e-08	3.749429e-01	3.750000e-01	-9.17175e-18	
822	3.957500e-08	3.749429e-01	3.750000e-01	-8.64047e-18	
823	3.962500e-08	3.749429e-01	3.750000e-01	-8.14019e-18	
824	3.967500e-08	3.749429e-01	3.750000e-01	-7.66909e-18	
825	3.972500e-08	3.749429e-01	3.750000e-01	-7.22547e-18	
826	3.977500e-08	3.749429e-01	3.750000e-01	-6.80754e-18	
827	3.982500e-08	3.749429e-01	3.750000e-01	-6.41399e-18	
828	3.987500e-08	3.749429e-01	3.750000e-01	-6.04359e-18	
829	3.992500e-08	3.749429e-01	3.750000e-01	-5.69480e-18	
830	3.996250e-08	3.749429e-01	3.750000e-01	-5.44681e-18	
831	4.000000e-08	3.749429e-01	3.750000e-01	-5.20978e-18	


Total analysis time (seconds) = 0.0675595

Total elapsed time (seconds) = 0.076 

Total DRAM available = 386307.215 MB.
DRAM currently available = 12360.055 MB.
Maximum ngspice program size =  529.719 MB.
Current ngspice program size =   14.141 MB.

Shared ngspice pages =   12.320 MB.
Text (code) pages =    6.266 MB.
Stack = 0 bytes.
Library pages =   59.137 MB.

