
Note: No compatibility mode selected!


Circuit: * 1t1c ccell=20.0ff

Doing analysis at TEMP = 85.000000 and TNOM = 27.000000

Using SPARSE 1.3 as Direct Linear Solver

Initial Transient Solution
--------------------------

Node                                   Voltage
----                                   -------
pre                                      0.375
bl                                       0.375
wl                                           0
plate                                        0
s                                            0
cell                                         0
vs#branch                                    0
vpl#branch                                   0
vwl#branch                                   0
vpre#branch                                  0


No. of Data Rows : 832

  Measurements for Transient Analysis

t_write             =  1.90037e-09
t_read              =  2.29162e-08
i_hold              =  -2.83320e-11 from=  2.50000e-08 to=  3.50250e-08
q_read              =   6.18162e-20 from=  1.20000e-08 to=  2.20000e-08

                              * 1t1c ccell=20.0ff
                              Transient Analysis  Wed Jun 24 01:05:46  2026
--------------------------------------------------------------------------------
Index   time            v(cell)         v(bl)           vpre#branch     
--------------------------------------------------------------------------------
0	0.000000e+00	0.000000e+00	3.750000e-01	0.000000e+00	
1	5.000000e-13	1.587535e-11	3.750000e-01	-4.22518e-16	
2	1.000000e-12	3.175012e-11	3.749999e-01	-8.03766e-16	
3	2.000000e-12	6.349954e-11	3.749998e-01	-1.56580e-15	
4	4.000000e-12	1.269984e-10	3.749997e-01	-3.08713e-15	
5	8.000000e-12	2.539960e-10	3.749994e-01	-6.11885e-15	
6	1.600000e-11	5.079912e-10	3.749988e-01	-1.21388e-14	
7	3.200000e-11	1.015982e-09	3.749976e-01	-2.40066e-14	
8	6.400000e-11	2.031962e-09	3.749953e-01	-4.70706e-14	
9	1.140000e-10	3.619429e-09	3.749919e-01	-8.13841e-14	
10	1.640000e-10	5.206895e-09	3.749886e-01	-1.13696e-13	
11	2.140000e-10	6.794360e-09	3.749856e-01	-1.44122e-13	
12	2.640000e-10	8.381823e-09	3.749827e-01	-1.72774e-13	
13	3.140000e-10	9.969284e-09	3.749800e-01	-1.99754e-13	
14	3.640000e-10	1.155674e-08	3.749775e-01	-2.25160e-13	
15	4.140000e-10	1.314420e-08	3.749751e-01	-2.49084e-13	
16	4.640000e-10	1.473166e-08	3.749728e-01	-2.71612e-13	
17	5.140000e-10	1.631912e-08	3.749707e-01	-2.92826e-13	
18	5.640000e-10	1.790657e-08	3.749687e-01	-3.12802e-13	
19	6.140000e-10	1.949403e-08	3.749668e-01	-3.31613e-13	
20	6.640000e-10	2.108148e-08	3.749651e-01	-3.49326e-13	
21	7.140000e-10	2.266894e-08	3.749634e-01	-3.66006e-13	
22	7.640000e-10	2.425639e-08	3.749618e-01	-3.81713e-13	
23	8.140000e-10	2.584384e-08	3.749603e-01	-3.96504e-13	
24	8.640000e-10	2.743129e-08	3.749590e-01	-4.10432e-13	
25	9.140000e-10	2.901874e-08	3.749576e-01	-4.23547e-13	
26	9.570000e-10	3.038395e-08	3.749566e-01	-4.34211e-13	
27	1.000000e-09	3.174915e-08	3.749556e-01	-4.44339e-13	
28	1.005000e-09	3.748489e-03	3.749554e-01	-4.45944e-13	
29	1.015000e-09	1.124537e-02	3.749552e-01	-4.48201e-13	
30	1.035000e-09	2.623913e-02	3.749552e-01	-4.48228e-13	
31	1.075000e-09	5.622666e-02	3.749563e-01	-4.36799e-13	
32	1.125000e-09	9.371106e-02	3.749586e-01	-4.13702e-13	
33	1.175000e-09	1.311955e-01	3.749610e-01	-3.89772e-13	
34	1.225000e-09	1.686799e-01	3.749633e-01	-3.67098e-13	
35	1.275000e-09	2.061643e-01	3.749654e-01	-3.45703e-13	
36	1.325000e-09	2.436487e-01	3.749674e-01	-3.25542e-13	
37	1.375000e-09	2.811331e-01	3.749693e-01	-3.06552e-13	
38	1.425000e-09	3.186175e-01	3.749711e-01	-2.88669e-13	
39	1.475000e-09	3.561019e-01	3.749728e-01	-2.71829e-13	
40	1.525000e-09	3.935863e-01	3.749744e-01	-2.55971e-13	
41	1.575000e-09	4.310707e-01	3.749759e-01	-2.41037e-13	
42	1.625000e-09	4.685551e-01	3.749773e-01	-2.26975e-13	
43	1.675000e-09	5.060395e-01	3.749786e-01	-2.13732e-13	
44	1.725000e-09	5.435239e-01	3.749799e-01	-2.01262e-13	
45	1.775000e-09	5.810083e-01	3.749810e-01	-1.89520e-13	
46	1.825000e-09	6.184928e-01	3.749822e-01	-1.78463e-13	
47	1.875000e-09	6.559772e-01	3.749832e-01	-1.68050e-13	
48	1.925000e-09	6.934616e-01	3.749842e-01	-1.58246e-13	
49	1.962500e-09	7.215749e-01	3.749849e-01	-1.51270e-13	
50	2.000000e-09	7.496882e-01	3.749855e-01	-1.44602e-13	
51	2.005000e-09	7.496882e-01	3.749856e-01	-1.43738e-13	
52	2.015000e-09	7.496882e-01	3.749858e-01	-1.42021e-13	
53	2.035000e-09	7.496882e-01	3.749861e-01	-1.38647e-13	
54	2.075000e-09	7.496882e-01	3.749868e-01	-1.32138e-13	

Index   time            v(cell)         v(bl)           vpre#branch     
--------------------------------------------------------------------------------
55	2.125000e-09	7.496882e-01	3.749876e-01	-1.24428e-13	
56	2.175000e-09	7.496882e-01	3.749883e-01	-1.17168e-13	
57	2.225000e-09	7.496882e-01	3.749890e-01	-1.10331e-13	
58	2.275000e-09	7.496882e-01	3.749896e-01	-1.03894e-13	
59	2.325000e-09	7.496882e-01	3.749902e-01	-9.78315e-14	
60	2.375000e-09	7.496882e-01	3.749908e-01	-9.21230e-14	
61	2.425000e-09	7.496882e-01	3.749913e-01	-8.67476e-14	
62	2.475000e-09	7.496882e-01	3.749918e-01	-8.16858e-14	
63	2.525000e-09	7.496882e-01	3.749923e-01	-7.69193e-14	
64	2.575000e-09	7.496882e-01	3.749928e-01	-7.24308e-14	
65	2.625000e-09	7.496882e-01	3.749932e-01	-6.82042e-14	
66	2.675000e-09	7.496882e-01	3.749936e-01	-6.42242e-14	
67	2.725000e-09	7.496882e-01	3.749940e-01	-6.04763e-14	
68	2.775000e-09	7.496882e-01	3.749943e-01	-5.69471e-14	
69	2.825000e-09	7.496882e-01	3.749946e-01	-5.36238e-14	
70	2.875000e-09	7.496882e-01	3.749950e-01	-5.04944e-14	
71	2.925000e-09	7.496882e-01	3.749952e-01	-4.75475e-14	
72	2.975000e-09	7.496882e-01	3.749955e-01	-4.47726e-14	
73	3.025000e-09	7.496882e-01	3.749958e-01	-4.21595e-14	
74	3.075000e-09	7.496882e-01	3.749960e-01	-3.96989e-14	
75	3.125000e-09	7.496882e-01	3.749963e-01	-3.73818e-14	
76	3.175000e-09	7.496882e-01	3.749965e-01	-3.51999e-14	
77	3.225000e-09	7.496882e-01	3.749967e-01	-3.31453e-14	
78	3.275000e-09	7.496882e-01	3.749969e-01	-3.12105e-14	
79	3.325000e-09	7.496882e-01	3.749971e-01	-2.93886e-14	
80	3.375000e-09	7.496882e-01	3.749972e-01	-2.76730e-14	
81	3.425000e-09	7.496882e-01	3.749974e-01	-2.60575e-14	
82	3.475000e-09	7.496882e-01	3.749975e-01	-2.45363e-14	
83	3.525000e-09	7.496882e-01	3.749977e-01	-2.31037e-14	
84	3.575000e-09	7.496882e-01	3.749978e-01	-2.17548e-14	
85	3.625000e-09	7.496882e-01	3.749980e-01	-2.04845e-14	
86	3.675000e-09	7.496882e-01	3.749981e-01	-1.92884e-14	
87	3.725000e-09	7.496882e-01	3.749982e-01	-1.81620e-14	
88	3.775000e-09	7.496882e-01	3.749983e-01	-1.71014e-14	
89	3.825000e-09	7.496882e-01	3.749984e-01	-1.61026e-14	
90	3.875000e-09	7.496882e-01	3.749985e-01	-1.51621e-14	
91	3.925000e-09	7.496882e-01	3.749986e-01	-1.42764e-14	
92	3.975000e-09	7.496882e-01	3.749987e-01	-1.34425e-14	
93	4.025000e-09	7.496882e-01	3.749987e-01	-1.26571e-14	
94	4.075000e-09	7.496882e-01	3.749988e-01	-1.19176e-14	
95	4.125000e-09	7.496882e-01	3.749989e-01	-1.12213e-14	
96	4.175000e-09	7.496882e-01	3.749989e-01	-1.05655e-14	
97	4.225000e-09	7.496882e-01	3.749990e-01	-9.94804e-15	
98	4.275000e-09	7.496882e-01	3.749991e-01	-9.36657e-15	
99	4.325000e-09	7.496882e-01	3.749991e-01	-8.81903e-15	
100	4.375000e-09	7.496882e-01	3.749992e-01	-8.30343e-15	
101	4.425000e-09	7.496882e-01	3.749992e-01	-7.81791e-15	
102	4.475000e-09	7.496882e-01	3.749993e-01	-7.36071e-15	
103	4.525000e-09	7.496882e-01	3.749993e-01	-6.93019e-15	
104	4.575000e-09	7.496882e-01	3.749993e-01	-6.52478e-15	
105	4.625000e-09	7.496882e-01	3.749994e-01	-6.14302e-15	
106	4.675000e-09	7.496882e-01	3.749994e-01	-5.78354e-15	
107	4.725000e-09	7.496882e-01	3.749995e-01	-5.44502e-15	
108	4.775000e-09	7.496882e-01	3.749995e-01	-5.12626e-15	
109	4.825000e-09	7.496882e-01	3.749995e-01	-4.82609e-15	
110	4.875000e-09	7.496882e-01	3.749995e-01	-4.54343e-15	
111	4.925000e-09	7.496882e-01	3.749996e-01	-4.27726e-15	
112	4.975000e-09	7.496882e-01	3.749996e-01	-4.02662e-15	

Index   time            v(cell)         v(bl)           vpre#branch     
--------------------------------------------------------------------------------
113	5.025000e-09	7.496882e-01	3.749996e-01	-3.79060e-15	
114	5.075000e-09	7.496882e-01	3.749996e-01	-3.56835e-15	
115	5.125000e-09	7.496882e-01	3.749997e-01	-3.35907e-15	
116	5.175000e-09	7.496882e-01	3.749997e-01	-3.16199e-15	
117	5.225000e-09	7.496882e-01	3.749997e-01	-2.97642e-15	
118	5.275000e-09	7.496882e-01	3.749997e-01	-2.80166e-15	
119	5.325000e-09	7.496882e-01	3.749997e-01	-2.63711e-15	
120	5.375000e-09	7.496882e-01	3.749998e-01	-2.48215e-15	
121	5.425000e-09	7.496882e-01	3.749998e-01	-2.33623e-15	
122	5.475000e-09	7.496882e-01	3.749998e-01	-2.19883e-15	
123	5.525000e-09	7.496882e-01	3.749998e-01	-2.06944e-15	
124	5.575000e-09	7.496882e-01	3.749998e-01	-1.94760e-15	
125	5.625000e-09	7.496882e-01	3.749998e-01	-1.83287e-15	
126	5.675000e-09	7.496882e-01	3.749998e-01	-1.72483e-15	
127	5.725000e-09	7.496882e-01	3.749998e-01	-1.62310e-15	
128	5.775000e-09	7.496882e-01	3.749998e-01	-1.52729e-15	
129	5.825000e-09	7.496882e-01	3.749999e-01	-1.43708e-15	
130	5.875000e-09	7.496882e-01	3.749999e-01	-1.35213e-15	
131	5.925000e-09	7.496882e-01	3.749999e-01	-1.27214e-15	
132	5.975000e-09	7.496882e-01	3.749999e-01	-1.19681e-15	
133	6.025000e-09	7.496882e-01	3.749999e-01	-1.12588e-15	
134	6.075000e-09	7.496882e-01	3.749999e-01	-1.05909e-15	
135	6.125000e-09	7.496882e-01	3.749999e-01	-9.96189e-16	
136	6.175000e-09	7.496882e-01	3.749999e-01	-9.36961e-16	
137	6.225000e-09	7.496882e-01	3.749999e-01	-8.81188e-16	
138	6.275000e-09	7.496882e-01	3.749999e-01	-8.28669e-16	
139	6.325000e-09	7.496882e-01	3.749999e-01	-7.79213e-16	
140	6.375000e-09	7.496882e-01	3.749999e-01	-7.32643e-16	
141	6.425000e-09	7.496882e-01	3.749999e-01	-6.88789e-16	
142	6.475000e-09	7.496882e-01	3.749999e-01	-6.47495e-16	
143	6.525000e-09	7.496882e-01	3.749999e-01	-6.08609e-16	
144	6.575000e-09	7.496882e-01	3.749999e-01	-5.71991e-16	
145	6.625000e-09	7.496882e-01	3.749999e-01	-5.37510e-16	
146	6.675000e-09	7.496882e-01	3.749999e-01	-5.05040e-16	
147	6.725000e-09	7.496882e-01	3.750000e-01	-4.74465e-16	
148	6.775000e-09	7.496882e-01	3.750000e-01	-4.45673e-16	
149	6.825000e-09	7.496882e-01	3.750000e-01	-4.18561e-16	
150	6.875000e-09	7.496882e-01	3.750000e-01	-3.93031e-16	
151	6.925000e-09	7.496882e-01	3.750000e-01	-3.68989e-16	
152	6.962500e-09	7.496882e-01	3.750000e-01	-3.51886e-16	
153	7.000000e-09	7.496882e-01	3.750000e-01	-3.35536e-16	
154	7.005000e-09	7.309459e-01	3.750000e-01	-3.33419e-16	
155	7.015000e-09	6.934615e-01	3.750000e-01	-3.29212e-16	
156	7.035000e-09	6.184927e-01	3.750000e-01	-3.20957e-16	
157	7.067500e-09	4.966683e-01	3.750000e-01	-3.07990e-16	
158	7.100000e-09	3.748440e-01	3.750000e-01	-2.95595e-16	
159	7.105000e-09	3.748441e-01	3.750000e-01	-2.93830e-16	
160	7.115000e-09	3.748441e-01	3.750000e-01	-2.90320e-16	
161	7.135000e-09	3.748441e-01	3.750000e-01	-2.83429e-16	
162	7.175000e-09	3.748441e-01	3.750000e-01	-2.70132e-16	
163	7.225000e-09	3.748441e-01	3.750000e-01	-2.54384e-16	
164	7.275000e-09	3.748441e-01	3.750000e-01	-2.39554e-16	
165	7.325000e-09	3.748441e-01	3.750000e-01	-2.25589e-16	
166	7.375000e-09	3.748441e-01	3.750000e-01	-2.12439e-16	
167	7.425000e-09	3.748441e-01	3.750000e-01	-2.00057e-16	
168	7.475000e-09	3.748441e-01	3.750000e-01	-1.88396e-16	
169	7.525000e-09	3.748441e-01	3.750000e-01	-1.77416e-16	
170	7.575000e-09	3.748441e-01	3.750000e-01	-1.67077e-16	

Index   time            v(cell)         v(bl)           vpre#branch     
--------------------------------------------------------------------------------
171	7.625000e-09	3.748441e-01	3.750000e-01	-1.57340e-16	
172	7.675000e-09	3.748441e-01	3.750000e-01	-1.48172e-16	
173	7.725000e-09	3.748441e-01	3.750000e-01	-1.39538e-16	
174	7.775000e-09	3.748441e-01	3.750000e-01	-1.31409e-16	
175	7.825000e-09	3.748441e-01	3.750000e-01	-1.23753e-16	
176	7.875000e-09	3.748441e-01	3.750000e-01	-1.16544e-16	
177	7.925000e-09	3.748441e-01	3.750000e-01	-1.09756e-16	
178	7.975000e-09	3.748441e-01	3.750000e-01	-1.03364e-16	
179	8.025000e-09	3.748441e-01	3.750000e-01	-9.73445e-17	
180	8.075000e-09	3.748441e-01	3.750000e-01	-9.16765e-17	
181	8.125000e-09	3.748441e-01	3.750000e-01	-8.63388e-17	
182	8.175000e-09	3.748441e-01	3.750000e-01	-8.13124e-17	
183	8.225000e-09	3.748441e-01	3.750000e-01	-7.65793e-17	
184	8.275000e-09	3.748441e-01	3.750000e-01	-7.21227e-17	
185	8.325000e-09	3.748441e-01	3.750000e-01	-6.79258e-17	
186	8.375000e-09	3.748441e-01	3.750000e-01	-6.39739e-17	
187	8.425000e-09	3.748441e-01	3.750000e-01	-6.02524e-17	
188	8.475000e-09	3.748441e-01	3.750000e-01	-5.67482e-17	
189	8.525000e-09	3.748441e-01	3.750000e-01	-5.34482e-17	
190	8.575000e-09	3.748441e-01	3.750000e-01	-5.03407e-17	
191	8.625000e-09	3.748441e-01	3.750000e-01	-4.74144e-17	
192	8.675000e-09	3.748441e-01	3.750000e-01	-4.46589e-17	
193	8.725000e-09	3.748441e-01	3.750000e-01	-4.20640e-17	
194	8.775000e-09	3.748441e-01	3.750000e-01	-3.96206e-17	
195	8.825000e-09	3.748441e-01	3.750000e-01	-3.73200e-17	
196	8.875000e-09	3.748441e-01	3.750000e-01	-3.51539e-17	
197	8.925000e-09	3.748441e-01	3.750000e-01	-3.31140e-17	
198	8.975000e-09	3.748441e-01	3.750000e-01	-3.11932e-17	
199	9.025000e-09	3.748441e-01	3.750000e-01	-2.93845e-17	
200	9.075000e-09	3.748441e-01	3.750000e-01	-2.76813e-17	
201	9.125000e-09	3.748441e-01	3.750000e-01	-2.60774e-17	
202	9.175000e-09	3.748441e-01	3.750000e-01	-2.45671e-17	
203	9.225000e-09	3.748441e-01	3.750000e-01	-2.31449e-17	
204	9.275000e-09	3.748441e-01	3.750000e-01	-2.18055e-17	
205	9.325000e-09	3.748441e-01	3.750000e-01	-2.05442e-17	
206	9.375000e-09	3.748441e-01	3.750000e-01	-1.93567e-17	
207	9.425000e-09	3.748441e-01	3.750000e-01	-1.82384e-17	
208	9.475000e-09	3.748441e-01	3.750000e-01	-1.71854e-17	
209	9.525000e-09	3.748441e-01	3.750000e-01	-1.61937e-17	
210	9.575000e-09	3.748441e-01	3.750000e-01	-1.52599e-17	
211	9.625000e-09	3.748441e-01	3.750000e-01	-1.43806e-17	
212	9.675000e-09	3.748441e-01	3.750000e-01	-1.35526e-17	
213	9.725000e-09	3.748441e-01	3.750000e-01	-1.27728e-17	
214	9.775000e-09	3.748441e-01	3.750000e-01	-1.20386e-17	
215	9.825000e-09	3.748441e-01	3.750000e-01	-1.13472e-17	
216	9.875000e-09	3.748441e-01	3.750000e-01	-1.06961e-17	
217	9.925000e-09	3.748441e-01	3.750000e-01	-1.00830e-17	
218	9.975000e-09	3.748441e-01	3.750000e-01	-9.50575e-18	
219	1.002500e-08	3.748441e-01	3.750000e-01	-8.96209e-18	
220	1.007500e-08	3.748441e-01	3.750000e-01	-8.45019e-18	
221	1.012500e-08	3.748441e-01	3.750000e-01	-7.96811e-18	
222	1.017500e-08	3.748441e-01	3.750000e-01	-7.51420e-18	
223	1.022500e-08	3.748441e-01	3.750000e-01	-7.08672e-18	
224	1.027500e-08	3.748441e-01	3.750000e-01	-6.68423e-18	
225	1.032500e-08	3.748441e-01	3.750000e-01	-6.30517e-18	
226	1.037500e-08	3.748441e-01	3.750000e-01	-5.94827e-18	
227	1.042500e-08	3.748441e-01	3.750000e-01	-5.61215e-18	
228	1.047500e-08	3.748441e-01	3.750000e-01	-5.29568e-18	

Index   time            v(cell)         v(bl)           vpre#branch     
--------------------------------------------------------------------------------
229	1.052500e-08	3.748441e-01	3.750000e-01	-4.99762e-18	
230	1.057500e-08	3.748441e-01	3.750000e-01	-4.71701e-18	
231	1.062500e-08	3.748441e-01	3.750000e-01	-4.45271e-18	
232	1.067500e-08	3.748441e-01	3.750000e-01	-4.20389e-18	
233	1.072500e-08	3.748441e-01	3.750000e-01	-3.96952e-18	
234	1.077500e-08	3.748441e-01	3.750000e-01	-3.74889e-18	
235	1.082500e-08	3.748441e-01	3.750000e-01	-3.54107e-18	
236	1.087500e-08	3.748441e-01	3.750000e-01	-3.34543e-18	
237	1.092500e-08	3.748441e-01	3.750000e-01	-3.16114e-18	
238	1.096250e-08	3.748441e-01	3.750000e-01	-3.03004e-18	
239	1.100000e-08	3.748441e-01	3.750000e-01	-2.90447e-18	
240	1.100500e-08	3.748456e-01	3.787274e-01	3.727359e-11	
241	1.101500e-08	3.748488e-01	3.861375e-01	1.113755e-10	
242	1.103500e-08	3.748550e-01	4.006939e-01	2.569393e-10	
243	1.107500e-08	3.748675e-01	4.287817e-01	5.378168e-10	
244	1.112500e-08	3.748831e-01	4.620479e-01	8.704795e-10	
245	1.117500e-08	3.748987e-01	4.933735e-01	1.183735e-09	
246	1.122500e-08	3.749142e-01	5.228716e-01	1.478716e-09	
247	1.127500e-08	3.749298e-01	5.506488e-01	1.756488e-09	
248	1.132500e-08	3.749454e-01	5.768055e-01	2.018055e-09	
249	1.137500e-08	3.749610e-01	6.014363e-01	2.264363e-09	
250	1.142500e-08	3.749766e-01	6.246300e-01	2.496300e-09	
251	1.147500e-08	3.749922e-01	6.464700e-01	2.714700e-09	
252	1.152500e-08	3.750078e-01	6.670343e-01	2.920343e-09	
253	1.157500e-08	3.750234e-01	6.863930e-01	3.113930e-09	
254	1.162500e-08	3.750390e-01	7.045949e-01	3.295949e-09	
255	1.167500e-08	3.750547e-01	7.216416e-01	3.466416e-09	
256	1.172500e-08	3.750707e-01	7.373856e-01	3.623856e-09	
257	1.177500e-08	3.750875e-01	7.511701e-01	3.761701e-09	
258	1.182500e-08	3.751070e-01	7.606645e-01	3.856645e-09	
259	1.187500e-08	3.751356e-01	7.582223e-01	3.832223e-09	
260	1.192500e-08	3.751911e-01	7.213996e-01	3.463996e-09	
261	1.196250e-08	3.752716e-01	6.446792e-01	2.696792e-09	
262	1.200000e-08	3.754078e-01	4.966626e-01	1.216626e-09	
263	1.200500e-08	3.754221e-01	4.632428e-01	8.824276e-10	
264	1.201500e-08	3.754461e-01	4.057426e-01	3.074258e-10	
265	1.203500e-08	3.754682e-01	3.777295e-01	2.729541e-11	
266	1.207500e-08	3.754741e-01	3.744065e-01	-5.93474e-12	
267	1.212500e-08	3.754711e-01	3.760990e-01	1.099023e-11	
268	1.217500e-08	3.754728e-01	3.750990e-01	9.899160e-13	
269	1.222500e-08	3.754718e-01	3.756800e-01	6.799739e-12	
270	1.227500e-08	3.754723e-01	3.753409e-01	3.408807e-12	
271	1.232500e-08	3.754720e-01	3.755505e-01	5.505054e-12	
272	1.237500e-08	3.754721e-01	3.754186e-01	4.186102e-12	
273	1.242500e-08	3.754721e-01	3.755068e-01	5.068024e-12	
274	1.247500e-08	3.754721e-01	3.754442e-01	4.442181e-12	
275	1.252500e-08	3.754721e-01	3.754921e-01	4.920812e-12	
276	1.257500e-08	3.754720e-01	3.754528e-01	4.528330e-12	
277	1.262500e-08	3.754721e-01	3.754870e-01	4.869903e-12	
278	1.267500e-08	3.754720e-01	3.754559e-01	4.558633e-12	
279	1.272500e-08	3.754721e-01	3.754851e-01	4.850868e-12	
280	1.277500e-08	3.754720e-01	3.754571e-01	4.570503e-12	
281	1.282500e-08	3.754720e-01	3.754842e-01	4.842396e-12	
282	1.287500e-08	3.754719e-01	3.754576e-01	4.576253e-12	
283	1.292500e-08	3.754720e-01	3.754837e-01	4.837454e-12	
284	1.297500e-08	3.754719e-01	3.754580e-01	4.579941e-12	
285	1.302500e-08	3.754720e-01	3.754834e-01	4.833722e-12	
286	1.307500e-08	3.754719e-01	3.754583e-01	4.582905e-12	

Index   time            v(cell)         v(bl)           vpre#branch     
--------------------------------------------------------------------------------
287	1.312500e-08	3.754720e-01	3.754830e-01	4.830433e-12	
288	1.317500e-08	3.754719e-01	3.754586e-01	4.585588e-12	
289	1.322500e-08	3.754719e-01	3.754827e-01	4.827333e-12	
290	1.327500e-08	3.754719e-01	3.754588e-01	4.588136e-12	
291	1.332500e-08	3.754719e-01	3.754824e-01	4.824339e-12	
292	1.337500e-08	3.754718e-01	3.754591e-01	4.590598e-12	
293	1.342500e-08	3.754719e-01	3.754821e-01	4.821420e-12	
294	1.347500e-08	3.754718e-01	3.754593e-01	4.592992e-12	
295	1.352500e-08	3.754719e-01	3.754819e-01	4.818566e-12	
296	1.357500e-08	3.754718e-01	3.754595e-01	4.595324e-12	
297	1.362500e-08	3.754718e-01	3.754816e-01	4.815774e-12	
298	1.367500e-08	3.754718e-01	3.754598e-01	4.597598e-12	
299	1.372500e-08	3.754718e-01	3.754813e-01	4.813041e-12	
300	1.377500e-08	3.754717e-01	3.754600e-01	4.599814e-12	
301	1.382500e-08	3.754718e-01	3.754810e-01	4.810365e-12	
302	1.387500e-08	3.754717e-01	3.754602e-01	4.601975e-12	
303	1.392500e-08	3.754718e-01	3.754808e-01	4.807744e-12	
304	1.397500e-08	3.754717e-01	3.754604e-01	4.604081e-12	
305	1.402500e-08	3.754717e-01	3.754805e-01	4.805178e-12	
306	1.407500e-08	3.754717e-01	3.754606e-01	4.606135e-12	
307	1.412500e-08	3.754717e-01	3.754803e-01	4.802665e-12	
308	1.417500e-08	3.754716e-01	3.754608e-01	4.608137e-12	
309	1.422500e-08	3.754717e-01	3.754800e-01	4.800204e-12	
310	1.427500e-08	3.754716e-01	3.754610e-01	4.610089e-12	
311	1.432500e-08	3.754717e-01	3.754798e-01	4.797793e-12	
312	1.437500e-08	3.754716e-01	3.754612e-01	4.611991e-12	
313	1.442500e-08	3.754716e-01	3.754795e-01	4.795433e-12	
314	1.447500e-08	3.754716e-01	3.754614e-01	4.613845e-12	
315	1.452500e-08	3.754716e-01	3.754793e-01	4.793120e-12	
316	1.457500e-08	3.754716e-01	3.754616e-01	4.615652e-12	
317	1.462500e-08	3.754716e-01	3.754791e-01	4.790856e-12	
318	1.467500e-08	3.754715e-01	3.754617e-01	4.617412e-12	
319	1.472500e-08	3.754716e-01	3.754789e-01	4.788637e-12	
320	1.477500e-08	3.754715e-01	3.754619e-01	4.619128e-12	
321	1.482500e-08	3.754715e-01	3.754786e-01	4.786463e-12	
322	1.487500e-08	3.754715e-01	3.754621e-01	4.620799e-12	
323	1.492500e-08	3.754715e-01	3.754784e-01	4.784334e-12	
324	1.497500e-08	3.754715e-01	3.754622e-01	4.622427e-12	
325	1.502500e-08	3.754715e-01	3.754782e-01	4.782248e-12	
326	1.507500e-08	3.754714e-01	3.754624e-01	4.624013e-12	
327	1.512500e-08	3.754715e-01	3.754780e-01	4.780204e-12	
328	1.517500e-08	3.754714e-01	3.754626e-01	4.625558e-12	
329	1.522500e-08	3.754715e-01	3.754778e-01	4.778202e-12	
330	1.527500e-08	3.754714e-01	3.754627e-01	4.627063e-12	
331	1.532500e-08	3.754714e-01	3.754776e-01	4.776239e-12	
332	1.537500e-08	3.754714e-01	3.754629e-01	4.628528e-12	
333	1.542500e-08	3.754714e-01	3.754774e-01	4.774316e-12	
334	1.547500e-08	3.754713e-01	3.754630e-01	4.629955e-12	
335	1.552500e-08	3.754714e-01	3.754772e-01	4.772432e-12	
336	1.557500e-08	3.754713e-01	3.754631e-01	4.631345e-12	
337	1.562500e-08	3.754714e-01	3.754771e-01	4.770585e-12	
338	1.567500e-08	3.754713e-01	3.754633e-01	4.632697e-12	
339	1.572500e-08	3.754713e-01	3.754769e-01	4.768774e-12	
340	1.577500e-08	3.754713e-01	3.754634e-01	4.634014e-12	
341	1.582500e-08	3.754713e-01	3.754767e-01	4.767000e-12	
342	1.587500e-08	3.754713e-01	3.754635e-01	4.635296e-12	
343	1.592500e-08	3.754713e-01	3.754765e-01	4.765261e-12	
344	1.597500e-08	3.754712e-01	3.754637e-01	4.636543e-12	

Index   time            v(cell)         v(bl)           vpre#branch     
--------------------------------------------------------------------------------
345	1.602500e-08	3.754713e-01	3.754764e-01	4.763556e-12	
346	1.607500e-08	3.754712e-01	3.754638e-01	4.637757e-12	
347	1.612500e-08	3.754712e-01	3.754762e-01	4.761884e-12	
348	1.617500e-08	3.754712e-01	3.754639e-01	4.638938e-12	
349	1.622500e-08	3.754712e-01	3.754760e-01	4.760245e-12	
350	1.627500e-08	3.754712e-01	3.754640e-01	4.640087e-12	
351	1.632500e-08	3.754712e-01	3.754759e-01	4.758638e-12	
352	1.637500e-08	3.754711e-01	3.754641e-01	4.641205e-12	
353	1.642500e-08	3.754712e-01	3.754757e-01	4.757063e-12	
354	1.647500e-08	3.754711e-01	3.754642e-01	4.642292e-12	
355	1.652500e-08	3.754711e-01	3.754756e-01	4.755518e-12	
356	1.657500e-08	3.754711e-01	3.754643e-01	4.643349e-12	
357	1.662500e-08	3.754711e-01	3.754754e-01	4.754003e-12	
358	1.667500e-08	3.754711e-01	3.754644e-01	4.644377e-12	
359	1.672500e-08	3.754711e-01	3.754753e-01	4.752517e-12	
360	1.677500e-08	3.754710e-01	3.754645e-01	4.645377e-12	
361	1.682500e-08	3.754711e-01	3.754751e-01	4.751059e-12	
362	1.687500e-08	3.754710e-01	3.754646e-01	4.646349e-12	
363	1.692500e-08	3.754710e-01	3.754750e-01	4.749629e-12	
364	1.697500e-08	3.754710e-01	3.754647e-01	4.647293e-12	
365	1.702500e-08	3.754710e-01	3.754748e-01	4.748227e-12	
366	1.707500e-08	3.754710e-01	3.754648e-01	4.648210e-12	
367	1.712500e-08	3.754710e-01	3.754747e-01	4.746851e-12	
368	1.717500e-08	3.754710e-01	3.754649e-01	4.649102e-12	
369	1.722500e-08	3.754710e-01	3.754746e-01	4.745501e-12	
370	1.727500e-08	3.754709e-01	3.754650e-01	4.649968e-12	
371	1.732500e-08	3.754710e-01	3.754744e-01	4.744177e-12	
372	1.737500e-08	3.754709e-01	3.754651e-01	4.650809e-12	
373	1.742500e-08	3.754709e-01	3.754743e-01	4.742877e-12	
374	1.747500e-08	3.754709e-01	3.754652e-01	4.651626e-12	
375	1.752500e-08	3.754709e-01	3.754742e-01	4.741601e-12	
376	1.757500e-08	3.754709e-01	3.754652e-01	4.652419e-12	
377	1.762500e-08	3.754709e-01	3.754740e-01	4.740350e-12	
378	1.767500e-08	3.754708e-01	3.754653e-01	4.653189e-12	
379	1.772500e-08	3.754709e-01	3.754739e-01	4.739121e-12	
380	1.777500e-08	3.754708e-01	3.754654e-01	4.653936e-12	
381	1.782500e-08	3.754708e-01	3.754738e-01	4.737915e-12	
382	1.787500e-08	3.754708e-01	3.754655e-01	4.654661e-12	
383	1.792500e-08	3.754708e-01	3.754737e-01	4.736732e-12	
384	1.797500e-08	3.754708e-01	3.754655e-01	4.655364e-12	
385	1.802500e-08	3.754708e-01	3.754736e-01	4.735569e-12	
386	1.807500e-08	3.754707e-01	3.754656e-01	4.656046e-12	
387	1.812500e-08	3.754708e-01	3.754734e-01	4.734428e-12	
388	1.817500e-08	3.754707e-01	3.754657e-01	4.656708e-12	
389	1.822500e-08	3.754707e-01	3.754733e-01	4.733308e-12	
390	1.827500e-08	3.754707e-01	3.754657e-01	4.657349e-12	
391	1.832500e-08	3.754707e-01	3.754732e-01	4.732208e-12	
392	1.837500e-08	3.754707e-01	3.754658e-01	4.657970e-12	
393	1.842500e-08	3.754707e-01	3.754731e-01	4.731127e-12	
394	1.847500e-08	3.754707e-01	3.754659e-01	4.658572e-12	
395	1.852500e-08	3.754707e-01	3.754730e-01	4.730066e-12	
396	1.857500e-08	3.754706e-01	3.754659e-01	4.659155e-12	
397	1.862500e-08	3.754706e-01	3.754729e-01	4.729024e-12	
398	1.867500e-08	3.754706e-01	3.754660e-01	4.659719e-12	
399	1.872500e-08	3.754706e-01	3.754728e-01	4.727999e-12	
400	1.877500e-08	3.754706e-01	3.754660e-01	4.660265e-12	
401	1.882500e-08	3.754706e-01	3.754727e-01	4.726993e-12	
402	1.887500e-08	3.754706e-01	3.754661e-01	4.660794e-12	

Index   time            v(cell)         v(bl)           vpre#branch     
--------------------------------------------------------------------------------
403	1.892500e-08	3.754706e-01	3.754726e-01	4.726005e-12	
404	1.897500e-08	3.754705e-01	3.754661e-01	4.661306e-12	
405	1.902500e-08	3.754705e-01	3.754725e-01	4.725034e-12	
406	1.907500e-08	3.754705e-01	3.754662e-01	4.661800e-12	
407	1.912500e-08	3.754705e-01	3.754724e-01	4.724079e-12	
408	1.917500e-08	3.754705e-01	3.754662e-01	4.662278e-12	
409	1.922500e-08	3.754705e-01	3.754723e-01	4.723141e-12	
410	1.927500e-08	3.754705e-01	3.754663e-01	4.662740e-12	
411	1.932500e-08	3.754705e-01	3.754722e-01	4.722219e-12	
412	1.937500e-08	3.754704e-01	3.754663e-01	4.663186e-12	
413	1.942500e-08	3.754705e-01	3.754721e-01	4.721313e-12	
414	1.947500e-08	3.754704e-01	3.754664e-01	4.663617e-12	
415	1.952500e-08	3.754704e-01	3.754720e-01	4.720422e-12	
416	1.957500e-08	3.754704e-01	3.754664e-01	4.664033e-12	
417	1.962500e-08	3.754704e-01	3.754720e-01	4.719545e-12	
418	1.967500e-08	3.754704e-01	3.754664e-01	4.664434e-12	
419	1.972500e-08	3.754704e-01	3.754719e-01	4.718684e-12	
420	1.977500e-08	3.754704e-01	3.754665e-01	4.664821e-12	
421	1.982500e-08	3.754704e-01	3.754718e-01	4.717837e-12	
422	1.987500e-08	3.754703e-01	3.754665e-01	4.665194e-12	
423	1.992500e-08	3.754703e-01	3.754717e-01	4.717003e-12	
424	1.997500e-08	3.754703e-01	3.754666e-01	4.665552e-12	
425	2.002500e-08	3.754703e-01	3.754716e-01	4.716184e-12	
426	2.007500e-08	3.754703e-01	3.754666e-01	4.665898e-12	
427	2.012500e-08	3.754703e-01	3.754715e-01	4.715378e-12	
428	2.017500e-08	3.754703e-01	3.754666e-01	4.666230e-12	
429	2.022500e-08	3.754703e-01	3.754715e-01	4.714584e-12	
430	2.027500e-08	3.754702e-01	3.754667e-01	4.666550e-12	
431	2.032500e-08	3.754702e-01	3.754714e-01	4.713804e-12	
432	2.037500e-08	3.754702e-01	3.754667e-01	4.666857e-12	
433	2.042500e-08	3.754702e-01	3.754713e-01	4.713036e-12	
434	2.047500e-08	3.754702e-01	3.754667e-01	4.667152e-12	
435	2.052500e-08	3.754702e-01	3.754712e-01	4.712280e-12	
436	2.057500e-08	3.754702e-01	3.754667e-01	4.667435e-12	
437	2.062500e-08	3.754702e-01	3.754712e-01	4.711536e-12	
438	2.067500e-08	3.754701e-01	3.754668e-01	4.667706e-12	
439	2.072500e-08	3.754701e-01	3.754711e-01	4.710803e-12	
440	2.077500e-08	3.754701e-01	3.754668e-01	4.667966e-12	
441	2.082500e-08	3.754701e-01	3.754710e-01	4.710082e-12	
442	2.087500e-08	3.754701e-01	3.754668e-01	4.668215e-12	
443	2.092500e-08	3.754701e-01	3.754709e-01	4.709372e-12	
444	2.097500e-08	3.754701e-01	3.754668e-01	4.668452e-12	
445	2.102500e-08	3.754701e-01	3.754709e-01	4.708673e-12	
446	2.107500e-08	3.754701e-01	3.754669e-01	4.668679e-12	
447	2.112500e-08	3.754701e-01	3.754708e-01	4.707985e-12	
448	2.117500e-08	3.754700e-01	3.754669e-01	4.668896e-12	
449	2.122500e-08	3.754700e-01	3.754707e-01	4.707307e-12	
450	2.127500e-08	3.754700e-01	3.754669e-01	4.669102e-12	
451	2.132500e-08	3.754700e-01	3.754707e-01	4.706639e-12	
452	2.137500e-08	3.754700e-01	3.754669e-01	4.669299e-12	
453	2.142500e-08	3.754700e-01	3.754706e-01	4.705981e-12	
454	2.147500e-08	3.754700e-01	3.754669e-01	4.669486e-12	
455	2.152500e-08	3.754700e-01	3.754705e-01	4.705332e-12	
456	2.157500e-08	3.754699e-01	3.754670e-01	4.669663e-12	
457	2.162500e-08	3.754699e-01	3.754705e-01	4.704693e-12	
458	2.167500e-08	3.754699e-01	3.754670e-01	4.669831e-12	
459	2.172500e-08	3.754699e-01	3.754704e-01	4.704063e-12	
460	2.177500e-08	3.754699e-01	3.754670e-01	4.669990e-12	

Index   time            v(cell)         v(bl)           vpre#branch     
--------------------------------------------------------------------------------
461	2.182500e-08	3.754699e-01	3.754703e-01	4.703443e-12	
462	2.187500e-08	3.754699e-01	3.754670e-01	4.670140e-12	
463	2.192500e-08	3.754699e-01	3.754703e-01	4.702831e-12	
464	2.196250e-08	3.754698e-01	3.754670e-01	4.670371e-12	
465	2.200000e-08	3.754698e-01	3.754702e-01	4.702164e-12	
466	2.200500e-08	3.754621e-01	3.726106e-01	-2.38936e-11	
467	2.201500e-08	3.754427e-01	3.696021e-01	-5.39792e-11	
468	2.203500e-08	3.754024e-01	3.671282e-01	-7.87185e-11	
469	2.207500e-08	3.753401e-01	3.629496e-01	-1.20504e-10	
470	2.212500e-08	3.752907e-01	3.541216e-01	-2.08784e-10	
471	2.217500e-08	3.752584e-01	3.386272e-01	-3.63728e-10	
472	2.222500e-08	3.752335e-01	3.179645e-01	-5.70355e-10	
473	2.227500e-08	3.752121e-01	2.943917e-01	-8.06083e-10	
474	2.232500e-08	3.751925e-01	2.693991e-01	-1.05601e-09	
475	2.237500e-08	3.751743e-01	2.438924e-01	-1.31108e-09	
476	2.242500e-08	3.751568e-01	2.184446e-01	-1.56555e-09	
477	2.247500e-08	3.751399e-01	1.934379e-01	-1.81562e-09	
478	2.252500e-08	3.751234e-01	1.691353e-01	-2.05865e-09	
479	2.257500e-08	3.751073e-01	1.456012e-01	-2.29399e-09	
480	2.262500e-08	3.750913e-01	1.230746e-01	-2.51925e-09	
481	2.267500e-08	3.750755e-01	1.016748e-01	-2.73325e-09	
482	2.272500e-08	3.750598e-01	8.136870e-02	-2.93631e-09	
483	2.277500e-08	3.750441e-01	6.218768e-02	-3.12812e-09	
484	2.282500e-08	3.750285e-01	4.405339e-02	-3.30947e-09	
485	2.287500e-08	3.750129e-01	2.696346e-02	-3.48037e-09	
486	2.292500e-08	3.749973e-01	1.086501e-02	-3.64135e-09	
487	2.296250e-08	3.749856e-01	-5.88213e-04	-3.75588e-09	
488	2.300000e-08	3.749739e-01	-1.15362e-02	-3.86536e-09	
489	2.300500e-08	3.749739e-01	-9.22699e-03	-3.84227e-09	
490	2.301500e-08	3.749739e-01	-4.63623e-03	-3.79636e-09	
491	2.303500e-08	3.749738e-01	4.381416e-03	-3.70619e-09	
492	2.307500e-08	3.749738e-01	2.178080e-02	-3.53219e-09	
493	2.312500e-08	3.749738e-01	4.238727e-02	-3.32613e-09	
494	2.317500e-08	3.749738e-01	6.179142e-02	-3.13209e-09	
495	2.322500e-08	3.749738e-01	8.006357e-02	-2.94936e-09	
496	2.327500e-08	3.749738e-01	9.726973e-02	-2.77730e-09	
497	2.332500e-08	3.749738e-01	1.134721e-01	-2.61528e-09	
498	2.337500e-08	3.749738e-01	1.287292e-01	-2.46271e-09	
499	2.342500e-08	3.749738e-01	1.430963e-01	-2.31904e-09	
500	2.347500e-08	3.749738e-01	1.566252e-01	-2.18375e-09	
501	2.352500e-08	3.749738e-01	1.693648e-01	-2.05635e-09	
502	2.357500e-08	3.749738e-01	1.813612e-01	-1.93639e-09	
503	2.362500e-08	3.749738e-01	1.926578e-01	-1.82342e-09	
504	2.367500e-08	3.749738e-01	2.032954e-01	-1.71705e-09	
505	2.372500e-08	3.749738e-01	2.133123e-01	-1.61688e-09	
506	2.377500e-08	3.749738e-01	2.227449e-01	-1.52255e-09	
507	2.382500e-08	3.749738e-01	2.316272e-01	-1.43373e-09	
508	2.387500e-08	3.749738e-01	2.399914e-01	-1.35009e-09	
509	2.392500e-08	3.749738e-01	2.478675e-01	-1.27132e-09	
510	2.397500e-08	3.749738e-01	2.552842e-01	-1.19716e-09	
511	2.402500e-08	3.749738e-01	2.622683e-01	-1.12732e-09	
512	2.407500e-08	3.749738e-01	2.688449e-01	-1.06155e-09	
513	2.412500e-08	3.749738e-01	2.750378e-01	-9.99622e-10	
514	2.417500e-08	3.749738e-01	2.808694e-01	-9.41306e-10	
515	2.422500e-08	3.749738e-01	2.863608e-01	-8.86392e-10	
516	2.427500e-08	3.749738e-01	2.915319e-01	-8.34681e-10	
517	2.432500e-08	3.749738e-01	2.964013e-01	-7.85987e-10	
518	2.437500e-08	3.749738e-01	3.009866e-01	-7.40134e-10	

Index   time            v(cell)         v(bl)           vpre#branch     
--------------------------------------------------------------------------------
519	2.442500e-08	3.749738e-01	3.053044e-01	-6.96956e-10	
520	2.447500e-08	3.749738e-01	3.093703e-01	-6.56297e-10	
521	2.452500e-08	3.749738e-01	3.131991e-01	-6.18009e-10	
522	2.457500e-08	3.749738e-01	3.168044e-01	-5.81956e-10	
523	2.462500e-08	3.749738e-01	3.201995e-01	-5.48005e-10	
524	2.467500e-08	3.749738e-01	3.233964e-01	-5.16036e-10	
525	2.472500e-08	3.749738e-01	3.264069e-01	-4.85931e-10	
526	2.477500e-08	3.749738e-01	3.292417e-01	-4.57583e-10	
527	2.482500e-08	3.749738e-01	3.319112e-01	-4.30888e-10	
528	2.487500e-08	3.749738e-01	3.344249e-01	-4.05751e-10	
529	2.492500e-08	3.749738e-01	3.367920e-01	-3.82080e-10	
530	2.497500e-08	3.749738e-01	3.390210e-01	-3.59790e-10	
531	2.502500e-08	3.749738e-01	3.411200e-01	-3.38800e-10	
532	2.507500e-08	3.749738e-01	3.430965e-01	-3.19035e-10	
533	2.512500e-08	3.749738e-01	3.449577e-01	-3.00423e-10	
534	2.517500e-08	3.749738e-01	3.467103e-01	-2.82897e-10	
535	2.522500e-08	3.749738e-01	3.483607e-01	-2.66393e-10	
536	2.527500e-08	3.749738e-01	3.499148e-01	-2.50852e-10	
537	2.532500e-08	3.749738e-01	3.513782e-01	-2.36218e-10	
538	2.537500e-08	3.749738e-01	3.527562e-01	-2.22438e-10	
539	2.542500e-08	3.749738e-01	3.540539e-01	-2.09461e-10	
540	2.547500e-08	3.749738e-01	3.552759e-01	-1.97241e-10	
541	2.552500e-08	3.749738e-01	3.564265e-01	-1.85735e-10	
542	2.557500e-08	3.749738e-01	3.575101e-01	-1.74899e-10	
543	2.562500e-08	3.749738e-01	3.585304e-01	-1.64696e-10	
544	2.567500e-08	3.749738e-01	3.594912e-01	-1.55088e-10	
545	2.572500e-08	3.749738e-01	3.603960e-01	-1.46040e-10	
546	2.577500e-08	3.749738e-01	3.612480e-01	-1.37520e-10	
547	2.582500e-08	3.749738e-01	3.620502e-01	-1.29498e-10	
548	2.587500e-08	3.749738e-01	3.628057e-01	-1.21943e-10	
549	2.592500e-08	3.749738e-01	3.635171e-01	-1.14829e-10	
550	2.597500e-08	3.749738e-01	3.641870e-01	-1.08130e-10	
551	2.602500e-08	3.749738e-01	3.648178e-01	-1.01822e-10	
552	2.607500e-08	3.749738e-01	3.654118e-01	-9.58818e-11	
553	2.612500e-08	3.749738e-01	3.659712e-01	-9.02883e-11	
554	2.617500e-08	3.749738e-01	3.664979e-01	-8.50210e-11	
555	2.622500e-08	3.749738e-01	3.669939e-01	-8.00610e-11	
556	2.627500e-08	3.749738e-01	3.674610e-01	-7.53904e-11	
557	2.632500e-08	3.749738e-01	3.679008e-01	-7.09922e-11	
558	2.637500e-08	3.749738e-01	3.683149e-01	-6.68507e-11	
559	2.642500e-08	3.749738e-01	3.687049e-01	-6.29507e-11	
560	2.647500e-08	3.749738e-01	3.690722e-01	-5.92783e-11	
561	2.652500e-08	3.749738e-01	3.694180e-01	-5.58201e-11	
562	2.657500e-08	3.749738e-01	3.697436e-01	-5.25636e-11	
563	2.662500e-08	3.749738e-01	3.700503e-01	-4.94971e-11	
564	2.667500e-08	3.749738e-01	3.703390e-01	-4.66096e-11	
565	2.672500e-08	3.749738e-01	3.706110e-01	-4.38904e-11	
566	2.677500e-08	3.749738e-01	3.708670e-01	-4.13299e-11	
567	2.682500e-08	3.749738e-01	3.711081e-01	-3.89188e-11	
568	2.687500e-08	3.749738e-01	3.713352e-01	-3.66484e-11	
569	2.692500e-08	3.749738e-01	3.715490e-01	-3.45104e-11	
570	2.697500e-08	3.749738e-01	3.717503e-01	-3.24971e-11	
571	2.702500e-08	3.749738e-01	3.719399e-01	-3.06012e-11	
572	2.707500e-08	3.749738e-01	3.721184e-01	-2.88160e-11	
573	2.712500e-08	3.749738e-01	3.722865e-01	-2.71349e-11	
574	2.717500e-08	3.749738e-01	3.724448e-01	-2.55519e-11	
575	2.722500e-08	3.749738e-01	3.725939e-01	-2.40613e-11	
576	2.727500e-08	3.749738e-01	3.727342e-01	-2.26576e-11	

Index   time            v(cell)         v(bl)           vpre#branch     
--------------------------------------------------------------------------------
577	2.732500e-08	3.749738e-01	3.728664e-01	-2.13358e-11	
578	2.737500e-08	3.749738e-01	3.729909e-01	-2.00911e-11	
579	2.742500e-08	3.749738e-01	3.731081e-01	-1.89190e-11	
580	2.747500e-08	3.749738e-01	3.732185e-01	-1.78153e-11	
581	2.752500e-08	3.749738e-01	3.733224e-01	-1.67760e-11	
582	2.757500e-08	3.749738e-01	3.734203e-01	-1.57973e-11	
583	2.762500e-08	3.749738e-01	3.735124e-01	-1.48757e-11	
584	2.767500e-08	3.749738e-01	3.735992e-01	-1.40079e-11	
585	2.772500e-08	3.749738e-01	3.736809e-01	-1.31907e-11	
586	2.777500e-08	3.749738e-01	3.737579e-01	-1.24212e-11	
587	2.782500e-08	3.749738e-01	3.738303e-01	-1.16965e-11	
588	2.787500e-08	3.749738e-01	3.738986e-01	-1.10142e-11	
589	2.792500e-08	3.749738e-01	3.739628e-01	-1.03716e-11	
590	2.797500e-08	3.749738e-01	3.740233e-01	-9.76657e-12	
591	2.802500e-08	3.749738e-01	3.740803e-01	-9.19680e-12	
592	2.807500e-08	3.749738e-01	3.741340e-01	-8.66027e-12	
593	2.812500e-08	3.749738e-01	3.741845e-01	-8.15505e-12	
594	2.817500e-08	3.749738e-01	3.742321e-01	-7.67930e-12	
595	2.822500e-08	3.749738e-01	3.742769e-01	-7.23130e-12	
596	2.827500e-08	3.749738e-01	3.743191e-01	-6.80944e-12	
597	2.832500e-08	3.749738e-01	3.743588e-01	-6.41219e-12	
598	2.837500e-08	3.749738e-01	3.743962e-01	-6.03811e-12	
599	2.842500e-08	3.749738e-01	3.744314e-01	-5.68586e-12	
600	2.847500e-08	3.749738e-01	3.744646e-01	-5.35415e-12	
601	2.852500e-08	3.749738e-01	3.744958e-01	-5.04180e-12	
602	2.857500e-08	3.749738e-01	3.745252e-01	-4.74767e-12	
603	2.862500e-08	3.749738e-01	3.745529e-01	-4.47070e-12	
604	2.867500e-08	3.749738e-01	3.745790e-01	-4.20988e-12	
605	2.872500e-08	3.749738e-01	3.746036e-01	-3.96429e-12	
606	2.877500e-08	3.749738e-01	3.746267e-01	-3.73302e-12	
607	2.882500e-08	3.749738e-01	3.746485e-01	-3.51524e-12	
608	2.887500e-08	3.749738e-01	3.746690e-01	-3.31017e-12	
609	2.892500e-08	3.749738e-01	3.746883e-01	-3.11706e-12	
610	2.897500e-08	3.749738e-01	3.747065e-01	-2.93521e-12	
611	2.902500e-08	3.749738e-01	3.747236e-01	-2.76398e-12	
612	2.907500e-08	3.749738e-01	3.747397e-01	-2.60273e-12	
613	2.912500e-08	3.749738e-01	3.747549e-01	-2.45089e-12	
614	2.917500e-08	3.749738e-01	3.747692e-01	-2.30791e-12	
615	2.922500e-08	3.749738e-01	3.747827e-01	-2.17327e-12	
616	2.927500e-08	3.749738e-01	3.747954e-01	-2.04649e-12	
617	2.932500e-08	3.749738e-01	3.748073e-01	-1.92710e-12	
618	2.937500e-08	3.749738e-01	3.748185e-01	-1.81467e-12	
619	2.942500e-08	3.749738e-01	3.748291e-01	-1.70881e-12	
620	2.947500e-08	3.749738e-01	3.748391e-01	-1.60912e-12	
621	2.952500e-08	3.749738e-01	3.748485e-01	-1.51525e-12	
622	2.957500e-08	3.749738e-01	3.748573e-01	-1.42685e-12	
623	2.962500e-08	3.749738e-01	3.748656e-01	-1.34361e-12	
624	2.967500e-08	3.749738e-01	3.748735e-01	-1.26523e-12	
625	2.972500e-08	3.749738e-01	3.748809e-01	-1.19141e-12	
626	2.977500e-08	3.749738e-01	3.748878e-01	-1.12191e-12	
627	2.982500e-08	3.749738e-01	3.748944e-01	-1.05646e-12	
628	2.987500e-08	3.749738e-01	3.749005e-01	-9.94827e-13	
629	2.992500e-08	3.749738e-01	3.749063e-01	-9.36790e-13	
630	2.997500e-08	3.749738e-01	3.749118e-01	-8.82139e-13	
631	3.002500e-08	3.749738e-01	3.749169e-01	-8.30677e-13	
632	3.007500e-08	3.749738e-01	3.749218e-01	-7.82216e-13	
633	3.012500e-08	3.749738e-01	3.749263e-01	-7.36583e-13	
634	3.017500e-08	3.749738e-01	3.749306e-01	-6.93612e-13	

Index   time            v(cell)         v(bl)           vpre#branch     
--------------------------------------------------------------------------------
635	3.022500e-08	3.749738e-01	3.749347e-01	-6.53148e-13	
636	3.027500e-08	3.749738e-01	3.749385e-01	-6.15044e-13	
637	3.032500e-08	3.749738e-01	3.749421e-01	-5.79164e-13	
638	3.037500e-08	3.749738e-01	3.749455e-01	-5.45376e-13	
639	3.042500e-08	3.749738e-01	3.749486e-01	-5.13560e-13	
640	3.047500e-08	3.749738e-01	3.749516e-01	-4.83600e-13	
641	3.052500e-08	3.749738e-01	3.749545e-01	-4.55387e-13	
642	3.057500e-08	3.749738e-01	3.749571e-01	-4.28821e-13	
643	3.062500e-08	3.749738e-01	3.749596e-01	-4.03804e-13	
644	3.067500e-08	3.749738e-01	3.749620e-01	-3.80247e-13	
645	3.072500e-08	3.749738e-01	3.749642e-01	-3.58064e-13	
646	3.077500e-08	3.749738e-01	3.749663e-01	-3.37175e-13	
647	3.082500e-08	3.749738e-01	3.749682e-01	-3.17505e-13	
648	3.087500e-08	3.749738e-01	3.749701e-01	-2.98982e-13	
649	3.092500e-08	3.749738e-01	3.749718e-01	-2.81540e-13	
650	3.097500e-08	3.749738e-01	3.749735e-01	-2.65115e-13	
651	3.102500e-08	3.749738e-01	3.749750e-01	-2.49649e-13	
652	3.107500e-08	3.749738e-01	3.749765e-01	-2.35085e-13	
653	3.112500e-08	3.749738e-01	3.749779e-01	-2.21370e-13	
654	3.117500e-08	3.749738e-01	3.749792e-01	-2.08456e-13	
655	3.122500e-08	3.749738e-01	3.749804e-01	-1.96295e-13	
656	3.127500e-08	3.749738e-01	3.749815e-01	-1.84843e-13	
657	3.132500e-08	3.749738e-01	3.749826e-01	-1.74060e-13	
658	3.137500e-08	3.749738e-01	3.749836e-01	-1.63906e-13	
659	3.142500e-08	3.749738e-01	3.749846e-01	-1.54344e-13	
660	3.147500e-08	3.749738e-01	3.749855e-01	-1.45340e-13	
661	3.152500e-08	3.749738e-01	3.749863e-01	-1.36861e-13	
662	3.157500e-08	3.749738e-01	3.749871e-01	-1.28876e-13	
663	3.162500e-08	3.749738e-01	3.749879e-01	-1.21358e-13	
664	3.167500e-08	3.749738e-01	3.749886e-01	-1.14278e-13	
665	3.172500e-08	3.749738e-01	3.749892e-01	-1.07611e-13	
666	3.177500e-08	3.749738e-01	3.749899e-01	-1.01333e-13	
667	3.182500e-08	3.749738e-01	3.749905e-01	-9.54219e-14	
668	3.187500e-08	3.749738e-01	3.749910e-01	-8.98551e-14	
669	3.192500e-08	3.749738e-01	3.749915e-01	-8.46131e-14	
670	3.197500e-08	3.749738e-01	3.749920e-01	-7.96769e-14	
671	3.202500e-08	3.749738e-01	3.749925e-01	-7.50287e-14	
672	3.207500e-08	3.749738e-01	3.749929e-01	-7.06517e-14	
673	3.212500e-08	3.749738e-01	3.749933e-01	-6.65300e-14	
674	3.217500e-08	3.749738e-01	3.749937e-01	-6.26487e-14	
675	3.222500e-08	3.749738e-01	3.749941e-01	-5.89939e-14	
676	3.227500e-08	3.749738e-01	3.749944e-01	-5.55523e-14	
677	3.232500e-08	3.749738e-01	3.749948e-01	-5.23115e-14	
678	3.237500e-08	3.749738e-01	3.749951e-01	-4.92597e-14	
679	3.242500e-08	3.749738e-01	3.749954e-01	-4.63860e-14	
680	3.247500e-08	3.749738e-01	3.749956e-01	-4.36799e-14	
681	3.252500e-08	3.749738e-01	3.749959e-01	-4.11317e-14	
682	3.257500e-08	3.749738e-01	3.749961e-01	-3.87321e-14	
683	3.262500e-08	3.749738e-01	3.749964e-01	-3.64726e-14	
684	3.267500e-08	3.749738e-01	3.749966e-01	-3.43448e-14	
685	3.272500e-08	3.749738e-01	3.749968e-01	-3.23412e-14	
686	3.277500e-08	3.749738e-01	3.749970e-01	-3.04545e-14	
687	3.282500e-08	3.749738e-01	3.749971e-01	-2.86778e-14	
688	3.287500e-08	3.749738e-01	3.749973e-01	-2.70048e-14	
689	3.292500e-08	3.749738e-01	3.749975e-01	-2.54294e-14	
690	3.297500e-08	3.749738e-01	3.749976e-01	-2.39459e-14	
691	3.302500e-08	3.749738e-01	3.749977e-01	-2.25489e-14	
692	3.307500e-08	3.749738e-01	3.749979e-01	-2.12334e-14	

Index   time            v(cell)         v(bl)           vpre#branch     
--------------------------------------------------------------------------------
693	3.312500e-08	3.749738e-01	3.749980e-01	-1.99947e-14	
694	3.317500e-08	3.749738e-01	3.749981e-01	-1.88283e-14	
695	3.322500e-08	3.749738e-01	3.749982e-01	-1.77299e-14	
696	3.327500e-08	3.749738e-01	3.749983e-01	-1.66955e-14	
697	3.332500e-08	3.749738e-01	3.749984e-01	-1.57215e-14	
698	3.337500e-08	3.749738e-01	3.749985e-01	-1.48044e-14	
699	3.342500e-08	3.749738e-01	3.749986e-01	-1.39407e-14	
700	3.347500e-08	3.749738e-01	3.749987e-01	-1.31274e-14	
701	3.352500e-08	3.749738e-01	3.749988e-01	-1.23616e-14	
702	3.357500e-08	3.749738e-01	3.749988e-01	-1.16404e-14	
703	3.362500e-08	3.749738e-01	3.749989e-01	-1.09614e-14	
704	3.367500e-08	3.749738e-01	3.749990e-01	-1.03219e-14	
705	3.372500e-08	3.749738e-01	3.749990e-01	-9.71974e-15	
706	3.377500e-08	3.749738e-01	3.749991e-01	-9.15271e-15	
707	3.382500e-08	3.749738e-01	3.749991e-01	-8.61875e-15	
708	3.387500e-08	3.749738e-01	3.749992e-01	-8.11595e-15	
709	3.392500e-08	3.749738e-01	3.749992e-01	-7.64248e-15	
710	3.397500e-08	3.749738e-01	3.749993e-01	-7.19664e-15	
711	3.402500e-08	3.749738e-01	3.749993e-01	-6.77680e-15	
712	3.407500e-08	3.749738e-01	3.749994e-01	-6.38145e-15	
713	3.412500e-08	3.749738e-01	3.749994e-01	-6.00917e-15	
714	3.417500e-08	3.749738e-01	3.749994e-01	-5.65861e-15	
715	3.422500e-08	3.749738e-01	3.749995e-01	-5.32850e-15	
716	3.427500e-08	3.749738e-01	3.749995e-01	-5.01764e-15	
717	3.432500e-08	3.749738e-01	3.749995e-01	-4.72492e-15	
718	3.437500e-08	3.749738e-01	3.749996e-01	-4.44928e-15	
719	3.442500e-08	3.749738e-01	3.749996e-01	-4.18972e-15	
720	3.447500e-08	3.749738e-01	3.749996e-01	-3.94530e-15	
721	3.452500e-08	3.749738e-01	3.749996e-01	-3.71514e-15	
722	3.457500e-08	3.749738e-01	3.749997e-01	-3.49841e-15	
723	3.462500e-08	3.749738e-01	3.749997e-01	-3.29432e-15	
724	3.467500e-08	3.749738e-01	3.749997e-01	-3.10213e-15	
725	3.472500e-08	3.749738e-01	3.749997e-01	-2.92116e-15	
726	3.477500e-08	3.749738e-01	3.749997e-01	-2.75075e-15	
727	3.482500e-08	3.749738e-01	3.749997e-01	-2.59028e-15	
728	3.487500e-08	3.749738e-01	3.749998e-01	-2.43917e-15	
729	3.492500e-08	3.749738e-01	3.749998e-01	-2.29687e-15	
730	3.497500e-08	3.749738e-01	3.749998e-01	-2.16288e-15	
731	3.502500e-08	3.749738e-01	3.749998e-01	-2.03670e-15	
732	3.507500e-08	3.749738e-01	3.749998e-01	-1.91788e-15	
733	3.512500e-08	3.749738e-01	3.749998e-01	-1.80600e-15	
734	3.517500e-08	3.749738e-01	3.749998e-01	-1.70064e-15	
735	3.522500e-08	3.749738e-01	3.749998e-01	-1.60143e-15	
736	3.527500e-08	3.749738e-01	3.749998e-01	-1.50801e-15	
737	3.532500e-08	3.749738e-01	3.749999e-01	-1.42004e-15	
738	3.537500e-08	3.749738e-01	3.749999e-01	-1.33720e-15	
739	3.542500e-08	3.749738e-01	3.749999e-01	-1.25919e-15	
740	3.547500e-08	3.749738e-01	3.749999e-01	-1.18573e-15	
741	3.552500e-08	3.749738e-01	3.749999e-01	-1.11656e-15	
742	3.557500e-08	3.749738e-01	3.749999e-01	-1.05142e-15	
743	3.562500e-08	3.749738e-01	3.749999e-01	-9.90087e-16	
744	3.567500e-08	3.749738e-01	3.749999e-01	-9.32328e-16	
745	3.572500e-08	3.749738e-01	3.749999e-01	-8.77940e-16	
746	3.577500e-08	3.749738e-01	3.749999e-01	-8.26724e-16	
747	3.582500e-08	3.749738e-01	3.749999e-01	-7.78497e-16	
748	3.587500e-08	3.749738e-01	3.749999e-01	-7.33082e-16	
749	3.592500e-08	3.749738e-01	3.749999e-01	-6.90318e-16	
750	3.597500e-08	3.749738e-01	3.749999e-01	-6.50048e-16	

Index   time            v(cell)         v(bl)           vpre#branch     
--------------------------------------------------------------------------------
751	3.602500e-08	3.749738e-01	3.749999e-01	-6.12127e-16	
752	3.607500e-08	3.749738e-01	3.749999e-01	-5.76418e-16	
753	3.612500e-08	3.749738e-01	3.749999e-01	-5.42793e-16	
754	3.617500e-08	3.749738e-01	3.749999e-01	-5.11129e-16	
755	3.622500e-08	3.749738e-01	3.750000e-01	-4.81313e-16	
756	3.627500e-08	3.749738e-01	3.750000e-01	-4.53236e-16	
757	3.632500e-08	3.749738e-01	3.750000e-01	-4.26797e-16	
758	3.637500e-08	3.749738e-01	3.750000e-01	-4.01900e-16	
759	3.642500e-08	3.749738e-01	3.750000e-01	-3.78456e-16	
760	3.647500e-08	3.749738e-01	3.750000e-01	-3.56380e-16	
761	3.652500e-08	3.749738e-01	3.750000e-01	-3.35591e-16	
762	3.657500e-08	3.749738e-01	3.750000e-01	-3.16015e-16	
763	3.662500e-08	3.749738e-01	3.750000e-01	-2.97582e-16	
764	3.667500e-08	3.749738e-01	3.750000e-01	-2.80223e-16	
765	3.672500e-08	3.749738e-01	3.750000e-01	-2.63878e-16	
766	3.677500e-08	3.749738e-01	3.750000e-01	-2.48486e-16	
767	3.682500e-08	3.749738e-01	3.750000e-01	-2.33991e-16	
768	3.687500e-08	3.749738e-01	3.750000e-01	-2.20343e-16	
769	3.692500e-08	3.749738e-01	3.750000e-01	-2.07491e-16	
770	3.697500e-08	3.749738e-01	3.750000e-01	-1.95388e-16	
771	3.702500e-08	3.749738e-01	3.750000e-01	-1.83992e-16	
772	3.707500e-08	3.749738e-01	3.750000e-01	-1.73260e-16	
773	3.712500e-08	3.749738e-01	3.750000e-01	-1.63155e-16	
774	3.717500e-08	3.749738e-01	3.750000e-01	-1.53639e-16	
775	3.722500e-08	3.749738e-01	3.750000e-01	-1.44677e-16	
776	3.727500e-08	3.749738e-01	3.750000e-01	-1.36239e-16	
777	3.732500e-08	3.749738e-01	3.750000e-01	-1.28293e-16	
778	3.737500e-08	3.749738e-01	3.750000e-01	-1.20811e-16	
779	3.742500e-08	3.749738e-01	3.750000e-01	-1.13765e-16	
780	3.747500e-08	3.749738e-01	3.750000e-01	-1.07130e-16	
781	3.752500e-08	3.749738e-01	3.750000e-01	-1.00882e-16	
782	3.757500e-08	3.749738e-01	3.750000e-01	-9.49987e-17	
783	3.762500e-08	3.749738e-01	3.750000e-01	-8.94589e-17	
784	3.767500e-08	3.749738e-01	3.750000e-01	-8.42422e-17	
785	3.772500e-08	3.749738e-01	3.750000e-01	-7.93297e-17	
786	3.777500e-08	3.749738e-01	3.750000e-01	-7.47038e-17	
787	3.782500e-08	3.749738e-01	3.750000e-01	-7.03479e-17	
788	3.787500e-08	3.749738e-01	3.750000e-01	-6.62462e-17	
789	3.792500e-08	3.749738e-01	3.750000e-01	-6.23835e-17	
790	3.797500e-08	3.749738e-01	3.750000e-01	-5.87460e-17	
791	3.802500e-08	3.749738e-01	3.750000e-01	-5.53207e-17	
792	3.807500e-08	3.749738e-01	3.750000e-01	-5.20952e-17	
793	3.812500e-08	3.749738e-01	3.750000e-01	-4.90581e-17	
794	3.817500e-08	3.749738e-01	3.750000e-01	-4.61982e-17	
795	3.822500e-08	3.749738e-01	3.750000e-01	-4.35049e-17	
796	3.827500e-08	3.749738e-01	3.750000e-01	-4.09689e-17	
797	3.832500e-08	3.749738e-01	3.750000e-01	-3.85811e-17	
798	3.837500e-08	3.749738e-01	3.750000e-01	-3.63326e-17	
799	3.842500e-08	3.749738e-01	3.750000e-01	-3.42150e-17	
800	3.847500e-08	3.749738e-01	3.750000e-01	-3.22210e-17	
801	3.852500e-08	3.749738e-01	3.750000e-01	-3.03433e-17	
802	3.857500e-08	3.749738e-01	3.750000e-01	-2.85752e-17	
803	3.862500e-08	3.749738e-01	3.750000e-01	-2.69104e-17	
804	3.867500e-08	3.749738e-01	3.750000e-01	-2.53427e-17	
805	3.872500e-08	3.749738e-01	3.750000e-01	-2.38663e-17	
806	3.877500e-08	3.749738e-01	3.750000e-01	-2.24760e-17	
807	3.882500e-08	3.749738e-01	3.750000e-01	-2.11668e-17	
808	3.887500e-08	3.749738e-01	3.750000e-01	-1.99338e-17	

Index   time            v(cell)         v(bl)           vpre#branch     
--------------------------------------------------------------------------------
809	3.892500e-08	3.749738e-01	3.750000e-01	-1.87730e-17	
810	3.897500e-08	3.749738e-01	3.750000e-01	-1.76798e-17	
811	3.902500e-08	3.749738e-01	3.750000e-01	-1.66502e-17	
812	3.907500e-08	3.749738e-01	3.750000e-01	-1.56807e-17	
813	3.912500e-08	3.749738e-01	3.750000e-01	-1.47680e-17	
814	3.917500e-08	3.749738e-01	3.750000e-01	-1.39085e-17	
815	3.922500e-08	3.749738e-01	3.750000e-01	-1.30991e-17	
816	3.927500e-08	3.749738e-01	3.750000e-01	-1.23372e-17	
817	3.932500e-08	3.749738e-01	3.750000e-01	-1.16195e-17	
818	3.937500e-08	3.749738e-01	3.750000e-01	-1.09435e-17	
819	3.942500e-08	3.749738e-01	3.750000e-01	-1.03069e-17	
820	3.947500e-08	3.749738e-01	3.750000e-01	-9.70763e-18	
821	3.952500e-08	3.749738e-01	3.750000e-01	-9.14334e-18	
822	3.957500e-08	3.749738e-01	3.750000e-01	-8.61177e-18	
823	3.962500e-08	3.749738e-01	3.750000e-01	-8.11141e-18	
824	3.967500e-08	3.749738e-01	3.750000e-01	-7.64044e-18	
825	3.972500e-08	3.749738e-01	3.750000e-01	-7.19695e-18	
826	3.977500e-08	3.749738e-01	3.750000e-01	-6.77913e-18	
827	3.982500e-08	3.749738e-01	3.750000e-01	-6.38549e-18	
828	3.987500e-08	3.749738e-01	3.750000e-01	-6.01500e-18	
829	3.992500e-08	3.749738e-01	3.750000e-01	-5.66634e-18	
830	3.996250e-08	3.749738e-01	3.750000e-01	-5.41827e-18	
831	4.000000e-08	3.749738e-01	3.750000e-01	-5.18084e-18	


Total analysis time (seconds) = 0.0487575

Total elapsed time (seconds) = 0.058 

Total DRAM available = 386307.215 MB.
DRAM currently available = 8576.180 MB.
Maximum ngspice program size =  529.719 MB.
Current ngspice program size =   14.195 MB.

Shared ngspice pages =   12.371 MB.
Text (code) pages =    6.266 MB.
Stack = 0 bytes.
Library pages =   59.137 MB.

