
Note: No compatibility mode selected!


Circuit: * id-vg sweep vds=0.4050v

Doing analysis at TEMP = 27.000000 and TNOM = 27.000000

Using SPARSE 1.3 as Direct Linear Solver

No. of Data Rows : 201

  Measurements for DC Analysis

ion                 =  -8.73608e-07 at=  8.10000e-01
ioff                =  -1.78012e-14

                           * id-vg sweep vds=0.4050v
                           DC transfer characteristic  Tue Jun 23 21:12:59  2026
--------------------------------------------------------------------------------
Index   v-sweep         vd#branch       
--------------------------------------------------------------------------------
0	0.000000e+00	-1.78012e-14	
1	4.050000e-03	-1.95836e-14	
2	8.100000e-03	-2.16459e-14	
3	1.215000e-02	-2.39255e-14	
4	1.620000e-02	-2.64450e-14	
5	2.025000e-02	-2.92300e-14	
6	2.430000e-02	-3.23082e-14	
7	2.835000e-02	-3.57106e-14	
8	3.240000e-02	-3.94713e-14	
9	3.645000e-02	-4.36280e-14	
10	4.050000e-02	-4.82225e-14	
11	4.455000e-02	-5.33008e-14	
12	4.860000e-02	-5.89139e-14	
13	5.265000e-02	-6.51182e-14	
14	5.670000e-02	-7.19758e-14	
15	6.075000e-02	-7.95556e-14	
16	6.480000e-02	-8.79336e-14	
17	6.885000e-02	-9.71939e-14	
18	7.290000e-02	-1.07429e-13	
19	7.695000e-02	-1.18743e-13	
20	8.100000e-02	-1.31248e-13	
21	8.505000e-02	-1.45069e-13	
22	8.910000e-02	-1.60347e-13	
23	9.315000e-02	-1.77233e-13	
24	9.720000e-02	-1.95897e-13	
25	1.012500e-01	-2.16527e-13	
26	1.053000e-01	-2.39330e-13	
27	1.093500e-01	-2.64533e-13	
28	1.134000e-01	-2.92391e-13	
29	1.174500e-01	-3.23183e-13	
30	1.215000e-01	-3.57218e-13	
31	1.255500e-01	-3.94836e-13	
32	1.296000e-01	-4.36416e-13	
33	1.336500e-01	-4.82375e-13	
34	1.377000e-01	-5.33174e-13	
35	1.417500e-01	-5.89323e-13	
36	1.458000e-01	-6.51384e-13	
37	1.498500e-01	-7.19981e-13	
38	1.539000e-01	-7.95803e-13	
39	1.579500e-01	-8.79608e-13	
40	1.620000e-01	-9.72240e-13	
41	1.660500e-01	-1.07463e-12	
42	1.701000e-01	-1.18779e-12	
43	1.741500e-01	-1.31288e-12	
44	1.782000e-01	-1.45114e-12	
45	1.822500e-01	-1.60396e-12	
46	1.863000e-01	-1.77287e-12	
47	1.903500e-01	-1.95957e-12	
48	1.944000e-01	-2.16593e-12	
49	1.984500e-01	-2.39402e-12	
50	2.025000e-01	-2.64613e-12	
51	2.065500e-01	-2.92479e-12	
52	2.106000e-01	-3.23280e-12	
53	2.146500e-01	-3.57323e-12	
54	2.187000e-01	-3.94952e-12	

Index   v-sweep         vd#branch       
--------------------------------------------------------------------------------
55	2.227500e-01	-4.36544e-12	
56	2.268000e-01	-4.82515e-12	
57	2.308500e-01	-5.33328e-12	
58	2.349000e-01	-5.89491e-12	
59	2.389500e-01	-6.51568e-12	
60	2.430000e-01	-7.20182e-12	
61	2.470500e-01	-7.96021e-12	
62	2.511000e-01	-8.79846e-12	
63	2.551500e-01	-9.72498e-12	
64	2.592000e-01	-1.07491e-11	
65	2.632500e-01	-1.18810e-11	
66	2.673000e-01	-1.31321e-11	
67	2.713500e-01	-1.45149e-11	
68	2.754000e-01	-1.60433e-11	
69	2.794500e-01	-1.77327e-11	
70	2.835000e-01	-1.95999e-11	
71	2.875500e-01	-2.16637e-11	
72	2.916000e-01	-2.39449e-11	
73	2.956500e-01	-2.64661e-11	
74	2.997000e-01	-2.92528e-11	
75	3.037500e-01	-3.23329e-11	
76	3.078000e-01	-3.57372e-11	
77	3.118500e-01	-3.94999e-11	
78	3.159000e-01	-4.36586e-11	
79	3.199500e-01	-4.82551e-11	
80	3.240000e-01	-5.33353e-11	
81	3.280500e-01	-5.89502e-11	
82	3.321000e-01	-6.51561e-11	
83	3.361500e-01	-7.20149e-11	
84	3.402000e-01	-7.95955e-11	
85	3.442500e-01	-8.79736e-11	
86	3.483000e-01	-9.72332e-11	
87	3.523500e-01	-1.07467e-10	
88	3.564000e-01	-1.18777e-10	
89	3.604500e-01	-1.31276e-10	
90	3.645000e-01	-1.45090e-10	
91	3.685500e-01	-1.60355e-10	
92	3.726000e-01	-1.77226e-10	
93	3.766500e-01	-1.95869e-10	
94	3.807000e-01	-2.16472e-10	
95	3.847500e-01	-2.39238e-10	
96	3.888000e-01	-2.64396e-10	
97	3.928500e-01	-2.93565e-10	
98	3.969000e-01	-3.24425e-10	
99	4.009500e-01	-3.58522e-10	
100	4.050000e-01	-3.96195e-10	
101	4.090500e-01	-4.37817e-10	
102	4.131000e-01	-4.83800e-10	
103	4.171500e-01	-5.34599e-10	
104	4.212000e-01	-5.90713e-10	
105	4.252500e-01	-6.52697e-10	
106	4.293000e-01	-7.21160e-10	
107	4.333500e-01	-7.96772e-10	
108	4.374000e-01	-8.80274e-10	
109	4.414500e-01	-9.72482e-10	
110	4.455000e-01	-1.07429e-09	
111	4.495500e-01	-1.18669e-09	
112	4.536000e-01	-1.31077e-09	

Index   v-sweep         vd#branch       
--------------------------------------------------------------------------------
113	4.576500e-01	-1.44772e-09	
114	4.617000e-01	-1.59886e-09	
115	4.657500e-01	-1.76563e-09	
116	4.698000e-01	-1.94962e-09	
117	4.738500e-01	-2.15257e-09	
118	4.779000e-01	-2.37638e-09	
119	4.819500e-01	-2.62315e-09	
120	4.860000e-01	-2.89518e-09	
121	4.900500e-01	-3.19495e-09	
122	4.941000e-01	-3.52523e-09	
123	4.981500e-01	-3.88899e-09	
124	5.022000e-01	-4.28951e-09	
125	5.062500e-01	-4.73035e-09	
126	5.103000e-01	-5.21538e-09	
127	5.143500e-01	-5.74882e-09	
128	5.184000e-01	-6.33526e-09	
129	5.224500e-01	-6.97966e-09	
130	5.265000e-01	-7.68741e-09	
131	5.305500e-01	-8.46435e-09	
132	5.346000e-01	-9.31678e-09	
133	5.386500e-01	-1.02515e-08	
134	5.427000e-01	-1.12759e-08	
135	5.467500e-01	-1.23978e-08	
136	5.508000e-01	-1.36257e-08	
137	5.548500e-01	-1.49688e-08	
138	5.589000e-01	-1.64369e-08	
139	5.629500e-01	-1.80405e-08	
140	5.670000e-01	-1.97908e-08	
141	5.710500e-01	-2.16997e-08	
142	5.751000e-01	-2.37802e-08	
143	5.791500e-01	-2.60457e-08	
144	5.832000e-01	-2.85108e-08	
145	5.872500e-01	-3.11908e-08	
146	5.913000e-01	-3.41019e-08	
147	5.953500e-01	-3.72612e-08	
148	5.994000e-01	-4.06867e-08	
149	6.034500e-01	-4.43970e-08	
150	6.075000e-01	-4.84116e-08	
151	6.115500e-01	-5.27508e-08	
152	6.156000e-01	-5.74351e-08	
153	6.196500e-01	-6.24857e-08	
154	6.237000e-01	-6.79240e-08	
155	6.277500e-01	-7.37713e-08	
156	6.318000e-01	-8.00489e-08	
157	6.358500e-01	-8.67776e-08	
158	6.399000e-01	-9.39776e-08	
159	6.439500e-01	-1.01669e-07	
160	6.480000e-01	-1.09869e-07	
161	6.520500e-01	-1.18595e-07	
162	6.561000e-01	-1.27863e-07	
163	6.601500e-01	-1.37687e-07	
164	6.642000e-01	-1.48079e-07	
165	6.682500e-01	-1.59050e-07	
166	6.723000e-01	-1.70607e-07	
167	6.763500e-01	-1.82756e-07	
168	6.804000e-01	-1.95503e-07	
169	6.844500e-01	-2.08847e-07	
170	6.885000e-01	-2.22790e-07	

Index   v-sweep         vd#branch       
--------------------------------------------------------------------------------
171	6.925500e-01	-2.37329e-07	
172	6.966000e-01	-2.52461e-07	
173	7.006500e-01	-2.68180e-07	
174	7.047000e-01	-2.84479e-07	
175	7.087500e-01	-3.01065e-07	
176	7.128000e-01	-3.18503e-07	
177	7.168500e-01	-3.36493e-07	
178	7.209000e-01	-3.55024e-07	
179	7.249500e-01	-3.74084e-07	
180	7.290000e-01	-3.93661e-07	
181	7.330500e-01	-4.13740e-07	
182	7.371000e-01	-4.34310e-07	
183	7.411500e-01	-4.55356e-07	
184	7.452000e-01	-4.76865e-07	
185	7.492500e-01	-4.98824e-07	
186	7.533000e-01	-5.21219e-07	
187	7.573500e-01	-5.44038e-07	
188	7.614000e-01	-5.67266e-07	
189	7.654500e-01	-5.90892e-07	
190	7.695000e-01	-6.14902e-07	
191	7.735500e-01	-6.39284e-07	
192	7.776000e-01	-6.64026e-07	
193	7.816500e-01	-6.89117e-07	
194	7.857000e-01	-7.14546e-07	
195	7.897500e-01	-7.40301e-07	
196	7.938000e-01	-7.66371e-07	
197	7.978500e-01	-7.92747e-07	
198	8.019000e-01	-8.19418e-07	
199	8.059500e-01	-8.46375e-07	
200	8.100000e-01	-8.73608e-07	


Total analysis time (seconds) = 0.18028

Total elapsed time (seconds) = 0.189 

Total DRAM available = 386307.215 MB.
DRAM currently available = 13262.145 MB.
Maximum ngspice program size =  529.723 MB.
Current ngspice program size =   14.059 MB.

Shared ngspice pages =   12.297 MB.
Text (code) pages =    6.266 MB.
Stack = 0 bytes.
Library pages =   59.141 MB.

