
Note: No compatibility mode selected!


Circuit: * 1t1c ccell=20.0ff

Doing analysis at TEMP = 27.000000 and TNOM = 27.000000

Using SPARSE 1.3 as Direct Linear Solver

Initial Transient Solution
--------------------------

Node                                   Voltage
----                                   -------
pre                                      0.405
bl                                       0.405
wl                                           0
plate                                        0
s                                            0
cell                                         0
vs#branch                                    0
vpl#branch                                   0
vwl#branch                                   0
vpre#branch                                  0


No. of Data Rows : 832

  Measurements for Transient Analysis

t_write             =  1.90036e-09
t_read              =  2.25789e-08
i_hold              =  -2.86525e-11 from=  2.50000e-08 to=  3.50250e-08
q_read              =   3.10613e-18 from=  1.20000e-08 to=  2.20000e-08

                              * 1t1c ccell=20.0ff
                              Transient Analysis  Tue Jun 23 23:48:18  2026
--------------------------------------------------------------------------------
Index   time            v(cell)         v(bl)           vpre#branch     
--------------------------------------------------------------------------------
0	0.000000e+00	0.000000e+00	4.050000e-01	0.000000e+00	
1	5.000000e-13	4.448641e-13	4.050000e-01	-1.19039e-17	
2	1.000000e-12	8.897182e-13	4.050000e-01	-2.30866e-17	
3	2.000000e-12	1.779425e-12	4.050000e-01	-4.54378e-17	
4	4.000000e-12	3.558839e-12	4.050000e-01	-9.00560e-17	
5	8.000000e-12	7.117667e-12	4.050000e-01	-1.78956e-16	
6	1.600000e-11	1.423532e-11	4.050000e-01	-3.55422e-16	
7	3.200000e-11	2.847063e-11	4.049999e-01	-7.03078e-16	
8	6.400000e-11	5.694125e-11	4.049999e-01	-1.37781e-15	
9	1.140000e-10	1.014266e-10	4.049998e-01	-2.37936e-15	
10	1.640000e-10	1.459119e-10	4.049997e-01	-3.31984e-15	
11	2.140000e-10	1.903972e-10	4.049996e-01	-4.20295e-15	
12	2.640000e-10	2.348825e-10	4.049995e-01	-5.03222e-15	
13	3.140000e-10	2.793678e-10	4.049994e-01	-5.81091e-15	
14	3.640000e-10	3.238530e-10	4.049993e-01	-6.54212e-15	
15	4.140000e-10	3.683383e-10	4.049993e-01	-7.22873e-15	
16	4.640000e-10	4.128235e-10	4.049992e-01	-7.87347e-15	
17	5.140000e-10	4.573088e-10	4.049992e-01	-8.47890e-15	
18	5.640000e-10	5.017940e-10	4.049991e-01	-9.04740e-15	
19	6.140000e-10	5.462793e-10	4.049990e-01	-9.58123e-15	
20	6.640000e-10	5.907645e-10	4.049990e-01	-1.00825e-14	
21	7.140000e-10	6.352497e-10	4.049989e-01	-1.05532e-14	
22	7.640000e-10	6.797349e-10	4.049989e-01	-1.09952e-14	
23	8.140000e-10	7.242201e-10	4.049989e-01	-1.14103e-14	
24	8.640000e-10	7.687053e-10	4.049988e-01	-1.18000e-14	
25	9.140000e-10	8.131905e-10	4.049988e-01	-1.21660e-14	
26	9.570000e-10	8.514478e-10	4.049988e-01	-1.24628e-14	
27	1.000000e-09	8.897050e-10	4.049987e-01	-1.27440e-14	
28	1.005000e-09	4.048402e-03	4.049987e-01	-1.27635e-14	
29	1.015000e-09	1.214518e-02	4.049987e-01	-1.27806e-14	
30	1.035000e-09	2.833875e-02	4.049987e-01	-1.27052e-14	
31	1.075000e-09	6.072588e-02	4.049988e-01	-1.22765e-14	
32	1.125000e-09	1.012098e-01	4.049988e-01	-1.15419e-14	
33	1.175000e-09	1.416937e-01	4.049989e-01	-1.08213e-14	
34	1.225000e-09	1.821776e-01	4.049990e-01	-1.01557e-14	
35	1.275000e-09	2.226615e-01	4.049990e-01	-9.53442e-15	
36	1.325000e-09	2.631454e-01	4.049991e-01	-8.95234e-15	
37	1.375000e-09	3.036293e-01	4.049992e-01	-8.40658e-15	
38	1.425000e-09	3.441132e-01	4.049992e-01	-7.89459e-15	
39	1.475000e-09	3.845972e-01	4.049993e-01	-7.41376e-15	
40	1.525000e-09	4.250811e-01	4.049993e-01	-6.96211e-15	
41	1.575000e-09	4.655650e-01	4.049993e-01	-6.53737e-15	
42	1.625000e-09	5.060489e-01	4.049994e-01	-6.13800e-15	
43	1.675000e-09	5.465328e-01	4.049994e-01	-5.76297e-15	
44	1.725000e-09	5.870167e-01	4.049995e-01	-5.41077e-15	
45	1.775000e-09	6.275006e-01	4.049995e-01	-5.08003e-15	
46	1.825000e-09	6.679845e-01	4.049995e-01	-4.76942e-15	
47	1.875000e-09	7.084684e-01	4.049996e-01	-4.47773e-15	
48	1.925000e-09	7.489524e-01	4.049996e-01	-4.20379e-15	
49	1.962500e-09	7.793153e-01	4.049996e-01	-4.00937e-15	
50	2.000000e-09	8.096782e-01	4.049996e-01	-3.82390e-15	
51	2.005000e-09	8.096782e-01	4.049996e-01	-3.79990e-15	
52	2.015000e-09	8.096782e-01	4.049996e-01	-3.75221e-15	
53	2.035000e-09	8.096782e-01	4.049996e-01	-3.65860e-15	
54	2.075000e-09	8.096782e-01	4.049997e-01	-3.47827e-15	

Index   time            v(cell)         v(bl)           vpre#branch     
--------------------------------------------------------------------------------
55	2.125000e-09	8.096782e-01	4.049997e-01	-3.26524e-15	
56	2.175000e-09	8.096782e-01	4.049997e-01	-3.06519e-15	
57	2.225000e-09	8.096782e-01	4.049997e-01	-2.87735e-15	
58	2.275000e-09	8.096782e-01	4.049997e-01	-2.70096e-15	
59	2.325000e-09	8.096782e-01	4.049997e-01	-2.53533e-15	
60	2.375000e-09	8.096782e-01	4.049998e-01	-2.37979e-15	
61	2.425000e-09	8.096782e-01	4.049998e-01	-2.23375e-15	
62	2.475000e-09	8.096782e-01	4.049998e-01	-2.09661e-15	
63	2.525000e-09	8.096782e-01	4.049998e-01	-1.96783e-15	
64	2.575000e-09	8.096782e-01	4.049998e-01	-1.84690e-15	
65	2.625000e-09	8.096782e-01	4.049998e-01	-1.73336e-15	
66	2.675000e-09	8.096782e-01	4.049998e-01	-1.62673e-15	
67	2.725000e-09	8.096782e-01	4.049998e-01	-1.52661e-15	
68	2.775000e-09	8.096782e-01	4.049999e-01	-1.43259e-15	
69	2.825000e-09	8.096782e-01	4.049999e-01	-1.34431e-15	
70	2.875000e-09	8.096782e-01	4.049999e-01	-1.26141e-15	
71	2.925000e-09	8.096782e-01	4.049999e-01	-1.18356e-15	
72	2.975000e-09	8.096782e-01	4.049999e-01	-1.11047e-15	
73	3.025000e-09	8.096782e-01	4.049999e-01	-1.04183e-15	
74	3.075000e-09	8.096782e-01	4.049999e-01	-9.77374e-16	
75	3.125000e-09	8.096782e-01	4.049999e-01	-9.16851e-16	
76	3.175000e-09	8.096782e-01	4.049999e-01	-8.60020e-16	
77	3.225000e-09	8.096782e-01	4.049999e-01	-8.06653e-16	
78	3.275000e-09	8.096782e-01	4.049999e-01	-7.56541e-16	
79	3.325000e-09	8.096782e-01	4.049999e-01	-7.09485e-16	
80	3.375000e-09	8.096782e-01	4.049999e-01	-6.65299e-16	
81	3.425000e-09	8.096782e-01	4.049999e-01	-6.23807e-16	
82	3.475000e-09	8.096782e-01	4.049999e-01	-5.84846e-16	
83	3.525000e-09	8.096782e-01	4.049999e-01	-5.48260e-16	
84	3.575000e-09	8.096782e-01	4.049999e-01	-5.13906e-16	
85	3.625000e-09	8.096782e-01	4.050000e-01	-4.81646e-16	
86	3.675000e-09	8.096782e-01	4.050000e-01	-4.51354e-16	
87	3.725000e-09	8.096782e-01	4.050000e-01	-4.22909e-16	
88	3.775000e-09	8.096782e-01	4.050000e-01	-3.96199e-16	
89	3.825000e-09	8.096782e-01	4.050000e-01	-3.71119e-16	
90	3.875000e-09	8.096782e-01	4.050000e-01	-3.47567e-16	
91	3.925000e-09	8.096782e-01	4.050000e-01	-3.25452e-16	
92	3.975000e-09	8.096782e-01	4.050000e-01	-3.04685e-16	
93	4.025000e-09	8.096782e-01	4.050000e-01	-2.85185e-16	
94	4.075000e-09	8.096782e-01	4.050000e-01	-2.66874e-16	
95	4.125000e-09	8.096782e-01	4.050000e-01	-2.49680e-16	
96	4.175000e-09	8.096782e-01	4.050000e-01	-2.33534e-16	
97	4.225000e-09	8.096782e-01	4.050000e-01	-2.18372e-16	
98	4.275000e-09	8.096782e-01	4.050000e-01	-2.04136e-16	
99	4.325000e-09	8.096782e-01	4.050000e-01	-1.90767e-16	
100	4.375000e-09	8.096782e-01	4.050000e-01	-1.78214e-16	
101	4.425000e-09	8.096782e-01	4.050000e-01	-1.66426e-16	
102	4.475000e-09	8.096782e-01	4.050000e-01	-1.55357e-16	
103	4.525000e-09	8.096782e-01	4.050000e-01	-1.44963e-16	
104	4.575000e-09	8.096782e-01	4.050000e-01	-1.35203e-16	
105	4.625000e-09	8.096782e-01	4.050000e-01	-1.26038e-16	
106	4.675000e-09	8.096782e-01	4.050000e-01	-1.17432e-16	
107	4.725000e-09	8.096782e-01	4.050000e-01	-1.09351e-16	
108	4.775000e-09	8.096782e-01	4.050000e-01	-1.01763e-16	
109	4.825000e-09	8.096782e-01	4.050000e-01	-9.46373e-17	
110	4.875000e-09	8.096782e-01	4.050000e-01	-8.79465e-17	
111	4.925000e-09	8.096782e-01	4.050000e-01	-8.16634e-17	
112	4.975000e-09	8.096782e-01	4.050000e-01	-7.57634e-17	

Index   time            v(cell)         v(bl)           vpre#branch     
--------------------------------------------------------------------------------
113	5.025000e-09	8.096782e-01	4.050000e-01	-7.02237e-17	
114	5.075000e-09	8.096782e-01	4.050000e-01	-6.50217e-17	
115	5.125000e-09	8.096782e-01	4.050000e-01	-6.01366e-17	
116	5.175000e-09	8.096782e-01	4.050000e-01	-5.55498e-17	
117	5.225000e-09	8.096782e-01	4.050000e-01	-5.12431e-17	
118	5.275000e-09	8.096782e-01	4.050000e-01	-4.71987e-17	
119	5.325000e-09	8.096782e-01	4.050000e-01	-4.34009e-17	
120	5.375000e-09	8.096782e-01	4.050000e-01	-3.98351e-17	
121	5.425000e-09	8.096782e-01	4.050000e-01	-3.64864e-17	
122	5.475000e-09	8.096782e-01	4.050000e-01	-3.33414e-17	
123	5.525000e-09	8.096782e-01	4.050000e-01	-3.03887e-17	
124	5.575000e-09	8.096782e-01	4.050000e-01	-2.76160e-17	
125	5.625000e-09	8.096782e-01	4.050000e-01	-2.50120e-17	
126	5.675000e-09	8.096782e-01	4.050000e-01	-2.25668e-17	
127	5.725000e-09	8.096782e-01	4.050000e-01	-2.02707e-17	
128	5.775000e-09	8.096782e-01	4.050000e-01	-1.81147e-17	
129	5.825000e-09	8.096782e-01	4.050000e-01	-1.60901e-17	
130	5.875000e-09	8.096782e-01	4.050000e-01	-1.41894e-17	
131	5.925000e-09	8.096782e-01	4.050000e-01	-1.24046e-17	
132	5.975000e-09	8.096782e-01	4.050000e-01	-1.07283e-17	
133	6.025000e-09	8.096782e-01	4.050000e-01	-9.15413e-18	
134	6.075000e-09	8.096782e-01	4.050000e-01	-7.67599e-18	
135	6.125000e-09	8.096782e-01	4.050000e-01	-6.28842e-18	
136	6.175000e-09	8.096782e-01	4.050000e-01	-4.98545e-18	
137	6.225000e-09	8.096782e-01	4.050000e-01	-3.76154e-18	
138	6.275000e-09	8.096782e-01	4.050000e-01	-2.61226e-18	
139	6.325000e-09	8.096782e-01	4.050000e-01	-1.53307e-18	
140	6.375000e-09	8.096782e-01	4.050000e-01	-5.19693e-19	
141	6.425000e-09	8.096782e-01	4.050000e-01	4.318859e-19	
142	6.475000e-09	8.096782e-01	4.050000e-01	1.325437e-18	
143	6.525000e-09	8.096782e-01	4.050000e-01	2.164494e-18	
144	6.575000e-09	8.096782e-01	4.050000e-01	2.952382e-18	
145	6.625000e-09	8.096782e-01	4.050000e-01	3.691810e-18	
146	6.675000e-09	8.096782e-01	4.050000e-01	4.386148e-18	
147	6.725000e-09	8.096782e-01	4.050000e-01	5.038552e-18	
148	6.775000e-09	8.096782e-01	4.050000e-01	5.651173e-18	
149	6.825000e-09	8.096782e-01	4.050000e-01	6.226432e-18	
150	6.875000e-09	8.096782e-01	4.050000e-01	6.766198e-18	
151	6.925000e-09	8.096782e-01	4.050000e-01	7.273046e-18	
152	6.962500e-09	8.096782e-01	4.050000e-01	7.633319e-18	
153	7.000000e-09	8.096782e-01	4.050000e-01	7.976896e-18	
154	7.005000e-09	7.894362e-01	4.050000e-01	8.020007e-18	
155	7.015000e-09	7.489523e-01	4.050000e-01	8.103017e-18	
156	7.035000e-09	6.679845e-01	4.050000e-01	8.249460e-18	
157	7.067500e-09	5.364118e-01	4.050000e-01	8.430585e-18	
158	7.100000e-09	4.048391e-01	4.050000e-01	8.527546e-18	
159	7.105000e-09	4.048391e-01	4.050000e-01	8.472295e-18	
160	7.115000e-09	4.048391e-01	4.050000e-01	8.362534e-18	
161	7.135000e-09	4.048391e-01	4.050000e-01	8.147241e-18	
162	7.175000e-09	4.048391e-01	4.050000e-01	7.732144e-18	
163	7.225000e-09	4.048391e-01	4.050000e-01	7.241731e-18	
164	7.275000e-09	4.048391e-01	4.050000e-01	6.781635e-18	
165	7.325000e-09	4.048391e-01	4.050000e-01	6.349597e-18	
166	7.375000e-09	4.048391e-01	4.050000e-01	5.943492e-18	
167	7.425000e-09	4.048391e-01	4.050000e-01	5.562156e-18	
168	7.475000e-09	4.048391e-01	4.050000e-01	5.204486e-18	
169	7.525000e-09	4.048391e-01	4.050000e-01	4.868216e-18	
170	7.575000e-09	4.048391e-01	4.050000e-01	4.552453e-18	

Index   time            v(cell)         v(bl)           vpre#branch     
--------------------------------------------------------------------------------
171	7.625000e-09	4.048391e-01	4.050000e-01	4.256359e-18	
172	7.675000e-09	4.048391e-01	4.050000e-01	3.978321e-18	
173	7.725000e-09	4.048391e-01	4.050000e-01	3.717240e-18	
174	7.775000e-09	4.048391e-01	4.050000e-01	3.472081e-18	
175	7.825000e-09	4.048391e-01	4.050000e-01	3.241455e-18	
176	7.875000e-09	4.048391e-01	4.050000e-01	3.024897e-18	
177	7.925000e-09	4.048391e-01	4.050000e-01	2.821545e-18	
178	7.975000e-09	4.048391e-01	4.050000e-01	2.630595e-18	
179	8.025000e-09	4.048391e-01	4.050000e-01	2.451700e-18	
180	8.075000e-09	4.048391e-01	4.050000e-01	2.283717e-18	
181	8.125000e-09	4.048391e-01	4.050000e-01	2.125978e-18	
182	8.175000e-09	4.048391e-01	4.050000e-01	1.977859e-18	
183	8.225000e-09	4.048391e-01	4.050000e-01	1.838770e-18	
184	8.275000e-09	4.048391e-01	4.050000e-01	1.708164e-18	
185	8.325000e-09	4.048391e-01	4.050000e-01	1.585110e-18	
186	8.375000e-09	4.048391e-01	4.050000e-01	1.469561e-18	
187	8.425000e-09	4.048391e-01	4.050000e-01	1.361469e-18	
188	8.475000e-09	4.048391e-01	4.050000e-01	1.259557e-18	
189	8.525000e-09	4.048391e-01	4.050000e-01	1.163860e-18	
190	8.575000e-09	4.048391e-01	4.050000e-01	1.074411e-18	
191	8.625000e-09	4.048391e-01	4.050000e-01	9.900045e-19	
192	8.675000e-09	4.048391e-01	4.050000e-01	9.107457e-19	
193	8.725000e-09	4.048391e-01	4.050000e-01	8.367321e-19	
194	8.775000e-09	4.048391e-01	4.050000e-01	7.672332e-19	
195	8.825000e-09	4.048391e-01	4.050000e-01	7.019736e-19	
196	8.875000e-09	4.048391e-01	4.050000e-01	6.406927e-19	
197	8.925000e-09	4.048391e-01	4.050000e-01	5.831499e-19	
198	8.975000e-09	4.048391e-01	4.050000e-01	5.291152e-19	
199	9.025000e-09	4.048391e-01	4.050000e-01	4.783767e-19	
200	9.075000e-09	4.048391e-01	4.050000e-01	4.307345e-19	
201	9.125000e-09	4.048391e-01	4.050000e-01	3.859964e-19	
202	9.175000e-09	4.048391e-01	4.050000e-01	3.439847e-19	
203	9.225000e-09	4.048391e-01	4.050000e-01	3.041221e-19	
204	9.275000e-09	4.048391e-01	4.050000e-01	2.666905e-19	
205	9.325000e-09	4.048391e-01	4.050000e-01	2.315411e-19	
206	9.375000e-09	4.048391e-01	4.050000e-01	1.985358e-19	
207	9.425000e-09	4.048391e-01	4.050000e-01	1.679574e-19	
208	9.475000e-09	4.048391e-01	4.050000e-01	1.392426e-19	
209	9.525000e-09	4.048391e-01	4.050000e-01	1.122790e-19	
210	9.575000e-09	4.048391e-01	4.050000e-01	8.654625e-20	
211	9.625000e-09	4.048391e-01	4.050000e-01	6.238348e-20	
212	9.675000e-09	4.048391e-01	4.050000e-01	4.010668e-20	
213	9.725000e-09	4.048391e-01	4.050000e-01	1.918811e-20	
214	9.775000e-09	4.048391e-01	4.050000e-01	-4.53295e-22	
215	9.825000e-09	4.048391e-01	4.050000e-01	-1.88969e-20	
216	9.875000e-09	4.048391e-01	4.050000e-01	-3.62156e-20	
217	9.925000e-09	4.048391e-01	4.050000e-01	-5.24780e-20	
218	9.975000e-09	4.048391e-01	4.050000e-01	-6.77494e-20	
219	1.002500e-08	4.048391e-01	4.050000e-01	-8.20894e-20	
220	1.007500e-08	4.048391e-01	4.050000e-01	-9.55543e-20	
221	1.012500e-08	4.048391e-01	4.050000e-01	-1.08199e-19	
222	1.017500e-08	4.048391e-01	4.050000e-01	-1.20074e-19	
223	1.022500e-08	4.048391e-01	4.050000e-01	-1.31221e-19	
224	1.027500e-08	4.048391e-01	4.050000e-01	-1.41690e-19	
225	1.032500e-08	4.048391e-01	4.050000e-01	-1.51935e-19	
226	1.037500e-08	4.048391e-01	4.050000e-01	-1.61555e-19	
227	1.042500e-08	4.048391e-01	4.050000e-01	-1.70589e-19	
228	1.047500e-08	4.048391e-01	4.050000e-01	-1.79484e-19	

Index   time            v(cell)         v(bl)           vpre#branch     
--------------------------------------------------------------------------------
229	1.052500e-08	4.048391e-01	4.050000e-01	-1.87423e-19	
230	1.057500e-08	4.048391e-01	4.050000e-01	-1.94464e-19	
231	1.062500e-08	4.048391e-01	4.050000e-01	-2.01491e-19	
232	1.067500e-08	4.048391e-01	4.050000e-01	-2.08087e-19	
233	1.072500e-08	4.048391e-01	4.050000e-01	-2.13869e-19	
234	1.077500e-08	4.048391e-01	4.050000e-01	-2.19298e-19	
235	1.082500e-08	4.048391e-01	4.050000e-01	-2.24809e-19	
236	1.087500e-08	4.048391e-01	4.050000e-01	-2.29984e-19	
237	1.092500e-08	4.048391e-01	4.050000e-01	-2.34430e-19	
238	1.096250e-08	4.048391e-01	4.050000e-01	-2.37823e-19	
239	1.100000e-08	4.048391e-01	4.050000e-01	-2.41293e-19	
240	1.100500e-08	4.048407e-01	4.090245e-01	4.024523e-11	
241	1.101500e-08	4.048439e-01	4.170233e-01	1.202326e-10	
242	1.103500e-08	4.048504e-01	4.327226e-01	2.772259e-10	
243	1.107500e-08	4.048632e-01	4.629653e-01	5.796535e-10	
244	1.112500e-08	4.048793e-01	4.986940e-01	9.369395e-10	
245	1.117500e-08	4.048954e-01	5.322437e-01	1.272437e-09	
246	1.122500e-08	4.049115e-01	5.637475e-01	1.587475e-09	
247	1.127500e-08	4.049276e-01	5.933301e-01	1.883301e-09	
248	1.132500e-08	4.049437e-01	6.211086e-01	2.161086e-09	
249	1.137500e-08	4.049598e-01	6.471932e-01	2.421932e-09	
250	1.142500e-08	4.049759e-01	6.716870e-01	2.666870e-09	
251	1.147500e-08	4.049919e-01	6.946870e-01	2.896870e-09	
252	1.152500e-08	4.050080e-01	7.162845e-01	3.112845e-09	
253	1.157500e-08	4.050241e-01	7.365647e-01	3.315647e-09	
254	1.162500e-08	4.050402e-01	7.556078e-01	3.506078e-09	
255	1.167500e-08	4.050563e-01	7.734885e-01	3.684885e-09	
256	1.172500e-08	4.050724e-01	7.902759e-01	3.852759e-09	
257	1.177500e-08	4.050885e-01	8.060312e-01	4.010312e-09	
258	1.182500e-08	4.051046e-01	8.208022e-01	4.158022e-09	
259	1.187500e-08	4.051207e-01	8.345778e-01	4.295778e-09	
260	1.192500e-08	4.051370e-01	8.472494e-01	4.422494e-09	
261	1.196250e-08	4.051493e-01	8.558480e-01	4.508480e-09	
262	1.200000e-08	4.051620e-01	8.632570e-01	4.582570e-09	
263	1.200500e-08	4.051621e-01	8.601188e-01	4.551188e-09	
264	1.201500e-08	4.051624e-01	8.538852e-01	4.488852e-09	
265	1.203500e-08	4.051628e-01	8.416709e-01	4.366709e-09	
266	1.207500e-08	4.051636e-01	8.182183e-01	4.132183e-09	
267	1.212500e-08	4.051646e-01	7.906432e-01	3.856432e-09	
268	1.217500e-08	4.051655e-01	7.648806e-01	3.598806e-09	
269	1.222500e-08	4.051664e-01	7.408054e-01	3.358054e-09	
270	1.227500e-08	4.051672e-01	7.183029e-01	3.133029e-09	
271	1.232500e-08	4.051680e-01	6.972667e-01	2.922667e-09	
272	1.237500e-08	4.051687e-01	6.775981e-01	2.725981e-09	
273	1.242500e-08	4.051695e-01	6.592058e-01	2.542058e-09	
274	1.247500e-08	4.051702e-01	6.420048e-01	2.370048e-09	
275	1.252500e-08	4.051708e-01	6.259161e-01	2.209161e-09	
276	1.257500e-08	4.051715e-01	6.108663e-01	2.058663e-09	
277	1.262500e-08	4.051721e-01	5.967871e-01	1.917871e-09	
278	1.267500e-08	4.051727e-01	5.836147e-01	1.786147e-09	
279	1.272500e-08	4.051733e-01	5.712900e-01	1.662900e-09	
280	1.277500e-08	4.051739e-01	5.597576e-01	1.547576e-09	
281	1.282500e-08	4.051744e-01	5.489661e-01	1.439661e-09	
282	1.287500e-08	4.051750e-01	5.388674e-01	1.338674e-09	
283	1.292500e-08	4.051755e-01	5.294166e-01	1.244166e-09	
284	1.297500e-08	4.051760e-01	5.205719e-01	1.155719e-09	
285	1.302500e-08	4.051765e-01	5.122943e-01	1.072943e-09	
286	1.307500e-08	4.051770e-01	5.045474e-01	9.954737e-10	

Index   time            v(cell)         v(bl)           vpre#branch     
--------------------------------------------------------------------------------
287	1.312500e-08	4.051775e-01	4.972970e-01	9.229699e-10	
288	1.317500e-08	4.051780e-01	4.905114e-01	8.551141e-10	
289	1.322500e-08	4.051784e-01	4.841610e-01	7.916095e-10	
290	1.327500e-08	4.051789e-01	4.782179e-01	7.321789e-10	
291	1.332500e-08	4.051793e-01	4.726563e-01	6.765633e-10	
292	1.337500e-08	4.051798e-01	4.674521e-01	6.245209e-10	
293	1.342500e-08	4.051802e-01	4.625826e-01	5.758259e-10	
294	1.347500e-08	4.051806e-01	4.580267e-01	5.302672e-10	
295	1.352500e-08	4.051811e-01	4.537648e-01	4.876479e-10	
296	1.357500e-08	4.051815e-01	4.497784e-01	4.477838e-10	
297	1.362500e-08	4.051819e-01	4.460503e-01	4.105032e-10	
298	1.367500e-08	4.051823e-01	4.425646e-01	3.756457e-10	
299	1.372500e-08	4.051827e-01	4.393061e-01	3.430613e-10	
300	1.377500e-08	4.051831e-01	4.362611e-01	3.126106e-10	
301	1.382500e-08	4.051835e-01	4.334163e-01	2.841631e-10	
302	1.387500e-08	4.051838e-01	4.307598e-01	2.575976e-10	
303	1.392500e-08	4.051842e-01	4.282801e-01	2.328011e-10	
304	1.397500e-08	4.051846e-01	4.259669e-01	2.096687e-10	
305	1.402500e-08	4.051849e-01	4.238103e-01	1.881032e-10	
306	1.407500e-08	4.051853e-01	4.218015e-01	1.680149e-10	
307	1.412500e-08	4.051856e-01	4.199322e-01	1.493217e-10	
308	1.417500e-08	4.051860e-01	4.181949e-01	1.319489e-10	
309	1.422500e-08	4.051863e-01	4.165830e-01	1.158298e-10	
310	1.427500e-08	4.051866e-01	4.150907e-01	1.009067e-10	
311	1.432500e-08	4.051869e-01	4.137132e-01	8.713234e-11	
312	1.437500e-08	4.051872e-01	4.124473e-01	7.447251e-11	
313	1.442500e-08	4.051875e-01	4.112910e-01	6.291047e-11	
314	1.447500e-08	4.051878e-01	4.102487e-01	5.248661e-11	
315	1.452500e-08	4.051880e-01	4.093239e-01	4.323852e-11	
316	1.457500e-08	4.051883e-01	4.085181e-01	3.518093e-11	
317	1.462500e-08	4.051885e-01	4.078335e-01	2.833477e-11	
318	1.467500e-08	4.051886e-01	4.072636e-01	2.263559e-11	
319	1.472500e-08	4.051888e-01	4.068000e-01	1.800011e-11	
320	1.477500e-08	4.051889e-01	4.064325e-01	1.432474e-11	
321	1.482500e-08	4.051889e-01	4.061441e-01	1.144140e-11	
322	1.487500e-08	4.051890e-01	4.059193e-01	9.192737e-12	
323	1.492500e-08	4.051891e-01	4.057445e-01	7.444525e-12	
324	1.497500e-08	4.051891e-01	4.056088e-01	6.087647e-12	
325	1.502500e-08	4.051891e-01	4.055036e-01	5.035527e-12	
326	1.507500e-08	4.051891e-01	4.054220e-01	4.220217e-12	
327	1.512500e-08	4.051892e-01	4.053589e-01	3.588683e-12	
328	1.517500e-08	4.051892e-01	4.053100e-01	3.099651e-12	
329	1.522500e-08	4.051892e-01	4.052721e-01	2.721051e-12	
330	1.527500e-08	4.051892e-01	4.052428e-01	2.427998e-12	
331	1.532500e-08	4.051892e-01	4.052201e-01	2.201189e-12	
332	1.537500e-08	4.051892e-01	4.052026e-01	2.025669e-12	
333	1.542500e-08	4.051892e-01	4.051890e-01	1.889847e-12	
334	1.547500e-08	4.051892e-01	4.051785e-01	1.784753e-12	
335	1.552500e-08	4.051892e-01	4.051703e-01	1.703434e-12	
336	1.557500e-08	4.051892e-01	4.051641e-01	1.640516e-12	
337	1.562500e-08	4.051892e-01	4.051592e-01	1.591833e-12	
338	1.567500e-08	4.051892e-01	4.051554e-01	1.554165e-12	
339	1.572500e-08	4.051892e-01	4.051525e-01	1.525018e-12	
340	1.577500e-08	4.051892e-01	4.051502e-01	1.502464e-12	
341	1.582500e-08	4.051892e-01	4.051485e-01	1.485010e-12	
342	1.587500e-08	4.051892e-01	4.051472e-01	1.471502e-12	
343	1.592500e-08	4.051892e-01	4.051461e-01	1.461046e-12	
344	1.597500e-08	4.051892e-01	4.051453e-01	1.452952e-12	

Index   time            v(cell)         v(bl)           vpre#branch     
--------------------------------------------------------------------------------
345	1.602500e-08	4.051892e-01	4.051447e-01	1.446684e-12	
346	1.607500e-08	4.051892e-01	4.051442e-01	1.441830e-12	
347	1.612500e-08	4.051891e-01	4.051438e-01	1.438068e-12	
348	1.617500e-08	4.051891e-01	4.051435e-01	1.435152e-12	
349	1.622500e-08	4.051891e-01	4.051433e-01	1.432890e-12	
350	1.627500e-08	4.051891e-01	4.051431e-01	1.431135e-12	
351	1.632500e-08	4.051891e-01	4.051430e-01	1.429771e-12	
352	1.637500e-08	4.051891e-01	4.051429e-01	1.428710e-12	
353	1.642500e-08	4.051891e-01	4.051428e-01	1.427882e-12	
354	1.647500e-08	4.051891e-01	4.051427e-01	1.427237e-12	
355	1.652500e-08	4.051891e-01	4.051427e-01	1.426731e-12	
356	1.657500e-08	4.051891e-01	4.051426e-01	1.426334e-12	
357	1.662500e-08	4.051891e-01	4.051426e-01	1.426020e-12	
358	1.667500e-08	4.051891e-01	4.051426e-01	1.425772e-12	
359	1.672500e-08	4.051891e-01	4.051426e-01	1.425573e-12	
360	1.677500e-08	4.051891e-01	4.051425e-01	1.425414e-12	
361	1.682500e-08	4.051891e-01	4.051425e-01	1.425284e-12	
362	1.687500e-08	4.051891e-01	4.051425e-01	1.425179e-12	
363	1.692500e-08	4.051891e-01	4.051425e-01	1.425090e-12	
364	1.697500e-08	4.051891e-01	4.051425e-01	1.425016e-12	
365	1.702500e-08	4.051891e-01	4.051425e-01	1.424952e-12	
366	1.707500e-08	4.051891e-01	4.051425e-01	1.424897e-12	
367	1.712500e-08	4.051891e-01	4.051425e-01	1.424848e-12	
368	1.717500e-08	4.051891e-01	4.051425e-01	1.424805e-12	
369	1.722500e-08	4.051891e-01	4.051425e-01	1.424764e-12	
370	1.727500e-08	4.051891e-01	4.051425e-01	1.424728e-12	
371	1.732500e-08	4.051891e-01	4.051425e-01	1.424693e-12	
372	1.737500e-08	4.051891e-01	4.051425e-01	1.424660e-12	
373	1.742500e-08	4.051891e-01	4.051425e-01	1.424628e-12	
374	1.747500e-08	4.051891e-01	4.051425e-01	1.424598e-12	
375	1.752500e-08	4.051890e-01	4.051425e-01	1.424568e-12	
376	1.757500e-08	4.051890e-01	4.051425e-01	1.424540e-12	
377	1.762500e-08	4.051890e-01	4.051425e-01	1.424511e-12	
378	1.767500e-08	4.051890e-01	4.051424e-01	1.424483e-12	
379	1.772500e-08	4.051890e-01	4.051424e-01	1.424455e-12	
380	1.777500e-08	4.051890e-01	4.051424e-01	1.424428e-12	
381	1.782500e-08	4.051890e-01	4.051424e-01	1.424400e-12	
382	1.787500e-08	4.051890e-01	4.051424e-01	1.424373e-12	
383	1.792500e-08	4.051890e-01	4.051424e-01	1.424346e-12	
384	1.797500e-08	4.051890e-01	4.051424e-01	1.424319e-12	
385	1.802500e-08	4.051890e-01	4.051424e-01	1.424292e-12	
386	1.807500e-08	4.051890e-01	4.051424e-01	1.424265e-12	
387	1.812500e-08	4.051890e-01	4.051424e-01	1.424238e-12	
388	1.817500e-08	4.051890e-01	4.051424e-01	1.424211e-12	
389	1.822500e-08	4.051890e-01	4.051424e-01	1.424184e-12	
390	1.827500e-08	4.051890e-01	4.051424e-01	1.424157e-12	
391	1.832500e-08	4.051890e-01	4.051424e-01	1.424130e-12	
392	1.837500e-08	4.051890e-01	4.051424e-01	1.424104e-12	
393	1.842500e-08	4.051890e-01	4.051424e-01	1.424077e-12	
394	1.847500e-08	4.051890e-01	4.051424e-01	1.424050e-12	
395	1.852500e-08	4.051890e-01	4.051424e-01	1.424023e-12	
396	1.857500e-08	4.051890e-01	4.051424e-01	1.423997e-12	
397	1.862500e-08	4.051890e-01	4.051424e-01	1.423969e-12	
398	1.867500e-08	4.051890e-01	4.051424e-01	1.423943e-12	
399	1.872500e-08	4.051890e-01	4.051424e-01	1.423916e-12	
400	1.877500e-08	4.051890e-01	4.051424e-01	1.423889e-12	
401	1.882500e-08	4.051890e-01	4.051424e-01	1.423862e-12	
402	1.887500e-08	4.051890e-01	4.051424e-01	1.423836e-12	

Index   time            v(cell)         v(bl)           vpre#branch     
--------------------------------------------------------------------------------
403	1.892500e-08	4.051889e-01	4.051424e-01	1.423809e-12	
404	1.897500e-08	4.051889e-01	4.051424e-01	1.423782e-12	
405	1.902500e-08	4.051889e-01	4.051424e-01	1.423755e-12	
406	1.907500e-08	4.051889e-01	4.051424e-01	1.423729e-12	
407	1.912500e-08	4.051889e-01	4.051424e-01	1.423702e-12	
408	1.917500e-08	4.051889e-01	4.051424e-01	1.423675e-12	
409	1.922500e-08	4.051889e-01	4.051424e-01	1.423648e-12	
410	1.927500e-08	4.051889e-01	4.051424e-01	1.423622e-12	
411	1.932500e-08	4.051889e-01	4.051424e-01	1.423595e-12	
412	1.937500e-08	4.051889e-01	4.051424e-01	1.423568e-12	
413	1.942500e-08	4.051889e-01	4.051424e-01	1.423541e-12	
414	1.947500e-08	4.051889e-01	4.051424e-01	1.423515e-12	
415	1.952500e-08	4.051889e-01	4.051423e-01	1.423487e-12	
416	1.957500e-08	4.051889e-01	4.051423e-01	1.423461e-12	
417	1.962500e-08	4.051889e-01	4.051423e-01	1.423434e-12	
418	1.967500e-08	4.051889e-01	4.051423e-01	1.423408e-12	
419	1.972500e-08	4.051889e-01	4.051423e-01	1.423380e-12	
420	1.977500e-08	4.051889e-01	4.051423e-01	1.423354e-12	
421	1.982500e-08	4.051889e-01	4.051423e-01	1.423327e-12	
422	1.987500e-08	4.051889e-01	4.051423e-01	1.423300e-12	
423	1.992500e-08	4.051889e-01	4.051423e-01	1.423273e-12	
424	1.997500e-08	4.051889e-01	4.051423e-01	1.423247e-12	
425	2.002500e-08	4.051889e-01	4.051423e-01	1.423220e-12	
426	2.007500e-08	4.051889e-01	4.051423e-01	1.423193e-12	
427	2.012500e-08	4.051889e-01	4.051423e-01	1.423166e-12	
428	2.017500e-08	4.051889e-01	4.051423e-01	1.423140e-12	
429	2.022500e-08	4.051889e-01	4.051423e-01	1.423113e-12	
430	2.027500e-08	4.051889e-01	4.051423e-01	1.423086e-12	
431	2.032500e-08	4.051888e-01	4.051423e-01	1.423059e-12	
432	2.037500e-08	4.051888e-01	4.051423e-01	1.423033e-12	
433	2.042500e-08	4.051888e-01	4.051423e-01	1.423006e-12	
434	2.047500e-08	4.051888e-01	4.051423e-01	1.422979e-12	
435	2.052500e-08	4.051888e-01	4.051423e-01	1.422952e-12	
436	2.057500e-08	4.051888e-01	4.051423e-01	1.422926e-12	
437	2.062500e-08	4.051888e-01	4.051423e-01	1.422899e-12	
438	2.067500e-08	4.051888e-01	4.051423e-01	1.422872e-12	
439	2.072500e-08	4.051888e-01	4.051423e-01	1.422845e-12	
440	2.077500e-08	4.051888e-01	4.051423e-01	1.422819e-12	
441	2.082500e-08	4.051888e-01	4.051423e-01	1.422792e-12	
442	2.087500e-08	4.051888e-01	4.051423e-01	1.422765e-12	
443	2.092500e-08	4.051888e-01	4.051423e-01	1.422738e-12	
444	2.097500e-08	4.051888e-01	4.051423e-01	1.422712e-12	
445	2.102500e-08	4.051888e-01	4.051423e-01	1.422685e-12	
446	2.107500e-08	4.051888e-01	4.051423e-01	1.422658e-12	
447	2.112500e-08	4.051888e-01	4.051423e-01	1.422631e-12	
448	2.117500e-08	4.051888e-01	4.051423e-01	1.422605e-12	
449	2.122500e-08	4.051888e-01	4.051423e-01	1.422578e-12	
450	2.127500e-08	4.051888e-01	4.051423e-01	1.422551e-12	
451	2.132500e-08	4.051888e-01	4.051423e-01	1.422524e-12	
452	2.137500e-08	4.051888e-01	4.051422e-01	1.422498e-12	
453	2.142500e-08	4.051888e-01	4.051422e-01	1.422471e-12	
454	2.147500e-08	4.051888e-01	4.051422e-01	1.422444e-12	
455	2.152500e-08	4.051888e-01	4.051422e-01	1.422417e-12	
456	2.157500e-08	4.051888e-01	4.051422e-01	1.422391e-12	
457	2.162500e-08	4.051888e-01	4.051422e-01	1.422364e-12	
458	2.167500e-08	4.051888e-01	4.051422e-01	1.422337e-12	
459	2.172500e-08	4.051887e-01	4.051422e-01	1.422310e-12	
460	2.177500e-08	4.051887e-01	4.051422e-01	1.422284e-12	

Index   time            v(cell)         v(bl)           vpre#branch     
--------------------------------------------------------------------------------
461	2.182500e-08	4.051887e-01	4.051422e-01	1.422257e-12	
462	2.187500e-08	4.051887e-01	4.051422e-01	1.422230e-12	
463	2.192500e-08	4.051887e-01	4.051422e-01	1.422203e-12	
464	2.196250e-08	4.051887e-01	4.051422e-01	1.422183e-12	
465	2.200000e-08	4.051887e-01	4.051422e-01	1.422163e-12	
466	2.200500e-08	4.051871e-01	4.011752e-01	-3.82480e-11	
467	2.201500e-08	4.051838e-01	3.933138e-01	-1.16862e-10	
468	2.203500e-08	4.051773e-01	3.779516e-01	-2.70484e-10	
469	2.207500e-08	4.051641e-01	3.484367e-01	-5.65633e-10	
470	2.212500e-08	4.051476e-01	3.135811e-01	-9.14189e-10	
471	2.217500e-08	4.051311e-01	2.807649e-01	-1.24235e-09	
472	2.222500e-08	4.051147e-01	2.498319e-01	-1.55168e-09	
473	2.227500e-08	4.050984e-01	2.206507e-01	-1.84349e-09	
474	2.232500e-08	4.050821e-01	1.931138e-01	-2.11886e-09	
475	2.237500e-08	4.050659e-01	1.671335e-01	-2.37866e-09	
476	2.242500e-08	4.050497e-01	1.426343e-01	-2.62366e-09	
477	2.247500e-08	4.050335e-01	1.195480e-01	-2.85452e-09	
478	2.252500e-08	4.050174e-01	9.780917e-02	-3.07191e-09	
479	2.257500e-08	4.050013e-01	7.735341e-02	-3.27647e-09	
480	2.262500e-08	4.049852e-01	5.811638e-02	-3.46884e-09	
481	2.267500e-08	4.049691e-01	4.003395e-02	-3.64966e-09	
482	2.272500e-08	4.049530e-01	2.304275e-02	-3.81957e-09	
483	2.277500e-08	4.049369e-01	7.080871e-03	-3.97919e-09	
484	2.282500e-08	4.049208e-01	-7.91157e-03	-4.12912e-09	
485	2.287500e-08	4.049047e-01	-2.19919e-02	-4.26992e-09	
486	2.292500e-08	4.048886e-01	-3.52148e-02	-4.40215e-09	
487	2.296250e-08	4.048765e-01	-4.45992e-02	-4.49599e-09	
488	2.300000e-08	4.048645e-01	-5.35512e-02	-4.58551e-09	
489	2.300500e-08	4.048644e-01	-5.06848e-02	-4.55685e-09	
490	2.301500e-08	4.048644e-01	-4.49880e-02	-4.49988e-09	
491	2.303500e-08	4.048644e-01	-3.38066e-02	-4.38807e-09	
492	2.307500e-08	4.048644e-01	-1.22673e-02	-4.17267e-09	
493	2.312500e-08	4.048644e-01	1.317911e-02	-3.91821e-09	
494	2.317500e-08	4.048644e-01	3.707362e-02	-3.67926e-09	
495	2.322500e-08	4.048644e-01	5.951096e-02	-3.45489e-09	
496	2.327500e-08	4.048644e-01	8.057998e-02	-3.24420e-09	
497	2.332500e-08	4.048644e-01	1.003642e-01	-3.04636e-09	
498	2.337500e-08	4.048644e-01	1.189418e-01	-2.86058e-09	
499	2.342500e-08	4.048644e-01	1.363865e-01	-2.68613e-09	
500	2.347500e-08	4.048644e-01	1.527675e-01	-2.52233e-09	
501	2.352500e-08	4.048644e-01	1.681494e-01	-2.36851e-09	
502	2.357500e-08	4.048644e-01	1.825933e-01	-2.22407e-09	
503	2.362500e-08	4.048644e-01	1.961564e-01	-2.08844e-09	
504	2.367500e-08	4.048644e-01	2.088923e-01	-1.96108e-09	
505	2.372500e-08	4.048644e-01	2.208516e-01	-1.84148e-09	
506	2.377500e-08	4.048644e-01	2.320815e-01	-1.72918e-09	
507	2.382500e-08	4.048644e-01	2.426266e-01	-1.62373e-09	
508	2.387500e-08	4.048644e-01	2.525287e-01	-1.52471e-09	
509	2.392500e-08	4.048644e-01	2.618269e-01	-1.43173e-09	
510	2.397500e-08	4.048644e-01	2.705580e-01	-1.34442e-09	
511	2.402500e-08	4.048644e-01	2.787567e-01	-1.26243e-09	
512	2.407500e-08	4.048644e-01	2.864554e-01	-1.18545e-09	
513	2.412500e-08	4.048644e-01	2.936847e-01	-1.11315e-09	
514	2.417500e-08	4.048644e-01	3.004730e-01	-1.04527e-09	
515	2.422500e-08	4.048644e-01	3.068474e-01	-9.81526e-10	
516	2.427500e-08	4.048644e-01	3.128331e-01	-9.21669e-10	
517	2.432500e-08	4.048644e-01	3.184537e-01	-8.65463e-10	
518	2.437500e-08	4.048644e-01	3.237316e-01	-8.12684e-10	

Index   time            v(cell)         v(bl)           vpre#branch     
--------------------------------------------------------------------------------
519	2.442500e-08	4.048644e-01	3.286876e-01	-7.63124e-10	
520	2.447500e-08	4.048644e-01	3.333413e-01	-7.16587e-10	
521	2.452500e-08	4.048644e-01	3.377113e-01	-6.72887e-10	
522	2.457500e-08	4.048644e-01	3.418148e-01	-6.31852e-10	
523	2.462500e-08	4.048644e-01	3.456680e-01	-5.93320e-10	
524	2.467500e-08	4.048644e-01	3.492863e-01	-5.57137e-10	
525	2.472500e-08	4.048644e-01	3.526839e-01	-5.23161e-10	
526	2.477500e-08	4.048644e-01	3.558743e-01	-4.91257e-10	
527	2.482500e-08	4.048644e-01	3.588701e-01	-4.61299e-10	
528	2.487500e-08	4.048644e-01	3.616833e-01	-4.33167e-10	
529	2.492500e-08	4.048644e-01	3.643249e-01	-4.06751e-10	
530	2.497500e-08	4.048644e-01	3.668054e-01	-3.81946e-10	
531	2.502500e-08	4.048644e-01	3.691346e-01	-3.58654e-10	
532	2.507500e-08	4.048644e-01	3.713218e-01	-3.36782e-10	
533	2.512500e-08	4.048644e-01	3.733756e-01	-3.16244e-10	
534	2.517500e-08	4.048644e-01	3.753041e-01	-2.96959e-10	
535	2.522500e-08	4.048644e-01	3.771151e-01	-2.78849e-10	
536	2.527500e-08	4.048644e-01	3.788156e-01	-2.61844e-10	
537	2.532500e-08	4.048644e-01	3.804124e-01	-2.45876e-10	
538	2.537500e-08	4.048644e-01	3.819118e-01	-2.30882e-10	
539	2.542500e-08	4.048644e-01	3.833198e-01	-2.16802e-10	
540	2.547500e-08	4.048644e-01	3.846419e-01	-2.03581e-10	
541	2.552500e-08	4.048644e-01	3.858834e-01	-1.91166e-10	
542	2.557500e-08	4.048644e-01	3.870492e-01	-1.79508e-10	
543	2.562500e-08	4.048644e-01	3.881439e-01	-1.68561e-10	
544	2.567500e-08	4.048644e-01	3.891719e-01	-1.58281e-10	
545	2.572500e-08	4.048644e-01	3.901371e-01	-1.48629e-10	
546	2.577500e-08	4.048644e-01	3.910435e-01	-1.39565e-10	
547	2.582500e-08	4.048644e-01	3.918946e-01	-1.31054e-10	
548	2.587500e-08	4.048644e-01	3.926938e-01	-1.23062e-10	
549	2.592500e-08	4.048644e-01	3.934443e-01	-1.15557e-10	
550	2.597500e-08	4.048644e-01	3.941490e-01	-1.08510e-10	
551	2.602500e-08	4.048644e-01	3.948107e-01	-1.01893e-10	
552	2.607500e-08	4.048644e-01	3.954321e-01	-9.56790e-11	
553	2.612500e-08	4.048644e-01	3.960156e-01	-8.98442e-11	
554	2.617500e-08	4.048644e-01	3.965635e-01	-8.43652e-11	
555	2.622500e-08	4.048644e-01	3.970780e-01	-7.92204e-11	
556	2.627500e-08	4.048644e-01	3.975611e-01	-7.43893e-11	
557	2.632500e-08	4.048644e-01	3.980147e-01	-6.98528e-11	
558	2.637500e-08	4.048644e-01	3.984407e-01	-6.55929e-11	
559	2.642500e-08	4.048644e-01	3.988407e-01	-6.15929e-11	
560	2.647500e-08	4.048644e-01	3.992163e-01	-5.78367e-11	
561	2.652500e-08	4.048644e-01	3.995690e-01	-5.43097e-11	
562	2.657500e-08	4.048644e-01	3.999002e-01	-5.09977e-11	
563	2.662500e-08	4.048644e-01	4.002112e-01	-4.78877e-11	
564	2.667500e-08	4.048644e-01	4.005033e-01	-4.49673e-11	
565	2.672500e-08	4.048644e-01	4.007775e-01	-4.22251e-11	
566	2.677500e-08	4.048644e-01	4.010350e-01	-3.96501e-11	
567	2.682500e-08	4.048644e-01	4.012768e-01	-3.72321e-11	
568	2.687500e-08	4.048644e-01	4.015038e-01	-3.49616e-11	
569	2.692500e-08	4.048644e-01	4.017171e-01	-3.28295e-11	
570	2.697500e-08	4.048644e-01	4.019173e-01	-3.08274e-11	
571	2.702500e-08	4.048644e-01	4.021053e-01	-2.89475e-11	
572	2.707500e-08	4.048644e-01	4.022818e-01	-2.71822e-11	
573	2.712500e-08	4.048644e-01	4.024475e-01	-2.55245e-11	
574	2.717500e-08	4.048644e-01	4.026032e-01	-2.39680e-11	
575	2.722500e-08	4.048644e-01	4.027494e-01	-2.25063e-11	
576	2.727500e-08	4.048644e-01	4.028866e-01	-2.11338e-11	

Index   time            v(cell)         v(bl)           vpre#branch     
--------------------------------------------------------------------------------
577	2.732500e-08	4.048644e-01	4.030155e-01	-1.98450e-11	
578	2.737500e-08	4.048644e-01	4.031365e-01	-1.86348e-11	
579	2.742500e-08	4.048644e-01	4.032502e-01	-1.74984e-11	
580	2.747500e-08	4.048644e-01	4.033569e-01	-1.64313e-11	
581	2.752500e-08	4.048644e-01	4.034571e-01	-1.54292e-11	
582	2.757500e-08	4.048644e-01	4.035512e-01	-1.44883e-11	
583	2.762500e-08	4.048644e-01	4.036395e-01	-1.36048e-11	
584	2.767500e-08	4.048644e-01	4.037225e-01	-1.27751e-11	
585	2.772500e-08	4.048644e-01	4.038004e-01	-1.19960e-11	
586	2.777500e-08	4.048644e-01	4.038736e-01	-1.12645e-11	
587	2.782500e-08	4.048644e-01	4.039422e-01	-1.05775e-11	
588	2.787500e-08	4.048644e-01	4.040068e-01	-9.93249e-12	
589	2.792500e-08	4.048644e-01	4.040673e-01	-9.32678e-12	
590	2.797500e-08	4.048644e-01	4.041242e-01	-8.75800e-12	
591	2.802500e-08	4.048644e-01	4.041776e-01	-8.22391e-12	
592	2.807500e-08	4.048644e-01	4.042278e-01	-7.72239e-12	
593	2.812500e-08	4.048644e-01	4.042749e-01	-7.25145e-12	
594	2.817500e-08	4.048644e-01	4.043191e-01	-6.80924e-12	
595	2.822500e-08	4.048644e-01	4.043606e-01	-6.39399e-12	
596	2.827500e-08	4.048644e-01	4.043996e-01	-6.00406e-12	
597	2.832500e-08	4.048644e-01	4.044362e-01	-5.63792e-12	
598	2.837500e-08	4.048644e-01	4.044706e-01	-5.29410e-12	
599	2.842500e-08	4.048644e-01	4.045029e-01	-4.97125e-12	
600	2.847500e-08	4.048644e-01	4.045332e-01	-4.66808e-12	
601	2.852500e-08	4.048644e-01	4.045617e-01	-4.38341e-12	
602	2.857500e-08	4.048644e-01	4.045884e-01	-4.11610e-12	
603	2.862500e-08	4.048644e-01	4.046135e-01	-3.86508e-12	
604	2.867500e-08	4.048644e-01	4.046371e-01	-3.62938e-12	
605	2.872500e-08	4.048644e-01	4.046592e-01	-3.40805e-12	
606	2.877500e-08	4.048644e-01	4.046800e-01	-3.20021e-12	
607	2.882500e-08	4.048644e-01	4.046995e-01	-3.00505e-12	
608	2.887500e-08	4.048644e-01	4.047178e-01	-2.82180e-12	
609	2.892500e-08	4.048644e-01	4.047350e-01	-2.64971e-12	
610	2.897500e-08	4.048644e-01	4.047512e-01	-2.48813e-12	
611	2.902500e-08	4.048644e-01	4.047664e-01	-2.33639e-12	
612	2.907500e-08	4.048644e-01	4.047806e-01	-2.19391e-12	
613	2.912500e-08	4.048644e-01	4.047940e-01	-2.06012e-12	
614	2.917500e-08	4.048644e-01	4.048066e-01	-1.93449e-12	
615	2.922500e-08	4.048644e-01	4.048183e-01	-1.81652e-12	
616	2.927500e-08	4.048644e-01	4.048294e-01	-1.70574e-12	
617	2.932500e-08	4.048644e-01	4.048398e-01	-1.60172e-12	
618	2.937500e-08	4.048644e-01	4.048496e-01	-1.50404e-12	
619	2.942500e-08	4.048644e-01	4.048588e-01	-1.41232e-12	
620	2.947500e-08	4.048644e-01	4.048674e-01	-1.32619e-12	
621	2.952500e-08	4.048644e-01	4.048755e-01	-1.24532e-12	
622	2.957500e-08	4.048644e-01	4.048831e-01	-1.16937e-12	
623	2.962500e-08	4.048644e-01	4.048902e-01	-1.09806e-12	
624	2.967500e-08	4.048644e-01	4.048969e-01	-1.03110e-12	
625	2.972500e-08	4.048644e-01	4.049032e-01	-9.68218e-13	
626	2.977500e-08	4.048644e-01	4.049091e-01	-9.09173e-13	
627	2.982500e-08	4.048644e-01	4.049146e-01	-8.53729e-13	
628	2.987500e-08	4.048644e-01	4.049198e-01	-8.01666e-13	
629	2.992500e-08	4.048644e-01	4.049247e-01	-7.52777e-13	
630	2.997500e-08	4.048644e-01	4.049293e-01	-7.06871e-13	
631	3.002500e-08	4.048644e-01	4.049336e-01	-6.63764e-13	
632	3.007500e-08	4.048644e-01	4.049377e-01	-6.23285e-13	
633	3.012500e-08	4.048644e-01	4.049415e-01	-5.85275e-13	
634	3.017500e-08	4.048644e-01	4.049450e-01	-5.49583e-13	

Index   time            v(cell)         v(bl)           vpre#branch     
--------------------------------------------------------------------------------
635	3.022500e-08	4.048644e-01	4.049484e-01	-5.16068e-13	
636	3.027500e-08	4.048644e-01	4.049515e-01	-4.84597e-13	
637	3.032500e-08	4.048644e-01	4.049545e-01	-4.55044e-13	
638	3.037500e-08	4.048644e-01	4.049573e-01	-4.27294e-13	
639	3.042500e-08	4.048644e-01	4.049599e-01	-4.01237e-13	
640	3.047500e-08	4.048644e-01	4.049623e-01	-3.76768e-13	
641	3.052500e-08	4.048644e-01	4.049646e-01	-3.53791e-13	
642	3.057500e-08	4.048644e-01	4.049668e-01	-3.32216e-13	
643	3.062500e-08	4.048644e-01	4.049688e-01	-3.11956e-13	
644	3.067500e-08	4.048644e-01	4.049707e-01	-2.92932e-13	
645	3.072500e-08	4.048644e-01	4.049725e-01	-2.75068e-13	
646	3.077500e-08	4.048644e-01	4.049742e-01	-2.58294e-13	
647	3.082500e-08	4.048644e-01	4.049757e-01	-2.42542e-13	
648	3.087500e-08	4.048644e-01	4.049772e-01	-2.27751e-13	
649	3.092500e-08	4.048644e-01	4.049786e-01	-2.13862e-13	
650	3.097500e-08	4.048644e-01	4.049799e-01	-2.00820e-13	
651	3.102500e-08	4.048644e-01	4.049811e-01	-1.88574e-13	
652	3.107500e-08	4.048644e-01	4.049823e-01	-1.77074e-13	
653	3.112500e-08	4.048644e-01	4.049834e-01	-1.66275e-13	
654	3.117500e-08	4.048644e-01	4.049844e-01	-1.56135e-13	
655	3.122500e-08	4.048644e-01	4.049853e-01	-1.46614e-13	
656	3.127500e-08	4.048644e-01	4.049862e-01	-1.37673e-13	
657	3.132500e-08	4.048644e-01	4.049871e-01	-1.29277e-13	
658	3.137500e-08	4.048644e-01	4.049879e-01	-1.21393e-13	
659	3.142500e-08	4.048644e-01	4.049886e-01	-1.13990e-13	
660	3.147500e-08	4.048644e-01	4.049893e-01	-1.07039e-13	
661	3.152500e-08	4.048644e-01	4.049899e-01	-1.00511e-13	
662	3.157500e-08	4.048644e-01	4.049906e-01	-9.43820e-14	
663	3.162500e-08	4.048644e-01	4.049911e-01	-8.86263e-14	
664	3.167500e-08	4.048644e-01	4.049917e-01	-8.32216e-14	
665	3.172500e-08	4.048644e-01	4.049922e-01	-7.81465e-14	
666	3.177500e-08	4.048644e-01	4.049927e-01	-7.33809e-14	
667	3.182500e-08	4.048644e-01	4.049931e-01	-6.89059e-14	
668	3.187500e-08	4.048644e-01	4.049935e-01	-6.47038e-14	
669	3.192500e-08	4.048644e-01	4.049939e-01	-6.07580e-14	
670	3.197500e-08	4.048644e-01	4.049943e-01	-5.70528e-14	
671	3.202500e-08	4.048644e-01	4.049946e-01	-5.35735e-14	
672	3.207500e-08	4.048644e-01	4.049950e-01	-5.03065e-14	
673	3.212500e-08	4.048644e-01	4.049953e-01	-4.72386e-14	
674	3.217500e-08	4.048644e-01	4.049956e-01	-4.43579e-14	
675	3.222500e-08	4.048644e-01	4.049958e-01	-4.16528e-14	
676	3.227500e-08	4.048644e-01	4.049961e-01	-3.91127e-14	
677	3.232500e-08	4.048644e-01	4.049963e-01	-3.67275e-14	
678	3.237500e-08	4.048644e-01	4.049966e-01	-3.44878e-14	
679	3.242500e-08	4.048644e-01	4.049968e-01	-3.23846e-14	
680	3.247500e-08	4.048644e-01	4.049970e-01	-3.04097e-14	
681	3.252500e-08	4.048644e-01	4.049971e-01	-2.85552e-14	
682	3.257500e-08	4.048644e-01	4.049973e-01	-2.68139e-14	
683	3.262500e-08	4.048644e-01	4.049975e-01	-2.51787e-14	
684	3.267500e-08	4.048644e-01	4.049976e-01	-2.36432e-14	
685	3.272500e-08	4.048644e-01	4.049978e-01	-2.22014e-14	
686	3.277500e-08	4.048644e-01	4.049979e-01	-2.08475e-14	
687	3.282500e-08	4.048644e-01	4.049980e-01	-1.95762e-14	
688	3.287500e-08	4.048644e-01	4.049982e-01	-1.83824e-14	
689	3.292500e-08	4.048644e-01	4.049983e-01	-1.72614e-14	
690	3.297500e-08	4.048644e-01	4.049984e-01	-1.62087e-14	
691	3.302500e-08	4.048644e-01	4.049985e-01	-1.52203e-14	
692	3.307500e-08	4.048644e-01	4.049986e-01	-1.42921e-14	

Index   time            v(cell)         v(bl)           vpre#branch     
--------------------------------------------------------------------------------
693	3.312500e-08	4.048644e-01	4.049987e-01	-1.34206e-14	
694	3.317500e-08	4.048644e-01	4.049987e-01	-1.26022e-14	
695	3.322500e-08	4.048644e-01	4.049988e-01	-1.18336e-14	
696	3.327500e-08	4.048644e-01	4.049989e-01	-1.11120e-14	
697	3.332500e-08	4.048644e-01	4.049990e-01	-1.04344e-14	
698	3.337500e-08	4.048644e-01	4.049990e-01	-9.79808e-15	
699	3.342500e-08	4.048644e-01	4.049991e-01	-9.20057e-15	
700	3.347500e-08	4.048644e-01	4.049991e-01	-8.63951e-15	
701	3.352500e-08	4.048644e-01	4.049992e-01	-8.11266e-15	
702	3.357500e-08	4.048644e-01	4.049992e-01	-7.61794e-15	
703	3.362500e-08	4.048644e-01	4.049993e-01	-7.15339e-15	
704	3.367500e-08	4.048644e-01	4.049993e-01	-6.71717e-15	
705	3.372500e-08	4.048644e-01	4.049994e-01	-6.30755e-15	
706	3.377500e-08	4.048644e-01	4.049994e-01	-5.92291e-15	
707	3.382500e-08	4.048644e-01	4.049994e-01	-5.56173e-15	
708	3.387500e-08	4.048644e-01	4.049995e-01	-5.22257e-15	
709	3.392500e-08	4.048644e-01	4.049995e-01	-4.90410e-15	
710	3.397500e-08	4.048644e-01	4.049995e-01	-4.60505e-15	
711	3.402500e-08	4.048644e-01	4.049996e-01	-4.32423e-15	
712	3.407500e-08	4.048644e-01	4.049996e-01	-4.06054e-15	
713	3.412500e-08	4.048644e-01	4.049996e-01	-3.81293e-15	
714	3.417500e-08	4.048644e-01	4.049996e-01	-3.58043e-15	
715	3.422500e-08	4.048644e-01	4.049997e-01	-3.36210e-15	
716	3.427500e-08	4.048644e-01	4.049997e-01	-3.15708e-15	
717	3.432500e-08	4.048644e-01	4.049997e-01	-2.96457e-15	
718	3.437500e-08	4.048644e-01	4.049997e-01	-2.78379e-15	
719	3.442500e-08	4.048644e-01	4.049997e-01	-2.61404e-15	
720	3.447500e-08	4.048644e-01	4.049998e-01	-2.45465e-15	
721	3.452500e-08	4.048644e-01	4.049998e-01	-2.30497e-15	
722	3.457500e-08	4.048644e-01	4.049998e-01	-2.16442e-15	
723	3.462500e-08	4.048644e-01	4.049998e-01	-2.03245e-15	
724	3.467500e-08	4.048644e-01	4.049998e-01	-1.90852e-15	
725	3.472500e-08	4.048644e-01	4.049998e-01	-1.79215e-15	
726	3.477500e-08	4.048644e-01	4.049998e-01	-1.68287e-15	
727	3.482500e-08	4.048644e-01	4.049998e-01	-1.58026e-15	
728	3.487500e-08	4.048644e-01	4.049999e-01	-1.48391e-15	
729	3.492500e-08	4.048644e-01	4.049999e-01	-1.39343e-15	
730	3.497500e-08	4.048644e-01	4.049999e-01	-1.30847e-15	
731	3.502500e-08	4.048644e-01	4.049999e-01	-1.22869e-15	
732	3.507500e-08	4.048644e-01	4.049999e-01	-1.15377e-15	
733	3.512500e-08	4.048644e-01	4.049999e-01	-1.08343e-15	
734	3.517500e-08	4.048644e-01	4.049999e-01	-1.01737e-15	
735	3.522500e-08	4.048644e-01	4.049999e-01	-9.55348e-16	
736	3.527500e-08	4.048644e-01	4.049999e-01	-8.97103e-16	
737	3.532500e-08	4.048644e-01	4.049999e-01	-8.42411e-16	
738	3.537500e-08	4.048644e-01	4.049999e-01	-7.91054e-16	
739	3.542500e-08	4.048644e-01	4.049999e-01	-7.42828e-16	
740	3.547500e-08	4.048644e-01	4.049999e-01	-6.97544e-16	
741	3.552500e-08	4.048644e-01	4.049999e-01	-6.55021e-16	
742	3.557500e-08	4.048644e-01	4.049999e-01	-6.15092e-16	
743	3.562500e-08	4.048644e-01	4.049999e-01	-5.77597e-16	
744	3.567500e-08	4.048644e-01	4.049999e-01	-5.42390e-16	
745	3.572500e-08	4.048644e-01	4.049999e-01	-5.09329e-16	
746	3.577500e-08	4.048644e-01	4.050000e-01	-4.78284e-16	
747	3.582500e-08	4.048644e-01	4.050000e-01	-4.49132e-16	
748	3.587500e-08	4.048644e-01	4.050000e-01	-4.21759e-16	
749	3.592500e-08	4.048644e-01	4.050000e-01	-3.96055e-16	
750	3.597500e-08	4.048644e-01	4.050000e-01	-3.71918e-16	

Index   time            v(cell)         v(bl)           vpre#branch     
--------------------------------------------------------------------------------
751	3.602500e-08	4.048644e-01	4.050000e-01	-3.49253e-16	
752	3.607500e-08	4.048644e-01	4.050000e-01	-3.27971e-16	
753	3.612500e-08	4.048644e-01	4.050000e-01	-3.07986e-16	
754	3.617500e-08	4.048644e-01	4.050000e-01	-2.89220e-16	
755	3.622500e-08	4.048644e-01	4.050000e-01	-2.71598e-16	
756	3.627500e-08	4.048644e-01	4.050000e-01	-2.55051e-16	
757	3.632500e-08	4.048644e-01	4.050000e-01	-2.39513e-16	
758	3.637500e-08	4.048644e-01	4.050000e-01	-2.24922e-16	
759	3.642500e-08	4.048644e-01	4.050000e-01	-2.11222e-16	
760	3.647500e-08	4.048644e-01	4.050000e-01	-1.98357e-16	
761	3.652500e-08	4.048644e-01	4.050000e-01	-1.86276e-16	
762	3.657500e-08	4.048644e-01	4.050000e-01	-1.74933e-16	
763	3.662500e-08	4.048644e-01	4.050000e-01	-1.64281e-16	
764	3.667500e-08	4.048644e-01	4.050000e-01	-1.54278e-16	
765	3.672500e-08	4.048644e-01	4.050000e-01	-1.44886e-16	
766	3.677500e-08	4.048644e-01	4.050000e-01	-1.36066e-16	
767	3.682500e-08	4.048644e-01	4.050000e-01	-1.27784e-16	
768	3.687500e-08	4.048644e-01	4.050000e-01	-1.20007e-16	
769	3.692500e-08	4.048644e-01	4.050000e-01	-1.12703e-16	
770	3.697500e-08	4.048644e-01	4.050000e-01	-1.05846e-16	
771	3.702500e-08	4.048644e-01	4.050000e-01	-9.94071e-17	
772	3.707500e-08	4.048644e-01	4.050000e-01	-9.33609e-17	
773	3.712500e-08	4.048644e-01	4.050000e-01	-8.76834e-17	
774	3.717500e-08	4.048644e-01	4.050000e-01	-8.23522e-17	
775	3.722500e-08	4.048644e-01	4.050000e-01	-7.73461e-17	
776	3.727500e-08	4.048644e-01	4.050000e-01	-7.26448e-17	
777	3.732500e-08	4.048644e-01	4.050000e-01	-6.82303e-17	
778	3.737500e-08	4.048644e-01	4.050000e-01	-6.40854e-17	
779	3.742500e-08	4.048644e-01	4.050000e-01	-6.01928e-17	
780	3.747500e-08	4.048644e-01	4.050000e-01	-5.65376e-17	
781	3.752500e-08	4.048644e-01	4.050000e-01	-5.31058e-17	
782	3.757500e-08	4.048644e-01	4.050000e-01	-4.98832e-17	
783	3.762500e-08	4.048644e-01	4.050000e-01	-4.68571e-17	
784	3.767500e-08	4.048644e-01	4.050000e-01	-4.40156e-17	
785	3.772500e-08	4.048644e-01	4.050000e-01	-4.13474e-17	
786	3.777500e-08	4.048644e-01	4.050000e-01	-3.88419e-17	
787	3.782500e-08	4.048644e-01	4.050000e-01	-3.64887e-17	
788	3.787500e-08	4.048644e-01	4.050000e-01	-3.42791e-17	
789	3.792500e-08	4.048644e-01	4.050000e-01	-3.22046e-17	
790	3.797500e-08	4.048644e-01	4.050000e-01	-3.02563e-17	
791	3.802500e-08	4.048644e-01	4.050000e-01	-2.84263e-17	
792	3.807500e-08	4.048644e-01	4.050000e-01	-2.67083e-17	
793	3.812500e-08	4.048644e-01	4.050000e-01	-2.50955e-17	
794	3.817500e-08	4.048644e-01	4.050000e-01	-2.35811e-17	
795	3.822500e-08	4.048644e-01	4.050000e-01	-2.21590e-17	
796	3.827500e-08	4.048644e-01	4.050000e-01	-2.08237e-17	
797	3.832500e-08	4.048644e-01	4.050000e-01	-1.95698e-17	
798	3.837500e-08	4.048644e-01	4.050000e-01	-1.83923e-17	
799	3.842500e-08	4.048644e-01	4.050000e-01	-1.72867e-17	
800	3.847500e-08	4.048644e-01	4.050000e-01	-1.62485e-17	
801	3.852500e-08	4.048644e-01	4.050000e-01	-1.52732e-17	
802	3.857500e-08	4.048644e-01	4.050000e-01	-1.43573e-17	
803	3.862500e-08	4.048644e-01	4.050000e-01	-1.34977e-17	
804	3.867500e-08	4.048644e-01	4.050000e-01	-1.26906e-17	
805	3.872500e-08	4.048644e-01	4.050000e-01	-1.19327e-17	
806	3.877500e-08	4.048644e-01	4.050000e-01	-1.12209e-17	
807	3.882500e-08	4.048644e-01	4.050000e-01	-1.05526e-17	
808	3.887500e-08	4.048644e-01	4.050000e-01	-9.92508e-18	

Index   time            v(cell)         v(bl)           vpre#branch     
--------------------------------------------------------------------------------
809	3.892500e-08	4.048644e-01	4.050000e-01	-9.33579e-18	
810	3.897500e-08	4.048644e-01	4.050000e-01	-8.78203e-18	
811	3.902500e-08	4.048644e-01	4.050000e-01	-8.26204e-18	
812	3.907500e-08	4.048644e-01	4.050000e-01	-7.77418e-18	
813	3.912500e-08	4.048644e-01	4.050000e-01	-7.31565e-18	
814	3.917500e-08	4.048644e-01	4.050000e-01	-6.88508e-18	
815	3.922500e-08	4.048644e-01	4.050000e-01	-6.48119e-18	
816	3.927500e-08	4.048644e-01	4.050000e-01	-6.10192e-18	
817	3.932500e-08	4.048644e-01	4.050000e-01	-5.74579e-18	
818	3.937500e-08	4.048644e-01	4.050000e-01	-5.41137e-18	
819	3.942500e-08	4.048644e-01	4.050000e-01	-5.09735e-18	
820	3.947500e-08	4.048644e-01	4.050000e-01	-4.80247e-18	
821	3.952500e-08	4.048644e-01	4.050000e-01	-4.52558e-18	
822	3.957500e-08	4.048644e-01	4.050000e-01	-4.26558e-18	
823	3.962500e-08	4.048644e-01	4.050000e-01	-4.02143e-18	
824	3.967500e-08	4.048644e-01	4.050000e-01	-3.79176e-18	
825	3.972500e-08	4.048644e-01	4.050000e-01	-3.57609e-18	
826	3.977500e-08	4.048644e-01	4.050000e-01	-3.37399e-18	
827	3.982500e-08	4.048644e-01	4.050000e-01	-3.18421e-18	
828	3.987500e-08	4.048644e-01	4.050000e-01	-3.00600e-18	
829	3.992500e-08	4.048644e-01	4.050000e-01	-2.83867e-18	
830	3.996250e-08	4.048644e-01	4.050000e-01	-2.71995e-18	
831	4.000000e-08	4.048644e-01	4.050000e-01	-2.60657e-18	


Total analysis time (seconds) = 0.0567306

Total elapsed time (seconds) = 0.066 

Total DRAM available = 386307.215 MB.
DRAM currently available = 14049.852 MB.
Maximum ngspice program size =  529.719 MB.
Current ngspice program size =   14.281 MB.

Shared ngspice pages =   12.461 MB.
Text (code) pages =    6.266 MB.
Stack = 0 bytes.
Library pages =   59.137 MB.

