
Note: No compatibility mode selected!


Circuit: * 1t1c ccell=20.0ff

Doing analysis at TEMP = 125.000000 and TNOM = 27.000000

Using SPARSE 1.3 as Direct Linear Solver

Initial Transient Solution
--------------------------

Node                                   Voltage
----                                   -------
pre                                      0.405
bl                                       0.405
wl                                           0
plate                                        0
s                                            0
cell                                         0
vs#branch                                    0
vpl#branch                                   0
vwl#branch                                   0
vpre#branch                                  0


No. of Data Rows : 832

  Measurements for Transient Analysis

t_write             =  1.90036e-09
t_read              =  2.28819e-08
i_hold              =  -2.49268e-11 from=  2.50000e-08 to=  3.50250e-08
q_read              =   1.00292e-19 from=  1.20000e-08 to=  2.20000e-08

                              * 1t1c ccell=20.0ff
                              Transient Analysis  Tue Jun 23 23:59:20  2026
--------------------------------------------------------------------------------
Index   time            v(cell)         v(bl)           vpre#branch     
--------------------------------------------------------------------------------
0	0.000000e+00	0.000000e+00	4.050000e-01	0.000000e+00	
1	5.000000e-13	4.937554e-10	4.049987e-01	-1.33367e-14	
2	1.000000e-12	9.874969e-10	4.049974e-01	-2.57481e-14	
3	2.000000e-12	1.974975e-09	4.049949e-01	-5.05553e-14	
4	4.000000e-12	3.949916e-09	4.049900e-01	-1.00076e-13	
5	8.000000e-12	7.899736e-09	4.049801e-01	-1.98742e-13	
6	1.600000e-11	1.579912e-08	4.049605e-01	-3.94586e-13	
7	3.200000e-11	3.159691e-08	4.049220e-01	-7.80396e-13	
8	6.400000e-11	6.318861e-08	4.048471e-01	-1.52908e-12	
9	1.140000e-10	1.125407e-07	4.047360e-01	-2.64017e-12	
10	1.640000e-10	1.618814e-07	4.046317e-01	-3.68321e-12	
11	2.140000e-10	2.112113e-07	4.045338e-01	-4.66239e-12	
12	2.640000e-10	2.605311e-07	4.044418e-01	-5.58161e-12	
13	3.140000e-10	3.098414e-07	4.043555e-01	-6.44454e-12	
14	3.640000e-10	3.591427e-07	4.042745e-01	-7.25462e-12	
15	4.140000e-10	4.084357e-07	4.041985e-01	-8.01510e-12	
16	4.640000e-10	4.577209e-07	4.041271e-01	-8.72902e-12	
17	5.140000e-10	5.069986e-07	4.040601e-01	-9.39921e-12	
18	5.640000e-10	5.562695e-07	4.039972e-01	-1.00284e-11	
19	6.140000e-10	6.055338e-07	4.039381e-01	-1.06190e-11	
20	6.640000e-10	6.547920e-07	4.038827e-01	-1.11735e-11	
21	7.140000e-10	7.040445e-07	4.038306e-01	-1.16940e-11	
22	7.640000e-10	7.532916e-07	4.037817e-01	-1.21826e-11	
23	8.140000e-10	8.025336e-07	4.037359e-01	-1.26413e-11	
24	8.640000e-10	8.517708e-07	4.036928e-01	-1.30719e-11	
25	9.140000e-10	9.010036e-07	4.036524e-01	-1.34762e-11	
26	9.570000e-10	9.433404e-07	4.036196e-01	-1.38040e-11	
27	1.000000e-09	9.856743e-07	4.035886e-01	-1.41144e-11	
28	1.005000e-09	4.049393e-03	4.035861e-01	-1.41390e-11	
29	1.015000e-09	1.214618e-02	4.035831e-01	-1.41690e-11	
30	1.035000e-09	2.833976e-02	4.035872e-01	-1.41285e-11	
31	1.075000e-09	6.072690e-02	4.036235e-01	-1.37651e-11	
32	1.125000e-09	1.012108e-01	4.036948e-01	-1.30525e-11	
33	1.175000e-09	1.416947e-01	4.037711e-01	-1.22887e-11	
34	1.225000e-09	1.821786e-01	4.038448e-01	-1.15522e-11	
35	1.275000e-09	2.226626e-01	4.039147e-01	-1.08528e-11	
36	1.325000e-09	2.631465e-01	4.039807e-01	-1.01930e-11	
37	1.375000e-09	3.036304e-01	4.040428e-01	-9.57218e-12	
38	1.425000e-09	3.441143e-01	4.041011e-01	-8.98873e-12	
39	1.475000e-09	3.845982e-01	4.041559e-01	-8.44068e-12	
40	1.525000e-09	4.250821e-01	4.042074e-01	-7.92594e-12	
41	1.575000e-09	4.655660e-01	4.042558e-01	-7.44245e-12	
42	1.625000e-09	5.060499e-01	4.043012e-01	-6.98835e-12	
43	1.675000e-09	5.465338e-01	4.043438e-01	-6.56193e-12	
44	1.725000e-09	5.870177e-01	4.043839e-01	-6.16148e-12	
45	1.775000e-09	6.275017e-01	4.044215e-01	-5.78542e-12	
46	1.825000e-09	6.679856e-01	4.044568e-01	-5.43225e-12	
47	1.875000e-09	7.084695e-01	4.044899e-01	-5.10057e-12	
48	1.925000e-09	7.489534e-01	4.045211e-01	-4.78907e-12	
49	1.962500e-09	7.793163e-01	4.045432e-01	-4.56798e-12	
50	2.000000e-09	8.096793e-01	4.045643e-01	-4.35704e-12	
51	2.005000e-09	8.096792e-01	4.045670e-01	-4.32975e-12	
52	2.015000e-09	8.096792e-01	4.045724e-01	-4.27550e-12	
53	2.035000e-09	8.096792e-01	4.045831e-01	-4.16904e-12	
54	2.075000e-09	8.096792e-01	4.046036e-01	-3.96394e-12	

Index   time            v(cell)         v(bl)           vpre#branch     
--------------------------------------------------------------------------------
55	2.125000e-09	8.096792e-01	4.046278e-01	-3.72165e-12	
56	2.175000e-09	8.096792e-01	4.046506e-01	-3.49413e-12	
57	2.225000e-09	8.096792e-01	4.046720e-01	-3.28049e-12	
58	2.275000e-09	8.096792e-01	4.046920e-01	-3.07987e-12	
59	2.325000e-09	8.096792e-01	4.047109e-01	-2.89149e-12	
60	2.375000e-09	8.096792e-01	4.047285e-01	-2.71460e-12	
61	2.425000e-09	8.096792e-01	4.047452e-01	-2.54849e-12	
62	2.475000e-09	8.096792e-01	4.047607e-01	-2.39252e-12	
63	2.525000e-09	8.096792e-01	4.047754e-01	-2.24606e-12	
64	2.575000e-09	8.096792e-01	4.047891e-01	-2.10852e-12	
65	2.625000e-09	8.096792e-01	4.048021e-01	-1.97938e-12	
66	2.675000e-09	8.096792e-01	4.048142e-01	-1.85811e-12	
67	2.725000e-09	8.096792e-01	4.048256e-01	-1.74424e-12	
68	2.775000e-09	8.096792e-01	4.048363e-01	-1.63731e-12	
69	2.825000e-09	8.096792e-01	4.048463e-01	-1.53690e-12	
70	2.875000e-09	8.096792e-01	4.048557e-01	-1.44262e-12	
71	2.925000e-09	8.096792e-01	4.048646e-01	-1.35408e-12	
72	2.975000e-09	8.096792e-01	4.048729e-01	-1.27095e-12	
73	3.025000e-09	8.096792e-01	4.048807e-01	-1.19288e-12	
74	3.075000e-09	8.096792e-01	4.048880e-01	-1.11958e-12	
75	3.125000e-09	8.096792e-01	4.048949e-01	-1.05074e-12	
76	3.175000e-09	8.096792e-01	4.049014e-01	-9.86108e-13	
77	3.225000e-09	8.096792e-01	4.049075e-01	-9.25414e-13	
78	3.275000e-09	8.096792e-01	4.049132e-01	-8.68420e-13	
79	3.325000e-09	8.096792e-01	4.049185e-01	-8.14903e-13	
80	3.375000e-09	8.096792e-01	4.049235e-01	-7.64649e-13	
81	3.425000e-09	8.096792e-01	4.049283e-01	-7.17460e-13	
82	3.475000e-09	8.096792e-01	4.049327e-01	-6.73148e-13	
83	3.525000e-09	8.096792e-01	4.049368e-01	-6.31539e-13	
84	3.575000e-09	8.096792e-01	4.049408e-01	-5.92468e-13	
85	3.625000e-09	8.096792e-01	4.049444e-01	-5.55779e-13	
86	3.675000e-09	8.096792e-01	4.049479e-01	-5.21327e-13	
87	3.725000e-09	8.096792e-01	4.049511e-01	-4.88977e-13	
88	3.775000e-09	8.096792e-01	4.049541e-01	-4.58599e-13	
89	3.825000e-09	8.096792e-01	4.049570e-01	-4.30074e-13	
90	3.875000e-09	8.096792e-01	4.049597e-01	-4.03289e-13	
91	3.925000e-09	8.096792e-01	4.049622e-01	-3.78137e-13	
92	3.975000e-09	8.096792e-01	4.049645e-01	-3.54519e-13	
93	4.025000e-09	8.096792e-01	4.049668e-01	-3.32341e-13	
94	4.075000e-09	8.096792e-01	4.049688e-01	-3.11515e-13	
95	4.125000e-09	8.096792e-01	4.049708e-01	-2.91960e-13	
96	4.175000e-09	8.096792e-01	4.049726e-01	-2.73597e-13	
97	4.225000e-09	8.096792e-01	4.049744e-01	-2.56355e-13	
98	4.275000e-09	8.096792e-01	4.049760e-01	-2.40163e-13	
99	4.325000e-09	8.096792e-01	4.049775e-01	-2.24959e-13	
100	4.375000e-09	8.096792e-01	4.049789e-01	-2.10682e-13	
101	4.425000e-09	8.096792e-01	4.049803e-01	-1.97276e-13	
102	4.475000e-09	8.096792e-01	4.049815e-01	-1.84688e-13	
103	4.525000e-09	8.096792e-01	4.049827e-01	-1.72867e-13	
104	4.575000e-09	8.096792e-01	4.049838e-01	-1.61767e-13	
105	4.625000e-09	8.096792e-01	4.049849e-01	-1.51344e-13	
106	4.675000e-09	8.096792e-01	4.049858e-01	-1.41556e-13	
107	4.725000e-09	8.096792e-01	4.049868e-01	-1.32366e-13	
108	4.775000e-09	8.096792e-01	4.049876e-01	-1.23736e-13	
109	4.825000e-09	8.096792e-01	4.049884e-01	-1.15632e-13	
110	4.875000e-09	8.096792e-01	4.049892e-01	-1.08023e-13	
111	4.925000e-09	8.096792e-01	4.049899e-01	-1.00877e-13	
112	4.975000e-09	8.096792e-01	4.049906e-01	-9.41673e-14	

Index   time            v(cell)         v(bl)           vpre#branch     
--------------------------------------------------------------------------------
113	5.025000e-09	8.096792e-01	4.049912e-01	-8.78668e-14	
114	5.075000e-09	8.096792e-01	4.049918e-01	-8.19505e-14	
115	5.125000e-09	8.096792e-01	4.049924e-01	-7.63949e-14	
116	5.175000e-09	8.096792e-01	4.049929e-01	-7.11782e-14	
117	5.225000e-09	8.096792e-01	4.049934e-01	-6.62796e-14	
118	5.275000e-09	8.096792e-01	4.049938e-01	-6.16798e-14	
119	5.325000e-09	8.096792e-01	4.049943e-01	-5.73604e-14	
120	5.375000e-09	8.096792e-01	4.049947e-01	-5.33045e-14	
121	5.425000e-09	8.096792e-01	4.049951e-01	-4.94959e-14	
122	5.475000e-09	8.096792e-01	4.049954e-01	-4.59196e-14	
123	5.525000e-09	8.096792e-01	4.049957e-01	-4.25614e-14	
124	5.575000e-09	8.096792e-01	4.049961e-01	-3.94080e-14	
125	5.625000e-09	8.096792e-01	4.049964e-01	-3.64469e-14	
126	5.675000e-09	8.096792e-01	4.049966e-01	-3.36663e-14	
127	5.725000e-09	8.096792e-01	4.049969e-01	-3.10554e-14	
128	5.775000e-09	8.096792e-01	4.049971e-01	-2.86036e-14	
129	5.825000e-09	8.096792e-01	4.049974e-01	-2.63014e-14	
130	5.875000e-09	8.096792e-01	4.049976e-01	-2.41396e-14	
131	5.925000e-09	8.096792e-01	4.049978e-01	-2.21096e-14	
132	5.975000e-09	8.096792e-01	4.049980e-01	-2.02034e-14	
133	6.025000e-09	8.096792e-01	4.049982e-01	-1.84135e-14	
134	6.075000e-09	8.096792e-01	4.049983e-01	-1.67327e-14	
135	6.125000e-09	8.096792e-01	4.049985e-01	-1.51544e-14	
136	6.175000e-09	8.096792e-01	4.049986e-01	-1.36724e-14	
137	6.225000e-09	8.096792e-01	4.049988e-01	-1.22807e-14	
138	6.275000e-09	8.096792e-01	4.049989e-01	-1.09739e-14	
139	6.325000e-09	8.096792e-01	4.049990e-01	-9.74685e-15	
140	6.375000e-09	8.096792e-01	4.049991e-01	-8.59459e-15	
141	6.425000e-09	8.096792e-01	4.049992e-01	-7.51260e-15	
142	6.475000e-09	8.096792e-01	4.049994e-01	-6.49660e-15	
143	6.525000e-09	8.096792e-01	4.049994e-01	-5.54255e-15	
144	6.575000e-09	8.096792e-01	4.049995e-01	-4.64669e-15	
145	6.625000e-09	8.096792e-01	4.049996e-01	-3.80546e-15	
146	6.675000e-09	8.096792e-01	4.049997e-01	-3.01553e-15	
147	6.725000e-09	8.096792e-01	4.049998e-01	-2.27377e-15	
148	6.775000e-09	8.096792e-01	4.049998e-01	-1.57725e-15	
149	6.825000e-09	8.096792e-01	4.049999e-01	-9.23210e-16	
150	6.875000e-09	8.096792e-01	4.050000e-01	-3.09052e-16	
151	6.925000e-09	8.096792e-01	4.050000e-01	2.676516e-16	
152	6.962500e-09	8.096792e-01	4.050001e-01	6.769225e-16	
153	7.000000e-09	8.096792e-01	4.050001e-01	1.067331e-15	
154	7.005000e-09	7.894372e-01	4.050001e-01	1.114647e-15	
155	7.015000e-09	7.489533e-01	4.050001e-01	1.202817e-15	
156	7.035000e-09	6.679855e-01	4.050001e-01	1.343313e-15	
157	7.067500e-09	5.364128e-01	4.050001e-01	1.487614e-15	
158	7.100000e-09	4.048401e-01	4.050002e-01	1.556059e-15	
159	7.105000e-09	4.048401e-01	4.050002e-01	1.545955e-15	
160	7.115000e-09	4.048401e-01	4.050002e-01	1.525865e-15	
161	7.135000e-09	4.048401e-01	4.050001e-01	1.486433e-15	
162	7.175000e-09	4.048401e-01	4.050001e-01	1.410473e-15	
163	7.225000e-09	4.048401e-01	4.050001e-01	1.320734e-15	
164	7.275000e-09	4.048401e-01	4.050001e-01	1.236468e-15	
165	7.325000e-09	4.048401e-01	4.050001e-01	1.157341e-15	
166	7.375000e-09	4.048401e-01	4.050001e-01	1.083040e-15	
167	7.425000e-09	4.048401e-01	4.050001e-01	1.013269e-15	
168	7.475000e-09	4.048401e-01	4.050001e-01	9.477540e-16	
169	7.525000e-09	4.048401e-01	4.050001e-01	8.862340e-16	
170	7.575000e-09	4.048401e-01	4.050001e-01	8.284658e-16	

Index   time            v(cell)         v(bl)           vpre#branch     
--------------------------------------------------------------------------------
171	7.625000e-09	4.048401e-01	4.050001e-01	7.742205e-16	
172	7.675000e-09	4.048401e-01	4.050001e-01	7.232839e-16	
173	7.725000e-09	4.048401e-01	4.050001e-01	6.754534e-16	
174	7.775000e-09	4.048401e-01	4.050001e-01	6.305395e-16	
175	7.825000e-09	4.048401e-01	4.050001e-01	5.883646e-16	
176	7.875000e-09	4.048401e-01	4.050001e-01	5.487620e-16	
177	7.925000e-09	4.048401e-01	4.050001e-01	5.115749e-16	
178	7.975000e-09	4.048401e-01	4.050000e-01	4.766559e-16	
179	8.025000e-09	4.048401e-01	4.050000e-01	4.438662e-16	
180	8.075000e-09	4.048401e-01	4.050000e-01	4.130760e-16	
181	8.125000e-09	4.048401e-01	4.050000e-01	3.841638e-16	
182	8.175000e-09	4.048401e-01	4.050000e-01	3.570146e-16	
183	8.225000e-09	4.048401e-01	4.050000e-01	3.315208e-16	
184	8.275000e-09	4.048401e-01	4.050000e-01	3.075817e-16	
185	8.325000e-09	4.048401e-01	4.050000e-01	2.851021e-16	
186	8.375000e-09	4.048401e-01	4.050000e-01	2.639940e-16	
187	8.425000e-09	4.048401e-01	4.050000e-01	2.441734e-16	
188	8.475000e-09	4.048401e-01	4.050000e-01	2.255613e-16	
189	8.525000e-09	4.048401e-01	4.050000e-01	2.080839e-16	
190	8.575000e-09	4.048401e-01	4.050000e-01	1.916726e-16	
191	8.625000e-09	4.048401e-01	4.050000e-01	1.762626e-16	
192	8.675000e-09	4.048401e-01	4.050000e-01	1.617921e-16	
193	8.725000e-09	4.048401e-01	4.050000e-01	1.482037e-16	
194	8.775000e-09	4.048401e-01	4.050000e-01	1.354446e-16	
195	8.825000e-09	4.048401e-01	4.050000e-01	1.234631e-16	
196	8.875000e-09	4.048401e-01	4.050000e-01	1.122122e-16	
197	8.925000e-09	4.048401e-01	4.050000e-01	1.016477e-16	
198	8.975000e-09	4.048401e-01	4.050000e-01	9.172772e-17	
199	9.025000e-09	4.048401e-01	4.050000e-01	8.241229e-17	
200	9.075000e-09	4.048401e-01	4.050000e-01	7.366508e-17	
201	9.125000e-09	4.048401e-01	4.050000e-01	6.545166e-17	
202	9.175000e-09	4.048401e-01	4.050000e-01	5.773891e-17	
203	9.225000e-09	4.048401e-01	4.050000e-01	5.049653e-17	
204	9.275000e-09	4.048401e-01	4.050000e-01	4.369635e-17	
205	9.325000e-09	4.048401e-01	4.050000e-01	3.731039e-17	
206	9.375000e-09	4.048401e-01	4.050000e-01	3.131398e-17	
207	9.425000e-09	4.048401e-01	4.050000e-01	2.568327e-17	
208	9.475000e-09	4.048401e-01	4.050000e-01	2.039572e-17	
209	9.525000e-09	4.048401e-01	4.050000e-01	1.543055e-17	
210	9.575000e-09	4.048401e-01	4.050000e-01	1.076869e-17	
211	9.625000e-09	4.048401e-01	4.050000e-01	6.391149e-18	
212	9.675000e-09	4.048401e-01	4.050000e-01	2.280246e-18	
213	9.725000e-09	4.048401e-01	4.050000e-01	-1.58002e-18	
214	9.775000e-09	4.048401e-01	4.050000e-01	-5.20478e-18	
215	9.825000e-09	4.048401e-01	4.050000e-01	-8.60897e-18	
216	9.875000e-09	4.048401e-01	4.050000e-01	-1.18055e-17	
217	9.925000e-09	4.048401e-01	4.050000e-01	-1.48067e-17	
218	9.975000e-09	4.048401e-01	4.050000e-01	-1.76248e-17	
219	1.002500e-08	4.048401e-01	4.050000e-01	-2.02714e-17	
220	1.007500e-08	4.048401e-01	4.050000e-01	-2.27561e-17	
221	1.012500e-08	4.048401e-01	4.050000e-01	-2.50889e-17	
222	1.017500e-08	4.048401e-01	4.050000e-01	-2.72798e-17	
223	1.022500e-08	4.048401e-01	4.050000e-01	-2.93371e-17	
224	1.027500e-08	4.048401e-01	4.050000e-01	-3.12689e-17	
225	1.032500e-08	4.048401e-01	4.050000e-01	-3.30833e-17	
226	1.037500e-08	4.048401e-01	4.050000e-01	-3.47870e-17	
227	1.042500e-08	4.048401e-01	4.050000e-01	-3.63865e-17	
228	1.047500e-08	4.048401e-01	4.050000e-01	-3.78879e-17	

Index   time            v(cell)         v(bl)           vpre#branch     
--------------------------------------------------------------------------------
229	1.052500e-08	4.048401e-01	4.050000e-01	-3.92983e-17	
230	1.057500e-08	4.048401e-01	4.050000e-01	-4.06230e-17	
231	1.062500e-08	4.048401e-01	4.050000e-01	-4.18669e-17	
232	1.067500e-08	4.048401e-01	4.050000e-01	-4.30350e-17	
233	1.072500e-08	4.048401e-01	4.050000e-01	-4.41317e-17	
234	1.077500e-08	4.048401e-01	4.050000e-01	-4.51616e-17	
235	1.082500e-08	4.048401e-01	4.050000e-01	-4.61286e-17	
236	1.087500e-08	4.048401e-01	4.050000e-01	-4.70367e-17	
237	1.092500e-08	4.048401e-01	4.050000e-01	-4.78894e-17	
238	1.096250e-08	4.048401e-01	4.050000e-01	-4.84945e-17	
239	1.100000e-08	4.048401e-01	4.050000e-01	-4.90718e-17	
240	1.100500e-08	4.048417e-01	4.090245e-01	4.024492e-11	
241	1.101500e-08	4.048449e-01	4.170232e-01	1.202317e-10	
242	1.103500e-08	4.048514e-01	4.327224e-01	2.772240e-10	
243	1.107500e-08	4.048643e-01	4.629649e-01	5.796494e-10	
244	1.112500e-08	4.048803e-01	4.986933e-01	9.369326e-10	
245	1.117500e-08	4.048964e-01	5.322426e-01	1.272426e-09	
246	1.122500e-08	4.049125e-01	5.637458e-01	1.587458e-09	
247	1.127500e-08	4.049286e-01	5.933271e-01	1.883271e-09	
248	1.132500e-08	4.049447e-01	6.211027e-01	2.161027e-09	
249	1.137500e-08	4.049608e-01	6.471806e-01	2.421806e-09	
250	1.142500e-08	4.049769e-01	6.716592e-01	2.666592e-09	
251	1.147500e-08	4.049930e-01	6.946245e-01	2.896245e-09	
252	1.152500e-08	4.050091e-01	7.161425e-01	3.111425e-09	
253	1.157500e-08	4.050253e-01	7.362109e-01	3.312109e-09	
254	1.162500e-08	4.050416e-01	7.547473e-01	3.497473e-09	
255	1.167500e-08	4.050582e-01	7.714992e-01	3.664992e-09	
256	1.172500e-08	4.050754e-01	7.857843e-01	3.807843e-09	
257	1.177500e-08	4.050938e-01	7.960413e-01	3.910413e-09	
258	1.182500e-08	4.051151e-01	7.989103e-01	3.939103e-09	
259	1.187500e-08	4.051421e-01	7.876150e-01	3.826150e-09	
260	1.192500e-08	4.051803e-01	7.498226e-01	3.448226e-09	
261	1.196250e-08	4.052209e-01	6.935544e-01	2.885544e-09	
262	1.200000e-08	4.052767e-01	6.026925e-01	1.976925e-09	
263	1.200500e-08	4.052835e-01	5.845497e-01	1.795497e-09	
264	1.201500e-08	4.052966e-01	5.495444e-01	1.445444e-09	
265	1.203500e-08	4.053203e-01	4.868693e-01	8.186933e-10	
266	1.207500e-08	4.053505e-01	4.089609e-01	3.960918e-11	
267	1.212500e-08	4.053529e-01	4.028670e-01	-2.13302e-11	
268	1.217500e-08	4.053511e-01	4.073043e-01	2.304323e-11	
269	1.222500e-08	4.053525e-01	4.039146e-01	-1.08545e-11	
270	1.227500e-08	4.053514e-01	4.064756e-01	1.475629e-11	
271	1.232500e-08	4.053522e-01	4.045050e-01	-4.95003e-12	
272	1.237500e-08	4.053516e-01	4.060080e-01	1.007971e-11	
273	1.242500e-08	4.053520e-01	4.048516e-01	-1.48436e-12	
274	1.247500e-08	4.053517e-01	4.057364e-01	7.363535e-12	
275	1.252500e-08	4.053519e-01	4.050521e-01	5.207372e-13	
276	1.257500e-08	4.053517e-01	4.055742e-01	5.741648e-12	
277	1.262500e-08	4.053519e-01	4.051758e-01	1.757606e-12	
278	1.267500e-08	4.053517e-01	4.054826e-01	4.826109e-12	
279	1.272500e-08	4.053518e-01	4.052478e-01	2.478257e-12	
280	1.277500e-08	4.053517e-01	4.054284e-01	4.283924e-12	
281	1.282500e-08	4.053518e-01	4.052900e-01	2.900483e-12	
282	1.287500e-08	4.053517e-01	4.053963e-01	3.963438e-12	
283	1.292500e-08	4.053518e-01	4.053148e-01	3.148367e-12	
284	1.297500e-08	4.053517e-01	4.053774e-01	3.774233e-12	
285	1.302500e-08	4.053517e-01	4.053294e-01	3.294036e-12	
286	1.307500e-08	4.053517e-01	4.053663e-01	3.662599e-12	

Index   time            v(cell)         v(bl)           vpre#branch     
--------------------------------------------------------------------------------
287	1.312500e-08	4.053517e-01	4.053380e-01	3.379667e-12	
288	1.317500e-08	4.053517e-01	4.053597e-01	3.596738e-12	
289	1.322500e-08	4.053517e-01	4.053430e-01	3.429995e-12	
290	1.327500e-08	4.053517e-01	4.053558e-01	3.557864e-12	
291	1.332500e-08	4.053517e-01	4.053460e-01	3.459552e-12	
292	1.337500e-08	4.053517e-01	4.053535e-01	3.534893e-12	
293	1.342500e-08	4.053517e-01	4.053477e-01	3.476883e-12	
294	1.347500e-08	4.053517e-01	4.053521e-01	3.521292e-12	
295	1.352500e-08	4.053516e-01	4.053487e-01	3.487016e-12	
296	1.357500e-08	4.053516e-01	4.053513e-01	3.513210e-12	
297	1.362500e-08	4.053516e-01	4.053493e-01	3.492912e-12	
298	1.367500e-08	4.053516e-01	4.053508e-01	3.508378e-12	
299	1.372500e-08	4.053516e-01	4.053496e-01	3.496313e-12	
300	1.377500e-08	4.053516e-01	4.053505e-01	3.505461e-12	
301	1.382500e-08	4.053516e-01	4.053498e-01	3.498244e-12	
302	1.387500e-08	4.053516e-01	4.053504e-01	3.503671e-12	
303	1.392500e-08	4.053516e-01	4.053499e-01	3.499310e-12	
304	1.397500e-08	4.053516e-01	4.053503e-01	3.502545e-12	
305	1.402500e-08	4.053516e-01	4.053500e-01	3.499866e-12	
306	1.407500e-08	4.053516e-01	4.053502e-01	3.501810e-12	
307	1.412500e-08	4.053515e-01	4.053500e-01	3.500122e-12	
308	1.417500e-08	4.053515e-01	4.053501e-01	3.501306e-12	
309	1.422500e-08	4.053515e-01	4.053500e-01	3.500202e-12	
310	1.427500e-08	4.053515e-01	4.053501e-01	3.500937e-12	
311	1.432500e-08	4.053515e-01	4.053500e-01	3.500177e-12	
312	1.437500e-08	4.053515e-01	4.053501e-01	3.500648e-12	
313	1.442500e-08	4.053515e-01	4.053500e-01	3.500091e-12	
314	1.447500e-08	4.053515e-01	4.053500e-01	3.500406e-12	
315	1.452500e-08	4.053515e-01	4.053500e-01	3.499970e-12	
316	1.457500e-08	4.053515e-01	4.053500e-01	3.500191e-12	
317	1.462500e-08	4.053515e-01	4.053500e-01	3.499826e-12	
318	1.467500e-08	4.053514e-01	4.053500e-01	3.499993e-12	
319	1.472500e-08	4.053514e-01	4.053500e-01	3.499671e-12	
320	1.477500e-08	4.053514e-01	4.053500e-01	3.499805e-12	
321	1.482500e-08	4.053514e-01	4.053500e-01	3.499508e-12	
322	1.487500e-08	4.053514e-01	4.053500e-01	3.499622e-12	
323	1.492500e-08	4.053514e-01	4.053499e-01	3.499340e-12	
324	1.497500e-08	4.053514e-01	4.053499e-01	3.499443e-12	
325	1.502500e-08	4.053514e-01	4.053499e-01	3.499170e-12	
326	1.507500e-08	4.053514e-01	4.053499e-01	3.499265e-12	
327	1.512500e-08	4.053514e-01	4.053499e-01	3.498999e-12	
328	1.517500e-08	4.053514e-01	4.053499e-01	3.499089e-12	
329	1.522500e-08	4.053514e-01	4.053499e-01	3.498827e-12	
330	1.527500e-08	4.053513e-01	4.053499e-01	3.498914e-12	
331	1.532500e-08	4.053513e-01	4.053499e-01	3.498654e-12	
332	1.537500e-08	4.053513e-01	4.053499e-01	3.498738e-12	
333	1.542500e-08	4.053513e-01	4.053498e-01	3.498481e-12	
334	1.547500e-08	4.053513e-01	4.053499e-01	3.498564e-12	
335	1.552500e-08	4.053513e-01	4.053498e-01	3.498307e-12	
336	1.557500e-08	4.053513e-01	4.053498e-01	3.498389e-12	
337	1.562500e-08	4.053513e-01	4.053498e-01	3.498134e-12	
338	1.567500e-08	4.053513e-01	4.053498e-01	3.498214e-12	
339	1.572500e-08	4.053513e-01	4.053498e-01	3.497961e-12	
340	1.577500e-08	4.053513e-01	4.053498e-01	3.498040e-12	
341	1.582500e-08	4.053512e-01	4.053498e-01	3.497787e-12	
342	1.587500e-08	4.053512e-01	4.053498e-01	3.497865e-12	
343	1.592500e-08	4.053512e-01	4.053498e-01	3.497614e-12	
344	1.597500e-08	4.053512e-01	4.053498e-01	3.497691e-12	

Index   time            v(cell)         v(bl)           vpre#branch     
--------------------------------------------------------------------------------
345	1.602500e-08	4.053512e-01	4.053497e-01	3.497440e-12	
346	1.607500e-08	4.053512e-01	4.053498e-01	3.497516e-12	
347	1.612500e-08	4.053512e-01	4.053497e-01	3.497267e-12	
348	1.617500e-08	4.053512e-01	4.053497e-01	3.497342e-12	
349	1.622500e-08	4.053512e-01	4.053497e-01	3.497093e-12	
350	1.627500e-08	4.053512e-01	4.053497e-01	3.497167e-12	
351	1.632500e-08	4.053512e-01	4.053497e-01	3.496920e-12	
352	1.637500e-08	4.053512e-01	4.053497e-01	3.496993e-12	
353	1.642500e-08	4.053511e-01	4.053497e-01	3.496746e-12	
354	1.647500e-08	4.053511e-01	4.053497e-01	3.496818e-12	
355	1.652500e-08	4.053511e-01	4.053497e-01	3.496573e-12	
356	1.657500e-08	4.053511e-01	4.053497e-01	3.496644e-12	
357	1.662500e-08	4.053511e-01	4.053496e-01	3.496399e-12	
358	1.667500e-08	4.053511e-01	4.053496e-01	3.496469e-12	
359	1.672500e-08	4.053511e-01	4.053496e-01	3.496226e-12	
360	1.677500e-08	4.053511e-01	4.053496e-01	3.496295e-12	
361	1.682500e-08	4.053511e-01	4.053496e-01	3.496052e-12	
362	1.687500e-08	4.053511e-01	4.053496e-01	3.496121e-12	
363	1.692500e-08	4.053511e-01	4.053496e-01	3.495879e-12	
364	1.697500e-08	4.053510e-01	4.053496e-01	3.495946e-12	
365	1.702500e-08	4.053510e-01	4.053496e-01	3.495705e-12	
366	1.707500e-08	4.053510e-01	4.053496e-01	3.495772e-12	
367	1.712500e-08	4.053510e-01	4.053496e-01	3.495532e-12	
368	1.717500e-08	4.053510e-01	4.053496e-01	3.495597e-12	
369	1.722500e-08	4.053510e-01	4.053495e-01	3.495358e-12	
370	1.727500e-08	4.053510e-01	4.053495e-01	3.495423e-12	
371	1.732500e-08	4.053510e-01	4.053495e-01	3.495185e-12	
372	1.737500e-08	4.053510e-01	4.053495e-01	3.495249e-12	
373	1.742500e-08	4.053510e-01	4.053495e-01	3.495011e-12	
374	1.747500e-08	4.053510e-01	4.053495e-01	3.495074e-12	
375	1.752500e-08	4.053510e-01	4.053495e-01	3.494838e-12	
376	1.757500e-08	4.053509e-01	4.053495e-01	3.494900e-12	
377	1.762500e-08	4.053509e-01	4.053495e-01	3.494664e-12	
378	1.767500e-08	4.053509e-01	4.053495e-01	3.494726e-12	
379	1.772500e-08	4.053509e-01	4.053494e-01	3.494491e-12	
380	1.777500e-08	4.053509e-01	4.053495e-01	3.494551e-12	
381	1.782500e-08	4.053509e-01	4.053494e-01	3.494318e-12	
382	1.787500e-08	4.053509e-01	4.053494e-01	3.494377e-12	
383	1.792500e-08	4.053509e-01	4.053494e-01	3.494144e-12	
384	1.797500e-08	4.053509e-01	4.053494e-01	3.494203e-12	
385	1.802500e-08	4.053509e-01	4.053494e-01	3.493971e-12	
386	1.807500e-08	4.053509e-01	4.053494e-01	3.494029e-12	
387	1.812500e-08	4.053508e-01	4.053494e-01	3.493797e-12	
388	1.817500e-08	4.053508e-01	4.053494e-01	3.493854e-12	
389	1.822500e-08	4.053508e-01	4.053494e-01	3.493624e-12	
390	1.827500e-08	4.053508e-01	4.053494e-01	3.493680e-12	
391	1.832500e-08	4.053508e-01	4.053493e-01	3.493451e-12	
392	1.837500e-08	4.053508e-01	4.053494e-01	3.493506e-12	
393	1.842500e-08	4.053508e-01	4.053493e-01	3.493277e-12	
394	1.847500e-08	4.053508e-01	4.053493e-01	3.493332e-12	
395	1.852500e-08	4.053508e-01	4.053493e-01	3.493104e-12	
396	1.857500e-08	4.053508e-01	4.053493e-01	3.493158e-12	
397	1.862500e-08	4.053508e-01	4.053493e-01	3.492930e-12	
398	1.867500e-08	4.053507e-01	4.053493e-01	3.492983e-12	
399	1.872500e-08	4.053507e-01	4.053493e-01	3.492757e-12	
400	1.877500e-08	4.053507e-01	4.053493e-01	3.492809e-12	
401	1.882500e-08	4.053507e-01	4.053493e-01	3.492584e-12	
402	1.887500e-08	4.053507e-01	4.053493e-01	3.492635e-12	

Index   time            v(cell)         v(bl)           vpre#branch     
--------------------------------------------------------------------------------
403	1.892500e-08	4.053507e-01	4.053492e-01	3.492410e-12	
404	1.897500e-08	4.053507e-01	4.053492e-01	3.492461e-12	
405	1.902500e-08	4.053507e-01	4.053492e-01	3.492237e-12	
406	1.907500e-08	4.053507e-01	4.053492e-01	3.492287e-12	
407	1.912500e-08	4.053507e-01	4.053492e-01	3.492064e-12	
408	1.917500e-08	4.053507e-01	4.053492e-01	3.492113e-12	
409	1.922500e-08	4.053507e-01	4.053492e-01	3.491890e-12	
410	1.927500e-08	4.053506e-01	4.053492e-01	3.491938e-12	
411	1.932500e-08	4.053506e-01	4.053492e-01	3.491717e-12	
412	1.937500e-08	4.053506e-01	4.053492e-01	3.491764e-12	
413	1.942500e-08	4.053506e-01	4.053492e-01	3.491544e-12	
414	1.947500e-08	4.053506e-01	4.053492e-01	3.491590e-12	
415	1.952500e-08	4.053506e-01	4.053491e-01	3.491370e-12	
416	1.957500e-08	4.053506e-01	4.053491e-01	3.491416e-12	
417	1.962500e-08	4.053506e-01	4.053491e-01	3.491197e-12	
418	1.967500e-08	4.053506e-01	4.053491e-01	3.491242e-12	
419	1.972500e-08	4.053506e-01	4.053491e-01	3.491024e-12	
420	1.977500e-08	4.053506e-01	4.053491e-01	3.491068e-12	
421	1.982500e-08	4.053505e-01	4.053491e-01	3.490850e-12	
422	1.987500e-08	4.053505e-01	4.053491e-01	3.490894e-12	
423	1.992500e-08	4.053505e-01	4.053491e-01	3.490677e-12	
424	1.997500e-08	4.053505e-01	4.053491e-01	3.490720e-12	
425	2.002500e-08	4.053505e-01	4.053491e-01	3.490504e-12	
426	2.007500e-08	4.053505e-01	4.053491e-01	3.490546e-12	
427	2.012500e-08	4.053505e-01	4.053490e-01	3.490331e-12	
428	2.017500e-08	4.053505e-01	4.053490e-01	3.490372e-12	
429	2.022500e-08	4.053505e-01	4.053490e-01	3.490157e-12	
430	2.027500e-08	4.053505e-01	4.053490e-01	3.490198e-12	
431	2.032500e-08	4.053505e-01	4.053490e-01	3.489984e-12	
432	2.037500e-08	4.053505e-01	4.053490e-01	3.490024e-12	
433	2.042500e-08	4.053504e-01	4.053490e-01	3.489811e-12	
434	2.047500e-08	4.053504e-01	4.053490e-01	3.489850e-12	
435	2.052500e-08	4.053504e-01	4.053490e-01	3.489638e-12	
436	2.057500e-08	4.053504e-01	4.053490e-01	3.489676e-12	
437	2.062500e-08	4.053504e-01	4.053489e-01	3.489464e-12	
438	2.067500e-08	4.053504e-01	4.053490e-01	3.489502e-12	
439	2.072500e-08	4.053504e-01	4.053489e-01	3.489291e-12	
440	2.077500e-08	4.053504e-01	4.053489e-01	3.489328e-12	
441	2.082500e-08	4.053504e-01	4.053489e-01	3.489118e-12	
442	2.087500e-08	4.053504e-01	4.053489e-01	3.489154e-12	
443	2.092500e-08	4.053504e-01	4.053489e-01	3.488945e-12	
444	2.097500e-08	4.053503e-01	4.053489e-01	3.488980e-12	
445	2.102500e-08	4.053503e-01	4.053489e-01	3.488771e-12	
446	2.107500e-08	4.053503e-01	4.053489e-01	3.488806e-12	
447	2.112500e-08	4.053503e-01	4.053489e-01	3.488598e-12	
448	2.117500e-08	4.053503e-01	4.053489e-01	3.488632e-12	
449	2.122500e-08	4.053503e-01	4.053488e-01	3.488425e-12	
450	2.127500e-08	4.053503e-01	4.053488e-01	3.488458e-12	
451	2.132500e-08	4.053503e-01	4.053488e-01	3.488252e-12	
452	2.137500e-08	4.053503e-01	4.053488e-01	3.488284e-12	
453	2.142500e-08	4.053503e-01	4.053488e-01	3.488079e-12	
454	2.147500e-08	4.053503e-01	4.053488e-01	3.488110e-12	
455	2.152500e-08	4.053503e-01	4.053488e-01	3.487905e-12	
456	2.157500e-08	4.053502e-01	4.053488e-01	3.487937e-12	
457	2.162500e-08	4.053502e-01	4.053488e-01	3.487732e-12	
458	2.167500e-08	4.053502e-01	4.053488e-01	3.487763e-12	
459	2.172500e-08	4.053502e-01	4.053488e-01	3.487559e-12	
460	2.177500e-08	4.053502e-01	4.053488e-01	3.487589e-12	

Index   time            v(cell)         v(bl)           vpre#branch     
--------------------------------------------------------------------------------
461	2.182500e-08	4.053502e-01	4.053487e-01	3.487386e-12	
462	2.187500e-08	4.053502e-01	4.053487e-01	3.487415e-12	
463	2.192500e-08	4.053502e-01	4.053487e-01	3.487213e-12	
464	2.196250e-08	4.053502e-01	4.053487e-01	3.487263e-12	
465	2.200000e-08	4.053502e-01	4.053487e-01	3.487083e-12	
466	2.200500e-08	4.053476e-01	4.036534e-01	-1.34660e-11	
467	2.201500e-08	4.053418e-01	4.019356e-01	-3.06437e-11	
468	2.203500e-08	4.053293e-01	4.010426e-01	-3.95736e-11	
469	2.207500e-08	4.053054e-01	3.964588e-01	-8.54119e-11	
470	2.212500e-08	4.052781e-01	3.848561e-01	-2.01439e-10	
471	2.217500e-08	4.052539e-01	3.664901e-01	-3.85099e-10	
472	2.222500e-08	4.052318e-01	3.442467e-01	-6.07533e-10	
473	2.227500e-08	4.052110e-01	3.200135e-01	-8.49865e-10	
474	2.232500e-08	4.051913e-01	2.948475e-01	-1.10152e-09	
475	2.237500e-08	4.051723e-01	2.693735e-01	-1.35627e-09	
476	2.242500e-08	4.051539e-01	2.439886e-01	-1.61011e-09	
477	2.247500e-08	4.051360e-01	2.189630e-01	-1.86037e-09	
478	2.252500e-08	4.051185e-01	1.944908e-01	-2.10509e-09	
479	2.257500e-08	4.051013e-01	1.707162e-01	-2.34284e-09	
480	2.262500e-08	4.050844e-01	1.477479e-01	-2.57252e-09	
481	2.267500e-08	4.050677e-01	1.256664e-01	-2.79334e-09	
482	2.272500e-08	4.050512e-01	1.045283e-01	-3.00472e-09	
483	2.277500e-08	4.050348e-01	8.436945e-02	-3.20631e-09	
484	2.282500e-08	4.050185e-01	6.518746e-02	-3.39813e-09	
485	2.287500e-08	4.050022e-01	4.698924e-02	-3.58011e-09	
486	2.292500e-08	4.049860e-01	2.978635e-02	-3.75214e-09	
487	2.296250e-08	4.049739e-01	1.752632e-02	-3.87474e-09	
488	2.300000e-08	4.049618e-01	5.800499e-03	-3.99200e-09	
489	2.300500e-08	4.049618e-01	8.306128e-03	-3.96694e-09	
490	2.301500e-08	4.049618e-01	1.328499e-02	-3.91715e-09	
491	2.303500e-08	4.049618e-01	2.305128e-02	-3.81949e-09	
492	2.307500e-08	4.049618e-01	4.184633e-02	-3.63154e-09	
493	2.312500e-08	4.049617e-01	6.402775e-02	-3.40972e-09	
494	2.317500e-08	4.049617e-01	8.484286e-02	-3.20157e-09	
495	2.322500e-08	4.049617e-01	1.043813e-01	-3.00619e-09	
496	2.327500e-08	4.049617e-01	1.227236e-01	-2.82276e-09	
497	2.332500e-08	4.049617e-01	1.399443e-01	-2.65056e-09	
498	2.337500e-08	4.049617e-01	1.561128e-01	-2.48887e-09	
499	2.342500e-08	4.049617e-01	1.712941e-01	-2.33706e-09	
500	2.347500e-08	4.049617e-01	1.855486e-01	-2.19451e-09	
501	2.352500e-08	4.049617e-01	1.989332e-01	-2.06067e-09	
502	2.357500e-08	4.049617e-01	2.115012e-01	-1.93499e-09	
503	2.362500e-08	4.049617e-01	2.233023e-01	-1.81698e-09	
504	2.367500e-08	4.049617e-01	2.343836e-01	-1.70616e-09	
505	2.372500e-08	4.049617e-01	2.447889e-01	-1.60211e-09	
506	2.377500e-08	4.049617e-01	2.545596e-01	-1.50440e-09	
507	2.382500e-08	4.049617e-01	2.637343e-01	-1.41266e-09	
508	2.387500e-08	4.049617e-01	2.723495e-01	-1.32651e-09	
509	2.392500e-08	4.049617e-01	2.804392e-01	-1.24561e-09	
510	2.397500e-08	4.049617e-01	2.880355e-01	-1.16965e-09	
511	2.402500e-08	4.049617e-01	2.951685e-01	-1.09831e-09	
512	2.407500e-08	4.049617e-01	3.018665e-01	-1.03133e-09	
513	2.412500e-08	4.049617e-01	3.081561e-01	-9.68439e-10	
514	2.417500e-08	4.049617e-01	3.140620e-01	-9.09380e-10	
515	2.422500e-08	4.049617e-01	3.196078e-01	-8.53922e-10	
516	2.427500e-08	4.049617e-01	3.248154e-01	-8.01846e-10	
517	2.432500e-08	4.049617e-01	3.297053e-01	-7.52947e-10	
518	2.437500e-08	4.049617e-01	3.342971e-01	-7.07029e-10	

Index   time            v(cell)         v(bl)           vpre#branch     
--------------------------------------------------------------------------------
519	2.442500e-08	4.049617e-01	3.386088e-01	-6.63912e-10	
520	2.447500e-08	4.049617e-01	3.426576e-01	-6.23424e-10	
521	2.452500e-08	4.049617e-01	3.464595e-01	-5.85405e-10	
522	2.457500e-08	4.049617e-01	3.500295e-01	-5.49705e-10	
523	2.462500e-08	4.049617e-01	3.533818e-01	-5.16182e-10	
524	2.467500e-08	4.049617e-01	3.565297e-01	-4.84703e-10	
525	2.472500e-08	4.049617e-01	3.594856e-01	-4.55144e-10	
526	2.477500e-08	4.049617e-01	3.622612e-01	-4.27388e-10	
527	2.482500e-08	4.049617e-01	3.648676e-01	-4.01324e-10	
528	2.487500e-08	4.049617e-01	3.673150e-01	-3.76850e-10	
529	2.492500e-08	4.049617e-01	3.696132e-01	-3.53868e-10	
530	2.497500e-08	4.049617e-01	3.717712e-01	-3.32288e-10	
531	2.502500e-08	4.049617e-01	3.737977e-01	-3.12023e-10	
532	2.507500e-08	4.049617e-01	3.757005e-01	-2.92995e-10	
533	2.512500e-08	4.049617e-01	3.774873e-01	-2.75127e-10	
534	2.517500e-08	4.049617e-01	3.791651e-01	-2.58349e-10	
535	2.522500e-08	4.049617e-01	3.807406e-01	-2.42594e-10	
536	2.527500e-08	4.049617e-01	3.822201e-01	-2.27799e-10	
537	2.532500e-08	4.049617e-01	3.836093e-01	-2.13907e-10	
538	2.537500e-08	4.049617e-01	3.849138e-01	-2.00862e-10	
539	2.542500e-08	4.049617e-01	3.861387e-01	-1.88613e-10	
540	2.547500e-08	4.049617e-01	3.872889e-01	-1.77111e-10	
541	2.552500e-08	4.049617e-01	3.883690e-01	-1.66310e-10	
542	2.557500e-08	4.049617e-01	3.893833e-01	-1.56167e-10	
543	2.562500e-08	4.049617e-01	3.903356e-01	-1.46644e-10	
544	2.567500e-08	4.049617e-01	3.912299e-01	-1.37701e-10	
545	2.572500e-08	4.049617e-01	3.920697e-01	-1.29303e-10	
546	2.577500e-08	4.049617e-01	3.928582e-01	-1.21418e-10	
547	2.582500e-08	4.049617e-01	3.935987e-01	-1.14013e-10	
548	2.587500e-08	4.049617e-01	3.942940e-01	-1.07060e-10	
549	2.592500e-08	4.049617e-01	3.949469e-01	-1.00531e-10	
550	2.597500e-08	4.049617e-01	3.955600e-01	-9.44003e-11	
551	2.602500e-08	4.049617e-01	3.961357e-01	-8.86434e-11	
552	2.607500e-08	4.049617e-01	3.966763e-01	-8.32375e-11	
553	2.612500e-08	4.049617e-01	3.971839e-01	-7.81613e-11	
554	2.617500e-08	4.049617e-01	3.976605e-01	-7.33946e-11	
555	2.622500e-08	4.049617e-01	3.981081e-01	-6.89187e-11	
556	2.627500e-08	4.049617e-01	3.985284e-01	-6.47157e-11	
557	2.632500e-08	4.049617e-01	3.989231e-01	-6.07690e-11	
558	2.637500e-08	4.049617e-01	3.992937e-01	-5.70631e-11	
559	2.642500e-08	4.049617e-01	3.996417e-01	-5.35831e-11	
560	2.647500e-08	4.049617e-01	3.999685e-01	-5.03153e-11	
561	2.652500e-08	4.049617e-01	4.002753e-01	-4.72468e-11	
562	2.657500e-08	4.049617e-01	4.005634e-01	-4.43655e-11	
563	2.662500e-08	4.049617e-01	4.008340e-01	-4.16599e-11	
564	2.667500e-08	4.049617e-01	4.010881e-01	-3.91193e-11	
565	2.672500e-08	4.049617e-01	4.013266e-01	-3.67336e-11	
566	2.677500e-08	4.049617e-01	4.015507e-01	-3.44934e-11	
567	2.682500e-08	4.049617e-01	4.017610e-01	-3.23898e-11	
568	2.687500e-08	4.049617e-01	4.019585e-01	-3.04145e-11	
569	2.692500e-08	4.049617e-01	4.021440e-01	-2.85597e-11	
570	2.697500e-08	4.049617e-01	4.023182e-01	-2.68180e-11	
571	2.702500e-08	4.049617e-01	4.024818e-01	-2.51825e-11	
572	2.707500e-08	4.049617e-01	4.026353e-01	-2.36467e-11	
573	2.712500e-08	4.049617e-01	4.027795e-01	-2.22046e-11	
574	2.717500e-08	4.049617e-01	4.029150e-01	-2.08505e-11	
575	2.722500e-08	4.049617e-01	4.030421e-01	-1.95789e-11	
576	2.727500e-08	4.049617e-01	4.031615e-01	-1.83849e-11	

Index   time            v(cell)         v(bl)           vpre#branch     
--------------------------------------------------------------------------------
577	2.732500e-08	4.049617e-01	4.032736e-01	-1.72637e-11	
578	2.737500e-08	4.049617e-01	4.033789e-01	-1.62109e-11	
579	2.742500e-08	4.049617e-01	4.034778e-01	-1.52222e-11	
580	2.747500e-08	4.049617e-01	4.035706e-01	-1.42939e-11	
581	2.752500e-08	4.049617e-01	4.036578e-01	-1.34222e-11	
582	2.757500e-08	4.049617e-01	4.037396e-01	-1.26036e-11	
583	2.762500e-08	4.049617e-01	4.038165e-01	-1.18350e-11	
584	2.767500e-08	4.049617e-01	4.038887e-01	-1.11133e-11	
585	2.772500e-08	4.049617e-01	4.039564e-01	-1.04355e-11	
586	2.777500e-08	4.049617e-01	4.040201e-01	-9.79910e-12	
587	2.782500e-08	4.049617e-01	4.040798e-01	-9.20150e-12	
588	2.787500e-08	4.049617e-01	4.041360e-01	-8.64035e-12	
589	2.792500e-08	4.049617e-01	4.041887e-01	-8.11342e-12	
590	2.797500e-08	4.049617e-01	4.042381e-01	-7.61862e-12	
591	2.802500e-08	4.049617e-01	4.042846e-01	-7.15400e-12	
592	2.807500e-08	4.049617e-01	4.043282e-01	-6.71771e-12	
593	2.812500e-08	4.049617e-01	4.043692e-01	-6.30803e-12	
594	2.817500e-08	4.049617e-01	4.044077e-01	-5.92334e-12	
595	2.822500e-08	4.049617e-01	4.044438e-01	-5.56211e-12	
596	2.827500e-08	4.049617e-01	4.044777e-01	-5.22290e-12	
597	2.832500e-08	4.049617e-01	4.045096e-01	-4.90438e-12	
598	2.837500e-08	4.049617e-01	4.045395e-01	-4.60529e-12	
599	2.842500e-08	4.049617e-01	4.045676e-01	-4.32444e-12	
600	2.847500e-08	4.049617e-01	4.045939e-01	-4.06071e-12	
601	2.852500e-08	4.049617e-01	4.046187e-01	-3.81307e-12	
602	2.857500e-08	4.049617e-01	4.046419e-01	-3.58053e-12	
603	2.862500e-08	4.049617e-01	4.046638e-01	-3.36217e-12	
604	2.867500e-08	4.049617e-01	4.046843e-01	-3.15713e-12	
605	2.872500e-08	4.049617e-01	4.047035e-01	-2.96459e-12	
606	2.877500e-08	4.049617e-01	4.047216e-01	-2.78380e-12	
607	2.882500e-08	4.049617e-01	4.047386e-01	-2.61403e-12	
608	2.887500e-08	4.049617e-01	4.047545e-01	-2.45461e-12	
609	2.892500e-08	4.049617e-01	4.047695e-01	-2.30492e-12	
610	2.897500e-08	4.049617e-01	4.047836e-01	-2.16436e-12	
611	2.902500e-08	4.049617e-01	4.047968e-01	-2.03236e-12	
612	2.907500e-08	4.049617e-01	4.048092e-01	-1.90842e-12	
613	2.912500e-08	4.049617e-01	4.048208e-01	-1.79204e-12	
614	2.917500e-08	4.049617e-01	4.048317e-01	-1.68275e-12	
615	2.922500e-08	4.049617e-01	4.048420e-01	-1.58013e-12	
616	2.927500e-08	4.049617e-01	4.048516e-01	-1.48376e-12	
617	2.932500e-08	4.049617e-01	4.048607e-01	-1.39328e-12	
618	2.937500e-08	4.049617e-01	4.048692e-01	-1.30831e-12	
619	2.942500e-08	4.049617e-01	4.048771e-01	-1.22852e-12	
620	2.947500e-08	4.049617e-01	4.048846e-01	-1.15360e-12	
621	2.952500e-08	4.049617e-01	4.048917e-01	-1.08325e-12	
622	2.957500e-08	4.049617e-01	4.048983e-01	-1.01719e-12	
623	2.962500e-08	4.049617e-01	4.049045e-01	-9.55157e-13	
624	2.967500e-08	4.049617e-01	4.049103e-01	-8.96908e-13	
625	2.972500e-08	4.049617e-01	4.049158e-01	-8.42211e-13	
626	2.977500e-08	4.049617e-01	4.049209e-01	-7.90849e-13	
627	2.982500e-08	4.049617e-01	4.049257e-01	-7.42620e-13	
628	2.987500e-08	4.049617e-01	4.049303e-01	-6.97332e-13	
629	2.992500e-08	4.049617e-01	4.049345e-01	-6.54806e-13	
630	2.997500e-08	4.049617e-01	4.049385e-01	-6.14874e-13	
631	3.002500e-08	4.049617e-01	4.049423e-01	-5.77377e-13	
632	3.007500e-08	4.049617e-01	4.049458e-01	-5.42166e-13	
633	3.012500e-08	4.049617e-01	4.049491e-01	-5.09103e-13	
634	3.017500e-08	4.049617e-01	4.049522e-01	-4.78056e-13	

Index   time            v(cell)         v(bl)           vpre#branch     
--------------------------------------------------------------------------------
635	3.022500e-08	4.049617e-01	4.049551e-01	-4.48903e-13	
636	3.027500e-08	4.049617e-01	4.049578e-01	-4.21527e-13	
637	3.032500e-08	4.049617e-01	4.049604e-01	-3.95821e-13	
638	3.037500e-08	4.049617e-01	4.049628e-01	-3.71683e-13	
639	3.042500e-08	4.049617e-01	4.049651e-01	-3.49017e-13	
640	3.047500e-08	4.049617e-01	4.049672e-01	-3.27733e-13	
641	3.052500e-08	4.049617e-01	4.049692e-01	-3.07747e-13	
642	3.057500e-08	4.049617e-01	4.049711e-01	-2.88980e-13	
643	3.062500e-08	4.049617e-01	4.049729e-01	-2.71357e-13	
644	3.067500e-08	4.049617e-01	4.049745e-01	-2.54810e-13	
645	3.072500e-08	4.049617e-01	4.049761e-01	-2.39271e-13	
646	3.077500e-08	4.049617e-01	4.049775e-01	-2.24680e-13	
647	3.082500e-08	4.049617e-01	4.049789e-01	-2.10979e-13	
648	3.087500e-08	4.049617e-01	4.049802e-01	-1.98113e-13	
649	3.092500e-08	4.049617e-01	4.049814e-01	-1.86032e-13	
650	3.097500e-08	4.049617e-01	4.049825e-01	-1.74688e-13	
651	3.102500e-08	4.049617e-01	4.049836e-01	-1.64035e-13	
652	3.107500e-08	4.049617e-01	4.049846e-01	-1.54032e-13	
653	3.112500e-08	4.049617e-01	4.049855e-01	-1.44640e-13	
654	3.117500e-08	4.049617e-01	4.049864e-01	-1.35820e-13	
655	3.122500e-08	4.049617e-01	4.049872e-01	-1.27538e-13	
656	3.127500e-08	4.049617e-01	4.049880e-01	-1.19761e-13	
657	3.132500e-08	4.049617e-01	4.049888e-01	-1.12458e-13	
658	3.137500e-08	4.049617e-01	4.049894e-01	-1.05601e-13	
659	3.142500e-08	4.049617e-01	4.049901e-01	-9.91613e-14	
660	3.147500e-08	4.049617e-01	4.049907e-01	-9.31149e-14	
661	3.152500e-08	4.049617e-01	4.049913e-01	-8.74372e-14	
662	3.157500e-08	4.049617e-01	4.049918e-01	-8.21057e-14	
663	3.162500e-08	4.049617e-01	4.049923e-01	-7.70994e-14	
664	3.167500e-08	4.049617e-01	4.049928e-01	-7.23983e-14	
665	3.172500e-08	4.049617e-01	4.049932e-01	-6.79840e-14	
666	3.177500e-08	4.049617e-01	4.049936e-01	-6.38389e-14	
667	3.182500e-08	4.049617e-01	4.049940e-01	-5.99466e-14	
668	3.187500e-08	4.049617e-01	4.049944e-01	-5.62916e-14	
669	3.192500e-08	4.049617e-01	4.049947e-01	-5.28596e-14	
670	3.197500e-08	4.049617e-01	4.049950e-01	-4.96368e-14	
671	3.202500e-08	4.049617e-01	4.049953e-01	-4.66106e-14	
672	3.207500e-08	4.049617e-01	4.049956e-01	-4.37689e-14	
673	3.212500e-08	4.049617e-01	4.049959e-01	-4.11006e-14	
674	3.217500e-08	4.049617e-01	4.049961e-01	-3.85949e-14	
675	3.222500e-08	4.049617e-01	4.049964e-01	-3.62421e-14	
676	3.227500e-08	4.049617e-01	4.049966e-01	-3.40328e-14	
677	3.232500e-08	4.049617e-01	4.049968e-01	-3.19582e-14	
678	3.237500e-08	4.049617e-01	4.049970e-01	-3.00101e-14	
679	3.242500e-08	4.049617e-01	4.049972e-01	-2.81808e-14	
680	3.247500e-08	4.049617e-01	4.049974e-01	-2.64631e-14	
681	3.252500e-08	4.049617e-01	4.049975e-01	-2.48501e-14	
682	3.257500e-08	4.049617e-01	4.049977e-01	-2.33355e-14	
683	3.262500e-08	4.049617e-01	4.049978e-01	-2.19133e-14	
684	3.267500e-08	4.049617e-01	4.049979e-01	-2.05778e-14	
685	3.272500e-08	4.049617e-01	4.049981e-01	-1.93238e-14	
686	3.277500e-08	4.049617e-01	4.049982e-01	-1.81462e-14	
687	3.282500e-08	4.049617e-01	4.049983e-01	-1.70404e-14	
688	3.287500e-08	4.049617e-01	4.049984e-01	-1.60021e-14	
689	3.292500e-08	4.049617e-01	4.049985e-01	-1.50271e-14	
690	3.297500e-08	4.049617e-01	4.049986e-01	-1.41116e-14	
691	3.302500e-08	4.049617e-01	4.049987e-01	-1.32519e-14	
692	3.307500e-08	4.049617e-01	4.049988e-01	-1.24446e-14	

Index   time            v(cell)         v(bl)           vpre#branch     
--------------------------------------------------------------------------------
693	3.312500e-08	4.049617e-01	4.049988e-01	-1.16866e-14	
694	3.317500e-08	4.049617e-01	4.049989e-01	-1.09747e-14	
695	3.322500e-08	4.049617e-01	4.049990e-01	-1.03063e-14	
696	3.327500e-08	4.049617e-01	4.049990e-01	-9.67869e-15	
697	3.332500e-08	4.049617e-01	4.049991e-01	-9.08933e-15	
698	3.337500e-08	4.049617e-01	4.049991e-01	-8.53590e-15	
699	3.342500e-08	4.049617e-01	4.049992e-01	-8.01623e-15	
700	3.347500e-08	4.049617e-01	4.049992e-01	-7.52825e-15	
701	3.352500e-08	4.049617e-01	4.049993e-01	-7.07003e-15	
702	3.357500e-08	4.049617e-01	4.049993e-01	-6.63975e-15	
703	3.362500e-08	4.049617e-01	4.049994e-01	-6.23572e-15	
704	3.367500e-08	4.049617e-01	4.049994e-01	-5.85632e-15	
705	3.372500e-08	4.049617e-01	4.049994e-01	-5.50007e-15	
706	3.377500e-08	4.049617e-01	4.049995e-01	-5.16553e-15	
707	3.382500e-08	4.049617e-01	4.049995e-01	-4.85140e-15	
708	3.387500e-08	4.049617e-01	4.049995e-01	-4.55643e-15	
709	3.392500e-08	4.049617e-01	4.049996e-01	-4.27945e-15	
710	3.397500e-08	4.049617e-01	4.049996e-01	-4.01935e-15	
711	3.402500e-08	4.049617e-01	4.049996e-01	-3.77512e-15	
712	3.407500e-08	4.049617e-01	4.049996e-01	-3.54579e-15	
713	3.412500e-08	4.049617e-01	4.049997e-01	-3.33044e-15	
714	3.417500e-08	4.049617e-01	4.049997e-01	-3.12822e-15	
715	3.422500e-08	4.049617e-01	4.049997e-01	-2.93834e-15	
716	3.427500e-08	4.049617e-01	4.049997e-01	-2.76003e-15	
717	3.432500e-08	4.049617e-01	4.049997e-01	-2.59260e-15	
718	3.437500e-08	4.049617e-01	4.049998e-01	-2.43538e-15	
719	3.442500e-08	4.049617e-01	4.049998e-01	-2.28775e-15	
720	3.447500e-08	4.049617e-01	4.049998e-01	-2.14912e-15	
721	3.452500e-08	4.049617e-01	4.049998e-01	-2.01895e-15	
722	3.457500e-08	4.049617e-01	4.049998e-01	-1.89671e-15	
723	3.462500e-08	4.049617e-01	4.049998e-01	-1.78193e-15	
724	3.467500e-08	4.049617e-01	4.049998e-01	-1.67415e-15	
725	3.472500e-08	4.049617e-01	4.049998e-01	-1.57294e-15	
726	3.477500e-08	4.049617e-01	4.049999e-01	-1.47791e-15	
727	3.482500e-08	4.049617e-01	4.049999e-01	-1.38867e-15	
728	3.487500e-08	4.049617e-01	4.049999e-01	-1.30487e-15	
729	3.492500e-08	4.049617e-01	4.049999e-01	-1.22618e-15	
730	3.497500e-08	4.049617e-01	4.049999e-01	-1.15229e-15	
731	3.502500e-08	4.049617e-01	4.049999e-01	-1.08291e-15	
732	3.507500e-08	4.049617e-01	4.049999e-01	-1.01776e-15	
733	3.512500e-08	4.049617e-01	4.049999e-01	-9.56582e-16	
734	3.517500e-08	4.049617e-01	4.049999e-01	-8.99135e-16	
735	3.522500e-08	4.049617e-01	4.049999e-01	-8.45192e-16	
736	3.527500e-08	4.049617e-01	4.049999e-01	-7.94538e-16	
737	3.532500e-08	4.049617e-01	4.049999e-01	-7.46973e-16	
738	3.537500e-08	4.049617e-01	4.049999e-01	-7.02309e-16	
739	3.542500e-08	4.049617e-01	4.049999e-01	-6.60369e-16	
740	3.547500e-08	4.049617e-01	4.049999e-01	-6.20987e-16	
741	3.552500e-08	4.049617e-01	4.049999e-01	-5.84006e-16	
742	3.557500e-08	4.049617e-01	4.049999e-01	-5.49281e-16	
743	3.562500e-08	4.049617e-01	4.049999e-01	-5.16674e-16	
744	3.567500e-08	4.049617e-01	4.050000e-01	-4.86055e-16	
745	3.572500e-08	4.049617e-01	4.050000e-01	-4.57303e-16	
746	3.577500e-08	4.049617e-01	4.050000e-01	-4.30304e-16	
747	3.582500e-08	4.049617e-01	4.050000e-01	-4.04952e-16	
748	3.587500e-08	4.049617e-01	4.050000e-01	-3.81147e-16	
749	3.592500e-08	4.049617e-01	4.050000e-01	-3.58793e-16	
750	3.597500e-08	4.049617e-01	4.050000e-01	-3.37802e-16	

Index   time            v(cell)         v(bl)           vpre#branch     
--------------------------------------------------------------------------------
751	3.602500e-08	4.049617e-01	4.050000e-01	-3.18091e-16	
752	3.607500e-08	4.049617e-01	4.050000e-01	-2.99583e-16	
753	3.612500e-08	4.049617e-01	4.050000e-01	-2.82203e-16	
754	3.617500e-08	4.049617e-01	4.050000e-01	-2.65883e-16	
755	3.622500e-08	4.049617e-01	4.050000e-01	-2.50559e-16	
756	3.627500e-08	4.049617e-01	4.050000e-01	-2.36168e-16	
757	3.632500e-08	4.049617e-01	4.050000e-01	-2.22656e-16	
758	3.637500e-08	4.049617e-01	4.050000e-01	-2.09968e-16	
759	3.642500e-08	4.049617e-01	4.050000e-01	-1.98054e-16	
760	3.647500e-08	4.049617e-01	4.050000e-01	-1.86865e-16	
761	3.652500e-08	4.049617e-01	4.050000e-01	-1.76360e-16	
762	3.657500e-08	4.049617e-01	4.050000e-01	-1.66495e-16	
763	3.662500e-08	4.049617e-01	4.050000e-01	-1.57231e-16	
764	3.667500e-08	4.049617e-01	4.050000e-01	-1.48533e-16	
765	3.672500e-08	4.049617e-01	4.050000e-01	-1.40365e-16	
766	3.677500e-08	4.049617e-01	4.050000e-01	-1.32694e-16	
767	3.682500e-08	4.049617e-01	4.050000e-01	-1.25492e-16	
768	3.687500e-08	4.049617e-01	4.050000e-01	-1.18728e-16	
769	3.692500e-08	4.049617e-01	4.050000e-01	-1.12377e-16	
770	3.697500e-08	4.049617e-01	4.050000e-01	-1.06414e-16	
771	3.702500e-08	4.049617e-01	4.050000e-01	-1.00814e-16	
772	3.707500e-08	4.049617e-01	4.050000e-01	-9.55561e-17	
773	3.712500e-08	4.049617e-01	4.050000e-01	-9.06186e-17	
774	3.717500e-08	4.049617e-01	4.050000e-01	-8.59823e-17	
775	3.722500e-08	4.049617e-01	4.050000e-01	-8.16291e-17	
776	3.727500e-08	4.049617e-01	4.050000e-01	-7.75414e-17	
777	3.732500e-08	4.049617e-01	4.050000e-01	-7.37028e-17	
778	3.737500e-08	4.049617e-01	4.050000e-01	-7.00982e-17	
779	3.742500e-08	4.049617e-01	4.050000e-01	-6.67135e-17	
780	3.747500e-08	4.049617e-01	4.050000e-01	-6.35352e-17	
781	3.752500e-08	4.049617e-01	4.050000e-01	-6.05507e-17	
782	3.757500e-08	4.049617e-01	4.050000e-01	-5.77483e-17	
783	3.762500e-08	4.049617e-01	4.050000e-01	-5.51167e-17	
784	3.767500e-08	4.049617e-01	4.050000e-01	-5.26457e-17	
785	3.772500e-08	4.049617e-01	4.050000e-01	-5.03254e-17	
786	3.777500e-08	4.049617e-01	4.050000e-01	-4.81465e-17	
787	3.782500e-08	4.049617e-01	4.050000e-01	-4.61006e-17	
788	3.787500e-08	4.049617e-01	4.050000e-01	-4.41795e-17	
789	3.792500e-08	4.049617e-01	4.050000e-01	-4.23756e-17	
790	3.797500e-08	4.049617e-01	4.050000e-01	-4.06817e-17	
791	3.802500e-08	4.049617e-01	4.050000e-01	-3.90911e-17	
792	3.807500e-08	4.049617e-01	4.050000e-01	-3.75976e-17	
793	3.812500e-08	4.049617e-01	4.050000e-01	-3.61952e-17	
794	3.817500e-08	4.049617e-01	4.050000e-01	-3.48783e-17	
795	3.822500e-08	4.049617e-01	4.050000e-01	-3.36417e-17	
796	3.827500e-08	4.049617e-01	4.050000e-01	-3.24801e-17	
797	3.832500e-08	4.049617e-01	4.050000e-01	-3.13893e-17	
798	3.837500e-08	4.049617e-01	4.050000e-01	-3.03655e-17	
799	3.842500e-08	4.049617e-01	4.050000e-01	-2.94042e-17	
800	3.847500e-08	4.049617e-01	4.050000e-01	-2.85014e-17	
801	3.852500e-08	4.049617e-01	4.050000e-01	-2.76537e-17	
802	3.857500e-08	4.049617e-01	4.050000e-01	-2.68577e-17	
803	3.862500e-08	4.049617e-01	4.050000e-01	-2.61099e-17	
804	3.867500e-08	4.049617e-01	4.050000e-01	-2.54076e-17	
805	3.872500e-08	4.049617e-01	4.050000e-01	-2.47482e-17	
806	3.877500e-08	4.049617e-01	4.050000e-01	-2.41290e-17	
807	3.882500e-08	4.049617e-01	4.050000e-01	-2.35480e-17	
808	3.887500e-08	4.049617e-01	4.050000e-01	-2.30024e-17	

Index   time            v(cell)         v(bl)           vpre#branch     
--------------------------------------------------------------------------------
809	3.892500e-08	4.049617e-01	4.050000e-01	-2.24901e-17	
810	3.897500e-08	4.049617e-01	4.050000e-01	-2.20090e-17	
811	3.902500e-08	4.049617e-01	4.050000e-01	-2.15573e-17	
812	3.907500e-08	4.049617e-01	4.050000e-01	-2.11331e-17	
813	3.912500e-08	4.049617e-01	4.050000e-01	-2.07344e-17	
814	3.917500e-08	4.049617e-01	4.050000e-01	-2.03600e-17	
815	3.922500e-08	4.049617e-01	4.050000e-01	-2.00088e-17	
816	3.927500e-08	4.049617e-01	4.050000e-01	-1.96791e-17	
817	3.932500e-08	4.049617e-01	4.050000e-01	-1.93695e-17	
818	3.937500e-08	4.049617e-01	4.050000e-01	-1.90787e-17	
819	3.942500e-08	4.049617e-01	4.050000e-01	-1.88057e-17	
820	3.947500e-08	4.049617e-01	4.050000e-01	-1.85493e-17	
821	3.952500e-08	4.049617e-01	4.050000e-01	-1.83086e-17	
822	3.957500e-08	4.049617e-01	4.050000e-01	-1.80826e-17	
823	3.962500e-08	4.049617e-01	4.050000e-01	-1.78703e-17	
824	3.967500e-08	4.049617e-01	4.050000e-01	-1.76710e-17	
825	3.972500e-08	4.049617e-01	4.050000e-01	-1.74838e-17	
826	3.977500e-08	4.049617e-01	4.050000e-01	-1.73077e-17	
827	3.982500e-08	4.049617e-01	4.050000e-01	-1.71422e-17	
828	3.987500e-08	4.049617e-01	4.050000e-01	-1.69873e-17	
829	3.992500e-08	4.049617e-01	4.050000e-01	-1.68418e-17	
830	3.996250e-08	4.049617e-01	4.050000e-01	-1.67385e-17	
831	4.000000e-08	4.049617e-01	4.050000e-01	-1.66399e-17	


Total analysis time (seconds) = 0.0622431

Total elapsed time (seconds) = 0.075 

Total DRAM available = 386307.215 MB.
DRAM currently available = 2087.113 MB.
Maximum ngspice program size =  529.719 MB.
Current ngspice program size =   14.238 MB.

Shared ngspice pages =   12.406 MB.
Text (code) pages =    6.266 MB.
Stack = 0 bytes.
Library pages =   59.137 MB.

