
Note: No compatibility mode selected!


Circuit: * id-vg sweep vds=0.8100v

Doing analysis at TEMP = 125.000000 and TNOM = 27.000000

Using SPARSE 1.3 as Direct Linear Solver

No. of Data Rows : 201

  Measurements for DC Analysis

ion                 =  -2.53096e-06 at=  8.10000e-01
ioff                =  -4.47922e-11

                           * id-vg sweep vds=0.8100v
                           DC transfer characteristic  Tue Jun 23 23:59:18  2026
--------------------------------------------------------------------------------
Index   v-sweep         vd#branch       
--------------------------------------------------------------------------------
0	0.000000e+00	-4.47922e-11	
1	4.050000e-03	-4.81322e-11	
2	8.100000e-03	-5.18584e-11	
3	1.215000e-02	-5.58730e-11	
4	1.620000e-02	-6.01984e-11	
5	2.025000e-02	-6.48585e-11	
6	2.430000e-02	-6.98793e-11	
7	2.835000e-02	-7.52887e-11	
8	3.240000e-02	-8.11167e-11	
9	3.645000e-02	-8.73957e-11	
10	4.050000e-02	-9.41607e-11	
11	4.455000e-02	-1.01449e-10	
12	4.860000e-02	-1.09301e-10	
13	5.265000e-02	-1.17761e-10	
14	5.670000e-02	-1.26876e-10	
15	6.075000e-02	-1.36695e-10	
16	6.480000e-02	-1.47274e-10	
17	6.885000e-02	-1.58672e-10	
18	7.290000e-02	-1.70951e-10	
19	7.695000e-02	-1.84179e-10	
20	8.100000e-02	-1.98431e-10	
21	8.505000e-02	-2.13784e-10	
22	8.910000e-02	-2.30325e-10	
23	9.315000e-02	-2.48144e-10	
24	9.720000e-02	-2.67341e-10	
25	1.012500e-01	-2.88022e-10	
26	1.053000e-01	-3.10300e-10	
27	1.093500e-01	-3.34300e-10	
28	1.134000e-01	-3.60155e-10	
29	1.174500e-01	-3.88006e-10	
30	1.215000e-01	-4.18008e-10	
31	1.255500e-01	-4.50326e-10	
32	1.296000e-01	-4.85139e-10	
33	1.336500e-01	-5.22639e-10	
34	1.377000e-01	-5.63032e-10	
35	1.417500e-01	-6.06540e-10	
36	1.458000e-01	-6.55127e-10	
37	1.498500e-01	-7.05736e-10	
38	1.539000e-01	-7.60244e-10	
39	1.579500e-01	-8.18951e-10	
40	1.620000e-01	-8.82178e-10	
41	1.660500e-01	-9.50272e-10	
42	1.701000e-01	-1.02360e-09	
43	1.741500e-01	-1.10257e-09	
44	1.782000e-01	-1.18761e-09	
45	1.822500e-01	-1.27919e-09	
46	1.863000e-01	-1.37779e-09	
47	1.903500e-01	-1.48395e-09	
48	1.944000e-01	-1.59825e-09	
49	1.984500e-01	-1.72131e-09	
50	2.025000e-01	-1.85379e-09	
51	2.065500e-01	-1.99639e-09	
52	2.106000e-01	-2.14989e-09	
53	2.146500e-01	-2.31511e-09	
54	2.187000e-01	-2.49292e-09	

Index   v-sweep         vd#branch       
--------------------------------------------------------------------------------
55	2.227500e-01	-2.68427e-09	
56	2.268000e-01	-2.89017e-09	
57	2.308500e-01	-3.11171e-09	
58	2.349000e-01	-3.35006e-09	
59	2.389500e-01	-3.60645e-09	
60	2.430000e-01	-3.88222e-09	
61	2.470500e-01	-4.17881e-09	
62	2.511000e-01	-4.49774e-09	
63	2.551500e-01	-4.84064e-09	
64	2.592000e-01	-5.20927e-09	
65	2.632500e-01	-5.60549e-09	
66	2.673000e-01	-6.03129e-09	
67	2.713500e-01	-6.48880e-09	
68	2.754000e-01	-6.98028e-09	
69	2.794500e-01	-7.50815e-09	
70	2.835000e-01	-8.07499e-09	
71	2.875500e-01	-8.68353e-09	
72	2.916000e-01	-9.33667e-09	
73	2.956500e-01	-1.00375e-08	
74	2.997000e-01	-1.07894e-08	
75	3.037500e-01	-1.15957e-08	
76	3.078000e-01	-1.24601e-08	
77	3.118500e-01	-1.33866e-08	
78	3.159000e-01	-1.43793e-08	
79	3.199500e-01	-1.54426e-08	
80	3.240000e-01	-1.65810e-08	
81	3.280500e-01	-1.77994e-08	
82	3.321000e-01	-1.91029e-08	
83	3.361500e-01	-2.04970e-08	
84	3.402000e-01	-2.19873e-08	
85	3.442500e-01	-2.35797e-08	
86	3.483000e-01	-2.52806e-08	
87	3.523500e-01	-2.70963e-08	
88	3.564000e-01	-2.90339e-08	
89	3.604500e-01	-3.11005e-08	
90	3.645000e-01	-3.33036e-08	
91	3.685500e-01	-3.56511e-08	
92	3.726000e-01	-3.81511e-08	
93	3.766500e-01	-4.08122e-08	
94	3.807000e-01	-4.36433e-08	
95	3.847500e-01	-4.66537e-08	
96	3.888000e-01	-4.98531e-08	
97	3.928500e-01	-5.32515e-08	
98	3.969000e-01	-5.68593e-08	
99	4.009500e-01	-6.06873e-08	
100	4.050000e-01	-6.47467e-08	
101	4.090500e-01	-6.90492e-08	
102	4.131000e-01	-7.36066e-08	
103	4.171500e-01	-7.84313e-08	
104	4.212000e-01	-8.35359e-08	
105	4.252500e-01	-8.89335e-08	
106	4.293000e-01	-9.46374e-08	
107	4.333500e-01	-1.00661e-07	
108	4.374000e-01	-1.07018e-07	
109	4.414500e-01	-1.13723e-07	
110	4.455000e-01	-1.20789e-07	
111	4.495500e-01	-1.28231e-07	
112	4.536000e-01	-1.36063e-07	

Index   v-sweep         vd#branch       
--------------------------------------------------------------------------------
113	4.576500e-01	-1.44298e-07	
114	4.617000e-01	-1.52951e-07	
115	4.657500e-01	-1.62034e-07	
116	4.698000e-01	-1.71561e-07	
117	4.738500e-01	-1.81545e-07	
118	4.779000e-01	-1.91998e-07	
119	4.819500e-01	-2.02931e-07	
120	4.860000e-01	-2.14356e-07	
121	4.900500e-01	-2.26282e-07	
122	4.941000e-01	-2.38720e-07	
123	4.981500e-01	-2.51677e-07	
124	5.022000e-01	-2.64896e-07	
125	5.062500e-01	-2.78911e-07	
126	5.103000e-01	-2.93466e-07	
127	5.143500e-01	-3.08566e-07	
128	5.184000e-01	-3.24214e-07	
129	5.224500e-01	-3.40412e-07	
130	5.265000e-01	-3.57163e-07	
131	5.305500e-01	-3.74467e-07	
132	5.346000e-01	-3.92323e-07	
133	5.386500e-01	-4.10730e-07	
134	5.427000e-01	-4.29686e-07	
135	5.467500e-01	-4.49187e-07	
136	5.508000e-01	-4.69229e-07	
137	5.548500e-01	-4.89807e-07	
138	5.589000e-01	-5.10917e-07	
139	5.629500e-01	-5.32552e-07	
140	5.670000e-01	-5.54706e-07	
141	5.710500e-01	-5.77371e-07	
142	5.751000e-01	-6.00540e-07	
143	5.791500e-01	-6.24204e-07	
144	5.832000e-01	-6.48357e-07	
145	5.872500e-01	-6.72989e-07	
146	5.913000e-01	-6.98092e-07	
147	5.953500e-01	-7.23656e-07	
148	5.994000e-01	-7.49674e-07	
149	6.034500e-01	-7.76135e-07	
150	6.075000e-01	-8.03030e-07	
151	6.115500e-01	-8.30351e-07	
152	6.156000e-01	-8.58088e-07	
153	6.196500e-01	-8.86232e-07	
154	6.237000e-01	-9.14775e-07	
155	6.277500e-01	-9.43706e-07	
156	6.318000e-01	-9.73017e-07	
157	6.358500e-01	-1.00270e-06	
158	6.399000e-01	-1.03275e-06	
159	6.439500e-01	-1.06315e-06	
160	6.480000e-01	-1.09389e-06	
161	6.520500e-01	-1.12497e-06	
162	6.561000e-01	-1.15639e-06	
163	6.601500e-01	-1.18812e-06	
164	6.642000e-01	-1.22017e-06	
165	6.682500e-01	-1.25252e-06	
166	6.723000e-01	-1.28517e-06	
167	6.763500e-01	-1.31812e-06	
168	6.804000e-01	-1.35135e-06	
169	6.844500e-01	-1.38485e-06	
170	6.885000e-01	-1.41863e-06	

Index   v-sweep         vd#branch       
--------------------------------------------------------------------------------
171	6.925500e-01	-1.45267e-06	
172	6.966000e-01	-1.48697e-06	
173	7.006500e-01	-1.52152e-06	
174	7.047000e-01	-1.55632e-06	
175	7.087500e-01	-1.59136e-06	
176	7.128000e-01	-1.62663e-06	
177	7.168500e-01	-1.66213e-06	
178	7.209000e-01	-1.69785e-06	
179	7.249500e-01	-1.73379e-06	
180	7.290000e-01	-1.76994e-06	
181	7.330500e-01	-1.80630e-06	
182	7.371000e-01	-1.84287e-06	
183	7.411500e-01	-1.87963e-06	
184	7.452000e-01	-1.91658e-06	
185	7.492500e-01	-1.95373e-06	
186	7.533000e-01	-1.99106e-06	
187	7.573500e-01	-2.02857e-06	
188	7.614000e-01	-2.06626e-06	
189	7.654500e-01	-2.10412e-06	
190	7.695000e-01	-2.14215e-06	
191	7.735500e-01	-2.18034e-06	
192	7.776000e-01	-2.21870e-06	
193	7.816500e-01	-2.25721e-06	
194	7.857000e-01	-2.29588e-06	
195	7.897500e-01	-2.33470e-06	
196	7.938000e-01	-2.37367e-06	
197	7.978500e-01	-2.41278e-06	
198	8.019000e-01	-2.45204e-06	
199	8.059500e-01	-2.49143e-06	
200	8.100000e-01	-2.53096e-06	


Total analysis time (seconds) = 0.0147915

Total elapsed time (seconds) = 0.022 

Total DRAM available = 386307.215 MB.
DRAM currently available = 2079.059 MB.
Maximum ngspice program size =  529.723 MB.
Current ngspice program size =   14.074 MB.

Shared ngspice pages =   12.312 MB.
Text (code) pages =    6.266 MB.
Stack = 0 bytes.
Library pages =   59.141 MB.

