
Note: No compatibility mode selected!


Circuit: * id-vg sweep vds=0.8100v

Doing analysis at TEMP = 27.000000 and TNOM = 27.000000

Using SPARSE 1.3 as Direct Linear Solver

No. of Data Rows : 201

  Measurements for DC Analysis

ion                 =  -9.25089e-07 at=  8.10000e-01
ioff                =  -4.73995e-14

                           * id-vg sweep vds=0.8100v
                           DC transfer characteristic  Tue Jun 23 21:12:57  2026
--------------------------------------------------------------------------------
Index   v-sweep         vd#branch       
--------------------------------------------------------------------------------
0	0.000000e+00	-4.73995e-14	
1	4.050000e-03	-5.20121e-14	
2	8.100000e-03	-5.73282e-14	
3	1.215000e-02	-6.31875e-14	
4	1.620000e-02	-6.96456e-14	
5	2.025000e-02	-7.67639e-14	
6	2.430000e-02	-8.46097e-14	
7	2.835000e-02	-9.32574e-14	
8	3.240000e-02	-1.02789e-13	
9	3.645000e-02	-1.13295e-13	
10	4.050000e-02	-1.24874e-13	
11	4.455000e-02	-1.37637e-13	
12	4.860000e-02	-1.51704e-13	
13	5.265000e-02	-1.67210e-13	
14	5.670000e-02	-1.84299e-13	
15	6.075000e-02	-2.03136e-13	
16	6.480000e-02	-2.23898e-13	
17	6.885000e-02	-2.46782e-13	
18	7.290000e-02	-2.72004e-13	
19	7.695000e-02	-2.99805e-13	
20	8.100000e-02	-3.30447e-13	
21	8.505000e-02	-3.64221e-13	
22	8.910000e-02	-4.01447e-13	
23	9.315000e-02	-4.42477e-13	
24	9.720000e-02	-4.87701e-13	
25	1.012500e-01	-5.37547e-13	
26	1.053000e-01	-5.92488e-13	
27	1.093500e-01	-6.53044e-13	
28	1.134000e-01	-7.19789e-13	
29	1.174500e-01	-7.93355e-13	
30	1.215000e-01	-8.74441e-13	
31	1.255500e-01	-9.63814e-13	
32	1.296000e-01	-1.06232e-12	
33	1.336500e-01	-1.17090e-12	
34	1.377000e-01	-1.29057e-12	
35	1.417500e-01	-1.42247e-12	
36	1.458000e-01	-1.56786e-12	
37	1.498500e-01	-1.72810e-12	
38	1.539000e-01	-1.90472e-12	
39	1.579500e-01	-2.09939e-12	
40	1.620000e-01	-2.31396e-12	
41	1.660500e-01	-2.55046e-12	
42	1.701000e-01	-2.81113e-12	
43	1.741500e-01	-3.09844e-12	
44	1.782000e-01	-3.41511e-12	
45	1.822500e-01	-3.76415e-12	
46	1.863000e-01	-4.14885e-12	
47	1.903500e-01	-4.57288e-12	
48	1.944000e-01	-5.04024e-12	
49	1.984500e-01	-5.55537e-12	
50	2.025000e-01	-6.12313e-12	
51	2.065500e-01	-6.74893e-12	
52	2.106000e-01	-7.43867e-12	
53	2.146500e-01	-8.19890e-12	
54	2.187000e-01	-9.03683e-12	

Index   v-sweep         vd#branch       
--------------------------------------------------------------------------------
55	2.227500e-01	-9.96038e-12	
56	2.268000e-01	-1.09783e-11	
57	2.308500e-01	-1.21003e-11	
58	2.349000e-01	-1.33369e-11	
59	2.389500e-01	-1.46998e-11	
60	2.430000e-01	-1.62021e-11	
61	2.470500e-01	-1.78578e-11	
62	2.511000e-01	-1.96827e-11	
63	2.551500e-01	-2.16940e-11	
64	2.592000e-01	-2.39109e-11	
65	2.632500e-01	-2.63543e-11	
66	2.673000e-01	-2.90472e-11	
67	2.713500e-01	-3.20153e-11	
68	2.754000e-01	-3.52866e-11	
69	2.794500e-01	-3.88920e-11	
70	2.835000e-01	-4.28657e-11	
71	2.875500e-01	-4.72452e-11	
72	2.916000e-01	-5.20721e-11	
73	2.956500e-01	-5.73918e-11	
74	2.997000e-01	-6.32547e-11	
75	3.037500e-01	-6.97162e-11	
76	3.078000e-01	-7.68374e-11	
77	3.118500e-01	-8.46855e-11	
78	3.159000e-01	-9.33347e-11	
79	3.199500e-01	-1.02866e-10	
80	3.240000e-01	-1.13371e-10	
81	3.280500e-01	-1.24947e-10	
82	3.321000e-01	-1.37703e-10	
83	3.361500e-01	-1.51761e-10	
84	3.402000e-01	-1.67252e-10	
85	3.442500e-01	-1.84321e-10	
86	3.483000e-01	-2.03130e-10	
87	3.523500e-01	-2.23856e-10	
88	3.564000e-01	-2.46691e-10	
89	3.604500e-01	-2.71851e-10	
90	3.645000e-01	-3.00899e-10	
91	3.685500e-01	-3.31573e-10	
92	3.726000e-01	-3.65365e-10	
93	3.766500e-01	-4.02590e-10	
94	3.807000e-01	-4.43594e-10	
95	3.847500e-01	-4.88760e-10	
96	3.888000e-01	-5.38504e-10	
97	3.928500e-01	-5.93289e-10	
98	3.969000e-01	-6.53618e-10	
99	4.009500e-01	-7.20049e-10	
100	4.050000e-01	-7.93190e-10	
101	4.090500e-01	-8.73710e-10	
102	4.131000e-01	-9.62344e-10	
103	4.171500e-01	-1.05990e-09	
104	4.212000e-01	-1.16725e-09	
105	4.252500e-01	-1.28537e-09	
106	4.293000e-01	-1.41532e-09	
107	4.333500e-01	-1.55826e-09	
108	4.374000e-01	-1.71544e-09	
109	4.414500e-01	-1.88825e-09	
110	4.455000e-01	-2.07821e-09	
111	4.495500e-01	-2.28696e-09	
112	4.536000e-01	-2.51629e-09	

Index   v-sweep         vd#branch       
--------------------------------------------------------------------------------
113	4.576500e-01	-2.76816e-09	
114	4.617000e-01	-3.04469e-09	
115	4.657500e-01	-3.34819e-09	
116	4.698000e-01	-3.68116e-09	
117	4.738500e-01	-4.04632e-09	
118	4.779000e-01	-4.44660e-09	
119	4.819500e-01	-4.88517e-09	
120	4.860000e-01	-5.36546e-09	
121	4.900500e-01	-5.89116e-09	
122	4.941000e-01	-6.46623e-09	
123	4.981500e-01	-7.09494e-09	
124	5.022000e-01	-7.78186e-09	
125	5.062500e-01	-8.53188e-09	
126	5.103000e-01	-9.35026e-09	
127	5.143500e-01	-1.02426e-08	
128	5.184000e-01	-1.12148e-08	
129	5.224500e-01	-1.22733e-08	
130	5.265000e-01	-1.34249e-08	
131	5.305500e-01	-1.46767e-08	
132	5.346000e-01	-1.60365e-08	
133	5.386500e-01	-1.75123e-08	
134	5.427000e-01	-1.91129e-08	
135	5.467500e-01	-2.08473e-08	
136	5.508000e-01	-2.27255e-08	
137	5.548500e-01	-2.47576e-08	
138	5.589000e-01	-2.69548e-08	
139	5.629500e-01	-2.93287e-08	
140	5.670000e-01	-3.18916e-08	
141	5.710500e-01	-3.46567e-08	
142	5.751000e-01	-3.76377e-08	
143	5.791500e-01	-4.08494e-08	
144	5.832000e-01	-4.43070e-08	
145	5.872500e-01	-4.80266e-08	
146	5.913000e-01	-5.20250e-08	
147	5.953500e-01	-5.63194e-08	
148	5.994000e-01	-6.09279e-08	
149	6.034500e-01	-6.58686e-08	
150	6.075000e-01	-7.11602e-08	
151	6.115500e-01	-7.68214e-08	
152	6.156000e-01	-8.28706e-08	
153	6.196500e-01	-8.93263e-08	
154	6.237000e-01	-9.62064e-08	
155	6.277500e-01	-1.03528e-07	
156	6.318000e-01	-1.11308e-07	
157	6.358500e-01	-1.19561e-07	
158	6.399000e-01	-1.28302e-07	
159	6.439500e-01	-1.37543e-07	
160	6.480000e-01	-1.47297e-07	
161	6.520500e-01	-1.57572e-07	
162	6.561000e-01	-1.68376e-07	
163	6.601500e-01	-1.79717e-07	
164	6.642000e-01	-1.91597e-07	
165	6.682500e-01	-2.04021e-07	
166	6.723000e-01	-2.16987e-07	
167	6.763500e-01	-2.30497e-07	
168	6.804000e-01	-2.44547e-07	
169	6.844500e-01	-2.59134e-07	
170	6.885000e-01	-2.73987e-07	

Index   v-sweep         vd#branch       
--------------------------------------------------------------------------------
171	6.925500e-01	-2.89633e-07	
172	6.966000e-01	-3.05796e-07	
173	7.006500e-01	-3.22469e-07	
174	7.047000e-01	-3.39640e-07	
175	7.087500e-01	-3.57301e-07	
176	7.128000e-01	-3.75440e-07	
177	7.168500e-01	-3.94047e-07	
178	7.209000e-01	-4.13111e-07	
179	7.249500e-01	-4.32618e-07	
180	7.290000e-01	-4.52559e-07	
181	7.330500e-01	-4.72920e-07	
182	7.371000e-01	-4.93690e-07	
183	7.411500e-01	-5.14858e-07	
184	7.452000e-01	-5.36411e-07	
185	7.492500e-01	-5.58339e-07	
186	7.533000e-01	-5.80629e-07	
187	7.573500e-01	-6.03271e-07	
188	7.614000e-01	-6.26255e-07	
189	7.654500e-01	-6.49569e-07	
190	7.695000e-01	-6.73202e-07	
191	7.735500e-01	-6.97146e-07	
192	7.776000e-01	-7.21391e-07	
193	7.816500e-01	-7.45926e-07	
194	7.857000e-01	-7.70743e-07	
195	7.897500e-01	-7.95833e-07	
196	7.938000e-01	-8.21188e-07	
197	7.978500e-01	-8.46799e-07	
198	8.019000e-01	-8.72657e-07	
199	8.059500e-01	-8.98757e-07	
200	8.100000e-01	-9.25089e-07	


Total analysis time (seconds) = 0.0257406

Total elapsed time (seconds) = 0.031 

Total DRAM available = 386307.215 MB.
DRAM currently available = 13277.691 MB.
Maximum ngspice program size =  529.719 MB.
Current ngspice program size =   14.020 MB.

Shared ngspice pages =   12.266 MB.
Text (code) pages =    6.266 MB.
Stack = 0 bytes.
Library pages =   59.137 MB.

