
Note: No compatibility mode selected!


Circuit: * id-vd sweep vgs=0.8100v

Doing analysis at TEMP = 27.000000 and TNOM = 27.000000

Using SPARSE 1.3 as Direct Linear Solver

No. of Data Rows : 101
                           * id-vd sweep vgs=0.8100v
                           DC transfer characteristic  Tue Jun 23 23:48:14  2026
--------------------------------------------------------------------------------
Index   v-sweep         vd#branch       v(d)            
--------------------------------------------------------------------------------
0	0.000000e+00	1.099304e-28	0.000000e+00	
1	8.100000e-03	-3.58374e-07	8.100000e-03	
2	1.620000e-02	-4.67601e-07	1.620000e-02	
3	2.430000e-02	-5.08379e-07	2.430000e-02	
4	3.240000e-02	-5.33558e-07	3.240000e-02	
5	4.050000e-02	-5.51971e-07	4.050000e-02	
6	4.860000e-02	-5.66603e-07	4.860000e-02	
7	5.670000e-02	-5.78831e-07	5.670000e-02	
8	6.480000e-02	-5.89406e-07	6.480000e-02	
9	7.290000e-02	-5.99322e-07	7.290000e-02	
10	8.100000e-02	-6.07662e-07	8.100000e-02	
11	8.910000e-02	-6.15330e-07	8.910000e-02	
12	9.720000e-02	-6.22455e-07	9.720000e-02	
13	1.053000e-01	-6.29132e-07	1.053000e-01	
14	1.134000e-01	-6.35433e-07	1.134000e-01	
15	1.215000e-01	-6.41416e-07	1.215000e-01	
16	1.296000e-01	-6.47126e-07	1.296000e-01	
17	1.377000e-01	-6.52599e-07	1.377000e-01	
18	1.458000e-01	-6.57864e-07	1.458000e-01	
19	1.539000e-01	-6.62945e-07	1.539000e-01	
20	1.620000e-01	-6.67864e-07	1.620000e-01	
21	1.701000e-01	-6.72637e-07	1.701000e-01	
22	1.782000e-01	-6.77279e-07	1.782000e-01	
23	1.863000e-01	-6.81802e-07	1.863000e-01	
24	1.944000e-01	-6.86217e-07	1.944000e-01	
25	2.025000e-01	-6.90533e-07	2.025000e-01	
26	2.106000e-01	-6.94760e-07	2.106000e-01	
27	2.187000e-01	-6.98904e-07	2.187000e-01	
28	2.268000e-01	-7.02971e-07	2.268000e-01	
29	2.349000e-01	-7.06967e-07	2.349000e-01	
30	2.430000e-01	-7.10897e-07	2.430000e-01	
31	2.511000e-01	-7.14767e-07	2.511000e-01	
32	2.592000e-01	-7.18579e-07	2.592000e-01	
33	2.673000e-01	-7.22338e-07	2.673000e-01	
34	2.754000e-01	-7.26048e-07	2.754000e-01	
35	2.835000e-01	-7.29710e-07	2.835000e-01	
36	2.916000e-01	-7.33329e-07	2.916000e-01	
37	2.997000e-01	-7.36906e-07	2.997000e-01	
38	3.078000e-01	-7.40444e-07	3.078000e-01	
39	3.159000e-01	-7.43945e-07	3.159000e-01	
40	3.240000e-01	-7.47411e-07	3.240000e-01	
41	3.321000e-01	-7.50845e-07	3.321000e-01	
42	3.402000e-01	-7.54247e-07	3.402000e-01	
43	3.483000e-01	-7.57619e-07	3.483000e-01	
44	3.564000e-01	-7.60963e-07	3.564000e-01	
45	3.645000e-01	-7.64280e-07	3.645000e-01	
46	3.726000e-01	-7.67571e-07	3.726000e-01	
47	3.807000e-01	-7.70839e-07	3.807000e-01	
48	3.888000e-01	-7.74082e-07	3.888000e-01	
49	3.969000e-01	-7.77304e-07	3.969000e-01	
50	4.050000e-01	-7.80504e-07	4.050000e-01	
51	4.131000e-01	-7.83684e-07	4.131000e-01	
52	4.212000e-01	-7.86844e-07	4.212000e-01	
53	4.293000e-01	-7.89986e-07	4.293000e-01	
54	4.374000e-01	-7.93110e-07	4.374000e-01	

Index   v-sweep         vd#branch       v(d)            
--------------------------------------------------------------------------------
55	4.455000e-01	-7.96217e-07	4.455000e-01	
56	4.536000e-01	-7.99307e-07	4.536000e-01	
57	4.617000e-01	-8.02381e-07	4.617000e-01	
58	4.698000e-01	-8.05440e-07	4.698000e-01	
59	4.779000e-01	-8.08485e-07	4.779000e-01	
60	4.860000e-01	-8.11515e-07	4.860000e-01	
61	4.941000e-01	-8.14532e-07	4.941000e-01	
62	5.022000e-01	-8.17536e-07	5.022000e-01	
63	5.103000e-01	-8.20527e-07	5.103000e-01	
64	5.184000e-01	-8.23506e-07	5.184000e-01	
65	5.265000e-01	-8.26473e-07	5.265000e-01	
66	5.346000e-01	-8.29429e-07	5.346000e-01	
67	5.427000e-01	-8.32374e-07	5.427000e-01	
68	5.508000e-01	-8.35309e-07	5.508000e-01	
69	5.589000e-01	-8.38233e-07	5.589000e-01	
70	5.670000e-01	-8.41147e-07	5.670000e-01	
71	5.751000e-01	-8.44052e-07	5.751000e-01	
72	5.832000e-01	-8.46948e-07	5.832000e-01	
73	5.913000e-01	-8.49834e-07	5.913000e-01	
74	5.994000e-01	-8.52712e-07	5.994000e-01	
75	6.075000e-01	-8.55582e-07	6.075000e-01	
76	6.156000e-01	-8.58443e-07	6.156000e-01	
77	6.237000e-01	-8.61297e-07	6.237000e-01	
78	6.318000e-01	-8.64143e-07	6.318000e-01	
79	6.399000e-01	-8.66981e-07	6.399000e-01	
80	6.480000e-01	-8.69813e-07	6.480000e-01	
81	6.561000e-01	-8.72637e-07	6.561000e-01	
82	6.642000e-01	-8.75454e-07	6.642000e-01	
83	6.723000e-01	-8.78265e-07	6.723000e-01	
84	6.804000e-01	-8.81070e-07	6.804000e-01	
85	6.885000e-01	-8.83868e-07	6.885000e-01	
86	6.966000e-01	-8.86661e-07	6.966000e-01	
87	7.047000e-01	-8.89447e-07	7.047000e-01	
88	7.128000e-01	-8.92228e-07	7.128000e-01	
89	7.209000e-01	-8.95004e-07	7.209000e-01	
90	7.290000e-01	-8.97773e-07	7.290000e-01	
91	7.371000e-01	-9.00538e-07	7.371000e-01	
92	7.452000e-01	-9.03298e-07	7.452000e-01	
93	7.533000e-01	-9.06052e-07	7.533000e-01	
94	7.614000e-01	-9.08802e-07	7.614000e-01	
95	7.695000e-01	-9.11547e-07	7.695000e-01	
96	7.776000e-01	-9.14288e-07	7.776000e-01	
97	7.857000e-01	-9.17024e-07	7.857000e-01	
98	7.938000e-01	-9.19755e-07	7.938000e-01	
99	8.019000e-01	-9.22483e-07	8.019000e-01	
100	8.100000e-01	-9.25206e-07	8.100000e-01	


Total analysis time (seconds) = 0.00715592

Total elapsed time (seconds) = 0.012 

Total DRAM available = 386307.215 MB.
DRAM currently available = 14014.660 MB.
Maximum ngspice program size =  529.723 MB.
Current ngspice program size =   14.062 MB.

Shared ngspice pages =   12.293 MB.
Text (code) pages =    6.266 MB.
Stack = 0 bytes.
Library pages =   59.141 MB.

