
Note: No compatibility mode selected!


Circuit: * id-vd sweep vgs=0.9315v

Doing analysis at TEMP = 27.000000 and TNOM = 27.000000

Using SPARSE 1.3 as Direct Linear Solver

No. of Data Rows : 101
                           * id-vd sweep vgs=0.9315v
                           DC transfer characteristic  Tue Jun 23 21:12:57  2026
--------------------------------------------------------------------------------
Index   v-sweep         vd#branch       v(d)            
--------------------------------------------------------------------------------
0	0.000000e+00	1.645222e-28	0.000000e+00	
1	8.100000e-03	-5.38480e-07	8.100000e-03	
2	1.620000e-02	-8.92392e-07	1.620000e-02	
3	2.430000e-02	-1.02958e-06	2.430000e-02	
4	3.240000e-02	-1.10032e-06	3.240000e-02	
5	4.050000e-02	-1.14810e-06	4.050000e-02	
6	4.860000e-02	-1.18417e-06	4.860000e-02	
7	5.670000e-02	-1.21320e-06	5.670000e-02	
8	6.480000e-02	-1.23756e-06	6.480000e-02	
9	7.290000e-02	-1.25862e-06	7.290000e-02	
10	8.100000e-02	-1.27833e-06	8.100000e-02	
11	8.910000e-02	-1.29478e-06	8.910000e-02	
12	9.720000e-02	-1.30979e-06	9.720000e-02	
13	1.053000e-01	-1.32362e-06	1.053000e-01	
14	1.134000e-01	-1.33648e-06	1.134000e-01	
15	1.215000e-01	-1.34851e-06	1.215000e-01	
16	1.296000e-01	-1.35983e-06	1.296000e-01	
17	1.377000e-01	-1.37054e-06	1.377000e-01	
18	1.458000e-01	-1.38072e-06	1.458000e-01	
19	1.539000e-01	-1.39042e-06	1.539000e-01	
20	1.620000e-01	-1.39970e-06	1.620000e-01	
21	1.701000e-01	-1.40862e-06	1.701000e-01	
22	1.782000e-01	-1.41720e-06	1.782000e-01	
23	1.863000e-01	-1.42547e-06	1.863000e-01	
24	1.944000e-01	-1.43348e-06	1.944000e-01	
25	2.025000e-01	-1.44123e-06	2.025000e-01	
26	2.106000e-01	-1.44875e-06	2.106000e-01	
27	2.187000e-01	-1.45607e-06	2.187000e-01	
28	2.268000e-01	-1.46318e-06	2.268000e-01	
29	2.349000e-01	-1.47013e-06	2.349000e-01	
30	2.430000e-01	-1.47690e-06	2.430000e-01	
31	2.511000e-01	-1.48352e-06	2.511000e-01	
32	2.592000e-01	-1.48999e-06	2.592000e-01	
33	2.673000e-01	-1.49634e-06	2.673000e-01	
34	2.754000e-01	-1.50255e-06	2.754000e-01	
35	2.835000e-01	-1.50865e-06	2.835000e-01	
36	2.916000e-01	-1.51463e-06	2.916000e-01	
37	2.997000e-01	-1.52051e-06	2.997000e-01	
38	3.078000e-01	-1.52630e-06	3.078000e-01	
39	3.159000e-01	-1.53199e-06	3.159000e-01	
40	3.240000e-01	-1.53759e-06	3.240000e-01	
41	3.321000e-01	-1.54310e-06	3.321000e-01	
42	3.402000e-01	-1.54854e-06	3.402000e-01	
43	3.483000e-01	-1.55391e-06	3.483000e-01	
44	3.564000e-01	-1.55920e-06	3.564000e-01	
45	3.645000e-01	-1.56442e-06	3.645000e-01	
46	3.726000e-01	-1.56958e-06	3.726000e-01	
47	3.807000e-01	-1.57467e-06	3.807000e-01	
48	3.888000e-01	-1.57971e-06	3.888000e-01	
49	3.969000e-01	-1.58469e-06	3.969000e-01	
50	4.050000e-01	-1.58961e-06	4.050000e-01	
51	4.131000e-01	-1.59448e-06	4.131000e-01	
52	4.212000e-01	-1.59931e-06	4.212000e-01	
53	4.293000e-01	-1.60408e-06	4.293000e-01	
54	4.374000e-01	-1.60881e-06	4.374000e-01	

Index   v-sweep         vd#branch       v(d)            
--------------------------------------------------------------------------------
55	4.455000e-01	-1.61350e-06	4.455000e-01	
56	4.536000e-01	-1.61814e-06	4.536000e-01	
57	4.617000e-01	-1.62274e-06	4.617000e-01	
58	4.698000e-01	-1.62730e-06	4.698000e-01	
59	4.779000e-01	-1.63182e-06	4.779000e-01	
60	4.860000e-01	-1.63631e-06	4.860000e-01	
61	4.941000e-01	-1.64076e-06	4.941000e-01	
62	5.022000e-01	-1.64518e-06	5.022000e-01	
63	5.103000e-01	-1.64957e-06	5.103000e-01	
64	5.184000e-01	-1.65392e-06	5.184000e-01	
65	5.265000e-01	-1.65824e-06	5.265000e-01	
66	5.346000e-01	-1.66253e-06	5.346000e-01	
67	5.427000e-01	-1.66680e-06	5.427000e-01	
68	5.508000e-01	-1.67103e-06	5.508000e-01	
69	5.589000e-01	-1.67524e-06	5.589000e-01	
70	5.670000e-01	-1.67942e-06	5.670000e-01	
71	5.751000e-01	-1.68358e-06	5.751000e-01	
72	5.832000e-01	-1.68771e-06	5.832000e-01	
73	5.913000e-01	-1.69182e-06	5.913000e-01	
74	5.994000e-01	-1.69590e-06	5.994000e-01	
75	6.075000e-01	-1.69996e-06	6.075000e-01	
76	6.156000e-01	-1.70400e-06	6.156000e-01	
77	6.237000e-01	-1.70802e-06	6.237000e-01	
78	6.318000e-01	-1.71202e-06	6.318000e-01	
79	6.399000e-01	-1.71600e-06	6.399000e-01	
80	6.480000e-01	-1.71996e-06	6.480000e-01	
81	6.561000e-01	-1.72390e-06	6.561000e-01	
82	6.642000e-01	-1.72782e-06	6.642000e-01	
83	6.723000e-01	-1.73172e-06	6.723000e-01	
84	6.804000e-01	-1.73560e-06	6.804000e-01	
85	6.885000e-01	-1.73947e-06	6.885000e-01	
86	6.966000e-01	-1.74332e-06	6.966000e-01	
87	7.047000e-01	-1.74716e-06	7.047000e-01	
88	7.128000e-01	-1.75098e-06	7.128000e-01	
89	7.209000e-01	-1.75478e-06	7.209000e-01	
90	7.290000e-01	-1.75857e-06	7.290000e-01	
91	7.371000e-01	-1.76234e-06	7.371000e-01	
92	7.452000e-01	-1.76610e-06	7.452000e-01	
93	7.533000e-01	-1.76984e-06	7.533000e-01	
94	7.614000e-01	-1.77357e-06	7.614000e-01	
95	7.695000e-01	-1.77729e-06	7.695000e-01	
96	7.776000e-01	-1.78099e-06	7.776000e-01	
97	7.857000e-01	-1.78468e-06	7.857000e-01	
98	7.938000e-01	-1.78836e-06	7.938000e-01	
99	8.019000e-01	-1.79203e-06	8.019000e-01	
100	8.100000e-01	-1.79568e-06	8.100000e-01	


Total analysis time (seconds) = 0.0129897

Total elapsed time (seconds) = 0.018 

Total DRAM available = 386307.215 MB.
DRAM currently available = 13278.430 MB.
Maximum ngspice program size =  529.723 MB.
Current ngspice program size =   13.977 MB.

Shared ngspice pages =   12.211 MB.
Text (code) pages =    6.266 MB.
Stack = 0 bytes.
Library pages =   59.141 MB.

