
Note: No compatibility mode selected!


Circuit: * id-vg sweep vds=0.4675v

Doing analysis at TEMP = 27.000000 and TNOM = 27.000000

Using SPARSE 1.3 as Direct Linear Solver

No. of Data Rows : 201

  Measurements for DC Analysis

ion                 =  -6.65940e-07 at=  9.35000e-01
ioff                =  -8.17506e-15

                           * id-vg sweep vds=0.4675v
                           DC transfer characteristic  Tue Jun 23 16:33:12  2026
--------------------------------------------------------------------------------
Index   v-sweep         vd#branch       
--------------------------------------------------------------------------------
0	0.000000e+00	-8.17506e-15	
1	4.675000e-03	-9.44771e-15	
2	9.350000e-03	-1.10391e-14	
3	1.402500e-02	-1.28986e-14	
4	1.870000e-02	-1.50714e-14	
5	2.337500e-02	-1.76101e-14	
6	2.805000e-02	-2.05764e-14	
7	3.272500e-02	-2.40425e-14	
8	3.740000e-02	-2.80923e-14	
9	4.207500e-02	-3.28244e-14	
10	4.675000e-02	-3.83535e-14	
11	5.142500e-02	-4.48140e-14	
12	5.610000e-02	-5.23628e-14	
13	6.077500e-02	-6.11831e-14	
14	6.545000e-02	-7.14891e-14	
15	7.012500e-02	-8.35312e-14	
16	7.480000e-02	-9.76017e-14	
17	7.947500e-02	-1.14042e-13	
18	8.415000e-02	-1.33252e-13	
19	8.882500e-02	-1.55698e-13	
20	9.350000e-02	-1.81925e-13	
21	9.817500e-02	-2.12569e-13	
22	1.028500e-01	-2.48376e-13	
23	1.075250e-01	-2.90213e-13	
24	1.122000e-01	-3.39098e-13	
25	1.168750e-01	-3.96218e-13	
26	1.215500e-01	-4.62958e-13	
27	1.262250e-01	-5.40941e-13	
28	1.309000e-01	-6.32060e-13	
29	1.355750e-01	-7.38526e-13	
30	1.402500e-01	-8.62926e-13	
31	1.449250e-01	-1.00828e-12	
32	1.496000e-01	-1.17812e-12	
33	1.542750e-01	-1.37656e-12	
34	1.589500e-01	-1.60843e-12	
35	1.636250e-01	-1.87935e-12	
36	1.683000e-01	-2.19591e-12	
37	1.729750e-01	-2.56578e-12	
38	1.776500e-01	-2.99795e-12	
39	1.823250e-01	-3.50291e-12	
40	1.870000e-01	-4.09291e-12	
41	1.916750e-01	-4.78228e-12	
42	1.963500e-01	-5.58774e-12	
43	2.010250e-01	-6.52885e-12	
44	2.057000e-01	-7.62843e-12	
45	2.103750e-01	-8.91317e-12	
46	2.150500e-01	-1.04142e-11	
47	2.197250e-01	-1.21680e-11	
48	2.244000e-01	-1.42171e-11	
49	2.290750e-01	-1.66111e-11	
50	2.337500e-01	-1.94080e-11	
51	2.384250e-01	-2.26757e-11	
52	2.431000e-01	-2.64932e-11	
53	2.477750e-01	-3.09530e-11	
54	2.524500e-01	-3.61630e-11	

Index   v-sweep         vd#branch       
--------------------------------------------------------------------------------
55	2.571250e-01	-4.22491e-11	
56	2.618000e-01	-4.93585e-11	
57	2.664750e-01	-5.76627e-11	
58	2.711500e-01	-6.73621e-11	
59	2.758250e-01	-7.86903e-11	
60	2.805000e-01	-9.19200e-11	
61	2.851750e-01	-1.08548e-10	
62	2.898500e-01	-1.26783e-10	
63	2.945250e-01	-1.48072e-10	
64	2.992000e-01	-1.72923e-10	
65	3.038750e-01	-2.01927e-10	
66	3.085500e-01	-2.35770e-10	
67	3.132250e-01	-2.75253e-10	
68	3.179000e-01	-3.21303e-10	
69	3.225750e-01	-3.74996e-10	
70	3.272500e-01	-4.37579e-10	
71	3.319250e-01	-5.10494e-10	
72	3.366000e-01	-5.95407e-10	
73	3.412750e-01	-6.94237e-10	
74	3.459500e-01	-8.09195e-10	
75	3.506250e-01	-9.42813e-10	
76	3.553000e-01	-1.09799e-09	
77	3.599750e-01	-1.27803e-09	
78	3.646500e-01	-1.48669e-09	
79	3.693250e-01	-1.72820e-09	
80	3.740000e-01	-2.00734e-09	
81	3.786750e-01	-2.32943e-09	
82	3.833500e-01	-2.70038e-09	
83	3.880250e-01	-3.12673e-09	
84	3.927000e-01	-3.61557e-09	
85	3.973750e-01	-4.17458e-09	
86	4.020500e-01	-4.81198e-09	
87	4.067250e-01	-5.53641e-09	
88	4.114000e-01	-6.35685e-09	
89	4.160750e-01	-7.28246e-09	
90	4.207500e-01	-8.32242e-09	
91	4.254250e-01	-9.48569e-09	
92	4.301000e-01	-1.07808e-08	
93	4.347750e-01	-1.22158e-08	
94	4.394500e-01	-1.37978e-08	
95	4.441250e-01	-1.55330e-08	
96	4.488000e-01	-1.74264e-08	
97	4.534750e-01	-1.94821e-08	
98	4.581500e-01	-2.17028e-08	
99	4.628250e-01	-2.40901e-08	
100	4.675000e-01	-2.66446e-08	
101	4.721750e-01	-2.93657e-08	
102	4.768500e-01	-3.22519e-08	
103	4.815250e-01	-3.53011e-08	
104	4.862000e-01	-3.85103e-08	
105	4.908750e-01	-4.18761e-08	
106	4.955500e-01	-4.53946e-08	
107	5.002250e-01	-4.90616e-08	
108	5.049000e-01	-5.28727e-08	
109	5.095750e-01	-5.68232e-08	
110	5.142500e-01	-6.09084e-08	
111	5.189250e-01	-6.50594e-08	
112	5.236000e-01	-6.94024e-08	

Index   v-sweep         vd#branch       
--------------------------------------------------------------------------------
113	5.282750e-01	-7.38660e-08	
114	5.329500e-01	-7.84455e-08	
115	5.376250e-01	-8.31365e-08	
116	5.423000e-01	-8.79347e-08	
117	5.469750e-01	-9.28359e-08	
118	5.516500e-01	-9.78360e-08	
119	5.563250e-01	-1.02931e-07	
120	5.610000e-01	-1.08118e-07	
121	5.656750e-01	-1.13392e-07	
122	5.703500e-01	-1.18750e-07	
123	5.750250e-01	-1.24190e-07	
124	5.797000e-01	-1.29708e-07	
125	5.843750e-01	-1.35301e-07	
126	5.890500e-01	-1.40967e-07	
127	5.937250e-01	-1.46702e-07	
128	5.984000e-01	-1.52505e-07	
129	6.030750e-01	-1.58374e-07	
130	6.077500e-01	-1.64305e-07	
131	6.124250e-01	-1.70297e-07	
132	6.171000e-01	-1.76348e-07	
133	6.217750e-01	-1.82456e-07	
134	6.264500e-01	-1.88619e-07	
135	6.311250e-01	-1.94836e-07	
136	6.358000e-01	-2.01104e-07	
137	6.404750e-01	-2.07423e-07	
138	6.451500e-01	-2.13791e-07	
139	6.498250e-01	-2.20206e-07	
140	6.545000e-01	-2.26667e-07	
141	6.591750e-01	-2.33173e-07	
142	6.638500e-01	-2.39722e-07	
143	6.685250e-01	-2.46314e-07	
144	6.732000e-01	-2.52947e-07	
145	6.778750e-01	-2.59620e-07	
146	6.825500e-01	-2.66332e-07	
147	6.872250e-01	-2.73082e-07	
148	6.919000e-01	-2.79869e-07	
149	6.965750e-01	-2.86692e-07	
150	7.012500e-01	-2.93549e-07	
151	7.059250e-01	-3.00441e-07	
152	7.106000e-01	-3.07366e-07	
153	7.152750e-01	-3.14323e-07	
154	7.199500e-01	-3.21311e-07	
155	7.246250e-01	-3.28330e-07	
156	7.293000e-01	-3.35379e-07	
157	7.339750e-01	-3.42457e-07	
158	7.386500e-01	-3.49563e-07	
159	7.433250e-01	-3.56697e-07	
160	7.480000e-01	-3.63858e-07	
161	7.526750e-01	-3.71044e-07	
162	7.573500e-01	-3.78256e-07	
163	7.620250e-01	-3.85493e-07	
164	7.667000e-01	-3.92754e-07	
165	7.713750e-01	-4.00039e-07	
166	7.760500e-01	-4.07346e-07	
167	7.807250e-01	-4.14676e-07	
168	7.854000e-01	-4.22027e-07	
169	7.900750e-01	-4.29399e-07	
170	7.947500e-01	-4.36792e-07	

Index   v-sweep         vd#branch       
--------------------------------------------------------------------------------
171	7.994250e-01	-4.44206e-07	
172	8.041000e-01	-4.51638e-07	
173	8.087750e-01	-4.59090e-07	
174	8.134500e-01	-4.66560e-07	
175	8.181250e-01	-4.74048e-07	
176	8.228000e-01	-4.81554e-07	
177	8.274750e-01	-4.89077e-07	
178	8.321500e-01	-4.96617e-07	
179	8.368250e-01	-5.04173e-07	
180	8.415000e-01	-5.11745e-07	
181	8.461750e-01	-5.19332e-07	
182	8.508500e-01	-5.26934e-07	
183	8.555250e-01	-5.34551e-07	
184	8.602000e-01	-5.42182e-07	
185	8.648750e-01	-5.49826e-07	
186	8.695500e-01	-5.57485e-07	
187	8.742250e-01	-5.65156e-07	
188	8.789000e-01	-5.72841e-07	
189	8.835750e-01	-5.80538e-07	
190	8.882500e-01	-5.88247e-07	
191	8.929250e-01	-5.95967e-07	
192	8.976000e-01	-6.03700e-07	
193	9.022750e-01	-6.11443e-07	
194	9.069500e-01	-6.19198e-07	
195	9.116250e-01	-6.26963e-07	
196	9.163000e-01	-6.34739e-07	
197	9.209750e-01	-6.42525e-07	
198	9.256500e-01	-6.50320e-07	
199	9.303250e-01	-6.58125e-07	
200	9.350000e-01	-6.65940e-07	


Total analysis time (seconds) = 0.137998

Total elapsed time (seconds) = 0.147 

Total DRAM available = 386307.215 MB.
DRAM currently available = 20690.492 MB.
Maximum ngspice program size =  529.719 MB.
Current ngspice program size =   14.027 MB.

Shared ngspice pages =   12.262 MB.
Text (code) pages =    6.266 MB.
Stack = 0 bytes.
Library pages =   59.137 MB.

