
Note: No compatibility mode selected!


Circuit: * wl switching transient

Doing analysis at TEMP = 27.000000 and TNOM = 27.000000

Using SPARSE 1.3 as Direct Linear Solver

Initial Transient Solution
--------------------------

Node                                   Voltage
----                                   -------
b                                            0
d                                       0.4675
g                                            0
s                                            0
vg#branch                                    0
vd#branch                         -8.17506e-15
vs#branch                          8.17506e-15
vb#branch                                    0


No. of Data Rows : 217
                            * wl switching transient
                            Transient Analysis  Tue Jun 23 23:46:59  2026
--------------------------------------------------------------------------------
Index   time            v(g)            vg#branch       
--------------------------------------------------------------------------------
0	0.000000e+00	0.000000e+00	0.000000e+00	
1	1.000000e-12	0.000000e+00	2.330833e-22	
2	2.000000e-12	0.000000e+00	2.330833e-22	
3	4.000000e-12	0.000000e+00	2.330833e-22	
4	8.000000e-12	0.000000e+00	1.165417e-22	
5	1.600000e-11	0.000000e+00	-4.76083e-23	
6	3.200000e-11	0.000000e+00	-2.38041e-23	
7	6.400000e-11	0.000000e+00	1.456771e-23	
8	1.280000e-10	0.000000e+00	7.283854e-24	
9	2.280000e-10	0.000000e+00	-3.92782e-23	
10	3.280000e-10	0.000000e+00	1.366139e-23	
11	4.280000e-10	0.000000e+00	-2.60433e-23	
12	5.280000e-10	0.000000e+00	1.366139e-23	
13	6.280000e-10	0.000000e+00	-2.60433e-23	
14	7.280000e-10	0.000000e+00	1.366139e-23	
15	8.280000e-10	0.000000e+00	-2.60433e-23	
16	9.140000e-10	0.000000e+00	2.050216e-23	
17	1.000000e-09	0.000000e+00	-5.96762e-24	
18	1.010000e-09	9.350000e-03	-1.08578e-08	
19	1.030000e-09	2.805000e-02	-1.13845e-08	
20	1.070000e-09	6.545000e-02	-1.08772e-08	
21	1.150000e-09	1.402500e-01	-1.13752e-08	
22	1.250000e-09	2.337500e-01	-1.08945e-08	
23	1.350000e-09	3.272500e-01	-1.16357e-08	
24	1.450000e-09	4.207500e-01	-1.58534e-08	
25	1.550000e-09	5.142500e-01	-4.17655e-08	
26	1.650000e-09	6.077500e-01	-5.14031e-08	
27	1.750000e-09	7.012500e-01	-5.90484e-08	
28	1.850000e-09	7.947500e-01	-6.06889e-08	
29	1.925000e-09	8.648750e-01	-6.41184e-08	
30	2.000000e-09	9.350000e-01	-6.40614e-08	
31	2.010000e-09	9.350000e-01	-9.62038e-09	
32	2.030000e-09	9.350000e-01	6.613485e-09	
33	2.070000e-09	9.350000e-01	-5.49471e-09	
34	2.150000e-09	9.350000e-01	5.010533e-09	
35	2.250000e-09	9.350000e-01	-4.65452e-09	
36	2.350000e-09	9.350000e-01	4.324249e-09	
37	2.450000e-09	9.350000e-01	-4.01774e-09	
38	2.550000e-09	9.350000e-01	3.733362e-09	
39	2.650000e-09	9.350000e-01	-3.46944e-09	
40	2.750000e-09	9.350000e-01	3.224570e-09	
41	2.850000e-09	9.350000e-01	-2.99731e-09	
42	2.950000e-09	9.350000e-01	2.786433e-09	
43	3.050000e-09	9.350000e-01	-2.59072e-09	
44	3.150000e-09	9.350000e-01	2.409105e-09	
45	3.250000e-09	9.350000e-01	-2.24054e-09	
46	3.350000e-09	9.350000e-01	2.084112e-09	
47	3.450000e-09	9.350000e-01	-1.93892e-09	
48	3.550000e-09	9.350000e-01	1.804164e-09	
49	3.650000e-09	9.350000e-01	-1.67908e-09	
50	3.750000e-09	9.350000e-01	1.562986e-09	
51	3.850000e-09	9.350000e-01	-1.45521e-09	
52	3.950000e-09	9.350000e-01	1.355177e-09	
53	4.050000e-09	9.350000e-01	-1.26231e-09	
54	4.150000e-09	9.350000e-01	1.176091e-09	

Index   time            v(g)            vg#branch       
--------------------------------------------------------------------------------
55	4.250000e-09	9.350000e-01	-1.09605e-09	
56	4.350000e-09	9.350000e-01	1.021729e-09	
57	4.450000e-09	9.350000e-01	-9.52722e-10	
58	4.550000e-09	9.350000e-01	8.886480e-10	
59	4.650000e-09	9.350000e-01	-8.29145e-10	
60	4.750000e-09	9.350000e-01	7.738876e-10	
61	4.850000e-09	9.350000e-01	-7.22566e-10	
62	4.950000e-09	9.350000e-01	6.748987e-10	
63	5.050000e-09	9.350000e-01	-6.30620e-10	
64	5.150000e-09	9.350000e-01	5.894875e-10	
65	5.250000e-09	9.350000e-01	-5.51273e-10	
66	5.350000e-09	9.350000e-01	5.157664e-10	
67	5.450000e-09	9.350000e-01	-4.82772e-10	
68	5.550000e-09	9.350000e-01	4.521107e-10	
69	5.650000e-09	9.350000e-01	-4.23612e-10	
70	5.750000e-09	9.350000e-01	3.971222e-10	
71	5.850000e-09	9.350000e-01	-3.72495e-10	
72	5.950000e-09	9.350000e-01	3.495974e-10	
73	6.050000e-09	9.350000e-01	-3.28304e-10	
74	6.150000e-09	9.350000e-01	3.085006e-10	
75	6.250000e-09	9.350000e-01	-2.90079e-10	
76	6.350000e-09	9.350000e-01	2.729406e-10	
77	6.450000e-09	9.350000e-01	-2.56993e-10	
78	6.550000e-09	9.350000e-01	2.421501e-10	
79	6.650000e-09	9.350000e-01	-2.28333e-10	
80	6.750000e-09	9.350000e-01	2.154687e-10	
81	6.850000e-09	9.350000e-01	-2.03488e-10	
82	6.950000e-09	9.350000e-01	1.923282e-10	
83	7.050000e-09	9.350000e-01	-1.81930e-10	
84	7.150000e-09	9.350000e-01	1.722392e-10	
85	7.250000e-09	9.350000e-01	-1.63205e-10	
86	7.350000e-09	9.350000e-01	1.547807e-10	
87	7.450000e-09	9.350000e-01	-1.46922e-10	
88	7.550000e-09	9.350000e-01	1.395901e-10	
89	7.650000e-09	9.350000e-01	-1.32746e-10	
90	7.750000e-09	9.350000e-01	1.263555e-10	
91	7.850000e-09	9.350000e-01	-1.20386e-10	
92	7.950000e-09	9.350000e-01	1.148082e-10	
93	8.050000e-09	9.350000e-01	-1.09594e-10	
94	8.150000e-09	9.350000e-01	1.047169e-10	
95	8.250000e-09	9.350000e-01	-1.00154e-10	
96	8.350000e-09	9.350000e-01	9.588244e-11	
97	8.450000e-09	9.350000e-01	-9.18820e-11	
98	8.550000e-09	9.350000e-01	8.813340e-11	
99	8.650000e-09	9.350000e-01	-8.46189e-11	
100	8.750000e-09	9.350000e-01	8.132213e-11	
101	8.850000e-09	9.350000e-01	-7.82277e-11	
102	8.950000e-09	9.350000e-01	7.532148e-11	
103	9.050000e-09	9.350000e-01	-7.25903e-11	
104	9.150000e-09	9.350000e-01	7.002194e-11	
105	9.250000e-09	9.350000e-01	-6.76051e-11	
106	9.350000e-09	9.350000e-01	6.532919e-11	
107	9.450000e-09	9.350000e-01	-6.31845e-11	
108	9.550000e-09	9.350000e-01	6.116196e-11	
109	9.650000e-09	9.350000e-01	-5.92531e-11	
110	9.750000e-09	9.350000e-01	5.745024e-11	
111	9.850000e-09	9.350000e-01	-5.57460e-11	
112	9.925000e-09	9.350000e-01	5.361510e-11	

Index   time            v(g)            vg#branch       
--------------------------------------------------------------------------------
113	1.000000e-08	9.350000e-01	-5.16331e-11	
114	1.001000e-08	9.350000e-01	-3.17722e-12	
115	1.003000e-08	9.350000e-01	2.483786e-12	
116	1.007000e-08	9.350000e-01	-2.21828e-12	
117	1.015000e-08	9.350000e-01	2.101366e-12	
118	1.025000e-08	9.350000e-01	-2.01450e-12	
119	1.035000e-08	9.350000e-01	1.933076e-12	
120	1.045000e-08	9.350000e-01	-1.85672e-12	
121	1.055000e-08	9.350000e-01	1.785085e-12	
122	1.065000e-08	9.350000e-01	-1.71783e-12	
123	1.075000e-08	9.350000e-01	1.654642e-12	
124	1.085000e-08	9.350000e-01	-1.59525e-12	
125	1.095000e-08	9.350000e-01	1.539379e-12	
126	1.105000e-08	9.350000e-01	-1.48679e-12	
127	1.115000e-08	9.350000e-01	1.437255e-12	
128	1.125000e-08	9.350000e-01	-1.39056e-12	
129	1.135000e-08	9.350000e-01	1.346512e-12	
130	1.145000e-08	9.350000e-01	-1.30493e-12	
131	1.155000e-08	9.350000e-01	1.265636e-12	
132	1.165000e-08	9.350000e-01	-1.22848e-12	
133	1.175000e-08	9.350000e-01	1.193322e-12	
134	1.185000e-08	9.350000e-01	-1.16002e-12	
135	1.195000e-08	9.350000e-01	1.128444e-12	
136	1.205000e-08	9.350000e-01	-1.09849e-12	
137	1.215000e-08	9.350000e-01	1.070033e-12	
138	1.225000e-08	9.350000e-01	-1.04299e-12	
139	1.235000e-08	9.350000e-01	1.017253e-12	
140	1.245000e-08	9.350000e-01	-9.92745e-13	
141	1.255000e-08	9.350000e-01	9.693827e-13	
142	1.265000e-08	9.350000e-01	-9.47090e-13	
143	1.275000e-08	9.350000e-01	9.257990e-13	
144	1.285000e-08	9.350000e-01	-9.05444e-13	
145	1.295000e-08	9.350000e-01	8.859652e-13	
146	1.305000e-08	9.350000e-01	-8.67307e-13	
147	1.315000e-08	9.350000e-01	8.494175e-13	
148	1.325000e-08	9.350000e-01	-8.32248e-13	
149	1.335000e-08	9.350000e-01	8.157552e-13	
150	1.345000e-08	9.350000e-01	-7.99896e-13	
151	1.355000e-08	9.350000e-01	7.846321e-13	
152	1.365000e-08	9.350000e-01	-7.69928e-13	
153	1.375000e-08	9.350000e-01	7.557490e-13	
154	1.385000e-08	9.350000e-01	-7.42065e-13	
155	1.395000e-08	9.350000e-01	7.288469e-13	
156	1.405000e-08	9.350000e-01	-7.16067e-13	
157	1.415000e-08	9.350000e-01	7.037014e-13	
158	1.425000e-08	9.350000e-01	-6.91726e-13	
159	1.435000e-08	9.350000e-01	6.801183e-13	
160	1.445000e-08	9.350000e-01	-6.68859e-13	
161	1.455000e-08	9.350000e-01	6.579292e-13	
162	1.465000e-08	9.350000e-01	-6.47311e-13	
163	1.475000e-08	9.350000e-01	6.369878e-13	
164	1.485000e-08	9.350000e-01	-6.26945e-13	
165	1.495000e-08	9.350000e-01	6.171671e-13	
166	1.505000e-08	9.350000e-01	-6.07642e-13	
167	1.515000e-08	9.350000e-01	5.983564e-13	
168	1.525000e-08	9.350000e-01	-5.89299e-13	
169	1.535000e-08	9.350000e-01	5.804596e-13	
170	1.545000e-08	9.350000e-01	-5.71827e-13	

Index   time            v(g)            vg#branch       
--------------------------------------------------------------------------------
171	1.555000e-08	9.350000e-01	5.633926e-13	
172	1.565000e-08	9.350000e-01	-5.55147e-13	
173	1.575000e-08	9.350000e-01	5.470820e-13	
174	1.585000e-08	9.350000e-01	-5.39190e-13	
175	1.595000e-08	9.350000e-01	5.314637e-13	
176	1.605000e-08	9.350000e-01	-5.23896e-13	
177	1.615000e-08	9.350000e-01	5.164813e-13	
178	1.625000e-08	9.350000e-01	-5.09213e-13	
179	1.635000e-08	9.350000e-01	5.020853e-13	
180	1.645000e-08	9.350000e-01	-4.95093e-13	
181	1.655000e-08	9.350000e-01	4.882321e-13	
182	1.665000e-08	9.350000e-01	-4.81497e-13	
183	1.675000e-08	9.350000e-01	4.748833e-13	
184	1.685000e-08	9.350000e-01	-4.68387e-13	
185	1.695000e-08	9.350000e-01	4.620048e-13	
186	1.705000e-08	9.350000e-01	-4.55732e-13	
187	1.715000e-08	9.350000e-01	4.495664e-13	
188	1.725000e-08	9.350000e-01	-4.43504e-13	
189	1.735000e-08	9.350000e-01	4.375412e-13	
190	1.745000e-08	9.350000e-01	-4.31676e-13	
191	1.755000e-08	9.350000e-01	4.259051e-13	
192	1.765000e-08	9.350000e-01	-4.20226e-13	
193	1.775000e-08	9.350000e-01	4.146366e-13	
194	1.785000e-08	9.350000e-01	-4.09134e-13	
195	1.795000e-08	9.350000e-01	4.037164e-13	
196	1.805000e-08	9.350000e-01	-3.98381e-13	
197	1.815000e-08	9.350000e-01	3.931269e-13	
198	1.825000e-08	9.350000e-01	-3.87951e-13	
199	1.835000e-08	9.350000e-01	3.828524e-13	
200	1.845000e-08	9.350000e-01	-3.77829e-13	
201	1.855000e-08	9.350000e-01	3.728784e-13	
202	1.865000e-08	9.350000e-01	-3.68000e-13	
203	1.875000e-08	9.350000e-01	3.631918e-13	
204	1.885000e-08	9.350000e-01	-3.58452e-13	
205	1.895000e-08	9.350000e-01	3.537806e-13	
206	1.905000e-08	9.350000e-01	-3.49175e-13	
207	1.915000e-08	9.350000e-01	3.446337e-13	
208	1.925000e-08	9.350000e-01	-3.40156e-13	
209	1.935000e-08	9.350000e-01	3.357409e-13	
210	1.945000e-08	9.350000e-01	-3.31387e-13	
211	1.955000e-08	9.350000e-01	3.270928e-13	
212	1.965000e-08	9.350000e-01	-3.22858e-13	
213	1.975000e-08	9.350000e-01	3.186804e-13	
214	1.985000e-08	9.350000e-01	-3.14560e-13	
215	1.992500e-08	9.350000e-01	3.091530e-13	
216	2.000000e-08	9.350000e-01	-3.03843e-13	


Total analysis time (seconds) = 0.017673

Total elapsed time (seconds) = 0.026 

Total DRAM available = 386307.215 MB.
DRAM currently available = 14161.789 MB.
Maximum ngspice program size =  529.715 MB.
Current ngspice program size =   14.027 MB.

Shared ngspice pages =   12.266 MB.
Text (code) pages =    6.266 MB.
Stack = 0 bytes.
Library pages =   59.133 MB.

