
Note: No compatibility mode selected!


Circuit: * 1t1c ccell=30.0ff

Doing analysis at TEMP = 27.000000 and TNOM = 27.000000

Using SPARSE 1.3 as Direct Linear Solver

Initial Transient Solution
--------------------------

Node                                   Voltage
----                                   -------
pre                                     0.4675
bl                                      0.4675
wl                                           0
plate                                        0
b                                            0
s                                            0
cell                                         0
vs#branch                                    0
vb#branch                                    0
vpl#branch                                   0
vwl#branch                                   0
vpre#branch                                  0


No. of Data Rows : 832

  Measurements for Transient Analysis

t_write             =  1.90018e-09
t_read              =  2.28579e-08
i_hold              =  -8.54207e-12 from=  2.50000e-08 to=  3.50250e-08
q_read              =   1.47399e-19 from=  1.20000e-08 to=  2.20000e-08

                              * 1t1c ccell=30.0ff
                              Transient Analysis  Tue Jun 23 16:33:27  2026
--------------------------------------------------------------------------------
Index   time            v(cell)         v(bl)           vpre#branch     
--------------------------------------------------------------------------------
0	0.000000e+00	0.000000e+00	4.675000e-01	0.000000e+00	
1	5.000000e-13	1.362329e-13	4.675000e-01	-1.02716e-17	
2	1.000000e-12	2.724598e-13	4.675000e-01	-1.71234e-17	
3	2.000000e-12	5.449096e-13	4.675000e-01	-3.08156e-17	
4	4.000000e-12	1.089804e-12	4.675000e-01	-5.81310e-17	
5	8.000000e-12	2.179596e-12	4.675000e-01	-1.12488e-16	
6	1.600000e-11	4.359179e-12	4.675000e-01	-2.20112e-16	
7	3.200000e-11	8.718344e-12	4.675000e-01	-4.31080e-16	
8	6.400000e-11	1.743667e-11	4.674999e-01	-8.36451e-16	
9	1.140000e-10	3.105907e-11	4.674999e-01	-1.42798e-15	
10	1.640000e-10	4.468146e-11	4.674998e-01	-1.97182e-15	
11	2.140000e-10	5.830385e-11	4.674998e-01	-2.47184e-15	
12	2.640000e-10	7.192624e-11	4.674997e-01	-2.93154e-15	
13	3.140000e-10	8.554863e-11	4.674997e-01	-3.35419e-15	
14	3.640000e-10	9.917102e-11	4.674996e-01	-3.74278e-15	
15	4.140000e-10	1.127934e-10	4.674996e-01	-4.10004e-15	
16	4.640000e-10	1.264158e-10	4.674996e-01	-4.42851e-15	
17	5.140000e-10	1.400382e-10	4.674995e-01	-4.73050e-15	
18	5.640000e-10	1.536606e-10	4.674995e-01	-5.00815e-15	
19	6.140000e-10	1.672830e-10	4.674995e-01	-5.26341e-15	
20	6.640000e-10	1.809054e-10	4.674995e-01	-5.49811e-15	
21	7.140000e-10	1.945278e-10	4.674994e-01	-5.71388e-15	
22	7.640000e-10	2.081501e-10	4.674994e-01	-5.91226e-15	
23	8.140000e-10	2.217725e-10	4.674994e-01	-6.09466e-15	
24	8.640000e-10	2.353949e-10	4.674994e-01	-6.26235e-15	
25	9.140000e-10	2.490173e-10	4.674994e-01	-6.41652e-15	
26	9.570000e-10	2.607326e-10	4.674993e-01	-6.53911e-15	
27	1.000000e-09	2.724478e-10	4.674993e-01	-6.65316e-15	
28	1.005000e-09	4.674117e-03	4.674993e-01	-6.67686e-15	
29	1.015000e-09	1.402227e-02	4.674993e-01	-6.70366e-15	
30	1.035000e-09	3.271855e-02	4.674993e-01	-6.66038e-15	
31	1.075000e-09	7.011114e-02	4.674994e-01	-6.35423e-15	
32	1.125000e-09	1.168519e-01	4.674994e-01	-5.84843e-15	
33	1.175000e-09	1.635926e-01	4.674995e-01	-5.37020e-15	
34	1.225000e-09	2.103333e-01	4.674995e-01	-4.93598e-15	
35	1.275000e-09	2.570741e-01	4.674995e-01	-4.53857e-15	
36	1.325000e-09	3.038148e-01	4.674996e-01	-4.17395e-15	
37	1.375000e-09	3.505555e-01	4.674996e-01	-3.83867e-15	
38	1.425000e-09	3.972962e-01	4.674996e-01	-3.53037e-15	
39	1.475000e-09	4.440370e-01	4.674997e-01	-3.24682e-15	
40	1.525000e-09	4.907777e-01	4.674997e-01	-2.98583e-15	
41	1.575000e-09	5.375184e-01	4.674997e-01	-2.74489e-15	
42	1.625000e-09	5.842592e-01	4.674997e-01	-2.52238e-15	
43	1.675000e-09	6.309999e-01	4.674998e-01	-2.31787e-15	
44	1.725000e-09	6.777406e-01	4.674998e-01	-2.12982e-15	
45	1.775000e-09	7.244813e-01	4.674998e-01	-1.95690e-15	
46	1.825000e-09	7.712221e-01	4.674998e-01	-1.79790e-15	
47	1.875000e-09	8.179628e-01	4.674998e-01	-1.65169e-15	
48	1.925000e-09	8.647035e-01	4.674998e-01	-1.51725e-15	
49	1.962500e-09	8.997591e-01	4.674999e-01	-1.42360e-15	
50	2.000000e-09	9.348146e-01	4.674999e-01	-1.33565e-15	
51	2.005000e-09	9.348146e-01	4.674999e-01	-1.32439e-15	
52	2.015000e-09	9.348146e-01	4.674999e-01	-1.30205e-15	
53	2.035000e-09	9.348146e-01	4.674999e-01	-1.25849e-15	
54	2.075000e-09	9.348146e-01	4.674999e-01	-1.17560e-15	

Index   time            v(cell)         v(bl)           vpre#branch     
--------------------------------------------------------------------------------
55	2.125000e-09	9.348146e-01	4.674999e-01	-1.07951e-15	
56	2.175000e-09	9.348146e-01	4.674999e-01	-9.91162e-16	
57	2.225000e-09	9.348146e-01	4.674999e-01	-9.09937e-16	
58	2.275000e-09	9.348146e-01	4.674999e-01	-8.35259e-16	
59	2.325000e-09	9.348146e-01	4.674999e-01	-7.66601e-16	
60	2.375000e-09	9.348146e-01	4.674999e-01	-7.03477e-16	
61	2.425000e-09	9.348146e-01	4.674999e-01	-6.45441e-16	
62	2.475000e-09	9.348146e-01	4.674999e-01	-5.92083e-16	
63	2.525000e-09	9.348146e-01	4.674999e-01	-5.43025e-16	
64	2.575000e-09	9.348146e-01	4.675000e-01	-4.97922e-16	
65	2.625000e-09	9.348146e-01	4.675000e-01	-4.56455e-16	
66	2.675000e-09	9.348146e-01	4.675000e-01	-4.18330e-16	
67	2.725000e-09	9.348146e-01	4.675000e-01	-3.83278e-16	
68	2.775000e-09	9.348146e-01	4.675000e-01	-3.51052e-16	
69	2.825000e-09	9.348146e-01	4.675000e-01	-3.21423e-16	
70	2.875000e-09	9.348146e-01	4.675000e-01	-2.94182e-16	
71	2.925000e-09	9.348146e-01	4.675000e-01	-2.69137e-16	
72	2.975000e-09	9.348146e-01	4.675000e-01	-2.46111e-16	
73	3.025000e-09	9.348146e-01	4.675000e-01	-2.24940e-16	
74	3.075000e-09	9.348146e-01	4.675000e-01	-2.05477e-16	
75	3.125000e-09	9.348146e-01	4.675000e-01	-1.87582e-16	
76	3.175000e-09	9.348146e-01	4.675000e-01	-1.71129e-16	
77	3.225000e-09	9.348146e-01	4.675000e-01	-1.56003e-16	
78	3.275000e-09	9.348146e-01	4.675000e-01	-1.42096e-16	
79	3.325000e-09	9.348146e-01	4.675000e-01	-1.29310e-16	
80	3.375000e-09	9.348146e-01	4.675000e-01	-1.17554e-16	
81	3.425000e-09	9.348146e-01	4.675000e-01	-1.06746e-16	
82	3.475000e-09	9.348146e-01	4.675000e-01	-9.68095e-17	
83	3.525000e-09	9.348146e-01	4.675000e-01	-8.76736e-17	
84	3.575000e-09	9.348146e-01	4.675000e-01	-7.92742e-17	
85	3.625000e-09	9.348146e-01	4.675000e-01	-7.15517e-17	
86	3.675000e-09	9.348146e-01	4.675000e-01	-6.44518e-17	
87	3.725000e-09	9.348146e-01	4.675000e-01	-5.79242e-17	
88	3.775000e-09	9.348146e-01	4.675000e-01	-5.19228e-17	
89	3.825000e-09	9.348146e-01	4.675000e-01	-4.64052e-17	
90	3.875000e-09	9.348146e-01	4.675000e-01	-4.13322e-17	
91	3.925000e-09	9.348146e-01	4.675000e-01	-3.66681e-17	
92	3.975000e-09	9.348146e-01	4.675000e-01	-3.23799e-17	
93	4.025000e-09	9.348146e-01	4.675000e-01	-2.84374e-17	
94	4.075000e-09	9.348146e-01	4.675000e-01	-2.48127e-17	
95	4.125000e-09	9.348146e-01	4.675000e-01	-2.14803e-17	
96	4.175000e-09	9.348146e-01	4.675000e-01	-1.84164e-17	
97	4.225000e-09	9.348146e-01	4.675000e-01	-1.55994e-17	
98	4.275000e-09	9.348146e-01	4.675000e-01	-1.30096e-17	
99	4.325000e-09	9.348146e-01	4.675000e-01	-1.06285e-17	
100	4.375000e-09	9.348146e-01	4.675000e-01	-8.43921e-18	
101	4.425000e-09	9.348146e-01	4.675000e-01	-6.42643e-18	
102	4.475000e-09	9.348146e-01	4.675000e-01	-4.57588e-18	
103	4.525000e-09	9.348146e-01	4.675000e-01	-2.87450e-18	
104	4.575000e-09	9.348146e-01	4.675000e-01	-1.31026e-18	
105	4.625000e-09	9.348146e-01	4.675000e-01	1.278912e-19	
106	4.675000e-09	9.348146e-01	4.675000e-01	1.450055e-18	
107	4.725000e-09	9.348146e-01	4.675000e-01	2.665647e-18	
108	4.775000e-09	9.348146e-01	4.675000e-01	3.783257e-18	
109	4.825000e-09	9.348146e-01	4.675000e-01	4.810782e-18	
110	4.875000e-09	9.348146e-01	4.675000e-01	5.755551e-18	
111	4.925000e-09	9.348146e-01	4.675000e-01	6.624168e-18	
112	4.975000e-09	9.348146e-01	4.675000e-01	7.422701e-18	

Index   time            v(cell)         v(bl)           vpre#branch     
--------------------------------------------------------------------------------
113	5.025000e-09	9.348146e-01	4.675000e-01	8.156869e-18	
114	5.075000e-09	9.348146e-01	4.675000e-01	8.831927e-18	
115	5.125000e-09	9.348146e-01	4.675000e-01	9.452573e-18	
116	5.175000e-09	9.348146e-01	4.675000e-01	1.002312e-17	
117	5.225000e-09	9.348146e-01	4.675000e-01	1.054769e-17	
118	5.275000e-09	9.348146e-01	4.675000e-01	1.103003e-17	
119	5.325000e-09	9.348146e-01	4.675000e-01	1.147350e-17	
120	5.375000e-09	9.348146e-01	4.675000e-01	1.188123e-17	
121	5.425000e-09	9.348146e-01	4.675000e-01	1.225609e-17	
122	5.475000e-09	9.348146e-01	4.675000e-01	1.260073e-17	
123	5.525000e-09	9.348146e-01	4.675000e-01	1.291759e-17	
124	5.575000e-09	9.348146e-01	4.675000e-01	1.320891e-17	
125	5.625000e-09	9.348146e-01	4.675000e-01	1.347675e-17	
126	5.675000e-09	9.348146e-01	4.675000e-01	1.372300e-17	
127	5.725000e-09	9.348146e-01	4.675000e-01	1.394934e-17	
128	5.775000e-09	9.348146e-01	4.675000e-01	1.415743e-17	
129	5.825000e-09	9.348146e-01	4.675000e-01	1.434881e-17	
130	5.875000e-09	9.348146e-01	4.675000e-01	1.452470e-17	
131	5.925000e-09	9.348146e-01	4.675000e-01	1.468635e-17	
132	5.975000e-09	9.348146e-01	4.675000e-01	1.483496e-17	
133	6.025000e-09	9.348146e-01	4.675000e-01	1.497167e-17	
134	6.075000e-09	9.348146e-01	4.675000e-01	1.509742e-17	
135	6.125000e-09	9.348146e-01	4.675000e-01	1.521304e-17	
136	6.175000e-09	9.348146e-01	4.675000e-01	1.531927e-17	
137	6.225000e-09	9.348146e-01	4.675000e-01	1.541686e-17	
138	6.275000e-09	9.348146e-01	4.675000e-01	1.550666e-17	
139	6.325000e-09	9.348146e-01	4.675000e-01	1.558922e-17	
140	6.375000e-09	9.348146e-01	4.675000e-01	1.566513e-17	
141	6.425000e-09	9.348146e-01	4.675000e-01	1.573499e-17	
142	6.475000e-09	9.348146e-01	4.675000e-01	1.579921e-17	
143	6.525000e-09	9.348146e-01	4.675000e-01	1.585826e-17	
144	6.575000e-09	9.348146e-01	4.675000e-01	1.591255e-17	
145	6.625000e-09	9.348146e-01	4.675000e-01	1.596246e-17	
146	6.675000e-09	9.348146e-01	4.675000e-01	1.600836e-17	
147	6.725000e-09	9.348146e-01	4.675000e-01	1.605055e-17	
148	6.775000e-09	9.348146e-01	4.675000e-01	1.608934e-17	
149	6.825000e-09	9.348146e-01	4.675000e-01	1.612500e-17	
150	6.875000e-09	9.348146e-01	4.675000e-01	1.615779e-17	
151	6.925000e-09	9.348146e-01	4.675000e-01	1.618794e-17	
152	6.962500e-09	9.348146e-01	4.675000e-01	1.620892e-17	
153	7.000000e-09	9.348146e-01	4.675000e-01	1.622861e-17	
154	7.005000e-09	9.114440e-01	4.675000e-01	1.622953e-17	
155	7.015000e-09	8.647032e-01	4.675000e-01	1.622969e-17	
156	7.035000e-09	7.712218e-01	4.675000e-01	1.621989e-17	
157	7.067500e-09	6.193144e-01	4.675000e-01	1.616811e-17	
158	7.100000e-09	4.674071e-01	4.675000e-01	1.603375e-17	
159	7.105000e-09	4.674073e-01	4.675000e-01	1.590546e-17	
160	7.115000e-09	4.674073e-01	4.675000e-01	1.563786e-17	
161	7.135000e-09	4.674073e-01	4.675000e-01	1.511830e-17	
162	7.175000e-09	4.674073e-01	4.675000e-01	1.412681e-17	
163	7.225000e-09	4.674073e-01	4.675000e-01	1.297945e-17	
164	7.275000e-09	4.674073e-01	4.675000e-01	1.192276e-17	
165	7.325000e-09	4.674073e-01	4.675000e-01	1.095312e-17	
166	7.375000e-09	4.674073e-01	4.675000e-01	1.005993e-17	
167	7.425000e-09	4.674073e-01	4.675000e-01	9.240390e-18	
168	7.475000e-09	4.674073e-01	4.675000e-01	8.485147e-18	
169	7.525000e-09	4.674073e-01	4.675000e-01	7.792491e-18	
170	7.575000e-09	4.674073e-01	4.675000e-01	7.153982e-18	

Index   time            v(cell)         v(bl)           vpre#branch     
--------------------------------------------------------------------------------
171	7.625000e-09	4.674073e-01	4.675000e-01	6.568572e-18	
172	7.675000e-09	4.674073e-01	4.675000e-01	6.028743e-18	
173	7.725000e-09	4.674073e-01	4.675000e-01	5.533981e-18	
174	7.775000e-09	4.674073e-01	4.675000e-01	5.077644e-18	
175	7.825000e-09	4.674073e-01	4.675000e-01	4.659636e-18	
176	7.875000e-09	4.674073e-01	4.675000e-01	4.273863e-18	
177	7.925000e-09	4.674073e-01	4.675000e-01	3.920597e-18	
178	7.975000e-09	4.674073e-01	4.675000e-01	3.594421e-18	
179	8.025000e-09	4.674073e-01	4.675000e-01	3.295876e-18	
180	8.075000e-09	4.674073e-01	4.675000e-01	3.020012e-18	
181	8.125000e-09	4.674073e-01	4.675000e-01	2.767733e-18	
182	8.175000e-09	4.674073e-01	4.675000e-01	2.534467e-18	
183	8.225000e-09	4.674073e-01	4.675000e-01	2.321285e-18	
184	8.275000e-09	4.674073e-01	4.675000e-01	2.124095e-18	
185	8.325000e-09	4.674073e-01	4.675000e-01	1.943952e-18	
186	8.375000e-09	4.674073e-01	4.675000e-01	1.777126e-18	
187	8.425000e-09	4.674073e-01	4.675000e-01	1.624913e-18	
188	8.475000e-09	4.674073e-01	4.675000e-01	1.483761e-18	
189	8.525000e-09	4.674073e-01	4.675000e-01	1.355230e-18	
190	8.575000e-09	4.674073e-01	4.675000e-01	1.235970e-18	
191	8.625000e-09	4.674073e-01	4.675000e-01	1.127382e-18	
192	8.675000e-09	4.674073e-01	4.675000e-01	1.026444e-18	
193	8.725000e-09	4.674073e-01	4.675000e-01	9.347157e-19	
194	8.775000e-09	4.674073e-01	4.675000e-01	8.493970e-19	
195	8.825000e-09	4.674073e-01	4.675000e-01	7.719746e-19	
196	8.875000e-09	4.674073e-01	4.675000e-01	6.997956e-19	
197	8.925000e-09	4.674073e-01	4.675000e-01	6.343425e-19	
198	8.975000e-09	4.674073e-01	4.675000e-01	5.732726e-19	
199	9.025000e-09	4.674073e-01	4.675000e-01	5.180516e-19	
200	9.075000e-09	4.674073e-01	4.675000e-01	4.663074e-19	
201	9.125000e-09	4.674073e-01	4.675000e-01	4.196196e-19	
202	9.175000e-09	4.674073e-01	4.675000e-01	3.758270e-19	
203	9.225000e-09	4.674073e-01	4.675000e-01	3.364723e-19	
204	9.275000e-09	4.674073e-01	4.675000e-01	2.994038e-19	
205	9.325000e-09	4.674073e-01	4.675000e-01	2.661189e-19	
206	9.375000e-09	4.674073e-01	4.675000e-01	2.347960e-19	
207	9.425000e-09	4.674073e-01	4.675000e-01	2.067621e-19	
208	9.475000e-09	4.674073e-01	4.675000e-01	1.801823e-19	
209	9.525000e-09	4.674073e-01	4.675000e-01	1.565340e-19	
210	9.575000e-09	4.674073e-01	4.675000e-01	1.340165e-19	
211	9.625000e-09	4.674073e-01	4.675000e-01	1.140004e-19	
212	9.675000e-09	4.674073e-01	4.675000e-01	9.492394e-20	
213	9.725000e-09	4.674073e-01	4.675000e-01	7.810984e-20	
214	9.775000e-09	4.674073e-01	4.675000e-01	6.194425e-20	
215	9.825000e-09	4.674073e-01	4.675000e-01	4.776720e-20	
216	9.875000e-09	4.674073e-01	4.675000e-01	3.412534e-20	
217	9.925000e-09	4.674073e-01	4.675000e-01	2.223710e-20	
218	9.975000e-09	4.674073e-01	4.675000e-01	1.059867e-20	
219	1.002500e-08	4.674073e-01	4.675000e-01	4.532950e-22	
220	1.007500e-08	4.674073e-01	4.675000e-01	-9.41662e-21	
221	1.012500e-08	4.674073e-01	4.675000e-01	-1.78257e-20	
222	1.017500e-08	4.674073e-01	4.675000e-01	-2.62059e-20	
223	1.022500e-08	4.674073e-01	4.675000e-01	-3.33486e-20	
224	1.027500e-08	4.674073e-01	4.675000e-01	-4.04061e-20	
225	1.032500e-08	4.674073e-01	4.675000e-01	-4.63519e-20	
226	1.037500e-08	4.674073e-01	4.675000e-01	-5.24102e-20	
227	1.042500e-08	4.674073e-01	4.675000e-01	-5.73997e-20	
228	1.047500e-08	4.674073e-01	4.675000e-01	-6.24885e-20	

Index   time            v(cell)         v(bl)           vpre#branch     
--------------------------------------------------------------------------------
229	1.052500e-08	4.674073e-01	4.675000e-01	-6.66807e-20	
230	1.057500e-08	4.674073e-01	4.675000e-01	-7.10135e-20	
231	1.062500e-08	4.674073e-01	4.675000e-01	-7.45315e-20	
232	1.067500e-08	4.674073e-01	4.675000e-01	-7.82869e-20	
233	1.072500e-08	4.674073e-01	4.675000e-01	-8.12300e-20	
234	1.077500e-08	4.674073e-01	4.675000e-01	-8.44312e-20	
235	1.082500e-08	4.674073e-01	4.675000e-01	-8.69565e-20	
236	1.087500e-08	4.674073e-01	4.675000e-01	-8.96862e-20	
237	1.092500e-08	4.674073e-01	4.675000e-01	-9.17335e-20	
238	1.096250e-08	4.674073e-01	4.675000e-01	-9.34962e-20	
239	1.100000e-08	4.674073e-01	4.675000e-01	-9.47643e-20	
240	1.100500e-08	4.674082e-01	4.721341e-01	4.634126e-11	
241	1.101500e-08	4.674100e-01	4.813252e-01	1.382518e-10	
242	1.103500e-08	4.674137e-01	4.992518e-01	3.175177e-10	
243	1.107500e-08	4.674211e-01	5.333569e-01	6.585690e-10	
244	1.112500e-08	4.674304e-01	5.728956e-01	1.053956e-09	
245	1.117500e-08	4.674397e-01	6.092474e-01	1.417474e-09	
246	1.122500e-08	4.674490e-01	6.426690e-01	1.751690e-09	
247	1.127500e-08	4.674582e-01	6.733966e-01	2.058966e-09	
248	1.132500e-08	4.674675e-01	7.016475e-01	2.341475e-09	
249	1.137500e-08	4.674768e-01	7.276212e-01	2.601212e-09	
250	1.142500e-08	4.674860e-01	7.515013e-01	2.840013e-09	
251	1.147500e-08	4.674953e-01	7.734566e-01	3.059566e-09	
252	1.152500e-08	4.675046e-01	7.936421e-01	3.261421e-09	
253	1.157500e-08	4.675139e-01	8.122004e-01	3.447004e-09	
254	1.162500e-08	4.675231e-01	8.292622e-01	3.617622e-09	
255	1.167500e-08	4.675324e-01	8.449455e-01	3.774455e-09	
256	1.172500e-08	4.675417e-01	8.593400e-01	3.918400e-09	
257	1.177500e-08	4.675510e-01	8.724568e-01	4.049568e-09	
258	1.182500e-08	4.675606e-01	8.839680e-01	4.164680e-09	
259	1.187500e-08	4.675714e-01	8.919811e-01	4.244811e-09	
260	1.192500e-08	4.675872e-01	8.879298e-01	4.204298e-09	
261	1.196250e-08	4.676091e-01	8.624543e-01	3.949543e-09	
262	1.200000e-08	4.676499e-01	7.885024e-01	3.210024e-09	
263	1.200500e-08	4.676545e-01	7.656018e-01	2.981018e-09	
264	1.201500e-08	4.676628e-01	7.194742e-01	2.519742e-09	
265	1.203500e-08	4.676787e-01	6.320066e-01	1.645066e-09	
266	1.207500e-08	4.677054e-01	4.926577e-01	2.515772e-10	
267	1.212500e-08	4.677149e-01	4.650582e-01	-2.44177e-11	
268	1.217500e-08	4.677125e-01	4.691425e-01	1.642542e-11	
269	1.222500e-08	4.677137e-01	4.669579e-01	-5.42139e-12	
270	1.227500e-08	4.677131e-01	4.681340e-01	6.340255e-12	
271	1.232500e-08	4.677134e-01	4.674711e-01	-2.89180e-13	
272	1.237500e-08	4.677132e-01	4.678492e-01	3.491837e-12	
273	1.242500e-08	4.677133e-01	4.676250e-01	1.250038e-12	
274	1.247500e-08	4.677133e-01	4.677700e-01	2.699529e-12	
275	1.252500e-08	4.677132e-01	4.676696e-01	1.695837e-12	
276	1.257500e-08	4.677133e-01	4.677457e-01	2.457161e-12	
277	1.262500e-08	4.677132e-01	4.676835e-01	1.834794e-12	
278	1.267500e-08	4.677133e-01	4.677376e-01	2.375736e-12	
279	1.272500e-08	4.677132e-01	4.676886e-01	1.885604e-12	
280	1.277500e-08	4.677133e-01	4.677341e-01	2.341441e-12	
281	1.282500e-08	4.677132e-01	4.676910e-01	1.910457e-12	
282	1.287500e-08	4.677133e-01	4.677321e-01	2.321418e-12	
283	1.292500e-08	4.677132e-01	4.676927e-01	1.927177e-12	
284	1.297500e-08	4.677132e-01	4.677306e-01	2.306184e-12	
285	1.302500e-08	4.677132e-01	4.676941e-01	1.940914e-12	
286	1.307500e-08	4.677132e-01	4.677293e-01	2.292970e-12	

Index   time            v(cell)         v(bl)           vpre#branch     
--------------------------------------------------------------------------------
287	1.312500e-08	4.677132e-01	4.676953e-01	1.953187e-12	
288	1.317500e-08	4.677132e-01	4.677281e-01	2.280938e-12	
289	1.322500e-08	4.677132e-01	4.676964e-01	1.964473e-12	
290	1.327500e-08	4.677132e-01	4.677270e-01	2.269806e-12	
291	1.332500e-08	4.677132e-01	4.676975e-01	1.974946e-12	
292	1.337500e-08	4.677132e-01	4.677259e-01	2.259454e-12	
293	1.342500e-08	4.677132e-01	4.676985e-01	1.984693e-12	
294	1.347500e-08	4.677132e-01	4.677250e-01	2.249813e-12	
295	1.352500e-08	4.677132e-01	4.676994e-01	1.993770e-12	
296	1.357500e-08	4.677132e-01	4.677241e-01	2.240828e-12	
297	1.362500e-08	4.677132e-01	4.677002e-01	2.002227e-12	
298	1.367500e-08	4.677132e-01	4.677232e-01	2.232454e-12	
299	1.372500e-08	4.677132e-01	4.677010e-01	2.010104e-12	
300	1.377500e-08	4.677132e-01	4.677225e-01	2.224648e-12	
301	1.382500e-08	4.677132e-01	4.677017e-01	2.017443e-12	
302	1.387500e-08	4.677132e-01	4.677217e-01	2.217371e-12	
303	1.392500e-08	4.677131e-01	4.677024e-01	2.024278e-12	
304	1.397500e-08	4.677132e-01	4.677211e-01	2.210587e-12	
305	1.402500e-08	4.677131e-01	4.677031e-01	2.030645e-12	
306	1.407500e-08	4.677132e-01	4.677204e-01	2.204262e-12	
307	1.412500e-08	4.677131e-01	4.677037e-01	2.036575e-12	
308	1.417500e-08	4.677131e-01	4.677198e-01	2.198363e-12	
309	1.422500e-08	4.677131e-01	4.677042e-01	2.042097e-12	
310	1.427500e-08	4.677131e-01	4.677193e-01	2.192863e-12	
311	1.432500e-08	4.677131e-01	4.677047e-01	2.047239e-12	
312	1.437500e-08	4.677131e-01	4.677188e-01	2.187734e-12	
313	1.442500e-08	4.677131e-01	4.677052e-01	2.052027e-12	
314	1.447500e-08	4.677131e-01	4.677183e-01	2.182950e-12	
315	1.452500e-08	4.677131e-01	4.677056e-01	2.056485e-12	
316	1.457500e-08	4.677131e-01	4.677178e-01	2.178489e-12	
317	1.462500e-08	4.677131e-01	4.677061e-01	2.060636e-12	
318	1.467500e-08	4.677131e-01	4.677174e-01	2.174326e-12	
319	1.472500e-08	4.677131e-01	4.677064e-01	2.064499e-12	
320	1.477500e-08	4.677131e-01	4.677170e-01	2.170444e-12	
321	1.482500e-08	4.677131e-01	4.677068e-01	2.068095e-12	
322	1.487500e-08	4.677131e-01	4.677167e-01	2.166821e-12	
323	1.492500e-08	4.677131e-01	4.677071e-01	2.071442e-12	
324	1.497500e-08	4.677131e-01	4.677163e-01	2.163441e-12	
325	1.502500e-08	4.677131e-01	4.677075e-01	2.074556e-12	
326	1.507500e-08	4.677131e-01	4.677160e-01	2.160286e-12	
327	1.512500e-08	4.677131e-01	4.677077e-01	2.077454e-12	
328	1.517500e-08	4.677131e-01	4.677157e-01	2.157342e-12	
329	1.522500e-08	4.677131e-01	4.677080e-01	2.080150e-12	
330	1.527500e-08	4.677131e-01	4.677155e-01	2.154594e-12	
331	1.532500e-08	4.677131e-01	4.677083e-01	2.082658e-12	
332	1.537500e-08	4.677131e-01	4.677152e-01	2.152029e-12	
333	1.542500e-08	4.677130e-01	4.677085e-01	2.084990e-12	
334	1.547500e-08	4.677131e-01	4.677150e-01	2.149634e-12	
335	1.552500e-08	4.677130e-01	4.677087e-01	2.087159e-12	
336	1.557500e-08	4.677130e-01	4.677147e-01	2.147397e-12	
337	1.562500e-08	4.677130e-01	4.677089e-01	2.089176e-12	
338	1.567500e-08	4.677130e-01	4.677145e-01	2.145308e-12	
339	1.572500e-08	4.677130e-01	4.677091e-01	2.091051e-12	
340	1.577500e-08	4.677130e-01	4.677143e-01	2.143357e-12	
341	1.582500e-08	4.677130e-01	4.677093e-01	2.092793e-12	
342	1.587500e-08	4.677130e-01	4.677142e-01	2.141534e-12	
343	1.592500e-08	4.677130e-01	4.677094e-01	2.094412e-12	
344	1.597500e-08	4.677130e-01	4.677140e-01	2.139831e-12	

Index   time            v(cell)         v(bl)           vpre#branch     
--------------------------------------------------------------------------------
345	1.602500e-08	4.677130e-01	4.677096e-01	2.095916e-12	
346	1.607500e-08	4.677130e-01	4.677138e-01	2.138239e-12	
347	1.612500e-08	4.677130e-01	4.677097e-01	2.097313e-12	
348	1.617500e-08	4.677130e-01	4.677137e-01	2.136750e-12	
349	1.622500e-08	4.677130e-01	4.677099e-01	2.098610e-12	
350	1.627500e-08	4.677130e-01	4.677135e-01	2.135359e-12	
351	1.632500e-08	4.677130e-01	4.677100e-01	2.099814e-12	
352	1.637500e-08	4.677130e-01	4.677134e-01	2.134057e-12	
353	1.642500e-08	4.677130e-01	4.677101e-01	2.100931e-12	
354	1.647500e-08	4.677130e-01	4.677133e-01	2.132840e-12	
355	1.652500e-08	4.677130e-01	4.677102e-01	2.101967e-12	
356	1.657500e-08	4.677130e-01	4.677132e-01	2.131700e-12	
357	1.662500e-08	4.677130e-01	4.677103e-01	2.102928e-12	
358	1.667500e-08	4.677130e-01	4.677131e-01	2.130634e-12	
359	1.672500e-08	4.677130e-01	4.677104e-01	2.103819e-12	
360	1.677500e-08	4.677130e-01	4.677130e-01	2.129635e-12	
361	1.682500e-08	4.677130e-01	4.677105e-01	2.104645e-12	
362	1.687500e-08	4.677130e-01	4.677129e-01	2.128700e-12	
363	1.692500e-08	4.677129e-01	4.677105e-01	2.105409e-12	
364	1.697500e-08	4.677129e-01	4.677128e-01	2.127823e-12	
365	1.702500e-08	4.677129e-01	4.677106e-01	2.106117e-12	
366	1.707500e-08	4.677129e-01	4.677127e-01	2.127002e-12	
367	1.712500e-08	4.677129e-01	4.677107e-01	2.106772e-12	
368	1.717500e-08	4.677129e-01	4.677126e-01	2.126231e-12	
369	1.722500e-08	4.677129e-01	4.677107e-01	2.107377e-12	
370	1.727500e-08	4.677129e-01	4.677126e-01	2.125509e-12	
371	1.732500e-08	4.677129e-01	4.677108e-01	2.107936e-12	
372	1.737500e-08	4.677129e-01	4.677125e-01	2.124831e-12	
373	1.742500e-08	4.677129e-01	4.677108e-01	2.108453e-12	
374	1.747500e-08	4.677129e-01	4.677124e-01	2.124194e-12	
375	1.752500e-08	4.677129e-01	4.677109e-01	2.108930e-12	
376	1.757500e-08	4.677129e-01	4.677124e-01	2.123596e-12	
377	1.762500e-08	4.677129e-01	4.677109e-01	2.109369e-12	
378	1.767500e-08	4.677129e-01	4.677123e-01	2.123034e-12	
379	1.772500e-08	4.677129e-01	4.677110e-01	2.109774e-12	
380	1.777500e-08	4.677129e-01	4.677123e-01	2.122506e-12	
381	1.782500e-08	4.677129e-01	4.677110e-01	2.110146e-12	
382	1.787500e-08	4.677129e-01	4.677122e-01	2.122008e-12	
383	1.792500e-08	4.677129e-01	4.677110e-01	2.110488e-12	
384	1.797500e-08	4.677129e-01	4.677122e-01	2.121540e-12	
385	1.802500e-08	4.677129e-01	4.677111e-01	2.110802e-12	
386	1.807500e-08	4.677129e-01	4.677121e-01	2.121099e-12	
387	1.812500e-08	4.677129e-01	4.677111e-01	2.111090e-12	
388	1.817500e-08	4.677129e-01	4.677121e-01	2.120683e-12	
389	1.822500e-08	4.677129e-01	4.677111e-01	2.111354e-12	
390	1.827500e-08	4.677129e-01	4.677120e-01	2.120291e-12	
391	1.832500e-08	4.677128e-01	4.677112e-01	2.111595e-12	
392	1.837500e-08	4.677128e-01	4.677120e-01	2.119921e-12	
393	1.842500e-08	4.677128e-01	4.677112e-01	2.111814e-12	
394	1.847500e-08	4.677128e-01	4.677120e-01	2.119571e-12	
395	1.852500e-08	4.677128e-01	4.677112e-01	2.112014e-12	
396	1.857500e-08	4.677128e-01	4.677119e-01	2.119240e-12	
397	1.862500e-08	4.677128e-01	4.677112e-01	2.112196e-12	
398	1.867500e-08	4.677128e-01	4.677119e-01	2.118927e-12	
399	1.872500e-08	4.677128e-01	4.677112e-01	2.112360e-12	
400	1.877500e-08	4.677128e-01	4.677119e-01	2.118631e-12	
401	1.882500e-08	4.677128e-01	4.677113e-01	2.112509e-12	
402	1.887500e-08	4.677128e-01	4.677118e-01	2.118350e-12	

Index   time            v(cell)         v(bl)           vpre#branch     
--------------------------------------------------------------------------------
403	1.892500e-08	4.677128e-01	4.677113e-01	2.112643e-12	
404	1.897500e-08	4.677128e-01	4.677118e-01	2.118083e-12	
405	1.902500e-08	4.677128e-01	4.677113e-01	2.112762e-12	
406	1.907500e-08	4.677128e-01	4.677118e-01	2.117830e-12	
407	1.912500e-08	4.677128e-01	4.677113e-01	2.112869e-12	
408	1.917500e-08	4.677128e-01	4.677118e-01	2.117589e-12	
409	1.922500e-08	4.677128e-01	4.677113e-01	2.112964e-12	
410	1.927500e-08	4.677128e-01	4.677117e-01	2.117360e-12	
411	1.932500e-08	4.677128e-01	4.677113e-01	2.113047e-12	
412	1.937500e-08	4.677128e-01	4.677117e-01	2.117142e-12	
413	1.942500e-08	4.677128e-01	4.677113e-01	2.113121e-12	
414	1.947500e-08	4.677128e-01	4.677117e-01	2.116934e-12	
415	1.952500e-08	4.677128e-01	4.677113e-01	2.113184e-12	
416	1.957500e-08	4.677128e-01	4.677117e-01	2.116735e-12	
417	1.962500e-08	4.677128e-01	4.677113e-01	2.113238e-12	
418	1.967500e-08	4.677128e-01	4.677117e-01	2.116545e-12	
419	1.972500e-08	4.677127e-01	4.677113e-01	2.113284e-12	
420	1.977500e-08	4.677127e-01	4.677116e-01	2.116363e-12	
421	1.982500e-08	4.677127e-01	4.677113e-01	2.113322e-12	
422	1.987500e-08	4.677127e-01	4.677116e-01	2.116189e-12	
423	1.992500e-08	4.677127e-01	4.677113e-01	2.113352e-12	
424	1.997500e-08	4.677127e-01	4.677116e-01	2.116022e-12	
425	2.002500e-08	4.677127e-01	4.677113e-01	2.113376e-12	
426	2.007500e-08	4.677127e-01	4.677116e-01	2.115861e-12	
427	2.012500e-08	4.677127e-01	4.677113e-01	2.113394e-12	
428	2.017500e-08	4.677127e-01	4.677116e-01	2.115707e-12	
429	2.022500e-08	4.677127e-01	4.677113e-01	2.113405e-12	
430	2.027500e-08	4.677127e-01	4.677116e-01	2.115558e-12	
431	2.032500e-08	4.677127e-01	4.677113e-01	2.113411e-12	
432	2.037500e-08	4.677127e-01	4.677115e-01	2.115415e-12	
433	2.042500e-08	4.677127e-01	4.677113e-01	2.113412e-12	
434	2.047500e-08	4.677127e-01	4.677115e-01	2.115277e-12	
435	2.052500e-08	4.677127e-01	4.677113e-01	2.113407e-12	
436	2.057500e-08	4.677127e-01	4.677115e-01	2.115143e-12	
437	2.062500e-08	4.677127e-01	4.677113e-01	2.113399e-12	
438	2.067500e-08	4.677127e-01	4.677115e-01	2.115014e-12	
439	2.072500e-08	4.677127e-01	4.677113e-01	2.113386e-12	
440	2.077500e-08	4.677127e-01	4.677115e-01	2.114889e-12	
441	2.082500e-08	4.677127e-01	4.677113e-01	2.113369e-12	
442	2.087500e-08	4.677127e-01	4.677115e-01	2.114768e-12	
443	2.092500e-08	4.677127e-01	4.677113e-01	2.113349e-12	
444	2.097500e-08	4.677127e-01	4.677115e-01	2.114650e-12	
445	2.102500e-08	4.677127e-01	4.677113e-01	2.113325e-12	
446	2.107500e-08	4.677127e-01	4.677115e-01	2.114535e-12	
447	2.112500e-08	4.677127e-01	4.677113e-01	2.113299e-12	
448	2.117500e-08	4.677126e-01	4.677114e-01	2.114423e-12	
449	2.122500e-08	4.677126e-01	4.677113e-01	2.113269e-12	
450	2.127500e-08	4.677126e-01	4.677114e-01	2.114315e-12	
451	2.132500e-08	4.677126e-01	4.677113e-01	2.113236e-12	
452	2.137500e-08	4.677126e-01	4.677114e-01	2.114209e-12	
453	2.142500e-08	4.677126e-01	4.677113e-01	2.113201e-12	
454	2.147500e-08	4.677126e-01	4.677114e-01	2.114105e-12	
455	2.152500e-08	4.677126e-01	4.677113e-01	2.113164e-12	
456	2.157500e-08	4.677126e-01	4.677114e-01	2.114003e-12	
457	2.162500e-08	4.677126e-01	4.677113e-01	2.113124e-12	
458	2.167500e-08	4.677126e-01	4.677114e-01	2.113904e-12	
459	2.172500e-08	4.677126e-01	4.677113e-01	2.113082e-12	
460	2.177500e-08	4.677126e-01	4.677114e-01	2.113807e-12	

Index   time            v(cell)         v(bl)           vpre#branch     
--------------------------------------------------------------------------------
461	2.182500e-08	4.677126e-01	4.677113e-01	2.113039e-12	
462	2.187500e-08	4.677126e-01	4.677114e-01	2.113712e-12	
463	2.192500e-08	4.677126e-01	4.677113e-01	2.112993e-12	
464	2.196250e-08	4.677126e-01	4.677114e-01	2.113623e-12	
465	2.200000e-08	4.677126e-01	4.677113e-01	2.112971e-12	
466	2.200500e-08	4.677098e-01	4.642604e-01	-3.23961e-11	
467	2.201500e-08	4.677025e-01	4.604533e-01	-7.04668e-11	
468	2.203500e-08	4.676883e-01	4.551680e-01	-1.23320e-10	
469	2.207500e-08	4.676666e-01	4.431991e-01	-2.43009e-10	
470	2.212500e-08	4.676477e-01	4.214982e-01	-4.60018e-10	
471	2.217500e-08	4.676336e-01	3.938869e-01	-7.36131e-10	
472	2.222500e-08	4.676214e-01	3.636079e-01	-1.03892e-09	
473	2.227500e-08	4.676105e-01	3.325734e-01	-1.34927e-09	
474	2.232500e-08	4.676001e-01	3.019199e-01	-1.65580e-09	
475	2.237500e-08	4.675903e-01	2.723515e-01	-1.95148e-09	
476	2.242500e-08	4.675806e-01	2.442975e-01	-2.23203e-09	
477	2.247500e-08	4.675712e-01	2.179912e-01	-2.49509e-09	
478	2.252500e-08	4.675618e-01	1.935223e-01	-2.73978e-09	
479	2.257500e-08	4.675525e-01	1.708174e-01	-2.96683e-09	
480	2.262500e-08	4.675432e-01	1.498409e-01	-3.17659e-09	
481	2.267500e-08	4.675339e-01	1.305719e-01	-3.36928e-09	
482	2.272500e-08	4.675246e-01	1.128686e-01	-3.54631e-09	
483	2.277500e-08	4.675154e-01	9.659971e-02	-3.70900e-09	
484	2.282500e-08	4.675061e-01	8.164600e-02	-3.85854e-09	
485	2.287500e-08	4.674968e-01	6.789938e-02	-3.99601e-09	
486	2.292500e-08	4.674875e-01	5.526154e-02	-4.12238e-09	
487	2.296250e-08	4.674806e-01	4.645869e-02	-4.21041e-09	
488	2.300000e-08	4.674736e-01	3.819351e-02	-4.29306e-09	
489	2.300500e-08	4.674736e-01	4.176922e-02	-4.25731e-09	
490	2.301500e-08	4.674736e-01	4.886106e-02	-4.18639e-09	
491	2.303500e-08	4.674736e-01	6.269327e-02	-4.04807e-09	
492	2.307500e-08	4.674736e-01	8.900888e-02	-3.78491e-09	
493	2.312500e-08	4.674736e-01	1.195171e-01	-3.47983e-09	
494	2.317500e-08	4.674736e-01	1.475662e-01	-3.19934e-09	
495	2.322500e-08	4.674736e-01	1.733544e-01	-2.94146e-09	
496	2.327500e-08	4.674736e-01	1.970639e-01	-2.70436e-09	
497	2.332500e-08	4.674736e-01	2.188624e-01	-2.48638e-09	
498	2.337500e-08	4.674736e-01	2.389038e-01	-2.28596e-09	
499	2.342500e-08	4.674736e-01	2.573297e-01	-2.10170e-09	
500	2.347500e-08	4.674736e-01	2.742704e-01	-1.93230e-09	
501	2.352500e-08	4.674736e-01	2.898457e-01	-1.77654e-09	
502	2.357500e-08	4.674736e-01	3.041655e-01	-1.63335e-09	
503	2.362500e-08	4.674736e-01	3.173310e-01	-1.50169e-09	
504	2.367500e-08	4.674736e-01	3.294354e-01	-1.38065e-09	
505	2.372500e-08	4.674736e-01	3.405640e-01	-1.26936e-09	
506	2.377500e-08	4.674736e-01	3.507957e-01	-1.16704e-09	
507	2.382500e-08	4.674736e-01	3.602026e-01	-1.07297e-09	
508	2.387500e-08	4.674736e-01	3.688513e-01	-9.86487e-10	
509	2.392500e-08	4.674736e-01	3.768029e-01	-9.06971e-10	
510	2.397500e-08	4.674736e-01	3.841135e-01	-8.33865e-10	
511	2.402500e-08	4.674736e-01	3.908348e-01	-7.66652e-10	
512	2.407500e-08	4.674736e-01	3.970144e-01	-7.04856e-10	
513	2.412500e-08	4.674736e-01	4.026959e-01	-6.48041e-10	
514	2.417500e-08	4.674736e-01	4.079194e-01	-5.95806e-10	
515	2.422500e-08	4.674736e-01	4.127219e-01	-5.47781e-10	
516	2.427500e-08	4.674736e-01	4.171373e-01	-5.03627e-10	
517	2.432500e-08	4.674736e-01	4.211968e-01	-4.63032e-10	
518	2.437500e-08	4.674736e-01	4.249290e-01	-4.25710e-10	

Index   time            v(cell)         v(bl)           vpre#branch     
--------------------------------------------------------------------------------
519	2.442500e-08	4.674736e-01	4.283604e-01	-3.91396e-10	
520	2.447500e-08	4.674736e-01	4.315153e-01	-3.59847e-10	
521	2.452500e-08	4.674736e-01	4.344158e-01	-3.30842e-10	
522	2.457500e-08	4.674736e-01	4.370826e-01	-3.04174e-10	
523	2.462500e-08	4.674736e-01	4.395344e-01	-2.79656e-10	
524	2.467500e-08	4.674736e-01	4.417885e-01	-2.57115e-10	
525	2.472500e-08	4.674736e-01	4.438610e-01	-2.36390e-10	
526	2.477500e-08	4.674736e-01	4.457664e-01	-2.17336e-10	
527	2.482500e-08	4.674736e-01	4.475182e-01	-1.99818e-10	
528	2.487500e-08	4.674736e-01	4.491289e-01	-1.83711e-10	
529	2.492500e-08	4.674736e-01	4.506097e-01	-1.68903e-10	
530	2.497500e-08	4.674736e-01	4.519711e-01	-1.55289e-10	
531	2.502500e-08	4.674736e-01	4.532228e-01	-1.42772e-10	
532	2.507500e-08	4.674736e-01	4.543736e-01	-1.31264e-10	
533	2.512500e-08	4.674736e-01	4.554317e-01	-1.20683e-10	
534	2.517500e-08	4.674736e-01	4.564044e-01	-1.10956e-10	
535	2.522500e-08	4.674736e-01	4.572988e-01	-1.02012e-10	
536	2.527500e-08	4.674736e-01	4.581211e-01	-9.37894e-11	
537	2.532500e-08	4.674736e-01	4.588770e-01	-8.62295e-11	
538	2.537500e-08	4.674736e-01	4.595721e-01	-7.92790e-11	
539	2.542500e-08	4.674736e-01	4.602111e-01	-7.28887e-11	
540	2.547500e-08	4.674736e-01	4.607986e-01	-6.70136e-11	
541	2.552500e-08	4.674736e-01	4.613388e-01	-6.16119e-11	
542	2.557500e-08	4.674736e-01	4.618354e-01	-5.66457e-11	
543	2.562500e-08	4.674736e-01	4.622920e-01	-5.20798e-11	
544	2.567500e-08	4.674736e-01	4.627118e-01	-4.78819e-11	
545	2.572500e-08	4.674736e-01	4.630978e-01	-4.40224e-11	
546	2.577500e-08	4.674736e-01	4.634526e-01	-4.04740e-11	
547	2.582500e-08	4.674736e-01	4.637788e-01	-3.72116e-11	
548	2.587500e-08	4.674736e-01	4.640788e-01	-3.42122e-11	
549	2.592500e-08	4.674736e-01	4.643546e-01	-3.14545e-11	
550	2.597500e-08	4.674736e-01	4.646081e-01	-2.89191e-11	
551	2.602500e-08	4.674736e-01	4.648412e-01	-2.65881e-11	
552	2.607500e-08	4.674736e-01	4.650555e-01	-2.44450e-11	
553	2.612500e-08	4.674736e-01	4.652525e-01	-2.24746e-11	
554	2.617500e-08	4.674736e-01	4.654337e-01	-2.06630e-11	
555	2.622500e-08	4.674736e-01	4.656003e-01	-1.89975e-11	
556	2.627500e-08	4.674736e-01	4.657534e-01	-1.74662e-11	
557	2.632500e-08	4.674736e-01	4.658942e-01	-1.60583e-11	
558	2.637500e-08	4.674736e-01	4.660236e-01	-1.47640e-11	
559	2.642500e-08	4.674736e-01	4.661426e-01	-1.35739e-11	
560	2.647500e-08	4.674736e-01	4.662520e-01	-1.24798e-11	
561	2.652500e-08	4.674736e-01	4.663526e-01	-1.14739e-11	
562	2.657500e-08	4.674736e-01	4.664451e-01	-1.05490e-11	
563	2.662500e-08	4.674736e-01	4.665301e-01	-9.69871e-12	
564	2.667500e-08	4.674736e-01	4.666083e-01	-8.91695e-12	
565	2.672500e-08	4.674736e-01	4.666802e-01	-8.19820e-12	
566	2.677500e-08	4.674736e-01	4.667463e-01	-7.53738e-12	
567	2.682500e-08	4.674736e-01	4.668070e-01	-6.92983e-12	
568	2.687500e-08	4.674736e-01	4.668629e-01	-6.37126e-12	
569	2.692500e-08	4.674736e-01	4.669142e-01	-5.85770e-12	
570	2.697500e-08	4.674736e-01	4.669614e-01	-5.38554e-12	
571	2.702500e-08	4.674736e-01	4.670049e-01	-4.95144e-12	
572	2.707500e-08	4.674736e-01	4.670448e-01	-4.55233e-12	
573	2.712500e-08	4.674736e-01	4.670815e-01	-4.18539e-12	
574	2.717500e-08	4.674736e-01	4.671152e-01	-3.84803e-12	
575	2.722500e-08	4.674736e-01	4.671462e-01	-3.53786e-12	
576	2.727500e-08	4.674736e-01	4.671747e-01	-3.25269e-12	

Index   time            v(cell)         v(bl)           vpre#branch     
--------------------------------------------------------------------------------
577	2.732500e-08	4.674736e-01	4.672009e-01	-2.99051e-12	
578	2.737500e-08	4.674736e-01	4.672251e-01	-2.74946e-12	
579	2.742500e-08	4.674736e-01	4.672472e-01	-2.52784e-12	
580	2.747500e-08	4.674736e-01	4.672676e-01	-2.32408e-12	
581	2.752500e-08	4.674736e-01	4.672863e-01	-2.13675e-12	
582	2.757500e-08	4.674736e-01	4.673035e-01	-1.96452e-12	
583	2.762500e-08	4.674736e-01	4.673194e-01	-1.80617e-12	
584	2.767500e-08	4.674736e-01	4.673339e-01	-1.66058e-12	
585	2.772500e-08	4.674736e-01	4.673473e-01	-1.52673e-12	
586	2.777500e-08	4.674736e-01	4.673596e-01	-1.40367e-12	
587	2.782500e-08	4.674736e-01	4.673709e-01	-1.29053e-12	
588	2.787500e-08	4.674736e-01	4.673813e-01	-1.18650e-12	
589	2.792500e-08	4.674736e-01	4.673909e-01	-1.09087e-12	
590	2.797500e-08	4.674736e-01	4.673997e-01	-1.00294e-12	
591	2.802500e-08	4.674736e-01	4.674078e-01	-9.22096e-13	
592	2.807500e-08	4.674736e-01	4.674152e-01	-8.47771e-13	
593	2.812500e-08	4.674736e-01	4.674221e-01	-7.79436e-13	
594	2.817500e-08	4.674736e-01	4.674283e-01	-7.16610e-13	
595	2.822500e-08	4.674736e-01	4.674341e-01	-6.58848e-13	
596	2.827500e-08	4.674736e-01	4.674394e-01	-6.05742e-13	
597	2.832500e-08	4.674736e-01	4.674443e-01	-5.56916e-13	
598	2.837500e-08	4.674736e-01	4.674488e-01	-5.12026e-13	
599	2.842500e-08	4.674736e-01	4.674529e-01	-4.70754e-13	
600	2.847500e-08	4.674736e-01	4.674567e-01	-4.32809e-13	
601	2.852500e-08	4.674736e-01	4.674602e-01	-3.97922e-13	
602	2.857500e-08	4.674736e-01	4.674634e-01	-3.65848e-13	
603	2.862500e-08	4.674736e-01	4.674664e-01	-3.36359e-13	
604	2.867500e-08	4.674736e-01	4.674691e-01	-3.09247e-13	
605	2.872500e-08	4.674736e-01	4.674716e-01	-2.84320e-13	
606	2.877500e-08	4.674736e-01	4.674739e-01	-2.61402e-13	
607	2.882500e-08	4.674736e-01	4.674760e-01	-2.40332e-13	
608	2.887500e-08	4.674736e-01	4.674779e-01	-2.20960e-13	
609	2.892500e-08	4.674736e-01	4.674797e-01	-2.03150e-13	
610	2.897500e-08	4.674736e-01	4.674813e-01	-1.86775e-13	
611	2.902500e-08	4.674736e-01	4.674828e-01	-1.71720e-13	
612	2.907500e-08	4.674736e-01	4.674842e-01	-1.57879e-13	
613	2.912500e-08	4.674736e-01	4.674855e-01	-1.45153e-13	
614	2.917500e-08	4.674736e-01	4.674867e-01	-1.33453e-13	
615	2.922500e-08	4.674736e-01	4.674877e-01	-1.22696e-13	
616	2.927500e-08	4.674736e-01	4.674887e-01	-1.12806e-13	
617	2.932500e-08	4.674736e-01	4.674896e-01	-1.03713e-13	
618	2.937500e-08	4.674736e-01	4.674905e-01	-9.53535e-14	
619	2.942500e-08	4.674736e-01	4.674912e-01	-8.76675e-14	
620	2.947500e-08	4.674736e-01	4.674919e-01	-8.06011e-14	
621	2.952500e-08	4.674736e-01	4.674926e-01	-7.41043e-14	
622	2.957500e-08	4.674736e-01	4.674932e-01	-6.81311e-14	
623	2.962500e-08	4.674736e-01	4.674937e-01	-6.26394e-14	
624	2.967500e-08	4.674736e-01	4.674942e-01	-5.75904e-14	
625	2.972500e-08	4.674736e-01	4.674947e-01	-5.29483e-14	
626	2.977500e-08	4.674736e-01	4.674951e-01	-4.86804e-14	
627	2.982500e-08	4.674736e-01	4.674955e-01	-4.47566e-14	
628	2.987500e-08	4.674736e-01	4.674959e-01	-4.11490e-14	
629	2.992500e-08	4.674736e-01	4.674962e-01	-3.78322e-14	
630	2.997500e-08	4.674736e-01	4.674965e-01	-3.47827e-14	
631	3.002500e-08	4.674736e-01	4.674968e-01	-3.19791e-14	
632	3.007500e-08	4.674736e-01	4.674971e-01	-2.94014e-14	
633	3.012500e-08	4.674736e-01	4.674973e-01	-2.70315e-14	
634	3.017500e-08	4.674736e-01	4.674975e-01	-2.48526e-14	

Index   time            v(cell)         v(bl)           vpre#branch     
--------------------------------------------------------------------------------
635	3.022500e-08	4.674736e-01	4.674977e-01	-2.28494e-14	
636	3.027500e-08	4.674736e-01	4.674979e-01	-2.10076e-14	
637	3.032500e-08	4.674736e-01	4.674981e-01	-1.93143e-14	
638	3.037500e-08	4.674736e-01	4.674982e-01	-1.77575e-14	
639	3.042500e-08	4.674736e-01	4.674984e-01	-1.63262e-14	
640	3.047500e-08	4.674736e-01	4.674985e-01	-1.50102e-14	
641	3.052500e-08	4.674736e-01	4.674986e-01	-1.38003e-14	
642	3.057500e-08	4.674736e-01	4.674987e-01	-1.26879e-14	
643	3.062500e-08	4.674736e-01	4.674988e-01	-1.16652e-14	
644	3.067500e-08	4.674736e-01	4.674989e-01	-1.07250e-14	
645	3.072500e-08	4.674736e-01	4.674990e-01	-9.86048e-15	
646	3.077500e-08	4.674736e-01	4.674991e-01	-9.06568e-15	
647	3.082500e-08	4.674736e-01	4.674992e-01	-8.33494e-15	
648	3.087500e-08	4.674736e-01	4.674992e-01	-7.66311e-15	
649	3.092500e-08	4.674736e-01	4.674993e-01	-7.04543e-15	
650	3.097500e-08	4.674736e-01	4.674994e-01	-6.47754e-15	
651	3.102500e-08	4.674736e-01	4.674994e-01	-5.95542e-15	
652	3.107500e-08	4.674736e-01	4.674995e-01	-5.47538e-15	
653	3.112500e-08	4.674736e-01	4.674995e-01	-5.03405e-15	
654	3.117500e-08	4.674736e-01	4.674995e-01	-4.62828e-15	
655	3.122500e-08	4.674736e-01	4.674996e-01	-4.25522e-15	
656	3.127500e-08	4.674736e-01	4.674996e-01	-3.91223e-15	
657	3.132500e-08	4.674736e-01	4.674996e-01	-3.59689e-15	
658	3.137500e-08	4.674736e-01	4.674997e-01	-3.30697e-15	
659	3.142500e-08	4.674736e-01	4.674997e-01	-3.04041e-15	
660	3.147500e-08	4.674736e-01	4.674997e-01	-2.79534e-15	
661	3.152500e-08	4.674736e-01	4.674997e-01	-2.57003e-15	
662	3.157500e-08	4.674736e-01	4.674998e-01	-2.36287e-15	
663	3.162500e-08	4.674736e-01	4.674998e-01	-2.17242e-15	
664	3.167500e-08	4.674736e-01	4.674998e-01	-1.99731e-15	
665	3.172500e-08	4.674736e-01	4.674998e-01	-1.83632e-15	
666	3.177500e-08	4.674736e-01	4.674998e-01	-1.68831e-15	
667	3.182500e-08	4.674736e-01	4.674998e-01	-1.55223e-15	
668	3.187500e-08	4.674736e-01	4.674999e-01	-1.42711e-15	
669	3.192500e-08	4.674736e-01	4.674999e-01	-1.31208e-15	
670	3.197500e-08	4.674736e-01	4.674999e-01	-1.20633e-15	
671	3.202500e-08	4.674736e-01	4.674999e-01	-1.10909e-15	
672	3.207500e-08	4.674736e-01	4.674999e-01	-1.01970e-15	
673	3.212500e-08	4.674736e-01	4.674999e-01	-9.37507e-16	
674	3.217500e-08	4.674736e-01	4.674999e-01	-8.61942e-16	
675	3.222500e-08	4.674736e-01	4.674999e-01	-7.92468e-16	
676	3.227500e-08	4.674736e-01	4.674999e-01	-7.28594e-16	
677	3.232500e-08	4.674736e-01	4.674999e-01	-6.69869e-16	
678	3.237500e-08	4.674736e-01	4.674999e-01	-6.15877e-16	
679	3.242500e-08	4.674736e-01	4.674999e-01	-5.66237e-16	
680	3.247500e-08	4.674736e-01	4.674999e-01	-5.20598e-16	
681	3.252500e-08	4.674736e-01	4.675000e-01	-4.78638e-16	
682	3.257500e-08	4.674736e-01	4.675000e-01	-4.40061e-16	
683	3.262500e-08	4.674736e-01	4.675000e-01	-4.04592e-16	
684	3.267500e-08	4.674736e-01	4.675000e-01	-3.71983e-16	
685	3.272500e-08	4.674736e-01	4.675000e-01	-3.42002e-16	
686	3.277500e-08	4.674736e-01	4.675000e-01	-3.14438e-16	
687	3.282500e-08	4.674736e-01	4.675000e-01	-2.89095e-16	
688	3.287500e-08	4.674736e-01	4.675000e-01	-2.65796e-16	
689	3.292500e-08	4.674736e-01	4.675000e-01	-2.44374e-16	
690	3.297500e-08	4.674736e-01	4.675000e-01	-2.24679e-16	
691	3.302500e-08	4.674736e-01	4.675000e-01	-2.06571e-16	
692	3.307500e-08	4.674736e-01	4.675000e-01	-1.89924e-16	

Index   time            v(cell)         v(bl)           vpre#branch     
--------------------------------------------------------------------------------
693	3.312500e-08	4.674736e-01	4.675000e-01	-1.74618e-16	
694	3.317500e-08	4.674736e-01	4.675000e-01	-1.60545e-16	
695	3.322500e-08	4.674736e-01	4.675000e-01	-1.47607e-16	
696	3.327500e-08	4.674736e-01	4.675000e-01	-1.35712e-16	
697	3.332500e-08	4.674736e-01	4.675000e-01	-1.24776e-16	
698	3.337500e-08	4.674736e-01	4.675000e-01	-1.14721e-16	
699	3.342500e-08	4.674736e-01	4.675000e-01	-1.05477e-16	
700	3.347500e-08	4.674736e-01	4.675000e-01	-9.69776e-17	
701	3.352500e-08	4.674736e-01	4.675000e-01	-8.91634e-17	
702	3.357500e-08	4.674736e-01	4.675000e-01	-8.19792e-17	
703	3.362500e-08	4.674736e-01	4.675000e-01	-7.53740e-17	
704	3.367500e-08	4.674736e-01	4.675000e-01	-6.93013e-17	
705	3.372500e-08	4.674736e-01	4.675000e-01	-6.37180e-17	
706	3.377500e-08	4.674736e-01	4.675000e-01	-5.85848e-17	
707	3.382500e-08	4.674736e-01	4.675000e-01	-5.38653e-17	
708	3.387500e-08	4.674736e-01	4.675000e-01	-4.95262e-17	
709	3.392500e-08	4.674736e-01	4.675000e-01	-4.55369e-17	
710	3.397500e-08	4.674736e-01	4.675000e-01	-4.18692e-17	
711	3.402500e-08	4.674736e-01	4.675000e-01	-3.84971e-17	
712	3.407500e-08	4.674736e-01	4.675000e-01	-3.53968e-17	
713	3.412500e-08	4.674736e-01	4.675000e-01	-3.25464e-17	
714	3.417500e-08	4.674736e-01	4.675000e-01	-2.99257e-17	
715	3.422500e-08	4.674736e-01	4.675000e-01	-2.75163e-17	
716	3.427500e-08	4.674736e-01	4.675000e-01	-2.53011e-17	
717	3.432500e-08	4.674736e-01	4.675000e-01	-2.32645e-17	
718	3.437500e-08	4.674736e-01	4.675000e-01	-2.13920e-17	
719	3.442500e-08	4.674736e-01	4.675000e-01	-1.96705e-17	
720	3.447500e-08	4.674736e-01	4.675000e-01	-1.80876e-17	
721	3.452500e-08	4.674736e-01	4.675000e-01	-1.66323e-17	
722	3.457500e-08	4.674736e-01	4.675000e-01	-1.52944e-17	
723	3.462500e-08	4.674736e-01	4.675000e-01	-1.40643e-17	
724	3.467500e-08	4.674736e-01	4.675000e-01	-1.29334e-17	
725	3.472500e-08	4.674736e-01	4.675000e-01	-1.18936e-17	
726	3.477500e-08	4.674736e-01	4.675000e-01	-1.09377e-17	
727	3.482500e-08	4.674736e-01	4.675000e-01	-1.00588e-17	
728	3.487500e-08	4.674736e-01	4.675000e-01	-9.25079e-18	
729	3.492500e-08	4.674736e-01	4.675000e-01	-8.50789e-18	
730	3.497500e-08	4.674736e-01	4.675000e-01	-7.82493e-18	
731	3.502500e-08	4.674736e-01	4.675000e-01	-7.19702e-18	
732	3.507500e-08	4.674736e-01	4.675000e-01	-6.61972e-18	
733	3.512500e-08	4.674736e-01	4.675000e-01	-6.08896e-18	
734	3.517500e-08	4.674736e-01	4.675000e-01	-5.60098e-18	
735	3.522500e-08	4.674736e-01	4.675000e-01	-5.15234e-18	
736	3.527500e-08	4.674736e-01	4.675000e-01	-4.73985e-18	
737	3.532500e-08	4.674736e-01	4.675000e-01	-4.36062e-18	
738	3.537500e-08	4.674736e-01	4.675000e-01	-4.01195e-18	
739	3.542500e-08	4.674736e-01	4.675000e-01	-3.69138e-18	
740	3.547500e-08	4.674736e-01	4.675000e-01	-3.39666e-18	
741	3.552500e-08	4.674736e-01	4.675000e-01	-3.12569e-18	
742	3.557500e-08	4.674736e-01	4.675000e-01	-2.87656e-18	
743	3.562500e-08	4.674736e-01	4.675000e-01	-2.64752e-18	
744	3.567500e-08	4.674736e-01	4.675000e-01	-2.43693e-18	
745	3.572500e-08	4.674736e-01	4.675000e-01	-2.24326e-18	
746	3.577500e-08	4.674736e-01	4.675000e-01	-2.06519e-18	
747	3.582500e-08	4.674736e-01	4.675000e-01	-1.90155e-18	
748	3.587500e-08	4.674736e-01	4.675000e-01	-1.75109e-18	
749	3.592500e-08	4.674736e-01	4.675000e-01	-1.61276e-18	
750	3.597500e-08	4.674736e-01	4.675000e-01	-1.48558e-18	

Index   time            v(cell)         v(bl)           vpre#branch     
--------------------------------------------------------------------------------
751	3.602500e-08	4.674736e-01	4.675000e-01	-1.36866e-18	
752	3.607500e-08	4.674736e-01	4.675000e-01	-1.26115e-18	
753	3.612500e-08	4.674736e-01	4.675000e-01	-1.16232e-18	
754	3.617500e-08	4.674736e-01	4.675000e-01	-1.07145e-18	
755	3.622500e-08	4.674736e-01	4.675000e-01	-9.87903e-19	
756	3.627500e-08	4.674736e-01	4.675000e-01	-9.11092e-19	
757	3.632500e-08	4.674736e-01	4.675000e-01	-8.40473e-19	
758	3.637500e-08	4.674736e-01	4.675000e-01	-7.75477e-19	
759	3.642500e-08	4.674736e-01	4.675000e-01	-7.15722e-19	
760	3.647500e-08	4.674736e-01	4.675000e-01	-6.60845e-19	
761	3.652500e-08	4.674736e-01	4.675000e-01	-6.10391e-19	
762	3.657500e-08	4.674736e-01	4.675000e-01	-5.64006e-19	
763	3.662500e-08	4.674736e-01	4.675000e-01	-5.21359e-19	
764	3.667500e-08	4.674736e-01	4.675000e-01	-4.82150e-19	
765	3.672500e-08	4.674736e-01	4.675000e-01	-4.46101e-19	
766	3.677500e-08	4.674736e-01	4.675000e-01	-4.12955e-19	
767	3.682500e-08	4.674736e-01	4.675000e-01	-3.82483e-19	
768	3.687500e-08	4.674736e-01	4.675000e-01	-3.54468e-19	
769	3.692500e-08	4.674736e-01	4.675000e-01	-3.28710e-19	
770	3.697500e-08	4.674736e-01	4.675000e-01	-3.05028e-19	
771	3.702500e-08	4.674736e-01	4.675000e-01	-2.83256e-19	
772	3.707500e-08	4.674736e-01	4.675000e-01	-2.63238e-19	
773	3.712500e-08	4.674736e-01	4.675000e-01	-2.44835e-19	
774	3.717500e-08	4.674736e-01	4.675000e-01	-2.27914e-19	
775	3.722500e-08	4.674736e-01	4.675000e-01	-2.12360e-19	
776	3.727500e-08	4.674736e-01	4.675000e-01	-1.98055e-19	
777	3.732500e-08	4.674736e-01	4.675000e-01	-1.84908e-19	
778	3.737500e-08	4.674736e-01	4.675000e-01	-1.72817e-19	
779	3.742500e-08	4.674736e-01	4.675000e-01	-1.61702e-19	
780	3.747500e-08	4.674736e-01	4.675000e-01	-1.51481e-19	
781	3.752500e-08	4.674736e-01	4.675000e-01	-1.42082e-19	
782	3.757500e-08	4.674736e-01	4.675000e-01	-1.33444e-19	
783	3.762500e-08	4.674736e-01	4.675000e-01	-1.25500e-19	
784	3.767500e-08	4.674736e-01	4.675000e-01	-1.18197e-19	
785	3.772500e-08	4.674736e-01	4.675000e-01	-1.11485e-19	
786	3.777500e-08	4.674736e-01	4.675000e-01	-1.05310e-19	
787	3.782500e-08	4.674736e-01	4.675000e-01	-9.96356e-20	
788	3.787500e-08	4.674736e-01	4.675000e-01	-9.44185e-20	
789	3.792500e-08	4.674736e-01	4.675000e-01	-8.96234e-20	
790	3.797500e-08	4.674736e-01	4.675000e-01	-8.52137e-20	
791	3.802500e-08	4.674736e-01	4.675000e-01	-8.11597e-20	
792	3.807500e-08	4.674736e-01	4.675000e-01	-7.74324e-20	
793	3.812500e-08	4.674736e-01	4.675000e-01	-7.40070e-20	
794	3.817500e-08	4.674736e-01	4.675000e-01	-7.08579e-20	
795	3.822500e-08	4.674736e-01	4.675000e-01	-6.79603e-20	
796	3.827500e-08	4.674736e-01	4.675000e-01	-6.52968e-20	
797	3.832500e-08	4.674736e-01	4.675000e-01	-6.28492e-20	
798	3.837500e-08	4.674736e-01	4.675000e-01	-6.05976e-20	
799	3.842500e-08	4.674736e-01	4.675000e-01	-5.85288e-20	
800	3.847500e-08	4.674736e-01	4.675000e-01	-5.66255e-20	
801	3.852500e-08	4.674736e-01	4.675000e-01	-5.48760e-20	
802	3.857500e-08	4.674736e-01	4.675000e-01	-5.32663e-20	
803	3.862500e-08	4.674736e-01	4.675000e-01	-5.17881e-20	
804	3.867500e-08	4.674736e-01	4.675000e-01	-5.04282e-20	
805	3.872500e-08	4.674736e-01	4.675000e-01	-4.91792e-20	
806	3.877500e-08	4.674736e-01	4.675000e-01	-4.80302e-20	
807	3.882500e-08	4.674736e-01	4.675000e-01	-4.69748e-20	
808	3.887500e-08	4.674736e-01	4.675000e-01	-4.60028e-20	

Index   time            v(cell)         v(bl)           vpre#branch     
--------------------------------------------------------------------------------
809	3.892500e-08	4.674736e-01	4.675000e-01	-4.51086e-20	
810	3.897500e-08	4.674736e-01	4.675000e-01	-4.42848e-20	
811	3.902500e-08	4.674736e-01	4.675000e-01	-4.35296e-20	
812	3.907500e-08	4.674736e-01	4.675000e-01	-4.28347e-20	
813	3.912500e-08	4.674736e-01	4.675000e-01	-4.21986e-20	
814	3.917500e-08	4.674736e-01	4.675000e-01	-4.16088e-20	
815	3.922500e-08	4.674736e-01	4.675000e-01	-4.10703e-20	
816	3.927500e-08	4.674736e-01	4.675000e-01	-4.05732e-20	
817	3.932500e-08	4.674736e-01	4.675000e-01	-4.01174e-20	
818	3.937500e-08	4.674736e-01	4.675000e-01	-3.96989e-20	
819	3.942500e-08	4.674736e-01	4.675000e-01	-3.93134e-20	
820	3.947500e-08	4.674736e-01	4.675000e-01	-3.89586e-20	
821	3.952500e-08	4.674736e-01	4.675000e-01	-3.86335e-20	
822	3.957500e-08	4.674736e-01	4.675000e-01	-3.83332e-20	
823	3.962500e-08	4.674736e-01	4.675000e-01	-3.80578e-20	
824	3.967500e-08	4.674736e-01	4.675000e-01	-3.78046e-20	
825	3.972500e-08	4.674736e-01	4.675000e-01	-3.75722e-20	
826	3.977500e-08	4.674736e-01	4.675000e-01	-3.73580e-20	
827	3.982500e-08	4.674736e-01	4.675000e-01	-3.71611e-20	
828	3.987500e-08	4.674736e-01	4.675000e-01	-3.69799e-20	
829	3.992500e-08	4.674736e-01	4.675000e-01	-3.68145e-20	
830	3.996250e-08	4.674736e-01	4.675000e-01	-3.66913e-20	
831	4.000000e-08	4.674736e-01	4.675000e-01	-3.65862e-20	


Total analysis time (seconds) = 0.65623

Total elapsed time (seconds) = 0.669 

Total DRAM available = 386307.215 MB.
DRAM currently available = 20588.070 MB.
Maximum ngspice program size =  529.719 MB.
Current ngspice program size =   14.121 MB.

Shared ngspice pages =   12.289 MB.
Text (code) pages =    6.266 MB.
Stack = 0 bytes.
Library pages =   59.137 MB.

