
Note: No compatibility mode selected!


Circuit: * 1t1c ccell=10.0ff

Doing analysis at TEMP = 27.000000 and TNOM = 27.000000

Using SPARSE 1.3 as Direct Linear Solver

Initial Transient Solution
--------------------------

Node                                   Voltage
----                                   -------
pre                                      0.405
bl                                       0.405
wl                                           0
plate                                        0
s                                            0
cell                                         0
vs#branch                                    0
vpl#branch                                   0
vwl#branch                                   0
vpre#branch                                  0


No. of Data Rows : 832

  Measurements for Transient Analysis

t_write             =  1.90072e-09
t_read              =  2.25713e-08
i_hold              =  -2.86640e-11 from=  2.50000e-08 to=  3.50250e-08
q_read              =   3.15827e-18 from=  1.20000e-08 to=  2.20000e-08

                              * 1t1c ccell=10.0ff
                              Transient Analysis  Tue Jun 23 23:55:40  2026
--------------------------------------------------------------------------------
Index   time            v(cell)         v(bl)           vpre#branch     
--------------------------------------------------------------------------------
0	0.000000e+00	0.000000e+00	4.050000e-01	0.000000e+00	
1	5.000000e-13	8.055767e-13	4.050000e-01	-1.10038e-17	
2	1.000000e-12	1.611107e-12	4.050000e-01	-2.11321e-17	
3	2.000000e-12	3.222160e-12	4.050000e-01	-4.13760e-17	
4	4.000000e-12	6.444264e-12	4.050000e-01	-8.17875e-17	
5	8.000000e-12	1.288847e-11	4.050000e-01	-1.62306e-16	
6	1.600000e-11	2.577689e-11	4.050000e-01	-3.22134e-16	
7	3.200000e-11	5.155373e-11	4.049999e-01	-6.37013e-16	
8	6.400000e-11	1.031074e-10	4.049999e-01	-1.24813e-15	
9	1.140000e-10	1.836600e-10	4.049998e-01	-2.15525e-15	
10	1.640000e-10	2.642125e-10	4.049997e-01	-3.00706e-15	
11	2.140000e-10	3.447651e-10	4.049996e-01	-3.80692e-15	
12	2.640000e-10	4.253176e-10	4.049995e-01	-4.55800e-15	
13	3.140000e-10	5.058701e-10	4.049995e-01	-5.26328e-15	
14	3.640000e-10	5.864226e-10	4.049994e-01	-5.92555e-15	
15	4.140000e-10	6.669751e-10	4.049993e-01	-6.54743e-15	
16	4.640000e-10	7.475276e-10	4.049993e-01	-7.13139e-15	
17	5.140000e-10	8.280800e-10	4.049992e-01	-7.67974e-15	
18	5.640000e-10	9.086325e-10	4.049992e-01	-8.19464e-15	
19	6.140000e-10	9.891849e-10	4.049991e-01	-8.67815e-15	
20	6.640000e-10	1.069737e-09	4.049991e-01	-9.13217e-15	
21	7.140000e-10	1.150290e-09	4.049990e-01	-9.55851e-15	
22	7.640000e-10	1.230842e-09	4.049990e-01	-9.95884e-15	
23	8.140000e-10	1.311395e-09	4.049990e-01	-1.03348e-14	
24	8.640000e-10	1.391947e-09	4.049989e-01	-1.06878e-14	
25	9.140000e-10	1.472499e-09	4.049989e-01	-1.10192e-14	
26	9.570000e-10	1.541774e-09	4.049989e-01	-1.12881e-14	
27	1.000000e-09	1.611049e-09	4.049988e-01	-1.15427e-14	
28	1.005000e-09	4.046812e-03	4.049988e-01	-1.15604e-14	
29	1.015000e-09	1.214038e-02	4.049988e-01	-1.15761e-14	
30	1.035000e-09	2.832751e-02	4.049988e-01	-1.15080e-14	
31	1.075000e-09	6.070178e-02	4.049989e-01	-1.11201e-14	
32	1.125000e-09	1.011696e-01	4.049990e-01	-1.04549e-14	
33	1.175000e-09	1.416374e-01	4.049990e-01	-9.80224e-15	
34	1.225000e-09	1.821053e-01	4.049991e-01	-9.19934e-15	
35	1.275000e-09	2.225731e-01	4.049991e-01	-8.63660e-15	
36	1.325000e-09	2.630409e-01	4.049992e-01	-8.10934e-15	
37	1.375000e-09	3.035088e-01	4.049992e-01	-7.61498e-15	
38	1.425000e-09	3.439766e-01	4.049993e-01	-7.15121e-15	
39	1.475000e-09	3.844444e-01	4.049993e-01	-6.71566e-15	
40	1.525000e-09	4.249123e-01	4.049994e-01	-6.30656e-15	
41	1.575000e-09	4.653801e-01	4.049994e-01	-5.92182e-15	
42	1.625000e-09	5.058479e-01	4.049994e-01	-5.56005e-15	
43	1.675000e-09	5.463158e-01	4.049995e-01	-5.22034e-15	
44	1.725000e-09	5.867836e-01	4.049995e-01	-4.90131e-15	
45	1.775000e-09	6.272514e-01	4.049995e-01	-4.60171e-15	
46	1.825000e-09	6.677193e-01	4.049996e-01	-4.32035e-15	
47	1.875000e-09	7.081871e-01	4.049996e-01	-4.05612e-15	
48	1.925000e-09	7.486549e-01	4.049996e-01	-3.80798e-15	
49	1.962500e-09	7.790058e-01	4.049996e-01	-3.63187e-15	
50	2.000000e-09	8.093567e-01	4.049997e-01	-3.46386e-15	
51	2.005000e-09	8.093567e-01	4.049997e-01	-3.44212e-15	
52	2.015000e-09	8.093567e-01	4.049997e-01	-3.39892e-15	
53	2.035000e-09	8.093567e-01	4.049997e-01	-3.31413e-15	
54	2.075000e-09	8.093567e-01	4.049997e-01	-3.15078e-15	

Index   time            v(cell)         v(bl)           vpre#branch     
--------------------------------------------------------------------------------
55	2.125000e-09	8.093567e-01	4.049997e-01	-2.95781e-15	
56	2.175000e-09	8.093567e-01	4.049997e-01	-2.77660e-15	
57	2.225000e-09	8.093567e-01	4.049997e-01	-2.60644e-15	
58	2.275000e-09	8.093567e-01	4.049998e-01	-2.44666e-15	
59	2.325000e-09	8.093567e-01	4.049998e-01	-2.29662e-15	
60	2.375000e-09	8.093567e-01	4.049998e-01	-2.15574e-15	
61	2.425000e-09	8.093567e-01	4.049998e-01	-2.02344e-15	
62	2.475000e-09	8.093567e-01	4.049998e-01	-1.89921e-15	
63	2.525000e-09	8.093567e-01	4.049998e-01	-1.78256e-15	
64	2.575000e-09	8.093567e-01	4.049998e-01	-1.67302e-15	
65	2.625000e-09	8.093567e-01	4.049998e-01	-1.57017e-15	
66	2.675000e-09	8.093567e-01	4.049999e-01	-1.47358e-15	
67	2.725000e-09	8.093567e-01	4.049999e-01	-1.38288e-15	
68	2.775000e-09	8.093567e-01	4.049999e-01	-1.29772e-15	
69	2.825000e-09	8.093567e-01	4.049999e-01	-1.21775e-15	
70	2.875000e-09	8.093567e-01	4.049999e-01	-1.14265e-15	
71	2.925000e-09	8.093567e-01	4.049999e-01	-1.07214e-15	
72	2.975000e-09	8.093567e-01	4.049999e-01	-1.00592e-15	
73	3.025000e-09	8.093567e-01	4.049999e-01	-9.43746e-16	
74	3.075000e-09	8.093567e-01	4.049999e-01	-8.85360e-16	
75	3.125000e-09	8.093567e-01	4.049999e-01	-8.30535e-16	
76	3.175000e-09	8.093567e-01	4.049999e-01	-7.79054e-16	
77	3.225000e-09	8.093567e-01	4.049999e-01	-7.30711e-16	
78	3.275000e-09	8.093567e-01	4.049999e-01	-6.85318e-16	
79	3.325000e-09	8.093567e-01	4.049999e-01	-6.42692e-16	
80	3.375000e-09	8.093567e-01	4.049999e-01	-6.02666e-16	
81	3.425000e-09	8.093567e-01	4.049999e-01	-5.65080e-16	
82	3.475000e-09	8.093567e-01	4.049999e-01	-5.29786e-16	
83	3.525000e-09	8.093567e-01	4.050000e-01	-4.96645e-16	
84	3.575000e-09	8.093567e-01	4.050000e-01	-4.65525e-16	
85	3.625000e-09	8.093567e-01	4.050000e-01	-4.36302e-16	
86	3.675000e-09	8.093567e-01	4.050000e-01	-4.08862e-16	
87	3.725000e-09	8.093567e-01	4.050000e-01	-3.83096e-16	
88	3.775000e-09	8.093567e-01	4.050000e-01	-3.58900e-16	
89	3.825000e-09	8.093567e-01	4.050000e-01	-3.36180e-16	
90	3.875000e-09	8.093567e-01	4.050000e-01	-3.14845e-16	
91	3.925000e-09	8.093567e-01	4.050000e-01	-2.94812e-16	
92	3.975000e-09	8.093567e-01	4.050000e-01	-2.76000e-16	
93	4.025000e-09	8.093567e-01	4.050000e-01	-2.58335e-16	
94	4.075000e-09	8.093567e-01	4.050000e-01	-2.41748e-16	
95	4.125000e-09	8.093567e-01	4.050000e-01	-2.26172e-16	
96	4.175000e-09	8.093567e-01	4.050000e-01	-2.11546e-16	
97	4.225000e-09	8.093567e-01	4.050000e-01	-1.97811e-16	
98	4.275000e-09	8.093567e-01	4.050000e-01	-1.84915e-16	
99	4.325000e-09	8.093567e-01	4.050000e-01	-1.72805e-16	
100	4.375000e-09	8.093567e-01	4.050000e-01	-1.61433e-16	
101	4.425000e-09	8.093567e-01	4.050000e-01	-1.50755e-16	
102	4.475000e-09	8.093567e-01	4.050000e-01	-1.40728e-16	
103	4.525000e-09	8.093567e-01	4.050000e-01	-1.31312e-16	
104	4.575000e-09	8.093567e-01	4.050000e-01	-1.22471e-16	
105	4.625000e-09	8.093567e-01	4.050000e-01	-1.14168e-16	
106	4.675000e-09	8.093567e-01	4.050000e-01	-1.06372e-16	
107	4.725000e-09	8.093567e-01	4.050000e-01	-9.90520e-17	
108	4.775000e-09	8.093567e-01	4.050000e-01	-9.21779e-17	
109	4.825000e-09	8.093567e-01	4.050000e-01	-8.57230e-17	
110	4.875000e-09	8.093567e-01	4.050000e-01	-7.96617e-17	
111	4.925000e-09	8.093567e-01	4.050000e-01	-7.39701e-17	
112	4.975000e-09	8.093567e-01	4.050000e-01	-6.86256e-17	

Index   time            v(cell)         v(bl)           vpre#branch     
--------------------------------------------------------------------------------
113	5.025000e-09	8.093567e-01	4.050000e-01	-6.36069e-17	
114	5.075000e-09	8.093567e-01	4.050000e-01	-5.88944e-17	
115	5.125000e-09	8.093567e-01	4.050000e-01	-5.44692e-17	
116	5.175000e-09	8.093567e-01	4.050000e-01	-5.03139e-17	
117	5.225000e-09	8.093567e-01	4.050000e-01	-4.64119e-17	
118	5.275000e-09	8.093567e-01	4.050000e-01	-4.27480e-17	
119	5.325000e-09	8.093567e-01	4.050000e-01	-3.93074e-17	
120	5.375000e-09	8.093567e-01	4.050000e-01	-3.60767e-17	
121	5.425000e-09	8.093567e-01	4.050000e-01	-3.30434e-17	
122	5.475000e-09	8.093567e-01	4.050000e-01	-3.01951e-17	
123	5.525000e-09	8.093567e-01	4.050000e-01	-2.75200e-17	
124	5.575000e-09	8.093567e-01	4.050000e-01	-2.50081e-17	
125	5.625000e-09	8.093567e-01	4.050000e-01	-2.26494e-17	
126	5.675000e-09	8.093567e-01	4.050000e-01	-2.04345e-17	
127	5.725000e-09	8.093567e-01	4.050000e-01	-1.83547e-17	
128	5.775000e-09	8.093567e-01	4.050000e-01	-1.64017e-17	
129	5.825000e-09	8.093567e-01	4.050000e-01	-1.45678e-17	
130	5.875000e-09	8.093567e-01	4.050000e-01	-1.28458e-17	
131	5.925000e-09	8.093567e-01	4.050000e-01	-1.12288e-17	
132	5.975000e-09	8.093567e-01	4.050000e-01	-9.71033e-18	
133	6.025000e-09	8.093567e-01	4.050000e-01	-8.28491e-18	
134	6.075000e-09	8.093567e-01	4.050000e-01	-6.94642e-18	
135	6.125000e-09	8.093567e-01	4.050000e-01	-5.68914e-18	
136	6.175000e-09	8.093567e-01	4.050000e-01	-4.50854e-18	
137	6.225000e-09	8.093567e-01	4.050000e-01	-3.39993e-18	
138	6.275000e-09	8.093567e-01	4.050000e-01	-2.35892e-18	
139	6.325000e-09	8.093567e-01	4.050000e-01	-1.38140e-18	
140	6.375000e-09	8.093567e-01	4.050000e-01	-4.63489e-19	
141	6.425000e-09	8.093567e-01	4.050000e-01	3.984455e-19	
142	6.475000e-09	8.093567e-01	4.050000e-01	1.207816e-18	
143	6.525000e-09	8.093567e-01	4.050000e-01	1.967830e-18	
144	6.575000e-09	8.093567e-01	4.050000e-01	2.681495e-18	
145	6.625000e-09	8.093567e-01	4.050000e-01	3.351228e-18	
146	6.675000e-09	8.093567e-01	4.050000e-01	3.980118e-18	
147	6.725000e-09	8.093567e-01	4.050000e-01	4.571070e-18	
148	6.775000e-09	8.093567e-01	4.050000e-01	5.125985e-18	
149	6.825000e-09	8.093567e-01	4.050000e-01	5.647059e-18	
150	6.875000e-09	8.093567e-01	4.050000e-01	6.136357e-18	
151	6.925000e-09	8.093567e-01	4.050000e-01	6.595816e-18	
152	6.962500e-09	8.093567e-01	4.050000e-01	6.921895e-18	
153	7.000000e-09	8.093567e-01	4.050000e-01	7.233164e-18	
154	7.005000e-09	7.891226e-01	4.050000e-01	7.272225e-18	
155	7.015000e-09	7.486548e-01	4.050000e-01	7.347509e-18	
156	7.035000e-09	6.677191e-01	4.050000e-01	7.480520e-18	
157	7.067500e-09	5.361987e-01	4.050000e-01	7.645050e-18	
158	7.100000e-09	4.046782e-01	4.050000e-01	7.733804e-18	
159	7.105000e-09	4.046783e-01	4.050000e-01	7.681756e-18	
160	7.115000e-09	4.046783e-01	4.050000e-01	7.578352e-18	
161	7.135000e-09	4.046783e-01	4.050000e-01	7.375462e-18	
162	7.175000e-09	4.046783e-01	4.050000e-01	6.984624e-18	
163	7.225000e-09	4.046783e-01	4.050000e-01	6.522825e-18	
164	7.275000e-09	4.046783e-01	4.050000e-01	6.088780e-18	
165	7.325000e-09	4.046783e-01	4.050000e-01	5.681202e-18	
166	7.375000e-09	4.046783e-01	4.050000e-01	5.298893e-18	
167	7.425000e-09	4.046783e-01	4.050000e-01	4.939898e-18	
168	7.475000e-09	4.046783e-01	4.050000e-01	4.602382e-18	
169	7.525000e-09	4.046783e-01	4.050000e-01	4.285450e-18	
170	7.575000e-09	4.046783e-01	4.050000e-01	3.988257e-18	

Index   time            v(cell)         v(bl)           vpre#branch     
--------------------------------------------------------------------------------
171	7.625000e-09	4.046783e-01	4.050000e-01	3.709188e-18	
172	7.675000e-09	4.046783e-01	4.050000e-01	3.447136e-18	
173	7.725000e-09	4.046783e-01	4.050000e-01	3.201065e-18	
174	7.775000e-09	4.046783e-01	4.050000e-01	2.970001e-18	
175	7.825000e-09	4.046783e-01	4.050000e-01	2.753027e-18	
176	7.875000e-09	4.046783e-01	4.050000e-01	2.548874e-18	
177	7.925000e-09	4.046783e-01	4.050000e-01	2.357582e-18	
178	7.975000e-09	4.046783e-01	4.050000e-01	2.177956e-18	
179	8.025000e-09	4.046783e-01	4.050000e-01	2.008870e-18	
180	8.075000e-09	4.046783e-01	4.050000e-01	1.850511e-18	
181	8.125000e-09	4.046783e-01	4.050000e-01	1.701805e-18	
182	8.175000e-09	4.046783e-01	4.050000e-01	1.561758e-18	
183	8.225000e-09	4.046783e-01	4.050000e-01	1.430250e-18	
184	8.275000e-09	4.046783e-01	4.050000e-01	1.306761e-18	
185	8.325000e-09	4.046783e-01	4.050000e-01	1.190803e-18	
186	8.375000e-09	4.046783e-01	4.050000e-01	1.082331e-18	
187	8.425000e-09	4.046783e-01	4.050000e-01	9.804704e-19	
188	8.475000e-09	4.046783e-01	4.050000e-01	8.848227e-19	
189	8.525000e-09	4.046783e-01	4.050000e-01	7.954218e-19	
190	8.575000e-09	4.046783e-01	4.050000e-01	7.114721e-19	
191	8.625000e-09	4.046783e-01	4.050000e-01	6.322290e-19	
192	8.675000e-09	4.046783e-01	4.050000e-01	5.578192e-19	
193	8.725000e-09	4.046783e-01	4.050000e-01	4.879447e-19	
194	8.775000e-09	4.046783e-01	4.050000e-01	4.223336e-19	
195	8.825000e-09	4.046783e-01	4.050000e-01	3.608005e-19	
196	8.875000e-09	4.046783e-01	4.050000e-01	3.026067e-19	
197	8.925000e-09	4.046783e-01	4.050000e-01	2.479631e-19	
198	8.975000e-09	4.046783e-01	4.050000e-01	1.966506e-19	
199	9.025000e-09	4.046783e-01	4.050000e-01	1.484665e-19	
200	9.075000e-09	4.046783e-01	4.050000e-01	1.032222e-19	
201	9.125000e-09	4.046783e-01	4.050000e-01	6.073656e-20	
202	9.175000e-09	4.046783e-01	4.050000e-01	2.084247e-20	
203	9.225000e-09	4.046783e-01	4.050000e-01	-1.66197e-20	
204	9.275000e-09	4.046783e-01	4.050000e-01	-5.13820e-20	
205	9.325000e-09	4.046783e-01	4.050000e-01	-8.40267e-20	
206	9.375000e-09	4.046783e-01	4.050000e-01	-1.15094e-19	
207	9.425000e-09	4.046783e-01	4.050000e-01	-1.44264e-19	
208	9.475000e-09	4.046783e-01	4.050000e-01	-1.71245e-19	
209	9.525000e-09	4.046783e-01	4.050000e-01	-1.96580e-19	
210	9.575000e-09	4.046783e-01	4.050000e-01	-2.20784e-19	
211	9.625000e-09	4.046783e-01	4.050000e-01	-2.43511e-19	
212	9.675000e-09	4.046783e-01	4.050000e-01	-2.64439e-19	
213	9.725000e-09	4.046783e-01	4.050000e-01	-2.84090e-19	
214	9.775000e-09	4.046783e-01	4.050000e-01	-3.02619e-19	
215	9.825000e-09	4.046783e-01	4.050000e-01	-3.20019e-19	
216	9.875000e-09	4.046783e-01	4.050000e-01	-3.36357e-19	
217	9.925000e-09	4.046783e-01	4.050000e-01	-3.51701e-19	
218	9.975000e-09	4.046783e-01	4.050000e-01	-3.66108e-19	
219	1.002500e-08	4.046783e-01	4.050000e-01	-3.80053e-19	
220	1.007500e-08	4.046783e-01	4.050000e-01	-3.93147e-19	
221	1.012500e-08	4.046783e-01	4.050000e-01	-4.05027e-19	
222	1.017500e-08	4.046783e-01	4.050000e-01	-4.16184e-19	
223	1.022500e-08	4.046783e-01	4.050000e-01	-4.26659e-19	
224	1.027500e-08	4.046783e-01	4.050000e-01	-4.36910e-19	
225	1.032500e-08	4.046783e-01	4.050000e-01	-4.46535e-19	
226	1.037500e-08	4.046783e-01	4.050000e-01	-4.55160e-19	
227	1.042500e-08	4.046783e-01	4.050000e-01	-4.63259e-19	
228	1.047500e-08	4.046783e-01	4.050000e-01	-4.70863e-19	

Index   time            v(cell)         v(bl)           vpre#branch     
--------------------------------------------------------------------------------
229	1.052500e-08	4.046783e-01	4.050000e-01	-4.78003e-19	
230	1.057500e-08	4.046783e-01	4.050000e-01	-4.84707e-19	
231	1.062500e-08	4.046783e-01	4.050000e-01	-4.91004e-19	
232	1.067500e-08	4.046783e-01	4.050000e-01	-4.97329e-19	
233	1.072500e-08	4.046783e-01	4.050000e-01	-5.03269e-19	
234	1.077500e-08	4.046783e-01	4.050000e-01	-5.08847e-19	
235	1.082500e-08	4.046783e-01	4.050000e-01	-5.14085e-19	
236	1.087500e-08	4.046783e-01	4.050000e-01	-5.18589e-19	
237	1.092500e-08	4.046783e-01	4.050000e-01	-5.22820e-19	
238	1.096250e-08	4.046783e-01	4.050000e-01	-5.25723e-19	
239	1.100000e-08	4.046783e-01	4.050000e-01	-5.28635e-19	
240	1.100500e-08	4.046815e-01	4.090245e-01	4.024468e-11	
241	1.101500e-08	4.046880e-01	4.170231e-01	1.202309e-10	
242	1.103500e-08	4.047008e-01	4.327222e-01	2.772222e-10	
243	1.107500e-08	4.047266e-01	4.629646e-01	5.796458e-10	
244	1.112500e-08	4.047587e-01	4.986928e-01	9.369276e-10	
245	1.117500e-08	4.047909e-01	5.322421e-01	1.272421e-09	
246	1.122500e-08	4.048231e-01	5.637456e-01	1.587456e-09	
247	1.127500e-08	4.048552e-01	5.933279e-01	1.883279e-09	
248	1.132500e-08	4.048874e-01	6.211062e-01	2.161062e-09	
249	1.137500e-08	4.049196e-01	6.471906e-01	2.421906e-09	
250	1.142500e-08	4.049517e-01	6.716842e-01	2.666842e-09	
251	1.147500e-08	4.049839e-01	6.946841e-01	2.896841e-09	
252	1.152500e-08	4.050161e-01	7.162814e-01	3.112814e-09	
253	1.157500e-08	4.050482e-01	7.365616e-01	3.315616e-09	
254	1.162500e-08	4.050804e-01	7.556047e-01	3.506047e-09	
255	1.167500e-08	4.051126e-01	7.734855e-01	3.684855e-09	
256	1.172500e-08	4.051447e-01	7.902733e-01	3.852733e-09	
257	1.177500e-08	4.051769e-01	8.060298e-01	4.010298e-09	
258	1.182500e-08	4.052091e-01	8.208042e-01	4.158042e-09	
259	1.187500e-08	4.052414e-01	8.345922e-01	4.295922e-09	
260	1.192500e-08	4.052738e-01	8.473015e-01	4.423015e-09	
261	1.196250e-08	4.052985e-01	8.559656e-01	4.509656e-09	
262	1.200000e-08	4.053237e-01	8.635152e-01	4.585152e-09	
263	1.200500e-08	4.053239e-01	8.604023e-01	4.554023e-09	
264	1.201500e-08	4.053243e-01	8.542186e-01	4.492186e-09	
265	1.203500e-08	4.053251e-01	8.420998e-01	4.370998e-09	
266	1.207500e-08	4.053265e-01	8.188232e-01	4.138232e-09	
267	1.212500e-08	4.053283e-01	7.914420e-01	3.864420e-09	
268	1.217500e-08	4.053300e-01	7.658477e-01	3.608477e-09	
269	1.222500e-08	4.053315e-01	7.419184e-01	3.369184e-09	
270	1.227500e-08	4.053330e-01	7.195419e-01	3.145419e-09	
271	1.232500e-08	4.053345e-01	6.986144e-01	2.936144e-09	
272	1.237500e-08	4.053358e-01	6.790391e-01	2.740391e-09	
273	1.242500e-08	4.053371e-01	6.607266e-01	2.557266e-09	
274	1.247500e-08	4.053384e-01	6.435933e-01	2.385933e-09	
275	1.252500e-08	4.053396e-01	6.275619e-01	2.225619e-09	
276	1.257500e-08	4.053408e-01	6.125599e-01	2.075599e-09	
277	1.262500e-08	4.053419e-01	5.985203e-01	1.935203e-09	
278	1.267500e-08	4.053430e-01	5.853803e-01	1.803803e-09	
279	1.272500e-08	4.053441e-01	5.730815e-01	1.680815e-09	
280	1.277500e-08	4.053451e-01	5.615693e-01	1.565693e-09	
281	1.282500e-08	4.053461e-01	5.507931e-01	1.457931e-09	
282	1.287500e-08	4.053471e-01	5.407051e-01	1.357051e-09	
283	1.292500e-08	4.053481e-01	5.312613e-01	1.262613e-09	
284	1.297500e-08	4.053490e-01	5.224202e-01	1.174202e-09	
285	1.302500e-08	4.053499e-01	5.141431e-01	1.091431e-09	
286	1.307500e-08	4.053508e-01	5.063940e-01	1.013940e-09	

Index   time            v(cell)         v(bl)           vpre#branch     
--------------------------------------------------------------------------------
287	1.312500e-08	4.053517e-01	4.991392e-01	9.413918e-10	
288	1.317500e-08	4.053525e-01	4.923471e-01	8.734710e-10	
289	1.322500e-08	4.053534e-01	4.859883e-01	8.098833e-10	
290	1.327500e-08	4.053542e-01	4.800354e-01	7.503537e-10	
291	1.332500e-08	4.053550e-01	4.744625e-01	6.946251e-10	
292	1.337500e-08	4.053558e-01	4.692457e-01	6.424572e-10	
293	1.342500e-08	4.053566e-01	4.643625e-01	5.936254e-10	
294	1.347500e-08	4.053574e-01	4.597920e-01	5.479199e-10	
295	1.352500e-08	4.053582e-01	4.555144e-01	5.051445e-10	
296	1.357500e-08	4.053589e-01	4.515116e-01	4.651158e-10	
297	1.362500e-08	4.053597e-01	4.477663e-01	4.276627e-10	
298	1.367500e-08	4.053604e-01	4.442625e-01	3.926248e-10	
299	1.372500e-08	4.053611e-01	4.409853e-01	3.598528e-10	
300	1.377500e-08	4.053619e-01	4.379207e-01	3.292068e-10	
301	1.382500e-08	4.053626e-01	4.350556e-01	3.005565e-10	
302	1.387500e-08	4.053632e-01	4.323780e-01	2.737799e-10	
303	1.392500e-08	4.053639e-01	4.298764e-01	2.487637e-10	
304	1.397500e-08	4.053646e-01	4.275402e-01	2.254019e-10	
305	1.402500e-08	4.053653e-01	4.253596e-01	2.035960e-10	
306	1.407500e-08	4.053659e-01	4.233255e-01	1.832548e-10	
307	1.412500e-08	4.053665e-01	4.214294e-01	1.642936e-10	
308	1.417500e-08	4.053672e-01	4.196634e-01	1.466344e-10	
309	1.422500e-08	4.053678e-01	4.180206e-01	1.302060e-10	
310	1.427500e-08	4.053684e-01	4.164944e-01	1.149440e-10	
311	1.432500e-08	4.053690e-01	4.150792e-01	1.007916e-10	
312	1.437500e-08	4.053695e-01	4.137700e-01	8.770021e-11	
313	1.442500e-08	4.053701e-01	4.125632e-01	7.563184e-11	
314	1.447500e-08	4.053706e-01	4.114562e-01	6.456166e-11	
315	1.452500e-08	4.053711e-01	4.104483e-01	5.448278e-11	
316	1.457500e-08	4.053716e-01	4.095447e-01	4.544674e-11	
317	1.462500e-08	4.053720e-01	4.087497e-01	3.749724e-11	
318	1.467500e-08	4.053724e-01	4.080643e-01	3.064286e-11	
319	1.472500e-08	4.053727e-01	4.074853e-01	2.485300e-11	
320	1.477500e-08	4.053730e-01	4.070088e-01	2.008794e-11	
321	1.482500e-08	4.053732e-01	4.066282e-01	1.628180e-11	
322	1.487500e-08	4.053734e-01	4.063283e-01	1.328319e-11	
323	1.492500e-08	4.053735e-01	4.060939e-01	1.093947e-11	
324	1.497500e-08	4.053736e-01	4.059115e-01	9.115115e-12	
325	1.502500e-08	4.053736e-01	4.057698e-01	7.697975e-12	
326	1.507500e-08	4.053737e-01	4.056598e-01	6.598345e-12	
327	1.512500e-08	4.053737e-01	4.055746e-01	5.745637e-12	
328	1.517500e-08	4.053738e-01	4.055085e-01	5.084681e-12	
329	1.522500e-08	4.053738e-01	4.054573e-01	4.572507e-12	
330	1.527500e-08	4.053738e-01	4.054176e-01	4.175713e-12	
331	1.532500e-08	4.053738e-01	4.053868e-01	3.868353e-12	
332	1.537500e-08	4.053738e-01	4.053630e-01	3.630300e-12	
333	1.542500e-08	4.053738e-01	4.053446e-01	3.445937e-12	
334	1.547500e-08	4.053738e-01	4.053303e-01	3.303166e-12	
335	1.552500e-08	4.053738e-01	4.053193e-01	3.192602e-12	
336	1.557500e-08	4.053738e-01	4.053107e-01	3.106981e-12	
337	1.562500e-08	4.053738e-01	4.053041e-01	3.040671e-12	
338	1.567500e-08	4.053737e-01	4.052989e-01	2.989315e-12	
339	1.572500e-08	4.053737e-01	4.052950e-01	2.949534e-12	
340	1.577500e-08	4.053737e-01	4.052919e-01	2.918717e-12	
341	1.582500e-08	4.053737e-01	4.052895e-01	2.894836e-12	
342	1.587500e-08	4.053737e-01	4.052876e-01	2.876327e-12	
343	1.592500e-08	4.053737e-01	4.052862e-01	2.861975e-12	
344	1.597500e-08	4.053737e-01	4.052851e-01	2.850842e-12	

Index   time            v(cell)         v(bl)           vpre#branch     
--------------------------------------------------------------------------------
345	1.602500e-08	4.053737e-01	4.052842e-01	2.842200e-12	
346	1.607500e-08	4.053736e-01	4.052835e-01	2.835487e-12	
347	1.612500e-08	4.053736e-01	4.052830e-01	2.830266e-12	
348	1.617500e-08	4.053736e-01	4.052826e-01	2.826202e-12	
349	1.622500e-08	4.053736e-01	4.052823e-01	2.823031e-12	
350	1.627500e-08	4.053736e-01	4.052821e-01	2.820554e-12	
351	1.632500e-08	4.053736e-01	4.052819e-01	2.818611e-12	
352	1.637500e-08	4.053736e-01	4.052817e-01	2.817085e-12	
353	1.642500e-08	4.053735e-01	4.052816e-01	2.815879e-12	
354	1.647500e-08	4.053735e-01	4.052815e-01	2.814922e-12	
355	1.652500e-08	4.053735e-01	4.052814e-01	2.814157e-12	
356	1.657500e-08	4.053735e-01	4.052814e-01	2.813542e-12	
357	1.662500e-08	4.053735e-01	4.052813e-01	2.813040e-12	
358	1.667500e-08	4.053735e-01	4.052813e-01	2.812630e-12	
359	1.672500e-08	4.053735e-01	4.052812e-01	2.812287e-12	
360	1.677500e-08	4.053734e-01	4.052812e-01	2.811999e-12	
361	1.682500e-08	4.053734e-01	4.052812e-01	2.811751e-12	
362	1.687500e-08	4.053734e-01	4.052812e-01	2.811537e-12	
363	1.692500e-08	4.053734e-01	4.052811e-01	2.811345e-12	
364	1.697500e-08	4.053734e-01	4.052811e-01	2.811175e-12	
365	1.702500e-08	4.053734e-01	4.052811e-01	2.811018e-12	
366	1.707500e-08	4.053734e-01	4.052811e-01	2.810874e-12	
367	1.712500e-08	4.053733e-01	4.052811e-01	2.810737e-12	
368	1.717500e-08	4.053733e-01	4.052811e-01	2.810609e-12	
369	1.722500e-08	4.053733e-01	4.052810e-01	2.810484e-12	
370	1.727500e-08	4.053733e-01	4.052810e-01	2.810366e-12	
371	1.732500e-08	4.053733e-01	4.052810e-01	2.810248e-12	
372	1.737500e-08	4.053733e-01	4.052810e-01	2.810135e-12	
373	1.742500e-08	4.053733e-01	4.052810e-01	2.810022e-12	
374	1.747500e-08	4.053732e-01	4.052810e-01	2.809913e-12	
375	1.752500e-08	4.053732e-01	4.052810e-01	2.809803e-12	
376	1.757500e-08	4.053732e-01	4.052810e-01	2.809695e-12	
377	1.762500e-08	4.053732e-01	4.052810e-01	2.809586e-12	
378	1.767500e-08	4.053732e-01	4.052809e-01	2.809480e-12	
379	1.772500e-08	4.053732e-01	4.052809e-01	2.809372e-12	
380	1.777500e-08	4.053732e-01	4.052809e-01	2.809267e-12	
381	1.782500e-08	4.053732e-01	4.052809e-01	2.809160e-12	
382	1.787500e-08	4.053731e-01	4.052809e-01	2.809055e-12	
383	1.792500e-08	4.053731e-01	4.052809e-01	2.808948e-12	
384	1.797500e-08	4.053731e-01	4.052809e-01	2.808843e-12	
385	1.802500e-08	4.053731e-01	4.052809e-01	2.808736e-12	
386	1.807500e-08	4.053731e-01	4.052809e-01	2.808632e-12	
387	1.812500e-08	4.053731e-01	4.052809e-01	2.808525e-12	
388	1.817500e-08	4.053731e-01	4.052808e-01	2.808421e-12	
389	1.822500e-08	4.053730e-01	4.052808e-01	2.808314e-12	
390	1.827500e-08	4.053730e-01	4.052808e-01	2.808210e-12	
391	1.832500e-08	4.053730e-01	4.052808e-01	2.808104e-12	
392	1.837500e-08	4.053730e-01	4.052808e-01	2.807999e-12	
393	1.842500e-08	4.053730e-01	4.052808e-01	2.807893e-12	
394	1.847500e-08	4.053730e-01	4.052808e-01	2.807788e-12	
395	1.852500e-08	4.053730e-01	4.052808e-01	2.807682e-12	
396	1.857500e-08	4.053729e-01	4.052808e-01	2.807577e-12	
397	1.862500e-08	4.053729e-01	4.052807e-01	2.807471e-12	
398	1.867500e-08	4.053729e-01	4.052807e-01	2.807367e-12	
399	1.872500e-08	4.053729e-01	4.052807e-01	2.807261e-12	
400	1.877500e-08	4.053729e-01	4.052807e-01	2.807156e-12	
401	1.882500e-08	4.053729e-01	4.052807e-01	2.807050e-12	
402	1.887500e-08	4.053729e-01	4.052807e-01	2.806946e-12	

Index   time            v(cell)         v(bl)           vpre#branch     
--------------------------------------------------------------------------------
403	1.892500e-08	4.053728e-01	4.052807e-01	2.806840e-12	
404	1.897500e-08	4.053728e-01	4.052807e-01	2.806735e-12	
405	1.902500e-08	4.053728e-01	4.052807e-01	2.806629e-12	
406	1.907500e-08	4.053728e-01	4.052807e-01	2.806524e-12	
407	1.912500e-08	4.053728e-01	4.052806e-01	2.806418e-12	
408	1.917500e-08	4.053728e-01	4.052806e-01	2.806314e-12	
409	1.922500e-08	4.053728e-01	4.052806e-01	2.806208e-12	
410	1.927500e-08	4.053727e-01	4.052806e-01	2.806103e-12	
411	1.932500e-08	4.053727e-01	4.052806e-01	2.805997e-12	
412	1.937500e-08	4.053727e-01	4.052806e-01	2.805893e-12	
413	1.942500e-08	4.053727e-01	4.052806e-01	2.805787e-12	
414	1.947500e-08	4.053727e-01	4.052806e-01	2.805682e-12	
415	1.952500e-08	4.053727e-01	4.052806e-01	2.805576e-12	
416	1.957500e-08	4.053727e-01	4.052805e-01	2.805472e-12	
417	1.962500e-08	4.053726e-01	4.052805e-01	2.805366e-12	
418	1.967500e-08	4.053726e-01	4.052805e-01	2.805261e-12	
419	1.972500e-08	4.053726e-01	4.052805e-01	2.805155e-12	
420	1.977500e-08	4.053726e-01	4.052805e-01	2.805051e-12	
421	1.982500e-08	4.053726e-01	4.052805e-01	2.804945e-12	
422	1.987500e-08	4.053726e-01	4.052805e-01	2.804840e-12	
423	1.992500e-08	4.053726e-01	4.052805e-01	2.804735e-12	
424	1.997500e-08	4.053725e-01	4.052805e-01	2.804630e-12	
425	2.002500e-08	4.053725e-01	4.052805e-01	2.804524e-12	
426	2.007500e-08	4.053725e-01	4.052804e-01	2.804420e-12	
427	2.012500e-08	4.053725e-01	4.052804e-01	2.804314e-12	
428	2.017500e-08	4.053725e-01	4.052804e-01	2.804209e-12	
429	2.022500e-08	4.053725e-01	4.052804e-01	2.804103e-12	
430	2.027500e-08	4.053725e-01	4.052804e-01	2.803999e-12	
431	2.032500e-08	4.053724e-01	4.052804e-01	2.803893e-12	
432	2.037500e-08	4.053724e-01	4.052804e-01	2.803789e-12	
433	2.042500e-08	4.053724e-01	4.052804e-01	2.803683e-12	
434	2.047500e-08	4.053724e-01	4.052804e-01	2.803578e-12	
435	2.052500e-08	4.053724e-01	4.052803e-01	2.803472e-12	
436	2.057500e-08	4.053724e-01	4.052803e-01	2.803368e-12	
437	2.062500e-08	4.053724e-01	4.052803e-01	2.803262e-12	
438	2.067500e-08	4.053724e-01	4.052803e-01	2.803158e-12	
439	2.072500e-08	4.053723e-01	4.052803e-01	2.803052e-12	
440	2.077500e-08	4.053723e-01	4.052803e-01	2.802947e-12	
441	2.082500e-08	4.053723e-01	4.052803e-01	2.802841e-12	
442	2.087500e-08	4.053723e-01	4.052803e-01	2.802737e-12	
443	2.092500e-08	4.053723e-01	4.052803e-01	2.802631e-12	
444	2.097500e-08	4.053723e-01	4.052803e-01	2.802527e-12	
445	2.102500e-08	4.053723e-01	4.052802e-01	2.802421e-12	
446	2.107500e-08	4.053722e-01	4.052802e-01	2.802316e-12	
447	2.112500e-08	4.053722e-01	4.052802e-01	2.802211e-12	
448	2.117500e-08	4.053722e-01	4.052802e-01	2.802106e-12	
449	2.122500e-08	4.053722e-01	4.052802e-01	2.802000e-12	
450	2.127500e-08	4.053722e-01	4.052802e-01	2.801896e-12	
451	2.132500e-08	4.053722e-01	4.052802e-01	2.801790e-12	
452	2.137500e-08	4.053722e-01	4.052802e-01	2.801686e-12	
453	2.142500e-08	4.053721e-01	4.052802e-01	2.801580e-12	
454	2.147500e-08	4.053721e-01	4.052801e-01	2.801476e-12	
455	2.152500e-08	4.053721e-01	4.052801e-01	2.801370e-12	
456	2.157500e-08	4.053721e-01	4.052801e-01	2.801265e-12	
457	2.162500e-08	4.053721e-01	4.052801e-01	2.801160e-12	
458	2.167500e-08	4.053721e-01	4.052801e-01	2.801055e-12	
459	2.172500e-08	4.053721e-01	4.052801e-01	2.800950e-12	
460	2.177500e-08	4.053720e-01	4.052801e-01	2.800845e-12	

Index   time            v(cell)         v(bl)           vpre#branch     
--------------------------------------------------------------------------------
461	2.182500e-08	4.053720e-01	4.052801e-01	2.800739e-12	
462	2.187500e-08	4.053720e-01	4.052801e-01	2.800635e-12	
463	2.192500e-08	4.053720e-01	4.052801e-01	2.800529e-12	
464	2.196250e-08	4.053720e-01	4.052800e-01	2.800451e-12	
465	2.200000e-08	4.053720e-01	4.052800e-01	2.800372e-12	
466	2.200500e-08	4.053687e-01	4.013095e-01	-3.69054e-11	
467	2.201500e-08	4.053622e-01	3.934366e-01	-1.15634e-10	
468	2.203500e-08	4.053491e-01	3.780410e-01	-2.69590e-10	
469	2.207500e-08	4.053228e-01	3.484526e-01	-5.65474e-10	
470	2.212500e-08	4.052899e-01	3.135091e-01	-9.14909e-10	
471	2.217500e-08	4.052571e-01	2.806200e-01	-1.24380e-09	
472	2.222500e-08	4.052244e-01	2.496301e-01	-1.55370e-09	
473	2.227500e-08	4.051917e-01	2.204077e-01	-1.84592e-09	
474	2.232500e-08	4.051592e-01	1.928442e-01	-2.12156e-09	
475	2.237500e-08	4.051268e-01	1.668495e-01	-2.38151e-09	
476	2.242500e-08	4.050944e-01	1.423457e-01	-2.62654e-09	
477	2.247500e-08	4.050621e-01	1.192619e-01	-2.85738e-09	
478	2.252500e-08	4.050298e-01	9.753061e-02	-3.07469e-09	
479	2.257500e-08	4.049976e-01	7.708560e-02	-3.27914e-09	
480	2.262500e-08	4.049654e-01	5.786114e-02	-3.47139e-09	
481	2.267500e-08	4.049332e-01	3.979212e-02	-3.65208e-09	
482	2.272500e-08	4.049011e-01	2.281451e-02	-3.82185e-09	
483	2.277500e-08	4.048689e-01	6.865985e-03	-3.98134e-09	
484	2.282500e-08	4.048367e-01	-8.11358e-03	-4.13114e-09	
485	2.287500e-08	4.048045e-01	-2.21817e-02	-4.27182e-09	
486	2.292500e-08	4.047724e-01	-3.53929e-02	-4.40393e-09	
487	2.296250e-08	4.047483e-01	-4.47690e-02	-4.49769e-09	
488	2.300000e-08	4.047241e-01	-5.37131e-02	-4.58713e-09	
489	2.300500e-08	4.047241e-01	-5.08458e-02	-4.55846e-09	
490	2.301500e-08	4.047241e-01	-4.51470e-02	-4.50147e-09	
491	2.303500e-08	4.047241e-01	-3.39618e-02	-4.38962e-09	
492	2.307500e-08	4.047241e-01	-1.24152e-02	-4.17415e-09	
493	2.312500e-08	4.047241e-01	1.303987e-02	-3.91960e-09	
494	2.317500e-08	4.047241e-01	3.694256e-02	-3.68057e-09	
495	2.322500e-08	4.047241e-01	5.938758e-02	-3.45612e-09	
496	2.327500e-08	4.047241e-01	8.046385e-02	-3.24536e-09	
497	2.332500e-08	4.047241e-01	1.002548e-01	-3.04745e-09	
498	2.337500e-08	4.047241e-01	1.188389e-01	-2.86161e-09	
499	2.342500e-08	4.047241e-01	1.362897e-01	-2.68710e-09	
500	2.347500e-08	4.047241e-01	1.526763e-01	-2.52324e-09	
501	2.352500e-08	4.047241e-01	1.680636e-01	-2.36936e-09	
502	2.357500e-08	4.047241e-01	1.825125e-01	-2.22487e-09	
503	2.362500e-08	4.047241e-01	1.960803e-01	-2.08920e-09	
504	2.367500e-08	4.047241e-01	2.088207e-01	-1.96179e-09	
505	2.372500e-08	4.047241e-01	2.207842e-01	-1.84216e-09	
506	2.377500e-08	4.047241e-01	2.320181e-01	-1.72982e-09	
507	2.382500e-08	4.047241e-01	2.425670e-01	-1.62433e-09	
508	2.387500e-08	4.047241e-01	2.524725e-01	-1.52527e-09	
509	2.392500e-08	4.047241e-01	2.617740e-01	-1.43226e-09	
510	2.397500e-08	4.047241e-01	2.705083e-01	-1.34492e-09	
511	2.402500e-08	4.047241e-01	2.787099e-01	-1.26290e-09	
512	2.407500e-08	4.047241e-01	2.864114e-01	-1.18589e-09	
513	2.412500e-08	4.047241e-01	2.936432e-01	-1.11357e-09	
514	2.417500e-08	4.047241e-01	3.004340e-01	-1.04566e-09	
515	2.422500e-08	4.047241e-01	3.068107e-01	-9.81893e-10	
516	2.427500e-08	4.047241e-01	3.127985e-01	-9.22015e-10	
517	2.432500e-08	4.047241e-01	3.184211e-01	-8.65789e-10	
518	2.437500e-08	4.047241e-01	3.237009e-01	-8.12991e-10	

Index   time            v(cell)         v(bl)           vpre#branch     
--------------------------------------------------------------------------------
519	2.442500e-08	4.047241e-01	3.286587e-01	-7.63413e-10	
520	2.447500e-08	4.047241e-01	3.333142e-01	-7.16858e-10	
521	2.452500e-08	4.047241e-01	3.376858e-01	-6.73142e-10	
522	2.457500e-08	4.047241e-01	3.417907e-01	-6.32093e-10	
523	2.462500e-08	4.047241e-01	3.456454e-01	-5.93546e-10	
524	2.467500e-08	4.047241e-01	3.492650e-01	-5.57350e-10	
525	2.472500e-08	4.047241e-01	3.526638e-01	-5.23362e-10	
526	2.477500e-08	4.047241e-01	3.558554e-01	-4.91446e-10	
527	2.482500e-08	4.047241e-01	3.588524e-01	-4.61476e-10	
528	2.487500e-08	4.047241e-01	3.616666e-01	-4.33334e-10	
529	2.492500e-08	4.047241e-01	3.643091e-01	-4.06909e-10	
530	2.497500e-08	4.047241e-01	3.667906e-01	-3.82094e-10	
531	2.502500e-08	4.047241e-01	3.691207e-01	-3.58793e-10	
532	2.507500e-08	4.047241e-01	3.713087e-01	-3.36913e-10	
533	2.512500e-08	4.047241e-01	3.733632e-01	-3.16368e-10	
534	2.517500e-08	4.047241e-01	3.752925e-01	-2.97075e-10	
535	2.522500e-08	4.047241e-01	3.771042e-01	-2.78958e-10	
536	2.527500e-08	4.047241e-01	3.788053e-01	-2.61947e-10	
537	2.532500e-08	4.047241e-01	3.804027e-01	-2.45973e-10	
538	2.537500e-08	4.047241e-01	3.819027e-01	-2.30973e-10	
539	2.542500e-08	4.047241e-01	3.833113e-01	-2.16887e-10	
540	2.547500e-08	4.047241e-01	3.846339e-01	-2.03661e-10	
541	2.552500e-08	4.047241e-01	3.858759e-01	-1.91241e-10	
542	2.557500e-08	4.047241e-01	3.870421e-01	-1.79579e-10	
543	2.562500e-08	4.047241e-01	3.881372e-01	-1.68628e-10	
544	2.567500e-08	4.047241e-01	3.891655e-01	-1.58345e-10	
545	2.572500e-08	4.047241e-01	3.901312e-01	-1.48688e-10	
546	2.577500e-08	4.047241e-01	3.910379e-01	-1.39621e-10	
547	2.582500e-08	4.047241e-01	3.918893e-01	-1.31107e-10	
548	2.587500e-08	4.047241e-01	3.926889e-01	-1.23111e-10	
549	2.592500e-08	4.047241e-01	3.934396e-01	-1.15604e-10	
550	2.597500e-08	4.047241e-01	3.941446e-01	-1.08554e-10	
551	2.602500e-08	4.047241e-01	3.948066e-01	-1.01934e-10	
552	2.607500e-08	4.047241e-01	3.954282e-01	-9.57179e-11	
553	2.612500e-08	4.047241e-01	3.960119e-01	-8.98808e-11	
554	2.617500e-08	4.047241e-01	3.965600e-01	-8.43997e-11	
555	2.622500e-08	4.047241e-01	3.970747e-01	-7.92528e-11	
556	2.627500e-08	4.047241e-01	3.975580e-01	-7.44198e-11	
557	2.632500e-08	4.047241e-01	3.980119e-01	-6.98815e-11	
558	2.637500e-08	4.047241e-01	3.984380e-01	-6.56199e-11	
559	2.642500e-08	4.047241e-01	3.988382e-01	-6.16183e-11	
560	2.647500e-08	4.047241e-01	3.992139e-01	-5.78606e-11	
561	2.652500e-08	4.047241e-01	3.995668e-01	-5.43322e-11	
562	2.657500e-08	4.047241e-01	3.998981e-01	-5.10189e-11	
563	2.662500e-08	4.047241e-01	4.002092e-01	-4.79076e-11	
564	2.667500e-08	4.047241e-01	4.005014e-01	-4.49861e-11	
565	2.672500e-08	4.047241e-01	4.007757e-01	-4.22427e-11	
566	2.677500e-08	4.047241e-01	4.010333e-01	-3.96667e-11	
567	2.682500e-08	4.047241e-01	4.012752e-01	-3.72477e-11	
568	2.687500e-08	4.047241e-01	4.015024e-01	-3.49763e-11	
569	2.692500e-08	4.047241e-01	4.017157e-01	-3.28433e-11	
570	2.697500e-08	4.047241e-01	4.019160e-01	-3.08405e-11	
571	2.702500e-08	4.047241e-01	4.021040e-01	-2.89597e-11	
572	2.707500e-08	4.047241e-01	4.022806e-01	-2.71937e-11	
573	2.712500e-08	4.047241e-01	4.024465e-01	-2.55354e-11	
574	2.717500e-08	4.047241e-01	4.026022e-01	-2.39782e-11	
575	2.722500e-08	4.047241e-01	4.027484e-01	-2.25159e-11	
576	2.727500e-08	4.047241e-01	4.028857e-01	-2.11428e-11	

Index   time            v(cell)         v(bl)           vpre#branch     
--------------------------------------------------------------------------------
577	2.732500e-08	4.047241e-01	4.030147e-01	-1.98535e-11	
578	2.737500e-08	4.047241e-01	4.031357e-01	-1.86428e-11	
579	2.742500e-08	4.047241e-01	4.032494e-01	-1.75059e-11	
580	2.747500e-08	4.047241e-01	4.033562e-01	-1.64384e-11	
581	2.752500e-08	4.047241e-01	4.034564e-01	-1.54359e-11	
582	2.757500e-08	4.047241e-01	4.035505e-01	-1.44946e-11	
583	2.762500e-08	4.047241e-01	4.036389e-01	-1.36107e-11	
584	2.767500e-08	4.047241e-01	4.037219e-01	-1.27807e-11	
585	2.772500e-08	4.047241e-01	4.037999e-01	-1.20013e-11	
586	2.777500e-08	4.047241e-01	4.038731e-01	-1.12694e-11	
587	2.782500e-08	4.047241e-01	4.039418e-01	-1.05822e-11	
588	2.787500e-08	4.047241e-01	4.040063e-01	-9.93684e-12	
589	2.792500e-08	4.047241e-01	4.040669e-01	-9.33087e-12	
590	2.797500e-08	4.047241e-01	4.041238e-01	-8.76185e-12	
591	2.802500e-08	4.047241e-01	4.041772e-01	-8.22753e-12	
592	2.807500e-08	4.047241e-01	4.042274e-01	-7.72580e-12	
593	2.812500e-08	4.047241e-01	4.042745e-01	-7.25466e-12	
594	2.817500e-08	4.047241e-01	4.043188e-01	-6.81225e-12	
595	2.822500e-08	4.047241e-01	4.043603e-01	-6.39683e-12	
596	2.827500e-08	4.047241e-01	4.043993e-01	-6.00673e-12	
597	2.832500e-08	4.047241e-01	4.044360e-01	-5.64043e-12	
598	2.837500e-08	4.047241e-01	4.044704e-01	-5.29646e-12	
599	2.842500e-08	4.047241e-01	4.045027e-01	-4.97347e-12	
600	2.847500e-08	4.047241e-01	4.045330e-01	-4.67018e-12	
601	2.852500e-08	4.047241e-01	4.045615e-01	-4.38538e-12	
602	2.857500e-08	4.047241e-01	4.045882e-01	-4.11795e-12	
603	2.862500e-08	4.047241e-01	4.046133e-01	-3.86683e-12	
604	2.867500e-08	4.047241e-01	4.046369e-01	-3.63102e-12	
605	2.872500e-08	4.047241e-01	4.046590e-01	-3.40959e-12	
606	2.877500e-08	4.047241e-01	4.046798e-01	-3.20166e-12	
607	2.882500e-08	4.047241e-01	4.046994e-01	-3.00642e-12	
608	2.887500e-08	4.047241e-01	4.047177e-01	-2.82308e-12	
609	2.892500e-08	4.047241e-01	4.047349e-01	-2.65092e-12	
610	2.897500e-08	4.047241e-01	4.047511e-01	-2.48926e-12	
611	2.902500e-08	4.047241e-01	4.047663e-01	-2.33746e-12	
612	2.907500e-08	4.047241e-01	4.047805e-01	-2.19492e-12	
613	2.912500e-08	4.047241e-01	4.047939e-01	-2.06107e-12	
614	2.917500e-08	4.047241e-01	4.048065e-01	-1.93538e-12	
615	2.922500e-08	4.047241e-01	4.048183e-01	-1.81735e-12	
616	2.927500e-08	4.047241e-01	4.048293e-01	-1.70653e-12	
617	2.932500e-08	4.047241e-01	4.048398e-01	-1.60246e-12	
618	2.937500e-08	4.047241e-01	4.048495e-01	-1.50474e-12	
619	2.942500e-08	4.047241e-01	4.048587e-01	-1.41298e-12	
620	2.947500e-08	4.047241e-01	4.048673e-01	-1.32681e-12	
621	2.952500e-08	4.047241e-01	4.048754e-01	-1.24590e-12	
622	2.957500e-08	4.047241e-01	4.048830e-01	-1.16992e-12	
623	2.962500e-08	4.047241e-01	4.048901e-01	-1.09857e-12	
624	2.967500e-08	4.047241e-01	4.048968e-01	-1.03158e-12	
625	2.972500e-08	4.047241e-01	4.049031e-01	-9.68673e-13	
626	2.977500e-08	4.047241e-01	4.049090e-01	-9.09601e-13	
627	2.982500e-08	4.047241e-01	4.049146e-01	-8.54132e-13	
628	2.987500e-08	4.047241e-01	4.049198e-01	-8.02045e-13	
629	2.992500e-08	4.047241e-01	4.049247e-01	-7.53134e-13	
630	2.997500e-08	4.047241e-01	4.049293e-01	-7.07206e-13	
631	3.002500e-08	4.047241e-01	4.049336e-01	-6.64079e-13	
632	3.007500e-08	4.047241e-01	4.049376e-01	-6.23582e-13	
633	3.012500e-08	4.047241e-01	4.049414e-01	-5.85555e-13	
634	3.017500e-08	4.047241e-01	4.049450e-01	-5.49846e-13	

Index   time            v(cell)         v(bl)           vpre#branch     
--------------------------------------------------------------------------------
635	3.022500e-08	4.047241e-01	4.049484e-01	-5.16315e-13	
636	3.027500e-08	4.047241e-01	4.049515e-01	-4.84829e-13	
637	3.032500e-08	4.047241e-01	4.049545e-01	-4.55263e-13	
638	3.037500e-08	4.047241e-01	4.049572e-01	-4.27500e-13	
639	3.042500e-08	4.047241e-01	4.049599e-01	-4.01430e-13	
640	3.047500e-08	4.047241e-01	4.049623e-01	-3.76950e-13	
641	3.052500e-08	4.047241e-01	4.049646e-01	-3.53963e-13	
642	3.057500e-08	4.047241e-01	4.049668e-01	-3.32377e-13	
643	3.062500e-08	4.047241e-01	4.049688e-01	-3.12108e-13	
644	3.067500e-08	4.047241e-01	4.049707e-01	-2.93075e-13	
645	3.072500e-08	4.047241e-01	4.049725e-01	-2.75203e-13	
646	3.077500e-08	4.047241e-01	4.049742e-01	-2.58420e-13	
647	3.082500e-08	4.047241e-01	4.049757e-01	-2.42661e-13	
648	3.087500e-08	4.047241e-01	4.049772e-01	-2.27863e-13	
649	3.092500e-08	4.047241e-01	4.049786e-01	-2.13968e-13	
650	3.097500e-08	4.047241e-01	4.049799e-01	-2.00919e-13	
651	3.102500e-08	4.047241e-01	4.049811e-01	-1.88667e-13	
652	3.107500e-08	4.047241e-01	4.049823e-01	-1.77162e-13	
653	3.112500e-08	4.047241e-01	4.049834e-01	-1.66358e-13	
654	3.117500e-08	4.047241e-01	4.049844e-01	-1.56213e-13	
655	3.122500e-08	4.047241e-01	4.049853e-01	-1.46687e-13	
656	3.127500e-08	4.047241e-01	4.049862e-01	-1.37742e-13	
657	3.132500e-08	4.047241e-01	4.049871e-01	-1.29342e-13	
658	3.137500e-08	4.047241e-01	4.049879e-01	-1.21454e-13	
659	3.142500e-08	4.047241e-01	4.049886e-01	-1.14048e-13	
660	3.147500e-08	4.047241e-01	4.049893e-01	-1.07093e-13	
661	3.152500e-08	4.047241e-01	4.049899e-01	-1.00562e-13	
662	3.157500e-08	4.047241e-01	4.049906e-01	-9.44296e-14	
663	3.162500e-08	4.047241e-01	4.049911e-01	-8.86711e-14	
664	3.167500e-08	4.047241e-01	4.049917e-01	-8.32637e-14	
665	3.172500e-08	4.047241e-01	4.049922e-01	-7.81861e-14	
666	3.177500e-08	4.047241e-01	4.049927e-01	-7.34182e-14	
667	3.182500e-08	4.047241e-01	4.049931e-01	-6.89410e-14	
668	3.187500e-08	4.047241e-01	4.049935e-01	-6.47369e-14	
669	3.192500e-08	4.047241e-01	4.049939e-01	-6.07891e-14	
670	3.197500e-08	4.047241e-01	4.049943e-01	-5.70821e-14	
671	3.202500e-08	4.047241e-01	4.049946e-01	-5.36011e-14	
672	3.207500e-08	4.047241e-01	4.049950e-01	-5.03324e-14	
673	3.212500e-08	4.047241e-01	4.049953e-01	-4.72630e-14	
674	3.217500e-08	4.047241e-01	4.049956e-01	-4.43809e-14	
675	3.222500e-08	4.047241e-01	4.049958e-01	-4.16744e-14	
676	3.227500e-08	4.047241e-01	4.049961e-01	-3.91331e-14	
677	3.232500e-08	4.047241e-01	4.049963e-01	-3.67467e-14	
678	3.237500e-08	4.047241e-01	4.049965e-01	-3.45058e-14	
679	3.242500e-08	4.047241e-01	4.049968e-01	-3.24016e-14	
680	3.247500e-08	4.047241e-01	4.049970e-01	-3.04257e-14	
681	3.252500e-08	4.047241e-01	4.049971e-01	-2.85703e-14	
682	3.257500e-08	4.047241e-01	4.049973e-01	-2.68280e-14	
683	3.262500e-08	4.047241e-01	4.049975e-01	-2.51920e-14	
684	3.267500e-08	4.047241e-01	4.049976e-01	-2.36558e-14	
685	3.272500e-08	4.047241e-01	4.049978e-01	-2.22132e-14	
686	3.277500e-08	4.047241e-01	4.049979e-01	-2.08586e-14	
687	3.282500e-08	4.047241e-01	4.049980e-01	-1.95867e-14	
688	3.287500e-08	4.047241e-01	4.049982e-01	-1.83923e-14	
689	3.292500e-08	4.047241e-01	4.049983e-01	-1.72707e-14	
690	3.297500e-08	4.047241e-01	4.049984e-01	-1.62175e-14	
691	3.302500e-08	4.047241e-01	4.049985e-01	-1.52286e-14	
692	3.307500e-08	4.047241e-01	4.049986e-01	-1.42999e-14	

Index   time            v(cell)         v(bl)           vpre#branch     
--------------------------------------------------------------------------------
693	3.312500e-08	4.047241e-01	4.049987e-01	-1.34279e-14	
694	3.317500e-08	4.047241e-01	4.049987e-01	-1.26091e-14	
695	3.322500e-08	4.047241e-01	4.049988e-01	-1.18402e-14	
696	3.327500e-08	4.047241e-01	4.049989e-01	-1.11182e-14	
697	3.332500e-08	4.047241e-01	4.049990e-01	-1.04402e-14	
698	3.337500e-08	4.047241e-01	4.049990e-01	-9.80354e-15	
699	3.342500e-08	4.047241e-01	4.049991e-01	-9.20573e-15	
700	3.347500e-08	4.047241e-01	4.049991e-01	-8.64437e-15	
701	3.352500e-08	4.047241e-01	4.049992e-01	-8.11725e-15	
702	3.357500e-08	4.047241e-01	4.049992e-01	-7.62227e-15	
703	3.362500e-08	4.047241e-01	4.049993e-01	-7.15748e-15	
704	3.367500e-08	4.047241e-01	4.049993e-01	-6.72103e-15	
705	3.372500e-08	4.047241e-01	4.049994e-01	-6.31120e-15	
706	3.377500e-08	4.047241e-01	4.049994e-01	-5.92635e-15	
707	3.382500e-08	4.047241e-01	4.049994e-01	-5.56498e-15	
708	3.387500e-08	4.047241e-01	4.049995e-01	-5.22565e-15	
709	3.392500e-08	4.047241e-01	4.049995e-01	-4.90700e-15	
710	3.397500e-08	4.047241e-01	4.049995e-01	-4.60779e-15	
711	3.402500e-08	4.047241e-01	4.049996e-01	-4.32683e-15	
712	3.407500e-08	4.047241e-01	4.049996e-01	-4.06300e-15	
713	3.412500e-08	4.047241e-01	4.049996e-01	-3.81526e-15	
714	3.417500e-08	4.047241e-01	4.049996e-01	-3.58263e-15	
715	3.422500e-08	4.047241e-01	4.049997e-01	-3.36418e-15	
716	3.427500e-08	4.047241e-01	4.049997e-01	-3.15905e-15	
717	3.432500e-08	4.047241e-01	4.049997e-01	-2.96644e-15	
718	3.437500e-08	4.047241e-01	4.049997e-01	-2.78557e-15	
719	3.442500e-08	4.047241e-01	4.049997e-01	-2.61573e-15	
720	3.447500e-08	4.047241e-01	4.049998e-01	-2.45625e-15	
721	3.452500e-08	4.047241e-01	4.049998e-01	-2.30649e-15	
722	3.457500e-08	4.047241e-01	4.049998e-01	-2.16586e-15	
723	3.462500e-08	4.047241e-01	4.049998e-01	-2.03382e-15	
724	3.467500e-08	4.047241e-01	4.049998e-01	-1.90982e-15	
725	3.472500e-08	4.047241e-01	4.049998e-01	-1.79339e-15	
726	3.477500e-08	4.047241e-01	4.049998e-01	-1.68405e-15	
727	3.482500e-08	4.047241e-01	4.049998e-01	-1.58139e-15	
728	3.487500e-08	4.047241e-01	4.049999e-01	-1.48498e-15	
729	3.492500e-08	4.047241e-01	4.049999e-01	-1.39445e-15	
730	3.497500e-08	4.047241e-01	4.049999e-01	-1.30945e-15	
731	3.502500e-08	4.047241e-01	4.049999e-01	-1.22962e-15	
732	3.507500e-08	4.047241e-01	4.049999e-01	-1.15467e-15	
733	3.512500e-08	4.047241e-01	4.049999e-01	-1.08428e-15	
734	3.517500e-08	4.047241e-01	4.049999e-01	-1.01819e-15	
735	3.522500e-08	4.047241e-01	4.049999e-01	-9.56131e-16	
736	3.527500e-08	4.047241e-01	4.049999e-01	-8.97854e-16	
737	3.532500e-08	4.047241e-01	4.049999e-01	-8.43131e-16	
738	3.537500e-08	4.047241e-01	4.049999e-01	-7.91746e-16	
739	3.542500e-08	4.047241e-01	4.049999e-01	-7.43494e-16	
740	3.547500e-08	4.047241e-01	4.049999e-01	-6.98184e-16	
741	3.552500e-08	4.047241e-01	4.049999e-01	-6.55638e-16	
742	3.557500e-08	4.047241e-01	4.049999e-01	-6.15686e-16	
743	3.562500e-08	4.047241e-01	4.049999e-01	-5.78170e-16	
744	3.567500e-08	4.047241e-01	4.049999e-01	-5.42942e-16	
745	3.572500e-08	4.047241e-01	4.049999e-01	-5.09863e-16	
746	3.577500e-08	4.047241e-01	4.050000e-01	-4.78802e-16	
747	3.582500e-08	4.047241e-01	4.050000e-01	-4.49634e-16	
748	3.587500e-08	4.047241e-01	4.050000e-01	-4.22244e-16	
749	3.592500e-08	4.047241e-01	4.050000e-01	-3.96525e-16	
750	3.597500e-08	4.047241e-01	4.050000e-01	-3.72375e-16	

Index   time            v(cell)         v(bl)           vpre#branch     
--------------------------------------------------------------------------------
751	3.602500e-08	4.047241e-01	4.050000e-01	-3.49697e-16	
752	3.607500e-08	4.047241e-01	4.050000e-01	-3.28402e-16	
753	3.612500e-08	4.047241e-01	4.050000e-01	-3.08406e-16	
754	3.617500e-08	4.047241e-01	4.050000e-01	-2.89629e-16	
755	3.622500e-08	4.047241e-01	4.050000e-01	-2.71997e-16	
756	3.627500e-08	4.047241e-01	4.050000e-01	-2.55441e-16	
757	3.632500e-08	4.047241e-01	4.050000e-01	-2.39894e-16	
758	3.637500e-08	4.047241e-01	4.050000e-01	-2.25295e-16	
759	3.642500e-08	4.047241e-01	4.050000e-01	-2.11586e-16	
760	3.647500e-08	4.047241e-01	4.050000e-01	-1.98714e-16	
761	3.652500e-08	4.047241e-01	4.050000e-01	-1.86626e-16	
762	3.657500e-08	4.047241e-01	4.050000e-01	-1.75276e-16	
763	3.662500e-08	4.047241e-01	4.050000e-01	-1.64618e-16	
764	3.667500e-08	4.047241e-01	4.050000e-01	-1.54610e-16	
765	3.672500e-08	4.047241e-01	4.050000e-01	-1.45212e-16	
766	3.677500e-08	4.047241e-01	4.050000e-01	-1.36387e-16	
767	3.682500e-08	4.047241e-01	4.050000e-01	-1.28100e-16	
768	3.687500e-08	4.047241e-01	4.050000e-01	-1.20319e-16	
769	3.692500e-08	4.047241e-01	4.050000e-01	-1.13012e-16	
770	3.697500e-08	4.047241e-01	4.050000e-01	-1.06151e-16	
771	3.702500e-08	4.047241e-01	4.050000e-01	-9.97079e-17	
772	3.707500e-08	4.047241e-01	4.050000e-01	-9.36579e-17	
773	3.712500e-08	4.047241e-01	4.050000e-01	-8.79769e-17	
774	3.717500e-08	4.047241e-01	4.050000e-01	-8.26423e-17	
775	3.722500e-08	4.047241e-01	4.050000e-01	-7.76335e-17	
776	3.727500e-08	4.047241e-01	4.050000e-01	-7.29301e-17	
777	3.732500e-08	4.047241e-01	4.050000e-01	-6.85131e-17	
778	3.737500e-08	4.047241e-01	4.050000e-01	-6.43655e-17	
779	3.742500e-08	4.047241e-01	4.050000e-01	-6.04708e-17	
780	3.747500e-08	4.047241e-01	4.050000e-01	-5.68136e-17	
781	3.752500e-08	4.047241e-01	4.050000e-01	-5.33794e-17	
782	3.757500e-08	4.047241e-01	4.050000e-01	-5.01547e-17	
783	3.762500e-08	4.047241e-01	4.050000e-01	-4.71266e-17	
784	3.767500e-08	4.047241e-01	4.050000e-01	-4.42832e-17	
785	3.772500e-08	4.047241e-01	4.050000e-01	-4.16131e-17	
786	3.777500e-08	4.047241e-01	4.050000e-01	-3.91059e-17	
787	3.782500e-08	4.047241e-01	4.050000e-01	-3.67516e-17	
788	3.787500e-08	4.047241e-01	4.050000e-01	-3.45409e-17	
789	3.792500e-08	4.047241e-01	4.050000e-01	-3.24654e-17	
790	3.797500e-08	4.047241e-01	4.050000e-01	-3.05164e-17	
791	3.802500e-08	4.047241e-01	4.050000e-01	-2.86859e-17	
792	3.807500e-08	4.047241e-01	4.050000e-01	-2.69671e-17	
793	3.812500e-08	4.047241e-01	4.050000e-01	-2.53530e-17	
794	3.817500e-08	4.047241e-01	4.050000e-01	-2.38374e-17	
795	3.822500e-08	4.047241e-01	4.050000e-01	-2.24146e-17	
796	3.827500e-08	4.047241e-01	4.050000e-01	-2.10786e-17	
797	3.832500e-08	4.047241e-01	4.050000e-01	-1.98240e-17	
798	3.837500e-08	4.047241e-01	4.050000e-01	-1.86460e-17	
799	3.842500e-08	4.047241e-01	4.050000e-01	-1.75394e-17	
800	3.847500e-08	4.047241e-01	4.050000e-01	-1.65007e-17	
801	3.852500e-08	4.047241e-01	4.050000e-01	-1.55253e-17	
802	3.857500e-08	4.047241e-01	4.050000e-01	-1.46090e-17	
803	3.862500e-08	4.047241e-01	4.050000e-01	-1.37490e-17	
804	3.867500e-08	4.047241e-01	4.050000e-01	-1.29414e-17	
805	3.872500e-08	4.047241e-01	4.050000e-01	-1.21827e-17	
806	3.877500e-08	4.047241e-01	4.050000e-01	-1.14702e-17	
807	3.882500e-08	4.047241e-01	4.050000e-01	-1.08012e-17	
808	3.887500e-08	4.047241e-01	4.050000e-01	-1.01730e-17	

Index   time            v(cell)         v(bl)           vpre#branch     
--------------------------------------------------------------------------------
809	3.892500e-08	4.047241e-01	4.050000e-01	-9.58306e-18	
810	3.897500e-08	4.047241e-01	4.050000e-01	-9.02912e-18	
811	3.902500e-08	4.047241e-01	4.050000e-01	-8.50897e-18	
812	3.907500e-08	4.047241e-01	4.050000e-01	-8.02053e-18	
813	3.912500e-08	4.047241e-01	4.050000e-01	-7.56230e-18	
814	3.917500e-08	4.047241e-01	4.050000e-01	-7.13201e-18	
815	3.922500e-08	4.047241e-01	4.050000e-01	-6.72754e-18	
816	3.927500e-08	4.047241e-01	4.050000e-01	-6.34775e-18	
817	3.932500e-08	4.047241e-01	4.050000e-01	-5.99111e-18	
818	3.937500e-08	4.047241e-01	4.050000e-01	-5.65622e-18	
819	3.942500e-08	4.047241e-01	4.050000e-01	-5.34175e-18	
820	3.947500e-08	4.047241e-01	4.050000e-01	-5.04646e-18	
821	3.952500e-08	4.047241e-01	4.050000e-01	-4.76918e-18	
822	3.957500e-08	4.047241e-01	4.050000e-01	-4.50881e-18	
823	3.962500e-08	4.047241e-01	4.050000e-01	-4.26472e-18	
824	3.967500e-08	4.047241e-01	4.050000e-01	-4.03553e-18	
825	3.972500e-08	4.047241e-01	4.050000e-01	-3.82031e-18	
826	3.977500e-08	4.047241e-01	4.050000e-01	-3.61822e-18	
827	3.982500e-08	4.047241e-01	4.050000e-01	-3.42803e-18	
828	3.987500e-08	4.047241e-01	4.050000e-01	-3.24945e-18	
829	3.992500e-08	4.047241e-01	4.050000e-01	-3.08175e-18	
830	3.996250e-08	4.047241e-01	4.050000e-01	-2.96281e-18	
831	4.000000e-08	4.047241e-01	4.050000e-01	-2.84953e-18	


Total analysis time (seconds) = 0.0643553

Total elapsed time (seconds) = 0.078 

Total DRAM available = 386307.215 MB.
DRAM currently available = 2166.945 MB.
Maximum ngspice program size =  529.715 MB.
Current ngspice program size =   14.238 MB.

Shared ngspice pages =   12.414 MB.
Text (code) pages =    6.266 MB.
Stack = 0 bytes.
Library pages =   59.133 MB.

