
Note: No compatibility mode selected!


Circuit: * wl switching transient

Doing analysis at TEMP = 27.000000 and TNOM = 27.000000

Using SPARSE 1.3 as Direct Linear Solver

Initial Transient Solution
--------------------------

Node                                   Voltage
----                                   -------
d                                        0.405
g                                            0
s                                            0
vg#branch                                    0
vd#branch                         -1.61233e-14
vs#branch                          1.61233e-14


No. of Data Rows : 217
                            * wl switching transient
                            Transient Analysis  Tue Jun 23 21:18:08  2026
--------------------------------------------------------------------------------
Index   time            v(g)            vg#branch       
--------------------------------------------------------------------------------
0	0.000000e+00	0.000000e+00	0.000000e+00	
1	1.000000e-12	0.000000e+00	9.668683e-22	
2	2.000000e-12	0.000000e+00	5.433519e-22	
3	4.000000e-12	0.000000e+00	5.433519e-22	
4	8.000000e-12	0.000000e+00	2.716759e-22	
5	1.600000e-11	0.000000e+00	1.358380e-22	
6	3.200000e-11	0.000000e+00	6.791898e-23	
7	6.400000e-11	0.000000e+00	6.042927e-23	
8	1.280000e-10	0.000000e+00	-2.27249e-23	
9	2.280000e-10	0.000000e+00	1.351402e-23	
10	3.280000e-10	0.000000e+00	-1.29558e-23	
11	4.280000e-10	0.000000e+00	1.351402e-23	
12	5.280000e-10	0.000000e+00	-1.29558e-23	
13	6.280000e-10	0.000000e+00	1.351402e-23	
14	7.280000e-10	0.000000e+00	-1.29558e-23	
15	8.280000e-10	0.000000e+00	1.351402e-23	
16	9.140000e-10	0.000000e+00	-8.60129e-24	
17	1.000000e-09	0.000000e+00	1.786849e-23	
18	1.010000e-09	8.100000e-03	-1.28219e-08	
19	1.030000e-09	2.430000e-02	-1.29313e-08	
20	1.070000e-09	5.670000e-02	-1.28226e-08	
21	1.150000e-09	1.215000e-01	-1.29310e-08	
22	1.250000e-09	2.025000e-01	-1.28228e-08	
23	1.350000e-09	2.835000e-01	-1.29309e-08	
24	1.450000e-09	3.645000e-01	-1.28237e-08	
25	1.550000e-09	4.455000e-01	-1.29356e-08	
26	1.650000e-09	5.265000e-01	-1.28596e-08	
27	1.750000e-09	6.075000e-01	-1.31724e-08	
28	1.850000e-09	6.885000e-01	-1.38808e-08	
29	1.925000e-09	7.492500e-01	-1.47538e-08	
30	2.000000e-09	8.100000e-01	-1.50330e-08	
31	2.010000e-09	8.100000e-01	-7.55781e-11	
32	2.030000e-09	8.100000e-01	7.481546e-11	
33	2.070000e-09	8.100000e-01	-7.44367e-11	
34	2.150000e-09	8.100000e-01	7.424803e-11	
35	2.250000e-09	8.100000e-01	-7.40974e-11	
36	2.350000e-09	8.100000e-01	7.394717e-11	
37	2.450000e-09	8.100000e-01	-7.37972e-11	
38	2.550000e-09	8.100000e-01	7.364753e-11	
39	2.650000e-09	8.100000e-01	-7.34982e-11	
40	2.750000e-09	8.100000e-01	7.334912e-11	
41	2.850000e-09	8.100000e-01	-7.32004e-11	
42	2.950000e-09	8.100000e-01	7.305191e-11	
43	3.050000e-09	8.100000e-01	-7.29038e-11	
44	3.150000e-09	8.100000e-01	7.275592e-11	
45	3.250000e-09	8.100000e-01	-7.26084e-11	
46	3.350000e-09	8.100000e-01	7.246113e-11	
47	3.450000e-09	8.100000e-01	-7.23142e-11	
48	3.550000e-09	8.100000e-01	7.216754e-11	
49	3.650000e-09	8.100000e-01	-7.20212e-11	
50	3.750000e-09	8.100000e-01	7.187514e-11	
51	3.850000e-09	8.100000e-01	-7.17294e-11	
52	3.950000e-09	8.100000e-01	7.158394e-11	
53	4.050000e-09	8.100000e-01	-7.14388e-11	
54	4.150000e-09	8.100000e-01	7.129391e-11	

Index   time            v(g)            vg#branch       
--------------------------------------------------------------------------------
55	4.250000e-09	8.100000e-01	-7.11493e-11	
56	4.350000e-09	8.100000e-01	7.100507e-11	
57	4.450000e-09	8.100000e-01	-7.08611e-11	
58	4.550000e-09	8.100000e-01	7.071740e-11	
59	4.650000e-09	8.100000e-01	-7.05740e-11	
60	4.750000e-09	8.100000e-01	7.043090e-11	
61	4.850000e-09	8.100000e-01	-7.02881e-11	
62	4.950000e-09	8.100000e-01	7.014557e-11	
63	5.050000e-09	8.100000e-01	-7.00033e-11	
64	5.150000e-09	8.100000e-01	6.986140e-11	
65	5.250000e-09	8.100000e-01	-6.97197e-11	
66	5.350000e-09	8.100000e-01	6.957838e-11	
67	5.450000e-09	8.100000e-01	-6.94373e-11	
68	5.550000e-09	8.100000e-01	6.929652e-11	
69	5.650000e-09	8.100000e-01	-6.91560e-11	
70	5.750000e-09	8.100000e-01	6.901580e-11	
71	5.850000e-09	8.100000e-01	-6.88759e-11	
72	5.950000e-09	8.100000e-01	6.873622e-11	
73	6.050000e-09	8.100000e-01	-6.85969e-11	
74	6.150000e-09	8.100000e-01	6.845778e-11	
75	6.250000e-09	8.100000e-01	-6.83190e-11	
76	6.350000e-09	8.100000e-01	6.818047e-11	
77	6.450000e-09	8.100000e-01	-6.80422e-11	
78	6.550000e-09	8.100000e-01	6.790429e-11	
79	6.650000e-09	8.100000e-01	-6.77666e-11	
80	6.750000e-09	8.100000e-01	6.762923e-11	
81	6.850000e-09	8.100000e-01	-6.74921e-11	
82	6.950000e-09	8.100000e-01	6.735529e-11	
83	7.050000e-09	8.100000e-01	-6.72187e-11	
84	7.150000e-09	8.100000e-01	6.708247e-11	
85	7.250000e-09	8.100000e-01	-6.69465e-11	
86	7.350000e-09	8.100000e-01	6.681075e-11	
87	7.450000e-09	8.100000e-01	-6.66753e-11	
88	7.550000e-09	8.100000e-01	6.654014e-11	
89	7.650000e-09	8.100000e-01	-6.64053e-11	
90	7.750000e-09	8.100000e-01	6.627063e-11	
91	7.850000e-09	8.100000e-01	-6.61363e-11	
92	7.950000e-09	8.100000e-01	6.600222e-11	
93	8.050000e-09	8.100000e-01	-6.58684e-11	
94	8.150000e-09	8.100000e-01	6.573490e-11	
95	8.250000e-09	8.100000e-01	-6.56016e-11	
96	8.350000e-09	8.100000e-01	6.546866e-11	
97	8.450000e-09	8.100000e-01	-6.53360e-11	
98	8.550000e-09	8.100000e-01	6.520351e-11	
99	8.650000e-09	8.100000e-01	-6.50713e-11	
100	8.750000e-09	8.100000e-01	6.493943e-11	
101	8.850000e-09	8.100000e-01	-6.48078e-11	
102	8.950000e-09	8.100000e-01	6.467643e-11	
103	9.050000e-09	8.100000e-01	-6.45453e-11	
104	9.150000e-09	8.100000e-01	6.441450e-11	
105	9.250000e-09	8.100000e-01	-6.42839e-11	
106	9.350000e-09	8.100000e-01	6.415364e-11	
107	9.450000e-09	8.100000e-01	-6.40236e-11	
108	9.550000e-09	8.100000e-01	6.389383e-11	
109	9.650000e-09	8.100000e-01	-6.37643e-11	
110	9.750000e-09	8.100000e-01	6.363508e-11	
111	9.850000e-09	8.100000e-01	-6.35061e-11	
112	9.925000e-09	8.100000e-01	6.333454e-11	

Index   time            v(g)            vg#branch       
--------------------------------------------------------------------------------
113	1.000000e-08	8.100000e-01	-6.31634e-11	
114	1.001000e-08	8.100000e-01	-3.18753e-13	
115	1.003000e-08	8.100000e-01	3.155232e-13	
116	1.007000e-08	8.100000e-01	-3.13921e-13	
117	1.015000e-08	8.100000e-01	3.131223e-13	
118	1.025000e-08	8.100000e-01	-3.12485e-13	
119	1.035000e-08	8.100000e-01	3.118494e-13	
120	1.045000e-08	8.100000e-01	-3.11215e-13	
121	1.055000e-08	8.100000e-01	3.105816e-13	
122	1.065000e-08	8.100000e-01	-3.09950e-13	
123	1.075000e-08	8.100000e-01	3.093190e-13	
124	1.085000e-08	8.100000e-01	-3.08690e-13	
125	1.095000e-08	8.100000e-01	3.080615e-13	
126	1.105000e-08	8.100000e-01	-3.07435e-13	
127	1.115000e-08	8.100000e-01	3.068092e-13	
128	1.125000e-08	8.100000e-01	-3.06185e-13	
129	1.135000e-08	8.100000e-01	3.055620e-13	
130	1.145000e-08	8.100000e-01	-3.04940e-13	
131	1.155000e-08	8.100000e-01	3.043199e-13	
132	1.165000e-08	8.100000e-01	-3.03701e-13	
133	1.175000e-08	8.100000e-01	3.030828e-13	
134	1.185000e-08	8.100000e-01	-3.02466e-13	
135	1.195000e-08	8.100000e-01	3.018508e-13	
136	1.205000e-08	8.100000e-01	-3.01237e-13	
137	1.215000e-08	8.100000e-01	3.006238e-13	
138	1.225000e-08	8.100000e-01	-3.00012e-13	
139	1.235000e-08	8.100000e-01	2.994018e-13	
140	1.245000e-08	8.100000e-01	-2.98793e-13	
141	1.255000e-08	8.100000e-01	2.981848e-13	
142	1.265000e-08	8.100000e-01	-2.97578e-13	
143	1.275000e-08	8.100000e-01	2.969728e-13	
144	1.285000e-08	8.100000e-01	-2.96369e-13	
145	1.295000e-08	8.100000e-01	2.957657e-13	
146	1.305000e-08	8.100000e-01	-2.95164e-13	
147	1.315000e-08	8.100000e-01	2.945635e-13	
148	1.325000e-08	8.100000e-01	-2.93964e-13	
149	1.335000e-08	8.100000e-01	2.933663e-13	
150	1.345000e-08	8.100000e-01	-2.92769e-13	
151	1.355000e-08	8.100000e-01	2.921739e-13	
152	1.365000e-08	8.100000e-01	-2.91580e-13	
153	1.375000e-08	8.100000e-01	2.909864e-13	
154	1.385000e-08	8.100000e-01	-2.90394e-13	
155	1.395000e-08	8.100000e-01	2.898037e-13	
156	1.405000e-08	8.100000e-01	-2.89214e-13	
157	1.415000e-08	8.100000e-01	2.886259e-13	
158	1.425000e-08	8.100000e-01	-2.88039e-13	
159	1.435000e-08	8.100000e-01	2.874528e-13	
160	1.445000e-08	8.100000e-01	-2.86868e-13	
161	1.455000e-08	8.100000e-01	2.862846e-13	
162	1.465000e-08	8.100000e-01	-2.85702e-13	
163	1.475000e-08	8.100000e-01	2.851211e-13	
164	1.485000e-08	8.100000e-01	-2.84541e-13	
165	1.495000e-08	8.100000e-01	2.839623e-13	
166	1.505000e-08	8.100000e-01	-2.83385e-13	
167	1.515000e-08	8.100000e-01	2.828083e-13	
168	1.525000e-08	8.100000e-01	-2.82233e-13	
169	1.535000e-08	8.100000e-01	2.816590e-13	
170	1.545000e-08	8.100000e-01	-2.81086e-13	

Index   time            v(g)            vg#branch       
--------------------------------------------------------------------------------
171	1.555000e-08	8.100000e-01	2.805143e-13	
172	1.565000e-08	8.100000e-01	-2.79944e-13	
173	1.575000e-08	8.100000e-01	2.793744e-13	
174	1.585000e-08	8.100000e-01	-2.78806e-13	
175	1.595000e-08	8.100000e-01	2.782390e-13	
176	1.605000e-08	8.100000e-01	-2.77673e-13	
177	1.615000e-08	8.100000e-01	2.771084e-13	
178	1.625000e-08	8.100000e-01	-2.76545e-13	
179	1.635000e-08	8.100000e-01	2.759823e-13	
180	1.645000e-08	8.100000e-01	-2.75421e-13	
181	1.655000e-08	8.100000e-01	2.748608e-13	
182	1.665000e-08	8.100000e-01	-2.74302e-13	
183	1.675000e-08	8.100000e-01	2.737439e-13	
184	1.685000e-08	8.100000e-01	-2.73187e-13	
185	1.695000e-08	8.100000e-01	2.726315e-13	
186	1.705000e-08	8.100000e-01	-2.72077e-13	
187	1.715000e-08	8.100000e-01	2.715237e-13	
188	1.725000e-08	8.100000e-01	-2.70972e-13	
189	1.735000e-08	8.100000e-01	2.704204e-13	
190	1.745000e-08	8.100000e-01	-2.69870e-13	
191	1.755000e-08	8.100000e-01	2.693216e-13	
192	1.765000e-08	8.100000e-01	-2.68774e-13	
193	1.775000e-08	8.100000e-01	2.682273e-13	
194	1.785000e-08	8.100000e-01	-2.67682e-13	
195	1.795000e-08	8.100000e-01	2.671374e-13	
196	1.805000e-08	8.100000e-01	-2.66594e-13	
197	1.815000e-08	8.100000e-01	2.660520e-13	
198	1.825000e-08	8.100000e-01	-2.65511e-13	
199	1.835000e-08	8.100000e-01	2.649710e-13	
200	1.845000e-08	8.100000e-01	-2.64432e-13	
201	1.855000e-08	8.100000e-01	2.638944e-13	
202	1.865000e-08	8.100000e-01	-2.63358e-13	
203	1.875000e-08	8.100000e-01	2.628223e-13	
204	1.885000e-08	8.100000e-01	-2.62288e-13	
205	1.895000e-08	8.100000e-01	2.617544e-13	
206	1.905000e-08	8.100000e-01	-2.61222e-13	
207	1.915000e-08	8.100000e-01	2.606910e-13	
208	1.925000e-08	8.100000e-01	-2.60161e-13	
209	1.935000e-08	8.100000e-01	2.596318e-13	
210	1.945000e-08	8.100000e-01	-2.59104e-13	
211	1.955000e-08	8.100000e-01	2.585770e-13	
212	1.965000e-08	8.100000e-01	-2.58051e-13	
213	1.975000e-08	8.100000e-01	2.575265e-13	
214	1.985000e-08	8.100000e-01	-2.57003e-13	
215	1.992500e-08	8.100000e-01	2.563063e-13	
216	2.000000e-08	8.100000e-01	-2.55612e-13	


Total analysis time (seconds) = 0.0563495

Total elapsed time (seconds) = 0.062 

Total DRAM available = 386307.215 MB.
DRAM currently available = 12758.680 MB.
Maximum ngspice program size =  529.715 MB.
Current ngspice program size =   14.121 MB.

Shared ngspice pages =   12.371 MB.
Text (code) pages =    6.266 MB.
Stack = 0 bytes.
Library pages =   59.133 MB.

