
Note: No compatibility mode selected!


Circuit: * mini-array n=8 layout

Doing analysis at TEMP = 85.000000 and TNOM = 27.000000

Using SPARSE 1.3 as Direct Linear Solver

Initial Transient Solution
--------------------------

Node                                   Voltage
----                                   -------
pre                                      0.425
bl0                                      0.425
s                                            0
b                                            0
bltap0                                   0.425
wl0                                          0
bl1                                      0.425
bltap1                                   0.425
wl1                                          0
bl2                                      0.425
bltap2                                   0.425
wl2                                          0
bl3                                      0.425
bltap3                                   0.425
wl3                                          0
bl4                                      0.425
bltap4                                   0.425
wl4                                          0
bl5                                      0.425
bltap5                                   0.425
wl5                                          0
bl6                                      0.425
bltap6                                   0.425
wl6                                          0
bl7                                      0.425
bltap7                                   0.425
wl7                                          0
plate0                                       0
cell0                                        0
plate1                                   0.425
cell1                                 0.425002
plate2                                   0.425
cell2                                 0.425002
plate3                                   0.425
cell3                                 0.425002
plate4                                   0.425
cell4                                 0.425002
plate5                                   0.425
cell5                                 0.425002
plate6                                   0.425
cell6                                 0.425001
plate7                                   0.425
cell7                                 0.425001
vplate7#branch                               0
vwl7#branch                                  0
vplate6#branch                               0
vwl6#branch                                  0
vplate5#branch                               0
vwl5#branch                                  0
vplate4#branch                               0
vwl4#branch                                  0
vplate3#branch                               0
vwl3#branch                                  0
vplate2#branch                               0
vwl2#branch                                  0
vplate1#branch                               0
vwl1#branch                                  0
vplate0#branch                               0
vwl0#branch                                  0
vb#branch                                    0
vs#branch                                    0
vpre#branch                                  0


No. of Data Rows : 514

  Measurements for Transient Analysis

t_bl_settle         =  5.56656e-09
i_bl_leak           =  -2.73218e-10 from=  1.50000e-08 to=  2.50000e-08

                            * mini-array n=8 layout
                            Transient Analysis  Tue Jun 23 23:50:50  2026
--------------------------------------------------------------------------------
Index   time            v(bl0)          v(bl7)          vpre#branch     
--------------------------------------------------------------------------------
0	0.000000e+00	4.250000e-01	4.250000e-01	0.000000e+00	
1	5.000000e-13	4.250000e-01	4.250000e-01	-1.35401e-20	
2	1.000000e-12	4.250000e-01	4.250000e-01	-2.32256e-20	
3	2.000000e-12	4.250000e-01	4.250000e-01	-3.95583e-20	
4	4.000000e-12	4.250000e-01	4.250000e-01	-6.66493e-20	
5	8.000000e-12	4.250000e-01	4.250000e-01	-1.20885e-19	
6	1.600000e-11	4.250000e-01	4.250000e-01	-2.29197e-19	
7	3.200000e-11	4.250000e-01	4.250000e-01	-4.45964e-19	
8	6.400000e-11	4.250000e-01	4.250000e-01	-8.79598e-19	
9	1.140000e-10	4.250000e-01	4.250000e-01	-1.55739e-18	
10	1.640000e-10	4.250000e-01	4.250000e-01	-2.23493e-18	
11	2.140000e-10	4.250000e-01	4.250000e-01	-2.91254e-18	
12	2.640000e-10	4.250000e-01	4.250000e-01	-3.59008e-18	
13	3.140000e-10	4.250000e-01	4.250000e-01	-4.26769e-18	
14	3.640000e-10	4.250000e-01	4.250000e-01	-4.94522e-18	
15	4.140000e-10	4.250000e-01	4.250000e-01	-5.62283e-18	
16	4.640000e-10	4.250000e-01	4.250000e-01	-6.30035e-18	
17	5.140000e-10	4.250000e-01	4.250000e-01	-6.97795e-18	
18	5.640000e-10	4.250000e-01	4.250000e-01	-7.65548e-18	
19	6.140000e-10	4.250000e-01	4.250000e-01	-8.33307e-18	
20	6.640000e-10	4.250000e-01	4.250000e-01	-9.01059e-18	
21	7.140000e-10	4.250000e-01	4.250000e-01	-9.68818e-18	
22	7.640000e-10	4.250000e-01	4.250000e-01	-1.03657e-17	
23	8.140000e-10	4.250000e-01	4.250000e-01	-1.10433e-17	
24	8.640000e-10	4.250000e-01	4.250000e-01	-1.17208e-17	
25	9.140000e-10	4.250000e-01	4.250000e-01	-1.23984e-17	
26	9.570000e-10	4.250000e-01	4.250000e-01	-1.29813e-17	
27	1.000000e-09	4.250000e-01	4.250000e-01	-1.35645e-17	
28	1.005000e-09	4.250461e-01	4.250341e-01	4.614422e-13	
29	1.015000e-09	4.251262e-01	4.251120e-01	1.262406e-12	
30	1.035000e-09	4.252833e-01	4.252709e-01	2.833372e-12	
31	1.075000e-09	4.256003e-01	4.255861e-01	6.002519e-12	
32	1.125000e-09	4.259945e-01	4.259820e-01	9.944903e-12	
33	1.175000e-09	4.263903e-01	4.263763e-01	1.390344e-11	
34	1.225000e-09	4.267846e-01	4.267721e-01	1.784636e-11	
35	1.275000e-09	4.271804e-01	4.271664e-01	2.180406e-11	
36	1.325000e-09	4.275747e-01	4.275621e-01	2.574682e-11	
37	1.375000e-09	4.279702e-01	4.279562e-01	2.970168e-11	
38	1.425000e-09	4.283638e-01	4.283512e-01	3.363785e-11	
39	1.475000e-09	4.287571e-01	4.287434e-01	3.757144e-11	
40	1.525000e-09	4.291456e-01	4.291332e-01	4.145567e-11	
41	1.575000e-09	4.295281e-01	4.295148e-01	4.528057e-11	
42	1.625000e-09	4.298985e-01	4.298867e-01	4.898482e-11	
43	1.675000e-09	4.302558e-01	4.302435e-01	5.255788e-11	
44	1.725000e-09	4.305953e-01	4.305847e-01	5.595346e-11	
45	1.775000e-09	4.309174e-01	4.309064e-01	5.917399e-11	
46	1.825000e-09	4.312186e-01	4.312093e-01	6.218618e-11	
47	1.875000e-09	4.314999e-01	4.314903e-01	6.499893e-11	
48	1.925000e-09	4.317586e-01	4.317507e-01	6.758612e-11	
49	1.962500e-09	4.319388e-01	4.319306e-01	6.938841e-11	
50	2.000000e-09	4.321055e-01	4.320987e-01	7.105533e-11	
51	2.005000e-09	4.320805e-01	4.320856e-01	7.080547e-11	
52	2.015000e-09	4.320423e-01	4.320495e-01	7.042296e-11	
53	2.035000e-09	4.319688e-01	4.319742e-01	6.968797e-11	
54	2.075000e-09	4.318196e-01	4.318267e-01	6.819640e-11	

Index   time            v(bl0)          v(bl7)          vpre#branch     
--------------------------------------------------------------------------------
55	2.125000e-09	4.316358e-01	4.316412e-01	6.635779e-11	
56	2.175000e-09	4.314512e-01	4.314582e-01	6.451236e-11	
57	2.225000e-09	4.312690e-01	4.312744e-01	6.269030e-11	
58	2.275000e-09	4.310862e-01	4.310931e-01	6.086246e-11	
59	2.325000e-09	4.309057e-01	4.309111e-01	5.905680e-11	
60	2.375000e-09	4.307246e-01	4.307313e-01	5.724630e-11	
61	2.425000e-09	4.305457e-01	4.305511e-01	5.545688e-11	
62	2.475000e-09	4.303664e-01	4.303729e-01	5.366351e-11	
63	2.525000e-09	4.301890e-01	4.301944e-01	5.189018e-11	
64	2.575000e-09	4.300114e-01	4.300179e-01	5.011370e-11	
65	2.625000e-09	4.298356e-01	4.298410e-01	4.835631e-11	
66	2.675000e-09	4.296597e-01	4.296660e-01	4.659651e-11	
67	2.725000e-09	4.294855e-01	4.294909e-01	4.485490e-11	
68	2.775000e-09	4.293112e-01	4.293175e-01	4.311158e-11	
69	2.825000e-09	4.291386e-01	4.291439e-01	4.138559e-11	
70	2.875000e-09	4.289659e-01	4.289721e-01	3.965852e-11	
71	2.925000e-09	4.287948e-01	4.288001e-01	3.794802e-11	
72	2.975000e-09	4.286237e-01	4.286298e-01	3.623700e-11	
73	3.025000e-09	4.284542e-01	4.284595e-01	3.454182e-11	
74	3.075000e-09	4.282847e-01	4.282907e-01	3.284665e-11	
75	3.125000e-09	4.281167e-01	4.281220e-01	3.116665e-11	
76	3.175000e-09	4.279487e-01	4.279547e-01	2.948713e-11	
77	3.225000e-09	4.277822e-01	4.277875e-01	2.782215e-11	
78	3.275000e-09	4.276158e-01	4.276217e-01	2.615809e-11	
79	3.325000e-09	4.274508e-01	4.274561e-01	2.450798e-11	
80	3.375000e-09	4.272859e-01	4.272917e-01	2.285919e-11	
81	3.425000e-09	4.271224e-01	4.271276e-01	2.122380e-11	
82	3.475000e-09	4.269590e-01	4.269647e-01	1.959010e-11	
83	3.525000e-09	4.267969e-01	4.268021e-01	1.796928e-11	
84	3.575000e-09	4.266350e-01	4.266407e-01	1.635048e-11	
85	3.625000e-09	4.264744e-01	4.264796e-01	1.474408e-11	
86	3.675000e-09	4.263140e-01	4.263196e-01	1.314000e-11	
87	3.725000e-09	4.261548e-01	4.261599e-01	1.154788e-11	
88	3.775000e-09	4.259958e-01	4.260014e-01	9.958350e-12	
89	3.825000e-09	4.258380e-01	4.258431e-01	8.380359e-12	
90	3.875000e-09	4.256805e-01	4.256860e-01	6.805200e-12	
91	3.925000e-09	4.255241e-01	4.255292e-01	5.241191e-12	
92	3.975000e-09	4.253680e-01	4.253734e-01	3.680237e-12	
93	4.025000e-09	4.252130e-01	4.252180e-01	2.130066e-12	
94	4.075000e-09	4.250583e-01	4.250637e-01	5.831480e-13	
95	4.125000e-09	4.249047e-01	4.249097e-01	-9.53329e-13	
96	4.175000e-09	4.247514e-01	4.247566e-01	-2.48637e-12	
97	4.225000e-09	4.245991e-01	4.246040e-01	-4.00930e-12	
98	4.275000e-09	4.244471e-01	4.244524e-01	-5.52863e-12	
99	4.325000e-09	4.242962e-01	4.243011e-01	-7.03815e-12	
100	4.375000e-09	4.241456e-01	4.241508e-01	-8.54393e-12	
101	4.425000e-09	4.239960e-01	4.240009e-01	-1.00402e-11	
102	4.475000e-09	4.238467e-01	4.238519e-01	-1.15326e-11	
103	4.525000e-09	4.236984e-01	4.237033e-01	-1.30157e-11	
104	4.575000e-09	4.235505e-01	4.235556e-01	-1.44948e-11	
105	4.625000e-09	4.234035e-01	4.234083e-01	-1.59649e-11	
106	4.675000e-09	4.232569e-01	4.232619e-01	-1.74310e-11	
107	4.725000e-09	4.231112e-01	4.231160e-01	-1.88882e-11	
108	4.775000e-09	4.229659e-01	4.229708e-01	-2.03413e-11	
109	4.825000e-09	4.228214e-01	4.228262e-01	-2.17859e-11	
110	4.875000e-09	4.226774e-01	4.226823e-01	-2.32262e-11	
111	4.925000e-09	4.225342e-01	4.225389e-01	-2.46582e-11	
112	4.975000e-09	4.223914e-01	4.223963e-01	-2.60858e-11	

Index   time            v(bl0)          v(bl7)          vpre#branch     
--------------------------------------------------------------------------------
113	5.025000e-09	4.222495e-01	4.222542e-01	-2.75053e-11	
114	5.075000e-09	4.221080e-01	4.221128e-01	-2.89205e-11	
115	5.125000e-09	4.219672e-01	4.219719e-01	-3.03277e-11	
116	5.175000e-09	4.218270e-01	4.218317e-01	-3.17304e-11	
117	5.225000e-09	4.216875e-01	4.216921e-01	-3.31254e-11	
118	5.275000e-09	4.215484e-01	4.215531e-01	-3.45160e-11	
119	5.325000e-09	4.214101e-01	4.214147e-01	-3.58989e-11	
120	5.375000e-09	4.212723e-01	4.212769e-01	-3.72773e-11	
121	5.425000e-09	4.211352e-01	4.211397e-01	-3.86483e-11	
122	5.475000e-09	4.209985e-01	4.210032e-01	-4.00148e-11	
123	5.525000e-09	4.208626e-01	4.208671e-01	-4.13740e-11	
124	5.575000e-09	4.207271e-01	4.207317e-01	-4.27287e-11	
125	5.625000e-09	4.205924e-01	4.205969e-01	-4.40762e-11	
126	5.675000e-09	4.204581e-01	4.204626e-01	-4.54191e-11	
127	5.725000e-09	4.203245e-01	4.203289e-01	-4.67551e-11	
128	5.775000e-09	4.201914e-01	4.201959e-01	-4.80864e-11	
129	5.825000e-09	4.200589e-01	4.200633e-01	-4.94109e-11	
130	5.875000e-09	4.199269e-01	4.199314e-01	-5.07309e-11	
131	5.925000e-09	4.197956e-01	4.198000e-01	-5.20441e-11	
132	5.975000e-09	4.196647e-01	4.196692e-01	-5.33527e-11	
133	6.025000e-09	4.195345e-01	4.195389e-01	-5.46547e-11	
134	6.075000e-09	4.194048e-01	4.194092e-01	-5.59521e-11	
135	6.125000e-09	4.192757e-01	4.192800e-01	-5.72430e-11	
136	6.175000e-09	4.191471e-01	4.191514e-01	-5.85293e-11	
137	6.225000e-09	4.190191e-01	4.190233e-01	-5.98093e-11	
138	6.275000e-09	4.188915e-01	4.188958e-01	-6.10847e-11	
139	6.325000e-09	4.187646e-01	4.187689e-01	-6.23538e-11	
140	6.375000e-09	4.186382e-01	4.186424e-01	-6.36183e-11	
141	6.425000e-09	4.185123e-01	4.185165e-01	-6.48767e-11	
142	6.475000e-09	4.183869e-01	4.183912e-01	-6.61305e-11	
143	6.525000e-09	4.182622e-01	4.182663e-01	-6.73783e-11	
144	6.575000e-09	4.181378e-01	4.181420e-01	-6.86215e-11	
145	6.625000e-09	4.180141e-01	4.180183e-01	-6.98588e-11	
146	6.675000e-09	4.178909e-01	4.178950e-01	-7.10915e-11	
147	6.725000e-09	4.177682e-01	4.177723e-01	-7.23183e-11	
148	6.775000e-09	4.176459e-01	4.176500e-01	-7.35407e-11	
149	6.825000e-09	4.175243e-01	4.175283e-01	-7.47572e-11	
150	6.875000e-09	4.174031e-01	4.174071e-01	-7.59693e-11	
151	6.925000e-09	4.172824e-01	4.172865e-01	-7.71757e-11	
152	6.975000e-09	4.171622e-01	4.171663e-01	-7.83777e-11	
153	7.025000e-09	4.170426e-01	4.170466e-01	-7.95740e-11	
154	7.075000e-09	4.169234e-01	4.169274e-01	-8.07658e-11	
155	7.125000e-09	4.168048e-01	4.168088e-01	-8.19522e-11	
156	7.175000e-09	4.166866e-01	4.166906e-01	-8.31341e-11	
157	7.225000e-09	4.165689e-01	4.165729e-01	-8.43106e-11	
158	7.275000e-09	4.164517e-01	4.164557e-01	-8.54827e-11	
159	7.325000e-09	4.163351e-01	4.163390e-01	-8.66494e-11	
160	7.375000e-09	4.162188e-01	4.162227e-01	-8.78118e-11	
161	7.425000e-09	4.161031e-01	4.161070e-01	-8.89688e-11	
162	7.475000e-09	4.159878e-01	4.159917e-01	-9.01215e-11	
163	7.525000e-09	4.158731e-01	4.158769e-01	-9.12690e-11	
164	7.575000e-09	4.157588e-01	4.157626e-01	-9.24122e-11	
165	7.625000e-09	4.156450e-01	4.156488e-01	-9.35503e-11	
166	7.675000e-09	4.155316e-01	4.155354e-01	-9.46840e-11	
167	7.725000e-09	4.154187e-01	4.154225e-01	-9.58127e-11	
168	7.775000e-09	4.153063e-01	4.153101e-01	-9.69372e-11	
169	7.825000e-09	4.151943e-01	4.151981e-01	-9.80566e-11	
170	7.875000e-09	4.150828e-01	4.150866e-01	-9.91718e-11	

Index   time            v(bl0)          v(bl7)          vpre#branch     
--------------------------------------------------------------------------------
171	7.925000e-09	4.149718e-01	4.149755e-01	-1.00282e-10	
172	7.975000e-09	4.148612e-01	4.148649e-01	-1.01388e-10	
173	8.025000e-09	4.147511e-01	4.147548e-01	-1.02489e-10	
174	8.075000e-09	4.146414e-01	4.146451e-01	-1.03586e-10	
175	8.125000e-09	4.145322e-01	4.145358e-01	-1.04678e-10	
176	8.175000e-09	4.144233e-01	4.144270e-01	-1.05767e-10	
177	8.225000e-09	4.143150e-01	4.143186e-01	-1.06850e-10	
178	8.275000e-09	4.142071e-01	4.142107e-01	-1.07929e-10	
179	8.325000e-09	4.140996e-01	4.141032e-01	-1.09004e-10	
180	8.375000e-09	4.139926e-01	4.139962e-01	-1.10074e-10	
181	8.425000e-09	4.138860e-01	4.138896e-01	-1.11140e-10	
182	8.475000e-09	4.137798e-01	4.137834e-01	-1.12202e-10	
183	8.525000e-09	4.136741e-01	4.136777e-01	-1.13259e-10	
184	8.575000e-09	4.135688e-01	4.135723e-01	-1.14312e-10	
185	8.625000e-09	4.134639e-01	4.134675e-01	-1.15361e-10	
186	8.675000e-09	4.133595e-01	4.133630e-01	-1.16405e-10	
187	8.725000e-09	4.132554e-01	4.132589e-01	-1.17446e-10	
188	8.775000e-09	4.131518e-01	4.131553e-01	-1.18482e-10	
189	8.825000e-09	4.130486e-01	4.130521e-01	-1.19514e-10	
190	8.875000e-09	4.129458e-01	4.129493e-01	-1.20542e-10	
191	8.925000e-09	4.128435e-01	4.128469e-01	-1.21565e-10	
192	8.975000e-09	4.127415e-01	4.127449e-01	-1.22585e-10	
193	9.025000e-09	4.126400e-01	4.126434e-01	-1.23600e-10	
194	9.075000e-09	4.125388e-01	4.125422e-01	-1.24612e-10	
195	9.125000e-09	4.124381e-01	4.124414e-01	-1.25619e-10	
196	9.175000e-09	4.123377e-01	4.123411e-01	-1.26623e-10	
197	9.225000e-09	4.122378e-01	4.122411e-01	-1.27622e-10	
198	9.275000e-09	4.121382e-01	4.121416e-01	-1.28618e-10	
199	9.325000e-09	4.120391e-01	4.120424e-01	-1.29609e-10	
200	9.375000e-09	4.119403e-01	4.119437e-01	-1.30597e-10	
201	9.425000e-09	4.118420e-01	4.118453e-01	-1.31580e-10	
202	9.475000e-09	4.117440e-01	4.117473e-01	-1.32560e-10	
203	9.525000e-09	4.116464e-01	4.116497e-01	-1.33536e-10	
204	9.575000e-09	4.115492e-01	4.115525e-01	-1.34508e-10	
205	9.625000e-09	4.114524e-01	4.114557e-01	-1.35476e-10	
206	9.675000e-09	4.113560e-01	4.113592e-01	-1.36440e-10	
207	9.725000e-09	4.112600e-01	4.112632e-01	-1.37400e-10	
208	9.775000e-09	4.111643e-01	4.111675e-01	-1.38357e-10	
209	9.825000e-09	4.110690e-01	4.110722e-01	-1.39310e-10	
210	9.875000e-09	4.109741e-01	4.109772e-01	-1.40259e-10	
211	9.925000e-09	4.108795e-01	4.108827e-01	-1.41205e-10	
212	9.975000e-09	4.107853e-01	4.107885e-01	-1.42147e-10	
213	1.002500e-08	4.106915e-01	4.106947e-01	-1.43085e-10	
214	1.007500e-08	4.105981e-01	4.106012e-01	-1.44019e-10	
215	1.012500e-08	4.105050e-01	4.105082e-01	-1.44950e-10	
216	1.017500e-08	4.104123e-01	4.104154e-01	-1.45877e-10	
217	1.022500e-08	4.103200e-01	4.103231e-01	-1.46800e-10	
218	1.027500e-08	4.102280e-01	4.102311e-01	-1.47720e-10	
219	1.032500e-08	4.101364e-01	4.101394e-01	-1.48636e-10	
220	1.037500e-08	4.100451e-01	4.100481e-01	-1.49549e-10	
221	1.042500e-08	4.099542e-01	4.099572e-01	-1.50458e-10	
222	1.047500e-08	4.098636e-01	4.098666e-01	-1.51364e-10	
223	1.052500e-08	4.097734e-01	4.097764e-01	-1.52266e-10	
224	1.057500e-08	4.096835e-01	4.096865e-01	-1.53165e-10	
225	1.062500e-08	4.095940e-01	4.095970e-01	-1.54060e-10	
226	1.067500e-08	4.095048e-01	4.095078e-01	-1.54952e-10	
227	1.072500e-08	4.094160e-01	4.094190e-01	-1.55840e-10	
228	1.077500e-08	4.093275e-01	4.093305e-01	-1.56725e-10	

Index   time            v(bl0)          v(bl7)          vpre#branch     
--------------------------------------------------------------------------------
229	1.082500e-08	4.092393e-01	4.092423e-01	-1.57607e-10	
230	1.087500e-08	4.091515e-01	4.091545e-01	-1.58485e-10	
231	1.092500e-08	4.090641e-01	4.090670e-01	-1.59359e-10	
232	1.097500e-08	4.089769e-01	4.089798e-01	-1.60231e-10	
233	1.102500e-08	4.088901e-01	4.088930e-01	-1.61099e-10	
234	1.107500e-08	4.088037e-01	4.088066e-01	-1.61963e-10	
235	1.112500e-08	4.087175e-01	4.087204e-01	-1.62825e-10	
236	1.117500e-08	4.086317e-01	4.086346e-01	-1.63683e-10	
237	1.122500e-08	4.085462e-01	4.085491e-01	-1.64538e-10	
238	1.127500e-08	4.084611e-01	4.084639e-01	-1.65389e-10	
239	1.132500e-08	4.083762e-01	4.083791e-01	-1.66238e-10	
240	1.137500e-08	4.082917e-01	4.082946e-01	-1.67083e-10	
241	1.142500e-08	4.082075e-01	4.082104e-01	-1.67925e-10	
242	1.147500e-08	4.081237e-01	4.081265e-01	-1.68763e-10	
243	1.152500e-08	4.080401e-01	4.080429e-01	-1.69599e-10	
244	1.157500e-08	4.079569e-01	4.079597e-01	-1.70431e-10	
245	1.162500e-08	4.078740e-01	4.078768e-01	-1.71260e-10	
246	1.167500e-08	4.077914e-01	4.077941e-01	-1.72086e-10	
247	1.172500e-08	4.077091e-01	4.077118e-01	-1.72909e-10	
248	1.177500e-08	4.076271e-01	4.076298e-01	-1.73729e-10	
249	1.182500e-08	4.075454e-01	4.075482e-01	-1.74546e-10	
250	1.187500e-08	4.074640e-01	4.074668e-01	-1.75360e-10	
251	1.192500e-08	4.073830e-01	4.073857e-01	-1.76170e-10	
252	1.197500e-08	4.073022e-01	4.073049e-01	-1.76978e-10	
253	1.202500e-08	4.072218e-01	4.072245e-01	-1.77782e-10	
254	1.207500e-08	4.071416e-01	4.071443e-01	-1.78584e-10	
255	1.212500e-08	4.070618e-01	4.070644e-01	-1.79382e-10	
256	1.217500e-08	4.069822e-01	4.069849e-01	-1.80178e-10	
257	1.222500e-08	4.069029e-01	4.069056e-01	-1.80971e-10	
258	1.227500e-08	4.068240e-01	4.068266e-01	-1.81760e-10	
259	1.232500e-08	4.067453e-01	4.067479e-01	-1.82547e-10	
260	1.237500e-08	4.066669e-01	4.066696e-01	-1.83331e-10	
261	1.242500e-08	4.065888e-01	4.065915e-01	-1.84112e-10	
262	1.247500e-08	4.065110e-01	4.065137e-01	-1.84890e-10	
263	1.252500e-08	4.064335e-01	4.064361e-01	-1.85665e-10	
264	1.257500e-08	4.063563e-01	4.063589e-01	-1.86437e-10	
265	1.262500e-08	4.062794e-01	4.062820e-01	-1.87206e-10	
266	1.267500e-08	4.062027e-01	4.062053e-01	-1.87973e-10	
267	1.272500e-08	4.061264e-01	4.061289e-01	-1.88736e-10	
268	1.277500e-08	4.060503e-01	4.060528e-01	-1.89497e-10	
269	1.282500e-08	4.059745e-01	4.059770e-01	-1.90255e-10	
270	1.287500e-08	4.058989e-01	4.059015e-01	-1.91011e-10	
271	1.292500e-08	4.058237e-01	4.058262e-01	-1.91763e-10	
272	1.297500e-08	4.057487e-01	4.057512e-01	-1.92513e-10	
273	1.302500e-08	4.056740e-01	4.056765e-01	-1.93260e-10	
274	1.307500e-08	4.055996e-01	4.056021e-01	-1.94004e-10	
275	1.312500e-08	4.055255e-01	4.055279e-01	-1.94745e-10	
276	1.317500e-08	4.054516e-01	4.054541e-01	-1.95484e-10	
277	1.322500e-08	4.053780e-01	4.053804e-01	-1.96220e-10	
278	1.327500e-08	4.053046e-01	4.053071e-01	-1.96954e-10	
279	1.332500e-08	4.052316e-01	4.052340e-01	-1.97684e-10	
280	1.337500e-08	4.051587e-01	4.051612e-01	-1.98413e-10	
281	1.342500e-08	4.050862e-01	4.050886e-01	-1.99138e-10	
282	1.347500e-08	4.050139e-01	4.050163e-01	-1.99861e-10	
283	1.352500e-08	4.049419e-01	4.049443e-01	-2.00581e-10	
284	1.357500e-08	4.048701e-01	4.048725e-01	-2.01299e-10	
285	1.362500e-08	4.047986e-01	4.048010e-01	-2.02014e-10	
286	1.367500e-08	4.047274e-01	4.047298e-01	-2.02726e-10	

Index   time            v(bl0)          v(bl7)          vpre#branch     
--------------------------------------------------------------------------------
287	1.372500e-08	4.046564e-01	4.046588e-01	-2.03436e-10	
288	1.377500e-08	4.045857e-01	4.045881e-01	-2.04143e-10	
289	1.382500e-08	4.045152e-01	4.045176e-01	-2.04848e-10	
290	1.387500e-08	4.044450e-01	4.044474e-01	-2.05550e-10	
291	1.392500e-08	4.043750e-01	4.043774e-01	-2.06250e-10	
292	1.397500e-08	4.043053e-01	4.043077e-01	-2.06947e-10	
293	1.402500e-08	4.042359e-01	4.042382e-01	-2.07641e-10	
294	1.407500e-08	4.041667e-01	4.041690e-01	-2.08333e-10	
295	1.412500e-08	4.040977e-01	4.041000e-01	-2.09023e-10	
296	1.417500e-08	4.040290e-01	4.040313e-01	-2.09710e-10	
297	1.422500e-08	4.039605e-01	4.039628e-01	-2.10395e-10	
298	1.427500e-08	4.038923e-01	4.038946e-01	-2.11077e-10	
299	1.432500e-08	4.038243e-01	4.038266e-01	-2.11757e-10	
300	1.437500e-08	4.037565e-01	4.037588e-01	-2.12435e-10	
301	1.442500e-08	4.036890e-01	4.036913e-01	-2.13110e-10	
302	1.447500e-08	4.036218e-01	4.036240e-01	-2.13782e-10	
303	1.452500e-08	4.035548e-01	4.035570e-01	-2.14452e-10	
304	1.457500e-08	4.034880e-01	4.034902e-01	-2.15120e-10	
305	1.462500e-08	4.034214e-01	4.034236e-01	-2.15786e-10	
306	1.467500e-08	4.033551e-01	4.033573e-01	-2.16449e-10	
307	1.472500e-08	4.032890e-01	4.032912e-01	-2.17110e-10	
308	1.477500e-08	4.032232e-01	4.032254e-01	-2.17768e-10	
309	1.482500e-08	4.031576e-01	4.031598e-01	-2.18424e-10	
310	1.487500e-08	4.030922e-01	4.030944e-01	-2.19078e-10	
311	1.492500e-08	4.030270e-01	4.030292e-01	-2.19730e-10	
312	1.497500e-08	4.029621e-01	4.029643e-01	-2.20379e-10	
313	1.502500e-08	4.028974e-01	4.028996e-01	-2.21026e-10	
314	1.507500e-08	4.028329e-01	4.028351e-01	-2.21671e-10	
315	1.512500e-08	4.027687e-01	4.027708e-01	-2.22313e-10	
316	1.517500e-08	4.027047e-01	4.027068e-01	-2.22953e-10	
317	1.522500e-08	4.026409e-01	4.026430e-01	-2.23591e-10	
318	1.527500e-08	4.025773e-01	4.025794e-01	-2.24227e-10	
319	1.532500e-08	4.025140e-01	4.025161e-01	-2.24860e-10	
320	1.537500e-08	4.024508e-01	4.024529e-01	-2.25492e-10	
321	1.542500e-08	4.023879e-01	4.023900e-01	-2.26121e-10	
322	1.547500e-08	4.023252e-01	4.023273e-01	-2.26748e-10	
323	1.552500e-08	4.022627e-01	4.022648e-01	-2.27373e-10	
324	1.557500e-08	4.022005e-01	4.022026e-01	-2.27995e-10	
325	1.562500e-08	4.021384e-01	4.021405e-01	-2.28616e-10	
326	1.567500e-08	4.020766e-01	4.020787e-01	-2.29234e-10	
327	1.572500e-08	4.020150e-01	4.020171e-01	-2.29850e-10	
328	1.577500e-08	4.019536e-01	4.019557e-01	-2.30464e-10	
329	1.582500e-08	4.018924e-01	4.018945e-01	-2.31076e-10	
330	1.587500e-08	4.018314e-01	4.018335e-01	-2.31686e-10	
331	1.592500e-08	4.017707e-01	4.017727e-01	-2.32293e-10	
332	1.597500e-08	4.017101e-01	4.017122e-01	-2.32899e-10	
333	1.602500e-08	4.016498e-01	4.016518e-01	-2.33502e-10	
334	1.607500e-08	4.015896e-01	4.015917e-01	-2.34104e-10	
335	1.612500e-08	4.015297e-01	4.015317e-01	-2.34703e-10	
336	1.617500e-08	4.014700e-01	4.014720e-01	-2.35300e-10	
337	1.622500e-08	4.014104e-01	4.014124e-01	-2.35896e-10	
338	1.627500e-08	4.013511e-01	4.013531e-01	-2.36489e-10	
339	1.632500e-08	4.012920e-01	4.012940e-01	-2.37080e-10	
340	1.637500e-08	4.012331e-01	4.012351e-01	-2.37669e-10	
341	1.642500e-08	4.011744e-01	4.011763e-01	-2.38256e-10	
342	1.647500e-08	4.011158e-01	4.011178e-01	-2.38842e-10	
343	1.652500e-08	4.010575e-01	4.010595e-01	-2.39425e-10	
344	1.657500e-08	4.009994e-01	4.010014e-01	-2.40006e-10	

Index   time            v(bl0)          v(bl7)          vpre#branch     
--------------------------------------------------------------------------------
345	1.662500e-08	4.009415e-01	4.009434e-01	-2.40585e-10	
346	1.667500e-08	4.008838e-01	4.008857e-01	-2.41162e-10	
347	1.672500e-08	4.008262e-01	4.008282e-01	-2.41738e-10	
348	1.677500e-08	4.007689e-01	4.007708e-01	-2.42311e-10	
349	1.682500e-08	4.007117e-01	4.007137e-01	-2.42883e-10	
350	1.687500e-08	4.006548e-01	4.006567e-01	-2.43452e-10	
351	1.692500e-08	4.005980e-01	4.005999e-01	-2.44020e-10	
352	1.697500e-08	4.005415e-01	4.005434e-01	-2.44585e-10	
353	1.702500e-08	4.004851e-01	4.004870e-01	-2.45149e-10	
354	1.707500e-08	4.004289e-01	4.004308e-01	-2.45711e-10	
355	1.712500e-08	4.003729e-01	4.003748e-01	-2.46271e-10	
356	1.717500e-08	4.003171e-01	4.003190e-01	-2.46829e-10	
357	1.722500e-08	4.002615e-01	4.002633e-01	-2.47385e-10	
358	1.727500e-08	4.002060e-01	4.002079e-01	-2.47940e-10	
359	1.732500e-08	4.001508e-01	4.001526e-01	-2.48492e-10	
360	1.737500e-08	4.000957e-01	4.000976e-01	-2.49043e-10	
361	1.742500e-08	4.000408e-01	4.000427e-01	-2.49592e-10	
362	1.747500e-08	3.999861e-01	3.999880e-01	-2.50139e-10	
363	1.752500e-08	3.999316e-01	3.999334e-01	-2.50684e-10	
364	1.757500e-08	3.998773e-01	3.998791e-01	-2.51227e-10	
365	1.762500e-08	3.998231e-01	3.998249e-01	-2.51769e-10	
366	1.767500e-08	3.997691e-01	3.997709e-01	-2.52309e-10	
367	1.772500e-08	3.997153e-01	3.997171e-01	-2.52847e-10	
368	1.777500e-08	3.996617e-01	3.996635e-01	-2.53383e-10	
369	1.782500e-08	3.996083e-01	3.996101e-01	-2.53917e-10	
370	1.787500e-08	3.995550e-01	3.995568e-01	-2.54450e-10	
371	1.792500e-08	3.995019e-01	3.995037e-01	-2.54981e-10	
372	1.797500e-08	3.994490e-01	3.994508e-01	-2.55510e-10	
373	1.802500e-08	3.993962e-01	3.993980e-01	-2.56038e-10	
374	1.807500e-08	3.993437e-01	3.993454e-01	-2.56563e-10	
375	1.812500e-08	3.992913e-01	3.992930e-01	-2.57087e-10	
376	1.817500e-08	3.992391e-01	3.992408e-01	-2.57609e-10	
377	1.822500e-08	3.991870e-01	3.991887e-01	-2.58130e-10	
378	1.827500e-08	3.991351e-01	3.991369e-01	-2.58649e-10	
379	1.832500e-08	3.990834e-01	3.990851e-01	-2.59166e-10	
380	1.837500e-08	3.990319e-01	3.990336e-01	-2.59681e-10	
381	1.842500e-08	3.989805e-01	3.989822e-01	-2.60195e-10	
382	1.847500e-08	3.989293e-01	3.989310e-01	-2.60707e-10	
383	1.852500e-08	3.988782e-01	3.988800e-01	-2.61218e-10	
384	1.857500e-08	3.988274e-01	3.988291e-01	-2.61726e-10	
385	1.862500e-08	3.987767e-01	3.987784e-01	-2.62233e-10	
386	1.867500e-08	3.987261e-01	3.987278e-01	-2.62739e-10	
387	1.872500e-08	3.986757e-01	3.986774e-01	-2.63243e-10	
388	1.877500e-08	3.986255e-01	3.986272e-01	-2.63745e-10	
389	1.882500e-08	3.985755e-01	3.985771e-01	-2.64245e-10	
390	1.887500e-08	3.985256e-01	3.985272e-01	-2.64744e-10	
391	1.892500e-08	3.984758e-01	3.984775e-01	-2.65242e-10	
392	1.897500e-08	3.984263e-01	3.984279e-01	-2.65737e-10	
393	1.902500e-08	3.983769e-01	3.983785e-01	-2.66231e-10	
394	1.907500e-08	3.983276e-01	3.983293e-01	-2.66724e-10	
395	1.912500e-08	3.982785e-01	3.982802e-01	-2.67215e-10	
396	1.917500e-08	3.982296e-01	3.982312e-01	-2.67704e-10	
397	1.922500e-08	3.981808e-01	3.981824e-01	-2.68192e-10	
398	1.927500e-08	3.981322e-01	3.981338e-01	-2.68678e-10	
399	1.932500e-08	3.980837e-01	3.980853e-01	-2.69163e-10	
400	1.937500e-08	3.980354e-01	3.980370e-01	-2.69646e-10	
401	1.942500e-08	3.979872e-01	3.979889e-01	-2.70128e-10	
402	1.947500e-08	3.979392e-01	3.979408e-01	-2.70608e-10	

Index   time            v(bl0)          v(bl7)          vpre#branch     
--------------------------------------------------------------------------------
403	1.952500e-08	3.978914e-01	3.978930e-01	-2.71086e-10	
404	1.957500e-08	3.978437e-01	3.978453e-01	-2.71563e-10	
405	1.962500e-08	3.977961e-01	3.977977e-01	-2.72039e-10	
406	1.967500e-08	3.977487e-01	3.977503e-01	-2.72513e-10	
407	1.972500e-08	3.977015e-01	3.977031e-01	-2.72985e-10	
408	1.977500e-08	3.976544e-01	3.976560e-01	-2.73456e-10	
409	1.982500e-08	3.976075e-01	3.976090e-01	-2.73925e-10	
410	1.987500e-08	3.975607e-01	3.975622e-01	-2.74393e-10	
411	1.992500e-08	3.975140e-01	3.975156e-01	-2.74860e-10	
412	1.997500e-08	3.974675e-01	3.974691e-01	-2.75325e-10	
413	2.002500e-08	3.974212e-01	3.974227e-01	-2.75788e-10	
414	2.007500e-08	3.973750e-01	3.973765e-01	-2.76250e-10	
415	2.012500e-08	3.973289e-01	3.973305e-01	-2.76711e-10	
416	2.017500e-08	3.972830e-01	3.972845e-01	-2.77170e-10	
417	2.022500e-08	3.972372e-01	3.972388e-01	-2.77628e-10	
418	2.027500e-08	3.971916e-01	3.971931e-01	-2.78084e-10	
419	2.032500e-08	3.971461e-01	3.971476e-01	-2.78539e-10	
420	2.037500e-08	3.971008e-01	3.971023e-01	-2.78992e-10	
421	2.042500e-08	3.970556e-01	3.970571e-01	-2.79444e-10	
422	2.047500e-08	3.970105e-01	3.970120e-01	-2.79895e-10	
423	2.052500e-08	3.969656e-01	3.969671e-01	-2.80344e-10	
424	2.057500e-08	3.969208e-01	3.969223e-01	-2.80792e-10	
425	2.062500e-08	3.968762e-01	3.968777e-01	-2.81238e-10	
426	2.067500e-08	3.968317e-01	3.968332e-01	-2.81683e-10	
427	2.072500e-08	3.967873e-01	3.967888e-01	-2.82127e-10	
428	2.077500e-08	3.967431e-01	3.967446e-01	-2.82569e-10	
429	2.082500e-08	3.966990e-01	3.967005e-01	-2.83010e-10	
430	2.087500e-08	3.966551e-01	3.966565e-01	-2.83449e-10	
431	2.092500e-08	3.966113e-01	3.966127e-01	-2.83887e-10	
432	2.097500e-08	3.965676e-01	3.965690e-01	-2.84324e-10	
433	2.102500e-08	3.965240e-01	3.965255e-01	-2.84760e-10	
434	2.107500e-08	3.964806e-01	3.964821e-01	-2.85194e-10	
435	2.112500e-08	3.964374e-01	3.964388e-01	-2.85626e-10	
436	2.117500e-08	3.963942e-01	3.963957e-01	-2.86058e-10	
437	2.122500e-08	3.963512e-01	3.963527e-01	-2.86488e-10	
438	2.127500e-08	3.963083e-01	3.963098e-01	-2.86917e-10	
439	2.132500e-08	3.962656e-01	3.962670e-01	-2.87344e-10	
440	2.137500e-08	3.962230e-01	3.962244e-01	-2.87770e-10	
441	2.142500e-08	3.961805e-01	3.961819e-01	-2.88195e-10	
442	2.147500e-08	3.961382e-01	3.961396e-01	-2.88618e-10	
443	2.152500e-08	3.960960e-01	3.960974e-01	-2.89040e-10	
444	2.157500e-08	3.960539e-01	3.960553e-01	-2.89461e-10	
445	2.162500e-08	3.960119e-01	3.960133e-01	-2.89881e-10	
446	2.167500e-08	3.959701e-01	3.959715e-01	-2.90299e-10	
447	2.172500e-08	3.959284e-01	3.959298e-01	-2.90716e-10	
448	2.177500e-08	3.958868e-01	3.958882e-01	-2.91132e-10	
449	2.182500e-08	3.958453e-01	3.958467e-01	-2.91547e-10	
450	2.187500e-08	3.958040e-01	3.958054e-01	-2.91960e-10	
451	2.192500e-08	3.957628e-01	3.957642e-01	-2.92372e-10	
452	2.197500e-08	3.957217e-01	3.957231e-01	-2.92783e-10	
453	2.202500e-08	3.956808e-01	3.956822e-01	-2.93192e-10	
454	2.207500e-08	3.956400e-01	3.956413e-01	-2.93600e-10	
455	2.212500e-08	3.955993e-01	3.956006e-01	-2.94007e-10	
456	2.217500e-08	3.955587e-01	3.955600e-01	-2.94413e-10	
457	2.222500e-08	3.955182e-01	3.955196e-01	-2.94818e-10	
458	2.227500e-08	3.954779e-01	3.954792e-01	-2.95221e-10	
459	2.232500e-08	3.954377e-01	3.954390e-01	-2.95623e-10	
460	2.237500e-08	3.953976e-01	3.953989e-01	-2.96024e-10	

Index   time            v(bl0)          v(bl7)          vpre#branch     
--------------------------------------------------------------------------------
461	2.242500e-08	3.953576e-01	3.953589e-01	-2.96424e-10	
462	2.247500e-08	3.953178e-01	3.953191e-01	-2.96822e-10	
463	2.252500e-08	3.952780e-01	3.952794e-01	-2.97220e-10	
464	2.257500e-08	3.952384e-01	3.952397e-01	-2.97616e-10	
465	2.262500e-08	3.951989e-01	3.952002e-01	-2.98011e-10	
466	2.267500e-08	3.951595e-01	3.951609e-01	-2.98405e-10	
467	2.272500e-08	3.951203e-01	3.951216e-01	-2.98797e-10	
468	2.277500e-08	3.950811e-01	3.950825e-01	-2.99189e-10	
469	2.282500e-08	3.950421e-01	3.950434e-01	-2.99579e-10	
470	2.287500e-08	3.950032e-01	3.950045e-01	-2.99968e-10	
471	2.292500e-08	3.949644e-01	3.949657e-01	-3.00356e-10	
472	2.297500e-08	3.949257e-01	3.949270e-01	-3.00743e-10	
473	2.302500e-08	3.948872e-01	3.948885e-01	-3.01128e-10	
474	2.307500e-08	3.948487e-01	3.948500e-01	-3.01513e-10	
475	2.312500e-08	3.948104e-01	3.948117e-01	-3.01896e-10	
476	2.317500e-08	3.947722e-01	3.947735e-01	-3.02278e-10	
477	2.322500e-08	3.947341e-01	3.947354e-01	-3.02659e-10	
478	2.327500e-08	3.946961e-01	3.946974e-01	-3.03039e-10	
479	2.332500e-08	3.946582e-01	3.946595e-01	-3.03418e-10	
480	2.337500e-08	3.946204e-01	3.946217e-01	-3.03796e-10	
481	2.342500e-08	3.945828e-01	3.945840e-01	-3.04172e-10	
482	2.347500e-08	3.945452e-01	3.945465e-01	-3.04548e-10	
483	2.352500e-08	3.945078e-01	3.945090e-01	-3.04922e-10	
484	2.357500e-08	3.944705e-01	3.944717e-01	-3.05295e-10	
485	2.362500e-08	3.944332e-01	3.944345e-01	-3.05668e-10	
486	2.367500e-08	3.943961e-01	3.943974e-01	-3.06039e-10	
487	2.372500e-08	3.943591e-01	3.943604e-01	-3.06409e-10	
488	2.377500e-08	3.943223e-01	3.943235e-01	-3.06777e-10	
489	2.382500e-08	3.942855e-01	3.942867e-01	-3.07145e-10	
490	2.387500e-08	3.942488e-01	3.942500e-01	-3.07512e-10	
491	2.392500e-08	3.942122e-01	3.942135e-01	-3.07878e-10	
492	2.397500e-08	3.941758e-01	3.941770e-01	-3.08242e-10	
493	2.402500e-08	3.941394e-01	3.941406e-01	-3.08606e-10	
494	2.407500e-08	3.941032e-01	3.941044e-01	-3.08968e-10	
495	2.412500e-08	3.940670e-01	3.940682e-01	-3.09330e-10	
496	2.417500e-08	3.940310e-01	3.940322e-01	-3.09690e-10	
497	2.422500e-08	3.939951e-01	3.939963e-01	-3.10049e-10	
498	2.427500e-08	3.939592e-01	3.939604e-01	-3.10408e-10	
499	2.432500e-08	3.939235e-01	3.939247e-01	-3.10765e-10	
500	2.437500e-08	3.938879e-01	3.938891e-01	-3.11121e-10	
501	2.442500e-08	3.938524e-01	3.938536e-01	-3.11476e-10	
502	2.447500e-08	3.938169e-01	3.938181e-01	-3.11831e-10	
503	2.452500e-08	3.937816e-01	3.937828e-01	-3.12184e-10	
504	2.457500e-08	3.937464e-01	3.937476e-01	-3.12536e-10	
505	2.462500e-08	3.937113e-01	3.937125e-01	-3.12887e-10	
506	2.467500e-08	3.936763e-01	3.936775e-01	-3.13237e-10	
507	2.472500e-08	3.936414e-01	3.936426e-01	-3.13586e-10	
508	2.477500e-08	3.936066e-01	3.936078e-01	-3.13934e-10	
509	2.482500e-08	3.935719e-01	3.935730e-01	-3.14281e-10	
510	2.487500e-08	3.935373e-01	3.935384e-01	-3.14627e-10	
511	2.492500e-08	3.935028e-01	3.935039e-01	-3.14972e-10	
512	2.496250e-08	3.934769e-01	3.934781e-01	-3.15231e-10	
513	2.500000e-08	3.934512e-01	3.934523e-01	-3.15488e-10	


Total analysis time (seconds) = 0.067673

Total elapsed time (seconds) = 0.079 

Total DRAM available = 386307.215 MB.
DRAM currently available = 2176.293 MB.
Maximum ngspice program size =  529.848 MB.
Current ngspice program size =   14.242 MB.

Shared ngspice pages =   12.289 MB.
Text (code) pages =    6.266 MB.
Stack = 0 bytes.
Library pages =   59.266 MB.

