
Note: No compatibility mode selected!


Circuit: * id-vg sweep vds=0.8500v

Doing analysis at TEMP = 85.000000 and TNOM = 27.000000

Using SPARSE 1.3 as Direct Linear Solver

No. of Data Rows : 201

  Measurements for DC Analysis

ion                 =  -6.18955e-07 at=  8.50000e-01
ioff                =  -2.20461e-13

                           * id-vg sweep vds=0.8500v
                           DC transfer characteristic  Tue Jun 23 16:38:22  2026
--------------------------------------------------------------------------------
Index   v-sweep         vd#branch       
--------------------------------------------------------------------------------
0	0.000000e+00	-2.20461e-13	
1	4.250000e-03	-2.46609e-13	
2	8.500000e-03	-2.77662e-13	
3	1.275000e-02	-3.12627e-13	
4	1.700000e-02	-3.51994e-13	
5	2.125000e-02	-3.96318e-13	
6	2.550000e-02	-4.46223e-13	
7	2.975000e-02	-5.02413e-13	
8	3.400000e-02	-5.65678e-13	
9	3.825000e-02	-6.36910e-13	
10	4.250000e-02	-7.17112e-13	
11	4.675000e-02	-8.07412e-13	
12	5.100000e-02	-9.09083e-13	
13	5.525000e-02	-1.02356e-12	
14	5.950000e-02	-1.15245e-12	
15	6.375000e-02	-1.29756e-12	
16	6.800000e-02	-1.46095e-12	
17	7.225000e-02	-1.64492e-12	
18	7.650000e-02	-1.85205e-12	
19	8.075000e-02	-2.08526e-12	
20	8.500000e-02	-2.34783e-12	
21	8.925000e-02	-2.64347e-12	
22	9.350000e-02	-2.97633e-12	
23	9.775000e-02	-3.35110e-12	
24	1.020000e-01	-3.77306e-12	
25	1.062500e-01	-4.24815e-12	
26	1.105000e-01	-4.78305e-12	
27	1.147500e-01	-5.38530e-12	
28	1.190000e-01	-6.06337e-12	
29	1.232500e-01	-6.82682e-12	
30	1.275000e-01	-7.68638e-12	
31	1.317500e-01	-8.65415e-12	
32	1.360000e-01	-9.74375e-12	
33	1.402500e-01	-1.09705e-11	
34	1.445000e-01	-1.23517e-11	
35	1.487500e-01	-1.39067e-11	
36	1.530000e-01	-1.56575e-11	
37	1.572500e-01	-1.76286e-11	
38	1.615000e-01	-1.98478e-11	
39	1.657500e-01	-2.23462e-11	
40	1.700000e-01	-2.51591e-11	
41	1.742500e-01	-2.83258e-11	
42	1.785000e-01	-3.18910e-11	
43	1.827500e-01	-3.59046e-11	
44	1.870000e-01	-4.04230e-11	
45	1.912500e-01	-4.55096e-11	
46	1.955000e-01	-5.12358e-11	
47	1.997500e-01	-5.76818e-11	
48	2.040000e-01	-6.49380e-11	
49	2.082500e-01	-7.31060e-11	
50	2.125000e-01	-8.23001e-11	
51	2.167500e-01	-9.26488e-11	
52	2.210000e-01	-1.04297e-10	
53	2.252500e-01	-1.17406e-10	
54	2.295000e-01	-1.32160e-10	

Index   v-sweep         vd#branch       
--------------------------------------------------------------------------------
55	2.337500e-01	-1.48764e-10	
56	2.380000e-01	-1.67448e-10	
57	2.422500e-01	-1.89696e-10	
58	2.465000e-01	-2.13503e-10	
59	2.507500e-01	-2.40287e-10	
60	2.550000e-01	-2.70417e-10	
61	2.592500e-01	-3.04307e-10	
62	2.635000e-01	-3.42422e-10	
63	2.677500e-01	-3.85282e-10	
64	2.720000e-01	-4.33470e-10	
65	2.762500e-01	-4.87639e-10	
66	2.805000e-01	-5.48520e-10	
67	2.847500e-01	-6.16929e-10	
68	2.890000e-01	-6.93778e-10	
69	2.932500e-01	-7.80084e-10	
70	2.975000e-01	-8.76980e-10	
71	3.017500e-01	-9.85728e-10	
72	3.060000e-01	-1.10773e-09	
73	3.102500e-01	-1.24455e-09	
74	3.145000e-01	-1.39790e-09	
75	3.187500e-01	-1.56969e-09	
76	3.230000e-01	-1.76202e-09	
77	3.272500e-01	-1.97722e-09	
78	3.315000e-01	-2.21781e-09	
79	3.357500e-01	-2.48658e-09	
80	3.400000e-01	-2.78656e-09	
81	3.442500e-01	-3.12104e-09	
82	3.485000e-01	-3.49358e-09	
83	3.527500e-01	-3.90803e-09	
84	3.570000e-01	-4.36850e-09	
85	3.612500e-01	-4.87937e-09	
86	3.655000e-01	-5.44530e-09	
87	3.697500e-01	-6.07117e-09	
88	3.740000e-01	-6.76208e-09	
89	3.782500e-01	-7.52335e-09	
90	3.825000e-01	-8.36040e-09	
91	3.867500e-01	-9.27875e-09	
92	3.910000e-01	-1.02840e-08	
93	3.952500e-01	-1.13816e-08	
94	3.995000e-01	-1.25771e-08	
95	4.037500e-01	-1.38756e-08	
96	4.080000e-01	-1.52822e-08	
97	4.122500e-01	-1.68015e-08	
98	4.165000e-01	-1.84378e-08	
99	4.207500e-01	-2.01950e-08	
100	4.250000e-01	-2.20764e-08	
101	4.292500e-01	-2.40849e-08	
102	4.335000e-01	-2.62228e-08	
103	4.377500e-01	-2.84918e-08	
104	4.420000e-01	-3.08934e-08	
105	4.462500e-01	-3.34281e-08	
106	4.505000e-01	-3.60963e-08	
107	4.547500e-01	-3.88977e-08	
108	4.590000e-01	-4.18316e-08	
109	4.632500e-01	-4.48971e-08	
110	4.675000e-01	-4.80928e-08	
111	4.717500e-01	-5.14169e-08	
112	4.760000e-01	-5.48675e-08	

Index   v-sweep         vd#branch       
--------------------------------------------------------------------------------
113	4.802500e-01	-5.84424e-08	
114	4.845000e-01	-6.20788e-08	
115	4.887500e-01	-6.58966e-08	
116	4.930000e-01	-6.98312e-08	
117	4.972500e-01	-7.38800e-08	
118	5.015000e-01	-7.80402e-08	
119	5.057500e-01	-8.23090e-08	
120	5.100000e-01	-8.66836e-08	
121	5.142500e-01	-9.11610e-08	
122	5.185000e-01	-9.57385e-08	
123	5.227500e-01	-1.00413e-07	
124	5.270000e-01	-1.05182e-07	
125	5.312500e-01	-1.10043e-07	
126	5.355000e-01	-1.14993e-07	
127	5.397500e-01	-1.20030e-07	
128	5.440000e-01	-1.25150e-07	
129	5.482500e-01	-1.30351e-07	
130	5.525000e-01	-1.35632e-07	
131	5.567500e-01	-1.40989e-07	
132	5.610000e-01	-1.46420e-07	
133	5.652500e-01	-1.51924e-07	
134	5.695000e-01	-1.57498e-07	
135	5.737500e-01	-1.63139e-07	
136	5.780000e-01	-1.68847e-07	
137	5.822500e-01	-1.74619e-07	
138	5.865000e-01	-1.80453e-07	
139	5.907500e-01	-1.86348e-07	
140	5.950000e-01	-1.92301e-07	
141	5.992500e-01	-1.98312e-07	
142	6.035000e-01	-2.04379e-07	
143	6.077500e-01	-2.10500e-07	
144	6.120000e-01	-2.16674e-07	
145	6.162500e-01	-2.22899e-07	
146	6.205000e-01	-2.29175e-07	
147	6.247500e-01	-2.35499e-07	
148	6.290000e-01	-2.41871e-07	
149	6.332500e-01	-2.48290e-07	
150	6.375000e-01	-2.54754e-07	
151	6.417500e-01	-2.61263e-07	
152	6.460000e-01	-2.67815e-07	
153	6.502500e-01	-2.74409e-07	
154	6.545000e-01	-2.81044e-07	
155	6.587500e-01	-2.87720e-07	
156	6.630000e-01	-2.94435e-07	
157	6.672500e-01	-3.01189e-07	
158	6.715000e-01	-3.07981e-07	
159	6.757500e-01	-3.14810e-07	
160	6.800000e-01	-3.21675e-07	
161	6.842500e-01	-3.28575e-07	
162	6.885000e-01	-3.35510e-07	
163	6.927500e-01	-3.42479e-07	
164	6.970000e-01	-3.49481e-07	
165	7.012500e-01	-3.56516e-07	
166	7.055000e-01	-3.63583e-07	
167	7.097500e-01	-3.70680e-07	
168	7.140000e-01	-3.77809e-07	
169	7.182500e-01	-3.84967e-07	
170	7.225000e-01	-3.92155e-07	

Index   v-sweep         vd#branch       
--------------------------------------------------------------------------------
171	7.267500e-01	-3.99372e-07	
172	7.310000e-01	-4.06617e-07	
173	7.352500e-01	-4.13889e-07	
174	7.395000e-01	-4.21189e-07	
175	7.437500e-01	-4.28515e-07	
176	7.480000e-01	-4.35867e-07	
177	7.522500e-01	-4.43245e-07	
178	7.565000e-01	-4.50648e-07	
179	7.607500e-01	-4.58075e-07	
180	7.650000e-01	-4.65527e-07	
181	7.692500e-01	-4.73002e-07	
182	7.735000e-01	-4.80500e-07	
183	7.777500e-01	-4.88021e-07	
184	7.820000e-01	-4.95564e-07	
185	7.862500e-01	-5.03129e-07	
186	7.905000e-01	-5.10715e-07	
187	7.947500e-01	-5.18323e-07	
188	7.990000e-01	-5.25951e-07	
189	8.032500e-01	-5.33599e-07	
190	8.075000e-01	-5.41267e-07	
191	8.117500e-01	-5.48954e-07	
192	8.160000e-01	-5.56661e-07	
193	8.202500e-01	-5.64386e-07	
194	8.245000e-01	-5.72129e-07	
195	8.287500e-01	-5.79891e-07	
196	8.330000e-01	-5.87670e-07	
197	8.372500e-01	-5.95466e-07	
198	8.415000e-01	-6.03279e-07	
199	8.457500e-01	-6.11109e-07	
200	8.500000e-01	-6.18955e-07	


Total analysis time (seconds) = 1.42804

Total elapsed time (seconds) = 1.438 

Total DRAM available = 386307.215 MB.
DRAM currently available = 21868.469 MB.
Maximum ngspice program size =  529.727 MB.
Current ngspice program size =   14.137 MB.

Shared ngspice pages =   12.367 MB.
Text (code) pages =    6.266 MB.
Stack = 0 bytes.
Library pages =   59.145 MB.

