
Note: No compatibility mode selected!


Circuit: * wl switching transient

Warning: Model issue on line 7 :
  .model nfet bsimcmg_va type=1 bulkmod=0 bulkmod=0 igcmod=0 igbmod=0 gidl ...
unrecognized parameter (sasatcv) - ignored

Doing analysis at TEMP = 27.000000 and TNOM = 27.000000

Using SPARSE 1.3 as Direct Linear Solver

Initial Transient Solution
--------------------------

Node                                   Voltage
----                                   -------
d                                        0.375
g                                            0
s                                            0
vg#branch                                    0
vd#branch                         -1.89035e-11
vs#branch                          1.89035e-11


No. of Data Rows : 217
                            * wl switching transient
                            Transient Analysis  Tue Jun 23 14:40:35  2026
--------------------------------------------------------------------------------
Index   time            v(g)            vg#branch       
--------------------------------------------------------------------------------
0	0.000000e+00	0.000000e+00	0.000000e+00	
1	1.000000e-12	0.000000e+00	2.242091e-21	
2	2.000000e-12	0.000000e+00	2.242088e-21	
3	4.000000e-12	0.000000e+00	2.242086e-21	
4	8.000000e-12	0.000000e+00	2.815111e-21	
5	1.600000e-11	0.000000e+00	-1.55706e-21	
6	3.200000e-11	0.000000e+00	1.762569e-21	
7	6.400000e-11	0.000000e+00	-1.23630e-21	
8	1.280000e-10	0.000000e+00	1.499433e-21	
9	2.280000e-10	0.000000e+00	-1.42158e-21	
10	3.280000e-10	0.000000e+00	1.410682e-21	
11	4.280000e-10	0.000000e+00	-1.39511e-21	
12	5.280000e-10	0.000000e+00	1.410682e-21	
13	6.280000e-10	0.000000e+00	-1.39511e-21	
14	7.280000e-10	0.000000e+00	1.410682e-21	
15	8.280000e-10	0.000000e+00	-1.39511e-21	
16	9.140000e-10	0.000000e+00	1.400869e-21	
17	1.000000e-09	0.000000e+00	-1.37846e-21	
18	1.010000e-09	7.500000e-03	-3.49054e-08	
19	1.030000e-09	2.250000e-02	-3.59447e-08	
20	1.070000e-09	5.250000e-02	-3.49388e-08	
21	1.150000e-09	1.125000e-01	-3.59969e-08	
22	1.250000e-09	1.875000e-01	-3.54954e-08	
23	1.350000e-09	2.625000e-01	-4.03405e-08	
24	1.450000e-09	3.375000e-01	-5.31681e-08	
25	1.550000e-09	4.125000e-01	-6.60864e-08	
26	1.650000e-09	4.875000e-01	-7.22949e-08	
27	1.750000e-09	5.625000e-01	-7.84910e-08	
28	1.850000e-09	6.375000e-01	-8.07507e-08	
29	1.925000e-09	6.937500e-01	-8.38434e-08	
30	2.000000e-09	7.500000e-01	-8.43077e-08	
31	2.010000e-09	7.500000e-01	-3.14912e-09	
32	2.030000e-09	7.500000e-01	2.906421e-09	
33	2.070000e-09	7.500000e-01	-2.79225e-09	
34	2.150000e-09	7.500000e-01	2.736887e-09	
35	2.250000e-09	7.500000e-01	-2.69340e-09	
36	2.350000e-09	7.500000e-01	2.650619e-09	
37	2.450000e-09	7.500000e-01	-2.60853e-09	
38	2.550000e-09	7.500000e-01	2.567111e-09	
39	2.650000e-09	7.500000e-01	-2.52637e-09	
40	2.750000e-09	7.500000e-01	2.486276e-09	
41	2.850000e-09	7.500000e-01	-2.44683e-09	
42	2.950000e-09	7.500000e-01	2.408028e-09	
43	3.050000e-09	7.500000e-01	-2.36985e-09	
44	3.150000e-09	7.500000e-01	2.332282e-09	
45	3.250000e-09	7.500000e-01	-2.29532e-09	
46	3.350000e-09	7.500000e-01	2.258959e-09	
47	3.450000e-09	7.500000e-01	-2.22318e-09	
48	3.550000e-09	7.500000e-01	2.187980e-09	
49	3.650000e-09	7.500000e-01	-2.15335e-09	
50	3.750000e-09	7.500000e-01	2.119270e-09	
51	3.850000e-09	7.500000e-01	-2.08574e-09	
52	3.950000e-09	7.500000e-01	2.052756e-09	
53	4.050000e-09	7.500000e-01	-2.02030e-09	
54	4.150000e-09	7.500000e-01	1.988367e-09	

Index   time            v(g)            vg#branch       
--------------------------------------------------------------------------------
55	4.250000e-09	7.500000e-01	-1.95695e-09	
56	4.350000e-09	7.500000e-01	1.926035e-09	
57	4.450000e-09	7.500000e-01	-1.89562e-09	
58	4.550000e-09	7.500000e-01	1.865693e-09	
59	4.650000e-09	7.500000e-01	-1.83625e-09	
60	4.750000e-09	7.500000e-01	1.807278e-09	
61	4.850000e-09	7.500000e-01	-1.77877e-09	
62	4.950000e-09	7.500000e-01	1.750727e-09	
63	5.050000e-09	7.500000e-01	-1.72313e-09	
64	5.150000e-09	7.500000e-01	1.695981e-09	
65	5.250000e-09	7.500000e-01	-1.66927e-09	
66	5.350000e-09	7.500000e-01	1.642981e-09	
67	5.450000e-09	7.500000e-01	-1.61712e-09	
68	5.550000e-09	7.500000e-01	1.591672e-09	
69	5.650000e-09	7.500000e-01	-1.56663e-09	
70	5.750000e-09	7.500000e-01	1.541998e-09	
71	5.850000e-09	7.500000e-01	-1.51776e-09	
72	5.950000e-09	7.500000e-01	1.493907e-09	
73	6.050000e-09	7.500000e-01	-1.47044e-09	
74	6.150000e-09	7.500000e-01	1.447349e-09	
75	6.250000e-09	7.500000e-01	-1.42463e-09	
76	6.350000e-09	7.500000e-01	1.402274e-09	
77	6.450000e-09	7.500000e-01	-1.38028e-09	
78	6.550000e-09	7.500000e-01	1.358635e-09	
79	6.650000e-09	7.500000e-01	-1.33734e-09	
80	6.750000e-09	7.500000e-01	1.316384e-09	
81	6.850000e-09	7.500000e-01	-1.29577e-09	
82	6.950000e-09	7.500000e-01	1.275478e-09	
83	7.050000e-09	7.500000e-01	-1.25552e-09	
84	7.150000e-09	7.500000e-01	1.235874e-09	
85	7.250000e-09	7.500000e-01	-1.21655e-09	
86	7.350000e-09	7.500000e-01	1.197529e-09	
87	7.450000e-09	7.500000e-01	-1.17882e-09	
88	7.550000e-09	7.500000e-01	1.160403e-09	
89	7.650000e-09	7.500000e-01	-1.14229e-09	
90	7.750000e-09	7.500000e-01	1.124458e-09	
91	7.850000e-09	7.500000e-01	-1.10692e-09	
92	7.950000e-09	7.500000e-01	1.089654e-09	
93	8.050000e-09	7.500000e-01	-1.07267e-09	
94	8.150000e-09	7.500000e-01	1.055955e-09	
95	8.250000e-09	7.500000e-01	-1.03951e-09	
96	8.350000e-09	7.500000e-01	1.023327e-09	
97	8.450000e-09	7.500000e-01	-1.00740e-09	
98	8.550000e-09	7.500000e-01	9.917337e-10	
99	8.650000e-09	7.500000e-01	-9.76315e-10	
100	8.750000e-09	7.500000e-01	9.611430e-10	
101	8.850000e-09	7.500000e-01	-9.46213e-10	
102	8.950000e-09	7.500000e-01	9.315223e-10	
103	9.050000e-09	7.500000e-01	-9.17066e-10	
104	9.150000e-09	7.500000e-01	9.028407e-10	
105	9.250000e-09	7.500000e-01	-8.88842e-10	
106	9.350000e-09	7.500000e-01	8.750678e-10	
107	9.450000e-09	7.500000e-01	-8.61513e-10	
108	9.550000e-09	7.500000e-01	8.481747e-10	
109	9.650000e-09	7.500000e-01	-8.35049e-10	
110	9.750000e-09	7.500000e-01	8.221331e-10	
111	9.850000e-09	7.500000e-01	-8.09423e-10	
112	9.925000e-09	7.500000e-01	7.927907e-10	

Index   time            v(g)            vg#branch       
--------------------------------------------------------------------------------
113	1.000000e-08	7.500000e-01	-7.76511e-10	
114	1.001000e-08	7.500000e-01	-2.90319e-11	
115	1.003000e-08	7.500000e-01	2.679216e-11	
116	1.007000e-08	7.500000e-01	-2.57393e-11	
117	1.015000e-08	7.500000e-01	2.522874e-11	
118	1.025000e-08	7.500000e-01	-2.48277e-11	
119	1.035000e-08	7.500000e-01	2.443318e-11	
120	1.045000e-08	7.500000e-01	-2.40450e-11	
121	1.055000e-08	7.500000e-01	2.366310e-11	
122	1.065000e-08	7.500000e-01	-2.32873e-11	
123	1.075000e-08	7.500000e-01	2.291766e-11	
124	1.085000e-08	7.500000e-01	-2.25539e-11	
125	1.095000e-08	7.500000e-01	2.219607e-11	
126	1.105000e-08	7.500000e-01	-2.18440e-11	
127	1.115000e-08	7.500000e-01	2.149758e-11	
128	1.125000e-08	7.500000e-01	-2.11568e-11	
129	1.135000e-08	7.500000e-01	2.082142e-11	
130	1.145000e-08	7.500000e-01	-2.04915e-11	
131	1.155000e-08	7.500000e-01	2.016689e-11	
132	1.165000e-08	7.500000e-01	-1.98475e-11	
133	1.175000e-08	7.500000e-01	1.953329e-11	
134	1.185000e-08	7.500000e-01	-1.92241e-11	
135	1.195000e-08	7.500000e-01	1.891993e-11	
136	1.205000e-08	7.500000e-01	-1.86206e-11	
137	1.215000e-08	7.500000e-01	1.832618e-11	
138	1.225000e-08	7.500000e-01	-1.80365e-11	
139	1.235000e-08	7.500000e-01	1.775140e-11	
140	1.245000e-08	7.500000e-01	-1.74709e-11	
141	1.255000e-08	7.500000e-01	1.719498e-11	
142	1.265000e-08	7.500000e-01	-1.69235e-11	
143	1.275000e-08	7.500000e-01	1.665632e-11	
144	1.285000e-08	7.500000e-01	-1.63935e-11	
145	1.295000e-08	7.500000e-01	1.613486e-11	
146	1.305000e-08	7.500000e-01	-1.58804e-11	
147	1.315000e-08	7.500000e-01	1.563005e-11	
148	1.325000e-08	7.500000e-01	-1.53837e-11	
149	1.335000e-08	7.500000e-01	1.514134e-11	
150	1.345000e-08	7.500000e-01	-1.49029e-11	
151	1.355000e-08	7.500000e-01	1.466822e-11	
152	1.365000e-08	7.500000e-01	-1.44374e-11	
153	1.375000e-08	7.500000e-01	1.421019e-11	
154	1.385000e-08	7.500000e-01	-1.39867e-11	
155	1.395000e-08	7.500000e-01	1.376676e-11	
156	1.405000e-08	7.500000e-01	-1.35504e-11	
157	1.415000e-08	7.500000e-01	1.333747e-11	
158	1.425000e-08	7.500000e-01	-1.31280e-11	
159	1.435000e-08	7.500000e-01	1.292185e-11	
160	1.445000e-08	7.500000e-01	-1.27190e-11	
161	1.455000e-08	7.500000e-01	1.251947e-11	
162	1.465000e-08	7.500000e-01	-1.23231e-11	
163	1.475000e-08	7.500000e-01	1.212990e-11	
164	1.485000e-08	7.500000e-01	-1.19398e-11	
165	1.495000e-08	7.500000e-01	1.175274e-11	
166	1.505000e-08	7.500000e-01	-1.15687e-11	
167	1.515000e-08	7.500000e-01	1.138758e-11	
168	1.525000e-08	7.500000e-01	-1.12094e-11	
169	1.535000e-08	7.500000e-01	1.103403e-11	
170	1.545000e-08	7.500000e-01	-1.08615e-11	

Index   time            v(g)            vg#branch       
--------------------------------------------------------------------------------
171	1.555000e-08	7.500000e-01	1.069173e-11	
172	1.565000e-08	7.500000e-01	-1.05247e-11	
173	1.575000e-08	7.500000e-01	1.036031e-11	
174	1.585000e-08	7.500000e-01	-1.01986e-11	
175	1.595000e-08	7.500000e-01	1.003942e-11	
176	1.605000e-08	7.500000e-01	-9.88282e-12	
177	1.615000e-08	7.500000e-01	9.728727e-12	
178	1.625000e-08	7.500000e-01	-9.57710e-12	
179	1.635000e-08	7.500000e-01	9.427901e-12	
180	1.645000e-08	7.500000e-01	-9.28109e-12	
181	1.655000e-08	7.500000e-01	9.136625e-12	
182	1.665000e-08	7.500000e-01	-8.99447e-12	
183	1.675000e-08	7.500000e-01	8.854592e-12	
184	1.685000e-08	7.500000e-01	-8.71695e-12	
185	1.695000e-08	7.500000e-01	8.581506e-12	
186	1.705000e-08	7.500000e-01	-8.44823e-12	
187	1.715000e-08	7.500000e-01	8.317080e-12	
188	1.725000e-08	7.500000e-01	-8.18803e-12	
189	1.735000e-08	7.500000e-01	8.061036e-12	
190	1.745000e-08	7.500000e-01	-7.93607e-12	
191	1.755000e-08	7.500000e-01	7.813104e-12	
192	1.765000e-08	7.500000e-01	-7.69210e-12	
193	1.775000e-08	7.500000e-01	7.573026e-12	
194	1.785000e-08	7.500000e-01	-7.45585e-12	
195	1.795000e-08	7.500000e-01	7.340547e-12	
196	1.805000e-08	7.500000e-01	-7.22708e-12	
197	1.815000e-08	7.500000e-01	7.115426e-12	
198	1.825000e-08	7.500000e-01	-7.00555e-12	
199	1.835000e-08	7.500000e-01	6.897426e-12	
200	1.845000e-08	7.500000e-01	-6.79103e-12	
201	1.855000e-08	7.500000e-01	6.686319e-12	
202	1.865000e-08	7.500000e-01	-6.58328e-12	
203	1.875000e-08	7.500000e-01	6.481884e-12	
204	1.885000e-08	7.500000e-01	-6.38210e-12	
205	1.895000e-08	7.500000e-01	6.283907e-12	
206	1.905000e-08	7.500000e-01	-6.18728e-12	
207	1.915000e-08	7.500000e-01	6.092181e-12	
208	1.925000e-08	7.500000e-01	-5.99860e-12	
209	1.935000e-08	7.500000e-01	5.906506e-12	
210	1.945000e-08	7.500000e-01	-5.81588e-12	
211	1.955000e-08	7.500000e-01	5.726688e-12	
212	1.965000e-08	7.500000e-01	-5.63892e-12	
213	1.975000e-08	7.500000e-01	5.552540e-12	
214	1.985000e-08	7.500000e-01	-5.46754e-12	
215	1.992500e-08	7.500000e-01	5.356289e-12	
216	2.000000e-08	7.500000e-01	-5.24739e-12	


Total analysis time (seconds) = 0.0113991

Total elapsed time (seconds) = 0.016 

Total DRAM available = 386307.215 MB.
DRAM currently available = 28069.734 MB.
Maximum ngspice program size =  529.719 MB.
Current ngspice program size =   14.000 MB.

Shared ngspice pages =   12.242 MB.
Text (code) pages =    6.266 MB.
Stack = 0 bytes.
Library pages =   59.137 MB.

