
Note: No compatibility mode selected!


Circuit: * id-vd sweep vgs=0.8625v

Warning: Model issue on line 7 :
  .model nfet bsimcmg_va type=1 bulkmod=0 bulkmod=0 igcmod=0 igbmod=0 gidl ...
unrecognized parameter (sasatcv) - ignored

Doing analysis at TEMP = 27.000000 and TNOM = 27.000000

Using SPARSE 1.3 as Direct Linear Solver

No. of Data Rows : 101
                           * id-vd sweep vgs=0.8625v
                           DC transfer characteristic  Tue Jun 23 14:40:35  2026
--------------------------------------------------------------------------------
Index   v-sweep         vd#branch       v(d)            
--------------------------------------------------------------------------------
0	0.000000e+00	0.000000e+00	0.000000e+00	
1	7.500000e-03	-3.78749e-07	7.500000e-03	
2	1.500000e-02	-7.54114e-07	1.500000e-02	
3	2.250000e-02	-1.12402e-06	2.250000e-02	
4	3.000000e-02	-1.48588e-06	3.000000e-02	
5	3.750000e-02	-1.83682e-06	3.750000e-02	
6	4.500000e-02	-2.17384e-06	4.500000e-02	
7	5.250000e-02	-2.49403e-06	5.250000e-02	
8	6.000000e-02	-2.79473e-06	6.000000e-02	
9	6.750000e-02	-3.07342e-06	6.750000e-02	
10	7.500000e-02	-3.32775e-06	7.500000e-02	
11	8.250000e-02	-3.55597e-06	8.250000e-02	
12	9.000000e-02	-3.75746e-06	9.000000e-02	
13	9.750000e-02	-3.93314e-06	9.750000e-02	
14	1.050000e-01	-4.08525e-06	1.050000e-01	
15	1.125000e-01	-4.21682e-06	1.125000e-01	
16	1.200000e-01	-4.33106e-06	1.200000e-01	
17	1.275000e-01	-4.43094e-06	1.275000e-01	
18	1.350000e-01	-4.51905e-06	1.350000e-01	
19	1.425000e-01	-4.60199e-06	1.425000e-01	
20	1.500000e-01	-4.67171e-06	1.500000e-01	
21	1.575000e-01	-4.73487e-06	1.575000e-01	
22	1.650000e-01	-4.79259e-06	1.650000e-01	
23	1.725000e-01	-4.84570e-06	1.725000e-01	
24	1.800000e-01	-4.89484e-06	1.800000e-01	
25	1.875000e-01	-4.94055e-06	1.875000e-01	
26	1.950000e-01	-4.98328e-06	1.950000e-01	
27	2.025000e-01	-5.02337e-06	2.025000e-01	
28	2.100000e-01	-5.06113e-06	2.100000e-01	
29	2.175000e-01	-5.09681e-06	2.175000e-01	
30	2.250000e-01	-5.13063e-06	2.250000e-01	
31	2.325000e-01	-5.16277e-06	2.325000e-01	
32	2.400000e-01	-5.19338e-06	2.400000e-01	
33	2.475000e-01	-5.22261e-06	2.475000e-01	
34	2.550000e-01	-5.25058e-06	2.550000e-01	
35	2.625000e-01	-5.27738e-06	2.625000e-01	
36	2.700000e-01	-5.30311e-06	2.700000e-01	
37	2.775000e-01	-5.32786e-06	2.775000e-01	
38	2.850000e-01	-5.35169e-06	2.850000e-01	
39	2.925000e-01	-5.37467e-06	2.925000e-01	
40	3.000000e-01	-5.39685e-06	3.000000e-01	
41	3.075000e-01	-5.41830e-06	3.075000e-01	
42	3.150000e-01	-5.43905e-06	3.150000e-01	
43	3.225000e-01	-5.45916e-06	3.225000e-01	
44	3.300000e-01	-5.47865e-06	3.300000e-01	
45	3.375000e-01	-5.49757e-06	3.375000e-01	
46	3.450000e-01	-5.51595e-06	3.450000e-01	
47	3.525000e-01	-5.53382e-06	3.525000e-01	
48	3.600000e-01	-5.55120e-06	3.600000e-01	
49	3.675000e-01	-5.56812e-06	3.675000e-01	
50	3.750000e-01	-5.58461e-06	3.750000e-01	
51	3.825000e-01	-5.60069e-06	3.825000e-01	
52	3.900000e-01	-5.61637e-06	3.900000e-01	
53	3.975000e-01	-5.63167e-06	3.975000e-01	
54	4.050000e-01	-5.64662e-06	4.050000e-01	

Index   v-sweep         vd#branch       v(d)            
--------------------------------------------------------------------------------
55	4.125000e-01	-5.66123e-06	4.125000e-01	
56	4.200000e-01	-5.67551e-06	4.200000e-01	
57	4.275000e-01	-5.68949e-06	4.275000e-01	
58	4.350000e-01	-5.70316e-06	4.350000e-01	
59	4.425000e-01	-5.71654e-06	4.425000e-01	
60	4.500000e-01	-5.72965e-06	4.500000e-01	
61	4.575000e-01	-5.74250e-06	4.575000e-01	
62	4.650000e-01	-5.75510e-06	4.650000e-01	
63	4.725000e-01	-5.76745e-06	4.725000e-01	
64	4.800000e-01	-5.77957e-06	4.800000e-01	
65	4.875000e-01	-5.79146e-06	4.875000e-01	
66	4.950000e-01	-5.80313e-06	4.950000e-01	
67	5.025000e-01	-5.81460e-06	5.025000e-01	
68	5.100000e-01	-5.82586e-06	5.100000e-01	
69	5.175000e-01	-5.83693e-06	5.175000e-01	
70	5.250000e-01	-5.84781e-06	5.250000e-01	
71	5.325000e-01	-5.85851e-06	5.325000e-01	
72	5.400000e-01	-5.86903e-06	5.400000e-01	
73	5.475000e-01	-5.87938e-06	5.475000e-01	
74	5.550000e-01	-5.88957e-06	5.550000e-01	
75	5.625000e-01	-5.89959e-06	5.625000e-01	
76	5.700000e-01	-5.90946e-06	5.700000e-01	
77	5.775000e-01	-5.91918e-06	5.775000e-01	
78	5.850000e-01	-5.92876e-06	5.850000e-01	
79	5.925000e-01	-5.93819e-06	5.925000e-01	
80	6.000000e-01	-5.94749e-06	6.000000e-01	
81	6.075000e-01	-5.95665e-06	6.075000e-01	
82	6.150000e-01	-5.96569e-06	6.150000e-01	
83	6.225000e-01	-5.97459e-06	6.225000e-01	
84	6.300000e-01	-5.98338e-06	6.300000e-01	
85	6.375000e-01	-5.99205e-06	6.375000e-01	
86	6.450000e-01	-6.00060e-06	6.450000e-01	
87	6.525000e-01	-6.00903e-06	6.525000e-01	
88	6.600000e-01	-6.01736e-06	6.600000e-01	
89	6.675000e-01	-6.02558e-06	6.675000e-01	
90	6.750000e-01	-6.03370e-06	6.750000e-01	
91	6.825000e-01	-6.04171e-06	6.825000e-01	
92	6.900000e-01	-6.04963e-06	6.900000e-01	
93	6.975000e-01	-6.05745e-06	6.975000e-01	
94	7.050000e-01	-6.06517e-06	7.050000e-01	
95	7.125000e-01	-6.07280e-06	7.125000e-01	
96	7.200000e-01	-6.08035e-06	7.200000e-01	
97	7.275000e-01	-6.08780e-06	7.275000e-01	
98	7.350000e-01	-6.09517e-06	7.350000e-01	
99	7.425000e-01	-6.10245e-06	7.425000e-01	
100	7.500000e-01	-6.10966e-06	7.500000e-01	


Total analysis time (seconds) = 0.00541317

Total elapsed time (seconds) = 0.010 

Total DRAM available = 386307.215 MB.
DRAM currently available = 28069.980 MB.
Maximum ngspice program size =  529.719 MB.
Current ngspice program size =   14.090 MB.

Shared ngspice pages =   12.320 MB.
Text (code) pages =    6.266 MB.
Stack = 0 bytes.
Library pages =   59.137 MB.

