
Note: No compatibility mode selected!


Circuit: * 1t1c ccell=30.0ff

Doing analysis at TEMP = -40.000000 and TNOM = 27.000000

Using SPARSE 1.3 as Direct Linear Solver

Initial Transient Solution
--------------------------

Node                                   Voltage
----                                   -------
pre                                       0.45
bl                                        0.45
wl                                           0
plate                                        0
s                                            0
cell                                         0
vs#branch                                    0
vpl#branch                                   0
vwl#branch                                   0
vpre#branch                                  0


No. of Data Rows : 832

  Measurements for Transient Analysis

t_write             =  1.90024e-09
t_read              =  2.25816e-08
i_hold              =  -3.18851e-11 from=  2.50000e-08 to=  3.50250e-08
q_read              =   3.44508e-18 from=  1.20000e-08 to=  2.20000e-08

                              * 1t1c ccell=30.0ff
                              Transient Analysis  Tue Jun 23 16:37:11  2026
--------------------------------------------------------------------------------
Index   time            v(cell)         v(bl)           vpre#branch     
--------------------------------------------------------------------------------
0	0.000000e+00	0.000000e+00	4.500000e-01	0.000000e+00	
1	5.000000e-13	4.058565e-15	4.500000e-01	-1.62142e-19	
2	1.000000e-12	8.117073e-15	4.500000e-01	-3.15140e-19	
3	2.000000e-12	1.623408e-14	4.500000e-01	-6.20933e-19	
4	4.000000e-12	3.246810e-14	4.500000e-01	-1.23139e-18	
5	8.000000e-12	6.493614e-14	4.500000e-01	-2.44775e-18	
6	1.600000e-11	1.298722e-13	4.500000e-01	-4.86208e-18	
7	3.200000e-11	2.597444e-13	4.500000e-01	-9.61863e-18	
8	6.400000e-11	5.194887e-13	4.500000e-01	-1.88505e-17	
9	1.140000e-10	9.253391e-13	4.500000e-01	-3.25537e-17	
10	1.640000e-10	1.331190e-12	4.500000e-01	-4.54210e-17	
11	2.140000e-10	1.737040e-12	4.500000e-01	-5.75036e-17	
12	2.640000e-10	2.142891e-12	4.500000e-01	-6.88489e-17	
13	3.140000e-10	2.548741e-12	4.500000e-01	-7.95024e-17	
14	3.640000e-10	2.954591e-12	4.500000e-01	-8.95066e-17	
15	4.140000e-10	3.360442e-12	4.500000e-01	-9.89007e-17	
16	4.640000e-10	3.766292e-12	4.500000e-01	-1.07722e-16	
17	5.140000e-10	4.172143e-12	4.500000e-01	-1.16005e-16	
18	5.640000e-10	4.577993e-12	4.500000e-01	-1.23783e-16	
19	6.140000e-10	4.983844e-12	4.500000e-01	-1.31086e-16	
20	6.640000e-10	5.389694e-12	4.500000e-01	-1.37945e-16	
21	7.140000e-10	5.795545e-12	4.500000e-01	-1.44385e-16	
22	7.640000e-10	6.201395e-12	4.500000e-01	-1.50432e-16	
23	8.140000e-10	6.607246e-12	4.500000e-01	-1.56111e-16	
24	8.640000e-10	7.013096e-12	4.500000e-01	-1.61443e-16	
25	9.140000e-10	7.418946e-12	4.500000e-01	-1.66450e-16	
26	9.570000e-10	7.767978e-12	4.500000e-01	-1.70511e-16	
27	1.000000e-09	8.117009e-12	4.500000e-01	-1.74359e-16	
28	1.005000e-09	4.498815e-03	4.500000e-01	-1.74554e-16	
29	1.015000e-09	1.349643e-02	4.500000e-01	-1.74540e-16	
30	1.035000e-09	3.149166e-02	4.500000e-01	-1.72638e-16	
31	1.075000e-09	6.748213e-02	4.500000e-01	-1.64942e-16	
32	1.125000e-09	1.124702e-01	4.500000e-01	-1.53786e-16	
33	1.175000e-09	1.574583e-01	4.500000e-01	-1.44299e-16	
34	1.225000e-09	2.024464e-01	4.500000e-01	-1.36086e-16	
35	1.275000e-09	2.474344e-01	4.500000e-01	-1.28347e-16	
36	1.325000e-09	2.924225e-01	4.500000e-01	-1.21053e-16	
37	1.375000e-09	3.374106e-01	4.500000e-01	-1.14173e-16	
38	1.425000e-09	3.823987e-01	4.500000e-01	-1.07679e-16	
39	1.475000e-09	4.273868e-01	4.500000e-01	-1.01537e-16	
40	1.525000e-09	4.723748e-01	4.500000e-01	-9.56798e-17	
41	1.575000e-09	5.173629e-01	4.500000e-01	-8.97360e-17	
42	1.625000e-09	5.623510e-01	4.500000e-01	-8.37714e-17	
43	1.675000e-09	6.073391e-01	4.500000e-01	-7.81553e-17	
44	1.725000e-09	6.523272e-01	4.500000e-01	-7.28540e-17	
45	1.775000e-09	6.973152e-01	4.500000e-01	-6.78495e-17	
46	1.825000e-09	7.423033e-01	4.500000e-01	-6.31242e-17	
47	1.875000e-09	7.872914e-01	4.500000e-01	-5.86619e-17	
48	1.925000e-09	8.322795e-01	4.500000e-01	-5.44474e-17	
49	1.962500e-09	8.660206e-01	4.500000e-01	-5.14407e-17	
50	2.000000e-09	8.997616e-01	4.500000e-01	-4.85590e-17	
51	2.005000e-09	8.997616e-01	4.500000e-01	-4.81852e-17	
52	2.015000e-09	8.997616e-01	4.500000e-01	-4.74425e-17	
53	2.035000e-09	8.997616e-01	4.500000e-01	-4.59849e-17	
54	2.075000e-09	8.997616e-01	4.500000e-01	-4.31762e-17	

Index   time            v(cell)         v(bl)           vpre#branch     
--------------------------------------------------------------------------------
55	2.125000e-09	8.997616e-01	4.500000e-01	-3.98582e-17	
56	2.175000e-09	8.997616e-01	4.500000e-01	-3.67434e-17	
57	2.225000e-09	8.997616e-01	4.500000e-01	-3.38186e-17	
58	2.275000e-09	8.997616e-01	4.500000e-01	-3.10722e-17	
59	2.325000e-09	8.997616e-01	4.500000e-01	-2.84928e-17	
60	2.375000e-09	8.997616e-01	4.500000e-01	-2.60707e-17	
61	2.425000e-09	8.997616e-01	4.500000e-01	-2.37967e-17	
62	2.475000e-09	8.997616e-01	4.500000e-01	-2.16615e-17	
63	2.525000e-09	8.997616e-01	4.500000e-01	-1.96564e-17	
64	2.575000e-09	8.997616e-01	4.500000e-01	-1.77732e-17	
65	2.625000e-09	8.997616e-01	4.500000e-01	-1.60044e-17	
66	2.675000e-09	8.997616e-01	4.500000e-01	-1.43435e-17	
67	2.725000e-09	8.997616e-01	4.500000e-01	-1.27843e-17	
68	2.775000e-09	8.997616e-01	4.500000e-01	-1.13206e-17	
69	2.825000e-09	8.997616e-01	4.500000e-01	-9.94612e-18	
70	2.875000e-09	8.997616e-01	4.500000e-01	-8.65549e-18	
71	2.925000e-09	8.997616e-01	4.500000e-01	-7.44316e-18	
72	2.975000e-09	8.997616e-01	4.500000e-01	-6.30475e-18	
73	3.025000e-09	8.997616e-01	4.500000e-01	-5.23619e-18	
74	3.075000e-09	8.997616e-01	4.500000e-01	-4.23237e-18	
75	3.125000e-09	8.997616e-01	4.500000e-01	-3.28936e-18	
76	3.175000e-09	8.997616e-01	4.500000e-01	-2.40386e-18	
77	3.225000e-09	8.997616e-01	4.500000e-01	-1.57277e-18	
78	3.275000e-09	8.997616e-01	4.500000e-01	-7.92774e-19	
79	3.325000e-09	8.997616e-01	4.500000e-01	-5.99342e-20	
80	3.375000e-09	8.997616e-01	4.500000e-01	6.282156e-19	
81	3.425000e-09	8.997616e-01	4.500000e-01	1.273986e-18	
82	3.475000e-09	8.997616e-01	4.500000e-01	1.880790e-18	
83	3.525000e-09	8.997616e-01	4.500000e-01	2.451002e-18	
84	3.575000e-09	8.997616e-01	4.500000e-01	2.986440e-18	
85	3.625000e-09	8.997616e-01	4.500000e-01	3.489225e-18	
86	3.675000e-09	8.997616e-01	4.500000e-01	3.961347e-18	
87	3.725000e-09	8.997616e-01	4.500000e-01	4.404680e-18	
88	3.775000e-09	8.997616e-01	4.500000e-01	4.820561e-18	
89	3.825000e-09	8.997616e-01	4.500000e-01	5.211082e-18	
90	3.875000e-09	8.997616e-01	4.500000e-01	5.577788e-18	
91	3.925000e-09	8.997616e-01	4.500000e-01	5.922132e-18	
92	3.975000e-09	8.997616e-01	4.500000e-01	6.245888e-18	
93	4.025000e-09	8.997616e-01	4.500000e-01	6.549901e-18	
94	4.075000e-09	8.997616e-01	4.500000e-01	6.834961e-18	
95	4.125000e-09	8.997616e-01	4.500000e-01	7.102638e-18	
96	4.175000e-09	8.997616e-01	4.500000e-01	7.353991e-18	
97	4.225000e-09	8.997616e-01	4.500000e-01	7.589603e-18	
98	4.275000e-09	8.997616e-01	4.500000e-01	7.811257e-18	
99	4.325000e-09	8.997616e-01	4.500000e-01	8.019394e-18	
100	4.375000e-09	8.997616e-01	4.500000e-01	8.214426e-18	
101	4.425000e-09	8.997616e-01	4.500000e-01	8.397978e-18	
102	4.475000e-09	8.997616e-01	4.500000e-01	8.570750e-18	
103	4.525000e-09	8.997616e-01	4.500000e-01	8.732572e-18	
104	4.575000e-09	8.997616e-01	4.500000e-01	8.884524e-18	
105	4.625000e-09	8.997616e-01	4.500000e-01	9.027210e-18	
106	4.675000e-09	8.997616e-01	4.500000e-01	9.160780e-18	
107	4.725000e-09	8.997616e-01	4.500000e-01	9.286619e-18	
108	4.775000e-09	8.997616e-01	4.500000e-01	9.404785e-18	
109	4.825000e-09	8.997616e-01	4.500000e-01	9.515332e-18	
110	4.875000e-09	8.997616e-01	4.500000e-01	9.619550e-18	
111	4.925000e-09	8.997616e-01	4.500000e-01	9.717413e-18	
112	4.975000e-09	8.997616e-01	4.500000e-01	9.809307e-18	

Index   time            v(cell)         v(bl)           vpre#branch     
--------------------------------------------------------------------------------
113	5.025000e-09	8.997616e-01	4.500000e-01	9.895596e-18	
114	5.075000e-09	8.997616e-01	4.500000e-01	9.976210e-18	
115	5.125000e-09	8.997616e-01	4.500000e-01	1.005191e-17	
116	5.175000e-09	8.997616e-01	4.500000e-01	1.012299e-17	
117	5.225000e-09	8.997616e-01	4.500000e-01	1.019015e-17	
118	5.275000e-09	8.997616e-01	4.500000e-01	1.025322e-17	
119	5.325000e-09	8.997616e-01	4.500000e-01	1.031244e-17	
120	5.375000e-09	8.997616e-01	4.500000e-01	1.036846e-17	
121	5.425000e-09	8.997616e-01	4.500000e-01	1.042065e-17	
122	5.475000e-09	8.997616e-01	4.500000e-01	1.046924e-17	
123	5.525000e-09	8.997616e-01	4.500000e-01	1.051487e-17	
124	5.575000e-09	8.997616e-01	4.500000e-01	1.055814e-17	
125	5.625000e-09	8.997616e-01	4.500000e-01	1.059918e-17	
126	5.675000e-09	8.997616e-01	4.500000e-01	1.063730e-17	
127	5.725000e-09	8.997616e-01	4.500000e-01	1.067309e-17	
128	5.775000e-09	8.997616e-01	4.500000e-01	1.070712e-17	
129	5.825000e-09	8.997616e-01	4.500000e-01	1.073866e-17	
130	5.875000e-09	8.997616e-01	4.500000e-01	1.076827e-17	
131	5.925000e-09	8.997616e-01	4.500000e-01	1.079608e-17	
132	5.975000e-09	8.997616e-01	4.500000e-01	1.082220e-17	
133	6.025000e-09	8.997616e-01	4.500000e-01	1.084672e-17	
134	6.075000e-09	8.997616e-01	4.500000e-01	1.086933e-17	
135	6.125000e-09	8.997616e-01	4.500000e-01	1.089097e-17	
136	6.175000e-09	8.997616e-01	4.500000e-01	1.091130e-17	
137	6.225000e-09	8.997616e-01	4.500000e-01	1.092997e-17	
138	6.275000e-09	8.997616e-01	4.500000e-01	1.094751e-17	
139	6.325000e-09	8.997616e-01	4.500000e-01	1.096397e-17	
140	6.375000e-09	8.997616e-01	4.500000e-01	1.097943e-17	
141	6.425000e-09	8.997616e-01	4.500000e-01	1.099395e-17	
142	6.475000e-09	8.997616e-01	4.500000e-01	1.100759e-17	
143	6.525000e-09	8.997616e-01	4.500000e-01	1.102039e-17	
144	6.575000e-09	8.997616e-01	4.500000e-01	1.103241e-17	
145	6.625000e-09	8.997616e-01	4.500000e-01	1.104370e-17	
146	6.675000e-09	8.997616e-01	4.500000e-01	1.105430e-17	
147	6.725000e-09	8.997616e-01	4.500000e-01	1.106425e-17	
148	6.775000e-09	8.997616e-01	4.500000e-01	1.107401e-17	
149	6.825000e-09	8.997616e-01	4.500000e-01	1.108359e-17	
150	6.875000e-09	8.997616e-01	4.500000e-01	1.109258e-17	
151	6.925000e-09	8.997616e-01	4.500000e-01	1.110061e-17	
152	6.962500e-09	8.997616e-01	4.500000e-01	1.110661e-17	
153	7.000000e-09	8.997616e-01	4.500000e-01	1.111287e-17	
154	7.005000e-09	8.772675e-01	4.500000e-01	1.111232e-17	
155	7.015000e-09	8.322794e-01	4.500000e-01	1.110883e-17	
156	7.035000e-09	7.423033e-01	4.500000e-01	1.108731e-17	
157	7.067500e-09	5.960920e-01	4.500000e-01	1.101073e-17	
158	7.100000e-09	4.498808e-01	4.500000e-01	1.087464e-17	
159	7.105000e-09	4.498808e-01	4.500000e-01	1.080521e-17	
160	7.115000e-09	4.498808e-01	4.500000e-01	1.066735e-17	
161	7.135000e-09	4.498808e-01	4.500000e-01	1.039697e-17	
162	7.175000e-09	4.498808e-01	4.500000e-01	9.875304e-18	
163	7.225000e-09	4.498808e-01	4.500000e-01	9.259211e-18	
164	7.275000e-09	4.498808e-01	4.500000e-01	8.681759e-18	
165	7.325000e-09	4.498808e-01	4.500000e-01	8.139523e-18	
166	7.375000e-09	4.498808e-01	4.500000e-01	7.630351e-18	
167	7.425000e-09	4.498808e-01	4.500000e-01	7.152232e-18	
168	7.475000e-09	4.498808e-01	4.500000e-01	6.703270e-18	
169	7.525000e-09	4.498808e-01	4.500000e-01	6.281688e-18	
170	7.575000e-09	4.498808e-01	4.500000e-01	5.885814e-18	

Index   time            v(cell)         v(bl)           vpre#branch     
--------------------------------------------------------------------------------
171	7.625000e-09	4.498808e-01	4.500000e-01	5.514081e-18	
172	7.675000e-09	4.498808e-01	4.500000e-01	5.165018e-18	
173	7.725000e-09	4.498808e-01	4.500000e-01	4.837245e-18	
174	7.775000e-09	4.498808e-01	4.500000e-01	4.529460e-18	
175	7.825000e-09	4.498808e-01	4.500000e-01	4.240857e-18	
176	7.875000e-09	4.498808e-01	4.500000e-01	3.969851e-18	
177	7.925000e-09	4.498808e-01	4.500000e-01	3.714961e-18	
178	7.975000e-09	4.498808e-01	4.500000e-01	3.475199e-18	
179	8.025000e-09	4.498808e-01	4.500000e-01	3.250472e-18	
180	8.075000e-09	4.498808e-01	4.500000e-01	3.039866e-18	
181	8.125000e-09	4.498808e-01	4.500000e-01	2.841687e-18	
182	8.175000e-09	4.498808e-01	4.500000e-01	2.655596e-18	
183	8.225000e-09	4.498808e-01	4.500000e-01	2.480853e-18	
184	8.275000e-09	4.498808e-01	4.500000e-01	2.316767e-18	
185	8.325000e-09	4.498808e-01	4.500000e-01	2.162687e-18	
186	8.375000e-09	4.498808e-01	4.500000e-01	2.018003e-18	
187	8.425000e-09	4.498808e-01	4.500000e-01	1.882142e-18	
188	8.475000e-09	4.498808e-01	4.500000e-01	1.754566e-18	
189	8.525000e-09	4.498808e-01	4.500000e-01	1.634770e-18	
190	8.575000e-09	4.498808e-01	4.500000e-01	1.522282e-18	
191	8.625000e-09	4.498808e-01	4.500000e-01	1.416652e-18	
192	8.675000e-09	4.498808e-01	4.500000e-01	1.317465e-18	
193	8.725000e-09	4.498808e-01	4.500000e-01	1.224740e-18	
194	8.775000e-09	4.498808e-01	4.500000e-01	1.137670e-18	
195	8.825000e-09	4.498808e-01	4.500000e-01	1.055497e-18	
196	8.875000e-09	4.498808e-01	4.500000e-01	9.783355e-19	
197	8.925000e-09	4.498808e-01	4.500000e-01	9.058769e-19	
198	8.975000e-09	4.498808e-01	4.500000e-01	8.378388e-19	
199	9.025000e-09	4.498808e-01	4.500000e-01	7.743618e-19	
200	9.075000e-09	4.498808e-01	4.500000e-01	7.143424e-19	
201	9.125000e-09	4.498808e-01	4.500000e-01	6.575714e-19	
202	9.175000e-09	4.498808e-01	4.500000e-01	6.042629e-19	
203	9.225000e-09	4.498808e-01	4.500000e-01	5.542036e-19	
204	9.275000e-09	4.498808e-01	4.500000e-01	5.076110e-19	
205	9.325000e-09	4.498808e-01	4.500000e-01	4.638597e-19	
206	9.375000e-09	4.498808e-01	4.500000e-01	4.227761e-19	
207	9.425000e-09	4.498808e-01	4.500000e-01	3.841973e-19	
208	9.475000e-09	4.498808e-01	4.500000e-01	3.479734e-19	
209	9.525000e-09	4.498808e-01	4.500000e-01	3.139572e-19	
210	9.575000e-09	4.498808e-01	4.500000e-01	2.820156e-19	
211	9.625000e-09	4.498808e-01	4.500000e-01	2.520221e-19	
212	9.675000e-09	4.498808e-01	4.500000e-01	2.234455e-19	
213	9.725000e-09	4.498808e-01	4.500000e-01	1.966126e-19	
214	9.775000e-09	4.498808e-01	4.500000e-01	1.718286e-19	
215	9.825000e-09	4.498808e-01	4.500000e-01	1.485558e-19	
216	9.875000e-09	4.498808e-01	4.500000e-01	1.267001e-19	
217	9.925000e-09	4.498808e-01	4.500000e-01	1.061786e-19	
218	9.975000e-09	4.498808e-01	4.500000e-01	8.690856e-20	
219	1.002500e-08	4.498808e-01	4.500000e-01	6.922592e-20	
220	1.007500e-08	4.498808e-01	4.500000e-01	5.262192e-20	
221	1.012500e-08	4.498808e-01	4.500000e-01	3.661763e-20	
222	1.017500e-08	4.498808e-01	4.500000e-01	2.117582e-20	
223	1.022500e-08	4.498808e-01	4.500000e-01	6.675348e-21	
224	1.027500e-08	4.498808e-01	4.500000e-01	-6.94253e-21	
225	1.032500e-08	4.498808e-01	4.500000e-01	-1.97291e-20	
226	1.037500e-08	4.498808e-01	4.500000e-01	-3.13220e-20	
227	1.042500e-08	4.498808e-01	4.500000e-01	-4.17950e-20	
228	1.047500e-08	4.498808e-01	4.500000e-01	-5.20437e-20	

Index   time            v(cell)         v(bl)           vpre#branch     
--------------------------------------------------------------------------------
229	1.052500e-08	4.498808e-01	4.500000e-01	-6.20791e-20	
230	1.057500e-08	4.498808e-01	4.500000e-01	-7.10871e-20	
231	1.062500e-08	4.498808e-01	4.500000e-01	-7.95467e-20	
232	1.067500e-08	4.498808e-01	4.500000e-01	-8.74901e-20	
233	1.072500e-08	4.498808e-01	4.500000e-01	-9.49504e-20	
234	1.077500e-08	4.498808e-01	4.500000e-01	-1.01953e-19	
235	1.082500e-08	4.498808e-01	4.500000e-01	-1.08530e-19	
236	1.087500e-08	4.498808e-01	4.500000e-01	-1.15120e-19	
237	1.092500e-08	4.498808e-01	4.500000e-01	-1.21308e-19	
238	1.096250e-08	4.498808e-01	4.500000e-01	-1.25562e-19	
239	1.100000e-08	4.498808e-01	4.500000e-01	-1.29794e-19	
240	1.100500e-08	4.498820e-01	4.544717e-01	4.471705e-11	
241	1.101500e-08	4.498844e-01	4.633592e-01	1.335921e-10	
242	1.103500e-08	4.498891e-01	4.808030e-01	3.080297e-10	
243	1.107500e-08	4.498987e-01	5.144061e-01	6.440612e-10	
244	1.112500e-08	4.499106e-01	5.541047e-01	1.041047e-09	
245	1.117500e-08	4.499225e-01	5.913823e-01	1.413823e-09	
246	1.122500e-08	4.499344e-01	6.263866e-01	1.763866e-09	
247	1.127500e-08	4.499464e-01	6.592562e-01	2.092562e-09	
248	1.132500e-08	4.499583e-01	6.901213e-01	2.401213e-09	
249	1.137500e-08	4.499702e-01	7.191041e-01	2.691041e-09	
250	1.142500e-08	4.499821e-01	7.463195e-01	2.963195e-09	
251	1.147500e-08	4.499940e-01	7.718752e-01	3.218752e-09	
252	1.152500e-08	4.500060e-01	7.958725e-01	3.458725e-09	
253	1.157500e-08	4.500179e-01	8.184062e-01	3.684062e-09	
254	1.162500e-08	4.500298e-01	8.395658e-01	3.895658e-09	
255	1.167500e-08	4.500417e-01	8.594350e-01	4.094350e-09	
256	1.172500e-08	4.500536e-01	8.780922e-01	4.280922e-09	
257	1.177500e-08	4.500656e-01	8.956105e-01	4.456105e-09	
258	1.182500e-08	4.500775e-01	9.120554e-01	4.620554e-09	
259	1.187500e-08	4.500894e-01	9.274747e-01	4.774747e-09	
260	1.192500e-08	4.501014e-01	9.417720e-01	4.917720e-09	
261	1.196250e-08	4.501105e-01	9.515086e-01	5.015086e-09	
262	1.200000e-08	4.501199e-01	9.596541e-01	5.096541e-09	
263	1.200500e-08	4.501200e-01	9.561218e-01	5.061218e-09	
264	1.201500e-08	4.501202e-01	9.491067e-01	4.991067e-09	
265	1.203500e-08	4.501205e-01	9.353699e-01	4.853699e-09	
266	1.207500e-08	4.501212e-01	9.090265e-01	4.590265e-09	
267	1.212500e-08	4.501220e-01	8.781058e-01	4.281058e-09	
268	1.217500e-08	4.501228e-01	8.492677e-01	3.992677e-09	
269	1.222500e-08	4.501235e-01	8.223607e-01	3.723607e-09	
270	1.227500e-08	4.501241e-01	7.972473e-01	3.472473e-09	
271	1.232500e-08	4.501247e-01	7.738011e-01	3.238011e-09	
272	1.237500e-08	4.501253e-01	7.519059e-01	3.019059e-09	
273	1.242500e-08	4.501259e-01	7.314543e-01	2.814543e-09	
274	1.247500e-08	4.501264e-01	7.123471e-01	2.623471e-09	
275	1.252500e-08	4.501269e-01	6.944927e-01	2.444927e-09	
276	1.257500e-08	4.501274e-01	6.778061e-01	2.278061e-09	
277	1.262500e-08	4.501279e-01	6.622086e-01	2.122086e-09	
278	1.267500e-08	4.501283e-01	6.476270e-01	1.976270e-09	
279	1.272500e-08	4.501287e-01	6.339937e-01	1.839937e-09	
280	1.277500e-08	4.501292e-01	6.212454e-01	1.712454e-09	
281	1.282500e-08	4.501296e-01	6.093236e-01	1.593236e-09	
282	1.287500e-08	4.501300e-01	5.981736e-01	1.481736e-09	
283	1.292500e-08	4.501303e-01	5.877448e-01	1.377448e-09	
284	1.297500e-08	4.501307e-01	5.779898e-01	1.279898e-09	
285	1.302500e-08	4.501311e-01	5.688645e-01	1.188645e-09	
286	1.307500e-08	4.501314e-01	5.603279e-01	1.103279e-09	

Index   time            v(cell)         v(bl)           vpre#branch     
--------------------------------------------------------------------------------
287	1.312500e-08	4.501318e-01	5.523416e-01	1.023416e-09	
288	1.317500e-08	4.501321e-01	5.448700e-01	9.487001e-10	
289	1.322500e-08	4.501324e-01	5.378797e-01	8.787974e-10	
290	1.327500e-08	4.501327e-01	5.313397e-01	8.133975e-10	
291	1.332500e-08	4.501331e-01	5.252210e-01	7.522105e-10	
292	1.337500e-08	4.501334e-01	5.194966e-01	6.949660e-10	
293	1.342500e-08	4.501337e-01	5.141412e-01	6.414117e-10	
294	1.347500e-08	4.501340e-01	5.091312e-01	5.913119e-10	
295	1.352500e-08	4.501343e-01	5.044447e-01	5.444470e-10	
296	1.357500e-08	4.501346e-01	5.000612e-01	5.006116e-10	
297	1.362500e-08	4.501349e-01	4.959614e-01	4.596144e-10	
298	1.367500e-08	4.501351e-01	4.921277e-01	4.212767e-10	
299	1.372500e-08	4.501354e-01	4.885432e-01	3.854316e-10	
300	1.377500e-08	4.501357e-01	4.851924e-01	3.519236e-10	
301	1.382500e-08	4.501360e-01	4.820607e-01	3.206074e-10	
302	1.387500e-08	4.501362e-01	4.791348e-01	2.913477e-10	
303	1.392500e-08	4.501365e-01	4.764018e-01	2.640183e-10	
304	1.397500e-08	4.501367e-01	4.738502e-01	2.385015e-10	
305	1.402500e-08	4.501370e-01	4.714688e-01	2.146880e-10	
306	1.407500e-08	4.501372e-01	4.692476e-01	1.924762e-10	
307	1.412500e-08	4.501375e-01	4.671772e-01	1.717716e-10	
308	1.417500e-08	4.501377e-01	4.652487e-01	1.524873e-10	
309	1.422500e-08	4.501380e-01	4.634543e-01	1.345429e-10	
310	1.427500e-08	4.501382e-01	4.617865e-01	1.178654e-10	
311	1.432500e-08	4.501384e-01	4.602389e-01	1.023888e-10	
312	1.437500e-08	4.501386e-01	4.588055e-01	8.805476e-11	
313	1.442500e-08	4.501389e-01	4.574814e-01	7.481422e-11	
314	1.447500e-08	4.501391e-01	4.562629e-01	6.262940e-11	
315	1.452500e-08	4.501393e-01	4.551479e-01	5.147861e-11	
316	1.457500e-08	4.501395e-01	4.541401e-01	4.140053e-11	
317	1.462500e-08	4.501396e-01	4.532456e-01	3.245630e-11	
318	1.467500e-08	4.501398e-01	4.524735e-01	2.473459e-11	
319	1.472500e-08	4.501399e-01	4.518373e-01	1.837317e-11	
320	1.477500e-08	4.501400e-01	4.513420e-01	1.342044e-11	
321	1.482500e-08	4.501401e-01	4.509728e-01	9.728032e-12	
322	1.487500e-08	4.501402e-01	4.507078e-01	7.077928e-12	
323	1.492500e-08	4.501402e-01	4.505242e-01	5.242437e-12	
324	1.497500e-08	4.501402e-01	4.503976e-01	3.975916e-12	
325	1.502500e-08	4.501402e-01	4.503102e-01	3.102279e-12	
326	1.507500e-08	4.501403e-01	4.502500e-01	2.499733e-12	
327	1.512500e-08	4.501403e-01	4.502084e-01	2.084262e-12	
328	1.517500e-08	4.501403e-01	4.501798e-01	1.797857e-12	
329	1.522500e-08	4.501403e-01	4.501600e-01	1.600464e-12	
330	1.527500e-08	4.501403e-01	4.501464e-01	1.464440e-12	
331	1.532500e-08	4.501403e-01	4.501371e-01	1.370714e-12	
332	1.537500e-08	4.501403e-01	4.501306e-01	1.306139e-12	
333	1.542500e-08	4.501403e-01	4.501262e-01	1.261646e-12	
334	1.547500e-08	4.501403e-01	4.501231e-01	1.230993e-12	
335	1.552500e-08	4.501403e-01	4.501210e-01	1.209871e-12	
336	1.557500e-08	4.501403e-01	4.501195e-01	1.195317e-12	
337	1.562500e-08	4.501403e-01	4.501185e-01	1.185286e-12	
338	1.567500e-08	4.501403e-01	4.501178e-01	1.178372e-12	
339	1.572500e-08	4.501403e-01	4.501174e-01	1.173604e-12	
340	1.577500e-08	4.501403e-01	4.501170e-01	1.170315e-12	
341	1.582500e-08	4.501403e-01	4.501168e-01	1.168044e-12	
342	1.587500e-08	4.501403e-01	4.501166e-01	1.166476e-12	
343	1.592500e-08	4.501402e-01	4.501165e-01	1.165389e-12	
344	1.597500e-08	4.501402e-01	4.501165e-01	1.164637e-12	

Index   time            v(cell)         v(bl)           vpre#branch     
--------------------------------------------------------------------------------
345	1.602500e-08	4.501402e-01	4.501164e-01	1.164113e-12	
346	1.607500e-08	4.501402e-01	4.501164e-01	1.163748e-12	
347	1.612500e-08	4.501402e-01	4.501163e-01	1.163490e-12	
348	1.617500e-08	4.501402e-01	4.501163e-01	1.163309e-12	
349	1.622500e-08	4.501402e-01	4.501163e-01	1.163178e-12	
350	1.627500e-08	4.501402e-01	4.501163e-01	1.163084e-12	
351	1.632500e-08	4.501402e-01	4.501163e-01	1.163013e-12	
352	1.637500e-08	4.501402e-01	4.501163e-01	1.162960e-12	
353	1.642500e-08	4.501402e-01	4.501163e-01	1.162918e-12	
354	1.647500e-08	4.501402e-01	4.501163e-01	1.162885e-12	
355	1.652500e-08	4.501402e-01	4.501163e-01	1.162856e-12	
356	1.657500e-08	4.501402e-01	4.501163e-01	1.162832e-12	
357	1.662500e-08	4.501402e-01	4.501163e-01	1.162810e-12	
358	1.667500e-08	4.501402e-01	4.501163e-01	1.162790e-12	
359	1.672500e-08	4.501402e-01	4.501163e-01	1.162771e-12	
360	1.677500e-08	4.501402e-01	4.501163e-01	1.162753e-12	
361	1.682500e-08	4.501402e-01	4.501163e-01	1.162736e-12	
362	1.687500e-08	4.501402e-01	4.501163e-01	1.162719e-12	
363	1.692500e-08	4.501402e-01	4.501163e-01	1.162702e-12	
364	1.697500e-08	4.501402e-01	4.501163e-01	1.162686e-12	
365	1.702500e-08	4.501402e-01	4.501163e-01	1.162669e-12	
366	1.707500e-08	4.501402e-01	4.501163e-01	1.162653e-12	
367	1.712500e-08	4.501402e-01	4.501163e-01	1.162637e-12	
368	1.717500e-08	4.501402e-01	4.501163e-01	1.162621e-12	
369	1.722500e-08	4.501402e-01	4.501163e-01	1.162604e-12	
370	1.727500e-08	4.501402e-01	4.501163e-01	1.162589e-12	
371	1.732500e-08	4.501402e-01	4.501163e-01	1.162572e-12	
372	1.737500e-08	4.501402e-01	4.501163e-01	1.162557e-12	
373	1.742500e-08	4.501402e-01	4.501163e-01	1.162540e-12	
374	1.747500e-08	4.501402e-01	4.501163e-01	1.162525e-12	
375	1.752500e-08	4.501402e-01	4.501163e-01	1.162508e-12	
376	1.757500e-08	4.501402e-01	4.501162e-01	1.162493e-12	
377	1.762500e-08	4.501402e-01	4.501162e-01	1.162476e-12	
378	1.767500e-08	4.501402e-01	4.501162e-01	1.162460e-12	
379	1.772500e-08	4.501402e-01	4.501162e-01	1.162444e-12	
380	1.777500e-08	4.501402e-01	4.501162e-01	1.162428e-12	
381	1.782500e-08	4.501402e-01	4.501162e-01	1.162412e-12	
382	1.787500e-08	4.501402e-01	4.501162e-01	1.162396e-12	
383	1.792500e-08	4.501402e-01	4.501162e-01	1.162380e-12	
384	1.797500e-08	4.501402e-01	4.501162e-01	1.162364e-12	
385	1.802500e-08	4.501402e-01	4.501162e-01	1.162348e-12	
386	1.807500e-08	4.501402e-01	4.501162e-01	1.162332e-12	
387	1.812500e-08	4.501402e-01	4.501162e-01	1.162315e-12	
388	1.817500e-08	4.501402e-01	4.501162e-01	1.162300e-12	
389	1.822500e-08	4.501402e-01	4.501162e-01	1.162283e-12	
390	1.827500e-08	4.501402e-01	4.501162e-01	1.162268e-12	
391	1.832500e-08	4.501402e-01	4.501162e-01	1.162251e-12	
392	1.837500e-08	4.501402e-01	4.501162e-01	1.162236e-12	
393	1.842500e-08	4.501402e-01	4.501162e-01	1.162219e-12	
394	1.847500e-08	4.501402e-01	4.501162e-01	1.162204e-12	
395	1.852500e-08	4.501401e-01	4.501162e-01	1.162187e-12	
396	1.857500e-08	4.501401e-01	4.501162e-01	1.162172e-12	
397	1.862500e-08	4.501401e-01	4.501162e-01	1.162155e-12	
398	1.867500e-08	4.501401e-01	4.501162e-01	1.162140e-12	
399	1.872500e-08	4.501401e-01	4.501162e-01	1.162123e-12	
400	1.877500e-08	4.501401e-01	4.501162e-01	1.162107e-12	
401	1.882500e-08	4.501401e-01	4.501162e-01	1.162091e-12	
402	1.887500e-08	4.501401e-01	4.501162e-01	1.162075e-12	

Index   time            v(cell)         v(bl)           vpre#branch     
--------------------------------------------------------------------------------
403	1.892500e-08	4.501401e-01	4.501162e-01	1.162059e-12	
404	1.897500e-08	4.501401e-01	4.501162e-01	1.162043e-12	
405	1.902500e-08	4.501401e-01	4.501162e-01	1.162027e-12	
406	1.907500e-08	4.501401e-01	4.501162e-01	1.162011e-12	
407	1.912500e-08	4.501401e-01	4.501162e-01	1.161995e-12	
408	1.917500e-08	4.501401e-01	4.501162e-01	1.161979e-12	
409	1.922500e-08	4.501401e-01	4.501162e-01	1.161963e-12	
410	1.927500e-08	4.501401e-01	4.501162e-01	1.161947e-12	
411	1.932500e-08	4.501401e-01	4.501162e-01	1.161930e-12	
412	1.937500e-08	4.501401e-01	4.501162e-01	1.161915e-12	
413	1.942500e-08	4.501401e-01	4.501162e-01	1.161898e-12	
414	1.947500e-08	4.501401e-01	4.501162e-01	1.161883e-12	
415	1.952500e-08	4.501401e-01	4.501162e-01	1.161866e-12	
416	1.957500e-08	4.501401e-01	4.501162e-01	1.161851e-12	
417	1.962500e-08	4.501401e-01	4.501162e-01	1.161834e-12	
418	1.967500e-08	4.501401e-01	4.501162e-01	1.161819e-12	
419	1.972500e-08	4.501401e-01	4.501162e-01	1.161802e-12	
420	1.977500e-08	4.501401e-01	4.501162e-01	1.161787e-12	
421	1.982500e-08	4.501401e-01	4.501162e-01	1.161770e-12	
422	1.987500e-08	4.501401e-01	4.501162e-01	1.161755e-12	
423	1.992500e-08	4.501401e-01	4.501162e-01	1.161738e-12	
424	1.997500e-08	4.501401e-01	4.501162e-01	1.161722e-12	
425	2.002500e-08	4.501401e-01	4.501162e-01	1.161706e-12	
426	2.007500e-08	4.501401e-01	4.501162e-01	1.161690e-12	
427	2.012500e-08	4.501401e-01	4.501162e-01	1.161674e-12	
428	2.017500e-08	4.501401e-01	4.501162e-01	1.161658e-12	
429	2.022500e-08	4.501401e-01	4.501162e-01	1.161642e-12	
430	2.027500e-08	4.501401e-01	4.501162e-01	1.161626e-12	
431	2.032500e-08	4.501401e-01	4.501162e-01	1.161610e-12	
432	2.037500e-08	4.501401e-01	4.501162e-01	1.161594e-12	
433	2.042500e-08	4.501401e-01	4.501162e-01	1.161578e-12	
434	2.047500e-08	4.501401e-01	4.501162e-01	1.161562e-12	
435	2.052500e-08	4.501401e-01	4.501162e-01	1.161546e-12	
436	2.057500e-08	4.501401e-01	4.501162e-01	1.161530e-12	
437	2.062500e-08	4.501401e-01	4.501162e-01	1.161514e-12	
438	2.067500e-08	4.501401e-01	4.501161e-01	1.161498e-12	
439	2.072500e-08	4.501401e-01	4.501161e-01	1.161481e-12	
440	2.077500e-08	4.501401e-01	4.501161e-01	1.161466e-12	
441	2.082500e-08	4.501401e-01	4.501161e-01	1.161449e-12	
442	2.087500e-08	4.501401e-01	4.501161e-01	1.161434e-12	
443	2.092500e-08	4.501401e-01	4.501161e-01	1.161417e-12	
444	2.097500e-08	4.501401e-01	4.501161e-01	1.161402e-12	
445	2.102500e-08	4.501401e-01	4.501161e-01	1.161385e-12	
446	2.107500e-08	4.501401e-01	4.501161e-01	1.161370e-12	
447	2.112500e-08	4.501400e-01	4.501161e-01	1.161353e-12	
448	2.117500e-08	4.501400e-01	4.501161e-01	1.161338e-12	
449	2.122500e-08	4.501400e-01	4.501161e-01	1.161321e-12	
450	2.127500e-08	4.501400e-01	4.501161e-01	1.161306e-12	
451	2.132500e-08	4.501400e-01	4.501161e-01	1.161289e-12	
452	2.137500e-08	4.501400e-01	4.501161e-01	1.161274e-12	
453	2.142500e-08	4.501400e-01	4.501161e-01	1.161257e-12	
454	2.147500e-08	4.501400e-01	4.501161e-01	1.161241e-12	
455	2.152500e-08	4.501400e-01	4.501161e-01	1.161225e-12	
456	2.157500e-08	4.501400e-01	4.501161e-01	1.161209e-12	
457	2.162500e-08	4.501400e-01	4.501161e-01	1.161193e-12	
458	2.167500e-08	4.501400e-01	4.501161e-01	1.161177e-12	
459	2.172500e-08	4.501400e-01	4.501161e-01	1.161161e-12	
460	2.177500e-08	4.501400e-01	4.501161e-01	1.161145e-12	

Index   time            v(cell)         v(bl)           vpre#branch     
--------------------------------------------------------------------------------
461	2.182500e-08	4.501400e-01	4.501161e-01	1.161129e-12	
462	2.187500e-08	4.501400e-01	4.501161e-01	1.161113e-12	
463	2.192500e-08	4.501400e-01	4.501161e-01	1.161097e-12	
464	2.196250e-08	4.501400e-01	4.501161e-01	1.161085e-12	
465	2.200000e-08	4.501400e-01	4.501161e-01	1.161073e-12	
466	2.200500e-08	4.501388e-01	4.457150e-01	-4.28495e-11	
467	2.201500e-08	4.501364e-01	4.369825e-01	-1.30175e-10	
468	2.203500e-08	4.501315e-01	4.198916e-01	-3.01084e-10	
469	2.207500e-08	4.501218e-01	3.870274e-01	-6.29726e-10	
470	2.212500e-08	4.501096e-01	3.481783e-01	-1.01822e-09	
471	2.217500e-08	4.500975e-01	3.115659e-01	-1.38434e-09	
472	2.222500e-08	4.500854e-01	2.770216e-01	-1.72978e-09	
473	2.227500e-08	4.500733e-01	2.444160e-01	-2.05584e-09	
474	2.232500e-08	4.500613e-01	2.136503e-01	-2.36350e-09	
475	2.237500e-08	4.500493e-01	1.846440e-01	-2.65356e-09	
476	2.242500e-08	4.500374e-01	1.573233e-01	-2.92677e-09	
477	2.247500e-08	4.500254e-01	1.316143e-01	-3.18386e-09	
478	2.252500e-08	4.500135e-01	1.074403e-01	-3.42560e-09	
479	2.257500e-08	4.500016e-01	8.472227e-02	-3.65278e-09	
480	2.262500e-08	4.499897e-01	6.338009e-02	-3.86620e-09	
481	2.267500e-08	4.499777e-01	4.333478e-02	-4.06665e-09	
482	2.272500e-08	4.499658e-01	2.450980e-02	-4.25490e-09	
483	2.277500e-08	4.499539e-01	6.831921e-03	-4.43168e-09	
484	2.282500e-08	4.499420e-01	-9.76826e-03	-4.59768e-09	
485	2.287500e-08	4.499301e-01	-2.53562e-02	-4.75356e-09	
486	2.292500e-08	4.499181e-01	-3.99937e-02	-4.89994e-09	
487	2.296250e-08	4.499092e-01	-5.03814e-02	-5.00381e-09	
488	2.300000e-08	4.499003e-01	-6.02905e-02	-5.10290e-09	
489	2.300500e-08	4.499003e-01	-5.71007e-02	-5.07101e-09	
490	2.301500e-08	4.499003e-01	-5.07611e-02	-5.00761e-09	
491	2.303500e-08	4.499003e-01	-3.83183e-02	-4.88318e-09	
492	2.307500e-08	4.499003e-01	-1.43487e-02	-4.64349e-09	
493	2.312500e-08	4.499003e-01	1.396887e-02	-4.36031e-09	
494	2.317500e-08	4.499003e-01	4.055951e-02	-4.09440e-09	
495	2.322500e-08	4.499003e-01	6.552856e-02	-3.84471e-09	
496	2.327500e-08	4.499003e-01	8.897491e-02	-3.61025e-09	
497	2.332500e-08	4.499003e-01	1.109914e-01	-3.39009e-09	
498	2.337500e-08	4.499003e-01	1.316653e-01	-3.18335e-09	
499	2.342500e-08	4.499003e-01	1.510784e-01	-2.98922e-09	
500	2.347500e-08	4.499003e-01	1.693077e-01	-2.80692e-09	
501	2.352500e-08	4.499003e-01	1.864252e-01	-2.63575e-09	
502	2.357500e-08	4.499003e-01	2.024989e-01	-2.47501e-09	
503	2.362500e-08	4.499003e-01	2.175923e-01	-2.32408e-09	
504	2.367500e-08	4.499003e-01	2.317653e-01	-2.18235e-09	
505	2.372500e-08	4.499003e-01	2.450740e-01	-2.04926e-09	
506	2.377500e-08	4.499003e-01	2.575711e-01	-1.92429e-09	
507	2.382500e-08	4.499003e-01	2.693060e-01	-1.80694e-09	
508	2.387500e-08	4.499003e-01	2.803254e-01	-1.69675e-09	
509	2.392500e-08	4.499003e-01	2.906727e-01	-1.59327e-09	
510	2.397500e-08	4.499003e-01	3.003890e-01	-1.49611e-09	
511	2.402500e-08	4.499003e-01	3.095128e-01	-1.40487e-09	
512	2.407500e-08	4.499003e-01	3.180802e-01	-1.31920e-09	
513	2.412500e-08	4.499003e-01	3.261251e-01	-1.23875e-09	
514	2.417500e-08	4.499003e-01	3.336794e-01	-1.16321e-09	
515	2.422500e-08	4.499003e-01	3.407730e-01	-1.09227e-09	
516	2.427500e-08	4.499003e-01	3.474340e-01	-1.02566e-09	
517	2.432500e-08	4.499003e-01	3.536888e-01	-9.63112e-10	
518	2.437500e-08	4.499003e-01	3.595622e-01	-9.04378e-10	

Index   time            v(cell)         v(bl)           vpre#branch     
--------------------------------------------------------------------------------
519	2.442500e-08	4.499003e-01	3.650774e-01	-8.49226e-10	
520	2.447500e-08	4.499003e-01	3.702563e-01	-7.97437e-10	
521	2.452500e-08	4.499003e-01	3.751193e-01	-7.48807e-10	
522	2.457500e-08	4.499003e-01	3.796858e-01	-7.03142e-10	
523	2.462500e-08	4.499003e-01	3.839738e-01	-6.60262e-10	
524	2.467500e-08	4.499003e-01	3.880003e-01	-6.19997e-10	
525	2.472500e-08	4.499003e-01	3.917812e-01	-5.82188e-10	
526	2.477500e-08	4.499003e-01	3.953316e-01	-5.46684e-10	
527	2.482500e-08	4.499003e-01	3.986655e-01	-5.13345e-10	
528	2.487500e-08	4.499003e-01	4.017960e-01	-4.82040e-10	
529	2.492500e-08	4.499003e-01	4.047357e-01	-4.52643e-10	
530	2.497500e-08	4.499003e-01	4.074960e-01	-4.25040e-10	
531	2.502500e-08	4.499003e-01	4.100881e-01	-3.99119e-10	
532	2.507500e-08	4.499003e-01	4.125220e-01	-3.74780e-10	
533	2.512500e-08	4.499003e-01	4.148076e-01	-3.51924e-10	
534	2.517500e-08	4.499003e-01	4.169537e-01	-3.30463e-10	
535	2.522500e-08	4.499003e-01	4.189690e-01	-3.10310e-10	
536	2.527500e-08	4.499003e-01	4.208614e-01	-2.91386e-10	
537	2.532500e-08	4.499003e-01	4.226383e-01	-2.73617e-10	
538	2.537500e-08	4.499003e-01	4.243069e-01	-2.56931e-10	
539	2.542500e-08	4.499003e-01	4.258738e-01	-2.41262e-10	
540	2.547500e-08	4.499003e-01	4.273451e-01	-2.26549e-10	
541	2.552500e-08	4.499003e-01	4.287267e-01	-2.12733e-10	
542	2.557500e-08	4.499003e-01	4.300240e-01	-1.99760e-10	
543	2.562500e-08	4.499003e-01	4.312422e-01	-1.87578e-10	
544	2.567500e-08	4.499003e-01	4.323861e-01	-1.76139e-10	
545	2.572500e-08	4.499003e-01	4.334603e-01	-1.65397e-10	
546	2.577500e-08	4.499003e-01	4.344689e-01	-1.55311e-10	
547	2.582500e-08	4.499003e-01	4.354160e-01	-1.45840e-10	
548	2.587500e-08	4.499003e-01	4.363054e-01	-1.36946e-10	
549	2.592500e-08	4.499003e-01	4.371406e-01	-1.28594e-10	
550	2.597500e-08	4.499003e-01	4.379248e-01	-1.20752e-10	
551	2.602500e-08	4.499003e-01	4.386612e-01	-1.13388e-10	
552	2.607500e-08	4.499003e-01	4.393526e-01	-1.06474e-10	
553	2.612500e-08	4.499003e-01	4.400020e-01	-9.99805e-11	
554	2.617500e-08	4.499003e-01	4.406117e-01	-9.38833e-11	
555	2.622500e-08	4.499003e-01	4.411842e-01	-8.81580e-11	
556	2.627500e-08	4.499003e-01	4.417218e-01	-8.27819e-11	
557	2.632500e-08	4.499003e-01	4.422266e-01	-7.77335e-11	
558	2.637500e-08	4.499003e-01	4.427007e-01	-7.29931e-11	
559	2.642500e-08	4.499003e-01	4.431458e-01	-6.85417e-11	
560	2.647500e-08	4.499003e-01	4.435638e-01	-6.43618e-11	
561	2.652500e-08	4.499003e-01	4.439563e-01	-6.04368e-11	
562	2.657500e-08	4.499003e-01	4.443249e-01	-5.67512e-11	
563	2.662500e-08	4.499003e-01	4.446710e-01	-5.32903e-11	
564	2.667500e-08	4.499003e-01	4.449960e-01	-5.00405e-11	
565	2.672500e-08	4.499003e-01	4.453011e-01	-4.69888e-11	
566	2.677500e-08	4.499003e-01	4.455877e-01	-4.41233e-11	
567	2.682500e-08	4.499003e-01	4.458567e-01	-4.14325e-11	
568	2.687500e-08	4.499003e-01	4.461094e-01	-3.89058e-11	
569	2.692500e-08	4.499003e-01	4.463467e-01	-3.65332e-11	
570	2.697500e-08	4.499003e-01	4.465695e-01	-3.43053e-11	
571	2.702500e-08	4.499003e-01	4.467787e-01	-3.22132e-11	
572	2.707500e-08	4.499003e-01	4.469751e-01	-3.02488e-11	
573	2.712500e-08	4.499003e-01	4.471596e-01	-2.84041e-11	
574	2.717500e-08	4.499003e-01	4.473328e-01	-2.66719e-11	
575	2.722500e-08	4.499003e-01	4.474955e-01	-2.50454e-11	
576	2.727500e-08	4.499003e-01	4.476482e-01	-2.35180e-11	

Index   time            v(cell)         v(bl)           vpre#branch     
--------------------------------------------------------------------------------
577	2.732500e-08	4.499003e-01	4.477916e-01	-2.20838e-11	
578	2.737500e-08	4.499003e-01	4.479263e-01	-2.07371e-11	
579	2.742500e-08	4.499003e-01	4.480528e-01	-1.94725e-11	
580	2.747500e-08	4.499003e-01	4.481715e-01	-1.82850e-11	
581	2.752500e-08	4.499003e-01	4.482830e-01	-1.71699e-11	
582	2.757500e-08	4.499003e-01	4.483877e-01	-1.61228e-11	
583	2.762500e-08	4.499003e-01	4.484860e-01	-1.51396e-11	
584	2.767500e-08	4.499003e-01	4.485784e-01	-1.42163e-11	
585	2.772500e-08	4.499003e-01	4.486651e-01	-1.33494e-11	
586	2.777500e-08	4.499003e-01	4.487465e-01	-1.25353e-11	
587	2.782500e-08	4.499003e-01	4.488229e-01	-1.17708e-11	
588	2.787500e-08	4.499003e-01	4.488947e-01	-1.10530e-11	
589	2.792500e-08	4.499003e-01	4.489621e-01	-1.03790e-11	
590	2.797500e-08	4.499003e-01	4.490254e-01	-9.74602e-12	
591	2.802500e-08	4.499003e-01	4.490848e-01	-9.15167e-12	
592	2.807500e-08	4.499003e-01	4.491406e-01	-8.59357e-12	
593	2.812500e-08	4.499003e-01	4.491930e-01	-8.06951e-12	
594	2.817500e-08	4.499003e-01	4.492423e-01	-7.57740e-12	
595	2.822500e-08	4.499003e-01	4.492885e-01	-7.11531e-12	
596	2.827500e-08	4.499003e-01	4.493319e-01	-6.68139e-12	
597	2.832500e-08	4.499003e-01	4.493726e-01	-6.27394e-12	
598	2.837500e-08	4.499003e-01	4.494109e-01	-5.89133e-12	
599	2.842500e-08	4.499003e-01	4.494468e-01	-5.53206e-12	
600	2.847500e-08	4.499003e-01	4.494805e-01	-5.19469e-12	
601	2.852500e-08	4.499003e-01	4.495122e-01	-4.87790e-12	
602	2.857500e-08	4.499003e-01	4.495420e-01	-4.58043e-12	
603	2.862500e-08	4.499003e-01	4.495699e-01	-4.30110e-12	
604	2.867500e-08	4.499003e-01	4.495961e-01	-4.03881e-12	
605	2.872500e-08	4.499003e-01	4.496207e-01	-3.79251e-12	
606	2.877500e-08	4.499003e-01	4.496439e-01	-3.56123e-12	
607	2.882500e-08	4.499003e-01	4.496656e-01	-3.34405e-12	
608	2.887500e-08	4.499003e-01	4.496860e-01	-3.14012e-12	
609	2.892500e-08	4.499003e-01	4.497051e-01	-2.94863e-12	
610	2.897500e-08	4.499003e-01	4.497231e-01	-2.76881e-12	
611	2.902500e-08	4.499003e-01	4.497400e-01	-2.59996e-12	
612	2.907500e-08	4.499003e-01	4.497559e-01	-2.44140e-12	
613	2.912500e-08	4.499003e-01	4.497707e-01	-2.29252e-12	
614	2.917500e-08	4.499003e-01	4.497847e-01	-2.15271e-12	
615	2.922500e-08	4.499003e-01	4.497979e-01	-2.02143e-12	
616	2.927500e-08	4.499003e-01	4.498102e-01	-1.89816e-12	
617	2.932500e-08	4.499003e-01	4.498218e-01	-1.78240e-12	
618	2.937500e-08	4.499003e-01	4.498326e-01	-1.67371e-12	
619	2.942500e-08	4.499003e-01	4.498428e-01	-1.57164e-12	
620	2.947500e-08	4.499003e-01	4.498524e-01	-1.47579e-12	
621	2.952500e-08	4.499003e-01	4.498614e-01	-1.38580e-12	
622	2.957500e-08	4.499003e-01	4.498699e-01	-1.30129e-12	
623	2.962500e-08	4.499003e-01	4.498778e-01	-1.22193e-12	
624	2.967500e-08	4.499003e-01	4.498853e-01	-1.14741e-12	
625	2.972500e-08	4.499003e-01	4.498923e-01	-1.07744e-12	
626	2.977500e-08	4.499003e-01	4.498988e-01	-1.01173e-12	
627	2.982500e-08	4.499003e-01	4.499050e-01	-9.50034e-13	
628	2.987500e-08	4.499003e-01	4.499108e-01	-8.92097e-13	
629	2.992500e-08	4.499003e-01	4.499162e-01	-8.37694e-13	
630	2.997500e-08	4.499003e-01	4.499213e-01	-7.86609e-13	
631	3.002500e-08	4.499003e-01	4.499261e-01	-7.38639e-13	
632	3.007500e-08	4.499003e-01	4.499306e-01	-6.93594e-13	
633	3.012500e-08	4.499003e-01	4.499349e-01	-6.51296e-13	
634	3.017500e-08	4.499003e-01	4.499388e-01	-6.11578e-13	

Index   time            v(cell)         v(bl)           vpre#branch     
--------------------------------------------------------------------------------
635	3.022500e-08	4.499003e-01	4.499426e-01	-5.74282e-13	
636	3.027500e-08	4.499003e-01	4.499461e-01	-5.39260e-13	
637	3.032500e-08	4.499003e-01	4.499494e-01	-5.06375e-13	
638	3.037500e-08	4.499003e-01	4.499525e-01	-4.75494e-13	
639	3.042500e-08	4.499003e-01	4.499554e-01	-4.46497e-13	
640	3.047500e-08	4.499003e-01	4.499581e-01	-4.19268e-13	
641	3.052500e-08	4.499003e-01	4.499606e-01	-3.93700e-13	
642	3.057500e-08	4.499003e-01	4.499630e-01	-3.69691e-13	
643	3.062500e-08	4.499003e-01	4.499653e-01	-3.47146e-13	
644	3.067500e-08	4.499003e-01	4.499674e-01	-3.25976e-13	
645	3.072500e-08	4.499003e-01	4.499694e-01	-3.06096e-13	
646	3.077500e-08	4.499003e-01	4.499713e-01	-2.87430e-13	
647	3.082500e-08	4.499003e-01	4.499730e-01	-2.69901e-13	
648	3.087500e-08	4.499003e-01	4.499747e-01	-2.53442e-13	
649	3.092500e-08	4.499003e-01	4.499762e-01	-2.37986e-13	
650	3.097500e-08	4.499003e-01	4.499777e-01	-2.23473e-13	
651	3.102500e-08	4.499003e-01	4.499790e-01	-2.09845e-13	
652	3.107500e-08	4.499003e-01	4.499803e-01	-1.97048e-13	
653	3.112500e-08	4.499003e-01	4.499815e-01	-1.85031e-13	
654	3.117500e-08	4.499003e-01	4.499826e-01	-1.73747e-13	
655	3.122500e-08	4.499003e-01	4.499837e-01	-1.63152e-13	
656	3.127500e-08	4.499003e-01	4.499847e-01	-1.53202e-13	
657	3.132500e-08	4.499003e-01	4.499856e-01	-1.43859e-13	
658	3.137500e-08	4.499003e-01	4.499865e-01	-1.35086e-13	
659	3.142500e-08	4.499003e-01	4.499873e-01	-1.26848e-13	
660	3.147500e-08	4.499003e-01	4.499881e-01	-1.19113e-13	
661	3.152500e-08	4.499003e-01	4.499888e-01	-1.11849e-13	
662	3.157500e-08	4.499003e-01	4.499895e-01	-1.05028e-13	
663	3.162500e-08	4.499003e-01	4.499901e-01	-9.86230e-14	
664	3.167500e-08	4.499003e-01	4.499907e-01	-9.26086e-14	
665	3.172500e-08	4.499003e-01	4.499913e-01	-8.69611e-14	
666	3.177500e-08	4.499003e-01	4.499918e-01	-8.16579e-14	
667	3.182500e-08	4.499003e-01	4.499923e-01	-7.66781e-14	
668	3.187500e-08	4.499003e-01	4.499928e-01	-7.20020e-14	
669	3.192500e-08	4.499003e-01	4.499932e-01	-6.76111e-14	
670	3.197500e-08	4.499003e-01	4.499937e-01	-6.34880e-14	
671	3.202500e-08	4.499003e-01	4.499940e-01	-5.96163e-14	
672	3.207500e-08	4.499003e-01	4.499944e-01	-5.59807e-14	
673	3.212500e-08	4.499003e-01	4.499947e-01	-5.25668e-14	
674	3.217500e-08	4.499003e-01	4.499951e-01	-4.93611e-14	
675	3.222500e-08	4.499003e-01	4.499954e-01	-4.63509e-14	
676	3.227500e-08	4.499003e-01	4.499956e-01	-4.35243e-14	
677	3.232500e-08	4.499003e-01	4.499959e-01	-4.08701e-14	
678	3.237500e-08	4.499003e-01	4.499962e-01	-3.83777e-14	
679	3.242500e-08	4.499003e-01	4.499964e-01	-3.60373e-14	
680	3.247500e-08	4.499003e-01	4.499966e-01	-3.38396e-14	
681	3.252500e-08	4.499003e-01	4.499968e-01	-3.17760e-14	
682	3.257500e-08	4.499003e-01	4.499970e-01	-2.98382e-14	
683	3.262500e-08	4.499003e-01	4.499972e-01	-2.80186e-14	
684	3.267500e-08	4.499003e-01	4.499974e-01	-2.63099e-14	
685	3.272500e-08	4.499003e-01	4.499975e-01	-2.47055e-14	
686	3.277500e-08	4.499003e-01	4.499977e-01	-2.31988e-14	
687	3.282500e-08	4.499003e-01	4.499978e-01	-2.17841e-14	
688	3.287500e-08	4.499003e-01	4.499980e-01	-2.04557e-14	
689	3.292500e-08	4.499003e-01	4.499981e-01	-1.92082e-14	
690	3.297500e-08	4.499003e-01	4.499982e-01	-1.80368e-14	
691	3.302500e-08	4.499003e-01	4.499983e-01	-1.69369e-14	
692	3.307500e-08	4.499003e-01	4.499984e-01	-1.59040e-14	

Index   time            v(cell)         v(bl)           vpre#branch     
--------------------------------------------------------------------------------
693	3.312500e-08	4.499003e-01	4.499985e-01	-1.49342e-14	
694	3.317500e-08	4.499003e-01	4.499986e-01	-1.40234e-14	
695	3.322500e-08	4.499003e-01	4.499987e-01	-1.31683e-14	
696	3.327500e-08	4.499003e-01	4.499988e-01	-1.23652e-14	
697	3.332500e-08	4.499003e-01	4.499988e-01	-1.16112e-14	
698	3.337500e-08	4.499003e-01	4.499989e-01	-1.09031e-14	
699	3.342500e-08	4.499003e-01	4.499990e-01	-1.02382e-14	
700	3.347500e-08	4.499003e-01	4.499990e-01	-9.61384e-15	
701	3.352500e-08	4.499003e-01	4.499991e-01	-9.02757e-15	
702	3.357500e-08	4.499003e-01	4.499992e-01	-8.47705e-15	
703	3.362500e-08	4.499003e-01	4.499992e-01	-7.96010e-15	
704	3.367500e-08	4.499003e-01	4.499993e-01	-7.47468e-15	
705	3.372500e-08	4.499003e-01	4.499993e-01	-7.01886e-15	
706	3.377500e-08	4.499003e-01	4.499993e-01	-6.59084e-15	
707	3.382500e-08	4.499003e-01	4.499994e-01	-6.18891e-15	
708	3.387500e-08	4.499003e-01	4.499994e-01	-5.81150e-15	
709	3.392500e-08	4.499003e-01	4.499995e-01	-5.45711e-15	
710	3.397500e-08	4.499003e-01	4.499995e-01	-5.12433e-15	
711	3.402500e-08	4.499003e-01	4.499995e-01	-4.81184e-15	
712	3.407500e-08	4.499003e-01	4.499995e-01	-4.51841e-15	
713	3.412500e-08	4.499003e-01	4.499996e-01	-4.24287e-15	
714	3.417500e-08	4.499003e-01	4.499996e-01	-3.98414e-15	
715	3.422500e-08	4.499003e-01	4.499996e-01	-3.74118e-15	
716	3.427500e-08	4.499003e-01	4.499996e-01	-3.51304e-15	
717	3.432500e-08	4.499003e-01	4.499997e-01	-3.29882e-15	
718	3.437500e-08	4.499003e-01	4.499997e-01	-3.09765e-15	
719	3.442500e-08	4.499003e-01	4.499997e-01	-2.90876e-15	
720	3.447500e-08	4.499003e-01	4.499997e-01	-2.73138e-15	
721	3.452500e-08	4.499003e-01	4.499997e-01	-2.56483e-15	
722	3.457500e-08	4.499003e-01	4.499998e-01	-2.40843e-15	
723	3.462500e-08	4.499003e-01	4.499998e-01	-2.26156e-15	
724	3.467500e-08	4.499003e-01	4.499998e-01	-2.12366e-15	
725	3.472500e-08	4.499003e-01	4.499998e-01	-1.99416e-15	
726	3.477500e-08	4.499003e-01	4.499998e-01	-1.87256e-15	
727	3.482500e-08	4.499003e-01	4.499998e-01	-1.75838e-15	
728	3.487500e-08	4.499003e-01	4.499998e-01	-1.65115e-15	
729	3.492500e-08	4.499003e-01	4.499998e-01	-1.55047e-15	
730	3.497500e-08	4.499003e-01	4.499999e-01	-1.45593e-15	
731	3.502500e-08	4.499003e-01	4.499999e-01	-1.36715e-15	
732	3.507500e-08	4.499003e-01	4.499999e-01	-1.28379e-15	
733	3.512500e-08	4.499003e-01	4.499999e-01	-1.20551e-15	
734	3.517500e-08	4.499003e-01	4.499999e-01	-1.13201e-15	
735	3.522500e-08	4.499003e-01	4.499999e-01	-1.06298e-15	
736	3.527500e-08	4.499003e-01	4.499999e-01	-9.98170e-16	
737	3.532500e-08	4.499003e-01	4.499999e-01	-9.37309e-16	
738	3.537500e-08	4.499003e-01	4.499999e-01	-8.80160e-16	
739	3.542500e-08	4.499003e-01	4.499999e-01	-8.26496e-16	
740	3.547500e-08	4.499003e-01	4.499999e-01	-7.76104e-16	
741	3.552500e-08	4.499003e-01	4.499999e-01	-7.28786e-16	
742	3.557500e-08	4.499003e-01	4.499999e-01	-6.84353e-16	
743	3.562500e-08	4.499003e-01	4.499999e-01	-6.42629e-16	
744	3.567500e-08	4.499003e-01	4.499999e-01	-6.03449e-16	
745	3.572500e-08	4.499003e-01	4.499999e-01	-5.66659e-16	
746	3.577500e-08	4.499003e-01	4.499999e-01	-5.32114e-16	
747	3.582500e-08	4.499003e-01	4.500000e-01	-4.99675e-16	
748	3.587500e-08	4.499003e-01	4.500000e-01	-4.69214e-16	
749	3.592500e-08	4.499003e-01	4.500000e-01	-4.40610e-16	
750	3.597500e-08	4.499003e-01	4.500000e-01	-4.13752e-16	

Index   time            v(cell)         v(bl)           vpre#branch     
--------------------------------------------------------------------------------
751	3.602500e-08	4.499003e-01	4.500000e-01	-3.88531e-16	
752	3.607500e-08	4.499003e-01	4.500000e-01	-3.64847e-16	
753	3.612500e-08	4.499003e-01	4.500000e-01	-3.42608e-16	
754	3.617500e-08	4.499003e-01	4.500000e-01	-3.21725e-16	
755	3.622500e-08	4.499003e-01	4.500000e-01	-3.02116e-16	
756	3.627500e-08	4.499003e-01	4.500000e-01	-2.83702e-16	
757	3.632500e-08	4.499003e-01	4.500000e-01	-2.66412e-16	
758	3.637500e-08	4.499003e-01	4.500000e-01	-2.50177e-16	
759	3.642500e-08	4.499003e-01	4.500000e-01	-2.34931e-16	
760	3.647500e-08	4.499003e-01	4.500000e-01	-2.20614e-16	
761	3.652500e-08	4.499003e-01	4.500000e-01	-2.07170e-16	
762	3.657500e-08	4.499003e-01	4.500000e-01	-1.94547e-16	
763	3.662500e-08	4.499003e-01	4.500000e-01	-1.82693e-16	
764	3.667500e-08	4.499003e-01	4.500000e-01	-1.71562e-16	
765	3.672500e-08	4.499003e-01	4.500000e-01	-1.61110e-16	
766	3.677500e-08	4.499003e-01	4.500000e-01	-1.51296e-16	
767	3.682500e-08	4.499003e-01	4.500000e-01	-1.42080e-16	
768	3.687500e-08	4.499003e-01	4.500000e-01	-1.33427e-16	
769	3.692500e-08	4.499003e-01	4.500000e-01	-1.25300e-16	
770	3.697500e-08	4.499003e-01	4.500000e-01	-1.17670e-16	
771	3.702500e-08	4.499003e-01	4.500000e-01	-1.10505e-16	
772	3.707500e-08	4.499003e-01	4.500000e-01	-1.03777e-16	
773	3.712500e-08	4.499003e-01	4.500000e-01	-9.74593e-17	
774	3.717500e-08	4.499003e-01	4.500000e-01	-9.15270e-17	
775	3.722500e-08	4.499003e-01	4.500000e-01	-8.59559e-17	
776	3.727500e-08	4.499003e-01	4.500000e-01	-8.07247e-17	
777	3.732500e-08	4.499003e-01	4.500000e-01	-7.58128e-17	
778	3.737500e-08	4.499003e-01	4.500000e-01	-7.12005e-17	
779	3.742500e-08	4.499003e-01	4.500000e-01	-6.68690e-17	
780	3.747500e-08	4.499003e-01	4.500000e-01	-6.28013e-17	
781	3.752500e-08	4.499003e-01	4.500000e-01	-5.89817e-17	
782	3.757500e-08	4.499003e-01	4.500000e-01	-5.53954e-17	
783	3.762500e-08	4.499003e-01	4.500000e-01	-5.20282e-17	
784	3.767500e-08	4.499003e-01	4.500000e-01	-4.88663e-17	
785	3.772500e-08	4.499003e-01	4.500000e-01	-4.58973e-17	
786	3.777500e-08	4.499003e-01	4.500000e-01	-4.31094e-17	
787	3.782500e-08	4.499003e-01	4.500000e-01	-4.04910e-17	
788	3.787500e-08	4.499003e-01	4.500000e-01	-3.80323e-17	
789	3.792500e-08	4.499003e-01	4.500000e-01	-3.57240e-17	
790	3.797500e-08	4.499003e-01	4.500000e-01	-3.35564e-17	
791	3.802500e-08	4.499003e-01	4.500000e-01	-3.15207e-17	
792	3.807500e-08	4.499003e-01	4.500000e-01	-2.96090e-17	
793	3.812500e-08	4.499003e-01	4.500000e-01	-2.78140e-17	
794	3.817500e-08	4.499003e-01	4.500000e-01	-2.61280e-17	
795	3.822500e-08	4.499003e-01	4.500000e-01	-2.45448e-17	
796	3.827500e-08	4.499003e-01	4.500000e-01	-2.30585e-17	
797	3.832500e-08	4.499003e-01	4.500000e-01	-2.16634e-17	
798	3.837500e-08	4.499003e-01	4.500000e-01	-2.03533e-17	
799	3.842500e-08	4.499003e-01	4.500000e-01	-1.91231e-17	
800	3.847500e-08	4.499003e-01	4.500000e-01	-1.79675e-17	
801	3.852500e-08	4.499003e-01	4.500000e-01	-1.68820e-17	
802	3.857500e-08	4.499003e-01	4.500000e-01	-1.58626e-17	
803	3.862500e-08	4.499003e-01	4.500000e-01	-1.49059e-17	
804	3.867500e-08	4.499003e-01	4.500000e-01	-1.40079e-17	
805	3.872500e-08	4.499003e-01	4.500000e-01	-1.31646e-17	
806	3.877500e-08	4.499003e-01	4.500000e-01	-1.23724e-17	
807	3.882500e-08	4.499003e-01	4.500000e-01	-1.16285e-17	
808	3.887500e-08	4.499003e-01	4.500000e-01	-1.09304e-17	

Index   time            v(cell)         v(bl)           vpre#branch     
--------------------------------------------------------------------------------
809	3.892500e-08	4.499003e-01	4.500000e-01	-1.02748e-17	
810	3.897500e-08	4.499003e-01	4.500000e-01	-9.65922e-18	
811	3.902500e-08	4.499003e-01	4.500000e-01	-9.08076e-18	
812	3.907500e-08	4.499003e-01	4.500000e-01	-8.53717e-18	
813	3.912500e-08	4.499003e-01	4.500000e-01	-8.02715e-18	
814	3.917500e-08	4.499003e-01	4.500000e-01	-7.54863e-18	
815	3.922500e-08	4.499003e-01	4.500000e-01	-7.09930e-18	
816	3.927500e-08	4.499003e-01	4.500000e-01	-6.67737e-18	
817	3.932500e-08	4.499003e-01	4.500000e-01	-6.28076e-18	
818	3.937500e-08	4.499003e-01	4.500000e-01	-5.90834e-18	
819	3.942500e-08	4.499003e-01	4.500000e-01	-5.55862e-18	
820	3.947500e-08	4.499003e-01	4.500000e-01	-5.23024e-18	
821	3.952500e-08	4.499003e-01	4.500000e-01	-4.92229e-18	
822	3.957500e-08	4.499003e-01	4.500000e-01	-4.63313e-18	
823	3.962500e-08	4.499003e-01	4.500000e-01	-4.36159e-18	
824	3.967500e-08	4.499003e-01	4.500000e-01	-4.10662e-18	
825	3.972500e-08	4.499003e-01	4.500000e-01	-3.86719e-18	
826	3.977500e-08	4.499003e-01	4.500000e-01	-3.64237e-18	
827	3.982500e-08	4.499003e-01	4.500000e-01	-3.43126e-18	
828	3.987500e-08	4.499003e-01	4.500000e-01	-3.23261e-18	
829	3.992500e-08	4.499003e-01	4.500000e-01	-3.04607e-18	
830	3.996250e-08	4.499003e-01	4.500000e-01	-2.91397e-18	
831	4.000000e-08	4.499003e-01	4.500000e-01	-2.78800e-18	


Total analysis time (seconds) = 0.191637

Total elapsed time (seconds) = 0.206 

Total DRAM available = 386307.215 MB.
DRAM currently available = 21407.887 MB.
Maximum ngspice program size =  529.719 MB.
Current ngspice program size =   14.215 MB.

Shared ngspice pages =   12.375 MB.
Text (code) pages =    6.266 MB.
Stack = 0 bytes.
Library pages =   59.137 MB.

