
Note: No compatibility mode selected!


Circuit: * id-vg sweep vds=0.9000v

Doing analysis at TEMP = -40.000000 and TNOM = 27.000000

Using SPARSE 1.3 as Direct Linear Solver

No. of Data Rows : 201

  Measurements for DC Analysis

ion                 =  -1.87302e-06 at=  9.00000e-01
ioff                =  -1.02051e-15

                           * id-vg sweep vds=0.9000v
                           DC transfer characteristic  Wed Jun 24 01:04:44  2026
--------------------------------------------------------------------------------
Index   v-sweep         vd#branch       
--------------------------------------------------------------------------------
0	0.000000e+00	-1.02051e-15	
1	4.500000e-03	-1.16403e-15	
2	9.000000e-03	-1.33978e-15	
3	1.350000e-02	-1.54201e-15	
4	1.800000e-02	-1.77481e-15	
5	2.250000e-02	-2.04280e-15	
6	2.700000e-02	-2.35120e-15	
7	3.150000e-02	-2.70617e-15	
8	3.600000e-02	-3.11475e-15	
9	4.050000e-02	-3.58497e-15	
10	4.500000e-02	-4.12620e-15	
11	4.950000e-02	-4.74916e-15	
12	5.400000e-02	-5.46617e-15	
13	5.850000e-02	-6.29144e-15	
14	6.300000e-02	-7.24122e-15	
15	6.750000e-02	-8.33451e-15	
16	7.200000e-02	-9.59278e-15	
17	7.650000e-02	-1.10410e-14	
18	8.100000e-02	-1.27079e-14	
19	8.550000e-02	-1.46265e-14	
20	9.000000e-02	-1.68347e-14	
21	9.450000e-02	-1.93763e-14	
22	9.900000e-02	-2.23017e-14	
23	1.035000e-01	-2.56686e-14	
24	1.080000e-01	-2.95438e-14	
25	1.125000e-01	-3.40042e-14	
26	1.170000e-01	-3.91379e-14	
27	1.215000e-01	-4.50467e-14	
28	1.260000e-01	-5.18476e-14	
29	1.305000e-01	-5.96752e-14	
30	1.350000e-01	-6.86847e-14	
31	1.395000e-01	-7.90542e-14	
32	1.440000e-01	-9.09893e-14	
33	1.485000e-01	-1.04726e-13	
34	1.530000e-01	-1.20537e-13	
35	1.575000e-01	-1.38735e-13	
36	1.620000e-01	-1.59680e-13	
37	1.665000e-01	-1.83788e-13	
38	1.710000e-01	-2.11535e-13	
39	1.755000e-01	-2.43471e-13	
40	1.800000e-01	-2.80229e-13	
41	1.845000e-01	-3.22536e-13	
42	1.890000e-01	-3.71230e-13	
43	1.935000e-01	-4.27276e-13	
44	1.980000e-01	-4.91783e-13	
45	2.025000e-01	-5.66029e-13	
46	2.070000e-01	-6.51483e-13	
47	2.115000e-01	-7.49839e-13	
48	2.160000e-01	-8.63044e-13	
49	2.205000e-01	-9.93340e-13	
50	2.250000e-01	-1.14331e-12	
51	2.295000e-01	-1.31591e-12	
52	2.340000e-01	-1.51458e-12	
53	2.385000e-01	-1.74323e-12	
54	2.430000e-01	-2.00641e-12	

Index   v-sweep         vd#branch       
--------------------------------------------------------------------------------
55	2.475000e-01	-2.30932e-12	
56	2.520000e-01	-2.65795e-12	
57	2.565000e-01	-3.05922e-12	
58	2.610000e-01	-3.52106e-12	
59	2.655000e-01	-4.05262e-12	
60	2.700000e-01	-4.66442e-12	
61	2.745000e-01	-5.36858e-12	
62	2.790000e-01	-6.17903e-12	
63	2.835000e-01	-7.11182e-12	
64	2.880000e-01	-8.18542e-12	
65	2.925000e-01	-9.42105e-12	
66	2.970000e-01	-1.08432e-11	
67	3.015000e-01	-1.24800e-11	
68	3.060000e-01	-1.43638e-11	
69	3.105000e-01	-1.65319e-11	
70	3.150000e-01	-1.90272e-11	
71	3.195000e-01	-2.18990e-11	
72	3.240000e-01	-2.52042e-11	
73	3.285000e-01	-2.90080e-11	
74	3.330000e-01	-3.33857e-11	
75	3.375000e-01	-3.84236e-11	
76	3.420000e-01	-4.42214e-11	
77	3.465000e-01	-5.08935e-11	
78	3.510000e-01	-5.85715e-11	
79	3.555000e-01	-6.74069e-11	
80	3.600000e-01	-7.75739e-11	
81	3.645000e-01	-8.92726e-11	
82	3.690000e-01	-1.02733e-10	
83	3.735000e-01	-1.18221e-10	
84	3.780000e-01	-1.37270e-10	
85	3.825000e-01	-1.57953e-10	
86	3.870000e-01	-1.81746e-10	
87	3.915000e-01	-2.09113e-10	
88	3.960000e-01	-2.40588e-10	
89	4.005000e-01	-2.76786e-10	
90	4.050000e-01	-3.18407e-10	
91	4.095000e-01	-3.66260e-10	
92	4.140000e-01	-4.21266e-10	
93	4.185000e-01	-4.84484e-10	
94	4.230000e-01	-5.57124e-10	
95	4.275000e-01	-6.40570e-10	
96	4.320000e-01	-7.36401e-10	
97	4.365000e-01	-8.46422e-10	
98	4.410000e-01	-9.72687e-10	
99	4.455000e-01	-1.11753e-09	
100	4.500000e-01	-1.28362e-09	
101	4.545000e-01	-1.47396e-09	
102	4.590000e-01	-1.69196e-09	
103	4.635000e-01	-1.94147e-09	
104	4.680000e-01	-2.22683e-09	
105	4.725000e-01	-2.55292e-09	
106	4.770000e-01	-2.92519e-09	
107	4.815000e-01	-3.34974e-09	
108	4.860000e-01	-3.83335e-09	
109	4.905000e-01	-4.38354e-09	
110	4.950000e-01	-5.00862e-09	
111	4.995000e-01	-5.71773e-09	
112	5.040000e-01	-6.52090e-09	

Index   v-sweep         vd#branch       
--------------------------------------------------------------------------------
113	5.085000e-01	-7.42907e-09	
114	5.130000e-01	-8.45419e-09	
115	5.175000e-01	-9.60921e-09	
116	5.220000e-01	-1.09082e-08	
117	5.265000e-01	-1.23665e-08	
118	5.310000e-01	-1.40006e-08	
119	5.355000e-01	-1.58286e-08	
120	5.400000e-01	-1.78701e-08	
121	5.445000e-01	-2.01464e-08	
122	5.490000e-01	-2.26811e-08	
123	5.535000e-01	-2.54997e-08	
124	5.580000e-01	-2.86304e-08	
125	5.625000e-01	-3.21040e-08	
126	5.670000e-01	-3.59536e-08	
127	5.715000e-01	-4.02154e-08	
128	5.760000e-01	-4.49277e-08	
129	5.805000e-01	-5.01310e-08	
130	5.850000e-01	-5.58673e-08	
131	5.895000e-01	-6.21792e-08	
132	5.940000e-01	-6.91095e-08	
133	5.985000e-01	-7.66998e-08	
134	6.030000e-01	-8.49899e-08	
135	6.075000e-01	-9.40165e-08	
136	6.120000e-01	-1.03813e-07	
137	6.165000e-01	-1.14408e-07	
138	6.210000e-01	-1.25824e-07	
139	6.255000e-01	-1.38079e-07	
140	6.300000e-01	-1.51184e-07	
141	6.345000e-01	-1.65146e-07	
142	6.390000e-01	-1.79964e-07	
143	6.435000e-01	-1.95632e-07	
144	6.480000e-01	-2.12141e-07	
145	6.525000e-01	-2.29475e-07	
146	6.570000e-01	-2.47618e-07	
147	6.615000e-01	-2.66547e-07	
148	6.660000e-01	-2.86241e-07	
149	6.705000e-01	-3.06674e-07	
150	6.750000e-01	-3.27821e-07	
151	6.795000e-01	-3.49316e-07	
152	6.840000e-01	-3.71824e-07	
153	6.885000e-01	-3.94966e-07	
154	6.930000e-01	-4.18715e-07	
155	6.975000e-01	-4.43045e-07	
156	7.020000e-01	-4.67932e-07	
157	7.065000e-01	-4.93351e-07	
158	7.110000e-01	-5.19278e-07	
159	7.155000e-01	-5.45690e-07	
160	7.200000e-01	-5.72567e-07	
161	7.245000e-01	-5.99886e-07	
162	7.290000e-01	-6.27629e-07	
163	7.335000e-01	-6.55777e-07	
164	7.380000e-01	-6.84311e-07	
165	7.425000e-01	-7.13214e-07	
166	7.470000e-01	-7.42471e-07	
167	7.515000e-01	-7.72066e-07	
168	7.560000e-01	-8.01984e-07	
169	7.605000e-01	-8.32212e-07	
170	7.650000e-01	-8.62737e-07	

Index   v-sweep         vd#branch       
--------------------------------------------------------------------------------
171	7.695000e-01	-8.93547e-07	
172	7.740000e-01	-9.24629e-07	
173	7.785000e-01	-9.55973e-07	
174	7.830000e-01	-9.87568e-07	
175	7.875000e-01	-1.01940e-06	
176	7.920000e-01	-1.05147e-06	
177	7.965000e-01	-1.08376e-06	
178	8.010000e-01	-1.11627e-06	
179	8.055000e-01	-1.14898e-06	
180	8.100000e-01	-1.18190e-06	
181	8.145000e-01	-1.21500e-06	
182	8.190000e-01	-1.24829e-06	
183	8.235000e-01	-1.28175e-06	
184	8.280000e-01	-1.31539e-06	
185	8.325000e-01	-1.34920e-06	
186	8.370000e-01	-1.38317e-06	
187	8.415000e-01	-1.41729e-06	
188	8.460000e-01	-1.45156e-06	
189	8.505000e-01	-1.48598e-06	
190	8.550000e-01	-1.52054e-06	
191	8.595000e-01	-1.55523e-06	
192	8.640000e-01	-1.59006e-06	
193	8.685000e-01	-1.62502e-06	
194	8.730000e-01	-1.66010e-06	
195	8.775000e-01	-1.69530e-06	
196	8.820000e-01	-1.73062e-06	
197	8.865000e-01	-1.76606e-06	
198	8.910000e-01	-1.80160e-06	
199	8.955000e-01	-1.83726e-06	
200	9.000000e-01	-1.87302e-06	


Total analysis time (seconds) = 0.0131907

Total elapsed time (seconds) = 0.019 

Total DRAM available = 386307.215 MB.
DRAM currently available = 8658.730 MB.
Maximum ngspice program size =  529.719 MB.
Current ngspice program size =   14.145 MB.

Shared ngspice pages =   12.383 MB.
Text (code) pages =    6.266 MB.
Stack = 0 bytes.
Library pages =   59.137 MB.

