
Note: No compatibility mode selected!


Circuit: * id-vg sweep vds=0.4500v

Doing analysis at TEMP = -40.000000 and TNOM = 27.000000

Using SPARSE 1.3 as Direct Linear Solver

No. of Data Rows : 201

  Measurements for DC Analysis

ion                 =  -1.66130e-06 at=  9.00000e-01
ioff                =  -2.43580e-16

                           * id-vg sweep vds=0.4500v
                           DC transfer characteristic  Wed Jun 24 01:04:44  2026
--------------------------------------------------------------------------------
Index   v-sweep         vd#branch       
--------------------------------------------------------------------------------
0	0.000000e+00	-2.43580e-16	
1	4.500000e-03	-2.78938e-16	
2	9.000000e-03	-3.22523e-16	
3	1.350000e-02	-3.72911e-16	
4	1.800000e-02	-4.31187e-16	
5	2.250000e-02	-4.98597e-16	
6	2.700000e-02	-5.76511e-16	
7	3.150000e-02	-6.66581e-16	
8	3.600000e-02	-7.70759e-16	
9	4.050000e-02	-8.91214e-16	
10	4.500000e-02	-1.03048e-15	
11	4.950000e-02	-1.19150e-15	
12	5.400000e-02	-1.37768e-15	
13	5.850000e-02	-1.59300e-15	
14	6.300000e-02	-1.84194e-15	
15	6.750000e-02	-2.12978e-15	
16	7.200000e-02	-2.46258e-15	
17	7.650000e-02	-2.84740e-15	
18	8.100000e-02	-3.29236e-15	
19	8.550000e-02	-3.80685e-15	
20	9.000000e-02	-4.40174e-15	
21	9.450000e-02	-5.08960e-15	
22	9.900000e-02	-5.88493e-15	
23	1.035000e-01	-6.80455e-15	
24	1.080000e-01	-7.86788e-15	
25	1.125000e-01	-9.09738e-15	
26	1.170000e-01	-1.05190e-14	
27	1.215000e-01	-1.21628e-14	
28	1.260000e-01	-1.40635e-14	
29	1.305000e-01	-1.62611e-14	
30	1.350000e-01	-1.88022e-14	
31	1.395000e-01	-2.17404e-14	
32	1.440000e-01	-2.51377e-14	
33	1.485000e-01	-2.90660e-14	
34	1.530000e-01	-3.36080e-14	
35	1.575000e-01	-3.88599e-14	
36	1.620000e-01	-4.49325e-14	
37	1.665000e-01	-5.19540e-14	
38	1.710000e-01	-6.00727e-14	
39	1.755000e-01	-6.94601e-14	
40	1.800000e-01	-8.03145e-14	
41	1.845000e-01	-9.28651e-14	
42	1.890000e-01	-1.07377e-13	
43	1.935000e-01	-1.24157e-13	
44	1.980000e-01	-1.43558e-13	
45	2.025000e-01	-1.65992e-13	
46	2.070000e-01	-1.91931e-13	
47	2.115000e-01	-2.21923e-13	
48	2.160000e-01	-2.56603e-13	
49	2.205000e-01	-2.96702e-13	
50	2.250000e-01	-3.43066e-13	
51	2.295000e-01	-3.96676e-13	
52	2.340000e-01	-4.58664e-13	
53	2.385000e-01	-5.30338e-13	
54	2.430000e-01	-6.13212e-13	

Index   v-sweep         vd#branch       
--------------------------------------------------------------------------------
55	2.475000e-01	-7.09037e-13	
56	2.520000e-01	-8.19836e-13	
57	2.565000e-01	-9.47949e-13	
58	2.610000e-01	-1.09608e-12	
59	2.655000e-01	-1.26736e-12	
60	2.700000e-01	-1.46541e-12	
61	2.745000e-01	-1.69440e-12	
62	2.790000e-01	-1.95917e-12	
63	2.835000e-01	-2.26532e-12	
64	2.880000e-01	-2.61931e-12	
65	2.925000e-01	-3.02861e-12	
66	2.970000e-01	-3.50186e-12	
67	3.015000e-01	-4.04907e-12	
68	3.060000e-01	-4.68178e-12	
69	3.105000e-01	-5.41335e-12	
70	3.150000e-01	-6.25922e-12	
71	3.195000e-01	-7.23726e-12	
72	3.240000e-01	-8.36810e-12	
73	3.285000e-01	-9.67563e-12	
74	3.330000e-01	-1.11874e-11	
75	3.375000e-01	-1.29354e-11	
76	3.420000e-01	-1.49565e-11	
77	3.465000e-01	-1.72933e-11	
78	3.510000e-01	-1.99950e-11	
79	3.555000e-01	-2.31188e-11	
80	3.600000e-01	-2.67305e-11	
81	3.645000e-01	-3.09062e-11	
82	3.690000e-01	-3.57339e-11	
83	3.735000e-01	-4.13155e-11	
84	3.780000e-01	-4.77683e-11	
85	3.825000e-01	-5.52284e-11	
86	3.870000e-01	-6.38528e-11	
87	3.915000e-01	-7.38228e-11	
88	3.960000e-01	-8.53481e-11	
89	4.005000e-01	-9.86708e-11	
90	4.050000e-01	-1.14070e-10	
91	4.095000e-01	-1.33140e-10	
92	4.140000e-01	-1.53910e-10	
93	4.185000e-01	-1.77913e-10	
94	4.230000e-01	-2.05651e-10	
95	4.275000e-01	-2.37703e-10	
96	4.320000e-01	-2.74734e-10	
97	4.365000e-01	-3.17515e-10	
98	4.410000e-01	-3.66930e-10	
99	4.455000e-01	-4.24001e-10	
100	4.500000e-01	-4.89900e-10	
101	4.545000e-01	-5.65978e-10	
102	4.590000e-01	-6.53788e-10	
103	4.635000e-01	-7.55110e-10	
104	4.680000e-01	-8.71989e-10	
105	4.725000e-01	-1.00677e-09	
106	4.770000e-01	-1.16212e-09	
107	4.815000e-01	-1.34112e-09	
108	4.860000e-01	-1.54725e-09	
109	4.905000e-01	-1.78449e-09	
110	4.950000e-01	-2.05737e-09	
111	4.995000e-01	-2.37101e-09	
112	5.040000e-01	-2.73123e-09	

Index   v-sweep         vd#branch       
--------------------------------------------------------------------------------
113	5.085000e-01	-3.14458e-09	
114	5.130000e-01	-3.61845e-09	
115	5.175000e-01	-4.16114e-09	
116	5.220000e-01	-4.78195e-09	
117	5.265000e-01	-5.49129e-09	
118	5.310000e-01	-6.30076e-09	
119	5.355000e-01	-7.22328e-09	
120	5.400000e-01	-8.27321e-09	
121	5.445000e-01	-9.46647e-09	
122	5.490000e-01	-1.08207e-08	
123	5.535000e-01	-1.23555e-08	
124	5.580000e-01	-1.40923e-08	
125	5.625000e-01	-1.60550e-08	
126	5.670000e-01	-1.82699e-08	
127	5.715000e-01	-2.07657e-08	
128	5.760000e-01	-2.35739e-08	
129	5.805000e-01	-2.67288e-08	
130	5.850000e-01	-3.02673e-08	
131	5.895000e-01	-3.42287e-08	
132	5.940000e-01	-3.86547e-08	
133	5.985000e-01	-4.35885e-08	
134	6.030000e-01	-4.90741e-08	
135	6.075000e-01	-5.51558e-08	
136	6.120000e-01	-6.18768e-08	
137	6.165000e-01	-6.92785e-08	
138	6.210000e-01	-7.73995e-08	
139	6.255000e-01	-8.62744e-08	
140	6.300000e-01	-9.59331e-08	
141	6.345000e-01	-1.06400e-07	
142	6.390000e-01	-1.17694e-07	
143	6.435000e-01	-1.29828e-07	
144	6.480000e-01	-1.42806e-07	
145	6.525000e-01	-1.56629e-07	
146	6.570000e-01	-1.71292e-07	
147	6.615000e-01	-1.86783e-07	
148	6.660000e-01	-2.03087e-07	
149	6.705000e-01	-2.20186e-07	
150	6.750000e-01	-2.38057e-07	
151	6.795000e-01	-2.56676e-07	
152	6.840000e-01	-2.76018e-07	
153	6.885000e-01	-2.96055e-07	
154	6.930000e-01	-3.16761e-07	
155	6.975000e-01	-3.37792e-07	
156	7.020000e-01	-3.59766e-07	
157	7.065000e-01	-3.82328e-07	
158	7.110000e-01	-4.05449e-07	
159	7.155000e-01	-4.29105e-07	
160	7.200000e-01	-4.53272e-07	
161	7.245000e-01	-4.77925e-07	
162	7.290000e-01	-5.03043e-07	
163	7.335000e-01	-5.28602e-07	
164	7.380000e-01	-5.54584e-07	
165	7.425000e-01	-5.80967e-07	
166	7.470000e-01	-6.07735e-07	
167	7.515000e-01	-6.34868e-07	
168	7.560000e-01	-6.62351e-07	
169	7.605000e-01	-6.90167e-07	
170	7.650000e-01	-7.18302e-07	

Index   v-sweep         vd#branch       
--------------------------------------------------------------------------------
171	7.695000e-01	-7.46741e-07	
172	7.740000e-01	-7.75471e-07	
173	7.785000e-01	-8.04480e-07	
174	7.830000e-01	-8.33755e-07	
175	7.875000e-01	-8.63286e-07	
176	7.920000e-01	-8.93062e-07	
177	7.965000e-01	-9.23071e-07	
178	8.010000e-01	-9.53306e-07	
179	8.055000e-01	-9.83757e-07	
180	8.100000e-01	-1.01442e-06	
181	8.145000e-01	-1.04527e-06	
182	8.190000e-01	-1.07632e-06	
183	8.235000e-01	-1.10756e-06	
184	8.280000e-01	-1.13897e-06	
185	8.325000e-01	-1.17055e-06	
186	8.370000e-01	-1.20230e-06	
187	8.415000e-01	-1.23421e-06	
188	8.460000e-01	-1.26627e-06	
189	8.505000e-01	-1.29848e-06	
190	8.550000e-01	-1.33084e-06	
191	8.595000e-01	-1.36333e-06	
192	8.640000e-01	-1.39595e-06	
193	8.685000e-01	-1.42871e-06	
194	8.730000e-01	-1.46159e-06	
195	8.775000e-01	-1.49459e-06	
196	8.820000e-01	-1.52771e-06	
197	8.865000e-01	-1.56095e-06	
198	8.910000e-01	-1.59429e-06	
199	8.955000e-01	-1.62775e-06	
200	9.000000e-01	-1.66130e-06	


Total analysis time (seconds) = 0.0139828

Total elapsed time (seconds) = 0.019 

Total DRAM available = 386307.215 MB.
DRAM currently available = 8658.730 MB.
Maximum ngspice program size =  529.719 MB.
Current ngspice program size =   14.168 MB.

Shared ngspice pages =   12.414 MB.
Text (code) pages =    6.266 MB.
Stack = 0 bytes.
Library pages =   59.137 MB.

