
Note: No compatibility mode selected!


Circuit: * 1t1c ccell=20.0ff

Doing analysis at TEMP = 27.000000 and TNOM = 27.000000

Using SPARSE 1.3 as Direct Linear Solver

Initial Transient Solution
--------------------------

Node                                   Voltage
----                                   -------
pre                                      0.495
bl                                       0.495
wl                                           0
plate                                        0
s                                            0
cell                                         0
vs#branch                                    0
vpl#branch                                   0
vwl#branch                                   0
vpre#branch                                  0


No. of Data Rows : 832

  Measurements for Transient Analysis

t_write             =  1.90036e-09
t_read              =  2.27811e-08
i_hold              =  -3.43808e-11 from=  2.50000e-08 to=  3.50250e-08
q_read              =   1.98016e-18 from=  1.20000e-08 to=  2.20000e-08

                              * 1t1c ccell=20.0ff
                              Transient Analysis  Tue Jun 23 16:33:29  2026
--------------------------------------------------------------------------------
Index   time            v(cell)         v(bl)           vpre#branch     
--------------------------------------------------------------------------------
0	0.000000e+00	0.000000e+00	4.950000e-01	0.000000e+00	
1	5.000000e-13	5.401412e-13	4.950000e-01	-1.46078e-17	
2	1.000000e-12	1.080268e-12	4.950000e-01	-2.81852e-17	
3	2.000000e-12	2.160521e-12	4.950000e-01	-5.53229e-17	
4	4.000000e-12	4.321025e-12	4.950000e-01	-1.09496e-16	
5	8.000000e-12	8.642035e-12	4.950000e-01	-2.17434e-16	
6	1.600000e-11	1.728405e-11	4.950000e-01	-4.31690e-16	
7	3.200000e-11	3.456809e-11	4.949999e-01	-8.53796e-16	
8	6.400000e-11	6.913615e-11	4.949998e-01	-1.67302e-15	
9	1.140000e-10	1.231487e-10	4.949997e-01	-2.88906e-15	
10	1.640000e-10	1.771613e-10	4.949996e-01	-4.03093e-15	
11	2.140000e-10	2.311739e-10	4.949995e-01	-5.10317e-15	
12	2.640000e-10	2.851864e-10	4.949994e-01	-6.11002e-15	
13	3.140000e-10	3.391989e-10	4.949993e-01	-7.05547e-15	
14	3.640000e-10	3.932114e-10	4.949992e-01	-7.94327e-15	
15	4.140000e-10	4.472239e-10	4.949991e-01	-8.77692e-15	
16	4.640000e-10	5.012364e-10	4.949990e-01	-9.55973e-15	
17	5.140000e-10	5.552489e-10	4.949990e-01	-1.02948e-14	
18	5.640000e-10	6.092613e-10	4.949989e-01	-1.09851e-14	
19	6.140000e-10	6.632738e-10	4.949988e-01	-1.16332e-14	
20	6.640000e-10	7.172862e-10	4.949988e-01	-1.22418e-14	
21	7.140000e-10	7.712986e-10	4.949987e-01	-1.28134e-14	
22	7.640000e-10	8.253111e-10	4.949987e-01	-1.33500e-14	
23	8.140000e-10	8.793235e-10	4.949986e-01	-1.38539e-14	
24	8.640000e-10	9.333359e-10	4.949986e-01	-1.43272e-14	
25	9.140000e-10	9.873483e-10	4.949985e-01	-1.47715e-14	
26	9.570000e-10	1.033799e-09	4.949985e-01	-1.51319e-14	
27	1.000000e-09	1.080250e-09	4.949985e-01	-1.54733e-14	
28	1.005000e-09	4.948049e-03	4.949985e-01	-1.54938e-14	
29	1.015000e-09	1.484412e-02	4.949984e-01	-1.55039e-14	
30	1.035000e-09	3.463625e-02	4.949985e-01	-1.53731e-14	
31	1.075000e-09	7.422052e-02	4.949985e-01	-1.47642e-14	
32	1.125000e-09	1.237009e-01	4.949986e-01	-1.38111e-14	
33	1.175000e-09	1.731812e-01	4.949987e-01	-1.29295e-14	
34	1.225000e-09	2.226615e-01	4.949988e-01	-1.21308e-14	
35	1.275000e-09	2.721419e-01	4.949989e-01	-1.13883e-14	
36	1.325000e-09	3.216222e-01	4.949989e-01	-1.06937e-14	
37	1.375000e-09	3.711025e-01	4.949990e-01	-1.00422e-14	
38	1.425000e-09	4.205829e-01	4.949991e-01	-9.43049e-15	
39	1.475000e-09	4.700632e-01	4.949991e-01	-8.85598e-15	
40	1.525000e-09	5.195435e-01	4.949992e-01	-8.31638e-15	
41	1.575000e-09	5.690239e-01	4.949992e-01	-7.80907e-15	
42	1.625000e-09	6.185042e-01	4.949993e-01	-7.33216e-15	
43	1.675000e-09	6.679845e-01	4.949993e-01	-6.88433e-15	
44	1.725000e-09	7.174649e-01	4.949994e-01	-6.46376e-15	
45	1.775000e-09	7.669452e-01	4.949994e-01	-6.06881e-15	
46	1.825000e-09	8.164255e-01	4.949994e-01	-5.69792e-15	
47	1.875000e-09	8.659059e-01	4.949995e-01	-5.34961e-15	
48	1.925000e-09	9.153862e-01	4.949995e-01	-5.02251e-15	
49	1.962500e-09	9.524965e-01	4.949995e-01	-4.79035e-15	
50	2.000000e-09	9.896067e-01	4.949995e-01	-4.56888e-15	
51	2.005000e-09	9.896067e-01	4.949995e-01	-4.54023e-15	
52	2.015000e-09	9.896067e-01	4.949996e-01	-4.48328e-15	
53	2.035000e-09	9.896067e-01	4.949996e-01	-4.37151e-15	
54	2.075000e-09	9.896067e-01	4.949996e-01	-4.15618e-15	

Index   time            v(cell)         v(bl)           vpre#branch     
--------------------------------------------------------------------------------
55	2.125000e-09	9.896067e-01	4.949996e-01	-3.90181e-15	
56	2.175000e-09	9.896067e-01	4.949996e-01	-3.66294e-15	
57	2.225000e-09	9.896067e-01	4.949997e-01	-3.43864e-15	
58	2.275000e-09	9.896067e-01	4.949997e-01	-3.22802e-15	
59	2.325000e-09	9.896067e-01	4.949997e-01	-3.03024e-15	
60	2.375000e-09	9.896067e-01	4.949997e-01	-2.84452e-15	
61	2.425000e-09	9.896067e-01	4.949997e-01	-2.67013e-15	
62	2.475000e-09	9.896067e-01	4.949997e-01	-2.50637e-15	
63	2.525000e-09	9.896067e-01	4.949998e-01	-2.35260e-15	
64	2.575000e-09	9.896067e-01	4.949998e-01	-2.20821e-15	
65	2.625000e-09	9.896067e-01	4.949998e-01	-2.07262e-15	
66	2.675000e-09	9.896067e-01	4.949998e-01	-1.94531e-15	
67	2.725000e-09	9.896067e-01	4.949998e-01	-1.82575e-15	
68	2.775000e-09	9.896067e-01	4.949998e-01	-1.71349e-15	
69	2.825000e-09	9.896067e-01	4.949998e-01	-1.60807e-15	
70	2.875000e-09	9.896067e-01	4.949998e-01	-1.50908e-15	
71	2.925000e-09	9.896067e-01	4.949999e-01	-1.41613e-15	
72	2.975000e-09	9.896067e-01	4.949999e-01	-1.32885e-15	
73	3.025000e-09	9.896067e-01	4.949999e-01	-1.24688e-15	
74	3.075000e-09	9.896067e-01	4.949999e-01	-1.16992e-15	
75	3.125000e-09	9.896067e-01	4.949999e-01	-1.09765e-15	
76	3.175000e-09	9.896067e-01	4.949999e-01	-1.02979e-15	
77	3.225000e-09	9.896067e-01	4.949999e-01	-9.66066e-16	
78	3.275000e-09	9.896067e-01	4.949999e-01	-9.06228e-16	
79	3.325000e-09	9.896067e-01	4.949999e-01	-8.50039e-16	
80	3.375000e-09	9.896067e-01	4.949999e-01	-7.97277e-16	
81	3.425000e-09	9.896067e-01	4.949999e-01	-7.47733e-16	
82	3.475000e-09	9.896067e-01	4.949999e-01	-7.01210e-16	
83	3.525000e-09	9.896067e-01	4.949999e-01	-6.57524e-16	
84	3.575000e-09	9.896067e-01	4.949999e-01	-6.16502e-16	
85	3.625000e-09	9.896067e-01	4.949999e-01	-5.77982e-16	
86	3.675000e-09	9.896067e-01	4.949999e-01	-5.41811e-16	
87	3.725000e-09	9.896067e-01	4.949999e-01	-5.07846e-16	
88	3.775000e-09	9.896067e-01	4.950000e-01	-4.75952e-16	
89	3.825000e-09	9.896067e-01	4.950000e-01	-4.46002e-16	
90	3.875000e-09	9.896067e-01	4.950000e-01	-4.17879e-16	
91	3.925000e-09	9.896067e-01	4.950000e-01	-3.91472e-16	
92	3.975000e-09	9.896067e-01	4.950000e-01	-3.66674e-16	
93	4.025000e-09	9.896067e-01	4.950000e-01	-3.43389e-16	
94	4.075000e-09	9.896067e-01	4.950000e-01	-3.21524e-16	
95	4.125000e-09	9.896067e-01	4.950000e-01	-3.00993e-16	
96	4.175000e-09	9.896067e-01	4.950000e-01	-2.81714e-16	
97	4.225000e-09	9.896067e-01	4.950000e-01	-2.63610e-16	
98	4.275000e-09	9.896067e-01	4.950000e-01	-2.46610e-16	
99	4.325000e-09	9.896067e-01	4.950000e-01	-2.30647e-16	
100	4.375000e-09	9.896067e-01	4.950000e-01	-2.15657e-16	
101	4.425000e-09	9.896067e-01	4.950000e-01	-2.01580e-16	
102	4.475000e-09	9.896067e-01	4.950000e-01	-1.88363e-16	
103	4.525000e-09	9.896067e-01	4.950000e-01	-1.75951e-16	
104	4.575000e-09	9.896067e-01	4.950000e-01	-1.64297e-16	
105	4.625000e-09	9.896067e-01	4.950000e-01	-1.53354e-16	
106	4.675000e-09	9.896067e-01	4.950000e-01	-1.43077e-16	
107	4.725000e-09	9.896067e-01	4.950000e-01	-1.33427e-16	
108	4.775000e-09	9.896067e-01	4.950000e-01	-1.24365e-16	
109	4.825000e-09	9.896067e-01	4.950000e-01	-1.15856e-16	
110	4.875000e-09	9.896067e-01	4.950000e-01	-1.07867e-16	
111	4.925000e-09	9.896067e-01	4.950000e-01	-1.00364e-16	
112	4.975000e-09	9.896067e-01	4.950000e-01	-9.33189e-17	

Index   time            v(cell)         v(bl)           vpre#branch     
--------------------------------------------------------------------------------
113	5.025000e-09	9.896067e-01	4.950000e-01	-8.67032e-17	
114	5.075000e-09	9.896067e-01	4.950000e-01	-8.04909e-17	
115	5.125000e-09	9.896067e-01	4.950000e-01	-7.46580e-17	
116	5.175000e-09	9.896067e-01	4.950000e-01	-6.91811e-17	
117	5.225000e-09	9.896067e-01	4.950000e-01	-6.40382e-17	
118	5.275000e-09	9.896067e-01	4.950000e-01	-5.92090e-17	
119	5.325000e-09	9.896067e-01	4.950000e-01	-5.46738e-17	
120	5.375000e-09	9.896067e-01	4.950000e-01	-5.04152e-17	
121	5.425000e-09	9.896067e-01	4.950000e-01	-4.64168e-17	
122	5.475000e-09	9.896067e-01	4.950000e-01	-4.26621e-17	
123	5.525000e-09	9.896067e-01	4.950000e-01	-3.91361e-17	
124	5.575000e-09	9.896067e-01	4.950000e-01	-3.58246e-17	
125	5.625000e-09	9.896067e-01	4.950000e-01	-3.27151e-17	
126	5.675000e-09	9.896067e-01	4.950000e-01	-2.97956e-17	
127	5.725000e-09	9.896067e-01	4.950000e-01	-2.70546e-17	
128	5.775000e-09	9.896067e-01	4.950000e-01	-2.44807e-17	
129	5.825000e-09	9.896067e-01	4.950000e-01	-2.20638e-17	
130	5.875000e-09	9.896067e-01	4.950000e-01	-1.97942e-17	
131	5.925000e-09	9.896067e-01	4.950000e-01	-1.76631e-17	
132	5.975000e-09	9.896067e-01	4.950000e-01	-1.56616e-17	
133	6.025000e-09	9.896067e-01	4.950000e-01	-1.37820e-17	
134	6.075000e-09	9.896067e-01	4.950000e-01	-1.20171e-17	
135	6.125000e-09	9.896067e-01	4.950000e-01	-1.03595e-17	
136	6.175000e-09	9.896067e-01	4.950000e-01	-8.80289e-18	
137	6.225000e-09	9.896067e-01	4.950000e-01	-7.34122e-18	
138	6.275000e-09	9.896067e-01	4.950000e-01	-5.96911e-18	
139	6.325000e-09	9.896067e-01	4.950000e-01	-4.68108e-18	
140	6.375000e-09	9.896067e-01	4.950000e-01	-3.47119e-18	
141	6.425000e-09	9.896067e-01	4.950000e-01	-2.33508e-18	
142	6.475000e-09	9.896067e-01	4.950000e-01	-1.26866e-18	
143	6.525000e-09	9.896067e-01	4.950000e-01	-2.67282e-19	
144	6.575000e-09	9.896067e-01	4.950000e-01	6.734441e-19	
145	6.625000e-09	9.896067e-01	4.950000e-01	1.556801e-18	
146	6.675000e-09	9.896067e-01	4.950000e-01	2.386290e-18	
147	6.725000e-09	9.896067e-01	4.950000e-01	3.165193e-18	
148	6.775000e-09	9.896067e-01	4.950000e-01	3.896184e-18	
149	6.825000e-09	9.896067e-01	4.950000e-01	4.582595e-18	
150	6.875000e-09	9.896067e-01	4.950000e-01	5.227150e-18	
151	6.925000e-09	9.896067e-01	4.950000e-01	5.832810e-18	
152	6.962500e-09	9.896067e-01	4.950000e-01	6.262951e-18	
153	7.000000e-09	9.896067e-01	4.950000e-01	6.672907e-18	
154	7.005000e-09	9.648665e-01	4.950000e-01	6.724428e-18	
155	7.015000e-09	9.153861e-01	4.950000e-01	6.823860e-18	
156	7.035000e-09	8.164255e-01	4.950000e-01	7.000929e-18	
157	7.067500e-09	6.556144e-01	4.950000e-01	7.225786e-18	
158	7.100000e-09	4.948033e-01	4.950000e-01	7.360843e-18	
159	7.105000e-09	4.948033e-01	4.950000e-01	7.312610e-18	
160	7.115000e-09	4.948034e-01	4.950000e-01	7.216695e-18	
161	7.135000e-09	4.948033e-01	4.950000e-01	7.028507e-18	
162	7.175000e-09	4.948034e-01	4.950000e-01	6.666073e-18	
163	7.225000e-09	4.948033e-01	4.950000e-01	6.237590e-18	
164	7.275000e-09	4.948034e-01	4.950000e-01	5.835600e-18	
165	7.325000e-09	4.948033e-01	4.950000e-01	5.458124e-18	
166	7.375000e-09	4.948034e-01	4.950000e-01	5.103253e-18	
167	7.425000e-09	4.948033e-01	4.950000e-01	4.769610e-18	
168	7.475000e-09	4.948034e-01	4.950000e-01	4.456728e-18	
169	7.525000e-09	4.948033e-01	4.950000e-01	4.162924e-18	
170	7.575000e-09	4.948034e-01	4.950000e-01	3.887039e-18	

Index   time            v(cell)         v(bl)           vpre#branch     
--------------------------------------------------------------------------------
171	7.625000e-09	4.948033e-01	4.950000e-01	3.628391e-18	
172	7.675000e-09	4.948034e-01	4.950000e-01	3.385103e-18	
173	7.725000e-09	4.948033e-01	4.950000e-01	3.156238e-18	
174	7.775000e-09	4.948034e-01	4.950000e-01	2.941330e-18	
175	7.825000e-09	4.948033e-01	4.950000e-01	2.739936e-18	
176	7.875000e-09	4.948034e-01	4.950000e-01	2.550824e-18	
177	7.925000e-09	4.948033e-01	4.950000e-01	2.373245e-18	
178	7.975000e-09	4.948034e-01	4.950000e-01	2.206494e-18	
179	8.025000e-09	4.948033e-01	4.950000e-01	2.049910e-18	
180	8.075000e-09	4.948034e-01	4.950000e-01	1.902877e-18	
181	8.125000e-09	4.948033e-01	4.950000e-01	1.764811e-18	
182	8.175000e-09	4.948034e-01	4.950000e-01	1.635576e-18	
183	8.225000e-09	4.948033e-01	4.950000e-01	1.514224e-18	
184	8.275000e-09	4.948034e-01	4.950000e-01	1.399858e-18	
185	8.325000e-09	4.948033e-01	4.950000e-01	1.292467e-18	
186	8.375000e-09	4.948034e-01	4.950000e-01	1.192039e-18	
187	8.425000e-09	4.948033e-01	4.950000e-01	1.098147e-18	
188	8.475000e-09	4.948034e-01	4.950000e-01	1.009567e-18	
189	8.525000e-09	4.948033e-01	4.950000e-01	9.259749e-19	
190	8.575000e-09	4.948034e-01	4.950000e-01	8.474838e-19	
191	8.625000e-09	4.948033e-01	4.950000e-01	7.737795e-19	
192	8.675000e-09	4.948034e-01	4.950000e-01	7.049829e-19	
193	8.725000e-09	4.948033e-01	4.950000e-01	6.403784e-19	
194	8.775000e-09	4.948034e-01	4.950000e-01	5.793027e-19	
195	8.825000e-09	4.948033e-01	4.950000e-01	5.219493e-19	
196	8.875000e-09	4.948034e-01	4.950000e-01	4.680957e-19	
197	8.925000e-09	4.948033e-01	4.950000e-01	4.175260e-19	
198	8.975000e-09	4.948034e-01	4.950000e-01	3.700426e-19	
199	9.025000e-09	4.948033e-01	4.950000e-01	3.254592e-19	
200	9.075000e-09	4.948034e-01	4.950000e-01	2.835956e-19	
201	9.125000e-09	4.948033e-01	4.950000e-01	2.442805e-19	
202	9.175000e-09	4.948034e-01	4.950000e-01	2.077787e-19	
203	9.225000e-09	4.948033e-01	4.950000e-01	1.735020e-19	
204	9.275000e-09	4.948034e-01	4.950000e-01	1.409036e-19	
205	9.325000e-09	4.948033e-01	4.950000e-01	1.102930e-19	
206	9.375000e-09	4.948034e-01	4.950000e-01	8.154926e-20	
207	9.425000e-09	4.948033e-01	4.950000e-01	5.455918e-20	
208	9.475000e-09	4.948034e-01	4.950000e-01	2.962630e-20	
209	9.525000e-09	4.948033e-01	4.950000e-01	6.214608e-21	
210	9.575000e-09	4.948034e-01	4.950000e-01	-1.61838e-20	
211	9.625000e-09	4.948033e-01	4.950000e-01	-3.68021e-20	
212	9.675000e-09	4.948034e-01	4.950000e-01	-5.61672e-20	
213	9.725000e-09	4.948033e-01	4.950000e-01	-7.43511e-20	
214	9.775000e-09	4.948034e-01	4.950000e-01	-9.10139e-20	
215	9.825000e-09	4.948033e-01	4.950000e-01	-1.07074e-19	
216	9.875000e-09	4.948034e-01	4.950000e-01	-1.22156e-19	
217	9.925000e-09	4.948033e-01	4.950000e-01	-1.36315e-19	
218	9.975000e-09	4.948034e-01	4.950000e-01	-1.49612e-19	
219	1.002500e-08	4.948033e-01	4.950000e-01	-1.61685e-19	
220	1.007500e-08	4.948034e-01	4.950000e-01	-1.73435e-19	
221	1.012500e-08	4.948033e-01	4.950000e-01	-1.84468e-19	
222	1.017500e-08	4.948034e-01	4.950000e-01	-1.94829e-19	
223	1.022500e-08	4.948033e-01	4.950000e-01	-2.04558e-19	
224	1.027500e-08	4.948034e-01	4.950000e-01	-2.13279e-19	
225	1.032500e-08	4.948033e-01	4.950000e-01	-2.21469e-19	
226	1.037500e-08	4.948034e-01	4.950000e-01	-2.29576e-19	
227	1.042500e-08	4.948033e-01	4.950000e-01	-2.37603e-19	
228	1.047500e-08	4.948034e-01	4.950000e-01	-2.45137e-19	

Index   time            v(cell)         v(bl)           vpre#branch     
--------------------------------------------------------------------------------
229	1.052500e-08	4.948033e-01	4.950000e-01	-2.52212e-19	
230	1.057500e-08	4.948034e-01	4.950000e-01	-2.58855e-19	
231	1.062500e-08	4.948033e-01	4.950000e-01	-2.65092e-19	
232	1.067500e-08	4.948034e-01	4.950000e-01	-2.70952e-19	
233	1.072500e-08	4.948033e-01	4.950000e-01	-2.76450e-19	
234	1.077500e-08	4.948034e-01	4.950000e-01	-2.81614e-19	
235	1.082500e-08	4.948033e-01	4.950000e-01	-2.86467e-19	
236	1.087500e-08	4.948034e-01	4.950000e-01	-2.91020e-19	
237	1.092500e-08	4.948033e-01	4.950000e-01	-2.95299e-19	
238	1.096250e-08	4.948034e-01	4.950000e-01	-2.98577e-19	
239	1.100000e-08	4.948033e-01	4.950000e-01	-3.01631e-19	
240	1.100500e-08	4.948053e-01	4.999188e-01	4.918826e-11	
241	1.101500e-08	4.948092e-01	5.096950e-01	1.469499e-10	
242	1.103500e-08	4.948171e-01	5.288829e-01	3.388293e-10	
243	1.107500e-08	4.948328e-01	5.658461e-01	7.084605e-10	
244	1.112500e-08	4.948525e-01	6.095141e-01	1.145141e-09	
245	1.117500e-08	4.948722e-01	6.505191e-01	1.555191e-09	
246	1.122500e-08	4.948918e-01	6.890235e-01	1.940235e-09	
247	1.127500e-08	4.949115e-01	7.251798e-01	2.301798e-09	
248	1.132500e-08	4.949312e-01	7.591313e-01	2.641313e-09	
249	1.137500e-08	4.949508e-01	7.910122e-01	2.960122e-09	
250	1.142500e-08	4.949705e-01	8.209490e-01	3.259490e-09	
251	1.147500e-08	4.949902e-01	8.490601e-01	3.540601e-09	
252	1.152500e-08	4.950098e-01	8.754569e-01	3.804569e-09	
253	1.157500e-08	4.950295e-01	9.002437e-01	4.052437e-09	
254	1.162500e-08	4.950491e-01	9.235183e-01	4.285183e-09	
255	1.167500e-08	4.950688e-01	9.453711e-01	4.503711e-09	
256	1.172500e-08	4.950885e-01	9.658826e-01	4.708826e-09	
257	1.177500e-08	4.951082e-01	9.851125e-01	4.901125e-09	
258	1.182500e-08	4.951279e-01	1.002997e+00	5.079967e-09	
259	1.187500e-08	4.951479e-01	1.019189e+00	5.241889e-09	
260	1.192500e-08	4.951688e-01	1.032392e+00	5.373916e-09	
261	1.196250e-08	4.951859e-01	1.038128e+00	5.431284e-09	
262	1.200000e-08	4.952064e-01	1.035268e+00	5.402676e-09	
263	1.200500e-08	4.952075e-01	1.029204e+00	5.342037e-09	
264	1.201500e-08	4.952096e-01	1.017209e+00	5.222094e-09	
265	1.203500e-08	4.952137e-01	9.940010e-01	4.990010e-09	
266	1.207500e-08	4.952214e-01	9.504784e-01	4.554784e-09	
267	1.212500e-08	4.952303e-01	9.010056e-01	4.060056e-09	
268	1.217500e-08	4.952385e-01	8.564057e-01	3.614057e-09	
269	1.222500e-08	4.952459e-01	8.160969e-01	3.210969e-09	
270	1.227500e-08	4.952529e-01	7.795882e-01	2.845882e-09	
271	1.232500e-08	4.952593e-01	7.464614e-01	2.514614e-09	
272	1.237500e-08	4.952654e-01	7.163666e-01	2.213666e-09	
273	1.242500e-08	4.952711e-01	6.889896e-01	1.939896e-09	
274	1.247500e-08	4.952765e-01	6.640483e-01	1.690483e-09	
275	1.252500e-08	4.952815e-01	6.413072e-01	1.463072e-09	
276	1.257500e-08	4.952864e-01	6.205593e-01	1.255593e-09	
277	1.262500e-08	4.952910e-01	6.016228e-01	1.066228e-09	
278	1.267500e-08	4.952954e-01	5.843382e-01	8.933816e-10	
279	1.272500e-08	4.952997e-01	5.685665e-01	7.356647e-10	
280	1.277500e-08	4.953037e-01	5.541888e-01	5.918881e-10	
281	1.282500e-08	4.953076e-01	5.411179e-01	4.611787e-10	
282	1.287500e-08	4.953113e-01	5.292863e-01	3.428631e-10	
283	1.292500e-08	4.953148e-01	5.186551e-01	2.365509e-10	
284	1.297500e-08	4.953180e-01	5.092665e-01	1.426651e-10	
285	1.302500e-08	4.953209e-01	5.014352e-01	6.435167e-11	
286	1.307500e-08	4.953227e-01	4.967004e-01	1.700417e-11	

Index   time            v(cell)         v(bl)           vpre#branch     
--------------------------------------------------------------------------------
287	1.312500e-08	4.953232e-01	4.953677e-01	3.677419e-12	
288	1.317500e-08	4.953232e-01	4.953137e-01	3.137094e-12	
289	1.322500e-08	4.953232e-01	4.953126e-01	3.125956e-12	
290	1.327500e-08	4.953232e-01	4.953126e-01	3.125839e-12	
291	1.332500e-08	4.953232e-01	4.953126e-01	3.125753e-12	
292	1.337500e-08	4.953232e-01	4.953126e-01	3.125687e-12	
293	1.342500e-08	4.953232e-01	4.953126e-01	3.125602e-12	
294	1.347500e-08	4.953231e-01	4.953126e-01	3.125536e-12	
295	1.352500e-08	4.953231e-01	4.953125e-01	3.125451e-12	
296	1.357500e-08	4.953231e-01	4.953125e-01	3.125385e-12	
297	1.362500e-08	4.953231e-01	4.953125e-01	3.125300e-12	
298	1.367500e-08	4.953231e-01	4.953125e-01	3.125234e-12	
299	1.372500e-08	4.953231e-01	4.953125e-01	3.125149e-12	
300	1.377500e-08	4.953231e-01	4.953125e-01	3.125083e-12	
301	1.382500e-08	4.953231e-01	4.953125e-01	3.124998e-12	
302	1.387500e-08	4.953231e-01	4.953125e-01	3.124932e-12	
303	1.392500e-08	4.953231e-01	4.953125e-01	3.124847e-12	
304	1.397500e-08	4.953231e-01	4.953125e-01	3.124781e-12	
305	1.402500e-08	4.953231e-01	4.953125e-01	3.124697e-12	
306	1.407500e-08	4.953231e-01	4.953125e-01	3.124630e-12	
307	1.412500e-08	4.953230e-01	4.953125e-01	3.124546e-12	
308	1.417500e-08	4.953230e-01	4.953124e-01	3.124479e-12	
309	1.422500e-08	4.953230e-01	4.953124e-01	3.124395e-12	
310	1.427500e-08	4.953230e-01	4.953124e-01	3.124328e-12	
311	1.432500e-08	4.953230e-01	4.953124e-01	3.124244e-12	
312	1.437500e-08	4.953230e-01	4.953124e-01	3.124177e-12	
313	1.442500e-08	4.953230e-01	4.953124e-01	3.124093e-12	
314	1.447500e-08	4.953230e-01	4.953124e-01	3.124026e-12	
315	1.452500e-08	4.953230e-01	4.953124e-01	3.123942e-12	
316	1.457500e-08	4.953230e-01	4.953124e-01	3.123875e-12	
317	1.462500e-08	4.953230e-01	4.953124e-01	3.123791e-12	
318	1.467500e-08	4.953230e-01	4.953124e-01	3.123724e-12	
319	1.472500e-08	4.953230e-01	4.953124e-01	3.123640e-12	
320	1.477500e-08	4.953229e-01	4.953124e-01	3.123573e-12	
321	1.482500e-08	4.953229e-01	4.953123e-01	3.123489e-12	
322	1.487500e-08	4.953229e-01	4.953123e-01	3.123422e-12	
323	1.492500e-08	4.953229e-01	4.953123e-01	3.123338e-12	
324	1.497500e-08	4.953229e-01	4.953123e-01	3.123271e-12	
325	1.502500e-08	4.953229e-01	4.953123e-01	3.123188e-12	
326	1.507500e-08	4.953229e-01	4.953123e-01	3.123120e-12	
327	1.512500e-08	4.953229e-01	4.953123e-01	3.123037e-12	
328	1.517500e-08	4.953229e-01	4.953123e-01	3.122970e-12	
329	1.522500e-08	4.953229e-01	4.953123e-01	3.122886e-12	
330	1.527500e-08	4.953229e-01	4.953123e-01	3.122819e-12	
331	1.532500e-08	4.953229e-01	4.953123e-01	3.122735e-12	
332	1.537500e-08	4.953229e-01	4.953123e-01	3.122668e-12	
333	1.542500e-08	4.953228e-01	4.953123e-01	3.122584e-12	
334	1.547500e-08	4.953228e-01	4.953123e-01	3.122517e-12	
335	1.552500e-08	4.953228e-01	4.953122e-01	3.122433e-12	
336	1.557500e-08	4.953228e-01	4.953122e-01	3.122366e-12	
337	1.562500e-08	4.953228e-01	4.953122e-01	3.122283e-12	
338	1.567500e-08	4.953228e-01	4.953122e-01	3.122215e-12	
339	1.572500e-08	4.953228e-01	4.953122e-01	3.122132e-12	
340	1.577500e-08	4.953228e-01	4.953122e-01	3.122064e-12	
341	1.582500e-08	4.953228e-01	4.953122e-01	3.121981e-12	
342	1.587500e-08	4.953228e-01	4.953122e-01	3.121913e-12	
343	1.592500e-08	4.953228e-01	4.953122e-01	3.121830e-12	
344	1.597500e-08	4.953228e-01	4.953122e-01	3.121763e-12	

Index   time            v(cell)         v(bl)           vpre#branch     
--------------------------------------------------------------------------------
345	1.602500e-08	4.953227e-01	4.953122e-01	3.121679e-12	
346	1.607500e-08	4.953227e-01	4.953122e-01	3.121612e-12	
347	1.612500e-08	4.953227e-01	4.953122e-01	3.121529e-12	
348	1.617500e-08	4.953227e-01	4.953121e-01	3.121461e-12	
349	1.622500e-08	4.953227e-01	4.953121e-01	3.121378e-12	
350	1.627500e-08	4.953227e-01	4.953121e-01	3.121310e-12	
351	1.632500e-08	4.953227e-01	4.953121e-01	3.121227e-12	
352	1.637500e-08	4.953227e-01	4.953121e-01	3.121159e-12	
353	1.642500e-08	4.953227e-01	4.953121e-01	3.121076e-12	
354	1.647500e-08	4.953227e-01	4.953121e-01	3.121008e-12	
355	1.652500e-08	4.953227e-01	4.953121e-01	3.120926e-12	
356	1.657500e-08	4.953227e-01	4.953121e-01	3.120858e-12	
357	1.662500e-08	4.953227e-01	4.953121e-01	3.120775e-12	
358	1.667500e-08	4.953226e-01	4.953121e-01	3.120707e-12	
359	1.672500e-08	4.953226e-01	4.953121e-01	3.120624e-12	
360	1.677500e-08	4.953226e-01	4.953121e-01	3.120556e-12	
361	1.682500e-08	4.953226e-01	4.953120e-01	3.120473e-12	
362	1.687500e-08	4.953226e-01	4.953120e-01	3.120405e-12	
363	1.692500e-08	4.953226e-01	4.953120e-01	3.120323e-12	
364	1.697500e-08	4.953226e-01	4.953120e-01	3.120255e-12	
365	1.702500e-08	4.953226e-01	4.953120e-01	3.120172e-12	
366	1.707500e-08	4.953226e-01	4.953120e-01	3.120104e-12	
367	1.712500e-08	4.953226e-01	4.953120e-01	3.120021e-12	
368	1.717500e-08	4.953226e-01	4.953120e-01	3.119953e-12	
369	1.722500e-08	4.953226e-01	4.953120e-01	3.119870e-12	
370	1.727500e-08	4.953226e-01	4.953120e-01	3.119802e-12	
371	1.732500e-08	4.953225e-01	4.953120e-01	3.119720e-12	
372	1.737500e-08	4.953225e-01	4.953120e-01	3.119652e-12	
373	1.742500e-08	4.953225e-01	4.953120e-01	3.119569e-12	
374	1.747500e-08	4.953225e-01	4.953120e-01	3.119501e-12	
375	1.752500e-08	4.953225e-01	4.953119e-01	3.119418e-12	
376	1.757500e-08	4.953225e-01	4.953119e-01	3.119350e-12	
377	1.762500e-08	4.953225e-01	4.953119e-01	3.119268e-12	
378	1.767500e-08	4.953225e-01	4.953119e-01	3.119199e-12	
379	1.772500e-08	4.953225e-01	4.953119e-01	3.119117e-12	
380	1.777500e-08	4.953225e-01	4.953119e-01	3.119049e-12	
381	1.782500e-08	4.953225e-01	4.953119e-01	3.118966e-12	
382	1.787500e-08	4.953225e-01	4.953119e-01	3.118898e-12	
383	1.792500e-08	4.953225e-01	4.953119e-01	3.118816e-12	
384	1.797500e-08	4.953224e-01	4.953119e-01	3.118747e-12	
385	1.802500e-08	4.953224e-01	4.953119e-01	3.118665e-12	
386	1.807500e-08	4.953224e-01	4.953119e-01	3.118597e-12	
387	1.812500e-08	4.953224e-01	4.953119e-01	3.118514e-12	
388	1.817500e-08	4.953224e-01	4.953118e-01	3.118446e-12	
389	1.822500e-08	4.953224e-01	4.953118e-01	3.118364e-12	
390	1.827500e-08	4.953224e-01	4.953118e-01	3.118295e-12	
391	1.832500e-08	4.953224e-01	4.953118e-01	3.118213e-12	
392	1.837500e-08	4.953224e-01	4.953118e-01	3.118145e-12	
393	1.842500e-08	4.953224e-01	4.953118e-01	3.118063e-12	
394	1.847500e-08	4.953224e-01	4.953118e-01	3.117994e-12	
395	1.852500e-08	4.953224e-01	4.953118e-01	3.117912e-12	
396	1.857500e-08	4.953224e-01	4.953118e-01	3.117843e-12	
397	1.862500e-08	4.953223e-01	4.953118e-01	3.117761e-12	
398	1.867500e-08	4.953223e-01	4.953118e-01	3.117693e-12	
399	1.872500e-08	4.953223e-01	4.953118e-01	3.117611e-12	
400	1.877500e-08	4.953223e-01	4.953118e-01	3.117542e-12	
401	1.882500e-08	4.953223e-01	4.953117e-01	3.117460e-12	
402	1.887500e-08	4.953223e-01	4.953117e-01	3.117391e-12	

Index   time            v(cell)         v(bl)           vpre#branch     
--------------------------------------------------------------------------------
403	1.892500e-08	4.953223e-01	4.953117e-01	3.117310e-12	
404	1.897500e-08	4.953223e-01	4.953117e-01	3.117241e-12	
405	1.902500e-08	4.953223e-01	4.953117e-01	3.117159e-12	
406	1.907500e-08	4.953223e-01	4.953117e-01	3.117090e-12	
407	1.912500e-08	4.953223e-01	4.953117e-01	3.117008e-12	
408	1.917500e-08	4.953223e-01	4.953117e-01	3.116940e-12	
409	1.922500e-08	4.953223e-01	4.953117e-01	3.116858e-12	
410	1.927500e-08	4.953222e-01	4.953117e-01	3.116789e-12	
411	1.932500e-08	4.953222e-01	4.953117e-01	3.116707e-12	
412	1.937500e-08	4.953222e-01	4.953117e-01	3.116638e-12	
413	1.942500e-08	4.953222e-01	4.953117e-01	3.116557e-12	
414	1.947500e-08	4.953222e-01	4.953116e-01	3.116488e-12	
415	1.952500e-08	4.953222e-01	4.953116e-01	3.116406e-12	
416	1.957500e-08	4.953222e-01	4.953116e-01	3.116337e-12	
417	1.962500e-08	4.953222e-01	4.953116e-01	3.116256e-12	
418	1.967500e-08	4.953222e-01	4.953116e-01	3.116187e-12	
419	1.972500e-08	4.953222e-01	4.953116e-01	3.116105e-12	
420	1.977500e-08	4.953222e-01	4.953116e-01	3.116036e-12	
421	1.982500e-08	4.953222e-01	4.953116e-01	3.115955e-12	
422	1.987500e-08	4.953221e-01	4.953116e-01	3.115886e-12	
423	1.992500e-08	4.953221e-01	4.953116e-01	3.115804e-12	
424	1.997500e-08	4.953221e-01	4.953116e-01	3.115735e-12	
425	2.002500e-08	4.953221e-01	4.953116e-01	3.115654e-12	
426	2.007500e-08	4.953221e-01	4.953116e-01	3.115584e-12	
427	2.012500e-08	4.953221e-01	4.953116e-01	3.115503e-12	
428	2.017500e-08	4.953221e-01	4.953115e-01	3.115434e-12	
429	2.022500e-08	4.953221e-01	4.953115e-01	3.115353e-12	
430	2.027500e-08	4.953221e-01	4.953115e-01	3.115283e-12	
431	2.032500e-08	4.953221e-01	4.953115e-01	3.115202e-12	
432	2.037500e-08	4.953221e-01	4.953115e-01	3.115133e-12	
433	2.042500e-08	4.953221e-01	4.953115e-01	3.115052e-12	
434	2.047500e-08	4.953221e-01	4.953115e-01	3.114982e-12	
435	2.052500e-08	4.953220e-01	4.953115e-01	3.114901e-12	
436	2.057500e-08	4.953220e-01	4.953115e-01	3.114832e-12	
437	2.062500e-08	4.953220e-01	4.953115e-01	3.114751e-12	
438	2.067500e-08	4.953220e-01	4.953115e-01	3.114681e-12	
439	2.072500e-08	4.953220e-01	4.953115e-01	3.114600e-12	
440	2.077500e-08	4.953220e-01	4.953115e-01	3.114531e-12	
441	2.082500e-08	4.953220e-01	4.953114e-01	3.114450e-12	
442	2.087500e-08	4.953220e-01	4.953114e-01	3.114380e-12	
443	2.092500e-08	4.953220e-01	4.953114e-01	3.114299e-12	
444	2.097500e-08	4.953220e-01	4.953114e-01	3.114230e-12	
445	2.102500e-08	4.953220e-01	4.953114e-01	3.114149e-12	
446	2.107500e-08	4.953220e-01	4.953114e-01	3.114080e-12	
447	2.112500e-08	4.953220e-01	4.953114e-01	3.113999e-12	
448	2.117500e-08	4.953219e-01	4.953114e-01	3.113929e-12	
449	2.122500e-08	4.953219e-01	4.953114e-01	3.113848e-12	
450	2.127500e-08	4.953219e-01	4.953114e-01	3.113779e-12	
451	2.132500e-08	4.953219e-01	4.953114e-01	3.113698e-12	
452	2.137500e-08	4.953219e-01	4.953114e-01	3.113628e-12	
453	2.142500e-08	4.953219e-01	4.953114e-01	3.113547e-12	
454	2.147500e-08	4.953219e-01	4.953113e-01	3.113478e-12	
455	2.152500e-08	4.953219e-01	4.953113e-01	3.113397e-12	
456	2.157500e-08	4.953219e-01	4.953113e-01	3.113327e-12	
457	2.162500e-08	4.953219e-01	4.953113e-01	3.113247e-12	
458	2.167500e-08	4.953219e-01	4.953113e-01	3.113177e-12	
459	2.172500e-08	4.953219e-01	4.953113e-01	3.113096e-12	
460	2.177500e-08	4.953219e-01	4.953113e-01	3.113026e-12	

Index   time            v(cell)         v(bl)           vpre#branch     
--------------------------------------------------------------------------------
461	2.182500e-08	4.953218e-01	4.953113e-01	3.112946e-12	
462	2.187500e-08	4.953218e-01	4.953113e-01	3.112876e-12	
463	2.192500e-08	4.953218e-01	4.953113e-01	3.112795e-12	
464	2.196250e-08	4.953218e-01	4.953113e-01	3.112744e-12	
465	2.200000e-08	4.953218e-01	4.953113e-01	3.112683e-12	
466	2.200500e-08	4.953196e-01	4.909550e-01	-4.04501e-11	
467	2.201500e-08	4.953152e-01	4.824598e-01	-1.25402e-10	
468	2.203500e-08	4.953061e-01	4.661894e-01	-2.88106e-10	
469	2.207500e-08	4.952880e-01	4.347473e-01	-6.02527e-10	
470	2.212500e-08	4.952658e-01	3.967298e-01	-9.82702e-10	
471	2.217500e-08	4.952440e-01	3.598797e-01	-1.35120e-09	
472	2.222500e-08	4.952227e-01	3.241815e-01	-1.70818e-09	
473	2.227500e-08	4.952017e-01	2.896826e-01	-2.05317e-09	
474	2.232500e-08	4.951812e-01	2.564664e-01	-2.38534e-09	
475	2.237500e-08	4.951608e-01	2.246162e-01	-2.70384e-09	
476	2.242500e-08	4.951407e-01	1.942007e-01	-3.00799e-09	
477	2.247500e-08	4.951208e-01	1.652664e-01	-3.29734e-09	
478	2.252500e-08	4.951009e-01	1.378340e-01	-3.57166e-09	
479	2.257500e-08	4.950812e-01	1.118780e-01	-3.83122e-09	
480	2.262500e-08	4.950614e-01	8.737819e-02	-4.07622e-09	
481	2.267500e-08	4.950417e-01	6.431457e-02	-4.30685e-09	
482	2.272500e-08	4.950221e-01	4.262491e-02	-4.52375e-09	
483	2.277500e-08	4.950024e-01	2.224054e-02	-4.72759e-09	
484	2.282500e-08	4.949827e-01	3.090362e-03	-4.91910e-09	
485	2.287500e-08	4.949631e-01	-1.48964e-02	-5.09896e-09	
486	2.292500e-08	4.949434e-01	-3.17883e-02	-5.26788e-09	
487	2.296250e-08	4.949286e-01	-4.37765e-02	-5.38777e-09	
488	2.300000e-08	4.949139e-01	-5.52125e-02	-5.50213e-09	
489	2.300500e-08	4.949139e-01	-5.17732e-02	-5.46773e-09	
490	2.301500e-08	4.949139e-01	-4.49376e-02	-5.39938e-09	
491	2.303500e-08	4.949139e-01	-3.15213e-02	-5.26521e-09	
492	2.307500e-08	4.949139e-01	-5.67655e-03	-5.00677e-09	
493	2.312500e-08	4.949139e-01	2.485614e-02	-4.70144e-09	
494	2.317500e-08	4.949139e-01	5.352682e-02	-4.41473e-09	
495	2.322500e-08	4.949139e-01	8.044907e-02	-4.14551e-09	
496	2.327500e-08	4.949139e-01	1.057295e-01	-3.89270e-09	
497	2.332500e-08	4.949139e-01	1.294683e-01	-3.65532e-09	
498	2.337500e-08	4.949139e-01	1.517594e-01	-3.43241e-09	
499	2.342500e-08	4.949139e-01	1.726912e-01	-3.22309e-09	
500	2.347500e-08	4.949139e-01	1.923465e-01	-3.02654e-09	
501	2.352500e-08	4.949139e-01	2.108031e-01	-2.84197e-09	
502	2.357500e-08	4.949139e-01	2.281342e-01	-2.66866e-09	
503	2.362500e-08	4.949139e-01	2.444084e-01	-2.50592e-09	
504	2.367500e-08	4.949139e-01	2.596902e-01	-2.35310e-09	
505	2.372500e-08	4.949139e-01	2.740400e-01	-2.20960e-09	
506	2.377500e-08	4.949139e-01	2.875148e-01	-2.07485e-09	
507	2.382500e-08	4.949139e-01	3.001678e-01	-1.94832e-09	
508	2.387500e-08	4.949139e-01	3.120492e-01	-1.82951e-09	
509	2.392500e-08	4.949139e-01	3.232060e-01	-1.71794e-09	
510	2.397500e-08	4.949139e-01	3.336825e-01	-1.61317e-09	
511	2.402500e-08	4.949139e-01	3.435201e-01	-1.51480e-09	
512	2.407500e-08	4.949139e-01	3.527577e-01	-1.42242e-09	
513	2.412500e-08	4.949139e-01	3.614321e-01	-1.33568e-09	
514	2.417500e-08	4.949139e-01	3.695774e-01	-1.25423e-09	
515	2.422500e-08	4.949139e-01	3.772260e-01	-1.17774e-09	
516	2.427500e-08	4.949139e-01	3.844082e-01	-1.10592e-09	
517	2.432500e-08	4.949139e-01	3.911524e-01	-1.03848e-09	
518	2.437500e-08	4.949139e-01	3.974853e-01	-9.75147e-10	

Index   time            v(cell)         v(bl)           vpre#branch     
--------------------------------------------------------------------------------
519	2.442500e-08	4.949139e-01	4.034320e-01	-9.15680e-10	
520	2.447500e-08	4.949139e-01	4.090161e-01	-8.59839e-10	
521	2.452500e-08	4.949139e-01	4.142596e-01	-8.07404e-10	
522	2.457500e-08	4.949139e-01	4.191834e-01	-7.58166e-10	
523	2.462500e-08	4.949139e-01	4.238069e-01	-7.11931e-10	
524	2.467500e-08	4.949139e-01	4.281484e-01	-6.68516e-10	
525	2.472500e-08	4.949139e-01	4.322252e-01	-6.27748e-10	
526	2.477500e-08	4.949139e-01	4.360534e-01	-5.89466e-10	
527	2.482500e-08	4.949139e-01	4.396481e-01	-5.53519e-10	
528	2.487500e-08	4.949139e-01	4.430236e-01	-5.19764e-10	
529	2.492500e-08	4.949139e-01	4.461933e-01	-4.88067e-10	
530	2.497500e-08	4.949139e-01	4.491697e-01	-4.58303e-10	
531	2.502500e-08	4.949139e-01	4.519645e-01	-4.30355e-10	
532	2.507500e-08	4.949139e-01	4.545890e-01	-4.04110e-10	
533	2.512500e-08	4.949139e-01	4.570533e-01	-3.79467e-10	
534	2.517500e-08	4.949139e-01	4.593674e-01	-3.56326e-10	
535	2.522500e-08	4.949139e-01	4.615404e-01	-3.34596e-10	
536	2.527500e-08	4.949139e-01	4.635809e-01	-3.14191e-10	
537	2.532500e-08	4.949139e-01	4.654969e-01	-2.95031e-10	
538	2.537500e-08	4.949139e-01	4.672961e-01	-2.77039e-10	
539	2.542500e-08	4.949139e-01	4.689855e-01	-2.60145e-10	
540	2.547500e-08	4.949139e-01	4.705720e-01	-2.44280e-10	
541	2.552500e-08	4.949139e-01	4.720616e-01	-2.29384e-10	
542	2.557500e-08	4.949139e-01	4.734605e-01	-2.15395e-10	
543	2.562500e-08	4.949139e-01	4.747740e-01	-2.02260e-10	
544	2.567500e-08	4.949139e-01	4.760075e-01	-1.89925e-10	
545	2.572500e-08	4.949139e-01	4.771657e-01	-1.78343e-10	
546	2.577500e-08	4.949139e-01	4.782533e-01	-1.67467e-10	
547	2.582500e-08	4.949139e-01	4.792745e-01	-1.57255e-10	
548	2.587500e-08	4.949139e-01	4.802335e-01	-1.47665e-10	
549	2.592500e-08	4.949139e-01	4.811340e-01	-1.38660e-10	
550	2.597500e-08	4.949139e-01	4.819796e-01	-1.30204e-10	
551	2.602500e-08	4.949139e-01	4.827736e-01	-1.22264e-10	
552	2.607500e-08	4.949139e-01	4.835192e-01	-1.14808e-10	
553	2.612500e-08	4.949139e-01	4.842193e-01	-1.07807e-10	
554	2.617500e-08	4.949139e-01	4.848768e-01	-1.01232e-10	
555	2.622500e-08	4.949139e-01	4.854941e-01	-9.50588e-11	
556	2.627500e-08	4.949139e-01	4.860738e-01	-8.92618e-11	
557	2.632500e-08	4.949139e-01	4.866182e-01	-8.38184e-11	
558	2.637500e-08	4.949139e-01	4.871293e-01	-7.87069e-11	
559	2.642500e-08	4.949139e-01	4.876093e-01	-7.39072e-11	
560	2.647500e-08	4.949139e-01	4.880600e-01	-6.94001e-11	
561	2.652500e-08	4.949139e-01	4.884832e-01	-6.51679e-11	
562	2.657500e-08	4.949139e-01	4.888806e-01	-6.11938e-11	
563	2.662500e-08	4.949139e-01	4.892538e-01	-5.74620e-11	
564	2.667500e-08	4.949139e-01	4.896042e-01	-5.39578e-11	
565	2.672500e-08	4.949139e-01	4.899333e-01	-5.06673e-11	
566	2.677500e-08	4.949139e-01	4.902423e-01	-4.75775e-11	
567	2.682500e-08	4.949139e-01	4.905324e-01	-4.46761e-11	
568	2.687500e-08	4.949139e-01	4.908048e-01	-4.19516e-11	
569	2.692500e-08	4.949139e-01	4.910607e-01	-3.93933e-11	
570	2.697500e-08	4.949139e-01	4.913009e-01	-3.69910e-11	
571	2.702500e-08	4.949139e-01	4.915265e-01	-3.47352e-11	
572	2.707500e-08	4.949139e-01	4.917383e-01	-3.26169e-11	
573	2.712500e-08	4.949139e-01	4.919372e-01	-3.06278e-11	
574	2.717500e-08	4.949139e-01	4.921240e-01	-2.87601e-11	
575	2.722500e-08	4.949139e-01	4.922994e-01	-2.70062e-11	
576	2.727500e-08	4.949139e-01	4.924641e-01	-2.53593e-11	

Index   time            v(cell)         v(bl)           vpre#branch     
--------------------------------------------------------------------------------
577	2.732500e-08	4.949139e-01	4.926187e-01	-2.38128e-11	
578	2.737500e-08	4.949139e-01	4.927639e-01	-2.23606e-11	
579	2.742500e-08	4.949139e-01	4.929003e-01	-2.09970e-11	
580	2.747500e-08	4.949139e-01	4.930283e-01	-1.97166e-11	
581	2.752500e-08	4.949139e-01	4.931486e-01	-1.85142e-11	
582	2.757500e-08	4.949139e-01	4.932615e-01	-1.73852e-11	
583	2.762500e-08	4.949139e-01	4.933675e-01	-1.63250e-11	
584	2.767500e-08	4.949139e-01	4.934671e-01	-1.53294e-11	
585	2.772500e-08	4.949139e-01	4.935605e-01	-1.43946e-11	
586	2.777500e-08	4.949139e-01	4.936483e-01	-1.35168e-11	
587	2.782500e-08	4.949139e-01	4.937308e-01	-1.26925e-11	
588	2.787500e-08	4.949139e-01	4.938082e-01	-1.19185e-11	
589	2.792500e-08	4.949139e-01	4.938808e-01	-1.11916e-11	
590	2.797500e-08	4.949139e-01	4.939491e-01	-1.05091e-11	
591	2.802500e-08	4.949139e-01	4.940132e-01	-9.86826e-12	
592	2.807500e-08	4.949139e-01	4.940734e-01	-9.26647e-12	
593	2.812500e-08	4.949139e-01	4.941299e-01	-8.70137e-12	
594	2.817500e-08	4.949139e-01	4.941829e-01	-8.17074e-12	
595	2.822500e-08	4.949139e-01	4.942328e-01	-7.67247e-12	
596	2.827500e-08	4.949139e-01	4.942795e-01	-7.20458e-12	
597	2.832500e-08	4.949139e-01	4.943235e-01	-6.76522e-12	
598	2.837500e-08	4.949139e-01	4.943647e-01	-6.35266e-12	
599	2.842500e-08	4.949139e-01	4.944035e-01	-5.96526e-12	
600	2.847500e-08	4.949139e-01	4.944399e-01	-5.60148e-12	
601	2.852500e-08	4.949139e-01	4.944740e-01	-5.25989e-12	
602	2.857500e-08	4.949139e-01	4.945061e-01	-4.93912e-12	
603	2.862500e-08	4.949139e-01	4.945362e-01	-4.63792e-12	
604	2.867500e-08	4.949139e-01	4.945645e-01	-4.35509e-12	
605	2.872500e-08	4.949139e-01	4.945910e-01	-4.08950e-12	
606	2.877500e-08	4.949139e-01	4.946160e-01	-3.84012e-12	
607	2.882500e-08	4.949139e-01	4.946394e-01	-3.60593e-12	
608	2.887500e-08	4.949139e-01	4.946614e-01	-3.38603e-12	
609	2.892500e-08	4.949139e-01	4.946820e-01	-3.17955e-12	
610	2.897500e-08	4.949139e-01	4.947014e-01	-2.98565e-12	
611	2.902500e-08	4.949139e-01	4.947196e-01	-2.80357e-12	
612	2.907500e-08	4.949139e-01	4.947367e-01	-2.63260e-12	
613	2.912500e-08	4.949139e-01	4.947528e-01	-2.47206e-12	
614	2.917500e-08	4.949139e-01	4.947679e-01	-2.32131e-12	
615	2.922500e-08	4.949139e-01	4.947820e-01	-2.17975e-12	
616	2.927500e-08	4.949139e-01	4.947953e-01	-2.04682e-12	
617	2.932500e-08	4.949139e-01	4.948078e-01	-1.92200e-12	
618	2.937500e-08	4.949139e-01	4.948195e-01	-1.80479e-12	
619	2.942500e-08	4.949139e-01	4.948305e-01	-1.69473e-12	
620	2.947500e-08	4.949139e-01	4.948409e-01	-1.59138e-12	
621	2.952500e-08	4.949139e-01	4.948506e-01	-1.49433e-12	
622	2.957500e-08	4.949139e-01	4.948597e-01	-1.40321e-12	
623	2.962500e-08	4.949139e-01	4.948682e-01	-1.31763e-12	
624	2.967500e-08	4.949139e-01	4.948763e-01	-1.23728e-12	
625	2.972500e-08	4.949139e-01	4.948838e-01	-1.16183e-12	
626	2.977500e-08	4.949139e-01	4.948909e-01	-1.09098e-12	
627	2.982500e-08	4.949139e-01	4.948976e-01	-1.02445e-12	
628	2.987500e-08	4.949139e-01	4.949038e-01	-9.61973e-13	
629	2.992500e-08	4.949139e-01	4.949097e-01	-9.03309e-13	
630	2.997500e-08	4.949139e-01	4.949152e-01	-8.48223e-13	
631	3.002500e-08	4.949139e-01	4.949204e-01	-7.96496e-13	
632	3.007500e-08	4.949139e-01	4.949252e-01	-7.47923e-13	
633	3.012500e-08	4.949139e-01	4.949298e-01	-7.02313e-13	
634	3.017500e-08	4.949139e-01	4.949341e-01	-6.59484e-13	

Index   time            v(cell)         v(bl)           vpre#branch     
--------------------------------------------------------------------------------
635	3.022500e-08	4.949139e-01	4.949381e-01	-6.19267e-13	
636	3.027500e-08	4.949139e-01	4.949418e-01	-5.81502e-13	
637	3.032500e-08	4.949139e-01	4.949454e-01	-5.46041e-13	
638	3.037500e-08	4.949139e-01	4.949487e-01	-5.12742e-13	
639	3.042500e-08	4.949139e-01	4.949519e-01	-4.81473e-13	
640	3.047500e-08	4.949139e-01	4.949548e-01	-4.52112e-13	
641	3.052500e-08	4.949139e-01	4.949575e-01	-4.24541e-13	
642	3.057500e-08	4.949139e-01	4.949601e-01	-3.98651e-13	
643	3.062500e-08	4.949139e-01	4.949626e-01	-3.74340e-13	
644	3.067500e-08	4.949139e-01	4.949648e-01	-3.51512e-13	
645	3.072500e-08	4.949139e-01	4.949670e-01	-3.30076e-13	
646	3.077500e-08	4.949139e-01	4.949690e-01	-3.09947e-13	
647	3.082500e-08	4.949139e-01	4.949709e-01	-2.91045e-13	
648	3.087500e-08	4.949139e-01	4.949727e-01	-2.73297e-13	
649	3.092500e-08	4.949139e-01	4.949743e-01	-2.56630e-13	
650	3.097500e-08	4.949139e-01	4.949759e-01	-2.40980e-13	
651	3.102500e-08	4.949139e-01	4.949774e-01	-2.26285e-13	
652	3.107500e-08	4.949139e-01	4.949788e-01	-2.12485e-13	
653	3.112500e-08	4.949139e-01	4.949800e-01	-1.99527e-13	
654	3.117500e-08	4.949139e-01	4.949813e-01	-1.87360e-13	
655	3.122500e-08	4.949139e-01	4.949824e-01	-1.75934e-13	
656	3.127500e-08	4.949139e-01	4.949835e-01	-1.65205e-13	
657	3.132500e-08	4.949139e-01	4.949845e-01	-1.55130e-13	
658	3.137500e-08	4.949139e-01	4.949854e-01	-1.45670e-13	
659	3.142500e-08	4.949139e-01	4.949863e-01	-1.36787e-13	
660	3.147500e-08	4.949139e-01	4.949872e-01	-1.28445e-13	
661	3.152500e-08	4.949139e-01	4.949879e-01	-1.20612e-13	
662	3.157500e-08	4.949139e-01	4.949887e-01	-1.13257e-13	
663	3.162500e-08	4.949139e-01	4.949894e-01	-1.06350e-13	
664	3.167500e-08	4.949139e-01	4.949900e-01	-9.98647e-14	
665	3.172500e-08	4.949139e-01	4.949906e-01	-9.37747e-14	
666	3.177500e-08	4.949139e-01	4.949912e-01	-8.80560e-14	
667	3.182500e-08	4.949139e-01	4.949917e-01	-8.26861e-14	
668	3.187500e-08	4.949139e-01	4.949922e-01	-7.76437e-14	
669	3.192500e-08	4.949139e-01	4.949927e-01	-7.29088e-14	
670	3.197500e-08	4.949139e-01	4.949932e-01	-6.84626e-14	
671	3.202500e-08	4.949139e-01	4.949936e-01	-6.42876e-14	
672	3.207500e-08	4.949139e-01	4.949940e-01	-6.03672e-14	
673	3.212500e-08	4.949139e-01	4.949943e-01	-5.66858e-14	
674	3.217500e-08	4.949139e-01	4.949947e-01	-5.32290e-14	
675	3.222500e-08	4.949139e-01	4.949950e-01	-4.99829e-14	
676	3.227500e-08	4.949139e-01	4.949953e-01	-4.69349e-14	
677	3.232500e-08	4.949139e-01	4.949956e-01	-4.40727e-14	
678	3.237500e-08	4.949139e-01	4.949959e-01	-4.13850e-14	
679	3.242500e-08	4.949139e-01	4.949961e-01	-3.88612e-14	
680	3.247500e-08	4.949139e-01	4.949964e-01	-3.64914e-14	
681	3.252500e-08	4.949139e-01	4.949966e-01	-3.42660e-14	
682	3.257500e-08	4.949139e-01	4.949968e-01	-3.21764e-14	
683	3.262500e-08	4.949139e-01	4.949970e-01	-3.02142e-14	
684	3.267500e-08	4.949139e-01	4.949972e-01	-2.83717e-14	
685	3.272500e-08	4.949139e-01	4.949973e-01	-2.66415e-14	
686	3.277500e-08	4.949139e-01	4.949975e-01	-2.50168e-14	
687	3.282500e-08	4.949139e-01	4.949977e-01	-2.34913e-14	
688	3.287500e-08	4.949139e-01	4.949978e-01	-2.20587e-14	
689	3.292500e-08	4.949139e-01	4.949979e-01	-2.07135e-14	
690	3.297500e-08	4.949139e-01	4.949981e-01	-1.94504e-14	
691	3.302500e-08	4.949139e-01	4.949982e-01	-1.82642e-14	
692	3.307500e-08	4.949139e-01	4.949983e-01	-1.71504e-14	

Index   time            v(cell)         v(bl)           vpre#branch     
--------------------------------------------------------------------------------
693	3.312500e-08	4.949139e-01	4.949984e-01	-1.61046e-14	
694	3.317500e-08	4.949139e-01	4.949985e-01	-1.51225e-14	
695	3.322500e-08	4.949139e-01	4.949986e-01	-1.42003e-14	
696	3.327500e-08	4.949139e-01	4.949987e-01	-1.33343e-14	
697	3.332500e-08	4.949139e-01	4.949987e-01	-1.25212e-14	
698	3.337500e-08	4.949139e-01	4.949988e-01	-1.17576e-14	
699	3.342500e-08	4.949139e-01	4.949989e-01	-1.10406e-14	
700	3.347500e-08	4.949139e-01	4.949990e-01	-1.03673e-14	
701	3.352500e-08	4.949139e-01	4.949990e-01	-9.73510e-15	
702	3.357500e-08	4.949139e-01	4.949991e-01	-9.14143e-15	
703	3.362500e-08	4.949139e-01	4.949991e-01	-8.58397e-15	
704	3.367500e-08	4.949139e-01	4.949992e-01	-8.06051e-15	
705	3.372500e-08	4.949139e-01	4.949992e-01	-7.56897e-15	
706	3.377500e-08	4.949139e-01	4.949993e-01	-7.10740e-15	
707	3.382500e-08	4.949139e-01	4.949993e-01	-6.67398e-15	
708	3.387500e-08	4.949139e-01	4.949994e-01	-6.26699e-15	
709	3.392500e-08	4.949139e-01	4.949994e-01	-5.88482e-15	
710	3.397500e-08	4.949139e-01	4.949994e-01	-5.52596e-15	
711	3.402500e-08	4.949139e-01	4.949995e-01	-5.18898e-15	
712	3.407500e-08	4.949139e-01	4.949995e-01	-4.87255e-15	
713	3.412500e-08	4.949139e-01	4.949995e-01	-4.57542e-15	
714	3.417500e-08	4.949139e-01	4.949996e-01	-4.29641e-15	
715	3.422500e-08	4.949139e-01	4.949996e-01	-4.03441e-15	
716	3.427500e-08	4.949139e-01	4.949996e-01	-3.78839e-15	
717	3.432500e-08	4.949139e-01	4.949996e-01	-3.55738e-15	
718	3.437500e-08	4.949139e-01	4.949997e-01	-3.34045e-15	
719	3.442500e-08	4.949139e-01	4.949997e-01	-3.13675e-15	
720	3.447500e-08	4.949139e-01	4.949997e-01	-2.94547e-15	
721	3.452500e-08	4.949139e-01	4.949997e-01	-2.76586e-15	
722	3.457500e-08	4.949139e-01	4.949997e-01	-2.59720e-15	
723	3.462500e-08	4.949139e-01	4.949998e-01	-2.43882e-15	
724	3.467500e-08	4.949139e-01	4.949998e-01	-2.29010e-15	
725	3.472500e-08	4.949139e-01	4.949998e-01	-2.15046e-15	
726	3.477500e-08	4.949139e-01	4.949998e-01	-2.01933e-15	
727	3.482500e-08	4.949139e-01	4.949998e-01	-1.89619e-15	
728	3.487500e-08	4.949139e-01	4.949998e-01	-1.78057e-15	
729	3.492500e-08	4.949139e-01	4.949998e-01	-1.67199e-15	
730	3.497500e-08	4.949139e-01	4.949998e-01	-1.57004e-15	
731	3.502500e-08	4.949139e-01	4.949999e-01	-1.47430e-15	
732	3.507500e-08	4.949139e-01	4.949999e-01	-1.38441e-15	
733	3.512500e-08	4.949139e-01	4.949999e-01	-1.29999e-15	
734	3.517500e-08	4.949139e-01	4.949999e-01	-1.22072e-15	
735	3.522500e-08	4.949139e-01	4.949999e-01	-1.14629e-15	
736	3.527500e-08	4.949139e-01	4.949999e-01	-1.07640e-15	
737	3.532500e-08	4.949139e-01	4.949999e-01	-1.01076e-15	
738	3.537500e-08	4.949139e-01	4.949999e-01	-9.49135e-16	
739	3.542500e-08	4.949139e-01	4.949999e-01	-8.91264e-16	
740	3.547500e-08	4.949139e-01	4.949999e-01	-8.36922e-16	
741	3.552500e-08	4.949139e-01	4.949999e-01	-7.85894e-16	
742	3.557500e-08	4.949139e-01	4.949999e-01	-7.37978e-16	
743	3.562500e-08	4.949139e-01	4.949999e-01	-6.92984e-16	
744	3.567500e-08	4.949139e-01	4.949999e-01	-6.50734e-16	
745	3.572500e-08	4.949139e-01	4.949999e-01	-6.11060e-16	
746	3.577500e-08	4.949139e-01	4.949999e-01	-5.73806e-16	
747	3.582500e-08	4.949139e-01	4.949999e-01	-5.38823e-16	
748	3.587500e-08	4.949139e-01	4.949999e-01	-5.05974e-16	
749	3.592500e-08	4.949139e-01	4.950000e-01	-4.75128e-16	
750	3.597500e-08	4.949139e-01	4.950000e-01	-4.46164e-16	

Index   time            v(cell)         v(bl)           vpre#branch     
--------------------------------------------------------------------------------
751	3.602500e-08	4.949139e-01	4.950000e-01	-4.18965e-16	
752	3.607500e-08	4.949139e-01	4.950000e-01	-3.93425e-16	
753	3.612500e-08	4.949139e-01	4.950000e-01	-3.69442e-16	
754	3.617500e-08	4.949139e-01	4.950000e-01	-3.46922e-16	
755	3.622500e-08	4.949139e-01	4.950000e-01	-3.25776e-16	
756	3.627500e-08	4.949139e-01	4.950000e-01	-3.05919e-16	
757	3.632500e-08	4.949139e-01	4.950000e-01	-2.87273e-16	
758	3.637500e-08	4.949139e-01	4.950000e-01	-2.69764e-16	
759	3.642500e-08	4.949139e-01	4.950000e-01	-2.53323e-16	
760	3.647500e-08	4.949139e-01	4.950000e-01	-2.37885e-16	
761	3.652500e-08	4.949139e-01	4.950000e-01	-2.23388e-16	
762	3.657500e-08	4.949139e-01	4.950000e-01	-2.09775e-16	
763	3.662500e-08	4.949139e-01	4.950000e-01	-1.96992e-16	
764	3.667500e-08	4.949139e-01	4.950000e-01	-1.84989e-16	
765	3.672500e-08	4.949139e-01	4.950000e-01	-1.73717e-16	
766	3.677500e-08	4.949139e-01	4.950000e-01	-1.63133e-16	
767	3.682500e-08	4.949139e-01	4.950000e-01	-1.53195e-16	
768	3.687500e-08	4.949139e-01	4.950000e-01	-1.43862e-16	
769	3.692500e-08	4.949139e-01	4.950000e-01	-1.35099e-16	
770	3.697500e-08	4.949139e-01	4.950000e-01	-1.26870e-16	
771	3.702500e-08	4.949139e-01	4.950000e-01	-1.19142e-16	
772	3.707500e-08	4.949139e-01	4.950000e-01	-1.11886e-16	
773	3.712500e-08	4.949139e-01	4.950000e-01	-1.05072e-16	
774	3.717500e-08	4.949139e-01	4.950000e-01	-9.86742e-17	
775	3.722500e-08	4.949139e-01	4.950000e-01	-9.26666e-17	
776	3.727500e-08	4.949139e-01	4.950000e-01	-8.70254e-17	
777	3.732500e-08	4.949139e-01	4.950000e-01	-8.17282e-17	
778	3.737500e-08	4.949139e-01	4.950000e-01	-7.67536e-17	
779	3.742500e-08	4.949139e-01	4.950000e-01	-7.20824e-17	
780	3.747500e-08	4.949139e-01	4.950000e-01	-6.76965e-17	
781	3.752500e-08	4.949139e-01	4.950000e-01	-6.35780e-17	
782	3.757500e-08	4.949139e-01	4.950000e-01	-5.97103e-17	
783	3.762500e-08	4.949139e-01	4.950000e-01	-5.60784e-17	
784	3.767500e-08	4.949139e-01	4.950000e-01	-5.26685e-17	
785	3.772500e-08	4.949139e-01	4.950000e-01	-4.94660e-17	
786	3.777500e-08	4.949139e-01	4.950000e-01	-4.64589e-17	
787	3.782500e-08	4.949139e-01	4.950000e-01	-4.36356e-17	
788	3.787500e-08	4.949139e-01	4.950000e-01	-4.09844e-17	
789	3.792500e-08	4.949139e-01	4.950000e-01	-3.84949e-17	
790	3.797500e-08	4.949139e-01	4.950000e-01	-3.61572e-17	
791	3.802500e-08	4.949139e-01	4.950000e-01	-3.39621e-17	
792	3.807500e-08	4.949139e-01	4.950000e-01	-3.19009e-17	
793	3.812500e-08	4.949139e-01	4.950000e-01	-2.99653e-17	
794	3.817500e-08	4.949139e-01	4.950000e-01	-2.81478e-17	
795	3.822500e-08	4.949139e-01	4.950000e-01	-2.64411e-17	
796	3.827500e-08	4.949139e-01	4.950000e-01	-2.48385e-17	
797	3.832500e-08	4.949139e-01	4.950000e-01	-2.33336e-17	
798	3.837500e-08	4.949139e-01	4.950000e-01	-2.19205e-17	
799	3.842500e-08	4.949139e-01	4.950000e-01	-2.05932e-17	
800	3.847500e-08	4.949139e-01	4.950000e-01	-1.93468e-17	
801	3.852500e-08	4.949139e-01	4.950000e-01	-1.81768e-17	
802	3.857500e-08	4.949139e-01	4.950000e-01	-1.70782e-17	
803	3.862500e-08	4.949139e-01	4.950000e-01	-1.60466e-17	
804	3.867500e-08	4.949139e-01	4.950000e-01	-1.50779e-17	
805	3.872500e-08	4.949139e-01	4.950000e-01	-1.41678e-17	
806	3.877500e-08	4.949139e-01	4.950000e-01	-1.33133e-17	
807	3.882500e-08	4.949139e-01	4.950000e-01	-1.25112e-17	
808	3.887500e-08	4.949139e-01	4.950000e-01	-1.17581e-17	

Index   time            v(cell)         v(bl)           vpre#branch     
--------------------------------------------------------------------------------
809	3.892500e-08	4.949139e-01	4.950000e-01	-1.10509e-17	
810	3.897500e-08	4.949139e-01	4.950000e-01	-1.03869e-17	
811	3.902500e-08	4.949139e-01	4.950000e-01	-9.76330e-18	
812	3.907500e-08	4.949139e-01	4.950000e-01	-9.17776e-18	
813	3.912500e-08	4.949139e-01	4.950000e-01	-8.62792e-18	
814	3.917500e-08	4.949139e-01	4.950000e-01	-8.11162e-18	
815	3.922500e-08	4.949139e-01	4.950000e-01	-7.62639e-18	
816	3.927500e-08	4.949139e-01	4.950000e-01	-7.17033e-18	
817	3.932500e-08	4.949139e-01	4.950000e-01	-6.74250e-18	
818	3.937500e-08	4.949139e-01	4.950000e-01	-6.34118e-18	
819	3.942500e-08	4.949139e-01	4.950000e-01	-5.96433e-18	
820	3.947500e-08	4.949139e-01	4.950000e-01	-5.61004e-18	
821	3.952500e-08	4.949139e-01	4.950000e-01	-5.27737e-18	
822	3.957500e-08	4.949139e-01	4.950000e-01	-4.96539e-18	
823	3.962500e-08	4.949139e-01	4.950000e-01	-4.67244e-18	
824	3.967500e-08	4.949139e-01	4.950000e-01	-4.39735e-18	
825	3.972500e-08	4.949139e-01	4.950000e-01	-4.13904e-18	
826	3.977500e-08	4.949139e-01	4.950000e-01	-3.89648e-18	
827	3.982500e-08	4.949139e-01	4.950000e-01	-3.66871e-18	
828	3.987500e-08	4.949139e-01	4.950000e-01	-3.45484e-18	
829	3.992500e-08	4.949139e-01	4.950000e-01	-3.25401e-18	
830	3.996250e-08	4.949139e-01	4.950000e-01	-3.11152e-18	
831	4.000000e-08	4.949139e-01	4.950000e-01	-2.97547e-18	


Total analysis time (seconds) = 0.48545

Total elapsed time (seconds) = 0.498 

Total DRAM available = 386307.215 MB.
DRAM currently available = 20672.070 MB.
Maximum ngspice program size =  529.719 MB.
Current ngspice program size =   14.238 MB.

Shared ngspice pages =   12.398 MB.
Text (code) pages =    6.266 MB.
Stack = 0 bytes.
Library pages =   59.137 MB.

