
Note: No compatibility mode selected!


Circuit: * id-vg sweep vds=0.9900v

Doing analysis at TEMP = 27.000000 and TNOM = 27.000000

Using SPARSE 1.3 as Direct Linear Solver

No. of Data Rows : 201

  Measurements for DC Analysis

ion                 =  -2.46444e-06 at=  9.90000e-01
ioff                =  -7.76213e-14

                           * id-vg sweep vds=0.9900v
                           DC transfer characteristic  Tue Jun 23 16:33:16  2026
--------------------------------------------------------------------------------
Index   v-sweep         vd#branch       
--------------------------------------------------------------------------------
0	0.000000e+00	-7.76213e-14	
1	4.950000e-03	-8.67387e-14	
2	9.900000e-03	-9.75496e-14	
3	1.485000e-02	-1.09708e-13	
4	1.980000e-02	-1.23382e-13	
5	2.475000e-02	-1.38760e-13	
6	2.970000e-02	-1.56054e-13	
7	3.465000e-02	-1.75504e-13	
8	3.960000e-02	-1.97379e-13	
9	4.455000e-02	-2.21980e-13	
10	4.950000e-02	-2.49646e-13	
11	5.445000e-02	-2.80762e-13	
12	5.940000e-02	-3.15755e-13	
13	6.435000e-02	-3.55110e-13	
14	6.930000e-02	-3.99370e-13	
15	7.425000e-02	-4.49146e-13	
16	7.920000e-02	-5.05126e-13	
17	8.415000e-02	-5.68084e-13	
18	8.910000e-02	-6.38888e-13	
19	9.405000e-02	-7.18517e-13	
20	9.900000e-02	-8.08070e-13	
21	1.039500e-01	-9.08785e-13	
22	1.089000e-01	-1.02205e-12	
23	1.138500e-01	-1.14944e-12	
24	1.188000e-01	-1.29270e-12	
25	1.237500e-01	-1.45382e-12	
26	1.287000e-01	-1.63501e-12	
27	1.336500e-01	-1.83880e-12	
28	1.386000e-01	-2.06798e-12	
29	1.435500e-01	-2.32572e-12	
30	1.485000e-01	-2.61558e-12	
31	1.534500e-01	-2.94158e-12	
32	1.584000e-01	-3.30820e-12	
33	1.633500e-01	-3.72051e-12	
34	1.683000e-01	-4.18421e-12	
35	1.732500e-01	-4.70571e-12	
36	1.782000e-01	-5.29219e-12	
37	1.831500e-01	-5.95177e-12	
38	1.881000e-01	-6.69354e-12	
39	1.930500e-01	-7.52776e-12	
40	1.980000e-01	-8.46595e-12	
41	2.029500e-01	-9.52105e-12	
42	2.079000e-01	-1.07076e-11	
43	2.128500e-01	-1.20421e-11	
44	2.178000e-01	-1.35428e-11	
45	2.227500e-01	-1.52306e-11	
46	2.277000e-01	-1.71287e-11	
47	2.326500e-01	-1.92632e-11	
48	2.376000e-01	-2.16638e-11	
49	2.425500e-01	-2.43634e-11	
50	2.475000e-01	-2.73994e-11	
51	2.524500e-01	-3.08136e-11	
52	2.574000e-01	-3.46532e-11	
53	2.623500e-01	-3.89710e-11	
54	2.673000e-01	-4.38267e-11	

Index   v-sweep         vd#branch       
--------------------------------------------------------------------------------
55	2.722500e-01	-4.92872e-11	
56	2.772000e-01	-5.54278e-11	
57	2.821500e-01	-6.23330e-11	
58	2.871000e-01	-7.00980e-11	
59	2.920500e-01	-7.88298e-11	
60	2.970000e-01	-8.86486e-11	
61	3.019500e-01	-9.96895e-11	
62	3.069000e-01	-1.12104e-10	
63	3.118500e-01	-1.26064e-10	
64	3.168000e-01	-1.41760e-10	
65	3.217500e-01	-1.59408e-10	
66	3.267000e-01	-1.79250e-10	
67	3.316500e-01	-2.02848e-10	
68	3.366000e-01	-2.28088e-10	
69	3.415500e-01	-2.56463e-10	
70	3.465000e-01	-2.88360e-10	
71	3.514500e-01	-3.24215e-10	
72	3.564000e-01	-3.64516e-10	
73	3.613500e-01	-4.09811e-10	
74	3.663000e-01	-4.60716e-10	
75	3.712500e-01	-5.17921e-10	
76	3.762000e-01	-5.82198e-10	
77	3.811500e-01	-6.54414e-10	
78	3.861000e-01	-7.35541e-10	
79	3.910500e-01	-8.26664e-10	
80	3.960000e-01	-9.29000e-10	
81	4.009500e-01	-1.04391e-09	
82	4.059000e-01	-1.17291e-09	
83	4.108500e-01	-1.31771e-09	
84	4.158000e-01	-1.48019e-09	
85	4.207500e-01	-1.66246e-09	
86	4.257000e-01	-1.86689e-09	
87	4.306500e-01	-2.09609e-09	
88	4.356000e-01	-2.35296e-09	
89	4.405500e-01	-2.64074e-09	
90	4.455000e-01	-2.96299e-09	
91	4.504500e-01	-3.32368e-09	
92	4.554000e-01	-3.72717e-09	
93	4.603500e-01	-4.17827e-09	
94	4.653000e-01	-4.68229e-09	
95	4.702500e-01	-5.24503e-09	
96	4.752000e-01	-5.87286e-09	
97	4.801500e-01	-6.57273e-09	
98	4.851000e-01	-7.35221e-09	
99	4.900500e-01	-8.21956e-09	
100	4.950000e-01	-9.18369e-09	
101	4.999500e-01	-1.02543e-08	
102	5.049000e-01	-1.14417e-08	
103	5.098500e-01	-1.27572e-08	
104	5.148000e-01	-1.42128e-08	
105	5.197500e-01	-1.58214e-08	
106	5.247000e-01	-1.75969e-08	
107	5.296500e-01	-1.95541e-08	
108	5.346000e-01	-2.17087e-08	
109	5.395500e-01	-2.40778e-08	
110	5.445000e-01	-2.66795e-08	
111	5.494500e-01	-2.95331e-08	
112	5.544000e-01	-3.26594e-08	

Index   v-sweep         vd#branch       
--------------------------------------------------------------------------------
113	5.593500e-01	-3.60807e-08	
114	5.643000e-01	-3.98207e-08	
115	5.692500e-01	-4.39048e-08	
116	5.742000e-01	-4.83603e-08	
117	5.791500e-01	-5.32159e-08	
118	5.841000e-01	-5.85019e-08	
119	5.890500e-01	-6.42504e-08	
120	5.940000e-01	-7.04945e-08	
121	5.989500e-01	-7.72684e-08	
122	6.039000e-01	-8.46067e-08	
123	6.088500e-01	-9.25445e-08	
124	6.138000e-01	-1.01116e-07	
125	6.187500e-01	-1.10356e-07	
126	6.237000e-01	-1.20295e-07	
127	6.286500e-01	-1.30965e-07	
128	6.336000e-01	-1.42393e-07	
129	6.385500e-01	-1.54604e-07	
130	6.435000e-01	-1.67620e-07	
131	6.484500e-01	-1.81459e-07	
132	6.534000e-01	-1.96135e-07	
133	6.583500e-01	-2.11657e-07	
134	6.633000e-01	-2.28031e-07	
135	6.682500e-01	-2.45260e-07	
136	6.732000e-01	-2.63341e-07	
137	6.781500e-01	-2.82269e-07	
138	6.831000e-01	-3.02034e-07	
139	6.880500e-01	-3.22625e-07	
140	6.930000e-01	-3.44027e-07	
141	6.979500e-01	-3.66225e-07	
142	7.029000e-01	-3.88814e-07	
143	7.078500e-01	-4.12556e-07	
144	7.128000e-01	-4.37036e-07	
145	7.177500e-01	-4.62231e-07	
146	7.227000e-01	-4.88119e-07	
147	7.276500e-01	-5.14679e-07	
148	7.326000e-01	-5.41888e-07	
149	7.375500e-01	-5.69723e-07	
150	7.425000e-01	-5.98164e-07	
151	7.474500e-01	-6.27187e-07	
152	7.524000e-01	-6.56772e-07	
153	7.573500e-01	-6.86899e-07	
154	7.623000e-01	-7.17547e-07	
155	7.672500e-01	-7.48696e-07	
156	7.722000e-01	-7.80329e-07	
157	7.771500e-01	-8.12426e-07	
158	7.821000e-01	-8.44971e-07	
159	7.870500e-01	-8.77946e-07	
160	7.920000e-01	-9.11335e-07	
161	7.969500e-01	-9.45123e-07	
162	8.019000e-01	-9.79295e-07	
163	8.068500e-01	-1.01384e-06	
164	8.118000e-01	-1.04873e-06	
165	8.167500e-01	-1.08398e-06	
166	8.217000e-01	-1.11955e-06	
167	8.266500e-01	-1.15544e-06	
168	8.316000e-01	-1.19163e-06	
169	8.365500e-01	-1.22813e-06	
170	8.415000e-01	-1.26491e-06	

Index   v-sweep         vd#branch       
--------------------------------------------------------------------------------
171	8.464500e-01	-1.30196e-06	
172	8.514000e-01	-1.33928e-06	
173	8.563500e-01	-1.37686e-06	
174	8.613000e-01	-1.41469e-06	
175	8.662500e-01	-1.45276e-06	
176	8.712000e-01	-1.49106e-06	
177	8.761500e-01	-1.52959e-06	
178	8.811000e-01	-1.56833e-06	
179	8.860500e-01	-1.60729e-06	
180	8.910000e-01	-1.64644e-06	
181	8.959500e-01	-1.68580e-06	
182	9.009000e-01	-1.72535e-06	
183	9.058500e-01	-1.76509e-06	
184	9.108000e-01	-1.80500e-06	
185	9.157500e-01	-1.84509e-06	
186	9.207000e-01	-1.88535e-06	
187	9.256500e-01	-1.92578e-06	
188	9.306000e-01	-1.96636e-06	
189	9.355500e-01	-2.00711e-06	
190	9.405000e-01	-2.04800e-06	
191	9.454500e-01	-2.08904e-06	
192	9.504000e-01	-2.13023e-06	
193	9.553500e-01	-2.17155e-06	
194	9.603000e-01	-2.21301e-06	
195	9.652500e-01	-2.25460e-06	
196	9.702000e-01	-2.29632e-06	
197	9.751500e-01	-2.33817e-06	
198	9.801000e-01	-2.38014e-06	
199	9.850500e-01	-2.42223e-06	
200	9.900000e-01	-2.46444e-06	


Total analysis time (seconds) = 0.142321

Total elapsed time (seconds) = 0.149 

Total DRAM available = 386307.215 MB.
DRAM currently available = 20776.691 MB.
Maximum ngspice program size =  529.723 MB.
Current ngspice program size =   14.113 MB.

Shared ngspice pages =   12.355 MB.
Text (code) pages =    6.266 MB.
Stack = 0 bytes.
Library pages =   59.141 MB.

