
Note: No compatibility mode selected!


Circuit: * id-vd sweep vgs=0.8100v

Doing analysis at TEMP = 27.000000 and TNOM = 27.000000

Using SPARSE 1.3 as Direct Linear Solver

No. of Data Rows : 101
                           * id-vd sweep vgs=0.8100v
                           DC transfer characteristic  Tue Jun 23 21:18:10  2026
--------------------------------------------------------------------------------
Index   v-sweep         vd#branch       v(d)            
--------------------------------------------------------------------------------
0	0.000000e+00	9.591938e-29	0.000000e+00	
1	8.100000e-03	-4.06480e-07	8.100000e-03	
2	1.620000e-02	-5.23434e-07	1.620000e-02	
3	2.430000e-02	-5.67720e-07	2.430000e-02	
4	3.240000e-02	-5.95557e-07	3.240000e-02	
5	4.050000e-02	-6.16028e-07	4.050000e-02	
6	4.860000e-02	-6.32357e-07	4.860000e-02	
7	5.670000e-02	-6.46043e-07	5.670000e-02	
8	6.480000e-02	-6.57904e-07	6.480000e-02	
9	7.290000e-02	-6.69035e-07	7.290000e-02	
10	8.100000e-02	-6.78418e-07	8.100000e-02	
11	8.910000e-02	-6.87054e-07	8.910000e-02	
12	9.720000e-02	-6.95083e-07	9.720000e-02	
13	1.053000e-01	-7.02613e-07	1.053000e-01	
14	1.134000e-01	-7.09722e-07	1.134000e-01	
15	1.215000e-01	-7.16476e-07	1.215000e-01	
16	1.296000e-01	-7.22922e-07	1.296000e-01	
17	1.377000e-01	-7.29103e-07	1.377000e-01	
18	1.458000e-01	-7.35051e-07	1.458000e-01	
19	1.539000e-01	-7.40792e-07	1.539000e-01	
20	1.620000e-01	-7.46351e-07	1.620000e-01	
21	1.701000e-01	-7.51745e-07	1.701000e-01	
22	1.782000e-01	-7.56992e-07	1.782000e-01	
23	1.863000e-01	-7.62106e-07	1.863000e-01	
24	1.944000e-01	-7.67098e-07	1.944000e-01	
25	2.025000e-01	-7.71979e-07	2.025000e-01	
26	2.106000e-01	-7.76758e-07	2.106000e-01	
27	2.187000e-01	-7.81444e-07	2.187000e-01	
28	2.268000e-01	-7.86044e-07	2.268000e-01	
29	2.349000e-01	-7.90563e-07	2.349000e-01	
30	2.430000e-01	-7.95009e-07	2.430000e-01	
31	2.511000e-01	-7.99386e-07	2.511000e-01	
32	2.592000e-01	-8.03698e-07	2.592000e-01	
33	2.673000e-01	-8.07950e-07	2.673000e-01	
34	2.754000e-01	-8.12146e-07	2.754000e-01	
35	2.835000e-01	-8.16290e-07	2.835000e-01	
36	2.916000e-01	-8.20383e-07	2.916000e-01	
37	2.997000e-01	-8.24430e-07	2.997000e-01	
38	3.078000e-01	-8.28432e-07	3.078000e-01	
39	3.159000e-01	-8.32393e-07	3.159000e-01	
40	3.240000e-01	-8.36315e-07	3.240000e-01	
41	3.321000e-01	-8.40199e-07	3.321000e-01	
42	3.402000e-01	-8.44048e-07	3.402000e-01	
43	3.483000e-01	-8.47864e-07	3.483000e-01	
44	3.564000e-01	-8.51647e-07	3.564000e-01	
45	3.645000e-01	-8.55400e-07	3.645000e-01	
46	3.726000e-01	-8.59124e-07	3.726000e-01	
47	3.807000e-01	-8.62820e-07	3.807000e-01	
48	3.888000e-01	-8.66491e-07	3.888000e-01	
49	3.969000e-01	-8.70136e-07	3.969000e-01	
50	4.050000e-01	-8.73757e-07	4.050000e-01	
51	4.131000e-01	-8.77355e-07	4.131000e-01	
52	4.212000e-01	-8.80931e-07	4.212000e-01	
53	4.293000e-01	-8.84485e-07	4.293000e-01	
54	4.374000e-01	-8.88020e-07	4.374000e-01	

Index   v-sweep         vd#branch       v(d)            
--------------------------------------------------------------------------------
55	4.455000e-01	-8.91535e-07	4.455000e-01	
56	4.536000e-01	-8.95032e-07	4.536000e-01	
57	4.617000e-01	-8.98510e-07	4.617000e-01	
58	4.698000e-01	-9.01972e-07	4.698000e-01	
59	4.779000e-01	-9.05417e-07	4.779000e-01	
60	4.860000e-01	-9.08846e-07	4.860000e-01	
61	4.941000e-01	-9.12259e-07	4.941000e-01	
62	5.022000e-01	-9.15658e-07	5.022000e-01	
63	5.103000e-01	-9.19043e-07	5.103000e-01	
64	5.184000e-01	-9.22413e-07	5.184000e-01	
65	5.265000e-01	-9.25771e-07	5.265000e-01	
66	5.346000e-01	-9.29116e-07	5.346000e-01	
67	5.427000e-01	-9.32448e-07	5.427000e-01	
68	5.508000e-01	-9.35768e-07	5.508000e-01	
69	5.589000e-01	-9.39077e-07	5.589000e-01	
70	5.670000e-01	-9.42375e-07	5.670000e-01	
71	5.751000e-01	-9.45662e-07	5.751000e-01	
72	5.832000e-01	-9.48938e-07	5.832000e-01	
73	5.913000e-01	-9.52205e-07	5.913000e-01	
74	5.994000e-01	-9.55461e-07	5.994000e-01	
75	6.075000e-01	-9.58708e-07	6.075000e-01	
76	6.156000e-01	-9.61946e-07	6.156000e-01	
77	6.237000e-01	-9.65175e-07	6.237000e-01	
78	6.318000e-01	-9.68395e-07	6.318000e-01	
79	6.399000e-01	-9.71607e-07	6.399000e-01	
80	6.480000e-01	-9.74811e-07	6.480000e-01	
81	6.561000e-01	-9.78007e-07	6.561000e-01	
82	6.642000e-01	-9.81195e-07	6.642000e-01	
83	6.723000e-01	-9.84376e-07	6.723000e-01	
84	6.804000e-01	-9.87550e-07	6.804000e-01	
85	6.885000e-01	-9.90716e-07	6.885000e-01	
86	6.966000e-01	-9.93876e-07	6.966000e-01	
87	7.047000e-01	-9.97029e-07	7.047000e-01	
88	7.128000e-01	-1.00018e-06	7.128000e-01	
89	7.209000e-01	-1.00332e-06	7.209000e-01	
90	7.290000e-01	-1.00645e-06	7.290000e-01	
91	7.371000e-01	-1.00958e-06	7.371000e-01	
92	7.452000e-01	-1.01270e-06	7.452000e-01	
93	7.533000e-01	-1.01582e-06	7.533000e-01	
94	7.614000e-01	-1.01893e-06	7.614000e-01	
95	7.695000e-01	-1.02204e-06	7.695000e-01	
96	7.776000e-01	-1.02514e-06	7.776000e-01	
97	7.857000e-01	-1.02823e-06	7.857000e-01	
98	7.938000e-01	-1.03132e-06	7.938000e-01	
99	8.019000e-01	-1.03441e-06	8.019000e-01	
100	8.100000e-01	-1.03749e-06	8.100000e-01	


Total analysis time (seconds) = 0.0333438

Total elapsed time (seconds) = 0.038 

Total DRAM available = 386307.215 MB.
DRAM currently available = 12753.496 MB.
Maximum ngspice program size =  529.723 MB.
Current ngspice program size =   13.961 MB.

Shared ngspice pages =   12.195 MB.
Text (code) pages =    6.266 MB.
Stack = 0 bytes.
Library pages =   59.141 MB.

