
Note: No compatibility mode selected!


Circuit: * 1t1c ccell=10.0ff

Doing analysis at TEMP = 27.000000 and TNOM = 27.000000

Using SPARSE 1.3 as Direct Linear Solver

Initial Transient Solution
--------------------------

Node                                   Voltage
----                                   -------
pre                                      0.405
bl                                       0.405
wl                                           0
plate                                        0
s                                            0
cell                                         0
vs#branch                                    0
vpl#branch                                   0
vwl#branch                                   0
vpre#branch                                  0


No. of Data Rows : 832

  Measurements for Transient Analysis

t_write             =  1.90072e-09
t_read              =  2.25768e-08
i_hold              =  -2.86504e-11 from=  2.50000e-08 to=  3.50250e-08
q_read              =   3.11854e-18 from=  1.20000e-08 to=  2.20000e-08

                              * 1t1c ccell=10.0ff
                              Transient Analysis  Tue Jun 23 23:55:40  2026
--------------------------------------------------------------------------------
Index   time            v(cell)         v(bl)           vpre#branch     
--------------------------------------------------------------------------------
0	0.000000e+00	0.000000e+00	4.050000e-01	0.000000e+00	
1	5.000000e-13	8.893960e-13	4.050000e-01	-1.19039e-17	
2	1.000000e-12	1.778752e-12	4.050000e-01	-2.30866e-17	
3	2.000000e-12	3.557460e-12	4.050000e-01	-4.54378e-17	
4	4.000000e-12	7.114874e-12	4.050000e-01	-9.00560e-17	
5	8.000000e-12	1.422970e-11	4.050000e-01	-1.78956e-16	
6	1.600000e-11	2.845936e-11	4.050000e-01	-3.55422e-16	
7	3.200000e-11	5.691867e-11	4.049999e-01	-7.03078e-16	
8	6.400000e-11	1.138373e-10	4.049999e-01	-1.37781e-15	
9	1.140000e-10	2.027726e-10	4.049998e-01	-2.37936e-15	
10	1.640000e-10	2.917079e-10	4.049997e-01	-3.31984e-15	
11	2.140000e-10	3.806432e-10	4.049996e-01	-4.20295e-15	
12	2.640000e-10	4.695784e-10	4.049995e-01	-5.03222e-15	
13	3.140000e-10	5.585136e-10	4.049994e-01	-5.81091e-15	
14	3.640000e-10	6.474489e-10	4.049993e-01	-6.54212e-15	
15	4.140000e-10	7.363840e-10	4.049993e-01	-7.22873e-15	
16	4.640000e-10	8.253192e-10	4.049992e-01	-7.87347e-15	
17	5.140000e-10	9.142544e-10	4.049992e-01	-8.47890e-15	
18	5.640000e-10	1.003190e-09	4.049991e-01	-9.04740e-15	
19	6.140000e-10	1.092125e-09	4.049990e-01	-9.58123e-15	
20	6.640000e-10	1.181060e-09	4.049990e-01	-1.00825e-14	
21	7.140000e-10	1.269995e-09	4.049989e-01	-1.05532e-14	
22	7.640000e-10	1.358930e-09	4.049989e-01	-1.09952e-14	
23	8.140000e-10	1.447865e-09	4.049989e-01	-1.14103e-14	
24	8.640000e-10	1.536800e-09	4.049988e-01	-1.18000e-14	
25	9.140000e-10	1.625735e-09	4.049988e-01	-1.21660e-14	
26	9.570000e-10	1.702219e-09	4.049988e-01	-1.24628e-14	
27	1.000000e-09	1.778703e-09	4.049987e-01	-1.27440e-14	
28	1.005000e-09	4.046806e-03	4.049987e-01	-1.27635e-14	
29	1.015000e-09	1.214037e-02	4.049987e-01	-1.27807e-14	
30	1.035000e-09	2.832751e-02	4.049987e-01	-1.27053e-14	
31	1.075000e-09	6.070177e-02	4.049988e-01	-1.22768e-14	
32	1.125000e-09	1.011696e-01	4.049988e-01	-1.15422e-14	
33	1.175000e-09	1.416374e-01	4.049989e-01	-1.08217e-14	
34	1.225000e-09	1.821053e-01	4.049990e-01	-1.01560e-14	
35	1.275000e-09	2.225731e-01	4.049990e-01	-9.53477e-15	
36	1.325000e-09	2.630409e-01	4.049991e-01	-8.95267e-15	
37	1.375000e-09	3.035088e-01	4.049992e-01	-8.40689e-15	
38	1.425000e-09	3.439766e-01	4.049992e-01	-7.89488e-15	
39	1.475000e-09	3.844444e-01	4.049993e-01	-7.41403e-15	
40	1.525000e-09	4.249123e-01	4.049993e-01	-6.96237e-15	
41	1.575000e-09	4.653801e-01	4.049993e-01	-6.53762e-15	
42	1.625000e-09	5.058479e-01	4.049994e-01	-6.13823e-15	
43	1.675000e-09	5.463158e-01	4.049994e-01	-5.76318e-15	
44	1.725000e-09	5.867836e-01	4.049995e-01	-5.41098e-15	
45	1.775000e-09	6.272514e-01	4.049995e-01	-5.08022e-15	
46	1.825000e-09	6.677193e-01	4.049995e-01	-4.76960e-15	
47	1.875000e-09	7.081871e-01	4.049996e-01	-4.47789e-15	
48	1.925000e-09	7.486549e-01	4.049996e-01	-4.20395e-15	
49	1.962500e-09	7.790058e-01	4.049996e-01	-4.00952e-15	
50	2.000000e-09	8.093567e-01	4.049996e-01	-3.82404e-15	
51	2.005000e-09	8.093567e-01	4.049996e-01	-3.80005e-15	
52	2.015000e-09	8.093567e-01	4.049996e-01	-3.75235e-15	
53	2.035000e-09	8.093567e-01	4.049996e-01	-3.65874e-15	
54	2.075000e-09	8.093567e-01	4.049997e-01	-3.47841e-15	

Index   time            v(cell)         v(bl)           vpre#branch     
--------------------------------------------------------------------------------
55	2.125000e-09	8.093567e-01	4.049997e-01	-3.26536e-15	
56	2.175000e-09	8.093567e-01	4.049997e-01	-3.06531e-15	
57	2.225000e-09	8.093567e-01	4.049997e-01	-2.87746e-15	
58	2.275000e-09	8.093567e-01	4.049997e-01	-2.70106e-15	
59	2.325000e-09	8.093567e-01	4.049997e-01	-2.53542e-15	
60	2.375000e-09	8.093567e-01	4.049998e-01	-2.37989e-15	
61	2.425000e-09	8.093567e-01	4.049998e-01	-2.23383e-15	
62	2.475000e-09	8.093567e-01	4.049998e-01	-2.09669e-15	
63	2.525000e-09	8.093567e-01	4.049998e-01	-1.96790e-15	
64	2.575000e-09	8.093567e-01	4.049998e-01	-1.84698e-15	
65	2.625000e-09	8.093567e-01	4.049998e-01	-1.73342e-15	
66	2.675000e-09	8.093567e-01	4.049998e-01	-1.62679e-15	
67	2.725000e-09	8.093567e-01	4.049998e-01	-1.52667e-15	
68	2.775000e-09	8.093567e-01	4.049999e-01	-1.43265e-15	
69	2.825000e-09	8.093567e-01	4.049999e-01	-1.34436e-15	
70	2.875000e-09	8.093567e-01	4.049999e-01	-1.26146e-15	
71	2.925000e-09	8.093567e-01	4.049999e-01	-1.18361e-15	
72	2.975000e-09	8.093567e-01	4.049999e-01	-1.11051e-15	
73	3.025000e-09	8.093567e-01	4.049999e-01	-1.04187e-15	
74	3.075000e-09	8.093567e-01	4.049999e-01	-9.77412e-16	
75	3.125000e-09	8.093567e-01	4.049999e-01	-9.16886e-16	
76	3.175000e-09	8.093567e-01	4.049999e-01	-8.60052e-16	
77	3.225000e-09	8.093567e-01	4.049999e-01	-8.06684e-16	
78	3.275000e-09	8.093567e-01	4.049999e-01	-7.56570e-16	
79	3.325000e-09	8.093567e-01	4.049999e-01	-7.09512e-16	
80	3.375000e-09	8.093567e-01	4.049999e-01	-6.65324e-16	
81	3.425000e-09	8.093567e-01	4.049999e-01	-6.23831e-16	
82	3.475000e-09	8.093567e-01	4.049999e-01	-5.84868e-16	
83	3.525000e-09	8.093567e-01	4.049999e-01	-5.48282e-16	
84	3.575000e-09	8.093567e-01	4.049999e-01	-5.13927e-16	
85	3.625000e-09	8.093567e-01	4.050000e-01	-4.81667e-16	
86	3.675000e-09	8.093567e-01	4.050000e-01	-4.51374e-16	
87	3.725000e-09	8.093567e-01	4.050000e-01	-4.22928e-16	
88	3.775000e-09	8.093567e-01	4.050000e-01	-3.96218e-16	
89	3.825000e-09	8.093567e-01	4.050000e-01	-3.71136e-16	
90	3.875000e-09	8.093567e-01	4.050000e-01	-3.47584e-16	
91	3.925000e-09	8.093567e-01	4.050000e-01	-3.25468e-16	
92	3.975000e-09	8.093567e-01	4.050000e-01	-3.04700e-16	
93	4.025000e-09	8.093567e-01	4.050000e-01	-2.85199e-16	
94	4.075000e-09	8.093567e-01	4.050000e-01	-2.66887e-16	
95	4.125000e-09	8.093567e-01	4.050000e-01	-2.49693e-16	
96	4.175000e-09	8.093567e-01	4.050000e-01	-2.33546e-16	
97	4.225000e-09	8.093567e-01	4.050000e-01	-2.18384e-16	
98	4.275000e-09	8.093567e-01	4.050000e-01	-2.04147e-16	
99	4.325000e-09	8.093567e-01	4.050000e-01	-1.90778e-16	
100	4.375000e-09	8.093567e-01	4.050000e-01	-1.78224e-16	
101	4.425000e-09	8.093567e-01	4.050000e-01	-1.66437e-16	
102	4.475000e-09	8.093567e-01	4.050000e-01	-1.55367e-16	
103	4.525000e-09	8.093567e-01	4.050000e-01	-1.44973e-16	
104	4.575000e-09	8.093567e-01	4.050000e-01	-1.35212e-16	
105	4.625000e-09	8.093567e-01	4.050000e-01	-1.26047e-16	
106	4.675000e-09	8.093567e-01	4.050000e-01	-1.17440e-16	
107	4.725000e-09	8.093567e-01	4.050000e-01	-1.09359e-16	
108	4.775000e-09	8.093567e-01	4.050000e-01	-1.01771e-16	
109	4.825000e-09	8.093567e-01	4.050000e-01	-9.46448e-17	
110	4.875000e-09	8.093567e-01	4.050000e-01	-8.79538e-17	
111	4.925000e-09	8.093567e-01	4.050000e-01	-8.16708e-17	
112	4.975000e-09	8.093567e-01	4.050000e-01	-7.57706e-17	

Index   time            v(cell)         v(bl)           vpre#branch     
--------------------------------------------------------------------------------
113	5.025000e-09	8.093567e-01	4.050000e-01	-7.02302e-17	
114	5.075000e-09	8.093567e-01	4.050000e-01	-6.50276e-17	
115	5.125000e-09	8.093567e-01	4.050000e-01	-6.01424e-17	
116	5.175000e-09	8.093567e-01	4.050000e-01	-5.55554e-17	
117	5.225000e-09	8.093567e-01	4.050000e-01	-5.12482e-17	
118	5.275000e-09	8.093567e-01	4.050000e-01	-4.72033e-17	
119	5.325000e-09	8.093567e-01	4.050000e-01	-4.34050e-17	
120	5.375000e-09	8.093567e-01	4.050000e-01	-3.98383e-17	
121	5.425000e-09	8.093567e-01	4.050000e-01	-3.64892e-17	
122	5.475000e-09	8.093567e-01	4.050000e-01	-3.33443e-17	
123	5.525000e-09	8.093567e-01	4.050000e-01	-3.03916e-17	
124	5.575000e-09	8.093567e-01	4.050000e-01	-2.76189e-17	
125	5.625000e-09	8.093567e-01	4.050000e-01	-2.50149e-17	
126	5.675000e-09	8.093567e-01	4.050000e-01	-2.25698e-17	
127	5.725000e-09	8.093567e-01	4.050000e-01	-2.02741e-17	
128	5.775000e-09	8.093567e-01	4.050000e-01	-1.81185e-17	
129	5.825000e-09	8.093567e-01	4.050000e-01	-1.60943e-17	
130	5.875000e-09	8.093567e-01	4.050000e-01	-1.41940e-17	
131	5.925000e-09	8.093567e-01	4.050000e-01	-1.24091e-17	
132	5.975000e-09	8.093567e-01	4.050000e-01	-1.07327e-17	
133	6.025000e-09	8.093567e-01	4.050000e-01	-9.15848e-18	
134	6.075000e-09	8.093567e-01	4.050000e-01	-7.68029e-18	
135	6.125000e-09	8.093567e-01	4.050000e-01	-6.29224e-18	
136	6.175000e-09	8.093567e-01	4.050000e-01	-4.98925e-18	
137	6.225000e-09	8.093567e-01	4.050000e-01	-3.76572e-18	
138	6.275000e-09	8.093567e-01	4.050000e-01	-2.61639e-18	
139	6.325000e-09	8.093567e-01	4.050000e-01	-1.53716e-18	
140	6.375000e-09	8.093567e-01	4.050000e-01	-5.23736e-19	
141	6.425000e-09	8.093567e-01	4.050000e-01	4.278840e-19	
142	6.475000e-09	8.093567e-01	4.050000e-01	1.321472e-18	
143	6.525000e-09	8.093567e-01	4.050000e-01	2.160566e-18	
144	6.575000e-09	8.093567e-01	4.050000e-01	2.948489e-18	
145	6.625000e-09	8.093567e-01	4.050000e-01	3.687947e-18	
146	6.675000e-09	8.093567e-01	4.050000e-01	4.382314e-18	
147	6.725000e-09	8.093567e-01	4.050000e-01	5.034750e-18	
148	6.775000e-09	8.093567e-01	4.050000e-01	5.647396e-18	
149	6.825000e-09	8.093567e-01	4.050000e-01	6.222268e-18	
150	6.875000e-09	8.093567e-01	4.050000e-01	6.761669e-18	
151	6.925000e-09	8.093567e-01	4.050000e-01	7.268175e-18	
152	6.962500e-09	8.093567e-01	4.050000e-01	7.628205e-18	
153	7.000000e-09	8.093567e-01	4.050000e-01	7.972177e-18	
154	7.005000e-09	7.891227e-01	4.050000e-01	8.015295e-18	
155	7.015000e-09	7.486548e-01	4.050000e-01	8.098237e-18	
156	7.035000e-09	6.677192e-01	4.050000e-01	8.244558e-18	
157	7.067500e-09	5.361987e-01	4.050000e-01	8.425489e-18	
158	7.100000e-09	4.046782e-01	4.050000e-01	8.521966e-18	
159	7.105000e-09	4.046783e-01	4.050000e-01	8.464881e-18	
160	7.115000e-09	4.046783e-01	4.050000e-01	8.351388e-18	
161	7.135000e-09	4.046783e-01	4.050000e-01	8.128643e-18	
162	7.175000e-09	4.046783e-01	4.050000e-01	7.700228e-18	
163	7.225000e-09	4.046783e-01	4.050000e-01	7.194245e-18	
164	7.275000e-09	4.046783e-01	4.050000e-01	6.718507e-18	
165	7.325000e-09	4.046783e-01	4.050000e-01	6.271781e-18	
166	7.375000e-09	4.046783e-01	4.050000e-01	5.852300e-18	
167	7.425000e-09	4.046783e-01	4.050000e-01	5.458811e-18	
168	7.475000e-09	4.046783e-01	4.050000e-01	5.089732e-18	
169	7.525000e-09	4.046783e-01	4.050000e-01	4.742748e-18	
170	7.575000e-09	4.046783e-01	4.050000e-01	4.416509e-18	

Index   time            v(cell)         v(bl)           vpre#branch     
--------------------------------------------------------------------------------
171	7.625000e-09	4.046783e-01	4.050000e-01	4.110167e-18	
172	7.675000e-09	4.046783e-01	4.050000e-01	3.822507e-18	
173	7.725000e-09	4.046783e-01	4.050000e-01	3.552801e-18	
174	7.775000e-09	4.046783e-01	4.050000e-01	3.299958e-18	
175	7.825000e-09	4.046783e-01	4.050000e-01	3.062119e-18	
176	7.875000e-09	4.046783e-01	4.050000e-01	2.838372e-18	
177	7.925000e-09	4.046783e-01	4.050000e-01	2.628682e-18	
178	7.975000e-09	4.046783e-01	4.050000e-01	2.431779e-18	
179	8.025000e-09	4.046783e-01	4.050000e-01	2.246471e-18	
180	8.075000e-09	4.046783e-01	4.050000e-01	2.072464e-18	
181	8.125000e-09	4.046783e-01	4.050000e-01	1.909068e-18	
182	8.175000e-09	4.046783e-01	4.050000e-01	1.755638e-18	
183	8.225000e-09	4.046783e-01	4.050000e-01	1.611977e-18	
184	8.275000e-09	4.046783e-01	4.050000e-01	1.477080e-18	
185	8.325000e-09	4.046783e-01	4.050000e-01	1.349994e-18	
186	8.375000e-09	4.046783e-01	4.050000e-01	1.230659e-18	
187	8.425000e-09	4.046783e-01	4.050000e-01	1.119013e-18	
188	8.475000e-09	4.046783e-01	4.050000e-01	1.014176e-18	
189	8.525000e-09	4.046783e-01	4.050000e-01	9.153208e-19	
190	8.575000e-09	4.046783e-01	4.050000e-01	8.224922e-19	
191	8.625000e-09	4.046783e-01	4.050000e-01	7.353247e-19	
192	8.675000e-09	4.046783e-01	4.050000e-01	6.534735e-19	
193	8.725000e-09	4.046783e-01	4.050000e-01	5.766160e-19	
194	8.775000e-09	4.046783e-01	4.050000e-01	5.044445e-19	
195	8.825000e-09	4.046783e-01	4.050000e-01	4.370872e-19	
196	8.875000e-09	4.046783e-01	4.050000e-01	3.742521e-19	
197	8.925000e-09	4.046783e-01	4.050000e-01	3.148340e-19	
198	8.975000e-09	4.046783e-01	4.050000e-01	2.590374e-19	
199	9.025000e-09	4.046783e-01	4.050000e-01	2.066438e-19	
200	9.075000e-09	4.046783e-01	4.050000e-01	1.574447e-19	
201	9.125000e-09	4.046783e-01	4.050000e-01	1.112442e-19	
202	9.175000e-09	4.046783e-01	4.050000e-01	6.744913e-20	
203	9.225000e-09	4.046783e-01	4.050000e-01	2.632585e-20	
204	9.275000e-09	4.046783e-01	4.050000e-01	-1.18758e-20	
205	9.325000e-09	4.046783e-01	4.050000e-01	-4.77473e-20	
206	9.375000e-09	4.046783e-01	4.050000e-01	-8.14318e-20	
207	9.425000e-09	4.046783e-01	4.050000e-01	-1.13063e-19	
208	9.475000e-09	4.046783e-01	4.050000e-01	-1.43178e-19	
209	9.525000e-09	4.046783e-01	4.050000e-01	-1.71454e-19	
210	9.575000e-09	4.046783e-01	4.050000e-01	-1.97593e-19	
211	9.625000e-09	4.046783e-01	4.050000e-01	-2.21726e-19	
212	9.675000e-09	4.046783e-01	4.050000e-01	-2.44802e-19	
213	9.725000e-09	4.046783e-01	4.050000e-01	-2.66882e-19	
214	9.775000e-09	4.046783e-01	4.050000e-01	-2.87616e-19	
215	9.825000e-09	4.046783e-01	4.050000e-01	-3.06671e-19	
216	9.875000e-09	4.046783e-01	4.050000e-01	-3.24566e-19	
217	9.925000e-09	4.046783e-01	4.050000e-01	-3.41784e-19	
218	9.975000e-09	4.046783e-01	4.050000e-01	-3.57536e-19	
219	1.002500e-08	4.046783e-01	4.050000e-01	-3.71914e-19	
220	1.007500e-08	4.046783e-01	4.050000e-01	-3.85830e-19	
221	1.012500e-08	4.046783e-01	4.050000e-01	-3.99311e-19	
222	1.017500e-08	4.046783e-01	4.050000e-01	-4.11556e-19	
223	1.022500e-08	4.046783e-01	4.050000e-01	-4.22640e-19	
224	1.027500e-08	4.046783e-01	4.050000e-01	-4.33049e-19	
225	1.032500e-08	4.046783e-01	4.050000e-01	-4.43238e-19	
226	1.037500e-08	4.046783e-01	4.050000e-01	-4.52804e-19	
227	1.042500e-08	4.046783e-01	4.050000e-01	-4.61788e-19	
228	1.047500e-08	4.046783e-01	4.050000e-01	-4.70638e-19	

Index   time            v(cell)         v(bl)           vpre#branch     
--------------------------------------------------------------------------------
229	1.052500e-08	4.046783e-01	4.050000e-01	-4.78948e-19	
230	1.057500e-08	4.046783e-01	4.050000e-01	-4.86338e-19	
231	1.062500e-08	4.046783e-01	4.050000e-01	-4.92862e-19	
232	1.067500e-08	4.046783e-01	4.050000e-01	-4.98987e-19	
233	1.072500e-08	4.046783e-01	4.050000e-01	-5.05153e-19	
234	1.077500e-08	4.046783e-01	4.050000e-01	-5.11355e-19	
235	1.082500e-08	4.046783e-01	4.050000e-01	-5.17181e-19	
236	1.087500e-08	4.046783e-01	4.050000e-01	-5.22237e-19	
237	1.092500e-08	4.046783e-01	4.050000e-01	-5.26987e-19	
238	1.096250e-08	4.046783e-01	4.050000e-01	-5.30399e-19	
239	1.100000e-08	4.046783e-01	4.050000e-01	-5.33379e-19	
240	1.100500e-08	4.046815e-01	4.090245e-01	4.024523e-11	
241	1.101500e-08	4.046880e-01	4.170233e-01	1.202326e-10	
242	1.103500e-08	4.047008e-01	4.327226e-01	2.772259e-10	
243	1.107500e-08	4.047266e-01	4.629653e-01	5.796535e-10	
244	1.112500e-08	4.047587e-01	4.986940e-01	9.369395e-10	
245	1.117500e-08	4.047909e-01	5.322437e-01	1.272437e-09	
246	1.122500e-08	4.048231e-01	5.637475e-01	1.587475e-09	
247	1.127500e-08	4.048552e-01	5.933301e-01	1.883301e-09	
248	1.132500e-08	4.048874e-01	6.211086e-01	2.161086e-09	
249	1.137500e-08	4.049196e-01	6.471932e-01	2.421932e-09	
250	1.142500e-08	4.049517e-01	6.716870e-01	2.666870e-09	
251	1.147500e-08	4.049839e-01	6.946870e-01	2.896870e-09	
252	1.152500e-08	4.050161e-01	7.162845e-01	3.112845e-09	
253	1.157500e-08	4.050482e-01	7.365647e-01	3.315647e-09	
254	1.162500e-08	4.050804e-01	7.556078e-01	3.506078e-09	
255	1.167500e-08	4.051126e-01	7.734885e-01	3.684885e-09	
256	1.172500e-08	4.051447e-01	7.902759e-01	3.852759e-09	
257	1.177500e-08	4.051769e-01	8.060313e-01	4.010313e-09	
258	1.182500e-08	4.052091e-01	8.208023e-01	4.158023e-09	
259	1.187500e-08	4.052414e-01	8.345783e-01	4.295783e-09	
260	1.192500e-08	4.052739e-01	8.472513e-01	4.422513e-09	
261	1.196250e-08	4.052986e-01	8.558525e-01	4.508525e-09	
262	1.200000e-08	4.053239e-01	8.632675e-01	4.582675e-09	
263	1.200500e-08	4.053241e-01	8.601304e-01	4.551304e-09	
264	1.201500e-08	4.053246e-01	8.538990e-01	4.488990e-09	
265	1.203500e-08	4.053254e-01	8.416888e-01	4.366888e-09	
266	1.207500e-08	4.053271e-01	8.182441e-01	4.132441e-09	
267	1.212500e-08	4.053290e-01	7.906777e-01	3.856777e-09	
268	1.217500e-08	4.053308e-01	7.649227e-01	3.599227e-09	
269	1.222500e-08	4.053326e-01	7.408542e-01	3.358542e-09	
270	1.227500e-08	4.053342e-01	7.183576e-01	3.133576e-09	
271	1.232500e-08	4.053358e-01	6.973265e-01	2.923265e-09	
272	1.237500e-08	4.053373e-01	6.776625e-01	2.726625e-09	
273	1.242500e-08	4.053387e-01	6.592741e-01	2.542741e-09	
274	1.247500e-08	4.053401e-01	6.420765e-01	2.370765e-09	
275	1.252500e-08	4.053414e-01	6.259907e-01	2.209907e-09	
276	1.257500e-08	4.053427e-01	6.109434e-01	2.059434e-09	
277	1.262500e-08	4.053440e-01	5.968664e-01	1.918664e-09	
278	1.267500e-08	4.053452e-01	5.836959e-01	1.786959e-09	
279	1.272500e-08	4.053463e-01	5.713727e-01	1.663727e-09	
280	1.277500e-08	4.053475e-01	5.598416e-01	1.548416e-09	
281	1.282500e-08	4.053486e-01	5.490512e-01	1.440512e-09	
282	1.287500e-08	4.053497e-01	5.389533e-01	1.339533e-09	
283	1.292500e-08	4.053507e-01	5.295032e-01	1.245032e-09	
284	1.297500e-08	4.053517e-01	5.206591e-01	1.156591e-09	
285	1.302500e-08	4.053527e-01	5.123820e-01	1.073820e-09	
286	1.307500e-08	4.053537e-01	5.046353e-01	9.963527e-10	

Index   time            v(cell)         v(bl)           vpre#branch     
--------------------------------------------------------------------------------
287	1.312500e-08	4.053547e-01	4.973851e-01	9.238507e-10	
288	1.317500e-08	4.053556e-01	4.905996e-01	8.559957e-10	
289	1.322500e-08	4.053566e-01	4.842491e-01	7.924911e-10	
290	1.327500e-08	4.053575e-01	4.783060e-01	7.330598e-10	
291	1.332500e-08	4.053584e-01	4.727443e-01	6.774429e-10	
292	1.337500e-08	4.053592e-01	4.675399e-01	6.253986e-10	
293	1.342500e-08	4.053601e-01	4.626701e-01	5.767013e-10	
294	1.347500e-08	4.053610e-01	4.581140e-01	5.311400e-10	
295	1.352500e-08	4.053618e-01	4.538518e-01	4.885177e-10	
296	1.357500e-08	4.053626e-01	4.498650e-01	4.486504e-10	
297	1.362500e-08	4.053634e-01	4.461366e-01	4.113664e-10	
298	1.367500e-08	4.053642e-01	4.426505e-01	3.765052e-10	
299	1.372500e-08	4.053650e-01	4.393917e-01	3.439172e-10	
300	1.377500e-08	4.053658e-01	4.363463e-01	3.134628e-10	
301	1.382500e-08	4.053666e-01	4.335012e-01	2.850117e-10	
302	1.387500e-08	4.053673e-01	4.308443e-01	2.584425e-10	
303	1.392500e-08	4.053681e-01	4.283643e-01	2.336426e-10	
304	1.397500e-08	4.053688e-01	4.260507e-01	2.105069e-10	
305	1.402500e-08	4.053695e-01	4.238938e-01	1.889385e-10	
306	1.407500e-08	4.053702e-01	4.218848e-01	1.688478e-10	
307	1.412500e-08	4.053709e-01	4.200153e-01	1.501527e-10	
308	1.417500e-08	4.053716e-01	4.182779e-01	1.327788e-10	
309	1.422500e-08	4.053722e-01	4.166660e-01	1.166598e-10	
310	1.427500e-08	4.053729e-01	4.151738e-01	1.017383e-10	
311	1.432500e-08	4.053735e-01	4.137968e-01	8.796798e-11	
312	1.437500e-08	4.053741e-01	4.125316e-01	7.531579e-11	
313	1.442500e-08	4.053746e-01	4.113767e-01	6.376691e-11	
314	1.447500e-08	4.053752e-01	4.103366e-01	5.336608e-11	
315	1.452500e-08	4.053757e-01	4.094154e-01	4.415447e-11	
316	1.457500e-08	4.053761e-01	4.086147e-01	3.614727e-11	
317	1.462500e-08	4.053765e-01	4.079363e-01	2.936266e-11	
318	1.467500e-08	4.053768e-01	4.073731e-01	2.373056e-11	
319	1.472500e-08	4.053770e-01	4.069161e-01	1.916051e-11	
320	1.477500e-08	4.053772e-01	4.065543e-01	1.554278e-11	
321	1.482500e-08	4.053774e-01	4.062707e-01	1.270709e-11	
322	1.487500e-08	4.053775e-01	4.060496e-01	1.049618e-11	
323	1.492500e-08	4.053776e-01	4.058777e-01	8.777105e-12	
324	1.497500e-08	4.053777e-01	4.057442e-01	7.442365e-12	
325	1.502500e-08	4.053777e-01	4.056407e-01	6.406901e-12	
326	1.507500e-08	4.053778e-01	4.055604e-01	5.604039e-12	
327	1.512500e-08	4.053778e-01	4.054982e-01	4.981763e-12	
328	1.517500e-08	4.053778e-01	4.054500e-01	4.499586e-12	
329	1.522500e-08	4.053778e-01	4.054126e-01	4.126041e-12	
330	1.527500e-08	4.053778e-01	4.053837e-01	3.836699e-12	
331	1.532500e-08	4.053778e-01	4.053613e-01	3.612602e-12	
332	1.537500e-08	4.053778e-01	4.053439e-01	3.439051e-12	
333	1.542500e-08	4.053778e-01	4.053305e-01	3.304650e-12	
334	1.547500e-08	4.053778e-01	4.053201e-01	3.200570e-12	
335	1.552500e-08	4.053778e-01	4.053120e-01	3.119966e-12	
336	1.557500e-08	4.053778e-01	4.053058e-01	3.057543e-12	
337	1.562500e-08	4.053778e-01	4.053009e-01	3.009193e-12	
338	1.567500e-08	4.053777e-01	4.052972e-01	2.971742e-12	
339	1.572500e-08	4.053777e-01	4.052943e-01	2.942725e-12	
340	1.577500e-08	4.053777e-01	4.052920e-01	2.920239e-12	
341	1.582500e-08	4.053777e-01	4.052903e-01	2.902809e-12	
342	1.587500e-08	4.053777e-01	4.052889e-01	2.889293e-12	
343	1.592500e-08	4.053777e-01	4.052879e-01	2.878805e-12	
344	1.597500e-08	4.053777e-01	4.052871e-01	2.870664e-12	

Index   time            v(cell)         v(bl)           vpre#branch     
--------------------------------------------------------------------------------
345	1.602500e-08	4.053776e-01	4.052864e-01	2.864337e-12	
346	1.607500e-08	4.053776e-01	4.052859e-01	2.859416e-12	
347	1.612500e-08	4.053776e-01	4.052856e-01	2.855582e-12	
348	1.617500e-08	4.053776e-01	4.052853e-01	2.852591e-12	
349	1.622500e-08	4.053776e-01	4.052850e-01	2.850250e-12	
350	1.627500e-08	4.053776e-01	4.052848e-01	2.848416e-12	
351	1.632500e-08	4.053776e-01	4.052847e-01	2.846971e-12	
352	1.637500e-08	4.053776e-01	4.052846e-01	2.845829e-12	
353	1.642500e-08	4.053775e-01	4.052845e-01	2.844920e-12	
354	1.647500e-08	4.053775e-01	4.052844e-01	2.844193e-12	
355	1.652500e-08	4.053775e-01	4.052844e-01	2.843606e-12	
356	1.657500e-08	4.053775e-01	4.052843e-01	2.843128e-12	
357	1.662500e-08	4.053775e-01	4.052843e-01	2.842733e-12	
358	1.667500e-08	4.053775e-01	4.052842e-01	2.842404e-12	
359	1.672500e-08	4.053775e-01	4.052842e-01	2.842124e-12	
360	1.677500e-08	4.053774e-01	4.052842e-01	2.841885e-12	
361	1.682500e-08	4.053774e-01	4.052842e-01	2.841674e-12	
362	1.687500e-08	4.053774e-01	4.052841e-01	2.841488e-12	
363	1.692500e-08	4.053774e-01	4.052841e-01	2.841319e-12	
364	1.697500e-08	4.053774e-01	4.052841e-01	2.841165e-12	
365	1.702500e-08	4.053774e-01	4.052841e-01	2.841021e-12	
366	1.707500e-08	4.053774e-01	4.052841e-01	2.840886e-12	
367	1.712500e-08	4.053773e-01	4.052841e-01	2.840757e-12	
368	1.717500e-08	4.053773e-01	4.052841e-01	2.840634e-12	
369	1.722500e-08	4.053773e-01	4.052841e-01	2.840513e-12	
370	1.727500e-08	4.053773e-01	4.052840e-01	2.840397e-12	
371	1.732500e-08	4.053773e-01	4.052840e-01	2.840282e-12	
372	1.737500e-08	4.053773e-01	4.052840e-01	2.840170e-12	
373	1.742500e-08	4.053773e-01	4.052840e-01	2.840058e-12	
374	1.747500e-08	4.053772e-01	4.052840e-01	2.839948e-12	
375	1.752500e-08	4.053772e-01	4.052840e-01	2.839838e-12	
376	1.757500e-08	4.053772e-01	4.052840e-01	2.839730e-12	
377	1.762500e-08	4.053772e-01	4.052840e-01	2.839621e-12	
378	1.767500e-08	4.053772e-01	4.052840e-01	2.839514e-12	
379	1.772500e-08	4.053772e-01	4.052839e-01	2.839406e-12	
380	1.777500e-08	4.053772e-01	4.052839e-01	2.839299e-12	
381	1.782500e-08	4.053771e-01	4.052839e-01	2.839192e-12	
382	1.787500e-08	4.053771e-01	4.052839e-01	2.839085e-12	
383	1.792500e-08	4.053771e-01	4.052839e-01	2.838978e-12	
384	1.797500e-08	4.053771e-01	4.052839e-01	2.838871e-12	
385	1.802500e-08	4.053771e-01	4.052839e-01	2.838764e-12	
386	1.807500e-08	4.053771e-01	4.052839e-01	2.838658e-12	
387	1.812500e-08	4.053771e-01	4.052839e-01	2.838551e-12	
388	1.817500e-08	4.053770e-01	4.052838e-01	2.838445e-12	
389	1.822500e-08	4.053770e-01	4.052838e-01	2.838338e-12	
390	1.827500e-08	4.053770e-01	4.052838e-01	2.838232e-12	
391	1.832500e-08	4.053770e-01	4.052838e-01	2.838125e-12	
392	1.837500e-08	4.053770e-01	4.052838e-01	2.838019e-12	
393	1.842500e-08	4.053770e-01	4.052838e-01	2.837912e-12	
394	1.847500e-08	4.053770e-01	4.052838e-01	2.837806e-12	
395	1.852500e-08	4.053769e-01	4.052838e-01	2.837699e-12	
396	1.857500e-08	4.053769e-01	4.052838e-01	2.837593e-12	
397	1.862500e-08	4.053769e-01	4.052837e-01	2.837486e-12	
398	1.867500e-08	4.053769e-01	4.052837e-01	2.837380e-12	
399	1.872500e-08	4.053769e-01	4.052837e-01	2.837273e-12	
400	1.877500e-08	4.053769e-01	4.052837e-01	2.837167e-12	
401	1.882500e-08	4.053769e-01	4.052837e-01	2.837060e-12	
402	1.887500e-08	4.053768e-01	4.052837e-01	2.836954e-12	

Index   time            v(cell)         v(bl)           vpre#branch     
--------------------------------------------------------------------------------
403	1.892500e-08	4.053768e-01	4.052837e-01	2.836847e-12	
404	1.897500e-08	4.053768e-01	4.052837e-01	2.836741e-12	
405	1.902500e-08	4.053768e-01	4.052837e-01	2.836635e-12	
406	1.907500e-08	4.053768e-01	4.052837e-01	2.836529e-12	
407	1.912500e-08	4.053768e-01	4.052836e-01	2.836422e-12	
408	1.917500e-08	4.053768e-01	4.052836e-01	2.836316e-12	
409	1.922500e-08	4.053767e-01	4.052836e-01	2.836209e-12	
410	1.927500e-08	4.053767e-01	4.052836e-01	2.836103e-12	
411	1.932500e-08	4.053767e-01	4.052836e-01	2.835996e-12	
412	1.937500e-08	4.053767e-01	4.052836e-01	2.835890e-12	
413	1.942500e-08	4.053767e-01	4.052836e-01	2.835784e-12	
414	1.947500e-08	4.053767e-01	4.052836e-01	2.835677e-12	
415	1.952500e-08	4.053767e-01	4.052836e-01	2.835571e-12	
416	1.957500e-08	4.053766e-01	4.052835e-01	2.835465e-12	
417	1.962500e-08	4.053766e-01	4.052835e-01	2.835358e-12	
418	1.967500e-08	4.053766e-01	4.052835e-01	2.835252e-12	
419	1.972500e-08	4.053766e-01	4.052835e-01	2.835145e-12	
420	1.977500e-08	4.053766e-01	4.052835e-01	2.835039e-12	
421	1.982500e-08	4.053766e-01	4.052835e-01	2.834933e-12	
422	1.987500e-08	4.053766e-01	4.052835e-01	2.834827e-12	
423	1.992500e-08	4.053765e-01	4.052835e-01	2.834720e-12	
424	1.997500e-08	4.053765e-01	4.052835e-01	2.834614e-12	
425	2.002500e-08	4.053765e-01	4.052835e-01	2.834507e-12	
426	2.007500e-08	4.053765e-01	4.052834e-01	2.834401e-12	
427	2.012500e-08	4.053765e-01	4.052834e-01	2.834295e-12	
428	2.017500e-08	4.053765e-01	4.052834e-01	2.834189e-12	
429	2.022500e-08	4.053765e-01	4.052834e-01	2.834082e-12	
430	2.027500e-08	4.053764e-01	4.052834e-01	2.833976e-12	
431	2.032500e-08	4.053764e-01	4.052834e-01	2.833869e-12	
432	2.037500e-08	4.053764e-01	4.052834e-01	2.833763e-12	
433	2.042500e-08	4.053764e-01	4.052834e-01	2.833657e-12	
434	2.047500e-08	4.053764e-01	4.052834e-01	2.833551e-12	
435	2.052500e-08	4.053764e-01	4.052833e-01	2.833444e-12	
436	2.057500e-08	4.053764e-01	4.052833e-01	2.833338e-12	
437	2.062500e-08	4.053763e-01	4.052833e-01	2.833232e-12	
438	2.067500e-08	4.053763e-01	4.052833e-01	2.833126e-12	
439	2.072500e-08	4.053763e-01	4.052833e-01	2.833019e-12	
440	2.077500e-08	4.053763e-01	4.052833e-01	2.832913e-12	
441	2.082500e-08	4.053763e-01	4.052833e-01	2.832807e-12	
442	2.087500e-08	4.053763e-01	4.052833e-01	2.832701e-12	
443	2.092500e-08	4.053763e-01	4.052833e-01	2.832594e-12	
444	2.097500e-08	4.053762e-01	4.052832e-01	2.832488e-12	
445	2.102500e-08	4.053762e-01	4.052832e-01	2.832382e-12	
446	2.107500e-08	4.053762e-01	4.052832e-01	2.832276e-12	
447	2.112500e-08	4.053762e-01	4.052832e-01	2.832169e-12	
448	2.117500e-08	4.053762e-01	4.052832e-01	2.832063e-12	
449	2.122500e-08	4.053762e-01	4.052832e-01	2.831957e-12	
450	2.127500e-08	4.053762e-01	4.052832e-01	2.831851e-12	
451	2.132500e-08	4.053761e-01	4.052832e-01	2.831744e-12	
452	2.137500e-08	4.053761e-01	4.052832e-01	2.831638e-12	
453	2.142500e-08	4.053761e-01	4.052832e-01	2.831532e-12	
454	2.147500e-08	4.053761e-01	4.052831e-01	2.831426e-12	
455	2.152500e-08	4.053761e-01	4.052831e-01	2.831319e-12	
456	2.157500e-08	4.053761e-01	4.052831e-01	2.831213e-12	
457	2.162500e-08	4.053761e-01	4.052831e-01	2.831107e-12	
458	2.167500e-08	4.053761e-01	4.052831e-01	2.831001e-12	
459	2.172500e-08	4.053760e-01	4.052831e-01	2.830895e-12	
460	2.177500e-08	4.053760e-01	4.052831e-01	2.830789e-12	

Index   time            v(cell)         v(bl)           vpre#branch     
--------------------------------------------------------------------------------
461	2.182500e-08	4.053760e-01	4.052831e-01	2.830682e-12	
462	2.187500e-08	4.053760e-01	4.052831e-01	2.830576e-12	
463	2.192500e-08	4.053760e-01	4.052830e-01	2.830470e-12	
464	2.196250e-08	4.053760e-01	4.052830e-01	2.830391e-12	
465	2.200000e-08	4.053760e-01	4.052830e-01	2.830311e-12	
466	2.200500e-08	4.053727e-01	4.013153e-01	-3.68471e-11	
467	2.201500e-08	4.053662e-01	3.934521e-01	-1.15479e-10	
468	2.203500e-08	4.053530e-01	3.780854e-01	-2.69146e-10	
469	2.207500e-08	4.053267e-01	3.485616e-01	-5.64384e-10	
470	2.212500e-08	4.052937e-01	3.136954e-01	-9.13046e-10	
471	2.217500e-08	4.052608e-01	2.808699e-01	-1.24130e-09	
472	2.222500e-08	4.052281e-01	2.499287e-01	-1.55071e-09	
473	2.227500e-08	4.051954e-01	2.207401e-01	-1.84260e-09	
474	2.232500e-08	4.051628e-01	1.931968e-01	-2.11803e-09	
475	2.237500e-08	4.051304e-01	1.672107e-01	-2.37789e-09	
476	2.242500e-08	4.050980e-01	1.427064e-01	-2.62294e-09	
477	2.247500e-08	4.050657e-01	1.196153e-01	-2.85385e-09	
478	2.252500e-08	4.050334e-01	9.787218e-02	-3.07128e-09	
479	2.257500e-08	4.050012e-01	7.741245e-02	-3.27588e-09	
480	2.262500e-08	4.049690e-01	5.817175e-02	-3.46828e-09	
481	2.267500e-08	4.049368e-01	4.008590e-02	-3.64914e-09	
482	2.272500e-08	4.049046e-01	2.309152e-02	-3.81908e-09	
483	2.277500e-08	4.048724e-01	7.126650e-03	-3.97873e-09	
484	2.282500e-08	4.048403e-01	-7.86859e-03	-4.12869e-09	
485	2.287500e-08	4.048081e-01	-2.19516e-02	-4.26952e-09	
486	2.292500e-08	4.047759e-01	-3.51770e-02	-4.40177e-09	
487	2.296250e-08	4.047518e-01	-4.45630e-02	-4.49563e-09	
488	2.300000e-08	4.047277e-01	-5.35167e-02	-4.58517e-09	
489	2.300500e-08	4.047277e-01	-5.06506e-02	-4.55651e-09	
490	2.301500e-08	4.047277e-01	-4.49541e-02	-4.49954e-09	
491	2.303500e-08	4.047277e-01	-3.37736e-02	-4.38774e-09	
492	2.307500e-08	4.047277e-01	-1.22359e-02	-4.17236e-09	
493	2.312500e-08	4.047277e-01	1.320857e-02	-3.91791e-09	
494	2.317500e-08	4.047277e-01	3.710129e-02	-3.67899e-09	
495	2.322500e-08	4.047277e-01	5.953693e-02	-3.45463e-09	
496	2.327500e-08	4.047277e-01	8.060438e-02	-3.24396e-09	
497	2.332500e-08	4.047277e-01	1.003871e-01	-3.04613e-09	
498	2.337500e-08	4.047277e-01	1.189633e-01	-2.86037e-09	
499	2.342500e-08	4.047277e-01	1.364067e-01	-2.68593e-09	
500	2.347500e-08	4.047277e-01	1.527864e-01	-2.52214e-09	
501	2.352500e-08	4.047277e-01	1.681672e-01	-2.36833e-09	
502	2.357500e-08	4.047277e-01	1.826100e-01	-2.22390e-09	
503	2.362500e-08	4.047277e-01	1.961721e-01	-2.08828e-09	
504	2.367500e-08	4.047277e-01	2.089071e-01	-1.96093e-09	
505	2.372500e-08	4.047277e-01	2.208654e-01	-1.84135e-09	
506	2.377500e-08	4.047277e-01	2.320945e-01	-1.72905e-09	
507	2.382500e-08	4.047277e-01	2.426389e-01	-1.62361e-09	
508	2.387500e-08	4.047277e-01	2.525401e-01	-1.52460e-09	
509	2.392500e-08	4.047277e-01	2.618376e-01	-1.43162e-09	
510	2.397500e-08	4.047277e-01	2.705681e-01	-1.34432e-09	
511	2.402500e-08	4.047277e-01	2.787662e-01	-1.26234e-09	
512	2.407500e-08	4.047277e-01	2.864643e-01	-1.18536e-09	
513	2.412500e-08	4.047277e-01	2.936930e-01	-1.11307e-09	
514	2.417500e-08	4.047277e-01	3.004809e-01	-1.04519e-09	
515	2.422500e-08	4.047277e-01	3.068548e-01	-9.81452e-10	
516	2.427500e-08	4.047277e-01	3.128400e-01	-9.21600e-10	
517	2.432500e-08	4.047277e-01	3.184602e-01	-8.65398e-10	
518	2.437500e-08	4.047277e-01	3.237377e-01	-8.12623e-10	

Index   time            v(cell)         v(bl)           vpre#branch     
--------------------------------------------------------------------------------
519	2.442500e-08	4.047277e-01	3.286933e-01	-7.63067e-10	
520	2.447500e-08	4.047277e-01	3.333467e-01	-7.16533e-10	
521	2.452500e-08	4.047277e-01	3.377164e-01	-6.72836e-10	
522	2.457500e-08	4.047277e-01	3.418195e-01	-6.31805e-10	
523	2.462500e-08	4.047277e-01	3.456725e-01	-5.93275e-10	
524	2.467500e-08	4.047277e-01	3.492905e-01	-5.57095e-10	
525	2.472500e-08	4.047277e-01	3.526878e-01	-5.23122e-10	
526	2.477500e-08	4.047277e-01	3.558780e-01	-4.91220e-10	
527	2.482500e-08	4.047277e-01	3.588736e-01	-4.61264e-10	
528	2.487500e-08	4.047277e-01	3.616865e-01	-4.33135e-10	
529	2.492500e-08	4.047277e-01	3.643279e-01	-4.06721e-10	
530	2.497500e-08	4.047277e-01	3.668082e-01	-3.81918e-10	
531	2.502500e-08	4.047277e-01	3.691373e-01	-3.58627e-10	
532	2.507500e-08	4.047277e-01	3.713243e-01	-3.36757e-10	
533	2.512500e-08	4.047277e-01	3.733780e-01	-3.16220e-10	
534	2.517500e-08	4.047277e-01	3.753064e-01	-2.96936e-10	
535	2.522500e-08	4.047277e-01	3.771172e-01	-2.78828e-10	
536	2.527500e-08	4.047277e-01	3.788176e-01	-2.61824e-10	
537	2.532500e-08	4.047277e-01	3.804143e-01	-2.45857e-10	
538	2.537500e-08	4.047277e-01	3.819136e-01	-2.30864e-10	
539	2.542500e-08	4.047277e-01	3.833215e-01	-2.16785e-10	
540	2.547500e-08	4.047277e-01	3.846435e-01	-2.03565e-10	
541	2.552500e-08	4.047277e-01	3.858849e-01	-1.91151e-10	
542	2.557500e-08	4.047277e-01	3.870506e-01	-1.79494e-10	
543	2.562500e-08	4.047277e-01	3.881452e-01	-1.68548e-10	
544	2.567500e-08	4.047277e-01	3.891731e-01	-1.58269e-10	
545	2.572500e-08	4.047277e-01	3.901382e-01	-1.48618e-10	
546	2.577500e-08	4.047277e-01	3.910446e-01	-1.39554e-10	
547	2.582500e-08	4.047277e-01	3.918956e-01	-1.31044e-10	
548	2.587500e-08	4.047277e-01	3.926947e-01	-1.23053e-10	
549	2.592500e-08	4.047277e-01	3.934452e-01	-1.15548e-10	
550	2.597500e-08	4.047277e-01	3.941498e-01	-1.08502e-10	
551	2.602500e-08	4.047277e-01	3.948115e-01	-1.01885e-10	
552	2.607500e-08	4.047277e-01	3.954328e-01	-9.56718e-11	
553	2.612500e-08	4.047277e-01	3.960163e-01	-8.98375e-11	
554	2.617500e-08	4.047277e-01	3.965641e-01	-8.43589e-11	
555	2.622500e-08	4.047277e-01	3.970786e-01	-7.92144e-11	
556	2.627500e-08	4.047277e-01	3.975616e-01	-7.43837e-11	
557	2.632500e-08	4.047277e-01	3.980152e-01	-6.98475e-11	
558	2.637500e-08	4.047277e-01	3.984412e-01	-6.55880e-11	
559	2.642500e-08	4.047277e-01	3.988412e-01	-6.15882e-11	
560	2.647500e-08	4.047277e-01	3.992168e-01	-5.78324e-11	
561	2.652500e-08	4.047277e-01	3.995694e-01	-5.43056e-11	
562	2.657500e-08	4.047277e-01	3.999006e-01	-5.09939e-11	
563	2.662500e-08	4.047277e-01	4.002116e-01	-4.78841e-11	
564	2.667500e-08	4.047277e-01	4.005036e-01	-4.49640e-11	
565	2.672500e-08	4.047277e-01	4.007778e-01	-4.22219e-11	
566	2.677500e-08	4.047277e-01	4.010353e-01	-3.96471e-11	
567	2.682500e-08	4.047277e-01	4.012771e-01	-3.72293e-11	
568	2.687500e-08	4.047277e-01	4.015041e-01	-3.49589e-11	
569	2.692500e-08	4.047277e-01	4.017173e-01	-3.28270e-11	
570	2.697500e-08	4.047277e-01	4.019175e-01	-3.08251e-11	
571	2.702500e-08	4.047277e-01	4.021055e-01	-2.89453e-11	
572	2.707500e-08	4.047277e-01	4.022820e-01	-2.71801e-11	
573	2.712500e-08	4.047277e-01	4.024477e-01	-2.55226e-11	
574	2.717500e-08	4.047277e-01	4.026034e-01	-2.39662e-11	
575	2.722500e-08	4.047277e-01	4.027495e-01	-2.25046e-11	
576	2.727500e-08	4.047277e-01	4.028868e-01	-2.11322e-11	

Index   time            v(cell)         v(bl)           vpre#branch     
--------------------------------------------------------------------------------
577	2.732500e-08	4.047277e-01	4.030156e-01	-1.98435e-11	
578	2.737500e-08	4.047277e-01	4.031367e-01	-1.86334e-11	
579	2.742500e-08	4.047277e-01	4.032503e-01	-1.74971e-11	
580	2.747500e-08	4.047277e-01	4.033570e-01	-1.64300e-11	
581	2.752500e-08	4.047277e-01	4.034572e-01	-1.54281e-11	
582	2.757500e-08	4.047277e-01	4.035513e-01	-1.44872e-11	
583	2.762500e-08	4.047277e-01	4.036396e-01	-1.36038e-11	
584	2.767500e-08	4.047277e-01	4.037226e-01	-1.27742e-11	
585	2.772500e-08	4.047277e-01	4.038005e-01	-1.19951e-11	
586	2.777500e-08	4.047277e-01	4.038736e-01	-1.12636e-11	
587	2.782500e-08	4.047277e-01	4.039423e-01	-1.05767e-11	
588	2.787500e-08	4.047277e-01	4.040068e-01	-9.93174e-12	
589	2.792500e-08	4.047277e-01	4.040674e-01	-9.32608e-12	
590	2.797500e-08	4.047277e-01	4.041243e-01	-8.75734e-12	
591	2.802500e-08	4.047277e-01	4.041777e-01	-8.22329e-12	
592	2.807500e-08	4.047277e-01	4.042278e-01	-7.72181e-12	
593	2.812500e-08	4.047277e-01	4.042749e-01	-7.25091e-12	
594	2.817500e-08	4.047277e-01	4.043191e-01	-6.80872e-12	
595	2.822500e-08	4.047277e-01	4.043606e-01	-6.39351e-12	
596	2.827500e-08	4.047277e-01	4.043996e-01	-6.00361e-12	
597	2.832500e-08	4.047277e-01	4.044363e-01	-5.63749e-12	
598	2.837500e-08	4.047277e-01	4.044706e-01	-5.29370e-12	
599	2.842500e-08	4.047277e-01	4.045029e-01	-4.97087e-12	
600	2.847500e-08	4.047277e-01	4.045332e-01	-4.66773e-12	
601	2.852500e-08	4.047277e-01	4.045617e-01	-4.38308e-12	
602	2.857500e-08	4.047277e-01	4.045884e-01	-4.11579e-12	
603	2.862500e-08	4.047277e-01	4.046135e-01	-3.86479e-12	
604	2.867500e-08	4.047277e-01	4.046371e-01	-3.62911e-12	
605	2.872500e-08	4.047277e-01	4.046592e-01	-3.40779e-12	
606	2.877500e-08	4.047277e-01	4.046800e-01	-3.19997e-12	
607	2.882500e-08	4.047277e-01	4.046995e-01	-3.00483e-12	
608	2.887500e-08	4.047277e-01	4.047178e-01	-2.82158e-12	
609	2.892500e-08	4.047277e-01	4.047350e-01	-2.64952e-12	
610	2.897500e-08	4.047277e-01	4.047512e-01	-2.48794e-12	
611	2.902500e-08	4.047277e-01	4.047664e-01	-2.33622e-12	
612	2.907500e-08	4.047277e-01	4.047806e-01	-2.19375e-12	
613	2.912500e-08	4.047277e-01	4.047940e-01	-2.05997e-12	
614	2.917500e-08	4.047277e-01	4.048066e-01	-1.93434e-12	
615	2.922500e-08	4.047277e-01	4.048184e-01	-1.81638e-12	
616	2.927500e-08	4.047277e-01	4.048294e-01	-1.70561e-12	
617	2.932500e-08	4.047277e-01	4.048398e-01	-1.60160e-12	
618	2.937500e-08	4.047277e-01	4.048496e-01	-1.50393e-12	
619	2.942500e-08	4.047277e-01	4.048588e-01	-1.41221e-12	
620	2.947500e-08	4.047277e-01	4.048674e-01	-1.32609e-12	
621	2.952500e-08	4.047277e-01	4.048755e-01	-1.24522e-12	
622	2.957500e-08	4.047277e-01	4.048831e-01	-1.16929e-12	
623	2.962500e-08	4.047277e-01	4.048902e-01	-1.09798e-12	
624	2.967500e-08	4.047277e-01	4.048969e-01	-1.03102e-12	
625	2.972500e-08	4.047277e-01	4.049032e-01	-9.68145e-13	
626	2.977500e-08	4.047277e-01	4.049091e-01	-9.09105e-13	
627	2.982500e-08	4.047277e-01	4.049146e-01	-8.53665e-13	
628	2.987500e-08	4.047277e-01	4.049198e-01	-8.01606e-13	
629	2.992500e-08	4.047277e-01	4.049247e-01	-7.52721e-13	
630	2.997500e-08	4.047277e-01	4.049293e-01	-7.06818e-13	
631	3.002500e-08	4.047277e-01	4.049336e-01	-6.63714e-13	
632	3.007500e-08	4.047277e-01	4.049377e-01	-6.23239e-13	
633	3.012500e-08	4.047277e-01	4.049415e-01	-5.85231e-13	
634	3.017500e-08	4.047277e-01	4.049450e-01	-5.49542e-13	

Index   time            v(cell)         v(bl)           vpre#branch     
--------------------------------------------------------------------------------
635	3.022500e-08	4.047277e-01	4.049484e-01	-5.16029e-13	
636	3.027500e-08	4.047277e-01	4.049515e-01	-4.84560e-13	
637	3.032500e-08	4.047277e-01	4.049545e-01	-4.55010e-13	
638	3.037500e-08	4.047277e-01	4.049573e-01	-4.27262e-13	
639	3.042500e-08	4.047277e-01	4.049599e-01	-4.01207e-13	
640	3.047500e-08	4.047277e-01	4.049623e-01	-3.76740e-13	
641	3.052500e-08	4.047277e-01	4.049646e-01	-3.53765e-13	
642	3.057500e-08	4.047277e-01	4.049668e-01	-3.32191e-13	
643	3.062500e-08	4.047277e-01	4.049688e-01	-3.11933e-13	
644	3.067500e-08	4.047277e-01	4.049707e-01	-2.92911e-13	
645	3.072500e-08	4.047277e-01	4.049725e-01	-2.75048e-13	
646	3.077500e-08	4.047277e-01	4.049742e-01	-2.58275e-13	
647	3.082500e-08	4.047277e-01	4.049757e-01	-2.42524e-13	
648	3.087500e-08	4.047277e-01	4.049772e-01	-2.27735e-13	
649	3.092500e-08	4.047277e-01	4.049786e-01	-2.13847e-13	
650	3.097500e-08	4.047277e-01	4.049799e-01	-2.00806e-13	
651	3.102500e-08	4.047277e-01	4.049811e-01	-1.88560e-13	
652	3.107500e-08	4.047277e-01	4.049823e-01	-1.77061e-13	
653	3.112500e-08	4.047277e-01	4.049834e-01	-1.66263e-13	
654	3.117500e-08	4.047277e-01	4.049844e-01	-1.56124e-13	
655	3.122500e-08	4.047277e-01	4.049853e-01	-1.46603e-13	
656	3.127500e-08	4.047277e-01	4.049862e-01	-1.37663e-13	
657	3.132500e-08	4.047277e-01	4.049871e-01	-1.29268e-13	
658	3.137500e-08	4.047277e-01	4.049879e-01	-1.21385e-13	
659	3.142500e-08	4.047277e-01	4.049886e-01	-1.13982e-13	
660	3.147500e-08	4.047277e-01	4.049893e-01	-1.07031e-13	
661	3.152500e-08	4.047277e-01	4.049899e-01	-1.00504e-13	
662	3.157500e-08	4.047277e-01	4.049906e-01	-9.43751e-14	
663	3.162500e-08	4.047277e-01	4.049911e-01	-8.86198e-14	
664	3.167500e-08	4.047277e-01	4.049917e-01	-8.32156e-14	
665	3.172500e-08	4.047277e-01	4.049922e-01	-7.81408e-14	
666	3.177500e-08	4.047277e-01	4.049927e-01	-7.33756e-14	
667	3.182500e-08	4.047277e-01	4.049931e-01	-6.89010e-14	
668	3.187500e-08	4.047277e-01	4.049935e-01	-6.46992e-14	
669	3.192500e-08	4.047277e-01	4.049939e-01	-6.07537e-14	
670	3.197500e-08	4.047277e-01	4.049943e-01	-5.70487e-14	
671	3.202500e-08	4.047277e-01	4.049946e-01	-5.35698e-14	
672	3.207500e-08	4.047277e-01	4.049950e-01	-5.03029e-14	
673	3.212500e-08	4.047277e-01	4.049953e-01	-4.72353e-14	
674	3.217500e-08	4.047277e-01	4.049956e-01	-4.43548e-14	
675	3.222500e-08	4.047277e-01	4.049958e-01	-4.16499e-14	
676	3.227500e-08	4.047277e-01	4.049961e-01	-3.91100e-14	
677	3.232500e-08	4.047277e-01	4.049963e-01	-3.67250e-14	
678	3.237500e-08	4.047277e-01	4.049966e-01	-3.44854e-14	
679	3.242500e-08	4.047277e-01	4.049968e-01	-3.23824e-14	
680	3.247500e-08	4.047277e-01	4.049970e-01	-3.04077e-14	
681	3.252500e-08	4.047277e-01	4.049971e-01	-2.85534e-14	
682	3.257500e-08	4.047277e-01	4.049973e-01	-2.68121e-14	
683	3.262500e-08	4.047277e-01	4.049975e-01	-2.51771e-14	
684	3.267500e-08	4.047277e-01	4.049976e-01	-2.36417e-14	
685	3.272500e-08	4.047277e-01	4.049978e-01	-2.22000e-14	
686	3.277500e-08	4.047277e-01	4.049979e-01	-2.08462e-14	
687	3.282500e-08	4.047277e-01	4.049980e-01	-1.95750e-14	
688	3.287500e-08	4.047277e-01	4.049982e-01	-1.83813e-14	
689	3.292500e-08	4.047277e-01	4.049983e-01	-1.72603e-14	
690	3.297500e-08	4.047277e-01	4.049984e-01	-1.62078e-14	
691	3.302500e-08	4.047277e-01	4.049985e-01	-1.52194e-14	
692	3.307500e-08	4.047277e-01	4.049986e-01	-1.42913e-14	

Index   time            v(cell)         v(bl)           vpre#branch     
--------------------------------------------------------------------------------
693	3.312500e-08	4.047277e-01	4.049987e-01	-1.34198e-14	
694	3.317500e-08	4.047277e-01	4.049987e-01	-1.26015e-14	
695	3.322500e-08	4.047277e-01	4.049988e-01	-1.18330e-14	
696	3.327500e-08	4.047277e-01	4.049989e-01	-1.11114e-14	
697	3.332500e-08	4.047277e-01	4.049990e-01	-1.04339e-14	
698	3.337500e-08	4.047277e-01	4.049990e-01	-9.79760e-15	
699	3.342500e-08	4.047277e-01	4.049991e-01	-9.20014e-15	
700	3.347500e-08	4.047277e-01	4.049991e-01	-8.63912e-15	
701	3.352500e-08	4.047277e-01	4.049992e-01	-8.11231e-15	
702	3.357500e-08	4.047277e-01	4.049992e-01	-7.61763e-15	
703	3.362500e-08	4.047277e-01	4.049993e-01	-7.15311e-15	
704	3.367500e-08	4.047277e-01	4.049993e-01	-6.71693e-15	
705	3.372500e-08	4.047277e-01	4.049994e-01	-6.30734e-15	
706	3.377500e-08	4.047277e-01	4.049994e-01	-5.92273e-15	
707	3.382500e-08	4.047277e-01	4.049994e-01	-5.56157e-15	
708	3.387500e-08	4.047277e-01	4.049995e-01	-5.22244e-15	
709	3.392500e-08	4.047277e-01	4.049995e-01	-4.90399e-15	
710	3.397500e-08	4.047277e-01	4.049995e-01	-4.60496e-15	
711	3.402500e-08	4.047277e-01	4.049996e-01	-4.32417e-15	
712	3.407500e-08	4.047277e-01	4.049996e-01	-4.06050e-15	
713	3.412500e-08	4.047277e-01	4.049996e-01	-3.81291e-15	
714	3.417500e-08	4.047277e-01	4.049996e-01	-3.58042e-15	
715	3.422500e-08	4.047277e-01	4.049997e-01	-3.36210e-15	
716	3.427500e-08	4.047277e-01	4.049997e-01	-3.15710e-15	
717	3.432500e-08	4.047277e-01	4.049997e-01	-2.96461e-15	
718	3.437500e-08	4.047277e-01	4.049997e-01	-2.78385e-15	
719	3.442500e-08	4.047277e-01	4.049997e-01	-2.61411e-15	
720	3.447500e-08	4.047277e-01	4.049998e-01	-2.45473e-15	
721	3.452500e-08	4.047277e-01	4.049998e-01	-2.30506e-15	
722	3.457500e-08	4.047277e-01	4.049998e-01	-2.16452e-15	
723	3.462500e-08	4.047277e-01	4.049998e-01	-2.03256e-15	
724	3.467500e-08	4.047277e-01	4.049998e-01	-1.90864e-15	
725	3.472500e-08	4.047277e-01	4.049998e-01	-1.79227e-15	
726	3.477500e-08	4.047277e-01	4.049998e-01	-1.68301e-15	
727	3.482500e-08	4.047277e-01	4.049998e-01	-1.58040e-15	
728	3.487500e-08	4.047277e-01	4.049999e-01	-1.48406e-15	
729	3.492500e-08	4.047277e-01	4.049999e-01	-1.39359e-15	
730	3.497500e-08	4.047277e-01	4.049999e-01	-1.30863e-15	
731	3.502500e-08	4.047277e-01	4.049999e-01	-1.22886e-15	
732	3.507500e-08	4.047277e-01	4.049999e-01	-1.15395e-15	
733	3.512500e-08	4.047277e-01	4.049999e-01	-1.08361e-15	
734	3.517500e-08	4.047277e-01	4.049999e-01	-1.01756e-15	
735	3.522500e-08	4.047277e-01	4.049999e-01	-9.55539e-16	
736	3.527500e-08	4.047277e-01	4.049999e-01	-8.97299e-16	
737	3.532500e-08	4.047277e-01	4.049999e-01	-8.42611e-16	
738	3.537500e-08	4.047277e-01	4.049999e-01	-7.91257e-16	
739	3.542500e-08	4.047277e-01	4.049999e-01	-7.43035e-16	
740	3.547500e-08	4.047277e-01	4.049999e-01	-6.97755e-16	
741	3.552500e-08	4.047277e-01	4.049999e-01	-6.55235e-16	
742	3.557500e-08	4.047277e-01	4.049999e-01	-6.15308e-16	
743	3.562500e-08	4.047277e-01	4.049999e-01	-5.77816e-16	
744	3.567500e-08	4.047277e-01	4.049999e-01	-5.42611e-16	
745	3.572500e-08	4.047277e-01	4.049999e-01	-5.09553e-16	
746	3.577500e-08	4.047277e-01	4.050000e-01	-4.78511e-16	
747	3.582500e-08	4.047277e-01	4.050000e-01	-4.49362e-16	
748	3.587500e-08	4.047277e-01	4.050000e-01	-4.21990e-16	
749	3.592500e-08	4.047277e-01	4.050000e-01	-3.96288e-16	
750	3.597500e-08	4.047277e-01	4.050000e-01	-3.72153e-16	

Index   time            v(cell)         v(bl)           vpre#branch     
--------------------------------------------------------------------------------
751	3.602500e-08	4.047277e-01	4.050000e-01	-3.49489e-16	
752	3.607500e-08	4.047277e-01	4.050000e-01	-3.28208e-16	
753	3.612500e-08	4.047277e-01	4.050000e-01	-3.08225e-16	
754	3.617500e-08	4.047277e-01	4.050000e-01	-2.89460e-16	
755	3.622500e-08	4.047277e-01	4.050000e-01	-2.71840e-16	
756	3.627500e-08	4.047277e-01	4.050000e-01	-2.55294e-16	
757	3.632500e-08	4.047277e-01	4.050000e-01	-2.39758e-16	
758	3.637500e-08	4.047277e-01	4.050000e-01	-2.25168e-16	
759	3.642500e-08	4.047277e-01	4.050000e-01	-2.11469e-16	
760	3.647500e-08	4.047277e-01	4.050000e-01	-1.98605e-16	
761	3.652500e-08	4.047277e-01	4.050000e-01	-1.86525e-16	
762	3.657500e-08	4.047277e-01	4.050000e-01	-1.75182e-16	
763	3.662500e-08	4.047277e-01	4.050000e-01	-1.64531e-16	
764	3.667500e-08	4.047277e-01	4.050000e-01	-1.54529e-16	
765	3.672500e-08	4.047277e-01	4.050000e-01	-1.45137e-16	
766	3.677500e-08	4.047277e-01	4.050000e-01	-1.36318e-16	
767	3.682500e-08	4.047277e-01	4.050000e-01	-1.28037e-16	
768	3.687500e-08	4.047277e-01	4.050000e-01	-1.20261e-16	
769	3.692500e-08	4.047277e-01	4.050000e-01	-1.12959e-16	
770	3.697500e-08	4.047277e-01	4.050000e-01	-1.06102e-16	
771	3.702500e-08	4.047277e-01	4.050000e-01	-9.96635e-17	
772	3.707500e-08	4.047277e-01	4.050000e-01	-9.36176e-17	
773	3.712500e-08	4.047277e-01	4.050000e-01	-8.79404e-17	
774	3.717500e-08	4.047277e-01	4.050000e-01	-8.26095e-17	
775	3.722500e-08	4.047277e-01	4.050000e-01	-7.76036e-17	
776	3.727500e-08	4.047277e-01	4.050000e-01	-7.29030e-17	
777	3.732500e-08	4.047277e-01	4.050000e-01	-6.84890e-17	
778	3.737500e-08	4.047277e-01	4.050000e-01	-6.43442e-17	
779	3.742500e-08	4.047277e-01	4.050000e-01	-6.04522e-17	
780	3.747500e-08	4.047277e-01	4.050000e-01	-5.67975e-17	
781	3.752500e-08	4.047277e-01	4.050000e-01	-5.33657e-17	
782	3.757500e-08	4.047277e-01	4.050000e-01	-5.01432e-17	
783	3.762500e-08	4.047277e-01	4.050000e-01	-4.71172e-17	
784	3.767500e-08	4.047277e-01	4.050000e-01	-4.42758e-17	
785	3.772500e-08	4.047277e-01	4.050000e-01	-4.16076e-17	
786	3.777500e-08	4.047277e-01	4.050000e-01	-3.91021e-17	
787	3.782500e-08	4.047277e-01	4.050000e-01	-3.67495e-17	
788	3.787500e-08	4.047277e-01	4.050000e-01	-3.45403e-17	
789	3.792500e-08	4.047277e-01	4.050000e-01	-3.24658e-17	
790	3.797500e-08	4.047277e-01	4.050000e-01	-3.05178e-17	
791	3.802500e-08	4.047277e-01	4.050000e-01	-2.86886e-17	
792	3.807500e-08	4.047277e-01	4.050000e-01	-2.69710e-17	
793	3.812500e-08	4.047277e-01	4.050000e-01	-2.53577e-17	
794	3.817500e-08	4.047277e-01	4.050000e-01	-2.38428e-17	
795	3.822500e-08	4.047277e-01	4.050000e-01	-2.24207e-17	
796	3.827500e-08	4.047277e-01	4.050000e-01	-2.10853e-17	
797	3.832500e-08	4.047277e-01	4.050000e-01	-1.98314e-17	
798	3.837500e-08	4.047277e-01	4.050000e-01	-1.86539e-17	
799	3.842500e-08	4.047277e-01	4.050000e-01	-1.75482e-17	
800	3.847500e-08	4.047277e-01	4.050000e-01	-1.65100e-17	
801	3.852500e-08	4.047277e-01	4.050000e-01	-1.55350e-17	
802	3.857500e-08	4.047277e-01	4.050000e-01	-1.46196e-17	
803	3.862500e-08	4.047277e-01	4.050000e-01	-1.37599e-17	
804	3.867500e-08	4.047277e-01	4.050000e-01	-1.29527e-17	
805	3.872500e-08	4.047277e-01	4.050000e-01	-1.21947e-17	
806	3.877500e-08	4.047277e-01	4.050000e-01	-1.14829e-17	
807	3.882500e-08	4.047277e-01	4.050000e-01	-1.08146e-17	
808	3.887500e-08	4.047277e-01	4.050000e-01	-1.01870e-17	

Index   time            v(cell)         v(bl)           vpre#branch     
--------------------------------------------------------------------------------
809	3.892500e-08	4.047277e-01	4.050000e-01	-9.59762e-18	
810	3.897500e-08	4.047277e-01	4.050000e-01	-9.04381e-18	
811	3.902500e-08	4.047277e-01	4.050000e-01	-8.52378e-18	
812	3.907500e-08	4.047277e-01	4.050000e-01	-8.03587e-18	
813	3.912500e-08	4.047277e-01	4.050000e-01	-7.57772e-18	
814	3.917500e-08	4.047277e-01	4.050000e-01	-7.14750e-18	
815	3.922500e-08	4.047277e-01	4.050000e-01	-6.74352e-18	
816	3.927500e-08	4.047277e-01	4.050000e-01	-6.36418e-18	
817	3.932500e-08	4.047277e-01	4.050000e-01	-6.00797e-18	
818	3.937500e-08	4.047277e-01	4.050000e-01	-5.67349e-18	
819	3.942500e-08	4.047277e-01	4.050000e-01	-5.35940e-18	
820	3.947500e-08	4.047277e-01	4.050000e-01	-5.06446e-18	
821	3.952500e-08	4.047277e-01	4.050000e-01	-4.78751e-18	
822	3.957500e-08	4.047277e-01	4.050000e-01	-4.52745e-18	
823	3.962500e-08	4.047277e-01	4.050000e-01	-4.28325e-18	
824	3.967500e-08	4.047277e-01	4.050000e-01	-4.05395e-18	
825	3.972500e-08	4.047277e-01	4.050000e-01	-3.83862e-18	
826	3.977500e-08	4.047277e-01	4.050000e-01	-3.63643e-18	
827	3.982500e-08	4.047277e-01	4.050000e-01	-3.44657e-18	
828	3.987500e-08	4.047277e-01	4.050000e-01	-3.26829e-18	
829	3.992500e-08	4.047277e-01	4.050000e-01	-3.10088e-18	
830	3.996250e-08	4.047277e-01	4.050000e-01	-2.98199e-18	
831	4.000000e-08	4.047277e-01	4.050000e-01	-2.86802e-18	


Total analysis time (seconds) = 0.0573744

Total elapsed time (seconds) = 0.070 

Total DRAM available = 386307.215 MB.
DRAM currently available = 2171.621 MB.
Maximum ngspice program size =  529.715 MB.
Current ngspice program size =   14.133 MB.

Shared ngspice pages =   12.305 MB.
Text (code) pages =    6.266 MB.
Stack = 0 bytes.
Library pages =   59.133 MB.

