
Note: No compatibility mode selected!


Circuit: * 1t1c ccell=30.0ff

Doing analysis at TEMP = 27.000000 and TNOM = 27.000000

Using SPARSE 1.3 as Direct Linear Solver

Initial Transient Solution
--------------------------

Node                                   Voltage
----                                   -------
pre                                      0.405
bl                                       0.405
wl                                           0
plate                                        0
s                                            0
cell                                         0
vs#branch                                    0
vpl#branch                                   0
vwl#branch                                   0
vpre#branch                                  0


No. of Data Rows : 832

  Measurements for Transient Analysis

t_write             =  1.90024e-09
t_read              =  2.25796e-08
i_hold              =  -2.86532e-11 from=  2.50000e-08 to=  3.50250e-08
q_read              =   3.10198e-18 from=  1.20000e-08 to=  2.20000e-08

                              * 1t1c ccell=30.0ff
                              Transient Analysis  Wed Jun 24 01:09:37  2026
--------------------------------------------------------------------------------
Index   time            v(cell)         v(bl)           vpre#branch     
--------------------------------------------------------------------------------
0	0.000000e+00	0.000000e+00	4.050000e-01	0.000000e+00	
1	5.000000e-13	2.966130e-13	4.050000e-01	-1.19039e-17	
2	1.000000e-12	5.932215e-13	4.050000e-01	-2.30866e-17	
3	2.000000e-12	1.186438e-12	4.050000e-01	-4.54378e-17	
4	4.000000e-12	2.372871e-12	4.050000e-01	-9.00560e-17	
5	8.000000e-12	4.745737e-12	4.050000e-01	-1.78956e-16	
6	1.600000e-11	9.491469e-12	4.050000e-01	-3.55422e-16	
7	3.200000e-11	1.898293e-11	4.049999e-01	-7.03078e-16	
8	6.400000e-11	3.796586e-11	4.049999e-01	-1.37781e-15	
9	1.140000e-10	6.762667e-11	4.049998e-01	-2.37936e-15	
10	1.640000e-10	9.728747e-11	4.049997e-01	-3.31984e-15	
11	2.140000e-10	1.269483e-10	4.049996e-01	-4.20295e-15	
12	2.640000e-10	1.566091e-10	4.049995e-01	-5.03222e-15	
13	3.140000e-10	1.862698e-10	4.049994e-01	-5.81091e-15	
14	3.640000e-10	2.159306e-10	4.049993e-01	-6.54212e-15	
15	4.140000e-10	2.455914e-10	4.049993e-01	-7.22873e-15	
16	4.640000e-10	2.752521e-10	4.049992e-01	-7.87347e-15	
17	5.140000e-10	3.049129e-10	4.049992e-01	-8.47890e-15	
18	5.640000e-10	3.345737e-10	4.049991e-01	-9.04740e-15	
19	6.140000e-10	3.642344e-10	4.049990e-01	-9.58123e-15	
20	6.640000e-10	3.938951e-10	4.049990e-01	-1.00825e-14	
21	7.140000e-10	4.235559e-10	4.049989e-01	-1.05532e-14	
22	7.640000e-10	4.532166e-10	4.049989e-01	-1.09952e-14	
23	8.140000e-10	4.828774e-10	4.049989e-01	-1.14103e-14	
24	8.640000e-10	5.125381e-10	4.049988e-01	-1.18000e-14	
25	9.140000e-10	5.421988e-10	4.049988e-01	-1.21660e-14	
26	9.570000e-10	5.677070e-10	4.049988e-01	-1.24628e-14	
27	1.000000e-09	5.932153e-10	4.049987e-01	-1.27440e-14	
28	1.005000e-09	4.048935e-03	4.049987e-01	-1.27635e-14	
29	1.015000e-09	1.214679e-02	4.049987e-01	-1.27806e-14	
30	1.035000e-09	2.834250e-02	4.049987e-01	-1.27052e-14	
31	1.075000e-09	6.073392e-02	4.049988e-01	-1.22765e-14	
32	1.125000e-09	1.012232e-01	4.049988e-01	-1.15418e-14	
33	1.175000e-09	1.417125e-01	4.049989e-01	-1.08212e-14	
34	1.225000e-09	1.822017e-01	4.049990e-01	-1.01556e-14	
35	1.275000e-09	2.226910e-01	4.049990e-01	-9.53431e-15	
36	1.325000e-09	2.631803e-01	4.049991e-01	-8.95223e-15	
37	1.375000e-09	3.036695e-01	4.049992e-01	-8.40648e-15	
38	1.425000e-09	3.441588e-01	4.049992e-01	-7.89449e-15	
39	1.475000e-09	3.846481e-01	4.049993e-01	-7.41367e-15	
40	1.525000e-09	4.251374e-01	4.049993e-01	-6.96203e-15	
41	1.575000e-09	4.656266e-01	4.049993e-01	-6.53729e-15	
42	1.625000e-09	5.061159e-01	4.049994e-01	-6.13792e-15	
43	1.675000e-09	5.466052e-01	4.049994e-01	-5.76290e-15	
44	1.725000e-09	5.870945e-01	4.049995e-01	-5.41071e-15	
45	1.775000e-09	6.275837e-01	4.049995e-01	-5.07997e-15	
46	1.825000e-09	6.680730e-01	4.049995e-01	-4.76936e-15	
47	1.875000e-09	7.085623e-01	4.049996e-01	-4.47767e-15	
48	1.925000e-09	7.490515e-01	4.049996e-01	-4.20374e-15	
49	1.962500e-09	7.794185e-01	4.049996e-01	-4.00933e-15	
50	2.000000e-09	8.097855e-01	4.049996e-01	-3.82385e-15	
51	2.005000e-09	8.097854e-01	4.049996e-01	-3.79986e-15	
52	2.015000e-09	8.097854e-01	4.049996e-01	-3.75216e-15	
53	2.035000e-09	8.097854e-01	4.049996e-01	-3.65856e-15	
54	2.075000e-09	8.097854e-01	4.049997e-01	-3.47823e-15	

Index   time            v(cell)         v(bl)           vpre#branch     
--------------------------------------------------------------------------------
55	2.125000e-09	8.097854e-01	4.049997e-01	-3.26520e-15	
56	2.175000e-09	8.097854e-01	4.049997e-01	-3.06516e-15	
57	2.225000e-09	8.097854e-01	4.049997e-01	-2.87731e-15	
58	2.275000e-09	8.097854e-01	4.049997e-01	-2.70093e-15	
59	2.325000e-09	8.097854e-01	4.049997e-01	-2.53530e-15	
60	2.375000e-09	8.097854e-01	4.049998e-01	-2.37977e-15	
61	2.425000e-09	8.097854e-01	4.049998e-01	-2.23372e-15	
62	2.475000e-09	8.097854e-01	4.049998e-01	-2.09658e-15	
63	2.525000e-09	8.097854e-01	4.049998e-01	-1.96781e-15	
64	2.575000e-09	8.097854e-01	4.049998e-01	-1.84688e-15	
65	2.625000e-09	8.097854e-01	4.049998e-01	-1.73333e-15	
66	2.675000e-09	8.097854e-01	4.049998e-01	-1.62671e-15	
67	2.725000e-09	8.097854e-01	4.049998e-01	-1.52659e-15	
68	2.775000e-09	8.097854e-01	4.049999e-01	-1.43257e-15	
69	2.825000e-09	8.097854e-01	4.049999e-01	-1.34429e-15	
70	2.875000e-09	8.097854e-01	4.049999e-01	-1.26139e-15	
71	2.925000e-09	8.097854e-01	4.049999e-01	-1.18355e-15	
72	2.975000e-09	8.097854e-01	4.049999e-01	-1.11045e-15	
73	3.025000e-09	8.097854e-01	4.049999e-01	-1.04181e-15	
74	3.075000e-09	8.097854e-01	4.049999e-01	-9.77359e-16	
75	3.125000e-09	8.097854e-01	4.049999e-01	-9.16837e-16	
76	3.175000e-09	8.097854e-01	4.049999e-01	-8.60006e-16	
77	3.225000e-09	8.097854e-01	4.049999e-01	-8.06641e-16	
78	3.275000e-09	8.097854e-01	4.049999e-01	-7.56530e-16	
79	3.325000e-09	8.097854e-01	4.049999e-01	-7.09475e-16	
80	3.375000e-09	8.097854e-01	4.049999e-01	-6.65289e-16	
81	3.425000e-09	8.097854e-01	4.049999e-01	-6.23798e-16	
82	3.475000e-09	8.097854e-01	4.049999e-01	-5.84837e-16	
83	3.525000e-09	8.097854e-01	4.049999e-01	-5.48252e-16	
84	3.575000e-09	8.097854e-01	4.049999e-01	-5.13898e-16	
85	3.625000e-09	8.097854e-01	4.050000e-01	-4.81639e-16	
86	3.675000e-09	8.097854e-01	4.050000e-01	-4.51348e-16	
87	3.725000e-09	8.097854e-01	4.050000e-01	-4.22904e-16	
88	3.775000e-09	8.097854e-01	4.050000e-01	-3.96194e-16	
89	3.825000e-09	8.097854e-01	4.050000e-01	-3.71113e-16	
90	3.875000e-09	8.097854e-01	4.050000e-01	-3.47562e-16	
91	3.925000e-09	8.097854e-01	4.050000e-01	-3.25447e-16	
92	3.975000e-09	8.097854e-01	4.050000e-01	-3.04680e-16	
93	4.025000e-09	8.097854e-01	4.050000e-01	-2.85180e-16	
94	4.075000e-09	8.097854e-01	4.050000e-01	-2.66870e-16	
95	4.125000e-09	8.097854e-01	4.050000e-01	-2.49676e-16	
96	4.175000e-09	8.097854e-01	4.050000e-01	-2.33530e-16	
97	4.225000e-09	8.097854e-01	4.050000e-01	-2.18369e-16	
98	4.275000e-09	8.097854e-01	4.050000e-01	-2.04132e-16	
99	4.325000e-09	8.097854e-01	4.050000e-01	-1.90764e-16	
100	4.375000e-09	8.097854e-01	4.050000e-01	-1.78211e-16	
101	4.425000e-09	8.097854e-01	4.050000e-01	-1.66423e-16	
102	4.475000e-09	8.097854e-01	4.050000e-01	-1.55354e-16	
103	4.525000e-09	8.097854e-01	4.050000e-01	-1.44961e-16	
104	4.575000e-09	8.097854e-01	4.050000e-01	-1.35201e-16	
105	4.625000e-09	8.097854e-01	4.050000e-01	-1.26036e-16	
106	4.675000e-09	8.097854e-01	4.050000e-01	-1.17430e-16	
107	4.725000e-09	8.097854e-01	4.050000e-01	-1.09349e-16	
108	4.775000e-09	8.097854e-01	4.050000e-01	-1.01761e-16	
109	4.825000e-09	8.097854e-01	4.050000e-01	-9.46359e-17	
110	4.875000e-09	8.097854e-01	4.050000e-01	-8.79447e-17	
111	4.925000e-09	8.097854e-01	4.050000e-01	-8.16620e-17	
112	4.975000e-09	8.097854e-01	4.050000e-01	-7.57629e-17	

Index   time            v(cell)         v(bl)           vpre#branch     
--------------------------------------------------------------------------------
113	5.025000e-09	8.097854e-01	4.050000e-01	-7.02235e-17	
114	5.075000e-09	8.097854e-01	4.050000e-01	-6.50219e-17	
115	5.125000e-09	8.097854e-01	4.050000e-01	-6.01371e-17	
116	5.175000e-09	8.097854e-01	4.050000e-01	-5.55502e-17	
117	5.225000e-09	8.097854e-01	4.050000e-01	-5.12431e-17	
118	5.275000e-09	8.097854e-01	4.050000e-01	-4.71986e-17	
119	5.325000e-09	8.097854e-01	4.050000e-01	-4.34011e-17	
120	5.375000e-09	8.097854e-01	4.050000e-01	-3.98353e-17	
121	5.425000e-09	8.097854e-01	4.050000e-01	-3.64868e-17	
122	5.475000e-09	8.097854e-01	4.050000e-01	-3.33422e-17	
123	5.525000e-09	8.097854e-01	4.050000e-01	-3.03889e-17	
124	5.575000e-09	8.097854e-01	4.050000e-01	-2.76158e-17	
125	5.625000e-09	8.097854e-01	4.050000e-01	-2.50121e-17	
126	5.675000e-09	8.097854e-01	4.050000e-01	-2.25673e-17	
127	5.725000e-09	8.097854e-01	4.050000e-01	-2.02711e-17	
128	5.775000e-09	8.097854e-01	4.050000e-01	-1.81154e-17	
129	5.825000e-09	8.097854e-01	4.050000e-01	-1.60915e-17	
130	5.875000e-09	8.097854e-01	4.050000e-01	-1.41906e-17	
131	5.925000e-09	8.097854e-01	4.050000e-01	-1.24053e-17	
132	5.975000e-09	8.097854e-01	4.050000e-01	-1.07288e-17	
133	6.025000e-09	8.097854e-01	4.050000e-01	-9.15460e-18	
134	6.075000e-09	8.097854e-01	4.050000e-01	-7.67637e-18	
135	6.125000e-09	8.097854e-01	4.050000e-01	-6.28870e-18	
136	6.175000e-09	8.097854e-01	4.050000e-01	-4.98565e-18	
137	6.225000e-09	8.097854e-01	4.050000e-01	-3.76165e-18	
138	6.275000e-09	8.097854e-01	4.050000e-01	-2.61271e-18	
139	6.325000e-09	8.097854e-01	4.050000e-01	-1.53384e-18	
140	6.375000e-09	8.097854e-01	4.050000e-01	-5.20348e-19	
141	6.425000e-09	8.097854e-01	4.050000e-01	4.309272e-19	
142	6.475000e-09	8.097854e-01	4.050000e-01	1.324190e-18	
143	6.525000e-09	8.097854e-01	4.050000e-01	2.162979e-18	
144	6.575000e-09	8.097854e-01	4.050000e-01	2.950615e-18	
145	6.625000e-09	8.097854e-01	4.050000e-01	3.690633e-18	
146	6.675000e-09	8.097854e-01	4.050000e-01	4.385521e-18	
147	6.725000e-09	8.097854e-01	4.050000e-01	5.037618e-18	
148	6.775000e-09	8.097854e-01	4.050000e-01	5.649950e-18	
149	6.825000e-09	8.097854e-01	4.050000e-01	6.225353e-18	
150	6.875000e-09	8.097854e-01	4.050000e-01	6.765667e-18	
151	6.925000e-09	8.097854e-01	4.050000e-01	7.273030e-18	
152	6.962500e-09	8.097854e-01	4.050000e-01	7.633044e-18	
153	7.000000e-09	8.097854e-01	4.050000e-01	7.976686e-18	
154	7.005000e-09	7.895408e-01	4.050000e-01	8.019805e-18	
155	7.015000e-09	7.490515e-01	4.050000e-01	8.102746e-18	
156	7.035000e-09	6.680730e-01	4.050000e-01	8.249226e-18	
157	7.067500e-09	5.364828e-01	4.050000e-01	8.430674e-18	
158	7.100000e-09	4.048927e-01	4.050000e-01	8.527680e-18	
159	7.105000e-09	4.048927e-01	4.050000e-01	8.473149e-18	
160	7.115000e-09	4.048927e-01	4.050000e-01	8.364660e-18	
161	7.135000e-09	4.048927e-01	4.050000e-01	8.151513e-18	
162	7.175000e-09	4.048927e-01	4.050000e-01	7.740726e-18	
163	7.225000e-09	4.048927e-01	4.050000e-01	7.255496e-18	
164	7.275000e-09	4.048927e-01	4.050000e-01	6.800280e-18	
165	7.325000e-09	4.048927e-01	4.050000e-01	6.373238e-18	
166	7.375000e-09	4.048927e-01	4.050000e-01	5.972239e-18	
167	7.425000e-09	4.048927e-01	4.050000e-01	5.595695e-18	
168	7.475000e-09	4.048927e-01	4.050000e-01	5.242115e-18	
169	7.525000e-09	4.048927e-01	4.050000e-01	4.909683e-18	
170	7.575000e-09	4.048927e-01	4.050000e-01	4.597523e-18	

Index   time            v(cell)         v(bl)           vpre#branch     
--------------------------------------------------------------------------------
171	7.625000e-09	4.048927e-01	4.050000e-01	4.304401e-18	
172	7.675000e-09	4.048927e-01	4.050000e-01	4.029154e-18	
173	7.725000e-09	4.048927e-01	4.050000e-01	3.771105e-18	
174	7.775000e-09	4.048927e-01	4.050000e-01	3.528793e-18	
175	7.825000e-09	4.048927e-01	4.050000e-01	3.301258e-18	
176	7.875000e-09	4.048927e-01	4.050000e-01	3.087600e-18	
177	7.925000e-09	4.048927e-01	4.050000e-01	2.886556e-18	
178	7.975000e-09	4.048927e-01	4.050000e-01	2.697773e-18	
179	8.025000e-09	4.048927e-01	4.050000e-01	2.520502e-18	
180	8.075000e-09	4.048927e-01	4.050000e-01	2.354043e-18	
181	8.125000e-09	4.048927e-01	4.050000e-01	2.197735e-18	
182	8.175000e-09	4.048927e-01	4.050000e-01	2.050956e-18	
183	8.225000e-09	4.048927e-01	4.050000e-01	1.913130e-18	
184	8.275000e-09	4.048927e-01	4.050000e-01	1.783711e-18	
185	8.325000e-09	4.048927e-01	4.050000e-01	1.662182e-18	
186	8.375000e-09	4.048927e-01	4.050000e-01	1.548065e-18	
187	8.425000e-09	4.048927e-01	4.050000e-01	1.440906e-18	
188	8.475000e-09	4.048927e-01	4.050000e-01	1.340282e-18	
189	8.525000e-09	4.048927e-01	4.050000e-01	1.246210e-18	
190	8.575000e-09	4.048927e-01	4.050000e-01	1.157875e-18	
191	8.625000e-09	4.048927e-01	4.050000e-01	1.074512e-18	
192	8.675000e-09	4.048927e-01	4.050000e-01	9.962332e-19	
193	8.725000e-09	4.048927e-01	4.050000e-01	9.231410e-19	
194	8.775000e-09	4.048927e-01	4.050000e-01	8.545074e-19	
195	8.825000e-09	4.048927e-01	4.050000e-01	7.900576e-19	
196	8.875000e-09	4.048927e-01	4.050000e-01	7.295377e-19	
197	8.925000e-09	4.048927e-01	4.050000e-01	6.722968e-19	
198	8.975000e-09	4.048927e-01	4.050000e-01	6.181339e-19	
199	9.025000e-09	4.048927e-01	4.050000e-01	5.676866e-19	
200	9.075000e-09	4.048927e-01	4.050000e-01	5.207292e-19	
201	9.125000e-09	4.048927e-01	4.050000e-01	4.762211e-19	
202	9.175000e-09	4.048927e-01	4.050000e-01	4.344303e-19	
203	9.225000e-09	4.048927e-01	4.050000e-01	3.951855e-19	
204	9.275000e-09	4.048927e-01	4.050000e-01	3.583338e-19	
205	9.325000e-09	4.048927e-01	4.050000e-01	3.237295e-19	
206	9.375000e-09	4.048927e-01	4.050000e-01	2.912371e-19	
207	9.425000e-09	4.048927e-01	4.050000e-01	2.607248e-19	
208	9.475000e-09	4.048927e-01	4.050000e-01	2.320738e-19	
209	9.525000e-09	4.048927e-01	4.050000e-01	2.055825e-19	
210	9.575000e-09	4.048927e-01	4.050000e-01	1.807067e-19	
211	9.625000e-09	4.048927e-01	4.050000e-01	1.569335e-19	
212	9.675000e-09	4.048927e-01	4.050000e-01	1.346104e-19	
213	9.725000e-09	4.048927e-01	4.050000e-01	1.136505e-19	
214	9.775000e-09	4.048927e-01	4.050000e-01	9.396772e-20	
215	9.825000e-09	4.048927e-01	4.050000e-01	7.548602e-20	
216	9.875000e-09	4.048927e-01	4.050000e-01	5.813094e-20	
217	9.925000e-09	4.048927e-01	4.050000e-01	4.183383e-20	
218	9.975000e-09	4.048927e-01	4.050000e-01	2.653265e-20	
219	1.002500e-08	4.048927e-01	4.050000e-01	1.216369e-20	
220	1.007500e-08	4.048927e-01	4.050000e-01	-1.32845e-21	
221	1.012500e-08	4.048927e-01	4.050000e-01	-1.39976e-20	
222	1.017500e-08	4.048927e-01	4.050000e-01	-2.58932e-20	
223	1.022500e-08	4.048927e-01	4.050000e-01	-3.70635e-20	
224	1.027500e-08	4.048927e-01	4.050000e-01	-4.75546e-20	
225	1.032500e-08	4.048927e-01	4.050000e-01	-5.74063e-20	
226	1.037500e-08	4.048927e-01	4.050000e-01	-6.66567e-20	
227	1.042500e-08	4.048927e-01	4.050000e-01	-7.49293e-20	
228	1.047500e-08	4.048927e-01	4.050000e-01	-8.31101e-20	

Index   time            v(cell)         v(bl)           vpre#branch     
--------------------------------------------------------------------------------
229	1.052500e-08	4.048927e-01	4.050000e-01	-9.12074e-20	
230	1.057500e-08	4.048927e-01	4.050000e-01	-9.83964e-20	
231	1.062500e-08	4.048927e-01	4.050000e-01	-1.05147e-19	
232	1.067500e-08	4.048927e-01	4.050000e-01	-1.11483e-19	
233	1.072500e-08	4.048927e-01	4.050000e-01	-1.17436e-19	
234	1.077500e-08	4.048927e-01	4.050000e-01	-1.23026e-19	
235	1.082500e-08	4.048927e-01	4.050000e-01	-1.28275e-19	
236	1.087500e-08	4.048927e-01	4.050000e-01	-1.33205e-19	
237	1.092500e-08	4.048927e-01	4.050000e-01	-1.37420e-19	
238	1.096250e-08	4.048927e-01	4.050000e-01	-1.40469e-19	
239	1.100000e-08	4.048927e-01	4.050000e-01	-1.43122e-19	
240	1.100500e-08	4.048938e-01	4.090245e-01	4.024523e-11	
241	1.101500e-08	4.048959e-01	4.170233e-01	1.202326e-10	
242	1.103500e-08	4.049002e-01	4.327226e-01	2.772259e-10	
243	1.107500e-08	4.049088e-01	4.629653e-01	5.796535e-10	
244	1.112500e-08	4.049195e-01	4.986940e-01	9.369395e-10	
245	1.117500e-08	4.049303e-01	5.322437e-01	1.272437e-09	
246	1.122500e-08	4.049410e-01	5.637475e-01	1.587475e-09	
247	1.127500e-08	4.049517e-01	5.933301e-01	1.883301e-09	
248	1.132500e-08	4.049624e-01	6.211086e-01	2.161086e-09	
249	1.137500e-08	4.049732e-01	6.471932e-01	2.421932e-09	
250	1.142500e-08	4.049839e-01	6.716870e-01	2.666870e-09	
251	1.147500e-08	4.049946e-01	6.946870e-01	2.896870e-09	
252	1.152500e-08	4.050054e-01	7.162845e-01	3.112845e-09	
253	1.157500e-08	4.050161e-01	7.365647e-01	3.315647e-09	
254	1.162500e-08	4.050268e-01	7.556078e-01	3.506078e-09	
255	1.167500e-08	4.050375e-01	7.734885e-01	3.684885e-09	
256	1.172500e-08	4.050483e-01	7.902759e-01	3.852759e-09	
257	1.177500e-08	4.050590e-01	8.060312e-01	4.010312e-09	
258	1.182500e-08	4.050697e-01	8.208022e-01	4.158022e-09	
259	1.187500e-08	4.050805e-01	8.345776e-01	4.295776e-09	
260	1.192500e-08	4.050913e-01	8.472487e-01	4.422487e-09	
261	1.196250e-08	4.050996e-01	8.558465e-01	4.508465e-09	
262	1.200000e-08	4.051080e-01	8.632534e-01	4.582534e-09	
263	1.200500e-08	4.051081e-01	8.601149e-01	4.551149e-09	
264	1.201500e-08	4.051083e-01	8.538806e-01	4.488806e-09	
265	1.203500e-08	4.051085e-01	8.416648e-01	4.366648e-09	
266	1.207500e-08	4.051091e-01	8.182096e-01	4.132096e-09	
267	1.212500e-08	4.051097e-01	7.906317e-01	3.856317e-09	
268	1.217500e-08	4.051103e-01	7.648665e-01	3.598665e-09	
269	1.222500e-08	4.051109e-01	7.407891e-01	3.357891e-09	
270	1.227500e-08	4.051115e-01	7.182846e-01	3.132846e-09	
271	1.232500e-08	4.051120e-01	6.972466e-01	2.922466e-09	
272	1.237500e-08	4.051125e-01	6.775766e-01	2.725766e-09	
273	1.242500e-08	4.051130e-01	6.591830e-01	2.541830e-09	
274	1.247500e-08	4.051135e-01	6.419808e-01	2.369808e-09	
275	1.252500e-08	4.051139e-01	6.258912e-01	2.208912e-09	
276	1.257500e-08	4.051143e-01	6.108405e-01	2.058405e-09	
277	1.262500e-08	4.051148e-01	5.967605e-01	1.917605e-09	
278	1.267500e-08	4.051152e-01	5.835876e-01	1.785876e-09	
279	1.272500e-08	4.051156e-01	5.712623e-01	1.662623e-09	
280	1.277500e-08	4.051159e-01	5.597295e-01	1.547295e-09	
281	1.282500e-08	4.051163e-01	5.489376e-01	1.439376e-09	
282	1.287500e-08	4.051167e-01	5.388386e-01	1.338386e-09	
283	1.292500e-08	4.051170e-01	5.293876e-01	1.243876e-09	
284	1.297500e-08	4.051174e-01	5.205427e-01	1.155427e-09	
285	1.302500e-08	4.051177e-01	5.122650e-01	1.072650e-09	
286	1.307500e-08	4.051180e-01	5.045180e-01	9.951797e-10	

Index   time            v(cell)         v(bl)           vpre#branch     
--------------------------------------------------------------------------------
287	1.312500e-08	4.051184e-01	4.972675e-01	9.226753e-10	
288	1.317500e-08	4.051187e-01	4.904819e-01	8.548192e-10	
289	1.322500e-08	4.051190e-01	4.841315e-01	7.913145e-10	
290	1.327500e-08	4.051193e-01	4.781884e-01	7.318841e-10	
291	1.332500e-08	4.051196e-01	4.726269e-01	6.762690e-10	
292	1.337500e-08	4.051199e-01	4.674227e-01	6.242272e-10	
293	1.342500e-08	4.051202e-01	4.625533e-01	5.755330e-10	
294	1.347500e-08	4.051205e-01	4.579975e-01	5.299752e-10	
295	1.352500e-08	4.051207e-01	4.537357e-01	4.873568e-10	
296	1.357500e-08	4.051210e-01	4.497494e-01	4.474939e-10	
297	1.362500e-08	4.051213e-01	4.460214e-01	4.102144e-10	
298	1.367500e-08	4.051216e-01	4.425358e-01	3.753580e-10	
299	1.372500e-08	4.051218e-01	4.392775e-01	3.427749e-10	
300	1.377500e-08	4.051221e-01	4.362325e-01	3.123254e-10	
301	1.382500e-08	4.051223e-01	4.333879e-01	2.838792e-10	
302	1.387500e-08	4.051226e-01	4.307315e-01	2.573148e-10	
303	1.392500e-08	4.051228e-01	4.282519e-01	2.325195e-10	
304	1.397500e-08	4.051231e-01	4.259388e-01	2.093881e-10	
305	1.402500e-08	4.051233e-01	4.237824e-01	1.878236e-10	
306	1.407500e-08	4.051236e-01	4.217736e-01	1.677362e-10	
307	1.412500e-08	4.051238e-01	4.199044e-01	1.490436e-10	
308	1.417500e-08	4.051240e-01	4.181671e-01	1.316712e-10	
309	1.422500e-08	4.051242e-01	4.165552e-01	1.155521e-10	
310	1.427500e-08	4.051245e-01	4.150628e-01	1.006285e-10	
311	1.432500e-08	4.051247e-01	4.136853e-01	8.685277e-11	
312	1.437500e-08	4.051249e-01	4.124190e-01	7.419047e-11	
313	1.442500e-08	4.051251e-01	4.112624e-01	6.262416e-11	
314	1.447500e-08	4.051252e-01	4.102193e-01	5.219284e-11	
315	1.452500e-08	4.051254e-01	4.092933e-01	4.293290e-11	
316	1.457500e-08	4.051256e-01	4.084859e-01	3.485886e-11	
317	1.462500e-08	4.051257e-01	4.077992e-01	2.799245e-11	
318	1.467500e-08	4.051258e-01	4.072271e-01	2.227100e-11	
319	1.472500e-08	4.051259e-01	4.067614e-01	1.761365e-11	
320	1.477500e-08	4.051260e-01	4.063919e-01	1.391887e-11	
321	1.482500e-08	4.051260e-01	4.061019e-01	1.101939e-11	
322	1.487500e-08	4.051261e-01	4.058758e-01	8.757885e-12	
323	1.492500e-08	4.051261e-01	4.057000e-01	6.999726e-12	
324	1.497500e-08	4.051261e-01	4.055635e-01	5.635269e-12	
325	1.502500e-08	4.051261e-01	4.054577e-01	4.577434e-12	
326	1.507500e-08	4.051262e-01	4.053758e-01	3.757843e-12	
327	1.512500e-08	4.051262e-01	4.053123e-01	3.123118e-12	
328	1.517500e-08	4.051262e-01	4.052632e-01	2.631718e-12	
329	1.522500e-08	4.051262e-01	4.052251e-01	2.251367e-12	
330	1.527500e-08	4.051262e-01	4.051957e-01	1.957023e-12	
331	1.532500e-08	4.051262e-01	4.051729e-01	1.729268e-12	
332	1.537500e-08	4.051262e-01	4.051553e-01	1.553056e-12	
333	1.542500e-08	4.051262e-01	4.051417e-01	1.416732e-12	
334	1.547500e-08	4.051262e-01	4.051311e-01	1.311275e-12	
335	1.552500e-08	4.051262e-01	4.051230e-01	1.229697e-12	
336	1.557500e-08	4.051262e-01	4.051167e-01	1.166594e-12	
337	1.562500e-08	4.051262e-01	4.051118e-01	1.117782e-12	
338	1.567500e-08	4.051262e-01	4.051080e-01	1.080026e-12	
339	1.572500e-08	4.051262e-01	4.051051e-01	1.050821e-12	
340	1.577500e-08	4.051262e-01	4.051028e-01	1.028230e-12	
341	1.582500e-08	4.051262e-01	4.051011e-01	1.010754e-12	
342	1.587500e-08	4.051262e-01	4.050997e-01	9.972365e-13	
343	1.592500e-08	4.051262e-01	4.050987e-01	9.867780e-13	
344	1.597500e-08	4.051262e-01	4.050979e-01	9.786873e-13	

Index   time            v(cell)         v(bl)           vpre#branch     
--------------------------------------------------------------------------------
345	1.602500e-08	4.051262e-01	4.050972e-01	9.724265e-13	
346	1.607500e-08	4.051262e-01	4.050968e-01	9.675823e-13	
347	1.612500e-08	4.051262e-01	4.050964e-01	9.638324e-13	
348	1.617500e-08	4.051262e-01	4.050961e-01	9.609302e-13	
349	1.622500e-08	4.051262e-01	4.050959e-01	9.586822e-13	
350	1.627500e-08	4.051262e-01	4.050957e-01	9.569417e-13	
351	1.632500e-08	4.051262e-01	4.050956e-01	9.555921e-13	
352	1.637500e-08	4.051262e-01	4.050955e-01	9.545463e-13	
353	1.642500e-08	4.051262e-01	4.050954e-01	9.537341e-13	
354	1.647500e-08	4.051262e-01	4.050953e-01	9.531039e-13	
355	1.652500e-08	4.051262e-01	4.050953e-01	9.526132e-13	
356	1.657500e-08	4.051262e-01	4.050952e-01	9.522316e-13	
357	1.662500e-08	4.051262e-01	4.050952e-01	9.519331e-13	
358	1.667500e-08	4.051262e-01	4.050952e-01	9.517002e-13	
359	1.672500e-08	4.051262e-01	4.050952e-01	9.515167e-13	
360	1.677500e-08	4.051262e-01	4.050951e-01	9.513728e-13	
361	1.682500e-08	4.051262e-01	4.050951e-01	9.512581e-13	
362	1.687500e-08	4.051262e-01	4.050951e-01	9.511674e-13	
363	1.692500e-08	4.051261e-01	4.050951e-01	9.510938e-13	
364	1.697500e-08	4.051261e-01	4.050951e-01	9.510349e-13	
365	1.702500e-08	4.051261e-01	4.050951e-01	9.509859e-13	
366	1.707500e-08	4.051261e-01	4.050951e-01	9.509460e-13	
367	1.712500e-08	4.051261e-01	4.050951e-01	9.509118e-13	
368	1.717500e-08	4.051261e-01	4.050951e-01	9.508833e-13	
369	1.722500e-08	4.051261e-01	4.050951e-01	9.508579e-13	
370	1.727500e-08	4.051261e-01	4.050951e-01	9.508362e-13	
371	1.732500e-08	4.051261e-01	4.050951e-01	9.508161e-13	
372	1.737500e-08	4.051261e-01	4.050951e-01	9.507985e-13	
373	1.742500e-08	4.051261e-01	4.050951e-01	9.507814e-13	
374	1.747500e-08	4.051261e-01	4.050951e-01	9.507663e-13	
375	1.752500e-08	4.051261e-01	4.050951e-01	9.507511e-13	
376	1.757500e-08	4.051261e-01	4.050951e-01	9.507374e-13	
377	1.762500e-08	4.051261e-01	4.050951e-01	9.507234e-13	
378	1.767500e-08	4.051261e-01	4.050951e-01	9.507106e-13	
379	1.772500e-08	4.051261e-01	4.050951e-01	9.506973e-13	
380	1.777500e-08	4.051261e-01	4.050951e-01	9.506850e-13	
381	1.782500e-08	4.051261e-01	4.050951e-01	9.506720e-13	
382	1.787500e-08	4.051261e-01	4.050951e-01	9.506600e-13	
383	1.792500e-08	4.051261e-01	4.050951e-01	9.506474e-13	
384	1.797500e-08	4.051261e-01	4.050951e-01	9.506355e-13	
385	1.802500e-08	4.051261e-01	4.050951e-01	9.506230e-13	
386	1.807500e-08	4.051261e-01	4.050951e-01	9.506113e-13	
387	1.812500e-08	4.051261e-01	4.050951e-01	9.505989e-13	
388	1.817500e-08	4.051261e-01	4.050951e-01	9.505872e-13	
389	1.822500e-08	4.051261e-01	4.050951e-01	9.505748e-13	
390	1.827500e-08	4.051261e-01	4.050951e-01	9.505632e-13	
391	1.832500e-08	4.051261e-01	4.050951e-01	9.505509e-13	
392	1.837500e-08	4.051261e-01	4.050951e-01	9.505393e-13	
393	1.842500e-08	4.051261e-01	4.050951e-01	9.505270e-13	
394	1.847500e-08	4.051261e-01	4.050951e-01	9.505154e-13	
395	1.852500e-08	4.051261e-01	4.050951e-01	9.505031e-13	
396	1.857500e-08	4.051261e-01	4.050950e-01	9.504915e-13	
397	1.862500e-08	4.051261e-01	4.050950e-01	9.504792e-13	
398	1.867500e-08	4.051261e-01	4.050950e-01	9.504676e-13	
399	1.872500e-08	4.051261e-01	4.050950e-01	9.504553e-13	
400	1.877500e-08	4.051261e-01	4.050950e-01	9.504438e-13	
401	1.882500e-08	4.051261e-01	4.050950e-01	9.504315e-13	
402	1.887500e-08	4.051261e-01	4.050950e-01	9.504199e-13	

Index   time            v(cell)         v(bl)           vpre#branch     
--------------------------------------------------------------------------------
403	1.892500e-08	4.051261e-01	4.050950e-01	9.504076e-13	
404	1.897500e-08	4.051261e-01	4.050950e-01	9.503960e-13	
405	1.902500e-08	4.051261e-01	4.050950e-01	9.503837e-13	
406	1.907500e-08	4.051261e-01	4.050950e-01	9.503722e-13	
407	1.912500e-08	4.051261e-01	4.050950e-01	9.503599e-13	
408	1.917500e-08	4.051261e-01	4.050950e-01	9.503483e-13	
409	1.922500e-08	4.051261e-01	4.050950e-01	9.503360e-13	
410	1.927500e-08	4.051261e-01	4.050950e-01	9.503245e-13	
411	1.932500e-08	4.051261e-01	4.050950e-01	9.503122e-13	
412	1.937500e-08	4.051261e-01	4.050950e-01	9.503006e-13	
413	1.942500e-08	4.051261e-01	4.050950e-01	9.502883e-13	
414	1.947500e-08	4.051261e-01	4.050950e-01	9.502768e-13	
415	1.952500e-08	4.051261e-01	4.050950e-01	9.502645e-13	
416	1.957500e-08	4.051261e-01	4.050950e-01	9.502529e-13	
417	1.962500e-08	4.051261e-01	4.050950e-01	9.502406e-13	
418	1.967500e-08	4.051261e-01	4.050950e-01	9.502291e-13	
419	1.972500e-08	4.051261e-01	4.050950e-01	9.502168e-13	
420	1.977500e-08	4.051261e-01	4.050950e-01	9.502052e-13	
421	1.982500e-08	4.051261e-01	4.050950e-01	9.501930e-13	
422	1.987500e-08	4.051261e-01	4.050950e-01	9.501814e-13	
423	1.992500e-08	4.051261e-01	4.050950e-01	9.501691e-13	
424	1.997500e-08	4.051261e-01	4.050950e-01	9.501575e-13	
425	2.002500e-08	4.051261e-01	4.050950e-01	9.501453e-13	
426	2.007500e-08	4.051260e-01	4.050950e-01	9.501337e-13	
427	2.012500e-08	4.051260e-01	4.050950e-01	9.501214e-13	
428	2.017500e-08	4.051260e-01	4.050950e-01	9.501098e-13	
429	2.022500e-08	4.051260e-01	4.050950e-01	9.500976e-13	
430	2.027500e-08	4.051260e-01	4.050950e-01	9.500860e-13	
431	2.032500e-08	4.051260e-01	4.050950e-01	9.500737e-13	
432	2.037500e-08	4.051260e-01	4.050950e-01	9.500621e-13	
433	2.042500e-08	4.051260e-01	4.050950e-01	9.500499e-13	
434	2.047500e-08	4.051260e-01	4.050950e-01	9.500383e-13	
435	2.052500e-08	4.051260e-01	4.050950e-01	9.500260e-13	
436	2.057500e-08	4.051260e-01	4.050950e-01	9.500145e-13	
437	2.062500e-08	4.051260e-01	4.050950e-01	9.500022e-13	
438	2.067500e-08	4.051260e-01	4.050950e-01	9.499906e-13	
439	2.072500e-08	4.051260e-01	4.050950e-01	9.499784e-13	
440	2.077500e-08	4.051260e-01	4.050950e-01	9.499668e-13	
441	2.082500e-08	4.051260e-01	4.050950e-01	9.499545e-13	
442	2.087500e-08	4.051260e-01	4.050950e-01	9.499429e-13	
443	2.092500e-08	4.051260e-01	4.050950e-01	9.499307e-13	
444	2.097500e-08	4.051260e-01	4.050950e-01	9.499191e-13	
445	2.102500e-08	4.051260e-01	4.050950e-01	9.499068e-13	
446	2.107500e-08	4.051260e-01	4.050950e-01	9.498952e-13	
447	2.112500e-08	4.051260e-01	4.050950e-01	9.498830e-13	
448	2.117500e-08	4.051260e-01	4.050950e-01	9.498714e-13	
449	2.122500e-08	4.051260e-01	4.050950e-01	9.498592e-13	
450	2.127500e-08	4.051260e-01	4.050950e-01	9.498476e-13	
451	2.132500e-08	4.051260e-01	4.050950e-01	9.498353e-13	
452	2.137500e-08	4.051260e-01	4.050950e-01	9.498237e-13	
453	2.142500e-08	4.051260e-01	4.050950e-01	9.498115e-13	
454	2.147500e-08	4.051260e-01	4.050950e-01	9.497999e-13	
455	2.152500e-08	4.051260e-01	4.050950e-01	9.497877e-13	
456	2.157500e-08	4.051260e-01	4.050950e-01	9.497761e-13	
457	2.162500e-08	4.051260e-01	4.050950e-01	9.497638e-13	
458	2.167500e-08	4.051260e-01	4.050950e-01	9.497522e-13	
459	2.172500e-08	4.051260e-01	4.050950e-01	9.497400e-13	
460	2.177500e-08	4.051260e-01	4.050950e-01	9.497284e-13	

Index   time            v(cell)         v(bl)           vpre#branch     
--------------------------------------------------------------------------------
461	2.182500e-08	4.051260e-01	4.050950e-01	9.497161e-13	
462	2.187500e-08	4.051260e-01	4.050950e-01	9.497045e-13	
463	2.192500e-08	4.051260e-01	4.050950e-01	9.496923e-13	
464	2.196250e-08	4.051260e-01	4.050950e-01	9.496837e-13	
465	2.200000e-08	4.051260e-01	4.050950e-01	9.496744e-13	
466	2.200500e-08	4.051249e-01	4.011282e-01	-3.87181e-11	
467	2.201500e-08	4.051227e-01	3.932674e-01	-1.17326e-10	
468	2.203500e-08	4.051183e-01	3.779067e-01	-2.70933e-10	
469	2.207500e-08	4.051096e-01	3.483949e-01	-5.66051e-10	
470	2.212500e-08	4.050986e-01	3.135427e-01	-9.14573e-10	
471	2.217500e-08	4.050876e-01	2.807296e-01	-1.24270e-09	
472	2.222500e-08	4.050767e-01	2.497995e-01	-1.55201e-09	
473	2.227500e-08	4.050658e-01	2.206207e-01	-1.84379e-09	
474	2.232500e-08	4.050549e-01	1.930860e-01	-2.11914e-09	
475	2.237500e-08	4.050441e-01	1.671076e-01	-2.37892e-09	
476	2.242500e-08	4.050333e-01	1.426102e-01	-2.62390e-09	
477	2.247500e-08	4.050225e-01	1.195254e-01	-2.85475e-09	
478	2.252500e-08	4.050117e-01	9.778804e-02	-3.07212e-09	
479	2.257500e-08	4.050010e-01	7.733360e-02	-3.27666e-09	
480	2.262500e-08	4.049902e-01	5.809780e-02	-3.46902e-09	
481	2.267500e-08	4.049795e-01	4.001652e-02	-3.64983e-09	
482	2.272500e-08	4.049688e-01	2.302639e-02	-3.81974e-09	
483	2.277500e-08	4.049581e-01	7.065513e-03	-3.97934e-09	
484	2.282500e-08	4.049473e-01	-7.92599e-03	-4.12926e-09	
485	2.287500e-08	4.049366e-01	-2.20055e-02	-4.27005e-09	
486	2.292500e-08	4.049259e-01	-3.52276e-02	-4.40228e-09	
487	2.296250e-08	4.049178e-01	-4.46113e-02	-4.49611e-09	
488	2.300000e-08	4.049098e-01	-5.35628e-02	-4.58563e-09	
489	2.300500e-08	4.049098e-01	-5.06963e-02	-4.55696e-09	
490	2.301500e-08	4.049098e-01	-4.49993e-02	-4.49999e-09	
491	2.303500e-08	4.049098e-01	-3.38177e-02	-4.38818e-09	
492	2.307500e-08	4.049098e-01	-1.22778e-02	-4.17278e-09	
493	2.312500e-08	4.049098e-01	1.316922e-02	-3.91831e-09	
494	2.317500e-08	4.049098e-01	3.706434e-02	-3.67936e-09	
495	2.322500e-08	4.049098e-01	5.950224e-02	-3.45498e-09	
496	2.327500e-08	4.049098e-01	8.057180e-02	-3.24428e-09	
497	2.332500e-08	4.049098e-01	1.003565e-01	-3.04644e-09	
498	2.337500e-08	4.049098e-01	1.189346e-01	-2.86065e-09	
499	2.342500e-08	4.049098e-01	1.363798e-01	-2.68620e-09	
500	2.347500e-08	4.049098e-01	1.527611e-01	-2.52239e-09	
501	2.352500e-08	4.049098e-01	1.681434e-01	-2.36857e-09	
502	2.357500e-08	4.049098e-01	1.825877e-01	-2.22412e-09	
503	2.362500e-08	4.049098e-01	1.961511e-01	-2.08849e-09	
504	2.367500e-08	4.049098e-01	2.088874e-01	-1.96113e-09	
505	2.372500e-08	4.049098e-01	2.208469e-01	-1.84153e-09	
506	2.377500e-08	4.049098e-01	2.320772e-01	-1.72923e-09	
507	2.382500e-08	4.049098e-01	2.426225e-01	-1.62377e-09	
508	2.387500e-08	4.049098e-01	2.525248e-01	-1.52475e-09	
509	2.392500e-08	4.049098e-01	2.618233e-01	-1.43177e-09	
510	2.397500e-08	4.049098e-01	2.705546e-01	-1.34445e-09	
511	2.402500e-08	4.049098e-01	2.787535e-01	-1.26246e-09	
512	2.407500e-08	4.049098e-01	2.864524e-01	-1.18548e-09	
513	2.412500e-08	4.049098e-01	2.936818e-01	-1.11318e-09	
514	2.417500e-08	4.049098e-01	3.004704e-01	-1.04530e-09	
515	2.422500e-08	4.049098e-01	3.068449e-01	-9.81551e-10	
516	2.427500e-08	4.049098e-01	3.128307e-01	-9.21693e-10	
517	2.432500e-08	4.049098e-01	3.184515e-01	-8.65485e-10	
518	2.437500e-08	4.049098e-01	3.237295e-01	-8.12705e-10	

Index   time            v(cell)         v(bl)           vpre#branch     
--------------------------------------------------------------------------------
519	2.442500e-08	4.049098e-01	3.286856e-01	-7.63144e-10	
520	2.447500e-08	4.049098e-01	3.333395e-01	-7.16605e-10	
521	2.452500e-08	4.049098e-01	3.377096e-01	-6.72904e-10	
522	2.457500e-08	4.049098e-01	3.418132e-01	-6.31868e-10	
523	2.462500e-08	4.049098e-01	3.456665e-01	-5.93335e-10	
524	2.467500e-08	4.049098e-01	3.492849e-01	-5.57151e-10	
525	2.472500e-08	4.049098e-01	3.526826e-01	-5.23174e-10	
526	2.477500e-08	4.049098e-01	3.558730e-01	-4.91270e-10	
527	2.482500e-08	4.049098e-01	3.588690e-01	-4.61310e-10	
528	2.487500e-08	4.049098e-01	3.616822e-01	-4.33178e-10	
529	2.492500e-08	4.049098e-01	3.643238e-01	-4.06762e-10	
530	2.497500e-08	4.049098e-01	3.668044e-01	-3.81956e-10	
531	2.502500e-08	4.049098e-01	3.691337e-01	-3.58663e-10	
532	2.507500e-08	4.049098e-01	3.713209e-01	-3.36791e-10	
533	2.512500e-08	4.049098e-01	3.733748e-01	-3.16252e-10	
534	2.517500e-08	4.049098e-01	3.753034e-01	-2.96966e-10	
535	2.522500e-08	4.049098e-01	3.771144e-01	-2.78856e-10	
536	2.527500e-08	4.049098e-01	3.788149e-01	-2.61851e-10	
537	2.532500e-08	4.049098e-01	3.804118e-01	-2.45882e-10	
538	2.537500e-08	4.049098e-01	3.819113e-01	-2.30887e-10	
539	2.542500e-08	4.049098e-01	3.833193e-01	-2.16807e-10	
540	2.547500e-08	4.049098e-01	3.846414e-01	-2.03586e-10	
541	2.552500e-08	4.049098e-01	3.858830e-01	-1.91170e-10	
542	2.557500e-08	4.049098e-01	3.870488e-01	-1.79512e-10	
543	2.562500e-08	4.049098e-01	3.881435e-01	-1.68565e-10	
544	2.567500e-08	4.049098e-01	3.891715e-01	-1.58285e-10	
545	2.572500e-08	4.049098e-01	3.901367e-01	-1.48633e-10	
546	2.577500e-08	4.049098e-01	3.910431e-01	-1.39569e-10	
547	2.582500e-08	4.049098e-01	3.918943e-01	-1.31057e-10	
548	2.587500e-08	4.049098e-01	3.926935e-01	-1.23065e-10	
549	2.592500e-08	4.049098e-01	3.934440e-01	-1.15560e-10	
550	2.597500e-08	4.049098e-01	3.941487e-01	-1.08513e-10	
551	2.602500e-08	4.049098e-01	3.948105e-01	-1.01895e-10	
552	2.607500e-08	4.049098e-01	3.954319e-01	-9.56814e-11	
553	2.612500e-08	4.049098e-01	3.960154e-01	-8.98465e-11	
554	2.617500e-08	4.049098e-01	3.965633e-01	-8.43674e-11	
555	2.622500e-08	4.049098e-01	3.970778e-01	-7.92224e-11	
556	2.627500e-08	4.049098e-01	3.975609e-01	-7.43911e-11	
557	2.632500e-08	4.049098e-01	3.980145e-01	-6.98545e-11	
558	2.637500e-08	4.049098e-01	3.984405e-01	-6.55946e-11	
559	2.642500e-08	4.049098e-01	3.988406e-01	-6.15944e-11	
560	2.647500e-08	4.049098e-01	3.992162e-01	-5.78382e-11	
561	2.652500e-08	4.049098e-01	3.995689e-01	-5.43110e-11	
562	2.657500e-08	4.049098e-01	3.999001e-01	-5.09990e-11	
563	2.662500e-08	4.049098e-01	4.002111e-01	-4.78889e-11	
564	2.667500e-08	4.049098e-01	4.005032e-01	-4.49685e-11	
565	2.672500e-08	4.049098e-01	4.007774e-01	-4.22262e-11	
566	2.677500e-08	4.049098e-01	4.010349e-01	-3.96511e-11	
567	2.682500e-08	4.049098e-01	4.012767e-01	-3.72330e-11	
568	2.687500e-08	4.049098e-01	4.015038e-01	-3.49624e-11	
569	2.692500e-08	4.049098e-01	4.017170e-01	-3.28303e-11	
570	2.697500e-08	4.049098e-01	4.019172e-01	-3.08282e-11	
571	2.702500e-08	4.049098e-01	4.021052e-01	-2.89482e-11	
572	2.707500e-08	4.049098e-01	4.022817e-01	-2.71829e-11	
573	2.712500e-08	4.049098e-01	4.024475e-01	-2.55252e-11	
574	2.717500e-08	4.049098e-01	4.026031e-01	-2.39686e-11	
575	2.722500e-08	4.049098e-01	4.027493e-01	-2.25069e-11	
576	2.727500e-08	4.049098e-01	4.028866e-01	-2.11343e-11	

Index   time            v(cell)         v(bl)           vpre#branch     
--------------------------------------------------------------------------------
577	2.732500e-08	4.049098e-01	4.030155e-01	-1.98455e-11	
578	2.737500e-08	4.049098e-01	4.031365e-01	-1.86353e-11	
579	2.742500e-08	4.049098e-01	4.032501e-01	-1.74988e-11	
580	2.747500e-08	4.049098e-01	4.033568e-01	-1.64317e-11	
581	2.752500e-08	4.049098e-01	4.034570e-01	-1.54296e-11	
582	2.757500e-08	4.049098e-01	4.035511e-01	-1.44887e-11	
583	2.762500e-08	4.049098e-01	4.036395e-01	-1.36051e-11	
584	2.767500e-08	4.049098e-01	4.037225e-01	-1.27754e-11	
585	2.772500e-08	4.049098e-01	4.038004e-01	-1.19963e-11	
586	2.777500e-08	4.049098e-01	4.038735e-01	-1.12648e-11	
587	2.782500e-08	4.049098e-01	4.039422e-01	-1.05778e-11	
588	2.787500e-08	4.049098e-01	4.040067e-01	-9.93274e-12	
589	2.792500e-08	4.049098e-01	4.040673e-01	-9.32701e-12	
590	2.797500e-08	4.049098e-01	4.041242e-01	-8.75822e-12	
591	2.802500e-08	4.049098e-01	4.041776e-01	-8.22412e-12	
592	2.807500e-08	4.049098e-01	4.042277e-01	-7.72258e-12	
593	2.812500e-08	4.049098e-01	4.042748e-01	-7.25164e-12	
594	2.817500e-08	4.049098e-01	4.043191e-01	-6.80941e-12	
595	2.822500e-08	4.049098e-01	4.043606e-01	-6.39415e-12	
596	2.827500e-08	4.049098e-01	4.043996e-01	-6.00421e-12	
597	2.832500e-08	4.049098e-01	4.044362e-01	-5.63806e-12	
598	2.837500e-08	4.049098e-01	4.044706e-01	-5.29423e-12	
599	2.842500e-08	4.049098e-01	4.045029e-01	-4.97137e-12	
600	2.847500e-08	4.049098e-01	4.045332e-01	-4.66820e-12	
601	2.852500e-08	4.049098e-01	4.045616e-01	-4.38352e-12	
602	2.857500e-08	4.049098e-01	4.045884e-01	-4.11620e-12	
603	2.862500e-08	4.049098e-01	4.046135e-01	-3.86518e-12	
604	2.867500e-08	4.049098e-01	4.046371e-01	-3.62947e-12	
605	2.872500e-08	4.049098e-01	4.046592e-01	-3.40813e-12	
606	2.877500e-08	4.049098e-01	4.046800e-01	-3.20029e-12	
607	2.882500e-08	4.049098e-01	4.046995e-01	-3.00513e-12	
608	2.887500e-08	4.049098e-01	4.047178e-01	-2.82187e-12	
609	2.892500e-08	4.049098e-01	4.047350e-01	-2.64978e-12	
610	2.897500e-08	4.049098e-01	4.047512e-01	-2.48819e-12	
611	2.902500e-08	4.049098e-01	4.047664e-01	-2.33645e-12	
612	2.907500e-08	4.049098e-01	4.047806e-01	-2.19397e-12	
613	2.912500e-08	4.049098e-01	4.047940e-01	-2.06017e-12	
614	2.917500e-08	4.049098e-01	4.048065e-01	-1.93454e-12	
615	2.922500e-08	4.049098e-01	4.048183e-01	-1.81656e-12	
616	2.927500e-08	4.049098e-01	4.048294e-01	-1.70578e-12	
617	2.932500e-08	4.049098e-01	4.048398e-01	-1.60176e-12	
618	2.937500e-08	4.049098e-01	4.048496e-01	-1.50408e-12	
619	2.942500e-08	4.049098e-01	4.048588e-01	-1.41235e-12	
620	2.947500e-08	4.049098e-01	4.048674e-01	-1.32622e-12	
621	2.952500e-08	4.049098e-01	4.048755e-01	-1.24535e-12	
622	2.957500e-08	4.049098e-01	4.048831e-01	-1.16940e-12	
623	2.962500e-08	4.049098e-01	4.048902e-01	-1.09809e-12	
624	2.967500e-08	4.049098e-01	4.048969e-01	-1.03112e-12	
625	2.972500e-08	4.049098e-01	4.049032e-01	-9.68242e-13	
626	2.977500e-08	4.049098e-01	4.049091e-01	-9.09196e-13	
627	2.982500e-08	4.049098e-01	4.049146e-01	-8.53750e-13	
628	2.987500e-08	4.049098e-01	4.049198e-01	-8.01686e-13	
629	2.992500e-08	4.049098e-01	4.049247e-01	-7.52796e-13	
630	2.997500e-08	4.049098e-01	4.049293e-01	-7.06888e-13	
631	3.002500e-08	4.049098e-01	4.049336e-01	-6.63780e-13	
632	3.007500e-08	4.049098e-01	4.049377e-01	-6.23301e-13	
633	3.012500e-08	4.049098e-01	4.049415e-01	-5.85290e-13	
634	3.017500e-08	4.049098e-01	4.049450e-01	-5.49597e-13	

Index   time            v(cell)         v(bl)           vpre#branch     
--------------------------------------------------------------------------------
635	3.022500e-08	4.049098e-01	4.049484e-01	-5.16081e-13	
636	3.027500e-08	4.049098e-01	4.049515e-01	-4.84609e-13	
637	3.032500e-08	4.049098e-01	4.049545e-01	-4.55056e-13	
638	3.037500e-08	4.049098e-01	4.049573e-01	-4.27305e-13	
639	3.042500e-08	4.049098e-01	4.049599e-01	-4.01247e-13	
640	3.047500e-08	4.049098e-01	4.049623e-01	-3.76777e-13	
641	3.052500e-08	4.049098e-01	4.049646e-01	-3.53800e-13	
642	3.057500e-08	4.049098e-01	4.049668e-01	-3.32224e-13	
643	3.062500e-08	4.049098e-01	4.049688e-01	-3.11964e-13	
644	3.067500e-08	4.049098e-01	4.049707e-01	-2.92940e-13	
645	3.072500e-08	4.049098e-01	4.049725e-01	-2.75075e-13	
646	3.077500e-08	4.049098e-01	4.049742e-01	-2.58300e-13	
647	3.082500e-08	4.049098e-01	4.049757e-01	-2.42548e-13	
648	3.087500e-08	4.049098e-01	4.049772e-01	-2.27757e-13	
649	3.092500e-08	4.049098e-01	4.049786e-01	-2.13868e-13	
650	3.097500e-08	4.049098e-01	4.049799e-01	-2.00825e-13	
651	3.102500e-08	4.049098e-01	4.049811e-01	-1.88578e-13	
652	3.107500e-08	4.049098e-01	4.049823e-01	-1.77078e-13	
653	3.112500e-08	4.049098e-01	4.049834e-01	-1.66280e-13	
654	3.117500e-08	4.049098e-01	4.049844e-01	-1.56139e-13	
655	3.122500e-08	4.049098e-01	4.049853e-01	-1.46617e-13	
656	3.127500e-08	4.049098e-01	4.049862e-01	-1.37676e-13	
657	3.132500e-08	4.049098e-01	4.049871e-01	-1.29280e-13	
658	3.137500e-08	4.049098e-01	4.049879e-01	-1.21396e-13	
659	3.142500e-08	4.049098e-01	4.049886e-01	-1.13993e-13	
660	3.147500e-08	4.049098e-01	4.049893e-01	-1.07042e-13	
661	3.152500e-08	4.049098e-01	4.049899e-01	-1.00514e-13	
662	3.157500e-08	4.049098e-01	4.049906e-01	-9.43842e-14	
663	3.162500e-08	4.049098e-01	4.049911e-01	-8.86284e-14	
664	3.167500e-08	4.049098e-01	4.049917e-01	-8.32236e-14	
665	3.172500e-08	4.049098e-01	4.049922e-01	-7.81483e-14	
666	3.177500e-08	4.049098e-01	4.049927e-01	-7.33826e-14	
667	3.182500e-08	4.049098e-01	4.049931e-01	-6.89075e-14	
668	3.187500e-08	4.049098e-01	4.049935e-01	-6.47053e-14	
669	3.192500e-08	4.049098e-01	4.049939e-01	-6.07594e-14	
670	3.197500e-08	4.049098e-01	4.049943e-01	-5.70541e-14	
671	3.202500e-08	4.049098e-01	4.049946e-01	-5.35748e-14	
672	3.207500e-08	4.049098e-01	4.049950e-01	-5.03076e-14	
673	3.212500e-08	4.049098e-01	4.049953e-01	-4.72397e-14	
674	3.217500e-08	4.049098e-01	4.049956e-01	-4.43589e-14	
675	3.222500e-08	4.049098e-01	4.049958e-01	-4.16538e-14	
676	3.227500e-08	4.049098e-01	4.049961e-01	-3.91136e-14	
677	3.232500e-08	4.049098e-01	4.049963e-01	-3.67283e-14	
678	3.237500e-08	4.049098e-01	4.049966e-01	-3.44885e-14	
679	3.242500e-08	4.049098e-01	4.049968e-01	-3.23853e-14	
680	3.247500e-08	4.049098e-01	4.049970e-01	-3.04104e-14	
681	3.252500e-08	4.049098e-01	4.049971e-01	-2.85559e-14	
682	3.257500e-08	4.049098e-01	4.049973e-01	-2.68145e-14	
683	3.262500e-08	4.049098e-01	4.049975e-01	-2.51792e-14	
684	3.267500e-08	4.049098e-01	4.049976e-01	-2.36437e-14	
685	3.272500e-08	4.049098e-01	4.049978e-01	-2.22019e-14	
686	3.277500e-08	4.049098e-01	4.049979e-01	-2.08479e-14	
687	3.282500e-08	4.049098e-01	4.049980e-01	-1.95766e-14	
688	3.287500e-08	4.049098e-01	4.049982e-01	-1.83828e-14	
689	3.292500e-08	4.049098e-01	4.049983e-01	-1.72617e-14	
690	3.297500e-08	4.049098e-01	4.049984e-01	-1.62091e-14	
691	3.302500e-08	4.049098e-01	4.049985e-01	-1.52206e-14	
692	3.307500e-08	4.049098e-01	4.049986e-01	-1.42924e-14	

Index   time            v(cell)         v(bl)           vpre#branch     
--------------------------------------------------------------------------------
693	3.312500e-08	4.049098e-01	4.049987e-01	-1.34208e-14	
694	3.317500e-08	4.049098e-01	4.049987e-01	-1.26024e-14	
695	3.322500e-08	4.049098e-01	4.049988e-01	-1.18339e-14	
696	3.327500e-08	4.049098e-01	4.049989e-01	-1.11122e-14	
697	3.332500e-08	4.049098e-01	4.049990e-01	-1.04346e-14	
698	3.337500e-08	4.049098e-01	4.049990e-01	-9.79823e-15	
699	3.342500e-08	4.049098e-01	4.049991e-01	-9.20072e-15	
700	3.347500e-08	4.049098e-01	4.049991e-01	-8.63964e-15	
701	3.352500e-08	4.049098e-01	4.049992e-01	-8.11278e-15	
702	3.357500e-08	4.049098e-01	4.049992e-01	-7.61805e-15	
703	3.362500e-08	4.049098e-01	4.049993e-01	-7.15348e-15	
704	3.367500e-08	4.049098e-01	4.049993e-01	-6.71725e-15	
705	3.372500e-08	4.049098e-01	4.049994e-01	-6.30762e-15	
706	3.377500e-08	4.049098e-01	4.049994e-01	-5.92297e-15	
707	3.382500e-08	4.049098e-01	4.049994e-01	-5.56178e-15	
708	3.387500e-08	4.049098e-01	4.049995e-01	-5.22262e-15	
709	3.392500e-08	4.049098e-01	4.049995e-01	-4.90414e-15	
710	3.397500e-08	4.049098e-01	4.049995e-01	-4.60508e-15	
711	3.402500e-08	4.049098e-01	4.049996e-01	-4.32426e-15	
712	3.407500e-08	4.049098e-01	4.049996e-01	-4.06056e-15	
713	3.412500e-08	4.049098e-01	4.049996e-01	-3.81295e-15	
714	3.417500e-08	4.049098e-01	4.049996e-01	-3.58043e-15	
715	3.422500e-08	4.049098e-01	4.049997e-01	-3.36210e-15	
716	3.427500e-08	4.049098e-01	4.049997e-01	-3.15708e-15	
717	3.432500e-08	4.049098e-01	4.049997e-01	-2.96456e-15	
718	3.437500e-08	4.049098e-01	4.049997e-01	-2.78378e-15	
719	3.442500e-08	4.049098e-01	4.049997e-01	-2.61403e-15	
720	3.447500e-08	4.049098e-01	4.049998e-01	-2.45463e-15	
721	3.452500e-08	4.049098e-01	4.049998e-01	-2.30495e-15	
722	3.457500e-08	4.049098e-01	4.049998e-01	-2.16439e-15	
723	3.462500e-08	4.049098e-01	4.049998e-01	-2.03241e-15	
724	3.467500e-08	4.049098e-01	4.049998e-01	-1.90848e-15	
725	3.472500e-08	4.049098e-01	4.049998e-01	-1.79211e-15	
726	3.477500e-08	4.049098e-01	4.049998e-01	-1.68283e-15	
727	3.482500e-08	4.049098e-01	4.049998e-01	-1.58022e-15	
728	3.487500e-08	4.049098e-01	4.049999e-01	-1.48386e-15	
729	3.492500e-08	4.049098e-01	4.049999e-01	-1.39338e-15	
730	3.497500e-08	4.049098e-01	4.049999e-01	-1.30842e-15	
731	3.502500e-08	4.049098e-01	4.049999e-01	-1.22864e-15	
732	3.507500e-08	4.049098e-01	4.049999e-01	-1.15372e-15	
733	3.512500e-08	4.049098e-01	4.049999e-01	-1.08338e-15	
734	3.517500e-08	4.049098e-01	4.049999e-01	-1.01732e-15	
735	3.522500e-08	4.049098e-01	4.049999e-01	-9.55290e-16	
736	3.527500e-08	4.049098e-01	4.049999e-01	-8.97044e-16	
737	3.532500e-08	4.049098e-01	4.049999e-01	-8.42350e-16	
738	3.537500e-08	4.049098e-01	4.049999e-01	-7.90992e-16	
739	3.542500e-08	4.049098e-01	4.049999e-01	-7.42765e-16	
740	3.547500e-08	4.049098e-01	4.049999e-01	-6.97480e-16	
741	3.552500e-08	4.049098e-01	4.049999e-01	-6.54956e-16	
742	3.557500e-08	4.049098e-01	4.049999e-01	-6.15026e-16	
743	3.562500e-08	4.049098e-01	4.049999e-01	-5.77530e-16	
744	3.567500e-08	4.049098e-01	4.049999e-01	-5.42321e-16	
745	3.572500e-08	4.049098e-01	4.049999e-01	-5.09259e-16	
746	3.577500e-08	4.049098e-01	4.050000e-01	-4.78214e-16	
747	3.582500e-08	4.049098e-01	4.050000e-01	-4.49062e-16	
748	3.587500e-08	4.049098e-01	4.050000e-01	-4.21686e-16	
749	3.592500e-08	4.049098e-01	4.050000e-01	-3.95981e-16	
750	3.597500e-08	4.049098e-01	4.050000e-01	-3.71844e-16	

Index   time            v(cell)         v(bl)           vpre#branch     
--------------------------------------------------------------------------------
751	3.602500e-08	4.049098e-01	4.050000e-01	-3.49179e-16	
752	3.607500e-08	4.049098e-01	4.050000e-01	-3.27895e-16	
753	3.612500e-08	4.049098e-01	4.050000e-01	-3.07910e-16	
754	3.617500e-08	4.049098e-01	4.050000e-01	-2.89144e-16	
755	3.622500e-08	4.049098e-01	4.050000e-01	-2.71522e-16	
756	3.627500e-08	4.049098e-01	4.050000e-01	-2.54974e-16	
757	3.632500e-08	4.049098e-01	4.050000e-01	-2.39436e-16	
758	3.637500e-08	4.049098e-01	4.050000e-01	-2.24846e-16	
759	3.642500e-08	4.049098e-01	4.050000e-01	-2.11145e-16	
760	3.647500e-08	4.049098e-01	4.050000e-01	-1.98279e-16	
761	3.652500e-08	4.049098e-01	4.050000e-01	-1.86199e-16	
762	3.657500e-08	4.049098e-01	4.050000e-01	-1.74854e-16	
763	3.662500e-08	4.049098e-01	4.050000e-01	-1.64201e-16	
764	3.667500e-08	4.049098e-01	4.050000e-01	-1.54198e-16	
765	3.672500e-08	4.049098e-01	4.050000e-01	-1.44805e-16	
766	3.677500e-08	4.049098e-01	4.050000e-01	-1.35986e-16	
767	3.682500e-08	4.049098e-01	4.050000e-01	-1.27703e-16	
768	3.687500e-08	4.049098e-01	4.050000e-01	-1.19926e-16	
769	3.692500e-08	4.049098e-01	4.050000e-01	-1.12623e-16	
770	3.697500e-08	4.049098e-01	4.050000e-01	-1.05766e-16	
771	3.702500e-08	4.049098e-01	4.050000e-01	-9.93272e-17	
772	3.707500e-08	4.049098e-01	4.050000e-01	-9.32804e-17	
773	3.712500e-08	4.049098e-01	4.050000e-01	-8.76024e-17	
774	3.717500e-08	4.049098e-01	4.050000e-01	-8.22706e-17	
775	3.722500e-08	4.049098e-01	4.050000e-01	-7.72640e-17	
776	3.727500e-08	4.049098e-01	4.050000e-01	-7.25631e-17	
777	3.732500e-08	4.049098e-01	4.050000e-01	-6.81489e-17	
778	3.737500e-08	4.049098e-01	4.050000e-01	-6.40034e-17	
779	3.742500e-08	4.049098e-01	4.050000e-01	-6.01108e-17	
780	3.747500e-08	4.049098e-01	4.050000e-01	-5.64560e-17	
781	3.752500e-08	4.049098e-01	4.050000e-01	-5.30240e-17	
782	3.757500e-08	4.049098e-01	4.050000e-01	-4.98014e-17	
783	3.762500e-08	4.049098e-01	4.050000e-01	-4.67752e-17	
784	3.767500e-08	4.049098e-01	4.050000e-01	-4.39336e-17	
785	3.772500e-08	4.049098e-01	4.050000e-01	-4.12653e-17	
786	3.777500e-08	4.049098e-01	4.050000e-01	-3.87598e-17	
787	3.782500e-08	4.049098e-01	4.050000e-01	-3.64066e-17	
788	3.787500e-08	4.049098e-01	4.050000e-01	-3.41969e-17	
789	3.792500e-08	4.049098e-01	4.050000e-01	-3.21224e-17	
790	3.797500e-08	4.049098e-01	4.050000e-01	-3.01744e-17	
791	3.802500e-08	4.049098e-01	4.050000e-01	-2.83451e-17	
792	3.807500e-08	4.049098e-01	4.050000e-01	-2.66275e-17	
793	3.812500e-08	4.049098e-01	4.050000e-01	-2.50146e-17	
794	3.817500e-08	4.049098e-01	4.050000e-01	-2.35000e-17	
795	3.822500e-08	4.049098e-01	4.050000e-01	-2.20774e-17	
796	3.827500e-08	4.049098e-01	4.050000e-01	-2.07416e-17	
797	3.832500e-08	4.049098e-01	4.050000e-01	-1.94876e-17	
798	3.837500e-08	4.049098e-01	4.050000e-01	-1.83101e-17	
799	3.842500e-08	4.049098e-01	4.050000e-01	-1.72044e-17	
800	3.847500e-08	4.049098e-01	4.050000e-01	-1.61661e-17	
801	3.852500e-08	4.049098e-01	4.050000e-01	-1.51912e-17	
802	3.857500e-08	4.049098e-01	4.050000e-01	-1.42757e-17	
803	3.862500e-08	4.049098e-01	4.050000e-01	-1.34160e-17	
804	3.867500e-08	4.049098e-01	4.050000e-01	-1.26084e-17	
805	3.872500e-08	4.049098e-01	4.050000e-01	-1.18500e-17	
806	3.877500e-08	4.049098e-01	4.050000e-01	-1.11383e-17	
807	3.882500e-08	4.049098e-01	4.050000e-01	-1.04699e-17	
808	3.887500e-08	4.049098e-01	4.050000e-01	-9.84235e-18	

Index   time            v(cell)         v(bl)           vpre#branch     
--------------------------------------------------------------------------------
809	3.892500e-08	4.049098e-01	4.050000e-01	-9.25263e-18	
810	3.897500e-08	4.049098e-01	4.050000e-01	-8.69847e-18	
811	3.902500e-08	4.049098e-01	4.050000e-01	-8.17851e-18	
812	3.907500e-08	4.049098e-01	4.050000e-01	-7.69067e-18	
813	3.912500e-08	4.049098e-01	4.050000e-01	-7.23258e-18	
814	3.917500e-08	4.049098e-01	4.050000e-01	-6.80243e-18	
815	3.922500e-08	4.049098e-01	4.050000e-01	-6.39810e-18	
816	3.927500e-08	4.049098e-01	4.050000e-01	-6.01842e-18	
817	3.932500e-08	4.049098e-01	4.050000e-01	-5.66232e-18	
818	3.937500e-08	4.049098e-01	4.050000e-01	-5.32792e-18	
819	3.942500e-08	4.049098e-01	4.050000e-01	-5.01393e-18	
820	3.947500e-08	4.049098e-01	4.050000e-01	-4.71908e-18	
821	3.952500e-08	4.049098e-01	4.050000e-01	-4.44221e-18	
822	3.957500e-08	4.049098e-01	4.050000e-01	-4.18222e-18	
823	3.962500e-08	4.049098e-01	4.050000e-01	-3.93768e-18	
824	3.967500e-08	4.049098e-01	4.050000e-01	-3.70764e-18	
825	3.972500e-08	4.049098e-01	4.050000e-01	-3.49204e-18	
826	3.977500e-08	4.049098e-01	4.050000e-01	-3.29000e-18	
827	3.982500e-08	4.049098e-01	4.050000e-01	-3.10028e-18	
828	3.987500e-08	4.049098e-01	4.050000e-01	-2.92213e-18	
829	3.992500e-08	4.049098e-01	4.050000e-01	-2.75484e-18	
830	3.996250e-08	4.049098e-01	4.050000e-01	-2.63616e-18	
831	4.000000e-08	4.049098e-01	4.050000e-01	-2.52284e-18	


Total analysis time (seconds) = 0.0546351

Total elapsed time (seconds) = 0.064 

Total DRAM available = 386307.215 MB.
DRAM currently available = 8649.688 MB.
Maximum ngspice program size =  529.715 MB.
Current ngspice program size =   14.195 MB.

Shared ngspice pages =   12.375 MB.
Text (code) pages =    6.266 MB.
Stack = 0 bytes.
Library pages =   59.133 MB.

