
Note: No compatibility mode selected!


Circuit: * id-vd sweep vgs=0.9900v

Doing analysis at TEMP = 27.000000 and TNOM = 27.000000

Using SPARSE 1.3 as Direct Linear Solver

No. of Data Rows : 101
                           * id-vd sweep vgs=0.9900v
                           DC transfer characteristic  Tue Jun 23 23:54:24  2026
--------------------------------------------------------------------------------
Index   v-sweep         vd#branch       v(d)            
--------------------------------------------------------------------------------
0	0.000000e+00	0.000000e+00	0.000000e+00	
1	9.900000e-03	-9.57833e-07	9.900000e-03	
2	1.980000e-02	-1.67028e-06	1.980000e-02	
3	2.970000e-02	-1.97216e-06	2.970000e-02	
4	3.960000e-02	-2.12257e-06	3.960000e-02	
5	4.950000e-02	-2.22104e-06	4.950000e-02	
6	5.940000e-02	-2.29416e-06	5.940000e-02	
7	6.930000e-02	-2.35235e-06	6.930000e-02	
8	7.920000e-02	-2.40076e-06	7.920000e-02	
9	8.910000e-02	-2.44230e-06	8.910000e-02	
10	9.900000e-02	-2.48105e-06	9.900000e-02	
11	1.089000e-01	-2.51308e-06	1.089000e-01	
12	1.188000e-01	-2.54217e-06	1.188000e-01	
13	1.287000e-01	-2.56886e-06	1.287000e-01	
14	1.386000e-01	-2.59354e-06	1.386000e-01	
15	1.485000e-01	-2.61654e-06	1.485000e-01	
16	1.584000e-01	-2.63809e-06	1.584000e-01	
17	1.683000e-01	-2.65839e-06	1.683000e-01	
18	1.782000e-01	-2.67761e-06	1.782000e-01	
19	1.881000e-01	-2.69586e-06	1.881000e-01	
20	1.980000e-01	-2.71326e-06	1.980000e-01	
21	2.079000e-01	-2.72990e-06	2.079000e-01	
22	2.178000e-01	-2.74586e-06	2.178000e-01	
23	2.277000e-01	-2.76121e-06	2.277000e-01	
24	2.376000e-01	-2.77599e-06	2.376000e-01	
25	2.475000e-01	-2.79027e-06	2.475000e-01	
26	2.574000e-01	-2.80408e-06	2.574000e-01	
27	2.673000e-01	-2.81747e-06	2.673000e-01	
28	2.772000e-01	-2.83046e-06	2.772000e-01	
29	2.871000e-01	-2.84308e-06	2.871000e-01	
30	2.970000e-01	-2.85537e-06	2.970000e-01	
31	3.069000e-01	-2.86735e-06	3.069000e-01	
32	3.168000e-01	-2.87903e-06	3.168000e-01	
33	3.267000e-01	-2.89044e-06	3.267000e-01	
34	3.366000e-01	-2.90159e-06	3.366000e-01	
35	3.465000e-01	-2.91250e-06	3.465000e-01	
36	3.564000e-01	-2.92319e-06	3.564000e-01	
37	3.663000e-01	-2.93367e-06	3.663000e-01	
38	3.762000e-01	-2.94394e-06	3.762000e-01	
39	3.861000e-01	-2.95403e-06	3.861000e-01	
40	3.960000e-01	-2.96394e-06	3.960000e-01	
41	4.059000e-01	-2.97367e-06	4.059000e-01	
42	4.158000e-01	-2.98325e-06	4.158000e-01	
43	4.257000e-01	-2.99268e-06	4.257000e-01	
44	4.356000e-01	-3.00196e-06	4.356000e-01	
45	4.455000e-01	-3.01110e-06	4.455000e-01	
46	4.554000e-01	-3.02010e-06	4.554000e-01	
47	4.653000e-01	-3.02899e-06	4.653000e-01	
48	4.752000e-01	-3.03775e-06	4.752000e-01	
49	4.851000e-01	-3.04640e-06	4.851000e-01	
50	4.950000e-01	-3.05494e-06	4.950000e-01	
51	5.049000e-01	-3.06337e-06	5.049000e-01	
52	5.148000e-01	-3.07170e-06	5.148000e-01	
53	5.247000e-01	-3.07993e-06	5.247000e-01	
54	5.346000e-01	-3.08807e-06	5.346000e-01	

Index   v-sweep         vd#branch       v(d)            
--------------------------------------------------------------------------------
55	5.445000e-01	-3.09613e-06	5.445000e-01	
56	5.544000e-01	-3.10409e-06	5.544000e-01	
57	5.643000e-01	-3.11197e-06	5.643000e-01	
58	5.742000e-01	-3.11978e-06	5.742000e-01	
59	5.841000e-01	-3.12750e-06	5.841000e-01	
60	5.940000e-01	-3.13515e-06	5.940000e-01	
61	6.039000e-01	-3.14273e-06	6.039000e-01	
62	6.138000e-01	-3.15024e-06	6.138000e-01	
63	6.237000e-01	-3.15769e-06	6.237000e-01	
64	6.336000e-01	-3.16507e-06	6.336000e-01	
65	6.435000e-01	-3.17238e-06	6.435000e-01	
66	6.534000e-01	-3.17964e-06	6.534000e-01	
67	6.633000e-01	-3.18684e-06	6.633000e-01	
68	6.732000e-01	-3.19398e-06	6.732000e-01	
69	6.831000e-01	-3.20107e-06	6.831000e-01	
70	6.930000e-01	-3.20810e-06	6.930000e-01	
71	7.029000e-01	-3.21508e-06	7.029000e-01	
72	7.128000e-01	-3.22201e-06	7.128000e-01	
73	7.227000e-01	-3.22889e-06	7.227000e-01	
74	7.326000e-01	-3.23573e-06	7.326000e-01	
75	7.425000e-01	-3.24252e-06	7.425000e-01	
76	7.524000e-01	-3.24926e-06	7.524000e-01	
77	7.623000e-01	-3.25597e-06	7.623000e-01	
78	7.722000e-01	-3.26262e-06	7.722000e-01	
79	7.821000e-01	-3.26924e-06	7.821000e-01	
80	7.920000e-01	-3.27582e-06	7.920000e-01	
81	8.019000e-01	-3.28236e-06	8.019000e-01	
82	8.118000e-01	-3.28886e-06	8.118000e-01	
83	8.217000e-01	-3.29533e-06	8.217000e-01	
84	8.316000e-01	-3.30175e-06	8.316000e-01	
85	8.415000e-01	-3.30815e-06	8.415000e-01	
86	8.514000e-01	-3.31451e-06	8.514000e-01	
87	8.613000e-01	-3.32083e-06	8.613000e-01	
88	8.712000e-01	-3.32713e-06	8.712000e-01	
89	8.811000e-01	-3.33339e-06	8.811000e-01	
90	8.910000e-01	-3.33962e-06	8.910000e-01	
91	9.009000e-01	-3.34582e-06	9.009000e-01	
92	9.108000e-01	-3.35199e-06	9.108000e-01	
93	9.207000e-01	-3.35813e-06	9.207000e-01	
94	9.306000e-01	-3.36424e-06	9.306000e-01	
95	9.405000e-01	-3.37033e-06	9.405000e-01	
96	9.504000e-01	-3.37639e-06	9.504000e-01	
97	9.603000e-01	-3.38242e-06	9.603000e-01	
98	9.702000e-01	-3.38843e-06	9.702000e-01	
99	9.801000e-01	-3.39441e-06	9.801000e-01	
100	9.900000e-01	-3.40037e-06	9.900000e-01	


Total analysis time (seconds) = 0.0081078

Total elapsed time (seconds) = 0.016 

Total DRAM available = 386307.215 MB.
DRAM currently available = 2248.129 MB.
Maximum ngspice program size =  529.719 MB.
Current ngspice program size =   14.055 MB.

Shared ngspice pages =   12.293 MB.
Text (code) pages =    6.266 MB.
Stack = 0 bytes.
Library pages =   59.137 MB.

