
Note: No compatibility mode selected!


Circuit: * 1t1c ccell=30.0ff

Doing analysis at TEMP = 85.000000 and TNOM = 27.000000

Using SPARSE 1.3 as Direct Linear Solver

Initial Transient Solution
--------------------------

Node                                   Voltage
----                                   -------
pre                                       0.45
bl                                        0.45
wl                                           0
plate                                        0
s                                            0
cell                                         0
vs#branch                                    0
vpl#branch                                   0
vwl#branch                                   0
vpre#branch                                  0


No. of Data Rows : 832

  Measurements for Transient Analysis

t_write             =  1.90024e-09
t_read              =  2.28601e-08
i_hold              =  -3.02922e-11 from=  2.50000e-08 to=  3.50250e-08
q_read              =   9.28913e-19 from=  1.20000e-08 to=  2.20000e-08

                              * 1t1c ccell=30.0ff
                              Transient Analysis  Tue Jun 23 23:58:08  2026
--------------------------------------------------------------------------------
Index   time            v(cell)         v(bl)           vpre#branch     
--------------------------------------------------------------------------------
0	0.000000e+00	0.000000e+00	4.500000e-01	0.000000e+00	
1	5.000000e-13	1.355767e-11	4.499999e-01	-5.52985e-16	
2	1.000000e-12	2.711509e-11	4.499999e-01	-1.06411e-15	
3	2.000000e-12	5.422988e-11	4.499998e-01	-2.08572e-15	
4	4.000000e-12	1.084594e-10	4.499996e-01	-4.12509e-15	
5	8.000000e-12	2.169185e-10	4.499992e-01	-8.18846e-15	
6	1.600000e-11	4.338363e-10	4.499984e-01	-1.62542e-14	
7	3.200000e-11	8.676706e-10	4.499968e-01	-3.21444e-14	
8	6.400000e-11	1.735334e-09	4.499937e-01	-6.29842e-14	
9	1.140000e-10	3.091047e-09	4.499891e-01	-1.08761e-13	
10	1.640000e-10	4.446744e-09	4.499848e-01	-1.51746e-13	
11	2.140000e-10	5.802429e-09	4.499808e-01	-1.92109e-13	
12	2.640000e-10	7.158101e-09	4.499770e-01	-2.30011e-13	
13	3.140000e-10	8.513760e-09	4.499734e-01	-2.65600e-13	
14	3.640000e-10	9.869409e-09	4.499701e-01	-2.99019e-13	
15	4.140000e-10	1.122505e-08	4.499670e-01	-3.30399e-13	
16	4.640000e-10	1.258068e-08	4.499640e-01	-3.59865e-13	
17	5.140000e-10	1.393629e-08	4.499612e-01	-3.87534e-13	
18	5.640000e-10	1.529191e-08	4.499586e-01	-4.13516e-13	
19	6.140000e-10	1.664751e-08	4.499562e-01	-4.37913e-13	
20	6.640000e-10	1.800310e-08	4.499539e-01	-4.60821e-13	
21	7.140000e-10	1.935869e-08	4.499518e-01	-4.82333e-13	
22	7.640000e-10	2.071427e-08	4.499497e-01	-5.02532e-13	
23	8.140000e-10	2.206984e-08	4.499479e-01	-5.21499e-13	
24	8.640000e-10	2.342541e-08	4.499461e-01	-5.39310e-13	
25	9.140000e-10	2.478097e-08	4.499444e-01	-5.56034e-13	
26	9.570000e-10	2.594675e-08	4.499430e-01	-5.69597e-13	
27	1.000000e-09	2.711253e-08	4.499418e-01	-5.82446e-13	
28	1.005000e-09	4.498845e-03	4.499417e-01	-5.83377e-13	
29	1.015000e-09	1.349646e-02	4.499416e-01	-5.84300e-13	
30	1.035000e-09	3.149169e-02	4.499419e-01	-5.81371e-13	
31	1.075000e-09	6.748216e-02	4.499437e-01	-5.63049e-13	
32	1.125000e-09	1.124702e-01	4.499469e-01	-5.30501e-13	
33	1.175000e-09	1.574583e-01	4.499502e-01	-4.97817e-13	
34	1.225000e-09	2.024464e-01	4.499533e-01	-4.67324e-13	
35	1.275000e-09	2.474345e-01	4.499561e-01	-4.38772e-13	
36	1.325000e-09	2.924226e-01	4.499588e-01	-4.11994e-13	
37	1.375000e-09	3.374106e-01	4.499613e-01	-3.86862e-13	
38	1.425000e-09	3.823987e-01	4.499637e-01	-3.63267e-13	
39	1.475000e-09	4.273868e-01	4.499659e-01	-3.41113e-13	
40	1.525000e-09	4.723749e-01	4.499680e-01	-3.20311e-13	
41	1.575000e-09	5.173630e-01	4.499699e-01	-3.00776e-13	
42	1.625000e-09	5.623510e-01	4.499718e-01	-2.82433e-13	
43	1.675000e-09	6.073391e-01	4.499735e-01	-2.65208e-13	
44	1.725000e-09	6.523272e-01	4.499751e-01	-2.49033e-13	
45	1.775000e-09	6.973153e-01	4.499766e-01	-2.33844e-13	
46	1.825000e-09	7.423034e-01	4.499780e-01	-2.19581e-13	
47	1.875000e-09	7.872914e-01	4.499794e-01	-2.06187e-13	
48	1.925000e-09	8.322795e-01	4.499806e-01	-1.93610e-13	
49	1.962500e-09	8.660206e-01	4.499815e-01	-1.84684e-13	
50	2.000000e-09	8.997616e-01	4.499824e-01	-1.76169e-13	
51	2.005000e-09	8.997616e-01	4.499825e-01	-1.75067e-13	
52	2.015000e-09	8.997616e-01	4.499827e-01	-1.72878e-13	
53	2.035000e-09	8.997616e-01	4.499831e-01	-1.68580e-13	
54	2.075000e-09	8.997616e-01	4.499840e-01	-1.60302e-13	

Index   time            v(cell)         v(bl)           vpre#branch     
--------------------------------------------------------------------------------
55	2.125000e-09	8.997616e-01	4.499849e-01	-1.50522e-13	
56	2.175000e-09	8.997616e-01	4.499859e-01	-1.41338e-13	
57	2.225000e-09	8.997616e-01	4.499867e-01	-1.32714e-13	
58	2.275000e-09	8.997616e-01	4.499875e-01	-1.24616e-13	
59	2.325000e-09	8.997616e-01	4.499883e-01	-1.17012e-13	
60	2.375000e-09	8.997616e-01	4.499890e-01	-1.09872e-13	
61	2.425000e-09	8.997616e-01	4.499897e-01	-1.03167e-13	
62	2.475000e-09	8.997616e-01	4.499903e-01	-9.68713e-14	
63	2.525000e-09	8.997616e-01	4.499909e-01	-9.09593e-14	
64	2.575000e-09	8.997616e-01	4.499915e-01	-8.54078e-14	
65	2.625000e-09	8.997616e-01	4.499920e-01	-8.01948e-14	
66	2.675000e-09	8.997616e-01	4.499925e-01	-7.52998e-14	
67	2.725000e-09	8.997616e-01	4.499929e-01	-7.07033e-14	
68	2.775000e-09	8.997616e-01	4.499934e-01	-6.63870e-14	
69	2.825000e-09	8.997616e-01	4.499938e-01	-6.23340e-14	
70	2.875000e-09	8.997616e-01	4.499941e-01	-5.85282e-14	
71	2.925000e-09	8.997616e-01	4.499945e-01	-5.49544e-14	
72	2.975000e-09	8.997616e-01	4.499948e-01	-5.15986e-14	
73	3.025000e-09	8.997616e-01	4.499952e-01	-4.84474e-14	
74	3.075000e-09	8.997616e-01	4.499955e-01	-4.54884e-14	
75	3.125000e-09	8.997616e-01	4.499957e-01	-4.27099e-14	
76	3.175000e-09	8.997616e-01	4.499960e-01	-4.01007e-14	
77	3.225000e-09	8.997616e-01	4.499962e-01	-3.76507e-14	
78	3.275000e-09	8.997616e-01	4.499965e-01	-3.53501e-14	
79	3.325000e-09	8.997616e-01	4.499967e-01	-3.31898e-14	
80	3.375000e-09	8.997616e-01	4.499969e-01	-3.11613e-14	
81	3.425000e-09	8.997616e-01	4.499971e-01	-2.92564e-14	
82	3.475000e-09	8.997616e-01	4.499973e-01	-2.74677e-14	
83	3.525000e-09	8.997616e-01	4.499974e-01	-2.57881e-14	
84	3.575000e-09	8.997616e-01	4.499976e-01	-2.42109e-14	
85	3.625000e-09	8.997616e-01	4.499977e-01	-2.27299e-14	
86	3.675000e-09	8.997616e-01	4.499979e-01	-2.13392e-14	
87	3.725000e-09	8.997616e-01	4.499980e-01	-2.00334e-14	
88	3.775000e-09	8.997616e-01	4.499981e-01	-1.88071e-14	
89	3.825000e-09	8.997616e-01	4.499982e-01	-1.76556e-14	
90	3.875000e-09	8.997616e-01	4.499983e-01	-1.65744e-14	
91	3.925000e-09	8.997616e-01	4.499984e-01	-1.55591e-14	
92	3.975000e-09	8.997616e-01	4.499985e-01	-1.46057e-14	
93	4.025000e-09	8.997616e-01	4.499986e-01	-1.37104e-14	
94	4.075000e-09	8.997616e-01	4.499987e-01	-1.28698e-14	
95	4.125000e-09	8.997616e-01	4.499988e-01	-1.20804e-14	
96	4.175000e-09	8.997616e-01	4.499989e-01	-1.13391e-14	
97	4.225000e-09	8.997616e-01	4.499989e-01	-1.06431e-14	
98	4.275000e-09	8.997616e-01	4.499990e-01	-9.98948e-15	
99	4.325000e-09	8.997616e-01	4.499991e-01	-9.37574e-15	
100	4.375000e-09	8.997616e-01	4.499991e-01	-8.79942e-15	
101	4.425000e-09	8.997616e-01	4.499992e-01	-8.25825e-15	
102	4.475000e-09	8.997616e-01	4.499992e-01	-7.75008e-15	
103	4.525000e-09	8.997616e-01	4.499993e-01	-7.27290e-15	
104	4.575000e-09	8.997616e-01	4.499993e-01	-6.82482e-15	
105	4.625000e-09	8.997616e-01	4.499994e-01	-6.40406e-15	
106	4.675000e-09	8.997616e-01	4.499994e-01	-6.00897e-15	
107	4.725000e-09	8.997616e-01	4.499994e-01	-5.63796e-15	
108	4.775000e-09	8.997616e-01	4.499995e-01	-5.28959e-15	
109	4.825000e-09	8.997616e-01	4.499995e-01	-4.96245e-15	
110	4.875000e-09	8.997616e-01	4.499995e-01	-4.65527e-15	
111	4.925000e-09	8.997616e-01	4.499996e-01	-4.36682e-15	
112	4.975000e-09	8.997616e-01	4.499996e-01	-4.09596e-15	

Index   time            v(cell)         v(bl)           vpre#branch     
--------------------------------------------------------------------------------
113	5.025000e-09	8.997616e-01	4.499996e-01	-3.84161e-15	
114	5.075000e-09	8.997616e-01	4.499996e-01	-3.60278e-15	
115	5.125000e-09	8.997616e-01	4.499997e-01	-3.37851e-15	
116	5.175000e-09	8.997616e-01	4.499997e-01	-3.16792e-15	
117	5.225000e-09	8.997616e-01	4.499997e-01	-2.97017e-15	
118	5.275000e-09	8.997616e-01	4.499997e-01	-2.78448e-15	
119	5.325000e-09	8.997616e-01	4.499997e-01	-2.61012e-15	
120	5.375000e-09	8.997616e-01	4.499998e-01	-2.44639e-15	
121	5.425000e-09	8.997616e-01	4.499998e-01	-2.29264e-15	
122	5.475000e-09	8.997616e-01	4.499998e-01	-2.14827e-15	
123	5.525000e-09	8.997616e-01	4.499998e-01	-2.01270e-15	
124	5.575000e-09	8.997616e-01	4.499998e-01	-1.88540e-15	
125	5.625000e-09	8.997616e-01	4.499998e-01	-1.76586e-15	
126	5.675000e-09	8.997616e-01	4.499998e-01	-1.65361e-15	
127	5.725000e-09	8.997616e-01	4.499998e-01	-1.54821e-15	
128	5.775000e-09	8.997616e-01	4.499999e-01	-1.44924e-15	
129	5.825000e-09	8.997616e-01	4.499999e-01	-1.35630e-15	
130	5.875000e-09	8.997616e-01	4.499999e-01	-1.26903e-15	
131	5.925000e-09	8.997616e-01	4.499999e-01	-1.18708e-15	
132	5.975000e-09	8.997616e-01	4.499999e-01	-1.11012e-15	
133	6.025000e-09	8.997616e-01	4.499999e-01	-1.03787e-15	
134	6.075000e-09	8.997616e-01	4.499999e-01	-9.70013e-16	
135	6.125000e-09	8.997616e-01	4.499999e-01	-9.06298e-16	
136	6.175000e-09	8.997616e-01	4.499999e-01	-8.46469e-16	
137	6.225000e-09	8.997616e-01	4.499999e-01	-7.90289e-16	
138	6.275000e-09	8.997616e-01	4.499999e-01	-7.37534e-16	
139	6.325000e-09	8.997616e-01	4.499999e-01	-6.87997e-16	
140	6.375000e-09	8.997616e-01	4.499999e-01	-6.41481e-16	
141	6.425000e-09	8.997616e-01	4.499999e-01	-5.97801e-16	
142	6.475000e-09	8.997616e-01	4.499999e-01	-5.56785e-16	
143	6.525000e-09	8.997616e-01	4.499999e-01	-5.18270e-16	
144	6.575000e-09	8.997616e-01	4.500000e-01	-4.82104e-16	
145	6.625000e-09	8.997616e-01	4.500000e-01	-4.48143e-16	
146	6.675000e-09	8.997616e-01	4.500000e-01	-4.16253e-16	
147	6.725000e-09	8.997616e-01	4.500000e-01	-3.86308e-16	
148	6.775000e-09	8.997616e-01	4.500000e-01	-3.58190e-16	
149	6.825000e-09	8.997616e-01	4.500000e-01	-3.31786e-16	
150	6.875000e-09	8.997616e-01	4.500000e-01	-3.06991e-16	
151	6.925000e-09	8.997616e-01	4.500000e-01	-2.83709e-16	
152	6.962500e-09	8.997616e-01	4.500000e-01	-2.67186e-16	
153	7.000000e-09	8.997616e-01	4.500000e-01	-2.51425e-16	
154	7.005000e-09	8.772675e-01	4.500000e-01	-2.49418e-16	
155	7.015000e-09	8.322795e-01	4.500000e-01	-2.45490e-16	
156	7.035000e-09	7.423033e-01	4.500000e-01	-2.38099e-16	
157	7.067500e-09	5.960920e-01	4.500000e-01	-2.27189e-16	
158	7.100000e-09	4.498808e-01	4.500000e-01	-2.17302e-16	
159	7.105000e-09	4.498808e-01	4.500000e-01	-2.15946e-16	
160	7.115000e-09	4.498808e-01	4.500000e-01	-2.13251e-16	
161	7.135000e-09	4.498808e-01	4.500000e-01	-2.07960e-16	
162	7.175000e-09	4.498808e-01	4.500000e-01	-1.97769e-16	
163	7.225000e-09	4.498808e-01	4.500000e-01	-1.85729e-16	
164	7.275000e-09	4.498808e-01	4.500000e-01	-1.74423e-16	
165	7.325000e-09	4.498808e-01	4.500000e-01	-1.63806e-16	
166	7.375000e-09	4.498808e-01	4.500000e-01	-1.53837e-16	
167	7.425000e-09	4.498808e-01	4.500000e-01	-1.44476e-16	
168	7.475000e-09	4.498808e-01	4.500000e-01	-1.35686e-16	
169	7.525000e-09	4.498808e-01	4.500000e-01	-1.27432e-16	
170	7.575000e-09	4.498808e-01	4.500000e-01	-1.19681e-16	

Index   time            v(cell)         v(bl)           vpre#branch     
--------------------------------------------------------------------------------
171	7.625000e-09	4.498808e-01	4.500000e-01	-1.12403e-16	
172	7.675000e-09	4.498808e-01	4.500000e-01	-1.05569e-16	
173	7.725000e-09	4.498808e-01	4.500000e-01	-9.91515e-17	
174	7.775000e-09	4.498808e-01	4.500000e-01	-9.31254e-17	
175	7.825000e-09	4.498808e-01	4.500000e-01	-8.74668e-17	
176	7.875000e-09	4.498808e-01	4.500000e-01	-8.21532e-17	
177	7.925000e-09	4.498808e-01	4.500000e-01	-7.71633e-17	
178	7.975000e-09	4.498808e-01	4.500000e-01	-7.24777e-17	
179	8.025000e-09	4.498808e-01	4.500000e-01	-6.80782e-17	
180	8.075000e-09	4.498808e-01	4.500000e-01	-6.39471e-17	
181	8.125000e-09	4.498808e-01	4.500000e-01	-6.00678e-17	
182	8.175000e-09	4.498808e-01	4.500000e-01	-5.64247e-17	
183	8.225000e-09	4.498808e-01	4.500000e-01	-5.30038e-17	
184	8.275000e-09	4.498808e-01	4.500000e-01	-4.97919e-17	
185	8.325000e-09	4.498808e-01	4.500000e-01	-4.67755e-17	
186	8.375000e-09	4.498808e-01	4.500000e-01	-4.39430e-17	
187	8.425000e-09	4.498808e-01	4.500000e-01	-4.12836e-17	
188	8.475000e-09	4.498808e-01	4.500000e-01	-3.87860e-17	
189	8.525000e-09	4.498808e-01	4.500000e-01	-3.64404e-17	
190	8.575000e-09	4.498808e-01	4.500000e-01	-3.42381e-17	
191	8.625000e-09	4.498808e-01	4.500000e-01	-3.21706e-17	
192	8.675000e-09	4.498808e-01	4.500000e-01	-3.02292e-17	
193	8.725000e-09	4.498808e-01	4.500000e-01	-2.84061e-17	
194	8.775000e-09	4.498808e-01	4.500000e-01	-2.66943e-17	
195	8.825000e-09	4.498808e-01	4.500000e-01	-2.50868e-17	
196	8.875000e-09	4.498808e-01	4.500000e-01	-2.35774e-17	
197	8.925000e-09	4.498808e-01	4.500000e-01	-2.21600e-17	
198	8.975000e-09	4.498808e-01	4.500000e-01	-2.08290e-17	
199	9.025000e-09	4.498808e-01	4.500000e-01	-1.95792e-17	
200	9.075000e-09	4.498808e-01	4.500000e-01	-1.84056e-17	
201	9.125000e-09	4.498808e-01	4.500000e-01	-1.73036e-17	
202	9.175000e-09	4.498808e-01	4.500000e-01	-1.62688e-17	
203	9.225000e-09	4.498808e-01	4.500000e-01	-1.52967e-17	
204	9.275000e-09	4.498808e-01	4.500000e-01	-1.43839e-17	
205	9.325000e-09	4.498808e-01	4.500000e-01	-1.35271e-17	
206	9.375000e-09	4.498808e-01	4.500000e-01	-1.27226e-17	
207	9.425000e-09	4.498808e-01	4.500000e-01	-1.19672e-17	
208	9.475000e-09	4.498808e-01	4.500000e-01	-1.12578e-17	
209	9.525000e-09	4.498808e-01	4.500000e-01	-1.05917e-17	
210	9.575000e-09	4.498808e-01	4.500000e-01	-9.96616e-18	
211	9.625000e-09	4.498808e-01	4.500000e-01	-9.37882e-18	
212	9.675000e-09	4.498808e-01	4.500000e-01	-8.82728e-18	
213	9.725000e-09	4.498808e-01	4.500000e-01	-8.30938e-18	
214	9.775000e-09	4.498808e-01	4.500000e-01	-7.82306e-18	
215	9.825000e-09	4.498808e-01	4.500000e-01	-7.36599e-18	
216	9.875000e-09	4.498808e-01	4.500000e-01	-6.93679e-18	
217	9.925000e-09	4.498808e-01	4.500000e-01	-6.53418e-18	
218	9.975000e-09	4.498808e-01	4.500000e-01	-6.15612e-18	
219	1.002500e-08	4.498808e-01	4.500000e-01	-5.80112e-18	
220	1.007500e-08	4.498808e-01	4.500000e-01	-5.46777e-18	
221	1.012500e-08	4.498808e-01	4.500000e-01	-5.15432e-18	
222	1.017500e-08	4.498808e-01	4.500000e-01	-4.86000e-18	
223	1.022500e-08	4.498808e-01	4.500000e-01	-4.58404e-18	
224	1.027500e-08	4.498808e-01	4.500000e-01	-4.32490e-18	
225	1.032500e-08	4.498808e-01	4.500000e-01	-4.08157e-18	
226	1.037500e-08	4.498808e-01	4.500000e-01	-3.85266e-18	
227	1.042500e-08	4.498808e-01	4.500000e-01	-3.63730e-18	
228	1.047500e-08	4.498808e-01	4.500000e-01	-3.43549e-18	

Index   time            v(cell)         v(bl)           vpre#branch     
--------------------------------------------------------------------------------
229	1.052500e-08	4.498808e-01	4.500000e-01	-3.24639e-18	
230	1.057500e-08	4.498808e-01	4.500000e-01	-3.06883e-18	
231	1.062500e-08	4.498808e-01	4.500000e-01	-2.90210e-18	
232	1.067500e-08	4.498808e-01	4.500000e-01	-2.74553e-18	
233	1.072500e-08	4.498808e-01	4.500000e-01	-2.59851e-18	
234	1.077500e-08	4.498808e-01	4.500000e-01	-2.46046e-18	
235	1.082500e-08	4.498808e-01	4.500000e-01	-2.33083e-18	
236	1.087500e-08	4.498808e-01	4.500000e-01	-2.20910e-18	
237	1.092500e-08	4.498808e-01	4.500000e-01	-2.09479e-18	
238	1.096250e-08	4.498808e-01	4.500000e-01	-2.01373e-18	
239	1.100000e-08	4.498808e-01	4.500000e-01	-1.93646e-18	
240	1.100500e-08	4.498820e-01	4.544716e-01	4.471643e-11	
241	1.101500e-08	4.498844e-01	4.633590e-01	1.335903e-10	
242	1.103500e-08	4.498892e-01	4.808026e-01	3.080255e-10	
243	1.107500e-08	4.498987e-01	5.144053e-01	6.440527e-10	
244	1.112500e-08	4.499106e-01	5.541033e-01	1.041033e-09	
245	1.117500e-08	4.499225e-01	5.913805e-01	1.413805e-09	
246	1.122500e-08	4.499345e-01	6.263844e-01	1.763844e-09	
247	1.127500e-08	4.499464e-01	6.592537e-01	2.092537e-09	
248	1.132500e-08	4.499583e-01	6.901185e-01	2.401185e-09	
249	1.137500e-08	4.499702e-01	7.191010e-01	2.691010e-09	
250	1.142500e-08	4.499821e-01	7.463158e-01	2.963158e-09	
251	1.147500e-08	4.499941e-01	7.718702e-01	3.218702e-09	
252	1.152500e-08	4.500060e-01	7.958643e-01	3.458643e-09	
253	1.157500e-08	4.500179e-01	8.183899e-01	3.683899e-09	
254	1.162500e-08	4.500298e-01	8.395277e-01	3.895277e-09	
255	1.167500e-08	4.500418e-01	8.593390e-01	4.093390e-09	
256	1.172500e-08	4.500537e-01	8.778039e-01	4.278039e-09	
257	1.177500e-08	4.500658e-01	8.947808e-01	4.447808e-09	
258	1.182500e-08	4.500781e-01	9.098198e-01	4.598198e-09	
259	1.187500e-08	4.500911e-01	9.216180e-01	4.716180e-09	
260	1.192500e-08	4.501057e-01	9.268262e-01	4.768262e-09	
261	1.196250e-08	4.501188e-01	9.222643e-01	4.722643e-09	
262	1.200000e-08	4.501360e-01	9.034194e-01	4.534194e-09	
263	1.200500e-08	4.501374e-01	8.952928e-01	4.452928e-09	
264	1.201500e-08	4.501402e-01	8.792812e-01	4.292812e-09	
265	1.203500e-08	4.501455e-01	8.486567e-01	3.986567e-09	
266	1.207500e-08	4.501555e-01	7.924542e-01	3.424542e-09	
267	1.212500e-08	4.501667e-01	7.305184e-01	2.805184e-09	
268	1.217500e-08	4.501768e-01	6.764992e-01	2.264992e-09	
269	1.222500e-08	4.501859e-01	6.291950e-01	1.791950e-09	
270	1.227500e-08	4.501943e-01	5.876726e-01	1.376726e-09	
271	1.232500e-08	4.502019e-01	5.511663e-01	1.011663e-09	
272	1.237500e-08	4.502090e-01	5.191093e-01	6.910930e-10	
273	1.242500e-08	4.502155e-01	4.911974e-01	4.119740e-10	
274	1.247500e-08	4.502212e-01	4.676435e-01	1.764346e-10	
275	1.252500e-08	4.502250e-01	4.528188e-01	2.818819e-11	
276	1.257500e-08	4.502258e-01	4.496328e-01	-3.67186e-12	
277	1.262500e-08	4.502256e-01	4.503820e-01	3.820274e-12	
278	1.267500e-08	4.502257e-01	4.501752e-01	1.751846e-12	
279	1.272500e-08	4.502257e-01	4.502340e-01	2.339668e-12	
280	1.277500e-08	4.502257e-01	4.502182e-01	2.181984e-12	
281	1.282500e-08	4.502257e-01	4.502225e-01	2.225158e-12	
282	1.287500e-08	4.502256e-01	4.502213e-01	2.213362e-12	
283	1.292500e-08	4.502256e-01	4.502217e-01	2.216522e-12	
284	1.297500e-08	4.502256e-01	4.502216e-01	2.215627e-12	
285	1.302500e-08	4.502256e-01	4.502216e-01	2.215812e-12	
286	1.307500e-08	4.502256e-01	4.502216e-01	2.215728e-12	

Index   time            v(cell)         v(bl)           vpre#branch     
--------------------------------------------------------------------------------
287	1.312500e-08	4.502256e-01	4.502216e-01	2.215693e-12	
288	1.317500e-08	4.502256e-01	4.502216e-01	2.215669e-12	
289	1.322500e-08	4.502256e-01	4.502216e-01	2.215617e-12	
290	1.327500e-08	4.502256e-01	4.502216e-01	2.215597e-12	
291	1.332500e-08	4.502256e-01	4.502216e-01	2.215544e-12	
292	1.337500e-08	4.502256e-01	4.502216e-01	2.215525e-12	
293	1.342500e-08	4.502256e-01	4.502215e-01	2.215471e-12	
294	1.347500e-08	4.502256e-01	4.502215e-01	2.215452e-12	
295	1.352500e-08	4.502256e-01	4.502215e-01	2.215399e-12	
296	1.357500e-08	4.502256e-01	4.502215e-01	2.215380e-12	
297	1.362500e-08	4.502256e-01	4.502215e-01	2.215327e-12	
298	1.367500e-08	4.502256e-01	4.502215e-01	2.215307e-12	
299	1.372500e-08	4.502256e-01	4.502215e-01	2.215254e-12	
300	1.377500e-08	4.502256e-01	4.502215e-01	2.215234e-12	
301	1.382500e-08	4.502256e-01	4.502215e-01	2.215182e-12	
302	1.387500e-08	4.502256e-01	4.502215e-01	2.215162e-12	
303	1.392500e-08	4.502256e-01	4.502215e-01	2.215109e-12	
304	1.397500e-08	4.502256e-01	4.502215e-01	2.215089e-12	
305	1.402500e-08	4.502256e-01	4.502215e-01	2.215037e-12	
306	1.407500e-08	4.502256e-01	4.502215e-01	2.215017e-12	
307	1.412500e-08	4.502256e-01	4.502215e-01	2.214965e-12	
308	1.417500e-08	4.502256e-01	4.502215e-01	2.214944e-12	
309	1.422500e-08	4.502255e-01	4.502215e-01	2.214892e-12	
310	1.427500e-08	4.502255e-01	4.502215e-01	2.214872e-12	
311	1.432500e-08	4.502255e-01	4.502215e-01	2.214820e-12	
312	1.437500e-08	4.502255e-01	4.502215e-01	2.214799e-12	
313	1.442500e-08	4.502255e-01	4.502215e-01	2.214747e-12	
314	1.447500e-08	4.502255e-01	4.502215e-01	2.214727e-12	
315	1.452500e-08	4.502255e-01	4.502215e-01	2.214675e-12	
316	1.457500e-08	4.502255e-01	4.502215e-01	2.214654e-12	
317	1.462500e-08	4.502255e-01	4.502215e-01	2.214602e-12	
318	1.467500e-08	4.502255e-01	4.502215e-01	2.214582e-12	
319	1.472500e-08	4.502255e-01	4.502215e-01	2.214530e-12	
320	1.477500e-08	4.502255e-01	4.502215e-01	2.214509e-12	
321	1.482500e-08	4.502255e-01	4.502214e-01	2.214458e-12	
322	1.487500e-08	4.502255e-01	4.502214e-01	2.214437e-12	
323	1.492500e-08	4.502255e-01	4.502214e-01	2.214385e-12	
324	1.497500e-08	4.502255e-01	4.502214e-01	2.214364e-12	
325	1.502500e-08	4.502255e-01	4.502214e-01	2.214313e-12	
326	1.507500e-08	4.502255e-01	4.502214e-01	2.214292e-12	
327	1.512500e-08	4.502255e-01	4.502214e-01	2.214241e-12	
328	1.517500e-08	4.502255e-01	4.502214e-01	2.214219e-12	
329	1.522500e-08	4.502255e-01	4.502214e-01	2.214168e-12	
330	1.527500e-08	4.502255e-01	4.502214e-01	2.214147e-12	
331	1.532500e-08	4.502255e-01	4.502214e-01	2.214096e-12	
332	1.537500e-08	4.502255e-01	4.502214e-01	2.214074e-12	
333	1.542500e-08	4.502255e-01	4.502214e-01	2.214023e-12	
334	1.547500e-08	4.502255e-01	4.502214e-01	2.214002e-12	
335	1.552500e-08	4.502255e-01	4.502214e-01	2.213951e-12	
336	1.557500e-08	4.502254e-01	4.502214e-01	2.213929e-12	
337	1.562500e-08	4.502254e-01	4.502214e-01	2.213879e-12	
338	1.567500e-08	4.502254e-01	4.502214e-01	2.213857e-12	
339	1.572500e-08	4.502254e-01	4.502214e-01	2.213806e-12	
340	1.577500e-08	4.502254e-01	4.502214e-01	2.213785e-12	
341	1.582500e-08	4.502254e-01	4.502214e-01	2.213734e-12	
342	1.587500e-08	4.502254e-01	4.502214e-01	2.213712e-12	
343	1.592500e-08	4.502254e-01	4.502214e-01	2.213662e-12	
344	1.597500e-08	4.502254e-01	4.502214e-01	2.213640e-12	

Index   time            v(cell)         v(bl)           vpre#branch     
--------------------------------------------------------------------------------
345	1.602500e-08	4.502254e-01	4.502214e-01	2.213589e-12	
346	1.607500e-08	4.502254e-01	4.502214e-01	2.213567e-12	
347	1.612500e-08	4.502254e-01	4.502214e-01	2.213517e-12	
348	1.617500e-08	4.502254e-01	4.502213e-01	2.213495e-12	
349	1.622500e-08	4.502254e-01	4.502213e-01	2.213444e-12	
350	1.627500e-08	4.502254e-01	4.502213e-01	2.213422e-12	
351	1.632500e-08	4.502254e-01	4.502213e-01	2.213372e-12	
352	1.637500e-08	4.502254e-01	4.502213e-01	2.213350e-12	
353	1.642500e-08	4.502254e-01	4.502213e-01	2.213300e-12	
354	1.647500e-08	4.502254e-01	4.502213e-01	2.213277e-12	
355	1.652500e-08	4.502254e-01	4.502213e-01	2.213227e-12	
356	1.657500e-08	4.502254e-01	4.502213e-01	2.213205e-12	
357	1.662500e-08	4.502254e-01	4.502213e-01	2.213155e-12	
358	1.667500e-08	4.502254e-01	4.502213e-01	2.213132e-12	
359	1.672500e-08	4.502254e-01	4.502213e-01	2.213083e-12	
360	1.677500e-08	4.502254e-01	4.502213e-01	2.213060e-12	
361	1.682500e-08	4.502254e-01	4.502213e-01	2.213010e-12	
362	1.687500e-08	4.502254e-01	4.502213e-01	2.212988e-12	
363	1.692500e-08	4.502253e-01	4.502213e-01	2.212938e-12	
364	1.697500e-08	4.502253e-01	4.502213e-01	2.212915e-12	
365	1.702500e-08	4.502253e-01	4.502213e-01	2.212866e-12	
366	1.707500e-08	4.502253e-01	4.502213e-01	2.212843e-12	
367	1.712500e-08	4.502253e-01	4.502213e-01	2.212793e-12	
368	1.717500e-08	4.502253e-01	4.502213e-01	2.212770e-12	
369	1.722500e-08	4.502253e-01	4.502213e-01	2.212721e-12	
370	1.727500e-08	4.502253e-01	4.502213e-01	2.212698e-12	
371	1.732500e-08	4.502253e-01	4.502213e-01	2.212649e-12	
372	1.737500e-08	4.502253e-01	4.502213e-01	2.212625e-12	
373	1.742500e-08	4.502253e-01	4.502213e-01	2.212576e-12	
374	1.747500e-08	4.502253e-01	4.502213e-01	2.212553e-12	
375	1.752500e-08	4.502253e-01	4.502213e-01	2.212504e-12	
376	1.757500e-08	4.502253e-01	4.502212e-01	2.212481e-12	
377	1.762500e-08	4.502253e-01	4.502212e-01	2.212431e-12	
378	1.767500e-08	4.502253e-01	4.502212e-01	2.212408e-12	
379	1.772500e-08	4.502253e-01	4.502212e-01	2.212359e-12	
380	1.777500e-08	4.502253e-01	4.502212e-01	2.212336e-12	
381	1.782500e-08	4.502253e-01	4.502212e-01	2.212287e-12	
382	1.787500e-08	4.502253e-01	4.502212e-01	2.212263e-12	
383	1.792500e-08	4.502253e-01	4.502212e-01	2.212215e-12	
384	1.797500e-08	4.502253e-01	4.502212e-01	2.212191e-12	
385	1.802500e-08	4.502253e-01	4.502212e-01	2.212142e-12	
386	1.807500e-08	4.502253e-01	4.502212e-01	2.212119e-12	
387	1.812500e-08	4.502253e-01	4.502212e-01	2.212070e-12	
388	1.817500e-08	4.502253e-01	4.502212e-01	2.212046e-12	
389	1.822500e-08	4.502253e-01	4.502212e-01	2.211998e-12	
390	1.827500e-08	4.502252e-01	4.502212e-01	2.211974e-12	
391	1.832500e-08	4.502252e-01	4.502212e-01	2.211925e-12	
392	1.837500e-08	4.502252e-01	4.502212e-01	2.211901e-12	
393	1.842500e-08	4.502252e-01	4.502212e-01	2.211853e-12	
394	1.847500e-08	4.502252e-01	4.502212e-01	2.211829e-12	
395	1.852500e-08	4.502252e-01	4.502212e-01	2.211781e-12	
396	1.857500e-08	4.502252e-01	4.502212e-01	2.211756e-12	
397	1.862500e-08	4.502252e-01	4.502212e-01	2.211708e-12	
398	1.867500e-08	4.502252e-01	4.502212e-01	2.211684e-12	
399	1.872500e-08	4.502252e-01	4.502212e-01	2.211636e-12	
400	1.877500e-08	4.502252e-01	4.502212e-01	2.211612e-12	
401	1.882500e-08	4.502252e-01	4.502212e-01	2.211564e-12	
402	1.887500e-08	4.502252e-01	4.502212e-01	2.211539e-12	

Index   time            v(cell)         v(bl)           vpre#branch     
--------------------------------------------------------------------------------
403	1.892500e-08	4.502252e-01	4.502211e-01	2.211491e-12	
404	1.897500e-08	4.502252e-01	4.502211e-01	2.211467e-12	
405	1.902500e-08	4.502252e-01	4.502211e-01	2.211419e-12	
406	1.907500e-08	4.502252e-01	4.502211e-01	2.211395e-12	
407	1.912500e-08	4.502252e-01	4.502211e-01	2.211347e-12	
408	1.917500e-08	4.502252e-01	4.502211e-01	2.211322e-12	
409	1.922500e-08	4.502252e-01	4.502211e-01	2.211274e-12	
410	1.927500e-08	4.502252e-01	4.502211e-01	2.211250e-12	
411	1.932500e-08	4.502252e-01	4.502211e-01	2.211202e-12	
412	1.937500e-08	4.502252e-01	4.502211e-01	2.211177e-12	
413	1.942500e-08	4.502252e-01	4.502211e-01	2.211130e-12	
414	1.947500e-08	4.502252e-01	4.502211e-01	2.211105e-12	
415	1.952500e-08	4.502252e-01	4.502211e-01	2.211058e-12	
416	1.957500e-08	4.502252e-01	4.502211e-01	2.211033e-12	
417	1.962500e-08	4.502251e-01	4.502211e-01	2.210985e-12	
418	1.967500e-08	4.502251e-01	4.502211e-01	2.210960e-12	
419	1.972500e-08	4.502251e-01	4.502211e-01	2.210913e-12	
420	1.977500e-08	4.502251e-01	4.502211e-01	2.210888e-12	
421	1.982500e-08	4.502251e-01	4.502211e-01	2.210841e-12	
422	1.987500e-08	4.502251e-01	4.502211e-01	2.210816e-12	
423	1.992500e-08	4.502251e-01	4.502211e-01	2.210768e-12	
424	1.997500e-08	4.502251e-01	4.502211e-01	2.210743e-12	
425	2.002500e-08	4.502251e-01	4.502211e-01	2.210696e-12	
426	2.007500e-08	4.502251e-01	4.502211e-01	2.210671e-12	
427	2.012500e-08	4.502251e-01	4.502211e-01	2.210624e-12	
428	2.017500e-08	4.502251e-01	4.502211e-01	2.210599e-12	
429	2.022500e-08	4.502251e-01	4.502211e-01	2.210551e-12	
430	2.027500e-08	4.502251e-01	4.502211e-01	2.210526e-12	
431	2.032500e-08	4.502251e-01	4.502210e-01	2.210479e-12	
432	2.037500e-08	4.502251e-01	4.502210e-01	2.210454e-12	
433	2.042500e-08	4.502251e-01	4.502210e-01	2.210407e-12	
434	2.047500e-08	4.502251e-01	4.502210e-01	2.210381e-12	
435	2.052500e-08	4.502251e-01	4.502210e-01	2.210335e-12	
436	2.057500e-08	4.502251e-01	4.502210e-01	2.210309e-12	
437	2.062500e-08	4.502251e-01	4.502210e-01	2.210262e-12	
438	2.067500e-08	4.502251e-01	4.502210e-01	2.210237e-12	
439	2.072500e-08	4.502251e-01	4.502210e-01	2.210190e-12	
440	2.077500e-08	4.502251e-01	4.502210e-01	2.210164e-12	
441	2.082500e-08	4.502251e-01	4.502210e-01	2.210118e-12	
442	2.087500e-08	4.502251e-01	4.502210e-01	2.210092e-12	
443	2.092500e-08	4.502251e-01	4.502210e-01	2.210046e-12	
444	2.097500e-08	4.502251e-01	4.502210e-01	2.210020e-12	
445	2.102500e-08	4.502250e-01	4.502210e-01	2.209973e-12	
446	2.107500e-08	4.502250e-01	4.502210e-01	2.209947e-12	
447	2.112500e-08	4.502250e-01	4.502210e-01	2.209901e-12	
448	2.117500e-08	4.502250e-01	4.502210e-01	2.209875e-12	
449	2.122500e-08	4.502250e-01	4.502210e-01	2.209829e-12	
450	2.127500e-08	4.502250e-01	4.502210e-01	2.209803e-12	
451	2.132500e-08	4.502250e-01	4.502210e-01	2.209757e-12	
452	2.137500e-08	4.502250e-01	4.502210e-01	2.209730e-12	
453	2.142500e-08	4.502250e-01	4.502210e-01	2.209684e-12	
454	2.147500e-08	4.502250e-01	4.502210e-01	2.209658e-12	
455	2.152500e-08	4.502250e-01	4.502210e-01	2.209612e-12	
456	2.157500e-08	4.502250e-01	4.502210e-01	2.209586e-12	
457	2.162500e-08	4.502250e-01	4.502210e-01	2.209540e-12	
458	2.167500e-08	4.502250e-01	4.502210e-01	2.209514e-12	
459	2.172500e-08	4.502250e-01	4.502209e-01	2.209468e-12	
460	2.177500e-08	4.502250e-01	4.502209e-01	2.209441e-12	

Index   time            v(cell)         v(bl)           vpre#branch     
--------------------------------------------------------------------------------
461	2.182500e-08	4.502250e-01	4.502209e-01	2.209395e-12	
462	2.187500e-08	4.502250e-01	4.502209e-01	2.209369e-12	
463	2.192500e-08	4.502250e-01	4.502209e-01	2.209323e-12	
464	2.196250e-08	4.502250e-01	4.502209e-01	2.209306e-12	
465	2.200000e-08	4.502250e-01	4.502209e-01	2.209269e-12	
466	2.200500e-08	4.502235e-01	4.467628e-01	-3.23724e-11	
467	2.201500e-08	4.502204e-01	4.404945e-01	-9.50550e-11	
468	2.203500e-08	4.502139e-01	4.294380e-01	-2.05620e-10	
469	2.207500e-08	4.502011e-01	4.072493e-01	-4.27507e-10	
470	2.212500e-08	4.501859e-01	3.783350e-01	-7.16650e-10	
471	2.217500e-08	4.501714e-01	3.485727e-01	-1.01427e-09	
472	2.222500e-08	4.501574e-01	3.185758e-01	-1.31424e-09	
473	2.227500e-08	4.501439e-01	2.887754e-01	-1.61225e-09	
474	2.232500e-08	4.501308e-01	2.594717e-01	-1.90528e-09	
475	2.237500e-08	4.501179e-01	2.308832e-01	-2.19117e-09	
476	2.242500e-08	4.501053e-01	2.031743e-01	-2.46826e-09	
477	2.247500e-08	4.500929e-01	1.764691e-01	-2.73531e-09	
478	2.252500e-08	4.500806e-01	1.508587e-01	-2.99141e-09	
479	2.257500e-08	4.500684e-01	1.264054e-01	-3.23595e-09	
480	2.262500e-08	4.500563e-01	1.031445e-01	-3.46855e-09	
481	2.267500e-08	4.500443e-01	8.106772e-02	-3.68932e-09	
482	2.272500e-08	4.500323e-01	6.017373e-02	-3.89826e-09	
483	2.277500e-08	4.500203e-01	4.046393e-02	-4.09536e-09	
484	2.282500e-08	4.500084e-01	2.189843e-02	-4.28102e-09	
485	2.287500e-08	4.499965e-01	4.429341e-03	-4.45571e-09	
486	2.292500e-08	4.499845e-01	-1.19960e-02	-4.61996e-09	
487	2.296250e-08	4.499756e-01	-2.36606e-02	-4.73661e-09	
488	2.300000e-08	4.499666e-01	-3.47918e-02	-4.84792e-09	
489	2.300500e-08	4.499666e-01	-3.17604e-02	-4.81760e-09	
490	2.301500e-08	4.499666e-01	-2.57358e-02	-4.75736e-09	
491	2.303500e-08	4.499666e-01	-1.39118e-02	-4.63912e-09	
492	2.307500e-08	4.499666e-01	8.863436e-03	-4.41137e-09	
493	2.312500e-08	4.499666e-01	3.576744e-02	-4.14233e-09	
494	2.317500e-08	4.499666e-01	6.102959e-02	-3.88970e-09	
495	2.322500e-08	4.499666e-01	8.475071e-02	-3.65249e-09	
496	2.327500e-08	4.499666e-01	1.070250e-01	-3.42975e-09	
497	2.332500e-08	4.499666e-01	1.279407e-01	-3.22059e-09	
498	2.337500e-08	4.499666e-01	1.475809e-01	-3.02419e-09	
499	2.342500e-08	4.499666e-01	1.660233e-01	-2.83977e-09	
500	2.347500e-08	4.499666e-01	1.833410e-01	-2.66659e-09	
501	2.352500e-08	4.499666e-01	1.996026e-01	-2.50397e-09	
502	2.357500e-08	4.499666e-01	2.148725e-01	-2.35128e-09	
503	2.362500e-08	4.499666e-01	2.292112e-01	-2.20789e-09	
504	2.367500e-08	4.499666e-01	2.426754e-01	-2.07325e-09	
505	2.372500e-08	4.499666e-01	2.553186e-01	-1.94681e-09	
506	2.377500e-08	4.499666e-01	2.671908e-01	-1.82809e-09	
507	2.382500e-08	4.499666e-01	2.783390e-01	-1.71661e-09	
508	2.387500e-08	4.499666e-01	2.888073e-01	-1.61193e-09	
509	2.392500e-08	4.499666e-01	2.986372e-01	-1.51363e-09	
510	2.397500e-08	4.499666e-01	3.078677e-01	-1.42132e-09	
511	2.402500e-08	4.499666e-01	3.165353e-01	-1.33465e-09	
512	2.407500e-08	4.499666e-01	3.246743e-01	-1.25326e-09	
513	2.412500e-08	4.499666e-01	3.323170e-01	-1.17683e-09	
514	2.417500e-08	4.499666e-01	3.394936e-01	-1.10506e-09	
515	2.422500e-08	4.499666e-01	3.462326e-01	-1.03767e-09	
516	2.427500e-08	4.499666e-01	3.525606e-01	-9.74394e-10	
517	2.432500e-08	4.499666e-01	3.585027e-01	-9.14973e-10	
518	2.437500e-08	4.499666e-01	3.640824e-01	-8.59176e-10	

Index   time            v(cell)         v(bl)           vpre#branch     
--------------------------------------------------------------------------------
519	2.442500e-08	4.499666e-01	3.693219e-01	-8.06781e-10	
520	2.447500e-08	4.499666e-01	3.742418e-01	-7.57582e-10	
521	2.452500e-08	4.499666e-01	3.788618e-01	-7.11382e-10	
522	2.457500e-08	4.499666e-01	3.832000e-01	-6.68000e-10	
523	2.462500e-08	4.499666e-01	3.872736e-01	-6.27264e-10	
524	2.467500e-08	4.499666e-01	3.910988e-01	-5.89012e-10	
525	2.472500e-08	4.499666e-01	3.946907e-01	-5.53093e-10	
526	2.477500e-08	4.499666e-01	3.980636e-01	-5.19364e-10	
527	2.482500e-08	4.499666e-01	4.012309e-01	-4.87691e-10	
528	2.487500e-08	4.499666e-01	4.042049e-01	-4.57951e-10	
529	2.492500e-08	4.499666e-01	4.069976e-01	-4.30024e-10	
530	2.497500e-08	4.499666e-01	4.096200e-01	-4.03800e-10	
531	2.502500e-08	4.499666e-01	4.120825e-01	-3.79175e-10	
532	2.507500e-08	4.499666e-01	4.143948e-01	-3.56052e-10	
533	2.512500e-08	4.499666e-01	4.165661e-01	-3.34339e-10	
534	2.517500e-08	4.499666e-01	4.186050e-01	-3.13950e-10	
535	2.522500e-08	4.499666e-01	4.205195e-01	-2.94805e-10	
536	2.527500e-08	4.499666e-01	4.223173e-01	-2.76827e-10	
537	2.532500e-08	4.499666e-01	4.240055e-01	-2.59945e-10	
538	2.537500e-08	4.499666e-01	4.255907e-01	-2.44093e-10	
539	2.542500e-08	4.499666e-01	4.270792e-01	-2.29208e-10	
540	2.547500e-08	4.499666e-01	4.284770e-01	-2.15230e-10	
541	2.552500e-08	4.499666e-01	4.297895e-01	-2.02105e-10	
542	2.557500e-08	4.499666e-01	4.310220e-01	-1.89780e-10	
543	2.562500e-08	4.499666e-01	4.321793e-01	-1.78207e-10	
544	2.567500e-08	4.499666e-01	4.332661e-01	-1.67339e-10	
545	2.572500e-08	4.499666e-01	4.342866e-01	-1.57134e-10	
546	2.577500e-08	4.499666e-01	4.352448e-01	-1.47552e-10	
547	2.582500e-08	4.499666e-01	4.361446e-01	-1.38554e-10	
548	2.587500e-08	4.499666e-01	4.369896e-01	-1.30104e-10	
549	2.592500e-08	4.499666e-01	4.377830e-01	-1.22170e-10	
550	2.597500e-08	4.499666e-01	4.385280e-01	-1.14720e-10	
551	2.602500e-08	4.499666e-01	4.392276e-01	-1.07724e-10	
552	2.607500e-08	4.499666e-01	4.398845e-01	-1.01155e-10	
553	2.612500e-08	4.499666e-01	4.405014e-01	-9.49862e-11	
554	2.617500e-08	4.499666e-01	4.410806e-01	-8.91937e-11	
555	2.622500e-08	4.499666e-01	4.416246e-01	-8.37545e-11	
556	2.627500e-08	4.499666e-01	4.421353e-01	-7.86469e-11	
557	2.632500e-08	4.499666e-01	4.426149e-01	-7.38508e-11	
558	2.637500e-08	4.499666e-01	4.430653e-01	-6.93472e-11	
559	2.642500e-08	4.499666e-01	4.434882e-01	-6.51182e-11	
560	2.647500e-08	4.499666e-01	4.438853e-01	-6.11472e-11	
561	2.652500e-08	4.499666e-01	4.442582e-01	-5.74183e-11	
562	2.657500e-08	4.499666e-01	4.446083e-01	-5.39167e-11	
563	2.662500e-08	4.499666e-01	4.449371e-01	-5.06288e-11	
564	2.667500e-08	4.499666e-01	4.452459e-01	-4.75413e-11	
565	2.672500e-08	4.499666e-01	4.455358e-01	-4.46421e-11	
566	2.677500e-08	4.499666e-01	4.458080e-01	-4.19197e-11	
567	2.682500e-08	4.499666e-01	4.460637e-01	-3.93633e-11	
568	2.687500e-08	4.499666e-01	4.463037e-01	-3.69629e-11	
569	2.692500e-08	4.499666e-01	4.465291e-01	-3.47088e-11	
570	2.697500e-08	4.499666e-01	4.467408e-01	-3.25922e-11	
571	2.702500e-08	4.499666e-01	4.469395e-01	-3.06046e-11	
572	2.707500e-08	4.499666e-01	4.471262e-01	-2.87383e-11	
573	2.712500e-08	4.499666e-01	4.473014e-01	-2.69857e-11	
574	2.717500e-08	4.499666e-01	4.474660e-01	-2.53401e-11	
575	2.722500e-08	4.499666e-01	4.476205e-01	-2.37948e-11	
576	2.727500e-08	4.499666e-01	4.477656e-01	-2.23437e-11	

Index   time            v(cell)         v(bl)           vpre#branch     
--------------------------------------------------------------------------------
577	2.732500e-08	4.499666e-01	4.479019e-01	-2.09811e-11	
578	2.737500e-08	4.499666e-01	4.480298e-01	-1.97016e-11	
579	2.742500e-08	4.499666e-01	4.481500e-01	-1.85002e-11	
580	2.747500e-08	4.499666e-01	4.482628e-01	-1.73720e-11	
581	2.752500e-08	4.499666e-01	4.483687e-01	-1.63126e-11	
582	2.757500e-08	4.499666e-01	4.484682e-01	-1.53178e-11	
583	2.762500e-08	4.499666e-01	4.485616e-01	-1.43837e-11	
584	2.767500e-08	4.499666e-01	4.486493e-01	-1.35065e-11	
585	2.772500e-08	4.499666e-01	4.487317e-01	-1.26829e-11	
586	2.777500e-08	4.499666e-01	4.488091e-01	-1.19095e-11	
587	2.782500e-08	4.499666e-01	4.488817e-01	-1.11832e-11	
588	2.787500e-08	4.499666e-01	4.489499e-01	-1.05012e-11	
589	2.792500e-08	4.499666e-01	4.490139e-01	-9.86081e-12	
590	2.797500e-08	4.499666e-01	4.490741e-01	-9.25948e-12	
591	2.802500e-08	4.499666e-01	4.491305e-01	-8.69481e-12	
592	2.807500e-08	4.499666e-01	4.491835e-01	-8.16458e-12	
593	2.812500e-08	4.499666e-01	4.492333e-01	-7.66668e-12	
594	2.817500e-08	4.499666e-01	4.492801e-01	-7.19915e-12	
595	2.822500e-08	4.499666e-01	4.493240e-01	-6.76013e-12	
596	2.827500e-08	4.499666e-01	4.493652e-01	-6.34788e-12	
597	2.832500e-08	4.499666e-01	4.494039e-01	-5.96077e-12	
598	2.837500e-08	4.499666e-01	4.494403e-01	-5.59726e-12	
599	2.842500e-08	4.499666e-01	4.494744e-01	-5.25593e-12	
600	2.847500e-08	4.499666e-01	4.495065e-01	-4.93541e-12	
601	2.852500e-08	4.499666e-01	4.495366e-01	-4.63443e-12	
602	2.857500e-08	4.499666e-01	4.495648e-01	-4.35181e-12	
603	2.862500e-08	4.499666e-01	4.495914e-01	-4.08643e-12	
604	2.867500e-08	4.499666e-01	4.496163e-01	-3.83723e-12	
605	2.872500e-08	4.499666e-01	4.496397e-01	-3.60323e-12	
606	2.877500e-08	4.499666e-01	4.496617e-01	-3.38349e-12	
607	2.882500e-08	4.499666e-01	4.496823e-01	-3.17716e-12	
608	2.887500e-08	4.499666e-01	4.497017e-01	-2.98341e-12	
609	2.892500e-08	4.499666e-01	4.497199e-01	-2.80147e-12	
610	2.897500e-08	4.499666e-01	4.497369e-01	-2.63063e-12	
611	2.902500e-08	4.499666e-01	4.497530e-01	-2.47021e-12	
612	2.907500e-08	4.499666e-01	4.497680e-01	-2.31957e-12	
613	2.912500e-08	4.499666e-01	4.497822e-01	-2.17811e-12	
614	2.917500e-08	4.499666e-01	4.497955e-01	-2.04529e-12	
615	2.922500e-08	4.499666e-01	4.498079e-01	-1.92056e-12	
616	2.927500e-08	4.499666e-01	4.498197e-01	-1.80344e-12	
617	2.932500e-08	4.499666e-01	4.498307e-01	-1.69346e-12	
618	2.937500e-08	4.499666e-01	4.498410e-01	-1.59019e-12	
619	2.942500e-08	4.499666e-01	4.498507e-01	-1.49322e-12	
620	2.947500e-08	4.499666e-01	4.498598e-01	-1.40216e-12	
621	2.952500e-08	4.499666e-01	4.498683e-01	-1.31665e-12	
622	2.957500e-08	4.499666e-01	4.498764e-01	-1.23636e-12	
623	2.962500e-08	4.499666e-01	4.498839e-01	-1.16096e-12	
624	2.967500e-08	4.499666e-01	4.498910e-01	-1.09016e-12	
625	2.972500e-08	4.499666e-01	4.498976e-01	-1.02368e-12	
626	2.977500e-08	4.499666e-01	4.499039e-01	-9.61255e-13	
627	2.982500e-08	4.499666e-01	4.499097e-01	-9.02635e-13	
628	2.987500e-08	4.499666e-01	4.499152e-01	-8.47590e-13	
629	2.992500e-08	4.499666e-01	4.499204e-01	-7.95902e-13	
630	2.997500e-08	4.499666e-01	4.499253e-01	-7.47366e-13	
631	3.002500e-08	4.499666e-01	4.499298e-01	-7.01789e-13	
632	3.007500e-08	4.499666e-01	4.499341e-01	-6.58993e-13	
633	3.012500e-08	4.499666e-01	4.499381e-01	-6.18806e-13	
634	3.017500e-08	4.499666e-01	4.499419e-01	-5.81069e-13	

Index   time            v(cell)         v(bl)           vpre#branch     
--------------------------------------------------------------------------------
635	3.022500e-08	4.499666e-01	4.499454e-01	-5.45634e-13	
636	3.027500e-08	4.499666e-01	4.499488e-01	-5.12360e-13	
637	3.032500e-08	4.499666e-01	4.499519e-01	-4.81115e-13	
638	3.037500e-08	4.499666e-01	4.499548e-01	-4.51775e-13	
639	3.042500e-08	4.499666e-01	4.499576e-01	-4.24225e-13	
640	3.047500e-08	4.499666e-01	4.499602e-01	-3.98355e-13	
641	3.052500e-08	4.499666e-01	4.499626e-01	-3.74062e-13	
642	3.057500e-08	4.499666e-01	4.499649e-01	-3.51251e-13	
643	3.062500e-08	4.499666e-01	4.499670e-01	-3.29831e-13	
644	3.067500e-08	4.499666e-01	4.499690e-01	-3.09717e-13	
645	3.072500e-08	4.499666e-01	4.499709e-01	-2.90829e-13	
646	3.077500e-08	4.499666e-01	4.499727e-01	-2.73094e-13	
647	3.082500e-08	4.499666e-01	4.499744e-01	-2.56440e-13	
648	3.087500e-08	4.499666e-01	4.499759e-01	-2.40802e-13	
649	3.092500e-08	4.499666e-01	4.499774e-01	-2.26117e-13	
650	3.097500e-08	4.499666e-01	4.499788e-01	-2.12328e-13	
651	3.102500e-08	4.499666e-01	4.499801e-01	-1.99379e-13	
652	3.107500e-08	4.499666e-01	4.499813e-01	-1.87221e-13	
653	3.112500e-08	4.499666e-01	4.499824e-01	-1.75804e-13	
654	3.117500e-08	4.499666e-01	4.499835e-01	-1.65083e-13	
655	3.122500e-08	4.499666e-01	4.499845e-01	-1.55015e-13	
656	3.127500e-08	4.499666e-01	4.499854e-01	-1.45562e-13	
657	3.132500e-08	4.499666e-01	4.499863e-01	-1.36686e-13	
658	3.137500e-08	4.499666e-01	4.499872e-01	-1.28350e-13	
659	3.142500e-08	4.499666e-01	4.499879e-01	-1.20523e-13	
660	3.147500e-08	4.499666e-01	4.499887e-01	-1.13173e-13	
661	3.152500e-08	4.499666e-01	4.499894e-01	-1.06272e-13	
662	3.157500e-08	4.499666e-01	4.499900e-01	-9.97909e-14	
663	3.162500e-08	4.499666e-01	4.499906e-01	-9.37054e-14	
664	3.167500e-08	4.499666e-01	4.499912e-01	-8.79910e-14	
665	3.172500e-08	4.499666e-01	4.499917e-01	-8.26251e-14	
666	3.177500e-08	4.499666e-01	4.499922e-01	-7.75864e-14	
667	3.182500e-08	4.499666e-01	4.499927e-01	-7.28550e-14	
668	3.187500e-08	4.499666e-01	4.499932e-01	-6.84121e-14	
669	3.192500e-08	4.499666e-01	4.499936e-01	-6.42402e-14	
670	3.197500e-08	4.499666e-01	4.499940e-01	-6.03227e-14	
671	3.202500e-08	4.499666e-01	4.499943e-01	-5.66440e-14	
672	3.207500e-08	4.499666e-01	4.499947e-01	-5.31897e-14	
673	3.212500e-08	4.499666e-01	4.499950e-01	-4.99461e-14	
674	3.217500e-08	4.499666e-01	4.499953e-01	-4.69003e-14	
675	3.222500e-08	4.499666e-01	4.499956e-01	-4.40402e-14	
676	3.227500e-08	4.499666e-01	4.499959e-01	-4.13545e-14	
677	3.232500e-08	4.499666e-01	4.499961e-01	-3.88326e-14	
678	3.237500e-08	4.499666e-01	4.499964e-01	-3.64645e-14	
679	3.242500e-08	4.499666e-01	4.499966e-01	-3.42408e-14	
680	3.247500e-08	4.499666e-01	4.499968e-01	-3.21527e-14	
681	3.252500e-08	4.499666e-01	4.499970e-01	-3.01920e-14	
682	3.257500e-08	4.499666e-01	4.499972e-01	-2.83508e-14	
683	3.262500e-08	4.499666e-01	4.499973e-01	-2.66219e-14	
684	3.267500e-08	4.499666e-01	4.499975e-01	-2.49984e-14	
685	3.272500e-08	4.499666e-01	4.499977e-01	-2.34740e-14	
686	3.277500e-08	4.499666e-01	4.499978e-01	-2.20425e-14	
687	3.282500e-08	4.499666e-01	4.499979e-01	-2.06983e-14	
688	3.287500e-08	4.499666e-01	4.499981e-01	-1.94360e-14	
689	3.292500e-08	4.499666e-01	4.499982e-01	-1.82508e-14	
690	3.297500e-08	4.499666e-01	4.499983e-01	-1.71378e-14	
691	3.302500e-08	4.499666e-01	4.499984e-01	-1.60927e-14	
692	3.307500e-08	4.499666e-01	4.499985e-01	-1.51113e-14	

Index   time            v(cell)         v(bl)           vpre#branch     
--------------------------------------------------------------------------------
693	3.312500e-08	4.499666e-01	4.499986e-01	-1.41898e-14	
694	3.317500e-08	4.499666e-01	4.499987e-01	-1.33245e-14	
695	3.322500e-08	4.499666e-01	4.499987e-01	-1.25119e-14	
696	3.327500e-08	4.499666e-01	4.499988e-01	-1.17489e-14	
697	3.332500e-08	4.499666e-01	4.499989e-01	-1.10325e-14	
698	3.337500e-08	4.499666e-01	4.499990e-01	-1.03597e-14	
699	3.342500e-08	4.499666e-01	4.499990e-01	-9.72793e-15	
700	3.347500e-08	4.499666e-01	4.499991e-01	-9.13470e-15	
701	3.352500e-08	4.499666e-01	4.499991e-01	-8.57765e-15	
702	3.357500e-08	4.499666e-01	4.499992e-01	-8.05456e-15	
703	3.362500e-08	4.499666e-01	4.499992e-01	-7.56338e-15	
704	3.367500e-08	4.499666e-01	4.499993e-01	-7.10215e-15	
705	3.372500e-08	4.499666e-01	4.499993e-01	-6.66905e-15	
706	3.377500e-08	4.499666e-01	4.499994e-01	-6.26236e-15	
707	3.382500e-08	4.499666e-01	4.499994e-01	-5.88047e-15	
708	3.387500e-08	4.499666e-01	4.499994e-01	-5.52187e-15	
709	3.392500e-08	4.499666e-01	4.499995e-01	-5.18514e-15	
710	3.397500e-08	4.499666e-01	4.499995e-01	-4.86894e-15	
711	3.402500e-08	4.499666e-01	4.499995e-01	-4.57203e-15	
712	3.407500e-08	4.499666e-01	4.499996e-01	-4.29322e-15	
713	3.412500e-08	4.499666e-01	4.499996e-01	-4.03141e-15	
714	3.417500e-08	4.499666e-01	4.499996e-01	-3.78557e-15	
715	3.422500e-08	4.499666e-01	4.499996e-01	-3.55472e-15	
716	3.427500e-08	4.499666e-01	4.499997e-01	-3.33795e-15	
717	3.432500e-08	4.499666e-01	4.499997e-01	-3.13440e-15	
718	3.437500e-08	4.499666e-01	4.499997e-01	-2.94326e-15	
719	3.442500e-08	4.499666e-01	4.499997e-01	-2.76378e-15	
720	3.447500e-08	4.499666e-01	4.499997e-01	-2.59524e-15	
721	3.452500e-08	4.499666e-01	4.499998e-01	-2.43698e-15	
722	3.457500e-08	4.499666e-01	4.499998e-01	-2.28838e-15	
723	3.462500e-08	4.499666e-01	4.499998e-01	-2.14883e-15	
724	3.467500e-08	4.499666e-01	4.499998e-01	-2.01780e-15	
725	3.472500e-08	4.499666e-01	4.499998e-01	-1.89475e-15	
726	3.477500e-08	4.499666e-01	4.499998e-01	-1.77921e-15	
727	3.482500e-08	4.499666e-01	4.499998e-01	-1.67071e-15	
728	3.487500e-08	4.499666e-01	4.499998e-01	-1.56883e-15	
729	3.492500e-08	4.499666e-01	4.499999e-01	-1.47317e-15	
730	3.497500e-08	4.499666e-01	4.499999e-01	-1.38334e-15	
731	3.502500e-08	4.499666e-01	4.499999e-01	-1.29898e-15	
732	3.507500e-08	4.499666e-01	4.499999e-01	-1.21977e-15	
733	3.512500e-08	4.499666e-01	4.499999e-01	-1.14539e-15	
734	3.517500e-08	4.499666e-01	4.499999e-01	-1.07555e-15	
735	3.522500e-08	4.499666e-01	4.499999e-01	-1.00997e-15	
736	3.527500e-08	4.499666e-01	4.499999e-01	-9.48381e-16	
737	3.532500e-08	4.499666e-01	4.499999e-01	-8.90551e-16	
738	3.537500e-08	4.499666e-01	4.499999e-01	-8.36249e-16	
739	3.542500e-08	4.499666e-01	4.499999e-01	-7.85258e-16	
740	3.547500e-08	4.499666e-01	4.499999e-01	-7.37377e-16	
741	3.552500e-08	4.499666e-01	4.499999e-01	-6.92415e-16	
742	3.557500e-08	4.499666e-01	4.499999e-01	-6.50195e-16	
743	3.562500e-08	4.499666e-01	4.499999e-01	-6.10550e-16	
744	3.567500e-08	4.499666e-01	4.499999e-01	-5.73323e-16	
745	3.572500e-08	4.499666e-01	4.499999e-01	-5.38365e-16	
746	3.577500e-08	4.499666e-01	4.499999e-01	-5.05539e-16	
747	3.582500e-08	4.499666e-01	4.500000e-01	-4.74716e-16	
748	3.587500e-08	4.499666e-01	4.500000e-01	-4.45772e-16	
749	3.592500e-08	4.499666e-01	4.500000e-01	-4.18594e-16	
750	3.597500e-08	4.499666e-01	4.500000e-01	-3.93072e-16	

Index   time            v(cell)         v(bl)           vpre#branch     
--------------------------------------------------------------------------------
751	3.602500e-08	4.499666e-01	4.500000e-01	-3.69107e-16	
752	3.607500e-08	4.499666e-01	4.500000e-01	-3.46603e-16	
753	3.612500e-08	4.499666e-01	4.500000e-01	-3.25472e-16	
754	3.617500e-08	4.499666e-01	4.500000e-01	-3.05630e-16	
755	3.622500e-08	4.499666e-01	4.500000e-01	-2.86997e-16	
756	3.627500e-08	4.499666e-01	4.500000e-01	-2.69501e-16	
757	3.632500e-08	4.499666e-01	4.500000e-01	-2.53071e-16	
758	3.637500e-08	4.499666e-01	4.500000e-01	-2.37643e-16	
759	3.642500e-08	4.499666e-01	4.500000e-01	-2.23157e-16	
760	3.647500e-08	4.499666e-01	4.500000e-01	-2.09553e-16	
761	3.652500e-08	4.499666e-01	4.500000e-01	-1.96779e-16	
762	3.657500e-08	4.499666e-01	4.500000e-01	-1.84784e-16	
763	3.662500e-08	4.499666e-01	4.500000e-01	-1.73521e-16	
764	3.667500e-08	4.499666e-01	4.500000e-01	-1.62946e-16	
765	3.672500e-08	4.499666e-01	4.500000e-01	-1.53014e-16	
766	3.677500e-08	4.499666e-01	4.500000e-01	-1.43689e-16	
767	3.682500e-08	4.499666e-01	4.500000e-01	-1.34932e-16	
768	3.687500e-08	4.499666e-01	4.500000e-01	-1.26709e-16	
769	3.692500e-08	4.499666e-01	4.500000e-01	-1.18987e-16	
770	3.697500e-08	4.499666e-01	4.500000e-01	-1.11736e-16	
771	3.702500e-08	4.499666e-01	4.500000e-01	-1.04928e-16	
772	3.707500e-08	4.499666e-01	4.500000e-01	-9.85346e-17	
773	3.712500e-08	4.499666e-01	4.500000e-01	-9.25309e-17	
774	3.717500e-08	4.499666e-01	4.500000e-01	-8.68938e-17	
775	3.722500e-08	4.499666e-01	4.500000e-01	-8.16008e-17	
776	3.727500e-08	4.499666e-01	4.500000e-01	-7.66302e-17	
777	3.732500e-08	4.499666e-01	4.500000e-01	-7.19623e-17	
778	3.737500e-08	4.499666e-01	4.500000e-01	-6.75791e-17	
779	3.742500e-08	4.499666e-01	4.500000e-01	-6.34636e-17	
780	3.747500e-08	4.499666e-01	4.500000e-01	-5.95995e-17	
781	3.752500e-08	4.499666e-01	4.500000e-01	-5.59706e-17	
782	3.757500e-08	4.499666e-01	4.500000e-01	-5.25626e-17	
783	3.762500e-08	4.499666e-01	4.500000e-01	-4.93628e-17	
784	3.767500e-08	4.499666e-01	4.500000e-01	-4.63582e-17	
785	3.772500e-08	4.499666e-01	4.500000e-01	-4.35364e-17	
786	3.777500e-08	4.499666e-01	4.500000e-01	-4.08866e-17	
787	3.782500e-08	4.499666e-01	4.500000e-01	-3.83985e-17	
788	3.787500e-08	4.499666e-01	4.500000e-01	-3.60620e-17	
789	3.792500e-08	4.499666e-01	4.500000e-01	-3.38681e-17	
790	3.797500e-08	4.499666e-01	4.500000e-01	-3.18080e-17	
791	3.802500e-08	4.499666e-01	4.500000e-01	-2.98735e-17	
792	3.807500e-08	4.499666e-01	4.500000e-01	-2.80569e-17	
793	3.812500e-08	4.499666e-01	4.500000e-01	-2.63516e-17	
794	3.817500e-08	4.499666e-01	4.500000e-01	-2.47502e-17	
795	3.822500e-08	4.499666e-01	4.500000e-01	-2.32461e-17	
796	3.827500e-08	4.499666e-01	4.500000e-01	-2.18337e-17	
797	3.832500e-08	4.499666e-01	4.500000e-01	-2.05075e-17	
798	3.837500e-08	4.499666e-01	4.500000e-01	-1.92625e-17	
799	3.842500e-08	4.499666e-01	4.500000e-01	-1.80935e-17	
800	3.847500e-08	4.499666e-01	4.500000e-01	-1.69953e-17	
801	3.852500e-08	4.499666e-01	4.500000e-01	-1.59641e-17	
802	3.857500e-08	4.499666e-01	4.500000e-01	-1.49958e-17	
803	3.862500e-08	4.499666e-01	4.500000e-01	-1.40865e-17	
804	3.867500e-08	4.499666e-01	4.500000e-01	-1.32331e-17	
805	3.872500e-08	4.499666e-01	4.500000e-01	-1.24318e-17	
806	3.877500e-08	4.499666e-01	4.500000e-01	-1.16789e-17	
807	3.882500e-08	4.499666e-01	4.500000e-01	-1.09719e-17	
808	3.887500e-08	4.499666e-01	4.500000e-01	-1.03080e-17	

Index   time            v(cell)         v(bl)           vpre#branch     
--------------------------------------------------------------------------------
809	3.892500e-08	4.499666e-01	4.500000e-01	-9.68504e-18	
810	3.897500e-08	4.499666e-01	4.500000e-01	-9.10005e-18	
811	3.902500e-08	4.499666e-01	4.500000e-01	-8.55033e-18	
812	3.907500e-08	4.499666e-01	4.500000e-01	-8.03454e-18	
813	3.912500e-08	4.499666e-01	4.500000e-01	-7.55062e-18	
814	3.917500e-08	4.499666e-01	4.500000e-01	-7.09580e-18	
815	3.922500e-08	4.499666e-01	4.500000e-01	-6.66830e-18	
816	3.927500e-08	4.499666e-01	4.500000e-01	-6.26687e-18	
817	3.932500e-08	4.499666e-01	4.500000e-01	-5.88992e-18	
818	3.937500e-08	4.499666e-01	4.500000e-01	-5.53596e-18	
819	3.942500e-08	4.499666e-01	4.500000e-01	-5.20400e-18	
820	3.947500e-08	4.499666e-01	4.500000e-01	-4.89228e-18	
821	3.952500e-08	4.499666e-01	4.500000e-01	-4.59957e-18	
822	3.957500e-08	4.499666e-01	4.500000e-01	-4.32471e-18	
823	3.962500e-08	4.499666e-01	4.500000e-01	-4.06620e-18	
824	3.967500e-08	4.499666e-01	4.500000e-01	-3.82386e-18	
825	3.972500e-08	4.499666e-01	4.500000e-01	-3.59672e-18	
826	3.977500e-08	4.499666e-01	4.500000e-01	-3.38343e-18	
827	3.982500e-08	4.499666e-01	4.500000e-01	-3.18274e-18	
828	3.987500e-08	4.499666e-01	4.500000e-01	-2.99387e-18	
829	3.992500e-08	4.499666e-01	4.500000e-01	-2.81651e-18	
830	3.996250e-08	4.499666e-01	4.500000e-01	-2.69076e-18	
831	4.000000e-08	4.499666e-01	4.500000e-01	-2.57104e-18	


Total analysis time (seconds) = 0.0596898

Total elapsed time (seconds) = 0.073 

Total DRAM available = 386307.215 MB.
DRAM currently available = 2041.625 MB.
Maximum ngspice program size =  529.719 MB.
Current ngspice program size =   14.258 MB.

Shared ngspice pages =   12.430 MB.
Text (code) pages =    6.266 MB.
Stack = 0 bytes.
Library pages =   59.137 MB.

