
Note: No compatibility mode selected!


Circuit: * wl switching transient

Doing analysis at TEMP = 85.000000 and TNOM = 27.000000

Using SPARSE 1.3 as Direct Linear Solver

Initial Transient Solution
--------------------------

Node                                   Voltage
----                                   -------
d                                         0.45
g                                            0
s                                            0
vg#branch                                    0
vd#branch                         -8.58716e-13
vs#branch                          8.58716e-13


No. of Data Rows : 217
                            * wl switching transient
                            Transient Analysis  Wed Jun 24 01:11:31  2026
--------------------------------------------------------------------------------
Index   time            v(g)            vg#branch       
--------------------------------------------------------------------------------
0	0.000000e+00	0.000000e+00	0.000000e+00	
1	1.000000e-12	0.000000e+00	4.652462e-22	
2	2.000000e-12	0.000000e+00	4.652462e-22	
3	4.000000e-12	0.000000e+00	4.652462e-22	
4	8.000000e-12	0.000000e+00	2.326231e-22	
5	1.600000e-11	0.000000e+00	1.163115e-22	
6	3.200000e-11	0.000000e+00	1.110953e-22	
7	6.400000e-11	0.000000e+00	2.907789e-23	
8	1.280000e-10	0.000000e+00	1.453894e-23	
9	2.280000e-10	0.000000e+00	-8.16513e-24	
10	3.280000e-10	0.000000e+00	5.069759e-24	
11	4.280000e-10	0.000000e+00	5.069759e-24	
12	5.280000e-10	0.000000e+00	5.069759e-24	
13	6.280000e-10	0.000000e+00	5.069759e-24	
14	7.280000e-10	0.000000e+00	5.069759e-24	
15	8.280000e-10	0.000000e+00	5.069759e-24	
16	9.140000e-10	0.000000e+00	2.313120e-23	
17	1.000000e-09	0.000000e+00	-3.33858e-24	
18	1.010000e-09	9.000000e-03	-1.42585e-08	
19	1.030000e-09	2.700000e-02	-1.43564e-08	
20	1.070000e-09	6.300000e-02	-1.42590e-08	
21	1.150000e-09	1.350000e-01	-1.43561e-08	
22	1.250000e-09	2.250000e-01	-1.42595e-08	
23	1.350000e-09	3.150000e-01	-1.43583e-08	
24	1.450000e-09	4.050000e-01	-1.42740e-08	
25	1.550000e-09	4.950000e-01	-1.44469e-08	
26	1.650000e-09	5.850000e-01	-1.47402e-08	
27	1.750000e-09	6.750000e-01	-1.58679e-08	
28	1.850000e-09	7.650000e-01	-1.65801e-08	
29	1.925000e-09	8.325000e-01	-1.70044e-08	
30	2.000000e-09	9.000000e-01	-1.71789e-08	
31	2.010000e-09	9.000000e-01	-7.12821e-11	
32	2.030000e-09	9.000000e-01	7.068771e-11	
33	2.070000e-09	9.000000e-01	-7.03923e-11	
34	2.150000e-09	9.000000e-01	7.024500e-11	
35	2.250000e-09	9.000000e-01	-7.01274e-11	
36	2.350000e-09	9.000000e-01	7.001003e-11	
37	2.450000e-09	9.000000e-01	-6.98928e-11	
38	2.550000e-09	9.000000e-01	6.977585e-11	
39	2.650000e-09	9.000000e-01	-6.96591e-11	
40	2.750000e-09	9.000000e-01	6.954245e-11	
41	2.850000e-09	9.000000e-01	-6.94260e-11	
42	2.950000e-09	9.000000e-01	6.930984e-11	
43	3.050000e-09	9.000000e-01	-6.91938e-11	
44	3.150000e-09	9.000000e-01	6.907801e-11	
45	3.250000e-09	9.000000e-01	-6.89624e-11	
46	3.350000e-09	9.000000e-01	6.884696e-11	
47	3.450000e-09	9.000000e-01	-6.87317e-11	
48	3.550000e-09	9.000000e-01	6.861669e-11	
49	3.650000e-09	9.000000e-01	-6.85018e-11	
50	3.750000e-09	9.000000e-01	6.838718e-11	
51	3.850000e-09	9.000000e-01	-6.82727e-11	
52	3.950000e-09	9.000000e-01	6.815845e-11	
53	4.050000e-09	9.000000e-01	-6.80444e-11	
54	4.150000e-09	9.000000e-01	6.793049e-11	

Index   time            v(g)            vg#branch       
--------------------------------------------------------------------------------
55	4.250000e-09	9.000000e-01	-6.78168e-11	
56	4.350000e-09	9.000000e-01	6.770330e-11	
57	4.450000e-09	9.000000e-01	-6.75900e-11	
58	4.550000e-09	9.000000e-01	6.747686e-11	
59	4.650000e-09	9.000000e-01	-6.73639e-11	
60	4.750000e-09	9.000000e-01	6.725119e-11	
61	4.850000e-09	9.000000e-01	-6.71386e-11	
62	4.950000e-09	9.000000e-01	6.702628e-11	
63	5.050000e-09	9.000000e-01	-6.69141e-11	
64	5.150000e-09	9.000000e-01	6.680212e-11	
65	5.250000e-09	9.000000e-01	-6.66903e-11	
66	5.350000e-09	9.000000e-01	6.657872e-11	
67	5.450000e-09	9.000000e-01	-6.64673e-11	
68	5.550000e-09	9.000000e-01	6.635606e-11	
69	5.650000e-09	9.000000e-01	-6.62450e-11	
70	5.750000e-09	9.000000e-01	6.613415e-11	
71	5.850000e-09	9.000000e-01	-6.60235e-11	
72	5.950000e-09	9.000000e-01	6.591299e-11	
73	6.050000e-09	9.000000e-01	-6.58027e-11	
74	6.150000e-09	9.000000e-01	6.569257e-11	
75	6.250000e-09	9.000000e-01	-6.55826e-11	
76	6.350000e-09	9.000000e-01	6.547290e-11	
77	6.450000e-09	9.000000e-01	-6.53633e-11	
78	6.550000e-09	9.000000e-01	6.525396e-11	
79	6.650000e-09	9.000000e-01	-6.51448e-11	
80	6.750000e-09	9.000000e-01	6.503575e-11	
81	6.850000e-09	9.000000e-01	-6.49269e-11	
82	6.950000e-09	9.000000e-01	6.481828e-11	
83	7.050000e-09	9.000000e-01	-6.47098e-11	
84	7.150000e-09	9.000000e-01	6.460154e-11	
85	7.250000e-09	9.000000e-01	-6.44934e-11	
86	7.350000e-09	9.000000e-01	6.438553e-11	
87	7.450000e-09	9.000000e-01	-6.42778e-11	
88	7.550000e-09	9.000000e-01	6.417024e-11	
89	7.650000e-09	9.000000e-01	-6.40629e-11	
90	7.750000e-09	9.000000e-01	6.395567e-11	
91	7.850000e-09	9.000000e-01	-6.38487e-11	
92	7.950000e-09	9.000000e-01	6.374183e-11	
93	8.050000e-09	9.000000e-01	-6.36352e-11	
94	8.150000e-09	9.000000e-01	6.352870e-11	
95	8.250000e-09	9.000000e-01	-6.34224e-11	
96	8.350000e-09	9.000000e-01	6.331629e-11	
97	8.450000e-09	9.000000e-01	-6.32104e-11	
98	8.550000e-09	9.000000e-01	6.310460e-11	
99	8.650000e-09	9.000000e-01	-6.29990e-11	
100	8.750000e-09	9.000000e-01	6.289361e-11	
101	8.850000e-09	9.000000e-01	-6.27884e-11	
102	8.950000e-09	9.000000e-01	6.268333e-11	
103	9.050000e-09	9.000000e-01	-6.25785e-11	
104	9.150000e-09	9.000000e-01	6.247376e-11	
105	9.250000e-09	9.000000e-01	-6.23692e-11	
106	9.350000e-09	9.000000e-01	6.226490e-11	
107	9.450000e-09	9.000000e-01	-6.21607e-11	
108	9.550000e-09	9.000000e-01	6.205673e-11	
109	9.650000e-09	9.000000e-01	-6.19529e-11	
110	9.750000e-09	9.000000e-01	6.184927e-11	
111	9.850000e-09	9.000000e-01	-6.17458e-11	
112	9.925000e-09	9.000000e-01	6.160810e-11	

Index   time            v(g)            vg#branch       
--------------------------------------------------------------------------------
113	1.000000e-08	9.000000e-01	-6.14707e-11	
114	1.001000e-08	9.000000e-01	-2.56228e-13	
115	1.003000e-08	9.000000e-01	2.540819e-13	
116	1.007000e-08	9.000000e-01	-2.53016e-13	
117	1.015000e-08	9.000000e-01	2.524845e-13	
118	1.025000e-08	9.000000e-01	-2.52060e-13	
119	1.035000e-08	9.000000e-01	2.516366e-13	
120	1.045000e-08	9.000000e-01	-2.51214e-13	
121	1.055000e-08	9.000000e-01	2.507917e-13	
122	1.065000e-08	9.000000e-01	-2.50370e-13	
123	1.075000e-08	9.000000e-01	2.499495e-13	
124	1.085000e-08	9.000000e-01	-2.49530e-13	
125	1.095000e-08	9.000000e-01	2.491102e-13	
126	1.105000e-08	9.000000e-01	-2.48692e-13	
127	1.115000e-08	9.000000e-01	2.482738e-13	
128	1.125000e-08	9.000000e-01	-2.47857e-13	
129	1.135000e-08	9.000000e-01	2.474401e-13	
130	1.145000e-08	9.000000e-01	-2.47024e-13	
131	1.155000e-08	9.000000e-01	2.466093e-13	
132	1.165000e-08	9.000000e-01	-2.46195e-13	
133	1.175000e-08	9.000000e-01	2.457813e-13	
134	1.185000e-08	9.000000e-01	-2.45368e-13	
135	1.195000e-08	9.000000e-01	2.449560e-13	
136	1.205000e-08	9.000000e-01	-2.44544e-13	
137	1.215000e-08	9.000000e-01	2.441335e-13	
138	1.225000e-08	9.000000e-01	-2.43723e-13	
139	1.235000e-08	9.000000e-01	2.433139e-13	
140	1.245000e-08	9.000000e-01	-2.42905e-13	
141	1.255000e-08	9.000000e-01	2.424969e-13	
142	1.265000e-08	9.000000e-01	-2.42089e-13	
143	1.275000e-08	9.000000e-01	2.416828e-13	
144	1.285000e-08	9.000000e-01	-2.41277e-13	
145	1.295000e-08	9.000000e-01	2.408713e-13	
146	1.305000e-08	9.000000e-01	-2.40467e-13	
147	1.315000e-08	9.000000e-01	2.400626e-13	
148	1.325000e-08	9.000000e-01	-2.39659e-13	
149	1.335000e-08	9.000000e-01	2.392567e-13	
150	1.345000e-08	9.000000e-01	-2.38855e-13	
151	1.355000e-08	9.000000e-01	2.384534e-13	
152	1.365000e-08	9.000000e-01	-2.38053e-13	
153	1.375000e-08	9.000000e-01	2.376529e-13	
154	1.385000e-08	9.000000e-01	-2.37254e-13	
155	1.395000e-08	9.000000e-01	2.368550e-13	
156	1.405000e-08	9.000000e-01	-2.36457e-13	
157	1.415000e-08	9.000000e-01	2.360599e-13	
158	1.425000e-08	9.000000e-01	-2.35663e-13	
159	1.435000e-08	9.000000e-01	2.352674e-13	
160	1.445000e-08	9.000000e-01	-2.34872e-13	
161	1.455000e-08	9.000000e-01	2.344776e-13	
162	1.465000e-08	9.000000e-01	-2.34084e-13	
163	1.475000e-08	9.000000e-01	2.336904e-13	
164	1.485000e-08	9.000000e-01	-2.33298e-13	
165	1.495000e-08	9.000000e-01	2.329059e-13	
166	1.505000e-08	9.000000e-01	-2.32515e-13	
167	1.515000e-08	9.000000e-01	2.321241e-13	
168	1.525000e-08	9.000000e-01	-2.31734e-13	
169	1.535000e-08	9.000000e-01	2.313449e-13	
170	1.545000e-08	9.000000e-01	-2.30956e-13	

Index   time            v(g)            vg#branch       
--------------------------------------------------------------------------------
171	1.555000e-08	9.000000e-01	2.305683e-13	
172	1.565000e-08	9.000000e-01	-2.30181e-13	
173	1.575000e-08	9.000000e-01	2.297943e-13	
174	1.585000e-08	9.000000e-01	-2.29408e-13	
175	1.595000e-08	9.000000e-01	2.290229e-13	
176	1.605000e-08	9.000000e-01	-2.28638e-13	
177	1.615000e-08	9.000000e-01	2.282542e-13	
178	1.625000e-08	9.000000e-01	-2.27871e-13	
179	1.635000e-08	9.000000e-01	2.274880e-13	
180	1.645000e-08	9.000000e-01	-2.27106e-13	
181	1.655000e-08	9.000000e-01	2.267244e-13	
182	1.665000e-08	9.000000e-01	-2.26344e-13	
183	1.675000e-08	9.000000e-01	2.259634e-13	
184	1.685000e-08	9.000000e-01	-2.25584e-13	
185	1.695000e-08	9.000000e-01	2.252049e-13	
186	1.705000e-08	9.000000e-01	-2.24827e-13	
187	1.715000e-08	9.000000e-01	2.244490e-13	
188	1.725000e-08	9.000000e-01	-2.24072e-13	
189	1.735000e-08	9.000000e-01	2.236957e-13	
190	1.745000e-08	9.000000e-01	-2.23320e-13	
191	1.755000e-08	9.000000e-01	2.229449e-13	
192	1.765000e-08	9.000000e-01	-2.22570e-13	
193	1.775000e-08	9.000000e-01	2.221966e-13	
194	1.785000e-08	9.000000e-01	-2.21823e-13	
195	1.795000e-08	9.000000e-01	2.214508e-13	
196	1.805000e-08	9.000000e-01	-2.21079e-13	
197	1.815000e-08	9.000000e-01	2.207076e-13	
198	1.825000e-08	9.000000e-01	-2.20337e-13	
199	1.835000e-08	9.000000e-01	2.199668e-13	
200	1.845000e-08	9.000000e-01	-2.19597e-13	
201	1.855000e-08	9.000000e-01	2.192286e-13	
202	1.865000e-08	9.000000e-01	-2.18860e-13	
203	1.875000e-08	9.000000e-01	2.184928e-13	
204	1.885000e-08	9.000000e-01	-2.18126e-13	
205	1.895000e-08	9.000000e-01	2.177595e-13	
206	1.905000e-08	9.000000e-01	-2.17394e-13	
207	1.915000e-08	9.000000e-01	2.170287e-13	
208	1.925000e-08	9.000000e-01	-2.16664e-13	
209	1.935000e-08	9.000000e-01	2.163003e-13	
210	1.945000e-08	9.000000e-01	-2.15937e-13	
211	1.955000e-08	9.000000e-01	2.155745e-13	
212	1.965000e-08	9.000000e-01	-2.15212e-13	
213	1.975000e-08	9.000000e-01	2.148510e-13	
214	1.985000e-08	9.000000e-01	-2.14490e-13	
215	1.992500e-08	9.000000e-01	2.140101e-13	
216	2.000000e-08	9.000000e-01	-2.13531e-13	


Total analysis time (seconds) = 0.0140418

Total elapsed time (seconds) = 0.020 

Total DRAM available = 386307.215 MB.
DRAM currently available = 7716.770 MB.
Maximum ngspice program size =  529.719 MB.
Current ngspice program size =   14.020 MB.

Shared ngspice pages =   12.266 MB.
Text (code) pages =    6.266 MB.
Stack = 0 bytes.
Library pages =   59.137 MB.

