
Note: No compatibility mode selected!


Circuit: * id-vg sweep vds=0.9900v

Doing analysis at TEMP = 27.000000 and TNOM = 27.000000

Using SPARSE 1.3 as Direct Linear Solver

No. of Data Rows : 201

  Measurements for DC Analysis

ion                 =  -2.63220e-06 at=  9.90000e-01
ioff                =  -8.21381e-14

                           * id-vg sweep vds=0.9900v
                           DC transfer characteristic  Tue Jun 23 23:47:01  2026
--------------------------------------------------------------------------------
Index   v-sweep         vd#branch       
--------------------------------------------------------------------------------
0	0.000000e+00	-8.21381e-14	
1	4.950000e-03	-9.17860e-14	
2	9.900000e-03	-1.03226e-13	
3	1.485000e-02	-1.16092e-13	
4	1.980000e-02	-1.30561e-13	
5	2.475000e-02	-1.46834e-13	
6	2.970000e-02	-1.65135e-13	
7	3.465000e-02	-1.85717e-13	
8	3.960000e-02	-2.08864e-13	
9	4.455000e-02	-2.34896e-13	
10	4.950000e-02	-2.64173e-13	
11	5.445000e-02	-2.97099e-13	
12	5.940000e-02	-3.34129e-13	
13	6.435000e-02	-3.75774e-13	
14	6.930000e-02	-4.22609e-13	
15	7.425000e-02	-4.75282e-13	
16	7.920000e-02	-5.34519e-13	
17	8.415000e-02	-6.01140e-13	
18	8.910000e-02	-6.76064e-13	
19	9.405000e-02	-7.60327e-13	
20	9.900000e-02	-8.55091e-13	
21	1.039500e-01	-9.61667e-13	
22	1.089000e-01	-1.08153e-12	
23	1.138500e-01	-1.21632e-12	
24	1.188000e-01	-1.36792e-12	
25	1.237500e-01	-1.53841e-12	
26	1.287000e-01	-1.73016e-12	
27	1.336500e-01	-1.94580e-12	
28	1.386000e-01	-2.18831e-12	
29	1.435500e-01	-2.46105e-12	
30	1.485000e-01	-2.76779e-12	
31	1.534500e-01	-3.11275e-12	
32	1.584000e-01	-3.50071e-12	
33	1.633500e-01	-3.93701e-12	
34	1.683000e-01	-4.42770e-12	
35	1.732500e-01	-4.97954e-12	
36	1.782000e-01	-5.60015e-12	
37	1.831500e-01	-6.29811e-12	
38	1.881000e-01	-7.08306e-12	
39	1.930500e-01	-7.96582e-12	
40	1.980000e-01	-8.95861e-12	
41	2.029500e-01	-1.00751e-11	
42	2.079000e-01	-1.13308e-11	
43	2.128500e-01	-1.27429e-11	
44	2.178000e-01	-1.43310e-11	
45	2.227500e-01	-1.61169e-11	
46	2.277000e-01	-1.81255e-11	
47	2.326500e-01	-2.03843e-11	
48	2.376000e-01	-2.29246e-11	
49	2.425500e-01	-2.57813e-11	
50	2.475000e-01	-2.89941e-11	
51	2.524500e-01	-3.26070e-11	
52	2.574000e-01	-3.66701e-11	
53	2.623500e-01	-4.12393e-11	
54	2.673000e-01	-4.63778e-11	

Index   v-sweep         vd#branch       
--------------------------------------------------------------------------------
55	2.722500e-01	-5.21562e-11	
56	2.772000e-01	-5.86543e-11	
57	2.821500e-01	-6.59617e-11	
58	2.871000e-01	-7.41790e-11	
59	2.920500e-01	-8.34194e-11	
60	2.970000e-01	-9.38103e-11	
61	3.019500e-01	-1.05494e-10	
62	3.069000e-01	-1.18633e-10	
63	3.118500e-01	-1.33406e-10	
64	3.168000e-01	-1.50017e-10	
65	3.217500e-01	-1.68694e-10	
66	3.267000e-01	-1.90908e-10	
67	3.316500e-01	-2.14669e-10	
68	3.366000e-01	-2.41382e-10	
69	3.415500e-01	-2.71413e-10	
70	3.465000e-01	-3.05174e-10	
71	3.514500e-01	-3.43124e-10	
72	3.564000e-01	-3.85781e-10	
73	3.613500e-01	-4.33727e-10	
74	3.663000e-01	-4.87612e-10	
75	3.712500e-01	-5.48168e-10	
76	3.762000e-01	-6.16215e-10	
77	3.811500e-01	-6.92670e-10	
78	3.861000e-01	-7.78562e-10	
79	3.910500e-01	-8.75045e-10	
80	3.960000e-01	-9.83409e-10	
81	4.009500e-01	-1.10510e-09	
82	4.059000e-01	-1.24172e-09	
83	4.108500e-01	-1.39508e-09	
84	4.158000e-01	-1.56720e-09	
85	4.207500e-01	-1.76031e-09	
86	4.257000e-01	-1.97692e-09	
87	4.306500e-01	-2.21981e-09	
88	4.356000e-01	-2.49207e-09	
89	4.405500e-01	-2.79715e-09	
90	4.455000e-01	-3.13884e-09	
91	4.504500e-01	-3.52137e-09	
92	4.554000e-01	-3.94940e-09	
93	4.603500e-01	-4.42807e-09	
94	4.653000e-01	-4.96304e-09	
95	4.702500e-01	-5.56052e-09	
96	4.752000e-01	-6.22734e-09	
97	4.801500e-01	-6.97093e-09	
98	4.851000e-01	-7.79943e-09	
99	4.900500e-01	-8.72168e-09	
100	4.950000e-01	-9.74728e-09	
101	4.999500e-01	-1.08866e-08	
102	5.049000e-01	-1.21508e-08	
103	5.098500e-01	-1.35520e-08	
104	5.148000e-01	-1.51032e-08	
105	5.197500e-01	-1.68181e-08	
106	5.247000e-01	-1.87118e-08	
107	5.296500e-01	-2.08000e-08	
108	5.346000e-01	-2.30997e-08	
109	5.395500e-01	-2.56291e-08	
110	5.445000e-01	-2.84074e-08	
111	5.494500e-01	-3.14553e-08	
112	5.544000e-01	-3.47949e-08	

Index   v-sweep         vd#branch       
--------------------------------------------------------------------------------
113	5.593500e-01	-3.84496e-08	
114	5.643000e-01	-4.24446e-08	
115	5.692500e-01	-4.68068e-08	
116	5.742000e-01	-5.15646e-08	
117	5.791500e-01	-5.67482e-08	
118	5.841000e-01	-6.23898e-08	
119	5.890500e-01	-6.85227e-08	
120	5.940000e-01	-7.51819e-08	
121	5.989500e-01	-8.24033e-08	
122	6.039000e-01	-9.02235e-08	
123	6.088500e-01	-9.86795e-08	
124	6.138000e-01	-1.07808e-07	
125	6.187500e-01	-1.17644e-07	
126	6.237000e-01	-1.28223e-07	
127	6.286500e-01	-1.39577e-07	
128	6.336000e-01	-1.51736e-07	
129	6.385500e-01	-1.64727e-07	
130	6.435000e-01	-1.78573e-07	
131	6.484500e-01	-1.93294e-07	
132	6.534000e-01	-2.08906e-07	
133	6.583500e-01	-2.25419e-07	
134	6.633000e-01	-2.42841e-07	
135	6.682500e-01	-2.61174e-07	
136	6.732000e-01	-2.80416e-07	
137	6.781500e-01	-3.00563e-07	
138	6.831000e-01	-3.21604e-07	
139	6.880500e-01	-3.43529e-07	
140	6.930000e-01	-3.66323e-07	
141	6.979500e-01	-3.89967e-07	
142	7.029000e-01	-4.14031e-07	
143	7.078500e-01	-4.39331e-07	
144	7.128000e-01	-4.65421e-07	
145	7.177500e-01	-4.92278e-07	
146	7.227000e-01	-5.19880e-07	
147	7.276500e-01	-5.48202e-07	
148	7.326000e-01	-5.77222e-07	
149	7.375500e-01	-6.06914e-07	
150	7.425000e-01	-6.37256e-07	
151	7.474500e-01	-6.68225e-07	
152	7.524000e-01	-6.99797e-07	
153	7.573500e-01	-7.31952e-07	
154	7.623000e-01	-7.64667e-07	
155	7.672500e-01	-7.97921e-07	
156	7.722000e-01	-8.31695e-07	
157	7.771500e-01	-8.65968e-07	
158	7.821000e-01	-9.00723e-07	
159	7.870500e-01	-9.35941e-07	
160	7.920000e-01	-9.71604e-07	
161	7.969500e-01	-1.00770e-06	
162	8.019000e-01	-1.04420e-06	
163	8.068500e-01	-1.08110e-06	
164	8.118000e-01	-1.11839e-06	
165	8.167500e-01	-1.15605e-06	
166	8.217000e-01	-1.19406e-06	
167	8.266500e-01	-1.23241e-06	
168	8.316000e-01	-1.27109e-06	
169	8.365500e-01	-1.31010e-06	
170	8.415000e-01	-1.34941e-06	

Index   v-sweep         vd#branch       
--------------------------------------------------------------------------------
171	8.464500e-01	-1.38902e-06	
172	8.514000e-01	-1.42891e-06	
173	8.563500e-01	-1.46908e-06	
174	8.613000e-01	-1.50952e-06	
175	8.662500e-01	-1.55022e-06	
176	8.712000e-01	-1.59117e-06	
177	8.761500e-01	-1.63236e-06	
178	8.811000e-01	-1.67378e-06	
179	8.860500e-01	-1.71543e-06	
180	8.910000e-01	-1.75730e-06	
181	8.959500e-01	-1.79939e-06	
182	9.009000e-01	-1.84168e-06	
183	9.058500e-01	-1.88417e-06	
184	9.108000e-01	-1.92686e-06	
185	9.157500e-01	-1.96973e-06	
186	9.207000e-01	-2.01279e-06	
187	9.256500e-01	-2.05602e-06	
188	9.306000e-01	-2.09943e-06	
189	9.355500e-01	-2.14300e-06	
190	9.405000e-01	-2.18674e-06	
191	9.454500e-01	-2.23064e-06	
192	9.504000e-01	-2.27469e-06	
193	9.553500e-01	-2.31889e-06	
194	9.603000e-01	-2.36324e-06	
195	9.652500e-01	-2.40773e-06	
196	9.702000e-01	-2.45236e-06	
197	9.751500e-01	-2.49713e-06	
198	9.801000e-01	-2.54202e-06	
199	9.850500e-01	-2.58705e-06	
200	9.900000e-01	-2.63220e-06	


Total analysis time (seconds) = 0.0148518

Total elapsed time (seconds) = 0.022 

Total DRAM available = 386307.215 MB.
DRAM currently available = 14151.453 MB.
Maximum ngspice program size =  529.719 MB.
Current ngspice program size =   14.086 MB.

Shared ngspice pages =   12.328 MB.
Text (code) pages =    6.266 MB.
Stack = 0 bytes.
Library pages =   59.137 MB.

