
Note: No compatibility mode selected!


Circuit: * 1t1c ccell=20.0ff

Doing analysis at TEMP = 27.000000 and TNOM = 27.000000

Using SPARSE 1.3 as Direct Linear Solver

Initial Transient Solution
--------------------------

Node                                   Voltage
----                                   -------
pre                                      0.495
bl                                       0.495
wl                                           0
plate                                        0
s                                            0
cell                                         0
vs#branch                                    0
vpl#branch                                   0
vwl#branch                                   0
vpre#branch                                  0


No. of Data Rows : 832

  Measurements for Transient Analysis

t_write             =  1.90036e-09
t_read              =  2.27874e-08
i_hold              =  -3.43508e-11 from=  2.50000e-08 to=  3.50250e-08
q_read              =   1.91992e-18 from=  1.20000e-08 to=  2.20000e-08

                              * 1t1c ccell=20.0ff
                              Transient Analysis  Wed Jun 24 01:02:51  2026
--------------------------------------------------------------------------------
Index   time            v(cell)         v(bl)           vpre#branch     
--------------------------------------------------------------------------------
0	0.000000e+00	0.000000e+00	4.950000e-01	0.000000e+00	
1	5.000000e-13	5.710175e-13	4.950000e-01	-1.52796e-17	
2	1.000000e-12	1.142022e-12	4.950000e-01	-2.96334e-17	
3	2.000000e-12	2.284030e-12	4.950000e-01	-5.83230e-17	
4	4.000000e-12	4.568046e-12	4.950000e-01	-1.15594e-16	
5	8.000000e-12	9.136077e-12	4.950000e-01	-2.29705e-16	
6	1.600000e-11	1.827214e-11	4.950000e-01	-4.56212e-16	
7	3.200000e-11	3.654426e-11	4.949999e-01	-9.02455e-16	
8	6.400000e-11	7.308850e-11	4.949998e-01	-1.76853e-15	
9	1.140000e-10	1.301889e-10	4.949997e-01	-3.05409e-15	
10	1.640000e-10	1.872892e-10	4.949996e-01	-4.26126e-15	
11	2.140000e-10	2.443895e-10	4.949995e-01	-5.39482e-15	
12	2.640000e-10	3.014898e-10	4.949994e-01	-6.45924e-15	
13	3.140000e-10	3.585901e-10	4.949993e-01	-7.45875e-15	
14	3.640000e-10	4.156904e-10	4.949992e-01	-8.39731e-15	
15	4.140000e-10	4.727906e-10	4.949991e-01	-9.27863e-15	
16	4.640000e-10	5.298909e-10	4.949990e-01	-1.01062e-14	
17	5.140000e-10	5.869911e-10	4.949989e-01	-1.08833e-14	
18	5.640000e-10	6.440913e-10	4.949988e-01	-1.16130e-14	
19	6.140000e-10	7.011915e-10	4.949988e-01	-1.22982e-14	
20	6.640000e-10	7.582917e-10	4.949987e-01	-1.29417e-14	
21	7.140000e-10	8.153919e-10	4.949986e-01	-1.35459e-14	
22	7.640000e-10	8.724921e-10	4.949986e-01	-1.41132e-14	
23	8.140000e-10	9.295922e-10	4.949985e-01	-1.46460e-14	
24	8.640000e-10	9.866924e-10	4.949985e-01	-1.51462e-14	
25	9.140000e-10	1.043793e-09	4.949984e-01	-1.56160e-14	
26	9.570000e-10	1.092899e-09	4.949984e-01	-1.59969e-14	
27	1.000000e-09	1.142005e-09	4.949984e-01	-1.63578e-14	
28	1.005000e-09	4.948047e-03	4.949984e-01	-1.63796e-14	
29	1.015000e-09	1.484411e-02	4.949984e-01	-1.63901e-14	
30	1.035000e-09	3.463625e-02	4.949984e-01	-1.62517e-14	
31	1.075000e-09	7.422052e-02	4.949984e-01	-1.56079e-14	
32	1.125000e-09	1.237009e-01	4.949985e-01	-1.46003e-14	
33	1.175000e-09	1.731812e-01	4.949986e-01	-1.36682e-14	
34	1.225000e-09	2.226615e-01	4.949987e-01	-1.28238e-14	
35	1.275000e-09	2.721419e-01	4.949988e-01	-1.20390e-14	
36	1.325000e-09	3.216222e-01	4.949989e-01	-1.13046e-14	
37	1.375000e-09	3.711025e-01	4.949989e-01	-1.06160e-14	
38	1.425000e-09	4.205829e-01	4.949990e-01	-9.96928e-15	
39	1.475000e-09	4.700632e-01	4.949991e-01	-9.36195e-15	
40	1.525000e-09	5.195435e-01	4.949991e-01	-8.79152e-15	
41	1.575000e-09	5.690239e-01	4.949992e-01	-8.25521e-15	
42	1.625000e-09	6.185042e-01	4.949992e-01	-7.75106e-15	
43	1.675000e-09	6.679845e-01	4.949993e-01	-7.27764e-15	
44	1.725000e-09	7.174649e-01	4.949993e-01	-6.83305e-15	
45	1.775000e-09	7.669452e-01	4.949994e-01	-6.41553e-15	
46	1.825000e-09	8.164255e-01	4.949994e-01	-6.02344e-15	
47	1.875000e-09	8.659059e-01	4.949994e-01	-5.65523e-15	
48	1.925000e-09	9.153862e-01	4.949995e-01	-5.30944e-15	
49	1.962500e-09	9.524965e-01	4.949995e-01	-5.06403e-15	
50	2.000000e-09	9.896067e-01	4.949995e-01	-4.82990e-15	
51	2.005000e-09	9.896067e-01	4.949995e-01	-4.79961e-15	
52	2.015000e-09	9.896067e-01	4.949995e-01	-4.73941e-15	
53	2.035000e-09	9.896067e-01	4.949995e-01	-4.62125e-15	
54	2.075000e-09	9.896067e-01	4.949996e-01	-4.39362e-15	

Index   time            v(cell)         v(bl)           vpre#branch     
--------------------------------------------------------------------------------
55	2.125000e-09	9.896067e-01	4.949996e-01	-4.12471e-15	
56	2.175000e-09	9.896067e-01	4.949996e-01	-3.87220e-15	
57	2.225000e-09	9.896067e-01	4.949996e-01	-3.63508e-15	
58	2.275000e-09	9.896067e-01	4.949997e-01	-3.41243e-15	
59	2.325000e-09	9.896067e-01	4.949997e-01	-3.20335e-15	
60	2.375000e-09	9.896067e-01	4.949997e-01	-3.00703e-15	
61	2.425000e-09	9.896067e-01	4.949997e-01	-2.82267e-15	
62	2.475000e-09	9.896067e-01	4.949997e-01	-2.64956e-15	
63	2.525000e-09	9.896067e-01	4.949998e-01	-2.48701e-15	
64	2.575000e-09	9.896067e-01	4.949998e-01	-2.33437e-15	
65	2.625000e-09	9.896067e-01	4.949998e-01	-2.19103e-15	
66	2.675000e-09	9.896067e-01	4.949998e-01	-2.05644e-15	
67	2.725000e-09	9.896067e-01	4.949998e-01	-1.93006e-15	
68	2.775000e-09	9.896067e-01	4.949998e-01	-1.81138e-15	
69	2.825000e-09	9.896067e-01	4.949998e-01	-1.69994e-15	
70	2.875000e-09	9.896067e-01	4.949998e-01	-1.59530e-15	
71	2.925000e-09	9.896067e-01	4.949999e-01	-1.49704e-15	
72	2.975000e-09	9.896067e-01	4.949999e-01	-1.40477e-15	
73	3.025000e-09	9.896067e-01	4.949999e-01	-1.31812e-15	
74	3.075000e-09	9.896067e-01	4.949999e-01	-1.23676e-15	
75	3.125000e-09	9.896067e-01	4.949999e-01	-1.16037e-15	
76	3.175000e-09	9.896067e-01	4.949999e-01	-1.08863e-15	
77	3.225000e-09	9.896067e-01	4.949999e-01	-1.02127e-15	
78	3.275000e-09	9.896067e-01	4.949999e-01	-9.58010e-16	
79	3.325000e-09	9.896067e-01	4.949999e-01	-8.98612e-16	
80	3.375000e-09	9.896067e-01	4.949999e-01	-8.42836e-16	
81	3.425000e-09	9.896067e-01	4.949999e-01	-7.90462e-16	
82	3.475000e-09	9.896067e-01	4.949999e-01	-7.41281e-16	
83	3.525000e-09	9.896067e-01	4.949999e-01	-6.95100e-16	
84	3.575000e-09	9.896067e-01	4.949999e-01	-6.51735e-16	
85	3.625000e-09	9.896067e-01	4.949999e-01	-6.11015e-16	
86	3.675000e-09	9.896067e-01	4.949999e-01	-5.72778e-16	
87	3.725000e-09	9.896067e-01	4.949999e-01	-5.36872e-16	
88	3.775000e-09	9.896067e-01	4.949999e-01	-5.03156e-16	
89	3.825000e-09	9.896067e-01	4.950000e-01	-4.71495e-16	
90	3.875000e-09	9.896067e-01	4.950000e-01	-4.41767e-16	
91	3.925000e-09	9.896067e-01	4.950000e-01	-4.13851e-16	
92	3.975000e-09	9.896067e-01	4.950000e-01	-3.87637e-16	
93	4.025000e-09	9.896067e-01	4.950000e-01	-3.63022e-16	
94	4.075000e-09	9.896067e-01	4.950000e-01	-3.39909e-16	
95	4.125000e-09	9.896067e-01	4.950000e-01	-3.18204e-16	
96	4.175000e-09	9.896067e-01	4.950000e-01	-2.97824e-16	
97	4.225000e-09	9.896067e-01	4.950000e-01	-2.78685e-16	
98	4.275000e-09	9.896067e-01	4.950000e-01	-2.60714e-16	
99	4.325000e-09	9.896067e-01	4.950000e-01	-2.43839e-16	
100	4.375000e-09	9.896067e-01	4.950000e-01	-2.27993e-16	
101	4.425000e-09	9.896067e-01	4.950000e-01	-2.13113e-16	
102	4.475000e-09	9.896067e-01	4.950000e-01	-1.99141e-16	
103	4.525000e-09	9.896067e-01	4.950000e-01	-1.86020e-16	
104	4.575000e-09	9.896067e-01	4.950000e-01	-1.73700e-16	
105	4.625000e-09	9.896067e-01	4.950000e-01	-1.62131e-16	
106	4.675000e-09	9.896067e-01	4.950000e-01	-1.51269e-16	
107	4.725000e-09	9.896067e-01	4.950000e-01	-1.41068e-16	
108	4.775000e-09	9.896067e-01	4.950000e-01	-1.31490e-16	
109	4.825000e-09	9.896067e-01	4.950000e-01	-1.22495e-16	
110	4.875000e-09	9.896067e-01	4.950000e-01	-1.14048e-16	
111	4.925000e-09	9.896067e-01	4.950000e-01	-1.06118e-16	
112	4.975000e-09	9.896067e-01	4.950000e-01	-9.86709e-17	

Index   time            v(cell)         v(bl)           vpre#branch     
--------------------------------------------------------------------------------
113	5.025000e-09	9.896067e-01	4.950000e-01	-9.16781e-17	
114	5.075000e-09	9.896067e-01	4.950000e-01	-8.51118e-17	
115	5.125000e-09	9.896067e-01	4.950000e-01	-7.89459e-17	
116	5.175000e-09	9.896067e-01	4.950000e-01	-7.31560e-17	
117	5.225000e-09	9.896067e-01	4.950000e-01	-6.77183e-17	
118	5.275000e-09	9.896067e-01	4.950000e-01	-6.26123e-17	
119	5.325000e-09	9.896067e-01	4.950000e-01	-5.78185e-17	
120	5.375000e-09	9.896067e-01	4.950000e-01	-5.33170e-17	
121	5.425000e-09	9.896067e-01	4.950000e-01	-4.90901e-17	
122	5.475000e-09	9.896067e-01	4.950000e-01	-4.51209e-17	
123	5.525000e-09	9.896067e-01	4.950000e-01	-4.13937e-17	
124	5.575000e-09	9.896067e-01	4.950000e-01	-3.78939e-17	
125	5.625000e-09	9.896067e-01	4.950000e-01	-3.46075e-17	
126	5.675000e-09	9.896067e-01	4.950000e-01	-3.15215e-17	
127	5.725000e-09	9.896067e-01	4.950000e-01	-2.86237e-17	
128	5.775000e-09	9.896067e-01	4.950000e-01	-2.59026e-17	
129	5.825000e-09	9.896067e-01	4.950000e-01	-2.33474e-17	
130	5.875000e-09	9.896067e-01	4.950000e-01	-2.09481e-17	
131	5.925000e-09	9.896067e-01	4.950000e-01	-1.86951e-17	
132	5.975000e-09	9.896067e-01	4.950000e-01	-1.65795e-17	
133	6.025000e-09	9.896067e-01	4.950000e-01	-1.45929e-17	
134	6.075000e-09	9.896067e-01	4.950000e-01	-1.27266e-17	
135	6.125000e-09	9.896067e-01	4.950000e-01	-1.09742e-17	
136	6.175000e-09	9.896067e-01	4.950000e-01	-9.32940e-18	
137	6.225000e-09	9.896067e-01	4.950000e-01	-7.78494e-18	
138	6.275000e-09	9.896067e-01	4.950000e-01	-6.33467e-18	
139	6.325000e-09	9.896067e-01	4.950000e-01	-4.97284e-18	
140	6.375000e-09	9.896067e-01	4.950000e-01	-3.69405e-18	
141	6.425000e-09	9.896067e-01	4.950000e-01	-2.49325e-18	
142	6.475000e-09	9.896067e-01	4.950000e-01	-1.36568e-18	
143	6.525000e-09	9.896067e-01	4.950000e-01	-3.06875e-19	
144	6.575000e-09	9.896067e-01	4.950000e-01	6.873614e-19	
145	6.625000e-09	9.896067e-01	4.950000e-01	1.621797e-18	
146	6.675000e-09	9.896067e-01	4.950000e-01	2.499246e-18	
147	6.725000e-09	9.896067e-01	4.950000e-01	3.322359e-18	
148	6.775000e-09	9.896067e-01	4.950000e-01	4.095275e-18	
149	6.825000e-09	9.896067e-01	4.950000e-01	4.821057e-18	
150	6.875000e-09	9.896067e-01	4.950000e-01	5.502578e-18	
151	6.925000e-09	9.896067e-01	4.950000e-01	6.142537e-18	
152	6.962500e-09	9.896067e-01	4.950000e-01	6.597014e-18	
153	7.000000e-09	9.896067e-01	4.950000e-01	7.030809e-18	
154	7.005000e-09	9.648665e-01	4.950000e-01	7.085279e-18	
155	7.015000e-09	9.153861e-01	4.950000e-01	7.190391e-18	
156	7.035000e-09	8.164255e-01	4.950000e-01	7.377670e-18	
157	7.067500e-09	6.556144e-01	4.950000e-01	7.615545e-18	
158	7.100000e-09	4.948033e-01	4.950000e-01	7.758115e-18	
159	7.105000e-09	4.948033e-01	4.950000e-01	7.707188e-18	
160	7.115000e-09	4.948034e-01	4.950000e-01	7.605906e-18	
161	7.135000e-09	4.948033e-01	4.950000e-01	7.407207e-18	
162	7.175000e-09	4.948034e-01	4.950000e-01	7.024757e-18	
163	7.225000e-09	4.948033e-01	4.950000e-01	6.572747e-18	
164	7.275000e-09	4.948034e-01	4.950000e-01	6.149103e-18	
165	7.325000e-09	4.948033e-01	4.950000e-01	5.751293e-18	
166	7.375000e-09	4.948034e-01	4.950000e-01	5.376916e-18	
167	7.425000e-09	4.948033e-01	4.950000e-01	5.026198e-18	
168	7.475000e-09	4.948034e-01	4.950000e-01	4.696867e-18	
169	7.525000e-09	4.948033e-01	4.950000e-01	4.387621e-18	
170	7.575000e-09	4.948034e-01	4.950000e-01	4.097230e-18	

Index   time            v(cell)         v(bl)           vpre#branch     
--------------------------------------------------------------------------------
171	7.625000e-09	4.948033e-01	4.950000e-01	3.824551e-18	
172	7.675000e-09	4.948034e-01	4.950000e-01	3.568499e-18	
173	7.725000e-09	4.948033e-01	4.950000e-01	3.328064e-18	
174	7.775000e-09	4.948034e-01	4.950000e-01	3.102288e-18	
175	7.825000e-09	4.948033e-01	4.950000e-01	2.890284e-18	
176	7.875000e-09	4.948034e-01	4.950000e-01	2.691209e-18	
177	7.925000e-09	4.948033e-01	4.950000e-01	2.504273e-18	
178	7.975000e-09	4.948034e-01	4.950000e-01	2.329564e-18	
179	8.025000e-09	4.948033e-01	4.950000e-01	2.164681e-18	
180	8.075000e-09	4.948034e-01	4.950000e-01	2.009030e-18	
181	8.125000e-09	4.948033e-01	4.950000e-01	1.863695e-18	
182	8.175000e-09	4.948034e-01	4.950000e-01	1.728049e-18	
183	8.225000e-09	4.948033e-01	4.950000e-01	1.599848e-18	
184	8.275000e-09	4.948034e-01	4.950000e-01	1.478639e-18	
185	8.325000e-09	4.948033e-01	4.950000e-01	1.365652e-18	
186	8.375000e-09	4.948034e-01	4.950000e-01	1.260379e-18	
187	8.425000e-09	4.948033e-01	4.950000e-01	1.161525e-18	
188	8.475000e-09	4.948034e-01	4.950000e-01	1.068702e-18	
189	8.525000e-09	4.948033e-01	4.950000e-01	9.815375e-19	
190	8.575000e-09	4.948034e-01	4.950000e-01	8.988599e-19	
191	8.625000e-09	4.948033e-01	4.950000e-01	8.203994e-19	
192	8.675000e-09	4.948034e-01	4.950000e-01	7.475504e-19	
193	8.725000e-09	4.948033e-01	4.950000e-01	6.791442e-19	
194	8.775000e-09	4.948034e-01	4.950000e-01	6.149120e-19	
195	8.825000e-09	4.948033e-01	4.950000e-01	5.554195e-19	
196	8.875000e-09	4.948034e-01	4.950000e-01	4.987328e-19	
197	8.925000e-09	4.948033e-01	4.950000e-01	4.455021e-19	
198	8.975000e-09	4.948034e-01	4.950000e-01	3.955164e-19	
199	9.025000e-09	4.948033e-01	4.950000e-01	3.477525e-19	
200	9.075000e-09	4.948034e-01	4.950000e-01	3.037291e-19	
201	9.125000e-09	4.948033e-01	4.950000e-01	2.632155e-19	
202	9.175000e-09	4.948034e-01	4.950000e-01	2.243446e-19	
203	9.225000e-09	4.948033e-01	4.950000e-01	1.878461e-19	
204	9.275000e-09	4.948034e-01	4.950000e-01	1.535752e-19	
205	9.325000e-09	4.948033e-01	4.950000e-01	1.213921e-19	
206	9.375000e-09	4.948034e-01	4.950000e-01	9.117102e-20	
207	9.425000e-09	4.948033e-01	4.950000e-01	6.279542e-20	
208	9.475000e-09	4.948034e-01	4.950000e-01	3.697415e-20	
209	9.525000e-09	4.948033e-01	4.950000e-01	1.272783e-20	
210	9.575000e-09	4.948034e-01	4.950000e-01	-1.08658e-20	
211	9.625000e-09	4.948033e-01	4.950000e-01	-3.38466e-20	
212	9.675000e-09	4.948034e-01	4.950000e-01	-5.54277e-20	
213	9.725000e-09	4.948033e-01	4.950000e-01	-7.56920e-20	
214	9.775000e-09	4.948034e-01	4.950000e-01	-9.47213e-20	
215	9.825000e-09	4.948033e-01	4.950000e-01	-1.12589e-19	
216	9.875000e-09	4.948034e-01	4.950000e-01	-1.29367e-19	
217	9.925000e-09	4.948033e-01	4.950000e-01	-1.44293e-19	
218	9.975000e-09	4.948034e-01	4.950000e-01	-1.57484e-19	
219	1.002500e-08	4.948033e-01	4.950000e-01	-1.69870e-19	
220	1.007500e-08	4.948034e-01	4.950000e-01	-1.82331e-19	
221	1.012500e-08	4.948033e-01	4.950000e-01	-1.94856e-19	
222	1.017500e-08	4.948034e-01	4.950000e-01	-2.06614e-19	
223	1.022500e-08	4.948033e-01	4.950000e-01	-2.16831e-19	
224	1.027500e-08	4.948034e-01	4.950000e-01	-2.26425e-19	
225	1.032500e-08	4.948033e-01	4.950000e-01	-2.36261e-19	
226	1.037500e-08	4.948034e-01	4.950000e-01	-2.45496e-19	
227	1.042500e-08	4.948033e-01	4.950000e-01	-2.53342e-19	
228	1.047500e-08	4.948034e-01	4.950000e-01	-2.60709e-19	

Index   time            v(cell)         v(bl)           vpre#branch     
--------------------------------------------------------------------------------
229	1.052500e-08	4.948033e-01	4.950000e-01	-2.67628e-19	
230	1.057500e-08	4.948034e-01	4.950000e-01	-2.73296e-19	
231	1.062500e-08	4.948033e-01	4.950000e-01	-2.78621e-19	
232	1.067500e-08	4.948034e-01	4.950000e-01	-2.83622e-19	
233	1.072500e-08	4.948033e-01	4.950000e-01	-2.88317e-19	
234	1.077500e-08	4.948034e-01	4.950000e-01	-2.93552e-19	
235	1.082500e-08	4.948033e-01	4.950000e-01	-2.98467e-19	
236	1.087500e-08	4.948034e-01	4.950000e-01	-3.03085e-19	
237	1.092500e-08	4.948033e-01	4.950000e-01	-3.07417e-19	
238	1.096250e-08	4.948034e-01	4.950000e-01	-3.10755e-19	
239	1.100000e-08	4.948033e-01	4.950000e-01	-3.14203e-19	
240	1.100500e-08	4.948053e-01	4.999189e-01	4.918861e-11	
241	1.101500e-08	4.948092e-01	5.096951e-01	1.469509e-10	
242	1.103500e-08	4.948171e-01	5.288832e-01	3.388317e-10	
243	1.107500e-08	4.948328e-01	5.658465e-01	7.084653e-10	
244	1.112500e-08	4.948525e-01	6.095148e-01	1.145148e-09	
245	1.117500e-08	4.948722e-01	6.505201e-01	1.555201e-09	
246	1.122500e-08	4.948918e-01	6.890247e-01	1.940247e-09	
247	1.127500e-08	4.949115e-01	7.251812e-01	2.301812e-09	
248	1.132500e-08	4.949312e-01	7.591328e-01	2.641328e-09	
249	1.137500e-08	4.949508e-01	7.910139e-01	2.960139e-09	
250	1.142500e-08	4.949705e-01	8.209507e-01	3.259507e-09	
251	1.147500e-08	4.949902e-01	8.490620e-01	3.540620e-09	
252	1.152500e-08	4.950098e-01	8.754588e-01	3.804588e-09	
253	1.157500e-08	4.950295e-01	9.002457e-01	4.052457e-09	
254	1.162500e-08	4.950492e-01	9.235203e-01	4.285203e-09	
255	1.167500e-08	4.950688e-01	9.453729e-01	4.503729e-09	
256	1.172500e-08	4.950885e-01	9.658837e-01	4.708837e-09	
257	1.177500e-08	4.951082e-01	9.851113e-01	4.901113e-09	
258	1.182500e-08	4.951279e-01	1.002983e+00	5.079833e-09	
259	1.187500e-08	4.951480e-01	1.019129e+00	5.241295e-09	
260	1.192500e-08	4.951688e-01	1.032174e+00	5.371742e-09	
261	1.196250e-08	4.951861e-01	1.037592e+00	5.425917e-09	
262	1.200000e-08	4.952069e-01	1.033958e+00	5.389583e-09	
263	1.200500e-08	4.952081e-01	1.027753e+00	5.327527e-09	
264	1.201500e-08	4.952103e-01	1.015482e+00	5.204816e-09	
265	1.203500e-08	4.952147e-01	9.917574e-01	4.967574e-09	
266	1.207500e-08	4.952228e-01	9.473366e-01	4.523366e-09	
267	1.212500e-08	4.952322e-01	8.969524e-01	4.019524e-09	
268	1.217500e-08	4.952407e-01	8.516328e-01	3.566328e-09	
269	1.222500e-08	4.952485e-01	8.107576e-01	3.157576e-09	
270	1.227500e-08	4.952558e-01	7.738063e-01	2.788063e-09	
271	1.232500e-08	4.952625e-01	7.403378e-01	2.453378e-09	
272	1.237500e-08	4.952688e-01	7.099844e-01	2.149844e-09	
273	1.242500e-08	4.952747e-01	6.824173e-01	1.874173e-09	
274	1.247500e-08	4.952803e-01	6.573422e-01	1.623422e-09	
275	1.252500e-08	4.952856e-01	6.345145e-01	1.395145e-09	
276	1.257500e-08	4.952907e-01	6.137205e-01	1.187205e-09	
277	1.262500e-08	4.952955e-01	5.947730e-01	9.977304e-10	
278	1.267500e-08	4.953000e-01	5.775093e-01	8.250933e-10	
279	1.272500e-08	4.953044e-01	5.617893e-01	6.678929e-10	
280	1.277500e-08	4.953086e-01	5.475052e-01	5.250519e-10	
281	1.282500e-08	4.953126e-01	5.345714e-01	3.957135e-10	
282	1.287500e-08	4.953164e-01	5.229304e-01	2.793043e-10	
283	1.292500e-08	4.953199e-01	5.125952e-01	1.759517e-10	
284	1.297500e-08	4.953231e-01	5.037684e-01	8.768383e-11	
285	1.302500e-08	4.953253e-01	4.977074e-01	2.707449e-11	
286	1.307500e-08	4.953262e-01	4.954801e-01	4.801193e-12	

Index   time            v(cell)         v(bl)           vpre#branch     
--------------------------------------------------------------------------------
287	1.312500e-08	4.953263e-01	4.953186e-01	3.186290e-12	
288	1.317500e-08	4.953262e-01	4.953155e-01	3.154510e-12	
289	1.322500e-08	4.953262e-01	4.953155e-01	3.155417e-12	
290	1.327500e-08	4.953262e-01	4.953155e-01	3.155367e-12	
291	1.332500e-08	4.953262e-01	4.953155e-01	3.155286e-12	
292	1.337500e-08	4.953262e-01	4.953155e-01	3.155215e-12	
293	1.342500e-08	4.953262e-01	4.953155e-01	3.155133e-12	
294	1.347500e-08	4.953262e-01	4.953155e-01	3.155063e-12	
295	1.352500e-08	4.953262e-01	4.953155e-01	3.154981e-12	
296	1.357500e-08	4.953262e-01	4.953155e-01	3.154910e-12	
297	1.362500e-08	4.953262e-01	4.953155e-01	3.154829e-12	
298	1.367500e-08	4.953262e-01	4.953155e-01	3.154758e-12	
299	1.372500e-08	4.953262e-01	4.953155e-01	3.154676e-12	
300	1.377500e-08	4.953261e-01	4.953155e-01	3.154605e-12	
301	1.382500e-08	4.953261e-01	4.953155e-01	3.154524e-12	
302	1.387500e-08	4.953261e-01	4.953154e-01	3.154453e-12	
303	1.392500e-08	4.953261e-01	4.953154e-01	3.154371e-12	
304	1.397500e-08	4.953261e-01	4.953154e-01	3.154301e-12	
305	1.402500e-08	4.953261e-01	4.953154e-01	3.154219e-12	
306	1.407500e-08	4.953261e-01	4.953154e-01	3.154148e-12	
307	1.412500e-08	4.953261e-01	4.953154e-01	3.154067e-12	
308	1.417500e-08	4.953261e-01	4.953154e-01	3.153996e-12	
309	1.422500e-08	4.953261e-01	4.953154e-01	3.153914e-12	
310	1.427500e-08	4.953261e-01	4.953154e-01	3.153844e-12	
311	1.432500e-08	4.953261e-01	4.953154e-01	3.153762e-12	
312	1.437500e-08	4.953261e-01	4.953154e-01	3.153691e-12	
313	1.442500e-08	4.953260e-01	4.953154e-01	3.153610e-12	
314	1.447500e-08	4.953260e-01	4.953154e-01	3.153539e-12	
315	1.452500e-08	4.953260e-01	4.953153e-01	3.153457e-12	
316	1.457500e-08	4.953260e-01	4.953153e-01	3.153386e-12	
317	1.462500e-08	4.953260e-01	4.953153e-01	3.153305e-12	
318	1.467500e-08	4.953260e-01	4.953153e-01	3.153234e-12	
319	1.472500e-08	4.953260e-01	4.953153e-01	3.153153e-12	
320	1.477500e-08	4.953260e-01	4.953153e-01	3.153082e-12	
321	1.482500e-08	4.953260e-01	4.953153e-01	3.153000e-12	
322	1.487500e-08	4.953260e-01	4.953153e-01	3.152929e-12	
323	1.492500e-08	4.953260e-01	4.953153e-01	3.152848e-12	
324	1.497500e-08	4.953260e-01	4.953153e-01	3.152777e-12	
325	1.502500e-08	4.953260e-01	4.953153e-01	3.152696e-12	
326	1.507500e-08	4.953259e-01	4.953153e-01	3.152625e-12	
327	1.512500e-08	4.953259e-01	4.953153e-01	3.152543e-12	
328	1.517500e-08	4.953259e-01	4.953152e-01	3.152472e-12	
329	1.522500e-08	4.953259e-01	4.953152e-01	3.152391e-12	
330	1.527500e-08	4.953259e-01	4.953152e-01	3.152320e-12	
331	1.532500e-08	4.953259e-01	4.953152e-01	3.152239e-12	
332	1.537500e-08	4.953259e-01	4.953152e-01	3.152168e-12	
333	1.542500e-08	4.953259e-01	4.953152e-01	3.152087e-12	
334	1.547500e-08	4.953259e-01	4.953152e-01	3.152016e-12	
335	1.552500e-08	4.953259e-01	4.953152e-01	3.151934e-12	
336	1.557500e-08	4.953259e-01	4.953152e-01	3.151863e-12	
337	1.562500e-08	4.953259e-01	4.953152e-01	3.151782e-12	
338	1.567500e-08	4.953258e-01	4.953152e-01	3.151711e-12	
339	1.572500e-08	4.953258e-01	4.953152e-01	3.151630e-12	
340	1.577500e-08	4.953258e-01	4.953152e-01	3.151559e-12	
341	1.582500e-08	4.953258e-01	4.953151e-01	3.151478e-12	
342	1.587500e-08	4.953258e-01	4.953151e-01	3.151406e-12	
343	1.592500e-08	4.953258e-01	4.953151e-01	3.151325e-12	
344	1.597500e-08	4.953258e-01	4.953151e-01	3.151254e-12	

Index   time            v(cell)         v(bl)           vpre#branch     
--------------------------------------------------------------------------------
345	1.602500e-08	4.953258e-01	4.953151e-01	3.151173e-12	
346	1.607500e-08	4.953258e-01	4.953151e-01	3.151102e-12	
347	1.612500e-08	4.953258e-01	4.953151e-01	3.151021e-12	
348	1.617500e-08	4.953258e-01	4.953151e-01	3.150950e-12	
349	1.622500e-08	4.953258e-01	4.953151e-01	3.150869e-12	
350	1.627500e-08	4.953258e-01	4.953151e-01	3.150797e-12	
351	1.632500e-08	4.953257e-01	4.953151e-01	3.150716e-12	
352	1.637500e-08	4.953257e-01	4.953151e-01	3.150645e-12	
353	1.642500e-08	4.953257e-01	4.953151e-01	3.150564e-12	
354	1.647500e-08	4.953257e-01	4.953150e-01	3.150493e-12	
355	1.652500e-08	4.953257e-01	4.953150e-01	3.150412e-12	
356	1.657500e-08	4.953257e-01	4.953150e-01	3.150341e-12	
357	1.662500e-08	4.953257e-01	4.953150e-01	3.150260e-12	
358	1.667500e-08	4.953257e-01	4.953150e-01	3.150189e-12	
359	1.672500e-08	4.953257e-01	4.953150e-01	3.150108e-12	
360	1.677500e-08	4.953257e-01	4.953150e-01	3.150036e-12	
361	1.682500e-08	4.953257e-01	4.953150e-01	3.149956e-12	
362	1.687500e-08	4.953257e-01	4.953150e-01	3.149884e-12	
363	1.692500e-08	4.953257e-01	4.953150e-01	3.149803e-12	
364	1.697500e-08	4.953256e-01	4.953150e-01	3.149732e-12	
365	1.702500e-08	4.953256e-01	4.953150e-01	3.149651e-12	
366	1.707500e-08	4.953256e-01	4.953150e-01	3.149580e-12	
367	1.712500e-08	4.953256e-01	4.953149e-01	3.149499e-12	
368	1.717500e-08	4.953256e-01	4.953149e-01	3.149428e-12	
369	1.722500e-08	4.953256e-01	4.953149e-01	3.149347e-12	
370	1.727500e-08	4.953256e-01	4.953149e-01	3.149275e-12	
371	1.732500e-08	4.953256e-01	4.953149e-01	3.149195e-12	
372	1.737500e-08	4.953256e-01	4.953149e-01	3.149123e-12	
373	1.742500e-08	4.953256e-01	4.953149e-01	3.149043e-12	
374	1.747500e-08	4.953256e-01	4.953149e-01	3.148971e-12	
375	1.752500e-08	4.953256e-01	4.953149e-01	3.148891e-12	
376	1.757500e-08	4.953256e-01	4.953149e-01	3.148819e-12	
377	1.762500e-08	4.953255e-01	4.953149e-01	3.148738e-12	
378	1.767500e-08	4.953255e-01	4.953149e-01	3.148667e-12	
379	1.772500e-08	4.953255e-01	4.953149e-01	3.148586e-12	
380	1.777500e-08	4.953255e-01	4.953149e-01	3.148515e-12	
381	1.782500e-08	4.953255e-01	4.953148e-01	3.148434e-12	
382	1.787500e-08	4.953255e-01	4.953148e-01	3.148363e-12	
383	1.792500e-08	4.953255e-01	4.953148e-01	3.148282e-12	
384	1.797500e-08	4.953255e-01	4.953148e-01	3.148211e-12	
385	1.802500e-08	4.953255e-01	4.953148e-01	3.148130e-12	
386	1.807500e-08	4.953255e-01	4.953148e-01	3.148058e-12	
387	1.812500e-08	4.953255e-01	4.953148e-01	3.147978e-12	
388	1.817500e-08	4.953255e-01	4.953148e-01	3.147906e-12	
389	1.822500e-08	4.953254e-01	4.953148e-01	3.147826e-12	
390	1.827500e-08	4.953254e-01	4.953148e-01	3.147754e-12	
391	1.832500e-08	4.953254e-01	4.953148e-01	3.147674e-12	
392	1.837500e-08	4.953254e-01	4.953148e-01	3.147602e-12	
393	1.842500e-08	4.953254e-01	4.953148e-01	3.147522e-12	
394	1.847500e-08	4.953254e-01	4.953147e-01	3.147450e-12	
395	1.852500e-08	4.953254e-01	4.953147e-01	3.147370e-12	
396	1.857500e-08	4.953254e-01	4.953147e-01	3.147298e-12	
397	1.862500e-08	4.953254e-01	4.953147e-01	3.147218e-12	
398	1.867500e-08	4.953254e-01	4.953147e-01	3.147146e-12	
399	1.872500e-08	4.953254e-01	4.953147e-01	3.147066e-12	
400	1.877500e-08	4.953254e-01	4.953147e-01	3.146994e-12	
401	1.882500e-08	4.953254e-01	4.953147e-01	3.146914e-12	
402	1.887500e-08	4.953253e-01	4.953147e-01	3.146842e-12	

Index   time            v(cell)         v(bl)           vpre#branch     
--------------------------------------------------------------------------------
403	1.892500e-08	4.953253e-01	4.953147e-01	3.146762e-12	
404	1.897500e-08	4.953253e-01	4.953147e-01	3.146690e-12	
405	1.902500e-08	4.953253e-01	4.953147e-01	3.146610e-12	
406	1.907500e-08	4.953253e-01	4.953147e-01	3.146538e-12	
407	1.912500e-08	4.953253e-01	4.953146e-01	3.146458e-12	
408	1.917500e-08	4.953253e-01	4.953146e-01	3.146386e-12	
409	1.922500e-08	4.953253e-01	4.953146e-01	3.146306e-12	
410	1.927500e-08	4.953253e-01	4.953146e-01	3.146234e-12	
411	1.932500e-08	4.953253e-01	4.953146e-01	3.146154e-12	
412	1.937500e-08	4.953253e-01	4.953146e-01	3.146082e-12	
413	1.942500e-08	4.953253e-01	4.953146e-01	3.146002e-12	
414	1.947500e-08	4.953253e-01	4.953146e-01	3.145930e-12	
415	1.952500e-08	4.953252e-01	4.953146e-01	3.145850e-12	
416	1.957500e-08	4.953252e-01	4.953146e-01	3.145778e-12	
417	1.962500e-08	4.953252e-01	4.953146e-01	3.145698e-12	
418	1.967500e-08	4.953252e-01	4.953146e-01	3.145626e-12	
419	1.972500e-08	4.953252e-01	4.953146e-01	3.145546e-12	
420	1.977500e-08	4.953252e-01	4.953145e-01	3.145474e-12	
421	1.982500e-08	4.953252e-01	4.953145e-01	3.145394e-12	
422	1.987500e-08	4.953252e-01	4.953145e-01	3.145322e-12	
423	1.992500e-08	4.953252e-01	4.953145e-01	3.145242e-12	
424	1.997500e-08	4.953252e-01	4.953145e-01	3.145170e-12	
425	2.002500e-08	4.953252e-01	4.953145e-01	3.145090e-12	
426	2.007500e-08	4.953252e-01	4.953145e-01	3.145018e-12	
427	2.012500e-08	4.953251e-01	4.953145e-01	3.144938e-12	
428	2.017500e-08	4.953251e-01	4.953145e-01	3.144866e-12	
429	2.022500e-08	4.953251e-01	4.953145e-01	3.144786e-12	
430	2.027500e-08	4.953251e-01	4.953145e-01	3.144714e-12	
431	2.032500e-08	4.953251e-01	4.953145e-01	3.144634e-12	
432	2.037500e-08	4.953251e-01	4.953145e-01	3.144562e-12	
433	2.042500e-08	4.953251e-01	4.953144e-01	3.144482e-12	
434	2.047500e-08	4.953251e-01	4.953144e-01	3.144410e-12	
435	2.052500e-08	4.953251e-01	4.953144e-01	3.144330e-12	
436	2.057500e-08	4.953251e-01	4.953144e-01	3.144258e-12	
437	2.062500e-08	4.953251e-01	4.953144e-01	3.144178e-12	
438	2.067500e-08	4.953251e-01	4.953144e-01	3.144106e-12	
439	2.072500e-08	4.953251e-01	4.953144e-01	3.144027e-12	
440	2.077500e-08	4.953250e-01	4.953144e-01	3.143955e-12	
441	2.082500e-08	4.953250e-01	4.953144e-01	3.143875e-12	
442	2.087500e-08	4.953250e-01	4.953144e-01	3.143803e-12	
443	2.092500e-08	4.953250e-01	4.953144e-01	3.143723e-12	
444	2.097500e-08	4.953250e-01	4.953144e-01	3.143651e-12	
445	2.102500e-08	4.953250e-01	4.953144e-01	3.143571e-12	
446	2.107500e-08	4.953250e-01	4.953143e-01	3.143499e-12	
447	2.112500e-08	4.953250e-01	4.953143e-01	3.143419e-12	
448	2.117500e-08	4.953250e-01	4.953143e-01	3.143347e-12	
449	2.122500e-08	4.953250e-01	4.953143e-01	3.143267e-12	
450	2.127500e-08	4.953250e-01	4.953143e-01	3.143195e-12	
451	2.132500e-08	4.953250e-01	4.953143e-01	3.143115e-12	
452	2.137500e-08	4.953250e-01	4.953143e-01	3.143043e-12	
453	2.142500e-08	4.953249e-01	4.953143e-01	3.142964e-12	
454	2.147500e-08	4.953249e-01	4.953143e-01	3.142891e-12	
455	2.152500e-08	4.953249e-01	4.953143e-01	3.142812e-12	
456	2.157500e-08	4.953249e-01	4.953143e-01	3.142740e-12	
457	2.162500e-08	4.953249e-01	4.953143e-01	3.142660e-12	
458	2.167500e-08	4.953249e-01	4.953143e-01	3.142588e-12	
459	2.172500e-08	4.953249e-01	4.953143e-01	3.142508e-12	
460	2.177500e-08	4.953249e-01	4.953142e-01	3.142436e-12	

Index   time            v(cell)         v(bl)           vpre#branch     
--------------------------------------------------------------------------------
461	2.182500e-08	4.953249e-01	4.953142e-01	3.142356e-12	
462	2.187500e-08	4.953249e-01	4.953142e-01	3.142284e-12	
463	2.192500e-08	4.953249e-01	4.953142e-01	3.142205e-12	
464	2.196250e-08	4.953249e-01	4.953142e-01	3.142151e-12	
465	2.200000e-08	4.953249e-01	4.953142e-01	3.142091e-12	
466	2.200500e-08	4.953227e-01	4.909739e-01	-4.02613e-11	
467	2.201500e-08	4.953182e-01	4.825298e-01	-1.24702e-10	
468	2.203500e-08	4.953091e-01	4.663981e-01	-2.86019e-10	
469	2.207500e-08	4.952909e-01	4.352004e-01	-5.97996e-10	
470	2.212500e-08	4.952685e-01	3.973981e-01	-9.76019e-10	
471	2.217500e-08	4.952467e-01	3.606827e-01	-1.34317e-09	
472	2.222500e-08	4.952253e-01	3.250644e-01	-1.69936e-09	
473	2.227500e-08	4.952043e-01	2.906049e-01	-2.04395e-09	
474	2.232500e-08	4.951837e-01	2.573997e-01	-2.37600e-09	
475	2.237500e-08	4.951634e-01	2.255401e-01	-2.69460e-09	
476	2.242500e-08	4.951433e-01	1.951013e-01	-2.99899e-09	
477	2.247500e-08	4.951233e-01	1.661343e-01	-3.28866e-09	
478	2.252500e-08	4.951034e-01	1.386634e-01	-3.56337e-09	
479	2.257500e-08	4.950837e-01	1.126653e-01	-3.82335e-09	
480	2.262500e-08	4.950639e-01	8.812190e-02	-4.06878e-09	
481	2.267500e-08	4.950442e-01	6.501534e-02	-4.29985e-09	
482	2.272500e-08	4.950246e-01	4.328417e-02	-4.51716e-09	
483	2.277500e-08	4.950049e-01	2.286016e-02	-4.72140e-09	
484	2.282500e-08	4.949852e-01	3.672403e-03	-4.91328e-09	
485	2.287500e-08	4.949656e-01	-1.43498e-02	-5.09350e-09	
486	2.292500e-08	4.949459e-01	-3.12750e-02	-5.26275e-09	
487	2.296250e-08	4.949311e-01	-4.32870e-02	-5.38287e-09	
488	2.300000e-08	4.949164e-01	-5.47456e-02	-5.49746e-09	
489	2.300500e-08	4.949164e-01	-5.13092e-02	-5.46309e-09	
490	2.301500e-08	4.949164e-01	-4.44794e-02	-5.39479e-09	
491	2.303500e-08	4.949164e-01	-3.10743e-02	-5.26074e-09	
492	2.307500e-08	4.949164e-01	-5.25134e-03	-5.00251e-09	
493	2.312500e-08	4.949164e-01	2.525563e-02	-4.69744e-09	
494	2.317500e-08	4.949164e-01	5.390215e-02	-4.41098e-09	
495	2.322500e-08	4.949164e-01	8.080170e-02	-4.14198e-09	
496	2.327500e-08	4.949164e-01	1.060608e-01	-3.88939e-09	
497	2.332500e-08	4.949164e-01	1.297796e-01	-3.65220e-09	
498	2.337500e-08	4.949164e-01	1.520519e-01	-3.42948e-09	
499	2.342500e-08	4.949164e-01	1.729659e-01	-3.22034e-09	
500	2.347500e-08	4.949164e-01	1.926046e-01	-3.02395e-09	
501	2.352500e-08	4.949164e-01	2.110456e-01	-2.83954e-09	
502	2.357500e-08	4.949164e-01	2.283621e-01	-2.66638e-09	
503	2.362500e-08	4.949164e-01	2.446225e-01	-2.50378e-09	
504	2.367500e-08	4.949164e-01	2.598913e-01	-2.35109e-09	
505	2.372500e-08	4.949164e-01	2.742290e-01	-2.20771e-09	
506	2.377500e-08	4.949164e-01	2.876923e-01	-2.07308e-09	
507	2.382500e-08	4.949164e-01	3.003346e-01	-1.94665e-09	
508	2.387500e-08	4.949164e-01	3.122059e-01	-1.82794e-09	
509	2.392500e-08	4.949164e-01	3.233533e-01	-1.71647e-09	
510	2.397500e-08	4.949164e-01	3.338208e-01	-1.61179e-09	
511	2.402500e-08	4.949164e-01	3.436500e-01	-1.51350e-09	
512	2.407500e-08	4.949164e-01	3.528798e-01	-1.42120e-09	
513	2.412500e-08	4.949164e-01	3.615468e-01	-1.33453e-09	
514	2.417500e-08	4.949164e-01	3.696852e-01	-1.25315e-09	
515	2.422500e-08	4.949164e-01	3.773273e-01	-1.17673e-09	
516	2.427500e-08	4.949164e-01	3.845033e-01	-1.10497e-09	
517	2.432500e-08	4.949164e-01	3.912418e-01	-1.03758e-09	
518	2.437500e-08	4.949164e-01	3.975693e-01	-9.74307e-10	

Index   time            v(cell)         v(bl)           vpre#branch     
--------------------------------------------------------------------------------
519	2.442500e-08	4.949164e-01	4.035109e-01	-9.14891e-10	
520	2.447500e-08	4.949164e-01	4.090902e-01	-8.59098e-10	
521	2.452500e-08	4.949164e-01	4.143292e-01	-8.06708e-10	
522	2.457500e-08	4.949164e-01	4.192488e-01	-7.57512e-10	
523	2.462500e-08	4.949164e-01	4.238684e-01	-7.11316e-10	
524	2.467500e-08	4.949164e-01	4.282062e-01	-6.67938e-10	
525	2.472500e-08	4.949164e-01	4.322795e-01	-6.27205e-10	
526	2.477500e-08	4.949164e-01	4.361044e-01	-5.88956e-10	
527	2.482500e-08	4.949164e-01	4.396960e-01	-5.53040e-10	
528	2.487500e-08	4.949164e-01	4.430686e-01	-5.19314e-10	
529	2.492500e-08	4.949164e-01	4.462356e-01	-4.87644e-10	
530	2.497500e-08	4.949164e-01	4.492094e-01	-4.57906e-10	
531	2.502500e-08	4.949164e-01	4.520018e-01	-4.29982e-10	
532	2.507500e-08	4.949164e-01	4.546240e-01	-4.03760e-10	
533	2.512500e-08	4.949164e-01	4.570863e-01	-3.79137e-10	
534	2.517500e-08	4.949164e-01	4.593984e-01	-3.56016e-10	
535	2.522500e-08	4.949164e-01	4.615695e-01	-3.34305e-10	
536	2.527500e-08	4.949164e-01	4.636082e-01	-3.13918e-10	
537	2.532500e-08	4.949164e-01	4.655225e-01	-2.94775e-10	
538	2.537500e-08	4.949164e-01	4.673202e-01	-2.76798e-10	
539	2.542500e-08	4.949164e-01	4.690082e-01	-2.59918e-10	
540	2.547500e-08	4.949164e-01	4.705932e-01	-2.44068e-10	
541	2.552500e-08	4.949164e-01	4.720816e-01	-2.29184e-10	
542	2.557500e-08	4.949164e-01	4.734793e-01	-2.15207e-10	
543	2.562500e-08	4.949164e-01	4.747917e-01	-2.02083e-10	
544	2.567500e-08	4.949164e-01	4.760240e-01	-1.89760e-10	
545	2.572500e-08	4.949164e-01	4.771813e-01	-1.78187e-10	
546	2.577500e-08	4.949164e-01	4.782679e-01	-1.67321e-10	
547	2.582500e-08	4.949164e-01	4.792883e-01	-1.57117e-10	
548	2.587500e-08	4.949164e-01	4.802464e-01	-1.47536e-10	
549	2.592500e-08	4.949164e-01	4.811461e-01	-1.38539e-10	
550	2.597500e-08	4.949164e-01	4.819910e-01	-1.30090e-10	
551	2.602500e-08	4.949164e-01	4.827843e-01	-1.22157e-10	
552	2.607500e-08	4.949164e-01	4.835293e-01	-1.14707e-10	
553	2.612500e-08	4.949164e-01	4.842288e-01	-1.07712e-10	
554	2.617500e-08	4.949164e-01	4.848857e-01	-1.01143e-10	
555	2.622500e-08	4.949164e-01	4.855025e-01	-9.49754e-11	
556	2.627500e-08	4.949164e-01	4.860817e-01	-8.91835e-11	
557	2.632500e-08	4.949164e-01	4.866255e-01	-8.37448e-11	
558	2.637500e-08	4.949164e-01	4.871362e-01	-7.86377e-11	
559	2.642500e-08	4.949164e-01	4.876158e-01	-7.38422e-11	
560	2.647500e-08	4.949164e-01	4.880661e-01	-6.93390e-11	
561	2.652500e-08	4.949164e-01	4.884889e-01	-6.51105e-11	
562	2.657500e-08	4.949164e-01	4.888860e-01	-6.11399e-11	
563	2.662500e-08	4.949164e-01	4.892589e-01	-5.74114e-11	
564	2.667500e-08	4.949164e-01	4.896090e-01	-5.39102e-11	
565	2.672500e-08	4.949164e-01	4.899377e-01	-5.06226e-11	
566	2.677500e-08	4.949164e-01	4.902465e-01	-4.75355e-11	
567	2.682500e-08	4.949164e-01	4.905363e-01	-4.46366e-11	
568	2.687500e-08	4.949164e-01	4.908085e-01	-4.19145e-11	
569	2.692500e-08	4.949164e-01	4.910642e-01	-3.93585e-11	
570	2.697500e-08	4.949164e-01	4.913042e-01	-3.69583e-11	
571	2.702500e-08	4.949164e-01	4.915296e-01	-3.47044e-11	
572	2.707500e-08	4.949164e-01	4.917412e-01	-3.25880e-11	
573	2.712500e-08	4.949164e-01	4.919399e-01	-3.06007e-11	
574	2.717500e-08	4.949164e-01	4.921265e-01	-2.87346e-11	
575	2.722500e-08	4.949164e-01	4.923018e-01	-2.69823e-11	
576	2.727500e-08	4.949164e-01	4.924663e-01	-2.53368e-11	

Index   time            v(cell)         v(bl)           vpre#branch     
--------------------------------------------------------------------------------
577	2.732500e-08	4.949164e-01	4.926208e-01	-2.37917e-11	
578	2.737500e-08	4.949164e-01	4.927659e-01	-2.23408e-11	
579	2.742500e-08	4.949164e-01	4.929022e-01	-2.09784e-11	
580	2.747500e-08	4.949164e-01	4.930301e-01	-1.96990e-11	
581	2.752500e-08	4.949164e-01	4.931502e-01	-1.84977e-11	
582	2.757500e-08	4.949164e-01	4.932630e-01	-1.73697e-11	
583	2.762500e-08	4.949164e-01	4.933690e-01	-1.63104e-11	
584	2.767500e-08	4.949164e-01	4.934684e-01	-1.53158e-11	
585	2.772500e-08	4.949164e-01	4.935618e-01	-1.43818e-11	
586	2.777500e-08	4.949164e-01	4.936495e-01	-1.35047e-11	
587	2.782500e-08	4.949164e-01	4.937319e-01	-1.26812e-11	
588	2.787500e-08	4.949164e-01	4.938092e-01	-1.19078e-11	
589	2.792500e-08	4.949164e-01	4.938818e-01	-1.11816e-11	
590	2.797500e-08	4.949164e-01	4.939500e-01	-1.04998e-11	
591	2.802500e-08	4.949164e-01	4.940141e-01	-9.85944e-12	
592	2.807500e-08	4.949164e-01	4.940742e-01	-9.25818e-12	
593	2.812500e-08	4.949164e-01	4.941306e-01	-8.69359e-12	
594	2.817500e-08	4.949164e-01	4.941837e-01	-8.16343e-12	
595	2.822500e-08	4.949164e-01	4.942334e-01	-7.66559e-12	
596	2.827500e-08	4.949164e-01	4.942802e-01	-7.19812e-12	
597	2.832500e-08	4.949164e-01	4.943241e-01	-6.75916e-12	
598	2.837500e-08	4.949164e-01	4.943653e-01	-6.34696e-12	
599	2.842500e-08	4.949164e-01	4.944040e-01	-5.95991e-12	
600	2.847500e-08	4.949164e-01	4.944404e-01	-5.59645e-12	
601	2.852500e-08	4.949164e-01	4.944745e-01	-5.25516e-12	
602	2.857500e-08	4.949164e-01	4.945065e-01	-4.93469e-12	
603	2.862500e-08	4.949164e-01	4.945366e-01	-4.63375e-12	
604	2.867500e-08	4.949164e-01	4.945649e-01	-4.35117e-12	
605	2.872500e-08	4.949164e-01	4.945914e-01	-4.08582e-12	
606	2.877500e-08	4.949164e-01	4.946163e-01	-3.83666e-12	
607	2.882500e-08	4.949164e-01	4.946397e-01	-3.60269e-12	
608	2.887500e-08	4.949164e-01	4.946617e-01	-3.38298e-12	
609	2.892500e-08	4.949164e-01	4.946823e-01	-3.17668e-12	
610	2.897500e-08	4.949164e-01	4.947017e-01	-2.98295e-12	
611	2.902500e-08	4.949164e-01	4.947199e-01	-2.80104e-12	
612	2.907500e-08	4.949164e-01	4.947370e-01	-2.63023e-12	
613	2.912500e-08	4.949164e-01	4.947530e-01	-2.46983e-12	
614	2.917500e-08	4.949164e-01	4.947681e-01	-2.31921e-12	
615	2.922500e-08	4.949164e-01	4.947822e-01	-2.17778e-12	
616	2.927500e-08	4.949164e-01	4.947955e-01	-2.04497e-12	
617	2.932500e-08	4.949164e-01	4.948080e-01	-1.92026e-12	
618	2.937500e-08	4.949164e-01	4.948197e-01	-1.80316e-12	
619	2.942500e-08	4.949164e-01	4.948307e-01	-1.69319e-12	
620	2.947500e-08	4.949164e-01	4.948410e-01	-1.58994e-12	
621	2.952500e-08	4.949164e-01	4.948507e-01	-1.49298e-12	
622	2.957500e-08	4.949164e-01	4.948598e-01	-1.40193e-12	
623	2.962500e-08	4.949164e-01	4.948684e-01	-1.31644e-12	
624	2.967500e-08	4.949164e-01	4.948764e-01	-1.23616e-12	
625	2.972500e-08	4.949164e-01	4.948839e-01	-1.16077e-12	
626	2.977500e-08	4.949164e-01	4.948910e-01	-1.08998e-12	
627	2.982500e-08	4.949164e-01	4.948976e-01	-1.02351e-12	
628	2.987500e-08	4.949164e-01	4.949039e-01	-9.61097e-13	
629	2.992500e-08	4.949164e-01	4.949098e-01	-9.02486e-13	
630	2.997500e-08	4.949164e-01	4.949153e-01	-8.47450e-13	
631	3.002500e-08	4.949164e-01	4.949204e-01	-7.95770e-13	
632	3.007500e-08	4.949164e-01	4.949253e-01	-7.47241e-13	
633	3.012500e-08	4.949164e-01	4.949298e-01	-7.01672e-13	
634	3.017500e-08	4.949164e-01	4.949341e-01	-6.58882e-13	

Index   time            v(cell)         v(bl)           vpre#branch     
--------------------------------------------------------------------------------
635	3.022500e-08	4.949164e-01	4.949381e-01	-6.18701e-13	
636	3.027500e-08	4.949164e-01	4.949419e-01	-5.80971e-13	
637	3.032500e-08	4.949164e-01	4.949454e-01	-5.45541e-13	
638	3.037500e-08	4.949164e-01	4.949488e-01	-5.12272e-13	
639	3.042500e-08	4.949164e-01	4.949519e-01	-4.81032e-13	
640	3.047500e-08	4.949164e-01	4.949548e-01	-4.51698e-13	
641	3.052500e-08	4.949164e-01	4.949576e-01	-4.24152e-13	
642	3.057500e-08	4.949164e-01	4.949602e-01	-3.98286e-13	
643	3.062500e-08	4.949164e-01	4.949626e-01	-3.73997e-13	
644	3.067500e-08	4.949164e-01	4.949649e-01	-3.51189e-13	
645	3.072500e-08	4.949164e-01	4.949670e-01	-3.29773e-13	
646	3.077500e-08	4.949164e-01	4.949690e-01	-3.09662e-13	
647	3.082500e-08	4.949164e-01	4.949709e-01	-2.90778e-13	
648	3.087500e-08	4.949164e-01	4.949727e-01	-2.73045e-13	
649	3.092500e-08	4.949164e-01	4.949744e-01	-2.56394e-13	
650	3.097500e-08	4.949164e-01	4.949759e-01	-2.40759e-13	
651	3.102500e-08	4.949164e-01	4.949774e-01	-2.26076e-13	
652	3.107500e-08	4.949164e-01	4.949788e-01	-2.12289e-13	
653	3.112500e-08	4.949164e-01	4.949801e-01	-1.99343e-13	
654	3.117500e-08	4.949164e-01	4.949813e-01	-1.87187e-13	
655	3.122500e-08	4.949164e-01	4.949824e-01	-1.75772e-13	
656	3.127500e-08	4.949164e-01	4.949835e-01	-1.65052e-13	
657	3.132500e-08	4.949164e-01	4.949845e-01	-1.54987e-13	
658	3.137500e-08	4.949164e-01	4.949854e-01	-1.45535e-13	
659	3.142500e-08	4.949164e-01	4.949863e-01	-1.36660e-13	
660	3.147500e-08	4.949164e-01	4.949872e-01	-1.28326e-13	
661	3.152500e-08	4.949164e-01	4.949879e-01	-1.20501e-13	
662	3.157500e-08	4.949164e-01	4.949887e-01	-1.13152e-13	
663	3.162500e-08	4.949164e-01	4.949894e-01	-1.06252e-13	
664	3.167500e-08	4.949164e-01	4.949900e-01	-9.97721e-14	
665	3.172500e-08	4.949164e-01	4.949906e-01	-9.36877e-14	
666	3.177500e-08	4.949164e-01	4.949912e-01	-8.79744e-14	
667	3.182500e-08	4.949164e-01	4.949917e-01	-8.26094e-14	
668	3.187500e-08	4.949164e-01	4.949922e-01	-7.75716e-14	
669	3.192500e-08	4.949164e-01	4.949927e-01	-7.28411e-14	
670	3.197500e-08	4.949164e-01	4.949932e-01	-6.83990e-14	
671	3.202500e-08	4.949164e-01	4.949936e-01	-6.42278e-14	
672	3.207500e-08	4.949164e-01	4.949940e-01	-6.03110e-14	
673	3.212500e-08	4.949164e-01	4.949943e-01	-5.66331e-14	
674	3.217500e-08	4.949164e-01	4.949947e-01	-5.31794e-14	
675	3.222500e-08	4.949164e-01	4.949950e-01	-4.99364e-14	
676	3.227500e-08	4.949164e-01	4.949953e-01	-4.68911e-14	
677	3.232500e-08	4.949164e-01	4.949956e-01	-4.40316e-14	
678	3.237500e-08	4.949164e-01	4.949959e-01	-4.13464e-14	
679	3.242500e-08	4.949164e-01	4.949961e-01	-3.88250e-14	
680	3.247500e-08	4.949164e-01	4.949964e-01	-3.64573e-14	
681	3.252500e-08	4.949164e-01	4.949966e-01	-3.42340e-14	
682	3.257500e-08	4.949164e-01	4.949968e-01	-3.21463e-14	
683	3.262500e-08	4.949164e-01	4.949970e-01	-3.01860e-14	
684	3.267500e-08	4.949164e-01	4.949972e-01	-2.83451e-14	
685	3.272500e-08	4.949164e-01	4.949973e-01	-2.66166e-14	
686	3.277500e-08	4.949164e-01	4.949975e-01	-2.49934e-14	
687	3.282500e-08	4.949164e-01	4.949977e-01	-2.34692e-14	
688	3.287500e-08	4.949164e-01	4.949978e-01	-2.20380e-14	
689	3.292500e-08	4.949164e-01	4.949979e-01	-2.06941e-14	
690	3.297500e-08	4.949164e-01	4.949981e-01	-1.94321e-14	
691	3.302500e-08	4.949164e-01	4.949982e-01	-1.82471e-14	
692	3.307500e-08	4.949164e-01	4.949983e-01	-1.71343e-14	

Index   time            v(cell)         v(bl)           vpre#branch     
--------------------------------------------------------------------------------
693	3.312500e-08	4.949164e-01	4.949984e-01	-1.60894e-14	
694	3.317500e-08	4.949164e-01	4.949985e-01	-1.51083e-14	
695	3.322500e-08	4.949164e-01	4.949986e-01	-1.41869e-14	
696	3.327500e-08	4.949164e-01	4.949987e-01	-1.33218e-14	
697	3.332500e-08	4.949164e-01	4.949987e-01	-1.25094e-14	
698	3.337500e-08	4.949164e-01	4.949988e-01	-1.17465e-14	
699	3.342500e-08	4.949164e-01	4.949989e-01	-1.10302e-14	
700	3.347500e-08	4.949164e-01	4.949990e-01	-1.03575e-14	
701	3.352500e-08	4.949164e-01	4.949990e-01	-9.72592e-15	
702	3.357500e-08	4.949164e-01	4.949991e-01	-9.13281e-15	
703	3.362500e-08	4.949164e-01	4.949991e-01	-8.57588e-15	
704	3.367500e-08	4.949164e-01	4.949992e-01	-8.05290e-15	
705	3.372500e-08	4.949164e-01	4.949992e-01	-7.56182e-15	
706	3.377500e-08	4.949164e-01	4.949993e-01	-7.10069e-15	
707	3.382500e-08	4.949164e-01	4.949993e-01	-6.66768e-15	
708	3.387500e-08	4.949164e-01	4.949994e-01	-6.26107e-15	
709	3.392500e-08	4.949164e-01	4.949994e-01	-5.87926e-15	
710	3.397500e-08	4.949164e-01	4.949994e-01	-5.52074e-15	
711	3.402500e-08	4.949164e-01	4.949995e-01	-5.18407e-15	
712	3.407500e-08	4.949164e-01	4.949995e-01	-4.86794e-15	
713	3.412500e-08	4.949164e-01	4.949995e-01	-4.57109e-15	
714	3.417500e-08	4.949164e-01	4.949996e-01	-4.29234e-15	
715	3.422500e-08	4.949164e-01	4.949996e-01	-4.03059e-15	
716	3.427500e-08	4.949164e-01	4.949996e-01	-3.78480e-15	
717	3.432500e-08	4.949164e-01	4.949996e-01	-3.55400e-15	
718	3.437500e-08	4.949164e-01	4.949997e-01	-3.33728e-15	
719	3.442500e-08	4.949164e-01	4.949997e-01	-3.13377e-15	
720	3.447500e-08	4.949164e-01	4.949997e-01	-2.94267e-15	
721	3.452500e-08	4.949164e-01	4.949997e-01	-2.76323e-15	
722	3.457500e-08	4.949164e-01	4.949997e-01	-2.59473e-15	
723	3.462500e-08	4.949164e-01	4.949998e-01	-2.43650e-15	
724	3.467500e-08	4.949164e-01	4.949998e-01	-2.28793e-15	
725	3.472500e-08	4.949164e-01	4.949998e-01	-2.14841e-15	
726	3.477500e-08	4.949164e-01	4.949998e-01	-2.01741e-15	
727	3.482500e-08	4.949164e-01	4.949998e-01	-1.89439e-15	
728	3.487500e-08	4.949164e-01	4.949998e-01	-1.77887e-15	
729	3.492500e-08	4.949164e-01	4.949998e-01	-1.67040e-15	
730	3.497500e-08	4.949164e-01	4.949998e-01	-1.56855e-15	
731	3.502500e-08	4.949164e-01	4.949999e-01	-1.47290e-15	
732	3.507500e-08	4.949164e-01	4.949999e-01	-1.38309e-15	
733	3.512500e-08	4.949164e-01	4.949999e-01	-1.29875e-15	
734	3.517500e-08	4.949164e-01	4.949999e-01	-1.21956e-15	
735	3.522500e-08	4.949164e-01	4.949999e-01	-1.14520e-15	
736	3.527500e-08	4.949164e-01	4.949999e-01	-1.07537e-15	
737	3.532500e-08	4.949164e-01	4.949999e-01	-1.00980e-15	
738	3.537500e-08	4.949164e-01	4.949999e-01	-9.48230e-16	
739	3.542500e-08	4.949164e-01	4.949999e-01	-8.90415e-16	
740	3.547500e-08	4.949164e-01	4.949999e-01	-8.36125e-16	
741	3.552500e-08	4.949164e-01	4.949999e-01	-7.85147e-16	
742	3.557500e-08	4.949164e-01	4.949999e-01	-7.37276e-16	
743	3.562500e-08	4.949164e-01	4.949999e-01	-6.92324e-16	
744	3.567500e-08	4.949164e-01	4.949999e-01	-6.50113e-16	
745	3.572500e-08	4.949164e-01	4.949999e-01	-6.10478e-16	
746	3.577500e-08	4.949164e-01	4.949999e-01	-5.73259e-16	
747	3.582500e-08	4.949164e-01	4.949999e-01	-5.38309e-16	
748	3.587500e-08	4.949164e-01	4.949999e-01	-5.05491e-16	
749	3.592500e-08	4.949164e-01	4.950000e-01	-4.74675e-16	
750	3.597500e-08	4.949164e-01	4.950000e-01	-4.45738e-16	

Index   time            v(cell)         v(bl)           vpre#branch     
--------------------------------------------------------------------------------
751	3.602500e-08	4.949164e-01	4.950000e-01	-4.18564e-16	
752	3.607500e-08	4.949164e-01	4.950000e-01	-3.93049e-16	
753	3.612500e-08	4.949164e-01	4.950000e-01	-3.69091e-16	
754	3.617500e-08	4.949164e-01	4.950000e-01	-3.46594e-16	
755	3.622500e-08	4.949164e-01	4.950000e-01	-3.25467e-16	
756	3.627500e-08	4.949164e-01	4.950000e-01	-3.05629e-16	
757	3.632500e-08	4.949164e-01	4.950000e-01	-2.87001e-16	
758	3.637500e-08	4.949164e-01	4.950000e-01	-2.69510e-16	
759	3.642500e-08	4.949164e-01	4.950000e-01	-2.53084e-16	
760	3.647500e-08	4.949164e-01	4.950000e-01	-2.37660e-16	
761	3.652500e-08	4.949164e-01	4.950000e-01	-2.23177e-16	
762	3.657500e-08	4.949164e-01	4.950000e-01	-2.09578e-16	
763	3.662500e-08	4.949164e-01	4.950000e-01	-1.96807e-16	
764	3.667500e-08	4.949164e-01	4.950000e-01	-1.84815e-16	
765	3.672500e-08	4.949164e-01	4.950000e-01	-1.73555e-16	
766	3.677500e-08	4.949164e-01	4.950000e-01	-1.62981e-16	
767	3.682500e-08	4.949164e-01	4.950000e-01	-1.53053e-16	
768	3.687500e-08	4.949164e-01	4.950000e-01	-1.43730e-16	
769	3.692500e-08	4.949164e-01	4.950000e-01	-1.34974e-16	
770	3.697500e-08	4.949164e-01	4.950000e-01	-1.26753e-16	
771	3.702500e-08	4.949164e-01	4.950000e-01	-1.19033e-16	
772	3.707500e-08	4.949164e-01	4.950000e-01	-1.11785e-16	
773	3.712500e-08	4.949164e-01	4.950000e-01	-1.04979e-16	
774	3.717500e-08	4.949164e-01	4.950000e-01	-9.85877e-17	
775	3.722500e-08	4.949164e-01	4.950000e-01	-9.25857e-17	
776	3.727500e-08	4.949164e-01	4.950000e-01	-8.69498e-17	
777	3.732500e-08	4.949164e-01	4.950000e-01	-8.16575e-17	
778	3.737500e-08	4.949164e-01	4.950000e-01	-7.66880e-17	
779	3.742500e-08	4.949164e-01	4.950000e-01	-7.20223e-17	
780	3.747500e-08	4.949164e-01	4.950000e-01	-6.76412e-17	
781	3.752500e-08	4.949164e-01	4.950000e-01	-6.35273e-17	
782	3.757500e-08	4.949164e-01	4.950000e-01	-5.96642e-17	
783	3.762500e-08	4.949164e-01	4.950000e-01	-5.60367e-17	
784	3.767500e-08	4.949164e-01	4.950000e-01	-5.26296e-17	
785	3.772500e-08	4.949164e-01	4.950000e-01	-4.94295e-17	
786	3.777500e-08	4.949164e-01	4.950000e-01	-4.64253e-17	
787	3.782500e-08	4.949164e-01	4.950000e-01	-4.36043e-17	
788	3.787500e-08	4.949164e-01	4.950000e-01	-4.09554e-17	
789	3.792500e-08	4.949164e-01	4.950000e-01	-3.84689e-17	
790	3.797500e-08	4.949164e-01	4.950000e-01	-3.61339e-17	
791	3.802500e-08	4.949164e-01	4.950000e-01	-3.39406e-17	
792	3.807500e-08	4.949164e-01	4.950000e-01	-3.18801e-17	
793	3.812500e-08	4.949164e-01	4.950000e-01	-2.99454e-17	
794	3.817500e-08	4.949164e-01	4.950000e-01	-2.81294e-17	
795	3.822500e-08	4.949164e-01	4.950000e-01	-2.64242e-17	
796	3.827500e-08	4.949164e-01	4.950000e-01	-2.48221e-17	
797	3.832500e-08	4.949164e-01	4.950000e-01	-2.33186e-17	
798	3.837500e-08	4.949164e-01	4.950000e-01	-2.19068e-17	
799	3.842500e-08	4.949164e-01	4.950000e-01	-2.05802e-17	
800	3.847500e-08	4.949164e-01	4.950000e-01	-1.93345e-17	
801	3.852500e-08	4.949164e-01	4.950000e-01	-1.81648e-17	
802	3.857500e-08	4.949164e-01	4.950000e-01	-1.70665e-17	
803	3.862500e-08	4.949164e-01	4.950000e-01	-1.60359e-17	
804	3.867500e-08	4.949164e-01	4.950000e-01	-1.50682e-17	
805	3.872500e-08	4.949164e-01	4.950000e-01	-1.41586e-17	
806	3.877500e-08	4.949164e-01	4.950000e-01	-1.33046e-17	
807	3.882500e-08	4.949164e-01	4.950000e-01	-1.25026e-17	
808	3.887500e-08	4.949164e-01	4.950000e-01	-1.17495e-17	

Index   time            v(cell)         v(bl)           vpre#branch     
--------------------------------------------------------------------------------
809	3.892500e-08	4.949164e-01	4.950000e-01	-1.10424e-17	
810	3.897500e-08	4.949164e-01	4.950000e-01	-1.03784e-17	
811	3.902500e-08	4.949164e-01	4.950000e-01	-9.75484e-18	
812	3.907500e-08	4.949164e-01	4.950000e-01	-9.16933e-18	
813	3.912500e-08	4.949164e-01	4.950000e-01	-8.61953e-18	
814	3.917500e-08	4.949164e-01	4.950000e-01	-8.10409e-18	
815	3.922500e-08	4.949164e-01	4.950000e-01	-7.62008e-18	
816	3.927500e-08	4.949164e-01	4.950000e-01	-7.16475e-18	
817	3.932500e-08	4.949164e-01	4.950000e-01	-6.73720e-18	
818	3.937500e-08	4.949164e-01	4.950000e-01	-6.33572e-18	
819	3.942500e-08	4.949164e-01	4.950000e-01	-5.95873e-18	
820	3.947500e-08	4.949164e-01	4.950000e-01	-5.60472e-18	
821	3.952500e-08	4.949164e-01	4.950000e-01	-5.27313e-18	
822	3.957500e-08	4.949164e-01	4.950000e-01	-4.96259e-18	
823	3.962500e-08	4.949164e-01	4.950000e-01	-4.67098e-18	
824	3.967500e-08	4.949164e-01	4.950000e-01	-4.39634e-18	
825	3.972500e-08	4.949164e-01	4.950000e-01	-4.13844e-18	
826	3.977500e-08	4.949164e-01	4.950000e-01	-3.89626e-18	
827	3.982500e-08	4.949164e-01	4.950000e-01	-3.66803e-18	
828	3.987500e-08	4.949164e-01	4.950000e-01	-3.45455e-18	
829	3.992500e-08	4.949164e-01	4.950000e-01	-3.25408e-18	
830	3.996250e-08	4.949164e-01	4.950000e-01	-3.11124e-18	
831	4.000000e-08	4.949164e-01	4.950000e-01	-2.97484e-18	


Total analysis time (seconds) = 0.0529698

Total elapsed time (seconds) = 0.061 

Total DRAM available = 386307.215 MB.
DRAM currently available = 8838.098 MB.
Maximum ngspice program size =  529.723 MB.
Current ngspice program size =   14.070 MB.

Shared ngspice pages =   12.250 MB.
Text (code) pages =    6.266 MB.
Stack = 0 bytes.
Library pages =   59.141 MB.

