
Note: No compatibility mode selected!


Circuit: * wl switching transient

Doing analysis at TEMP = -40.000000 and TNOM = 27.000000

Using SPARSE 1.3 as Direct Linear Solver

Initial Transient Solution
--------------------------

Node                                   Voltage
----                                   -------
d                                         0.45
g                                            0
s                                            0
vg#branch                                    0
vd#branch                         -2.71457e-17
vs#branch                          2.71253e-17


No. of Data Rows : 217
                            * wl switching transient
                            Transient Analysis  Wed Jun 24 01:10:32  2026
--------------------------------------------------------------------------------
Index   time            v(g)            vg#branch       
--------------------------------------------------------------------------------
0	0.000000e+00	0.000000e+00	0.000000e+00	
1	1.000000e-12	0.000000e+00	4.775931e-22	
2	2.000000e-12	0.000000e+00	4.775931e-22	
3	4.000000e-12	0.000000e+00	4.775931e-22	
4	8.000000e-12	0.000000e+00	2.387966e-22	
5	1.600000e-11	0.000000e+00	3.311565e-22	
6	3.200000e-11	0.000000e+00	-1.52059e-22	
7	6.400000e-11	0.000000e+00	5.631935e-23	
8	1.280000e-10	0.000000e+00	1.492479e-23	
9	2.280000e-10	0.000000e+00	1.961038e-23	
10	3.280000e-10	0.000000e+00	1.961038e-23	
11	4.280000e-10	0.000000e+00	1.961038e-23	
12	5.280000e-10	0.000000e+00	1.961038e-23	
13	6.280000e-10	0.000000e+00	1.961038e-23	
14	7.280000e-10	0.000000e+00	1.961038e-23	
15	8.280000e-10	0.000000e+00	1.961038e-23	
16	9.140000e-10	0.000000e+00	1.510806e-23	
17	1.000000e-09	0.000000e+00	-1.13617e-23	
18	1.010000e-09	9.000000e-03	-1.42589e-08	
19	1.030000e-09	2.700000e-02	-1.43559e-08	
20	1.070000e-09	6.300000e-02	-1.42594e-08	
21	1.150000e-09	1.350000e-01	-1.43557e-08	
22	1.250000e-09	2.250000e-01	-1.42596e-08	
23	1.350000e-09	3.150000e-01	-1.43555e-08	
24	1.450000e-09	4.050000e-01	-1.42597e-08	
25	1.550000e-09	4.950000e-01	-1.43565e-08	
26	1.650000e-09	5.850000e-01	-1.42788e-08	
27	1.750000e-09	6.750000e-01	-1.46437e-08	
28	1.850000e-09	7.650000e-01	-1.61340e-08	
29	1.925000e-09	8.325000e-01	-1.69752e-08	
30	2.000000e-09	9.000000e-01	-1.72572e-08	
31	2.010000e-09	9.000000e-01	-7.15269e-11	
32	2.030000e-09	9.000000e-01	7.092960e-11	
33	2.070000e-09	9.000000e-01	-7.06327e-11	
34	2.150000e-09	9.000000e-01	7.048465e-11	
35	2.250000e-09	9.000000e-01	-7.03665e-11	
36	2.350000e-09	9.000000e-01	7.024850e-11	
37	2.450000e-09	9.000000e-01	-7.01307e-11	
38	2.550000e-09	9.000000e-01	7.001314e-11	
39	2.650000e-09	9.000000e-01	-6.98958e-11	
40	2.750000e-09	9.000000e-01	6.977857e-11	
41	2.850000e-09	9.000000e-01	-6.96616e-11	
42	2.950000e-09	9.000000e-01	6.954480e-11	
43	3.050000e-09	9.000000e-01	-6.94282e-11	
44	3.150000e-09	9.000000e-01	6.931181e-11	
45	3.250000e-09	9.000000e-01	-6.91956e-11	
46	3.350000e-09	9.000000e-01	6.907961e-11	
47	3.450000e-09	9.000000e-01	-6.89638e-11	
48	3.550000e-09	9.000000e-01	6.884820e-11	
49	3.650000e-09	9.000000e-01	-6.87328e-11	
50	3.750000e-09	9.000000e-01	6.861756e-11	
51	3.850000e-09	9.000000e-01	-6.85025e-11	
52	3.950000e-09	9.000000e-01	6.838770e-11	
53	4.050000e-09	9.000000e-01	-6.82731e-11	
54	4.150000e-09	9.000000e-01	6.815862e-11	

Index   time            v(g)            vg#branch       
--------------------------------------------------------------------------------
55	4.250000e-09	9.000000e-01	-6.80444e-11	
56	4.350000e-09	9.000000e-01	6.793031e-11	
57	4.450000e-09	9.000000e-01	-6.78164e-11	
58	4.550000e-09	9.000000e-01	6.770277e-11	
59	4.650000e-09	9.000000e-01	-6.75893e-11	
60	4.750000e-09	9.000000e-01	6.747600e-11	
61	4.850000e-09	9.000000e-01	-6.73629e-11	
62	4.950000e-09	9.000000e-01	6.724999e-11	
63	5.050000e-09	9.000000e-01	-6.71373e-11	
64	5.150000e-09	9.000000e-01	6.702474e-11	
65	5.250000e-09	9.000000e-01	-6.69124e-11	
66	5.350000e-09	9.000000e-01	6.680026e-11	
67	5.450000e-09	9.000000e-01	-6.66883e-11	
68	5.550000e-09	9.000000e-01	6.657653e-11	
69	5.650000e-09	9.000000e-01	-6.64649e-11	
70	5.750000e-09	9.000000e-01	6.635355e-11	
71	5.850000e-09	9.000000e-01	-6.62423e-11	
72	5.950000e-09	9.000000e-01	6.613133e-11	
73	6.050000e-09	9.000000e-01	-6.60205e-11	
74	6.150000e-09	9.000000e-01	6.590986e-11	
75	6.250000e-09	9.000000e-01	-6.57994e-11	
76	6.350000e-09	9.000000e-01	6.568913e-11	
77	6.450000e-09	9.000000e-01	-6.55790e-11	
78	6.550000e-09	9.000000e-01	6.546915e-11	
79	6.650000e-09	9.000000e-01	-6.53594e-11	
80	6.750000e-09	9.000000e-01	6.524991e-11	
81	6.850000e-09	9.000000e-01	-6.51406e-11	
82	6.950000e-09	9.000000e-01	6.503141e-11	
83	7.050000e-09	9.000000e-01	-6.49224e-11	
84	7.150000e-09	9.000000e-01	6.481364e-11	
85	7.250000e-09	9.000000e-01	-6.47050e-11	
86	7.350000e-09	9.000000e-01	6.459661e-11	
87	7.450000e-09	9.000000e-01	-6.44884e-11	
88	7.550000e-09	9.000000e-01	6.438032e-11	
89	7.650000e-09	9.000000e-01	-6.42724e-11	
90	7.750000e-09	9.000000e-01	6.416475e-11	
91	7.850000e-09	9.000000e-01	-6.40572e-11	
92	7.950000e-09	9.000000e-01	6.394990e-11	
93	8.050000e-09	9.000000e-01	-6.38428e-11	
94	8.150000e-09	9.000000e-01	6.373579e-11	
95	8.250000e-09	9.000000e-01	-6.36290e-11	
96	8.350000e-09	9.000000e-01	6.352239e-11	
97	8.450000e-09	9.000000e-01	-6.34160e-11	
98	8.550000e-09	9.000000e-01	6.330971e-11	
99	8.650000e-09	9.000000e-01	-6.32036e-11	
100	8.750000e-09	9.000000e-01	6.309775e-11	
101	8.850000e-09	9.000000e-01	-6.29920e-11	
102	8.950000e-09	9.000000e-01	6.288651e-11	
103	9.050000e-09	9.000000e-01	-6.27812e-11	
104	9.150000e-09	9.000000e-01	6.267597e-11	
105	9.250000e-09	9.000000e-01	-6.25710e-11	
106	9.350000e-09	9.000000e-01	6.246615e-11	
107	9.450000e-09	9.000000e-01	-6.23615e-11	
108	9.550000e-09	9.000000e-01	6.225704e-11	
109	9.650000e-09	9.000000e-01	-6.21527e-11	
110	9.750000e-09	9.000000e-01	6.204862e-11	
111	9.850000e-09	9.000000e-01	-6.19447e-11	
112	9.925000e-09	9.000000e-01	6.180637e-11	

Index   time            v(g)            vg#branch       
--------------------------------------------------------------------------------
113	1.000000e-08	9.000000e-01	-6.16684e-11	
114	1.001000e-08	9.000000e-01	-2.57383e-13	
115	1.003000e-08	9.000000e-01	2.552198e-13	
116	1.007000e-08	9.000000e-01	-2.54145e-13	
117	1.015000e-08	9.000000e-01	2.536093e-13	
118	1.025000e-08	9.000000e-01	-2.53182e-13	
119	1.035000e-08	9.000000e-01	2.527545e-13	
120	1.045000e-08	9.000000e-01	-2.52328e-13	
121	1.055000e-08	9.000000e-01	2.519027e-13	
122	1.065000e-08	9.000000e-01	-2.51478e-13	
123	1.075000e-08	9.000000e-01	2.510537e-13	
124	1.085000e-08	9.000000e-01	-2.50630e-13	
125	1.095000e-08	9.000000e-01	2.502076e-13	
126	1.105000e-08	9.000000e-01	-2.49786e-13	
127	1.115000e-08	9.000000e-01	2.493644e-13	
128	1.125000e-08	9.000000e-01	-2.48944e-13	
129	1.135000e-08	9.000000e-01	2.485241e-13	
130	1.145000e-08	9.000000e-01	-2.48105e-13	
131	1.155000e-08	9.000000e-01	2.476866e-13	
132	1.165000e-08	9.000000e-01	-2.47269e-13	
133	1.175000e-08	9.000000e-01	2.468519e-13	
134	1.185000e-08	9.000000e-01	-2.46436e-13	
135	1.195000e-08	9.000000e-01	2.460201e-13	
136	1.205000e-08	9.000000e-01	-2.45605e-13	
137	1.215000e-08	9.000000e-01	2.451911e-13	
138	1.225000e-08	9.000000e-01	-2.44778e-13	
139	1.235000e-08	9.000000e-01	2.443648e-13	
140	1.245000e-08	9.000000e-01	-2.43953e-13	
141	1.255000e-08	9.000000e-01	2.435414e-13	
142	1.265000e-08	9.000000e-01	-2.43131e-13	
143	1.275000e-08	9.000000e-01	2.427208e-13	
144	1.285000e-08	9.000000e-01	-2.42312e-13	
145	1.295000e-08	9.000000e-01	2.419030e-13	
146	1.305000e-08	9.000000e-01	-2.41495e-13	
147	1.315000e-08	9.000000e-01	2.410879e-13	
148	1.325000e-08	9.000000e-01	-2.40681e-13	
149	1.335000e-08	9.000000e-01	2.402756e-13	
150	1.345000e-08	9.000000e-01	-2.39871e-13	
151	1.355000e-08	9.000000e-01	2.394661e-13	
152	1.365000e-08	9.000000e-01	-2.39062e-13	
153	1.375000e-08	9.000000e-01	2.386593e-13	
154	1.385000e-08	9.000000e-01	-2.38257e-13	
155	1.395000e-08	9.000000e-01	2.378552e-13	
156	1.405000e-08	9.000000e-01	-2.37454e-13	
157	1.415000e-08	9.000000e-01	2.370539e-13	
158	1.425000e-08	9.000000e-01	-2.36654e-13	
159	1.435000e-08	9.000000e-01	2.362552e-13	
160	1.445000e-08	9.000000e-01	-2.35857e-13	
161	1.455000e-08	9.000000e-01	2.354593e-13	
162	1.465000e-08	9.000000e-01	-2.35062e-13	
163	1.475000e-08	9.000000e-01	2.346661e-13	
164	1.485000e-08	9.000000e-01	-2.34270e-13	
165	1.495000e-08	9.000000e-01	2.338755e-13	
166	1.505000e-08	9.000000e-01	-2.33481e-13	
167	1.515000e-08	9.000000e-01	2.330877e-13	
168	1.525000e-08	9.000000e-01	-2.32695e-13	
169	1.535000e-08	9.000000e-01	2.323025e-13	
170	1.545000e-08	9.000000e-01	-2.31911e-13	

Index   time            v(g)            vg#branch       
--------------------------------------------------------------------------------
171	1.555000e-08	9.000000e-01	2.315200e-13	
172	1.565000e-08	9.000000e-01	-2.31130e-13	
173	1.575000e-08	9.000000e-01	2.307401e-13	
174	1.585000e-08	9.000000e-01	-2.30351e-13	
175	1.595000e-08	9.000000e-01	2.299629e-13	
176	1.605000e-08	9.000000e-01	-2.29575e-13	
177	1.615000e-08	9.000000e-01	2.291883e-13	
178	1.625000e-08	9.000000e-01	-2.28802e-13	
179	1.635000e-08	9.000000e-01	2.284163e-13	
180	1.645000e-08	9.000000e-01	-2.28031e-13	
181	1.655000e-08	9.000000e-01	2.276469e-13	
182	1.665000e-08	9.000000e-01	-2.27263e-13	
183	1.675000e-08	9.000000e-01	2.268802e-13	
184	1.685000e-08	9.000000e-01	-2.26498e-13	
185	1.695000e-08	9.000000e-01	2.261160e-13	
186	1.705000e-08	9.000000e-01	-2.25735e-13	
187	1.715000e-08	9.000000e-01	2.253544e-13	
188	1.725000e-08	9.000000e-01	-2.24975e-13	
189	1.735000e-08	9.000000e-01	2.245955e-13	
190	1.745000e-08	9.000000e-01	-2.24217e-13	
191	1.755000e-08	9.000000e-01	2.238390e-13	
192	1.765000e-08	9.000000e-01	-2.23462e-13	
193	1.775000e-08	9.000000e-01	2.230852e-13	
194	1.785000e-08	9.000000e-01	-2.22709e-13	
195	1.795000e-08	9.000000e-01	2.223339e-13	
196	1.805000e-08	9.000000e-01	-2.21959e-13	
197	1.815000e-08	9.000000e-01	2.215851e-13	
198	1.825000e-08	9.000000e-01	-2.21212e-13	
199	1.835000e-08	9.000000e-01	2.208389e-13	
200	1.845000e-08	9.000000e-01	-2.20467e-13	
201	1.855000e-08	9.000000e-01	2.200952e-13	
202	1.865000e-08	9.000000e-01	-2.19724e-13	
203	1.875000e-08	9.000000e-01	2.193541e-13	
204	1.885000e-08	9.000000e-01	-2.18984e-13	
205	1.895000e-08	9.000000e-01	2.186154e-13	
206	1.905000e-08	9.000000e-01	-2.18247e-13	
207	1.915000e-08	9.000000e-01	2.178793e-13	
208	1.925000e-08	9.000000e-01	-2.17512e-13	
209	1.935000e-08	9.000000e-01	2.171456e-13	
210	1.945000e-08	9.000000e-01	-2.16780e-13	
211	1.955000e-08	9.000000e-01	2.164144e-13	
212	1.965000e-08	9.000000e-01	-2.16050e-13	
213	1.975000e-08	9.000000e-01	2.156857e-13	
214	1.985000e-08	9.000000e-01	-2.15322e-13	
215	1.992500e-08	9.000000e-01	2.148387e-13	
216	2.000000e-08	9.000000e-01	-2.14356e-13	


Total analysis time (seconds) = 0.0156837

Total elapsed time (seconds) = 0.022 

Total DRAM available = 386307.215 MB.
DRAM currently available = 8403.781 MB.
Maximum ngspice program size =  529.719 MB.
Current ngspice program size =   14.172 MB.

Shared ngspice pages =   12.414 MB.
Text (code) pages =    6.266 MB.
Stack = 0 bytes.
Library pages =   59.137 MB.

