
Note: No compatibility mode selected!


Circuit: * id-vd sweep vgs=0.9000v

Doing analysis at TEMP = -40.000000 and TNOM = 27.000000

Using SPARSE 1.3 as Direct Linear Solver

No. of Data Rows : 101
                           * id-vd sweep vgs=0.9000v
                           DC transfer characteristic  Tue Jun 23 21:19:04  2026
--------------------------------------------------------------------------------
Index   v-sweep         vd#branch       v(d)            
--------------------------------------------------------------------------------
0	0.000000e+00	0.000000e+00	0.000000e+00	
1	9.000000e-03	-5.23426e-07	9.000000e-03	
2	1.800000e-02	-6.37984e-07	1.800000e-02	
3	2.700000e-02	-6.85258e-07	2.700000e-02	
4	3.600000e-02	-7.15757e-07	3.600000e-02	
5	4.500000e-02	-7.38360e-07	4.500000e-02	
6	5.400000e-02	-7.56432e-07	5.400000e-02	
7	6.300000e-02	-7.71580e-07	6.300000e-02	
8	7.200000e-02	-7.84694e-07	7.200000e-02	
9	8.100000e-02	-7.96992e-07	8.100000e-02	
10	9.000000e-02	-8.07326e-07	9.000000e-02	
11	9.900000e-02	-8.16813e-07	9.900000e-02	
12	1.080000e-01	-8.25609e-07	1.080000e-01	
13	1.170000e-01	-8.33833e-07	1.170000e-01	
14	1.260000e-01	-8.41576e-07	1.260000e-01	
15	1.350000e-01	-8.48907e-07	1.350000e-01	
16	1.440000e-01	-8.55884e-07	1.440000e-01	
17	1.530000e-01	-8.62553e-07	1.530000e-01	
18	1.620000e-01	-8.68950e-07	1.620000e-01	
19	1.710000e-01	-8.75107e-07	1.710000e-01	
20	1.800000e-01	-8.81050e-07	1.800000e-01	
21	1.890000e-01	-8.86800e-07	1.890000e-01	
22	1.980000e-01	-8.92378e-07	1.980000e-01	
23	2.070000e-01	-8.97798e-07	2.070000e-01	
24	2.160000e-01	-9.03075e-07	2.160000e-01	
25	2.250000e-01	-9.08221e-07	2.250000e-01	
26	2.340000e-01	-9.13247e-07	2.340000e-01	
27	2.430000e-01	-9.18162e-07	2.430000e-01	
28	2.520000e-01	-9.22975e-07	2.520000e-01	
29	2.610000e-01	-9.27693e-07	2.610000e-01	
30	2.700000e-01	-9.32323e-07	2.700000e-01	
31	2.790000e-01	-9.36870e-07	2.790000e-01	
32	2.880000e-01	-9.41342e-07	2.880000e-01	
33	2.970000e-01	-9.45741e-07	2.970000e-01	
34	3.060000e-01	-9.50074e-07	3.060000e-01	
35	3.150000e-01	-9.54343e-07	3.150000e-01	
36	3.240000e-01	-9.58553e-07	3.240000e-01	
37	3.330000e-01	-9.62707e-07	3.330000e-01	
38	3.420000e-01	-9.66807e-07	3.420000e-01	
39	3.510000e-01	-9.70858e-07	3.510000e-01	
40	3.600000e-01	-9.74862e-07	3.600000e-01	
41	3.690000e-01	-9.78820e-07	3.690000e-01	
42	3.780000e-01	-9.82736e-07	3.780000e-01	
43	3.870000e-01	-9.86612e-07	3.870000e-01	
44	3.960000e-01	-9.90449e-07	3.960000e-01	
45	4.050000e-01	-9.94249e-07	4.050000e-01	
46	4.140000e-01	-9.98014e-07	4.140000e-01	
47	4.230000e-01	-1.00175e-06	4.230000e-01	
48	4.320000e-01	-1.00544e-06	4.320000e-01	
49	4.410000e-01	-1.00911e-06	4.410000e-01	
50	4.500000e-01	-1.01275e-06	4.500000e-01	
51	4.590000e-01	-1.01637e-06	4.590000e-01	
52	4.680000e-01	-1.01995e-06	4.680000e-01	
53	4.770000e-01	-1.02351e-06	4.770000e-01	
54	4.860000e-01	-1.02704e-06	4.860000e-01	

Index   v-sweep         vd#branch       v(d)            
--------------------------------------------------------------------------------
55	4.950000e-01	-1.03055e-06	4.950000e-01	
56	5.040000e-01	-1.03404e-06	5.040000e-01	
57	5.130000e-01	-1.03751e-06	5.130000e-01	
58	5.220000e-01	-1.04095e-06	5.220000e-01	
59	5.310000e-01	-1.04438e-06	5.310000e-01	
60	5.400000e-01	-1.04778e-06	5.400000e-01	
61	5.490000e-01	-1.05117e-06	5.490000e-01	
62	5.580000e-01	-1.05453e-06	5.580000e-01	
63	5.670000e-01	-1.05788e-06	5.670000e-01	
64	5.760000e-01	-1.06122e-06	5.760000e-01	
65	5.850000e-01	-1.06453e-06	5.850000e-01	
66	5.940000e-01	-1.06783e-06	5.940000e-01	
67	6.030000e-01	-1.07112e-06	6.030000e-01	
68	6.120000e-01	-1.07438e-06	6.120000e-01	
69	6.210000e-01	-1.07764e-06	6.210000e-01	
70	6.300000e-01	-1.08088e-06	6.300000e-01	
71	6.390000e-01	-1.08411e-06	6.390000e-01	
72	6.480000e-01	-1.08732e-06	6.480000e-01	
73	6.570000e-01	-1.09052e-06	6.570000e-01	
74	6.660000e-01	-1.09371e-06	6.660000e-01	
75	6.750000e-01	-1.09689e-06	6.750000e-01	
76	6.840000e-01	-1.10005e-06	6.840000e-01	
77	6.930000e-01	-1.10321e-06	6.930000e-01	
78	7.020000e-01	-1.10635e-06	7.020000e-01	
79	7.110000e-01	-1.10948e-06	7.110000e-01	
80	7.200000e-01	-1.11261e-06	7.200000e-01	
81	7.290000e-01	-1.11572e-06	7.290000e-01	
82	7.380000e-01	-1.11882e-06	7.380000e-01	
83	7.470000e-01	-1.12191e-06	7.470000e-01	
84	7.560000e-01	-1.12499e-06	7.560000e-01	
85	7.650000e-01	-1.12807e-06	7.650000e-01	
86	7.740000e-01	-1.13113e-06	7.740000e-01	
87	7.830000e-01	-1.13419e-06	7.830000e-01	
88	7.920000e-01	-1.13724e-06	7.920000e-01	
89	8.010000e-01	-1.14028e-06	8.010000e-01	
90	8.100000e-01	-1.14331e-06	8.100000e-01	
91	8.190000e-01	-1.14633e-06	8.190000e-01	
92	8.280000e-01	-1.14935e-06	8.280000e-01	
93	8.370000e-01	-1.15236e-06	8.370000e-01	
94	8.460000e-01	-1.15536e-06	8.460000e-01	
95	8.550000e-01	-1.15835e-06	8.550000e-01	
96	8.640000e-01	-1.16134e-06	8.640000e-01	
97	8.730000e-01	-1.16432e-06	8.730000e-01	
98	8.820000e-01	-1.16730e-06	8.820000e-01	
99	8.910000e-01	-1.17026e-06	8.910000e-01	
100	9.000000e-01	-1.17323e-06	9.000000e-01	


Total analysis time (seconds) = 0.00771813

Total elapsed time (seconds) = 0.013 

Total DRAM available = 386307.215 MB.
DRAM currently available = 12857.094 MB.
Maximum ngspice program size =  529.723 MB.
Current ngspice program size =   14.047 MB.

Shared ngspice pages =   12.273 MB.
Text (code) pages =    6.266 MB.
Stack = 0 bytes.
Library pages =   59.141 MB.

