
Note: No compatibility mode selected!


Circuit: * id-vg sweep vds=0.4500v

Doing analysis at TEMP = -40.000000 and TNOM = 27.000000

Using SPARSE 1.3 as Direct Linear Solver

No. of Data Rows : 201

  Measurements for DC Analysis

ion                 =  -1.01265e-06 at=  9.00000e-01
ioff                =  -2.71457e-17

                           * id-vg sweep vds=0.4500v
                           DC transfer characteristic  Wed Jun 24 01:10:32  2026
--------------------------------------------------------------------------------
Index   v-sweep         vd#branch       
--------------------------------------------------------------------------------
0	0.000000e+00	-2.71457e-17	
1	4.500000e-03	-3.09946e-17	
2	9.000000e-03	-3.57516e-17	
3	1.350000e-02	-4.12403e-17	
4	1.800000e-02	-4.75558e-17	
5	2.250000e-02	-5.48877e-17	
6	2.700000e-02	-6.32767e-17	
7	3.150000e-02	-7.29804e-17	
8	3.600000e-02	-8.42019e-17	
9	4.050000e-02	-9.71310e-17	
10	4.500000e-02	-1.12039e-16	
11	4.950000e-02	-1.29237e-16	
12	5.400000e-02	-1.49078e-16	
13	5.850000e-02	-1.71941e-16	
14	6.300000e-02	-1.98328e-16	
15	6.750000e-02	-2.28753e-16	
16	7.200000e-02	-2.63881e-16	
17	7.650000e-02	-3.04349e-16	
18	8.100000e-02	-3.51078e-16	
19	8.550000e-02	-4.04922e-16	
20	9.000000e-02	-4.67101e-16	
21	9.450000e-02	-5.38767e-16	
22	9.900000e-02	-6.21438e-16	
23	1.035000e-01	-7.16820e-16	
24	1.080000e-01	-8.26813e-16	
25	1.125000e-01	-9.53705e-16	
26	1.170000e-01	-1.10007e-15	
27	1.215000e-01	-1.26886e-15	
28	1.260000e-01	-1.46361e-15	
29	1.305000e-01	-1.68818e-15	
30	1.350000e-01	-1.94727e-15	
31	1.395000e-01	-2.24614e-15	
32	1.440000e-01	-2.59084e-15	
33	1.485000e-01	-2.98839e-15	
34	1.530000e-01	-3.44702e-15	
35	1.575000e-01	-3.97600e-15	
36	1.620000e-01	-4.58618e-15	
37	1.665000e-01	-5.28996e-15	
38	1.710000e-01	-6.10179e-15	
39	1.755000e-01	-7.03819e-15	
40	1.800000e-01	-8.11825e-15	
41	1.845000e-01	-9.36415e-15	
42	1.890000e-01	-1.08012e-14	
43	1.935000e-01	-1.24587e-14	
44	1.980000e-01	-1.43707e-14	
45	2.025000e-01	-1.65760e-14	
46	2.070000e-01	-1.91199e-14	
47	2.115000e-01	-2.20540e-14	
48	2.160000e-01	-2.54385e-14	
49	2.205000e-01	-2.93424e-14	
50	2.250000e-01	-3.38453e-14	
51	2.295000e-01	-3.90393e-14	
52	2.340000e-01	-4.50303e-14	
53	2.385000e-01	-5.19408e-14	
54	2.430000e-01	-5.99118e-14	

Index   v-sweep         vd#branch       
--------------------------------------------------------------------------------
55	2.475000e-01	-6.91060e-14	
56	2.520000e-01	-7.97111e-14	
57	2.565000e-01	-9.19438e-14	
58	2.610000e-01	-1.06054e-13	
59	2.655000e-01	-1.22329e-13	
60	2.700000e-01	-1.41102e-13	
61	2.745000e-01	-1.62756e-13	
62	2.790000e-01	-1.87732e-13	
63	2.835000e-01	-2.16542e-13	
64	2.880000e-01	-2.49773e-13	
65	2.925000e-01	-2.88104e-13	
66	2.970000e-01	-3.32317e-13	
67	3.015000e-01	-3.83315e-13	
68	3.060000e-01	-4.42139e-13	
69	3.105000e-01	-5.09990e-13	
70	3.150000e-01	-5.88254e-13	
71	3.195000e-01	-6.78529e-13	
72	3.240000e-01	-7.82656e-13	
73	3.285000e-01	-9.02763e-13	
74	3.330000e-01	-1.04130e-12	
75	3.375000e-01	-1.20110e-12	
76	3.420000e-01	-1.38542e-12	
77	3.465000e-01	-1.59803e-12	
78	3.510000e-01	-1.84326e-12	
79	3.555000e-01	-2.12612e-12	
80	3.600000e-01	-2.45240e-12	
81	3.645000e-01	-2.82873e-12	
82	3.690000e-01	-3.26282e-12	
83	3.735000e-01	-3.76352e-12	
84	3.780000e-01	-4.34105e-12	
85	3.825000e-01	-5.00720e-12	
86	3.870000e-01	-5.77557e-12	
87	3.915000e-01	-6.66184e-12	
88	3.960000e-01	-7.68409e-12	
89	4.005000e-01	-8.86319e-12	
90	4.050000e-01	-1.02232e-11	
91	4.095000e-01	-1.17919e-11	
92	4.140000e-01	-1.36012e-11	
93	4.185000e-01	-1.56881e-11	
94	4.230000e-01	-1.80951e-11	
95	4.275000e-01	-2.08714e-11	
96	4.320000e-01	-2.40735e-11	
97	4.365000e-01	-2.77667e-11	
98	4.410000e-01	-3.20263e-11	
99	4.455000e-01	-3.69390e-11	
100	4.500000e-01	-4.26050e-11	
101	4.545000e-01	-4.91396e-11	
102	4.590000e-01	-5.66758e-11	
103	4.635000e-01	-6.53669e-11	
104	4.680000e-01	-7.53897e-11	
105	4.725000e-01	-8.69477e-11	
106	4.770000e-01	-1.00276e-10	
107	4.815000e-01	-1.15644e-10	
108	4.860000e-01	-1.34607e-10	
109	4.905000e-01	-1.55227e-10	
110	4.950000e-01	-1.78999e-10	
111	4.995000e-01	-2.06403e-10	
112	5.040000e-01	-2.37992e-10	

Index   v-sweep         vd#branch       
--------------------------------------------------------------------------------
113	5.085000e-01	-2.74399e-10	
114	5.130000e-01	-3.16356e-10	
115	5.175000e-01	-3.64702e-10	
116	5.220000e-01	-4.20401e-10	
117	5.265000e-01	-4.84560e-10	
118	5.310000e-01	-5.58450e-10	
119	5.355000e-01	-6.43525e-10	
120	5.400000e-01	-7.41455e-10	
121	5.445000e-01	-8.54147e-10	
122	5.490000e-01	-9.83782e-10	
123	5.535000e-01	-1.13285e-09	
124	5.580000e-01	-1.30419e-09	
125	5.625000e-01	-1.50104e-09	
126	5.670000e-01	-1.72706e-09	
127	5.715000e-01	-1.98642e-09	
128	5.760000e-01	-2.28383e-09	
129	5.805000e-01	-2.62462e-09	
130	5.850000e-01	-3.01479e-09	
131	5.895000e-01	-3.46107e-09	
132	5.940000e-01	-3.97103e-09	
133	5.985000e-01	-4.55314e-09	
134	6.030000e-01	-5.21682e-09	
135	6.075000e-01	-5.97259e-09	
136	6.120000e-01	-6.83212e-09	
137	6.165000e-01	-7.80836e-09	
138	6.210000e-01	-8.91561e-09	
139	6.255000e-01	-1.01697e-08	
140	6.300000e-01	-1.15881e-08	
141	6.345000e-01	-1.31902e-08	
142	6.390000e-01	-1.49970e-08	
143	6.435000e-01	-1.70318e-08	
144	6.480000e-01	-1.93203e-08	
145	6.525000e-01	-2.18902e-08	
146	6.570000e-01	-2.47718e-08	
147	6.615000e-01	-2.79976e-08	
148	6.660000e-01	-3.16025e-08	
149	6.705000e-01	-3.56233e-08	
150	6.750000e-01	-4.00981e-08	
151	6.795000e-01	-4.50663e-08	
152	6.840000e-01	-5.05674e-08	
153	6.885000e-01	-5.66403e-08	
154	6.930000e-01	-6.33225e-08	
155	6.975000e-01	-7.06494e-08	
156	7.020000e-01	-7.86531e-08	
157	7.065000e-01	-8.73618e-08	
158	7.110000e-01	-9.67993e-08	
159	7.155000e-01	-1.06984e-07	
160	7.200000e-01	-1.17929e-07	
161	7.245000e-01	-1.29642e-07	
162	7.290000e-01	-1.42126e-07	
163	7.335000e-01	-1.55376e-07	
164	7.380000e-01	-1.69386e-07	
165	7.425000e-01	-1.84144e-07	
166	7.470000e-01	-1.99634e-07	
167	7.515000e-01	-2.15837e-07	
168	7.560000e-01	-2.32734e-07	
169	7.605000e-01	-2.50301e-07	
170	7.650000e-01	-2.68516e-07	

Index   v-sweep         vd#branch       
--------------------------------------------------------------------------------
171	7.695000e-01	-2.87354e-07	
172	7.740000e-01	-3.06496e-07	
173	7.785000e-01	-3.26519e-07	
174	7.830000e-01	-3.47091e-07	
175	7.875000e-01	-3.68189e-07	
176	7.920000e-01	-3.89790e-07	
177	7.965000e-01	-4.11870e-07	
178	8.010000e-01	-4.34407e-07	
179	8.055000e-01	-4.57382e-07	
180	8.100000e-01	-4.80774e-07	
181	8.145000e-01	-5.04563e-07	
182	8.190000e-01	-5.28733e-07	
183	8.235000e-01	-5.53264e-07	
184	8.280000e-01	-5.78141e-07	
185	8.325000e-01	-6.03348e-07	
186	8.370000e-01	-6.28871e-07	
187	8.415000e-01	-6.54695e-07	
188	8.460000e-01	-6.80807e-07	
189	8.505000e-01	-7.07194e-07	
190	8.550000e-01	-7.33845e-07	
191	8.595000e-01	-7.60748e-07	
192	8.640000e-01	-7.87893e-07	
193	8.685000e-01	-8.15270e-07	
194	8.730000e-01	-8.42868e-07	
195	8.775000e-01	-8.70680e-07	
196	8.820000e-01	-8.98696e-07	
197	8.865000e-01	-9.26909e-07	
198	8.910000e-01	-9.55311e-07	
199	8.955000e-01	-9.83895e-07	
200	9.000000e-01	-1.01265e-06	


Total analysis time (seconds) = 0.0138846

Total elapsed time (seconds) = 0.019 

Total DRAM available = 386307.215 MB.
DRAM currently available = 8403.535 MB.
Maximum ngspice program size =  529.723 MB.
Current ngspice program size =   14.195 MB.

Shared ngspice pages =   12.434 MB.
Text (code) pages =    6.266 MB.
Stack = 0 bytes.
Library pages =   59.141 MB.

