
Note: No compatibility mode selected!


Circuit: * 1t1c ccell=30.0ff

Doing analysis at TEMP = 27.000000 and TNOM = 27.000000

Using SPARSE 1.3 as Direct Linear Solver

Initial Transient Solution
--------------------------

Node                                   Voltage
----                                   -------
pre                                       0.45
bl                                        0.45
wl                                           0
plate                                        0
s                                            0
cell                                         0
vs#branch                                    0
vpl#branch                                   0
vwl#branch                                   0
vpre#branch                                  0


No. of Data Rows : 832

  Measurements for Transient Analysis

t_write             =  1.90024e-09
t_read              =  2.26619e-08
i_hold              =  -3.16413e-11 from=  2.50000e-08 to=  3.50250e-08
q_read              =   2.78911e-18 from=  1.20000e-08 to=  2.20000e-08

                              * 1t1c ccell=30.0ff
                              Transient Analysis  Tue Jun 23 23:53:14  2026
--------------------------------------------------------------------------------
Index   time            v(cell)         v(bl)           vpre#branch     
--------------------------------------------------------------------------------
0	0.000000e+00	0.000000e+00	4.500000e-01	0.000000e+00	
1	5.000000e-13	3.181668e-13	4.500000e-01	-1.29053e-17	
2	1.000000e-12	6.363281e-13	4.500000e-01	-2.49004e-17	
3	2.000000e-12	1.272650e-12	4.500000e-01	-4.88754e-17	
4	4.000000e-12	2.545294e-12	4.500000e-01	-9.67350e-17	
5	8.000000e-12	5.090581e-12	4.500000e-01	-1.92094e-16	
6	1.600000e-11	1.018115e-11	4.500000e-01	-3.81379e-16	
7	3.200000e-11	2.036230e-11	4.499999e-01	-7.54292e-16	
8	6.400000e-11	4.072459e-11	4.499999e-01	-1.47804e-15	
9	1.140000e-10	7.254067e-11	4.499997e-01	-2.55236e-15	
10	1.640000e-10	1.043567e-10	4.499996e-01	-3.56115e-15	
11	2.140000e-10	1.361728e-10	4.499995e-01	-4.50843e-15	
12	2.640000e-10	1.679888e-10	4.499995e-01	-5.39794e-15	
13	3.140000e-10	1.998049e-10	4.499994e-01	-6.23320e-15	
14	3.640000e-10	2.316209e-10	4.499993e-01	-7.01753e-15	
15	4.140000e-10	2.634369e-10	4.499992e-01	-7.75403e-15	
16	4.640000e-10	2.952529e-10	4.499992e-01	-8.44561e-15	
17	5.140000e-10	3.270690e-10	4.499991e-01	-9.09502e-15	
18	5.640000e-10	3.588850e-10	4.499990e-01	-9.70482e-15	
19	6.140000e-10	3.907010e-10	4.499990e-01	-1.02774e-14	
20	6.640000e-10	4.225170e-10	4.499989e-01	-1.08151e-14	
21	7.140000e-10	4.543330e-10	4.499989e-01	-1.13200e-14	
22	7.640000e-10	4.861489e-10	4.499988e-01	-1.17942e-14	
23	8.140000e-10	5.179649e-10	4.499988e-01	-1.22394e-14	
24	8.640000e-10	5.497809e-10	4.499987e-01	-1.26574e-14	
25	9.140000e-10	5.815969e-10	4.499987e-01	-1.30500e-14	
26	9.570000e-10	6.089586e-10	4.499987e-01	-1.33683e-14	
27	1.000000e-09	6.363204e-10	4.499986e-01	-1.36700e-14	
28	1.005000e-09	4.498818e-03	4.499986e-01	-1.36895e-14	
29	1.015000e-09	1.349643e-02	4.499986e-01	-1.37031e-14	
30	1.035000e-09	3.149167e-02	4.499986e-01	-1.36044e-14	
31	1.075000e-09	6.748213e-02	4.499987e-01	-1.31033e-14	
32	1.125000e-09	1.124702e-01	4.499988e-01	-1.22848e-14	
33	1.175000e-09	1.574583e-01	4.499988e-01	-1.15069e-14	
34	1.225000e-09	2.024464e-01	4.499989e-01	-1.07967e-14	
35	1.275000e-09	2.474345e-01	4.499990e-01	-1.01358e-14	
36	1.325000e-09	2.924225e-01	4.499990e-01	-9.51698e-15	
37	1.375000e-09	3.374106e-01	4.499991e-01	-8.93678e-15	
38	1.425000e-09	3.823987e-01	4.499992e-01	-8.39243e-15	
39	1.475000e-09	4.273868e-01	4.499992e-01	-7.88122e-15	
40	1.525000e-09	4.723749e-01	4.499993e-01	-7.40106e-15	
41	1.575000e-09	5.173629e-01	4.499993e-01	-6.94957e-15	
42	1.625000e-09	5.623510e-01	4.499993e-01	-6.52509e-15	
43	1.675000e-09	6.073391e-01	4.499994e-01	-6.12648e-15	
44	1.725000e-09	6.523272e-01	4.499994e-01	-5.75214e-15	
45	1.775000e-09	6.973153e-01	4.499995e-01	-5.40061e-15	
46	1.825000e-09	7.423033e-01	4.499995e-01	-5.07048e-15	
47	1.875000e-09	7.872914e-01	4.499995e-01	-4.76045e-15	
48	1.925000e-09	8.322795e-01	4.499996e-01	-4.46930e-15	
49	1.962500e-09	8.660206e-01	4.499996e-01	-4.26266e-15	
50	2.000000e-09	8.997616e-01	4.499996e-01	-4.06553e-15	
51	2.005000e-09	8.997616e-01	4.499996e-01	-4.04003e-15	
52	2.015000e-09	8.997616e-01	4.499996e-01	-3.98933e-15	
53	2.035000e-09	8.997616e-01	4.499996e-01	-3.88984e-15	
54	2.075000e-09	8.997616e-01	4.499996e-01	-3.69819e-15	

Index   time            v(cell)         v(bl)           vpre#branch     
--------------------------------------------------------------------------------
55	2.125000e-09	8.997616e-01	4.499997e-01	-3.47176e-15	
56	2.175000e-09	8.997616e-01	4.499997e-01	-3.25915e-15	
57	2.225000e-09	8.997616e-01	4.499997e-01	-3.05950e-15	
58	2.275000e-09	8.997616e-01	4.499997e-01	-2.87202e-15	
59	2.325000e-09	8.997616e-01	4.499997e-01	-2.69598e-15	
60	2.375000e-09	8.997616e-01	4.499997e-01	-2.53067e-15	
61	2.425000e-09	8.997616e-01	4.499998e-01	-2.37545e-15	
62	2.475000e-09	8.997616e-01	4.499998e-01	-2.22969e-15	
63	2.525000e-09	8.997616e-01	4.499998e-01	-2.09282e-15	
64	2.575000e-09	8.997616e-01	4.499998e-01	-1.96429e-15	
65	2.625000e-09	8.997616e-01	4.499998e-01	-1.84361e-15	
66	2.675000e-09	8.997616e-01	4.499998e-01	-1.73028e-15	
67	2.725000e-09	8.997616e-01	4.499998e-01	-1.62387e-15	
68	2.775000e-09	8.997616e-01	4.499998e-01	-1.52394e-15	
69	2.825000e-09	8.997616e-01	4.499999e-01	-1.43011e-15	
70	2.875000e-09	8.997616e-01	4.499999e-01	-1.34200e-15	
71	2.925000e-09	8.997616e-01	4.499999e-01	-1.25926e-15	
72	2.975000e-09	8.997616e-01	4.499999e-01	-1.18157e-15	
73	3.025000e-09	8.997616e-01	4.499999e-01	-1.10862e-15	
74	3.075000e-09	8.997616e-01	4.499999e-01	-1.04011e-15	
75	3.125000e-09	8.997616e-01	4.499999e-01	-9.75785e-16	
76	3.175000e-09	8.997616e-01	4.499999e-01	-9.15381e-16	
77	3.225000e-09	8.997616e-01	4.499999e-01	-8.58660e-16	
78	3.275000e-09	8.997616e-01	4.499999e-01	-8.05399e-16	
79	3.325000e-09	8.997616e-01	4.499999e-01	-7.55385e-16	
80	3.375000e-09	8.997616e-01	4.499999e-01	-7.08422e-16	
81	3.425000e-09	8.997616e-01	4.499999e-01	-6.64322e-16	
82	3.475000e-09	8.997616e-01	4.499999e-01	-6.22912e-16	
83	3.525000e-09	8.997616e-01	4.499999e-01	-5.84027e-16	
84	3.575000e-09	8.997616e-01	4.499999e-01	-5.47513e-16	
85	3.625000e-09	8.997616e-01	4.499999e-01	-5.13225e-16	
86	3.675000e-09	8.997616e-01	4.500000e-01	-4.81029e-16	
87	3.725000e-09	8.997616e-01	4.500000e-01	-4.50796e-16	
88	3.775000e-09	8.997616e-01	4.500000e-01	-4.22407e-16	
89	3.825000e-09	8.997616e-01	4.500000e-01	-3.95750e-16	
90	3.875000e-09	8.997616e-01	4.500000e-01	-3.70718e-16	
91	3.925000e-09	8.997616e-01	4.500000e-01	-3.47213e-16	
92	3.975000e-09	8.997616e-01	4.500000e-01	-3.25140e-16	
93	4.025000e-09	8.997616e-01	4.500000e-01	-3.04414e-16	
94	4.075000e-09	8.997616e-01	4.500000e-01	-2.84951e-16	
95	4.125000e-09	8.997616e-01	4.500000e-01	-2.66675e-16	
96	4.175000e-09	8.997616e-01	4.500000e-01	-2.49514e-16	
97	4.225000e-09	8.997616e-01	4.500000e-01	-2.33400e-16	
98	4.275000e-09	8.997616e-01	4.500000e-01	-2.18268e-16	
99	4.325000e-09	8.997616e-01	4.500000e-01	-2.04058e-16	
100	4.375000e-09	8.997616e-01	4.500000e-01	-1.90716e-16	
101	4.425000e-09	8.997616e-01	4.500000e-01	-1.78188e-16	
102	4.475000e-09	8.997616e-01	4.500000e-01	-1.66423e-16	
103	4.525000e-09	8.997616e-01	4.500000e-01	-1.55376e-16	
104	4.575000e-09	8.997616e-01	4.500000e-01	-1.45002e-16	
105	4.625000e-09	8.997616e-01	4.500000e-01	-1.35262e-16	
106	4.675000e-09	8.997616e-01	4.500000e-01	-1.26115e-16	
107	4.725000e-09	8.997616e-01	4.500000e-01	-1.17526e-16	
108	4.775000e-09	8.997616e-01	4.500000e-01	-1.09461e-16	
109	4.825000e-09	8.997616e-01	4.500000e-01	-1.01888e-16	
110	4.875000e-09	8.997616e-01	4.500000e-01	-9.47763e-17	
111	4.925000e-09	8.997616e-01	4.500000e-01	-8.80983e-17	
112	4.975000e-09	8.997616e-01	4.500000e-01	-8.18275e-17	

Index   time            v(cell)         v(bl)           vpre#branch     
--------------------------------------------------------------------------------
113	5.025000e-09	8.997616e-01	4.500000e-01	-7.59395e-17	
114	5.075000e-09	8.997616e-01	4.500000e-01	-7.04106e-17	
115	5.125000e-09	8.997616e-01	4.500000e-01	-6.52184e-17	
116	5.175000e-09	8.997616e-01	4.500000e-01	-6.03425e-17	
117	5.225000e-09	8.997616e-01	4.500000e-01	-5.57643e-17	
118	5.275000e-09	8.997616e-01	4.500000e-01	-5.14657e-17	
119	5.325000e-09	8.997616e-01	4.500000e-01	-4.74289e-17	
120	5.375000e-09	8.997616e-01	4.500000e-01	-4.36382e-17	
121	5.425000e-09	8.997616e-01	4.500000e-01	-4.00791e-17	
122	5.475000e-09	8.997616e-01	4.500000e-01	-3.67371e-17	
123	5.525000e-09	8.997616e-01	4.500000e-01	-3.35988e-17	
124	5.575000e-09	8.997616e-01	4.500000e-01	-3.06519e-17	
125	5.625000e-09	8.997616e-01	4.500000e-01	-2.78844e-17	
126	5.675000e-09	8.997616e-01	4.500000e-01	-2.52856e-17	
127	5.725000e-09	8.997616e-01	4.500000e-01	-2.28457e-17	
128	5.775000e-09	8.997616e-01	4.500000e-01	-2.05542e-17	
129	5.825000e-09	8.997616e-01	4.500000e-01	-1.84024e-17	
130	5.875000e-09	8.997616e-01	4.500000e-01	-1.63822e-17	
131	5.925000e-09	8.997616e-01	4.500000e-01	-1.44853e-17	
132	5.975000e-09	8.997616e-01	4.500000e-01	-1.27036e-17	
133	6.025000e-09	8.997616e-01	4.500000e-01	-1.10302e-17	
134	6.075000e-09	8.997616e-01	4.500000e-01	-9.45918e-18	
135	6.125000e-09	8.997616e-01	4.500000e-01	-7.98441e-18	
136	6.175000e-09	8.997616e-01	4.500000e-01	-6.59958e-18	
137	6.225000e-09	8.997616e-01	4.500000e-01	-5.29879e-18	
138	6.275000e-09	8.997616e-01	4.500000e-01	-4.07691e-18	
139	6.325000e-09	8.997616e-01	4.500000e-01	-2.92955e-18	
140	6.375000e-09	8.997616e-01	4.500000e-01	-1.85257e-18	
141	6.425000e-09	8.997616e-01	4.500000e-01	-8.41676e-19	
142	6.475000e-09	8.997616e-01	4.500000e-01	1.075674e-19	
143	6.525000e-09	8.997616e-01	4.500000e-01	9.993392e-19	
144	6.575000e-09	8.997616e-01	4.500000e-01	1.836726e-18	
145	6.625000e-09	8.997616e-01	4.500000e-01	2.622635e-18	
146	6.675000e-09	8.997616e-01	4.500000e-01	3.360614e-18	
147	6.725000e-09	8.997616e-01	4.500000e-01	4.054004e-18	
148	6.775000e-09	8.997616e-01	4.500000e-01	4.705108e-18	
149	6.825000e-09	8.997616e-01	4.500000e-01	5.316094e-18	
150	6.875000e-09	8.997616e-01	4.500000e-01	5.889821e-18	
151	6.925000e-09	8.997616e-01	4.500000e-01	6.428559e-18	
152	6.962500e-09	8.997616e-01	4.500000e-01	6.810615e-18	
153	7.000000e-09	8.997616e-01	4.500000e-01	7.175022e-18	
154	7.005000e-09	8.772675e-01	4.500000e-01	7.220937e-18	
155	7.015000e-09	8.322794e-01	4.500000e-01	7.309306e-18	
156	7.035000e-09	7.423033e-01	4.500000e-01	7.465982e-18	
157	7.067500e-09	5.960920e-01	4.500000e-01	7.662411e-18	
158	7.100000e-09	4.498808e-01	4.500000e-01	7.774057e-18	
159	7.105000e-09	4.498808e-01	4.500000e-01	7.724037e-18	
160	7.115000e-09	4.498808e-01	4.500000e-01	7.624686e-18	
161	7.135000e-09	4.498808e-01	4.500000e-01	7.429649e-18	
162	7.175000e-09	4.498808e-01	4.500000e-01	7.053698e-18	
163	7.225000e-09	4.498808e-01	4.500000e-01	6.610007e-18	
164	7.275000e-09	4.498808e-01	4.500000e-01	6.193794e-18	
165	7.325000e-09	4.498808e-01	4.500000e-01	5.802963e-18	
166	7.375000e-09	4.498808e-01	4.500000e-01	5.435554e-18	
167	7.425000e-09	4.498808e-01	4.500000e-01	5.090550e-18	
168	7.475000e-09	4.498808e-01	4.500000e-01	4.766584e-18	
169	7.525000e-09	4.498808e-01	4.500000e-01	4.462375e-18	
170	7.575000e-09	4.498808e-01	4.500000e-01	4.176717e-18	

Index   time            v(cell)         v(bl)           vpre#branch     
--------------------------------------------------------------------------------
171	7.625000e-09	4.498808e-01	4.500000e-01	3.908480e-18	
172	7.675000e-09	4.498808e-01	4.500000e-01	3.657014e-18	
173	7.725000e-09	4.498808e-01	4.500000e-01	3.420885e-18	
174	7.775000e-09	4.498808e-01	4.500000e-01	3.199154e-18	
175	7.825000e-09	4.498808e-01	4.500000e-01	2.990531e-18	
176	7.875000e-09	4.498808e-01	4.500000e-01	2.794218e-18	
177	7.925000e-09	4.498808e-01	4.500000e-01	2.610290e-18	
178	7.975000e-09	4.498808e-01	4.500000e-01	2.437576e-18	
179	8.025000e-09	4.498808e-01	4.500000e-01	2.275397e-18	
180	8.075000e-09	4.498808e-01	4.500000e-01	2.123108e-18	
181	8.125000e-09	4.498808e-01	4.500000e-01	1.980106e-18	
182	8.175000e-09	4.498808e-01	4.500000e-01	1.845824e-18	
183	8.225000e-09	4.498808e-01	4.500000e-01	1.719730e-18	
184	8.275000e-09	4.498808e-01	4.500000e-01	1.601327e-18	
185	8.325000e-09	4.498808e-01	4.500000e-01	1.490144e-18	
186	8.375000e-09	4.498808e-01	4.500000e-01	1.385741e-18	
187	8.425000e-09	4.498808e-01	4.500000e-01	1.287702e-18	
188	8.475000e-09	4.498808e-01	4.500000e-01	1.195645e-18	
189	8.525000e-09	4.498808e-01	4.500000e-01	1.109202e-18	
190	8.575000e-09	4.498808e-01	4.500000e-01	1.028444e-18	
191	8.625000e-09	4.498808e-01	4.500000e-01	9.526093e-19	
192	8.675000e-09	4.498808e-01	4.500000e-01	8.813998e-19	
193	8.725000e-09	4.498808e-01	4.500000e-01	8.145330e-19	
194	8.775000e-09	4.498808e-01	4.500000e-01	7.517450e-19	
195	8.825000e-09	4.498808e-01	4.500000e-01	6.923709e-19	
196	8.875000e-09	4.498808e-01	4.500000e-01	6.362078e-19	
197	8.925000e-09	4.498808e-01	4.500000e-01	5.838795e-19	
198	8.975000e-09	4.498808e-01	4.500000e-01	5.351569e-19	
199	9.025000e-09	4.498808e-01	4.500000e-01	4.894047e-19	
200	9.075000e-09	4.498808e-01	4.500000e-01	4.464451e-19	
201	9.125000e-09	4.498808e-01	4.500000e-01	4.061027e-19	
202	9.175000e-09	4.498808e-01	4.500000e-01	3.682211e-19	
203	9.225000e-09	4.498808e-01	4.500000e-01	3.322363e-19	
204	9.275000e-09	4.498808e-01	4.500000e-01	2.984468e-19	
205	9.325000e-09	4.498808e-01	4.500000e-01	2.671322e-19	
206	9.375000e-09	4.498808e-01	4.500000e-01	2.377267e-19	
207	9.425000e-09	4.498808e-01	4.500000e-01	2.101146e-19	
208	9.475000e-09	4.498808e-01	4.500000e-01	1.841867e-19	
209	9.525000e-09	4.498808e-01	4.500000e-01	1.598394e-19	
210	9.575000e-09	4.498808e-01	4.500000e-01	1.369770e-19	
211	9.625000e-09	4.498808e-01	4.500000e-01	1.155083e-19	
212	9.675000e-09	4.498808e-01	4.500000e-01	9.493635e-20	
213	9.725000e-09	4.498808e-01	4.500000e-01	7.561754e-20	
214	9.775000e-09	4.498808e-01	4.500000e-01	5.788941e-20	
215	9.825000e-09	4.498808e-01	4.500000e-01	4.124323e-20	
216	9.875000e-09	4.498808e-01	4.500000e-01	2.561365e-20	
217	9.925000e-09	4.498808e-01	4.500000e-01	1.093698e-20	
218	9.975000e-09	4.498808e-01	4.500000e-01	-3.25909e-21	
219	1.002500e-08	4.498808e-01	4.500000e-01	-1.65883e-20	
220	1.007500e-08	4.498808e-01	4.500000e-01	-2.86908e-20	
221	1.012500e-08	4.498808e-01	4.500000e-01	-4.04706e-20	
222	1.017500e-08	4.498808e-01	4.500000e-01	-5.15292e-20	
223	1.022500e-08	4.498808e-01	4.500000e-01	-6.19153e-20	
224	1.027500e-08	4.498808e-01	4.500000e-01	-7.16686e-20	
225	1.032500e-08	4.498808e-01	4.500000e-01	-8.04127e-20	
226	1.037500e-08	4.498808e-01	4.500000e-01	-8.90369e-20	
227	1.042500e-08	4.498808e-01	4.500000e-01	-9.71358e-20	
228	1.047500e-08	4.498808e-01	4.500000e-01	-1.04326e-19	

Index   time            v(cell)         v(bl)           vpre#branch     
--------------------------------------------------------------------------------
229	1.052500e-08	4.498808e-01	4.500000e-01	-1.11492e-19	
230	1.057500e-08	4.498808e-01	4.500000e-01	-1.18221e-19	
231	1.062500e-08	4.498808e-01	4.500000e-01	-1.24126e-19	
232	1.067500e-08	4.498808e-01	4.500000e-01	-1.30084e-19	
233	1.072500e-08	4.498808e-01	4.500000e-01	-1.36092e-19	
234	1.077500e-08	4.498808e-01	4.500000e-01	-1.41733e-19	
235	1.082500e-08	4.498808e-01	4.500000e-01	-1.46617e-19	
236	1.087500e-08	4.498808e-01	4.500000e-01	-1.50789e-19	
237	1.092500e-08	4.498808e-01	4.500000e-01	-1.54708e-19	
238	1.096250e-08	4.498808e-01	4.500000e-01	-1.57794e-19	
239	1.100000e-08	4.498808e-01	4.500000e-01	-1.60728e-19	
240	1.100500e-08	4.498820e-01	4.544717e-01	4.471660e-11	
241	1.101500e-08	4.498844e-01	4.633591e-01	1.335908e-10	
242	1.103500e-08	4.498891e-01	4.808027e-01	3.080267e-10	
243	1.107500e-08	4.498987e-01	5.144055e-01	6.440550e-10	
244	1.112500e-08	4.499106e-01	5.541037e-01	1.041037e-09	
245	1.117500e-08	4.499225e-01	5.913810e-01	1.413810e-09	
246	1.122500e-08	4.499344e-01	6.263850e-01	1.763850e-09	
247	1.127500e-08	4.499464e-01	6.592544e-01	2.092544e-09	
248	1.132500e-08	4.499583e-01	6.901193e-01	2.401193e-09	
249	1.137500e-08	4.499702e-01	7.191020e-01	2.691020e-09	
250	1.142500e-08	4.499821e-01	7.463173e-01	2.963173e-09	
251	1.147500e-08	4.499940e-01	7.718728e-01	3.218728e-09	
252	1.152500e-08	4.500060e-01	7.958699e-01	3.458699e-09	
253	1.157500e-08	4.500179e-01	8.184034e-01	3.684034e-09	
254	1.162500e-08	4.500298e-01	8.395623e-01	3.895623e-09	
255	1.167500e-08	4.500417e-01	8.594293e-01	4.094293e-09	
256	1.172500e-08	4.500536e-01	8.780798e-01	4.280798e-09	
257	1.177500e-08	4.500656e-01	8.955772e-01	4.455772e-09	
258	1.182500e-08	4.500775e-01	9.119327e-01	4.619327e-09	
259	1.187500e-08	4.500895e-01	9.270568e-01	4.770568e-09	
260	1.192500e-08	4.501017e-01	9.405578e-01	4.905578e-09	
261	1.196250e-08	4.501112e-01	9.489566e-01	4.989566e-09	
262	1.200000e-08	4.501214e-01	9.543973e-01	5.043973e-09	
263	1.200500e-08	4.501216e-01	9.503912e-01	5.003912e-09	
264	1.201500e-08	4.501221e-01	9.424421e-01	4.924421e-09	
265	1.203500e-08	4.501229e-01	9.269164e-01	4.769164e-09	
266	1.207500e-08	4.501246e-01	8.972910e-01	4.472910e-09	
267	1.212500e-08	4.501266e-01	8.627635e-01	4.127635e-09	
268	1.217500e-08	4.501285e-01	8.308093e-01	3.808093e-09	
269	1.222500e-08	4.501302e-01	8.012195e-01	3.512195e-09	
270	1.227500e-08	4.501318e-01	7.737958e-01	3.237958e-09	
271	1.232500e-08	4.501334e-01	7.483657e-01	2.983657e-09	
272	1.237500e-08	4.501349e-01	7.247728e-01	2.747728e-09	
273	1.242500e-08	4.501363e-01	7.028750e-01	2.528750e-09	
274	1.247500e-08	4.501376e-01	6.825427e-01	2.325427e-09	
275	1.252500e-08	4.501389e-01	6.636576e-01	2.136576e-09	
276	1.257500e-08	4.501401e-01	6.461116e-01	1.961116e-09	
277	1.262500e-08	4.501413e-01	6.298055e-01	1.798055e-09	
278	1.267500e-08	4.501425e-01	6.146483e-01	1.646483e-09	
279	1.272500e-08	4.501436e-01	6.005564e-01	1.505564e-09	
280	1.277500e-08	4.501446e-01	5.874527e-01	1.374527e-09	
281	1.282500e-08	4.501457e-01	5.752665e-01	1.252665e-09	
282	1.287500e-08	4.501467e-01	5.639325e-01	1.139325e-09	
283	1.292500e-08	4.501477e-01	5.533905e-01	1.033905e-09	
284	1.297500e-08	4.501486e-01	5.435850e-01	9.358499e-10	
285	1.302500e-08	4.501496e-01	5.344649e-01	8.446488e-10	
286	1.307500e-08	4.501505e-01	5.259830e-01	7.598300e-10	

Index   time            v(cell)         v(bl)           vpre#branch     
--------------------------------------------------------------------------------
287	1.312500e-08	4.501514e-01	5.180959e-01	6.809591e-10	
288	1.317500e-08	4.501522e-01	5.107636e-01	6.076365e-10	
289	1.322500e-08	4.501531e-01	5.039495e-01	5.394948e-10	
290	1.327500e-08	4.501539e-01	4.976197e-01	4.761973e-10	
291	1.332500e-08	4.501547e-01	4.917436e-01	4.174363e-10	
292	1.337500e-08	4.501555e-01	4.862932e-01	3.629319e-10	
293	1.342500e-08	4.501563e-01	4.812431e-01	3.124314e-10	
294	1.347500e-08	4.501571e-01	4.765710e-01	2.657097e-10	
295	1.352500e-08	4.501578e-01	4.722571e-01	2.225705e-10	
296	1.357500e-08	4.501585e-01	4.682850e-01	1.828502e-10	
297	1.362500e-08	4.501592e-01	4.646477e-01	1.464774e-10	
298	1.367500e-08	4.501598e-01	4.613410e-01	1.134100e-10	
299	1.372500e-08	4.501605e-01	4.583682e-01	8.368243e-11	
300	1.377500e-08	4.501610e-01	4.557652e-01	5.765150e-11	
301	1.382500e-08	4.501615e-01	4.536293e-01	3.629281e-11	
302	1.387500e-08	4.501619e-01	4.520949e-01	2.094948e-11	
303	1.392500e-08	4.501621e-01	4.511642e-01	1.164166e-11	
304	1.397500e-08	4.501622e-01	4.506612e-01	6.611664e-12	
305	1.402500e-08	4.501623e-01	4.504032e-01	4.031925e-12	
306	1.407500e-08	4.501623e-01	4.502755e-01	2.754568e-12	
307	1.412500e-08	4.501623e-01	4.502115e-01	2.114633e-12	
308	1.417500e-08	4.501623e-01	4.501793e-01	1.793356e-12	
309	1.422500e-08	4.501623e-01	4.501632e-01	1.632010e-12	
310	1.427500e-08	4.501623e-01	4.501551e-01	1.550979e-12	
311	1.432500e-08	4.501623e-01	4.501510e-01	1.510272e-12	
312	1.437500e-08	4.501623e-01	4.501490e-01	1.489824e-12	
313	1.442500e-08	4.501623e-01	4.501480e-01	1.479540e-12	
314	1.447500e-08	4.501623e-01	4.501474e-01	1.474369e-12	
315	1.452500e-08	4.501623e-01	4.501472e-01	1.471757e-12	
316	1.457500e-08	4.501623e-01	4.501470e-01	1.470438e-12	
317	1.462500e-08	4.501623e-01	4.501470e-01	1.469761e-12	
318	1.467500e-08	4.501623e-01	4.501469e-01	1.469414e-12	
319	1.472500e-08	4.501623e-01	4.501469e-01	1.469225e-12	
320	1.477500e-08	4.501623e-01	4.501469e-01	1.469123e-12	
321	1.482500e-08	4.501623e-01	4.501469e-01	1.469057e-12	
322	1.487500e-08	4.501623e-01	4.501469e-01	1.469016e-12	
323	1.492500e-08	4.501623e-01	4.501469e-01	1.468981e-12	
324	1.497500e-08	4.501623e-01	4.501469e-01	1.468956e-12	
325	1.502500e-08	4.501623e-01	4.501469e-01	1.468929e-12	
326	1.507500e-08	4.501623e-01	4.501469e-01	1.468908e-12	
327	1.512500e-08	4.501623e-01	4.501469e-01	1.468883e-12	
328	1.517500e-08	4.501623e-01	4.501469e-01	1.468862e-12	
329	1.522500e-08	4.501623e-01	4.501469e-01	1.468838e-12	
330	1.527500e-08	4.501623e-01	4.501469e-01	1.468818e-12	
331	1.532500e-08	4.501623e-01	4.501469e-01	1.468793e-12	
332	1.537500e-08	4.501623e-01	4.501469e-01	1.468774e-12	
333	1.542500e-08	4.501623e-01	4.501469e-01	1.468749e-12	
334	1.547500e-08	4.501623e-01	4.501469e-01	1.468729e-12	
335	1.552500e-08	4.501623e-01	4.501469e-01	1.468705e-12	
336	1.557500e-08	4.501623e-01	4.501469e-01	1.468685e-12	
337	1.562500e-08	4.501623e-01	4.501469e-01	1.468661e-12	
338	1.567500e-08	4.501623e-01	4.501469e-01	1.468641e-12	
339	1.572500e-08	4.501623e-01	4.501469e-01	1.468616e-12	
340	1.577500e-08	4.501623e-01	4.501469e-01	1.468596e-12	
341	1.582500e-08	4.501623e-01	4.501469e-01	1.468572e-12	
342	1.587500e-08	4.501623e-01	4.501469e-01	1.468552e-12	
343	1.592500e-08	4.501623e-01	4.501469e-01	1.468528e-12	
344	1.597500e-08	4.501623e-01	4.501469e-01	1.468508e-12	

Index   time            v(cell)         v(bl)           vpre#branch     
--------------------------------------------------------------------------------
345	1.602500e-08	4.501623e-01	4.501468e-01	1.468484e-12	
346	1.607500e-08	4.501622e-01	4.501468e-01	1.468464e-12	
347	1.612500e-08	4.501622e-01	4.501468e-01	1.468439e-12	
348	1.617500e-08	4.501622e-01	4.501468e-01	1.468419e-12	
349	1.622500e-08	4.501622e-01	4.501468e-01	1.468395e-12	
350	1.627500e-08	4.501622e-01	4.501468e-01	1.468375e-12	
351	1.632500e-08	4.501622e-01	4.501468e-01	1.468351e-12	
352	1.637500e-08	4.501622e-01	4.501468e-01	1.468331e-12	
353	1.642500e-08	4.501622e-01	4.501468e-01	1.468306e-12	
354	1.647500e-08	4.501622e-01	4.501468e-01	1.468287e-12	
355	1.652500e-08	4.501622e-01	4.501468e-01	1.468262e-12	
356	1.657500e-08	4.501622e-01	4.501468e-01	1.468242e-12	
357	1.662500e-08	4.501622e-01	4.501468e-01	1.468218e-12	
358	1.667500e-08	4.501622e-01	4.501468e-01	1.468198e-12	
359	1.672500e-08	4.501622e-01	4.501468e-01	1.468174e-12	
360	1.677500e-08	4.501622e-01	4.501468e-01	1.468154e-12	
361	1.682500e-08	4.501622e-01	4.501468e-01	1.468130e-12	
362	1.687500e-08	4.501622e-01	4.501468e-01	1.468109e-12	
363	1.692500e-08	4.501622e-01	4.501468e-01	1.468085e-12	
364	1.697500e-08	4.501622e-01	4.501468e-01	1.468065e-12	
365	1.702500e-08	4.501622e-01	4.501468e-01	1.468041e-12	
366	1.707500e-08	4.501622e-01	4.501468e-01	1.468021e-12	
367	1.712500e-08	4.501622e-01	4.501468e-01	1.467997e-12	
368	1.717500e-08	4.501622e-01	4.501468e-01	1.467977e-12	
369	1.722500e-08	4.501622e-01	4.501468e-01	1.467953e-12	
370	1.727500e-08	4.501622e-01	4.501468e-01	1.467932e-12	
371	1.732500e-08	4.501622e-01	4.501468e-01	1.467908e-12	
372	1.737500e-08	4.501622e-01	4.501468e-01	1.467888e-12	
373	1.742500e-08	4.501622e-01	4.501468e-01	1.467864e-12	
374	1.747500e-08	4.501622e-01	4.501468e-01	1.467844e-12	
375	1.752500e-08	4.501622e-01	4.501468e-01	1.467820e-12	
376	1.757500e-08	4.501622e-01	4.501468e-01	1.467800e-12	
377	1.762500e-08	4.501622e-01	4.501468e-01	1.467776e-12	
378	1.767500e-08	4.501622e-01	4.501468e-01	1.467755e-12	
379	1.772500e-08	4.501622e-01	4.501468e-01	1.467731e-12	
380	1.777500e-08	4.501622e-01	4.501468e-01	1.467711e-12	
381	1.782500e-08	4.501622e-01	4.501468e-01	1.467687e-12	
382	1.787500e-08	4.501622e-01	4.501468e-01	1.467667e-12	
383	1.792500e-08	4.501622e-01	4.501468e-01	1.467643e-12	
384	1.797500e-08	4.501622e-01	4.501468e-01	1.467623e-12	
385	1.802500e-08	4.501622e-01	4.501468e-01	1.467599e-12	
386	1.807500e-08	4.501622e-01	4.501468e-01	1.467578e-12	
387	1.812500e-08	4.501621e-01	4.501468e-01	1.467554e-12	
388	1.817500e-08	4.501621e-01	4.501468e-01	1.467534e-12	
389	1.822500e-08	4.501621e-01	4.501468e-01	1.467510e-12	
390	1.827500e-08	4.501621e-01	4.501467e-01	1.467490e-12	
391	1.832500e-08	4.501621e-01	4.501467e-01	1.467466e-12	
392	1.837500e-08	4.501621e-01	4.501467e-01	1.467446e-12	
393	1.842500e-08	4.501621e-01	4.501467e-01	1.467422e-12	
394	1.847500e-08	4.501621e-01	4.501467e-01	1.467402e-12	
395	1.852500e-08	4.501621e-01	4.501467e-01	1.467377e-12	
396	1.857500e-08	4.501621e-01	4.501467e-01	1.467357e-12	
397	1.862500e-08	4.501621e-01	4.501467e-01	1.467333e-12	
398	1.867500e-08	4.501621e-01	4.501467e-01	1.467313e-12	
399	1.872500e-08	4.501621e-01	4.501467e-01	1.467289e-12	
400	1.877500e-08	4.501621e-01	4.501467e-01	1.467269e-12	
401	1.882500e-08	4.501621e-01	4.501467e-01	1.467245e-12	
402	1.887500e-08	4.501621e-01	4.501467e-01	1.467225e-12	

Index   time            v(cell)         v(bl)           vpre#branch     
--------------------------------------------------------------------------------
403	1.892500e-08	4.501621e-01	4.501467e-01	1.467201e-12	
404	1.897500e-08	4.501621e-01	4.501467e-01	1.467180e-12	
405	1.902500e-08	4.501621e-01	4.501467e-01	1.467156e-12	
406	1.907500e-08	4.501621e-01	4.501467e-01	1.467136e-12	
407	1.912500e-08	4.501621e-01	4.501467e-01	1.467112e-12	
408	1.917500e-08	4.501621e-01	4.501467e-01	1.467092e-12	
409	1.922500e-08	4.501621e-01	4.501467e-01	1.467068e-12	
410	1.927500e-08	4.501621e-01	4.501467e-01	1.467048e-12	
411	1.932500e-08	4.501621e-01	4.501467e-01	1.467024e-12	
412	1.937500e-08	4.501621e-01	4.501467e-01	1.467003e-12	
413	1.942500e-08	4.501621e-01	4.501467e-01	1.466980e-12	
414	1.947500e-08	4.501621e-01	4.501467e-01	1.466959e-12	
415	1.952500e-08	4.501621e-01	4.501467e-01	1.466935e-12	
416	1.957500e-08	4.501621e-01	4.501467e-01	1.466915e-12	
417	1.962500e-08	4.501621e-01	4.501467e-01	1.466891e-12	
418	1.967500e-08	4.501621e-01	4.501467e-01	1.466871e-12	
419	1.972500e-08	4.501621e-01	4.501467e-01	1.466847e-12	
420	1.977500e-08	4.501621e-01	4.501467e-01	1.466827e-12	
421	1.982500e-08	4.501621e-01	4.501467e-01	1.466803e-12	
422	1.987500e-08	4.501621e-01	4.501467e-01	1.466782e-12	
423	1.992500e-08	4.501621e-01	4.501467e-01	1.466758e-12	
424	1.997500e-08	4.501621e-01	4.501467e-01	1.466738e-12	
425	2.002500e-08	4.501621e-01	4.501467e-01	1.466714e-12	
426	2.007500e-08	4.501621e-01	4.501467e-01	1.466694e-12	
427	2.012500e-08	4.501621e-01	4.501467e-01	1.466670e-12	
428	2.017500e-08	4.501620e-01	4.501467e-01	1.466650e-12	
429	2.022500e-08	4.501620e-01	4.501467e-01	1.466626e-12	
430	2.027500e-08	4.501620e-01	4.501467e-01	1.466605e-12	
431	2.032500e-08	4.501620e-01	4.501467e-01	1.466582e-12	
432	2.037500e-08	4.501620e-01	4.501467e-01	1.466561e-12	
433	2.042500e-08	4.501620e-01	4.501467e-01	1.466537e-12	
434	2.047500e-08	4.501620e-01	4.501467e-01	1.466517e-12	
435	2.052500e-08	4.501620e-01	4.501466e-01	1.466493e-12	
436	2.057500e-08	4.501620e-01	4.501466e-01	1.466473e-12	
437	2.062500e-08	4.501620e-01	4.501466e-01	1.466449e-12	
438	2.067500e-08	4.501620e-01	4.501466e-01	1.466429e-12	
439	2.072500e-08	4.501620e-01	4.501466e-01	1.466405e-12	
440	2.077500e-08	4.501620e-01	4.501466e-01	1.466384e-12	
441	2.082500e-08	4.501620e-01	4.501466e-01	1.466361e-12	
442	2.087500e-08	4.501620e-01	4.501466e-01	1.466340e-12	
443	2.092500e-08	4.501620e-01	4.501466e-01	1.466316e-12	
444	2.097500e-08	4.501620e-01	4.501466e-01	1.466296e-12	
445	2.102500e-08	4.501620e-01	4.501466e-01	1.466272e-12	
446	2.107500e-08	4.501620e-01	4.501466e-01	1.466252e-12	
447	2.112500e-08	4.501620e-01	4.501466e-01	1.466228e-12	
448	2.117500e-08	4.501620e-01	4.501466e-01	1.466208e-12	
449	2.122500e-08	4.501620e-01	4.501466e-01	1.466184e-12	
450	2.127500e-08	4.501620e-01	4.501466e-01	1.466163e-12	
451	2.132500e-08	4.501620e-01	4.501466e-01	1.466140e-12	
452	2.137500e-08	4.501620e-01	4.501466e-01	1.466119e-12	
453	2.142500e-08	4.501620e-01	4.501466e-01	1.466096e-12	
454	2.147500e-08	4.501620e-01	4.501466e-01	1.466075e-12	
455	2.152500e-08	4.501620e-01	4.501466e-01	1.466051e-12	
456	2.157500e-08	4.501620e-01	4.501466e-01	1.466031e-12	
457	2.162500e-08	4.501620e-01	4.501466e-01	1.466007e-12	
458	2.167500e-08	4.501620e-01	4.501466e-01	1.465987e-12	
459	2.172500e-08	4.501620e-01	4.501466e-01	1.465963e-12	
460	2.177500e-08	4.501620e-01	4.501466e-01	1.465942e-12	

Index   time            v(cell)         v(bl)           vpre#branch     
--------------------------------------------------------------------------------
461	2.182500e-08	4.501620e-01	4.501466e-01	1.465919e-12	
462	2.187500e-08	4.501620e-01	4.501466e-01	1.465898e-12	
463	2.192500e-08	4.501620e-01	4.501466e-01	1.465875e-12	
464	2.196250e-08	4.501620e-01	4.501466e-01	1.465860e-12	
465	2.200000e-08	4.501620e-01	4.501466e-01	1.465841e-12	
466	2.200500e-08	4.501607e-01	4.458568e-01	-4.14322e-11	
467	2.201500e-08	4.501582e-01	4.373902e-01	-1.26098e-10	
468	2.203500e-08	4.501532e-01	4.209438e-01	-2.90562e-10	
469	2.207500e-08	4.501431e-01	3.893747e-01	-6.06253e-10	
470	2.212500e-08	4.501305e-01	3.520008e-01	-9.79992e-10	
471	2.217500e-08	4.501179e-01	3.166170e-01	-1.33383e-09	
472	2.222500e-08	4.501055e-01	2.829956e-01	-1.67004e-09	
473	2.227500e-08	4.500932e-01	2.510269e-01	-1.98973e-09	
474	2.232500e-08	4.500809e-01	2.206677e-01	-2.29332e-09	
475	2.237500e-08	4.500688e-01	1.918477e-01	-2.58152e-09	
476	2.242500e-08	4.500567e-01	1.645104e-01	-2.85490e-09	
477	2.247500e-08	4.500447e-01	1.386539e-01	-3.11346e-09	
478	2.252500e-08	4.500327e-01	1.142418e-01	-3.35758e-09	
479	2.257500e-08	4.500208e-01	9.122894e-02	-3.58771e-09	
480	2.262500e-08	4.500088e-01	6.956209e-02	-3.80438e-09	
481	2.267500e-08	4.499969e-01	4.918136e-02	-4.00819e-09	
482	2.272500e-08	4.499850e-01	3.002288e-02	-4.19977e-09	
483	2.277500e-08	4.499730e-01	1.202114e-02	-4.37979e-09	
484	2.282500e-08	4.499611e-01	-4.88909e-03	-4.54889e-09	
485	2.287500e-08	4.499492e-01	-2.07714e-02	-4.70771e-09	
486	2.292500e-08	4.499373e-01	-3.56868e-02	-4.85687e-09	
487	2.296250e-08	4.499283e-01	-4.62723e-02	-4.96272e-09	
488	2.300000e-08	4.499194e-01	-5.63702e-02	-5.06370e-09	
489	2.300500e-08	4.499194e-01	-5.32049e-02	-5.03205e-09	
490	2.301500e-08	4.499194e-01	-4.69140e-02	-4.96914e-09	
491	2.303500e-08	4.499194e-01	-3.45667e-02	-4.84567e-09	
492	2.307500e-08	4.499194e-01	-1.07813e-02	-4.60781e-09	
493	2.312500e-08	4.499194e-01	1.731843e-02	-4.32682e-09	
494	2.317500e-08	4.499194e-01	4.370457e-02	-4.06295e-09	
495	2.322500e-08	4.499194e-01	6.848160e-02	-3.81518e-09	
496	2.327500e-08	4.499194e-01	9.174764e-02	-3.58252e-09	
497	2.332500e-08	4.499194e-01	1.135949e-01	-3.36405e-09	
498	2.337500e-08	4.499194e-01	1.341098e-01	-3.15890e-09	
499	2.342500e-08	4.499194e-01	1.533736e-01	-2.96626e-09	
500	2.347500e-08	4.499194e-01	1.714627e-01	-2.78537e-09	
501	2.352500e-08	4.499194e-01	1.884487e-01	-2.61551e-09	
502	2.357500e-08	4.499194e-01	2.043988e-01	-2.45601e-09	
503	2.362500e-08	4.499194e-01	2.193762e-01	-2.30624e-09	
504	2.367500e-08	4.499194e-01	2.334403e-01	-2.16560e-09	
505	2.372500e-08	4.499194e-01	2.466467e-01	-2.03353e-09	
506	2.377500e-08	4.499194e-01	2.590478e-01	-1.90952e-09	
507	2.382500e-08	4.499194e-01	2.706925e-01	-1.79307e-09	
508	2.387500e-08	4.499194e-01	2.816272e-01	-1.68373e-09	
509	2.392500e-08	4.499194e-01	2.918950e-01	-1.58105e-09	
510	2.397500e-08	4.499194e-01	3.015367e-01	-1.48463e-09	
511	2.402500e-08	4.499194e-01	3.105904e-01	-1.39410e-09	
512	2.407500e-08	4.499194e-01	3.190920e-01	-1.30908e-09	
513	2.412500e-08	4.499194e-01	3.270751e-01	-1.22925e-09	
514	2.417500e-08	4.499194e-01	3.345714e-01	-1.15429e-09	
515	2.422500e-08	4.499194e-01	3.416106e-01	-1.08389e-09	
516	2.427500e-08	4.499194e-01	3.482205e-01	-1.01780e-09	
517	2.432500e-08	4.499194e-01	3.544273e-01	-9.55727e-10	
518	2.437500e-08	4.499194e-01	3.602555e-01	-8.97445e-10	

Index   time            v(cell)         v(bl)           vpre#branch     
--------------------------------------------------------------------------------
519	2.442500e-08	4.499194e-01	3.657284e-01	-8.42716e-10	
520	2.447500e-08	4.499194e-01	3.708675e-01	-7.91325e-10	
521	2.452500e-08	4.499194e-01	3.756932e-01	-7.43068e-10	
522	2.457500e-08	4.499194e-01	3.802247e-01	-6.97753e-10	
523	2.462500e-08	4.499194e-01	3.844798e-01	-6.55202e-10	
524	2.467500e-08	4.499194e-01	3.884754e-01	-6.15246e-10	
525	2.472500e-08	4.499194e-01	3.922273e-01	-5.77727e-10	
526	2.477500e-08	4.499194e-01	3.957504e-01	-5.42496e-10	
527	2.482500e-08	4.499194e-01	3.990587e-01	-5.09413e-10	
528	2.487500e-08	4.499194e-01	4.021653e-01	-4.78347e-10	
529	2.492500e-08	4.499194e-01	4.050824e-01	-4.49176e-10	
530	2.497500e-08	4.499194e-01	4.078216e-01	-4.21784e-10	
531	2.502500e-08	4.499194e-01	4.103937e-01	-3.96063e-10	
532	2.507500e-08	4.499194e-01	4.128090e-01	-3.71910e-10	
533	2.512500e-08	4.499194e-01	4.150770e-01	-3.49230e-10	
534	2.517500e-08	4.499194e-01	4.172067e-01	-3.27933e-10	
535	2.522500e-08	4.499194e-01	4.192065e-01	-3.07935e-10	
536	2.527500e-08	4.499194e-01	4.210844e-01	-2.89156e-10	
537	2.532500e-08	4.499194e-01	4.228478e-01	-2.71522e-10	
538	2.537500e-08	4.499194e-01	4.245036e-01	-2.54964e-10	
539	2.542500e-08	4.499194e-01	4.260584e-01	-2.39416e-10	
540	2.547500e-08	4.499194e-01	4.275185e-01	-2.24815e-10	
541	2.552500e-08	4.499194e-01	4.288894e-01	-2.11106e-10	
542	2.557500e-08	4.499194e-01	4.301768e-01	-1.98232e-10	
543	2.562500e-08	4.499194e-01	4.313857e-01	-1.86143e-10	
544	2.567500e-08	4.499194e-01	4.325208e-01	-1.74792e-10	
545	2.572500e-08	4.499194e-01	4.335868e-01	-1.64132e-10	
546	2.577500e-08	4.499194e-01	4.345877e-01	-1.54123e-10	
547	2.582500e-08	4.499194e-01	4.355276e-01	-1.44724e-10	
548	2.587500e-08	4.499194e-01	4.364101e-01	-1.35899e-10	
549	2.592500e-08	4.499194e-01	4.372389e-01	-1.27611e-10	
550	2.597500e-08	4.499194e-01	4.380171e-01	-1.19829e-10	
551	2.602500e-08	4.499194e-01	4.387478e-01	-1.12522e-10	
552	2.607500e-08	4.499194e-01	4.394340e-01	-1.05660e-10	
553	2.612500e-08	4.499194e-01	4.400784e-01	-9.92162e-11	
554	2.617500e-08	4.499194e-01	4.406834e-01	-9.31657e-11	
555	2.622500e-08	4.499194e-01	4.412516e-01	-8.74842e-11	
556	2.627500e-08	4.499194e-01	4.417851e-01	-8.21492e-11	
557	2.632500e-08	4.499194e-01	4.422860e-01	-7.71395e-11	
558	2.637500e-08	4.499194e-01	4.427565e-01	-7.24353e-11	
559	2.642500e-08	4.499194e-01	4.431982e-01	-6.80180e-11	
560	2.647500e-08	4.499194e-01	4.436130e-01	-6.38701e-11	
561	2.652500e-08	4.499194e-01	4.440025e-01	-5.99751e-11	
562	2.657500e-08	4.499194e-01	4.443682e-01	-5.63177e-11	
563	2.662500e-08	4.499194e-01	4.447117e-01	-5.28833e-11	
564	2.667500e-08	4.499194e-01	4.450342e-01	-4.96583e-11	
565	2.672500e-08	4.499194e-01	4.453370e-01	-4.66300e-11	
566	2.677500e-08	4.499194e-01	4.456214e-01	-4.37864e-11	
567	2.682500e-08	4.499194e-01	4.458884e-01	-4.11162e-11	
568	2.687500e-08	4.499194e-01	4.461391e-01	-3.86088e-11	
569	2.692500e-08	4.499194e-01	4.463746e-01	-3.62543e-11	
570	2.697500e-08	4.499194e-01	4.465957e-01	-3.40434e-11	
571	2.702500e-08	4.499194e-01	4.468033e-01	-3.19674e-11	
572	2.707500e-08	4.499194e-01	4.469982e-01	-3.00179e-11	
573	2.712500e-08	4.499194e-01	4.471813e-01	-2.81873e-11	
574	2.717500e-08	4.499194e-01	4.473532e-01	-2.64684e-11	
575	2.722500e-08	4.499194e-01	4.475146e-01	-2.48543e-11	
576	2.727500e-08	4.499194e-01	4.476661e-01	-2.33386e-11	

Index   time            v(cell)         v(bl)           vpre#branch     
--------------------------------------------------------------------------------
577	2.732500e-08	4.499194e-01	4.478085e-01	-2.19153e-11	
578	2.737500e-08	4.499194e-01	4.479421e-01	-2.05789e-11	
579	2.742500e-08	4.499194e-01	4.480676e-01	-1.93239e-11	
580	2.747500e-08	4.499194e-01	4.481854e-01	-1.81455e-11	
581	2.752500e-08	4.499194e-01	4.482961e-01	-1.70389e-11	
582	2.757500e-08	4.499194e-01	4.484000e-01	-1.59999e-11	
583	2.762500e-08	4.499194e-01	4.484976e-01	-1.50241e-11	
584	2.767500e-08	4.499194e-01	4.485892e-01	-1.41079e-11	
585	2.772500e-08	4.499194e-01	4.486752e-01	-1.32476e-11	
586	2.777500e-08	4.499194e-01	4.487560e-01	-1.24397e-11	
587	2.782500e-08	4.499194e-01	4.488319e-01	-1.16811e-11	
588	2.787500e-08	4.499194e-01	4.489031e-01	-1.09688e-11	
589	2.792500e-08	4.499194e-01	4.489700e-01	-1.02999e-11	
590	2.797500e-08	4.499194e-01	4.490328e-01	-9.67174e-12	
591	2.802500e-08	4.499194e-01	4.490918e-01	-9.08193e-12	
592	2.807500e-08	4.499194e-01	4.491472e-01	-8.52809e-12	
593	2.812500e-08	4.499194e-01	4.491992e-01	-8.00803e-12	
594	2.817500e-08	4.499194e-01	4.492480e-01	-7.51967e-12	
595	2.822500e-08	4.499194e-01	4.492939e-01	-7.06110e-12	
596	2.827500e-08	4.499194e-01	4.493370e-01	-6.63050e-12	
597	2.832500e-08	4.499194e-01	4.493774e-01	-6.22615e-12	
598	2.837500e-08	4.499194e-01	4.494154e-01	-5.84646e-12	
599	2.842500e-08	4.499194e-01	4.494510e-01	-5.48993e-12	
600	2.847500e-08	4.499194e-01	4.494845e-01	-5.15514e-12	
601	2.852500e-08	4.499194e-01	4.495159e-01	-4.84077e-12	
602	2.857500e-08	4.499194e-01	4.495454e-01	-4.54556e-12	
603	2.862500e-08	4.499194e-01	4.495732e-01	-4.26836e-12	
604	2.867500e-08	4.499194e-01	4.495992e-01	-4.00806e-12	
605	2.872500e-08	4.499194e-01	4.496236e-01	-3.76364e-12	
606	2.877500e-08	4.499194e-01	4.496466e-01	-3.53412e-12	
607	2.882500e-08	4.499194e-01	4.496681e-01	-3.31860e-12	
608	2.887500e-08	4.499194e-01	4.496884e-01	-3.11623e-12	
609	2.892500e-08	4.499194e-01	4.497074e-01	-2.92619e-12	
610	2.897500e-08	4.499194e-01	4.497252e-01	-2.74774e-12	
611	2.902500e-08	4.499194e-01	4.497420e-01	-2.58018e-12	
612	2.907500e-08	4.499194e-01	4.497577e-01	-2.42283e-12	
613	2.912500e-08	4.499194e-01	4.497725e-01	-2.27508e-12	
614	2.917500e-08	4.499194e-01	4.497864e-01	-2.13634e-12	
615	2.922500e-08	4.499194e-01	4.497994e-01	-2.00606e-12	
616	2.927500e-08	4.499194e-01	4.498116e-01	-1.88373e-12	
617	2.932500e-08	4.499194e-01	4.498231e-01	-1.76885e-12	
618	2.937500e-08	4.499194e-01	4.498339e-01	-1.66098e-12	
619	2.942500e-08	4.499194e-01	4.498440e-01	-1.55969e-12	
620	2.947500e-08	4.499194e-01	4.498535e-01	-1.46458e-12	
621	2.952500e-08	4.499194e-01	4.498625e-01	-1.37526e-12	
622	2.957500e-08	4.499194e-01	4.498709e-01	-1.29139e-12	
623	2.962500e-08	4.499194e-01	4.498787e-01	-1.21264e-12	
624	2.967500e-08	4.499194e-01	4.498861e-01	-1.13869e-12	
625	2.972500e-08	4.499194e-01	4.498931e-01	-1.06925e-12	
626	2.977500e-08	4.499194e-01	4.498996e-01	-1.00405e-12	
627	2.982500e-08	4.499194e-01	4.499057e-01	-9.42816e-13	
628	2.987500e-08	4.499194e-01	4.499115e-01	-8.85320e-13	
629	2.992500e-08	4.499194e-01	4.499169e-01	-8.31331e-13	
630	2.997500e-08	4.499194e-01	4.499219e-01	-7.80634e-13	
631	3.002500e-08	4.499194e-01	4.499267e-01	-7.33029e-13	
632	3.007500e-08	4.499194e-01	4.499312e-01	-6.88327e-13	
633	3.012500e-08	4.499194e-01	4.499354e-01	-6.46351e-13	
634	3.017500e-08	4.499194e-01	4.499393e-01	-6.06935e-13	

Index   time            v(cell)         v(bl)           vpre#branch     
--------------------------------------------------------------------------------
635	3.022500e-08	4.499194e-01	4.499430e-01	-5.69922e-13	
636	3.027500e-08	4.499194e-01	4.499465e-01	-5.35167e-13	
637	3.032500e-08	4.499194e-01	4.499497e-01	-5.02531e-13	
638	3.037500e-08	4.499194e-01	4.499528e-01	-4.71885e-13	
639	3.042500e-08	4.499194e-01	4.499557e-01	-4.43108e-13	
640	3.047500e-08	4.499194e-01	4.499584e-01	-4.16086e-13	
641	3.052500e-08	4.499194e-01	4.499609e-01	-3.90712e-13	
642	3.057500e-08	4.499194e-01	4.499633e-01	-3.66885e-13	
643	3.062500e-08	4.499194e-01	4.499655e-01	-3.44512e-13	
644	3.067500e-08	4.499194e-01	4.499676e-01	-3.23502e-13	
645	3.072500e-08	4.499194e-01	4.499696e-01	-3.03774e-13	
646	3.077500e-08	4.499194e-01	4.499715e-01	-2.85249e-13	
647	3.082500e-08	4.499194e-01	4.499732e-01	-2.67854e-13	
648	3.087500e-08	4.499194e-01	4.499748e-01	-2.51520e-13	
649	3.092500e-08	4.499194e-01	4.499764e-01	-2.36181e-13	
650	3.097500e-08	4.499194e-01	4.499778e-01	-2.21778e-13	
651	3.102500e-08	4.499194e-01	4.499792e-01	-2.08254e-13	
652	3.107500e-08	4.499194e-01	4.499804e-01	-1.95554e-13	
653	3.112500e-08	4.499194e-01	4.499816e-01	-1.83628e-13	
654	3.117500e-08	4.499194e-01	4.499828e-01	-1.72430e-13	
655	3.122500e-08	4.499194e-01	4.499838e-01	-1.61915e-13	
656	3.127500e-08	4.499194e-01	4.499848e-01	-1.52041e-13	
657	3.132500e-08	4.499194e-01	4.499857e-01	-1.42769e-13	
658	3.137500e-08	4.499194e-01	4.499866e-01	-1.34063e-13	
659	3.142500e-08	4.499194e-01	4.499874e-01	-1.25887e-13	
660	3.147500e-08	4.499194e-01	4.499882e-01	-1.18210e-13	
661	3.152500e-08	4.499194e-01	4.499889e-01	-1.11001e-13	
662	3.157500e-08	4.499194e-01	4.499896e-01	-1.04232e-13	
663	3.162500e-08	4.499194e-01	4.499902e-01	-9.78759e-14	
664	3.167500e-08	4.499194e-01	4.499908e-01	-9.19072e-14	
665	3.172500e-08	4.499194e-01	4.499914e-01	-8.63024e-14	
666	3.177500e-08	4.499194e-01	4.499919e-01	-8.10395e-14	
667	3.182500e-08	4.499194e-01	4.499924e-01	-7.60975e-14	
668	3.187500e-08	4.499194e-01	4.499929e-01	-7.14569e-14	
669	3.192500e-08	4.499194e-01	4.499933e-01	-6.70992e-14	
670	3.197500e-08	4.499194e-01	4.499937e-01	-6.30074e-14	
671	3.202500e-08	4.499194e-01	4.499941e-01	-5.91650e-14	
672	3.207500e-08	4.499194e-01	4.499944e-01	-5.55570e-14	
673	3.212500e-08	4.499194e-01	4.499948e-01	-5.21690e-14	
674	3.217500e-08	4.499194e-01	4.499951e-01	-4.89876e-14	
675	3.222500e-08	4.499194e-01	4.499954e-01	-4.60002e-14	
676	3.227500e-08	4.499194e-01	4.499957e-01	-4.31950e-14	
677	3.232500e-08	4.499194e-01	4.499959e-01	-4.05608e-14	
678	3.237500e-08	4.499194e-01	4.499962e-01	-3.80873e-14	
679	3.242500e-08	4.499194e-01	4.499964e-01	-3.57647e-14	
680	3.247500e-08	4.499194e-01	4.499966e-01	-3.35836e-14	
681	3.252500e-08	4.499194e-01	4.499968e-01	-3.15356e-14	
682	3.257500e-08	4.499194e-01	4.499970e-01	-2.96125e-14	
683	3.262500e-08	4.499194e-01	4.499972e-01	-2.78067e-14	
684	3.267500e-08	4.499194e-01	4.499974e-01	-2.61109e-14	
685	3.272500e-08	4.499194e-01	4.499975e-01	-2.45186e-14	
686	3.277500e-08	4.499194e-01	4.499977e-01	-2.30234e-14	
687	3.282500e-08	4.499194e-01	4.499978e-01	-2.16194e-14	
688	3.287500e-08	4.499194e-01	4.499980e-01	-2.03010e-14	
689	3.292500e-08	4.499194e-01	4.499981e-01	-1.90630e-14	
690	3.297500e-08	4.499194e-01	4.499982e-01	-1.79005e-14	
691	3.302500e-08	4.499194e-01	4.499983e-01	-1.68089e-14	
692	3.307500e-08	4.499194e-01	4.499984e-01	-1.57838e-14	

Index   time            v(cell)         v(bl)           vpre#branch     
--------------------------------------------------------------------------------
693	3.312500e-08	4.499194e-01	4.499985e-01	-1.48213e-14	
694	3.317500e-08	4.499194e-01	4.499986e-01	-1.39175e-14	
695	3.322500e-08	4.499194e-01	4.499987e-01	-1.30688e-14	
696	3.327500e-08	4.499194e-01	4.499988e-01	-1.22718e-14	
697	3.332500e-08	4.499194e-01	4.499988e-01	-1.15234e-14	
698	3.337500e-08	4.499194e-01	4.499989e-01	-1.08207e-14	
699	3.342500e-08	4.499194e-01	4.499990e-01	-1.01609e-14	
700	3.347500e-08	4.499194e-01	4.499990e-01	-9.54122e-15	
701	3.352500e-08	4.499194e-01	4.499991e-01	-8.95938e-15	
702	3.357500e-08	4.499194e-01	4.499992e-01	-8.41302e-15	
703	3.362500e-08	4.499194e-01	4.499992e-01	-7.89998e-15	
704	3.367500e-08	4.499194e-01	4.499993e-01	-7.41823e-15	
705	3.372500e-08	4.499194e-01	4.499993e-01	-6.96585e-15	
706	3.377500e-08	4.499194e-01	4.499993e-01	-6.54107e-15	
707	3.382500e-08	4.499194e-01	4.499994e-01	-6.14218e-15	
708	3.387500e-08	4.499194e-01	4.499994e-01	-5.76763e-15	
709	3.392500e-08	4.499194e-01	4.499995e-01	-5.41591e-15	
710	3.397500e-08	4.499194e-01	4.499995e-01	-5.08564e-15	
711	3.402500e-08	4.499194e-01	4.499995e-01	-4.77551e-15	
712	3.407500e-08	4.499194e-01	4.499996e-01	-4.48430e-15	
713	3.412500e-08	4.499194e-01	4.499996e-01	-4.21084e-15	
714	3.417500e-08	4.499194e-01	4.499996e-01	-3.95406e-15	
715	3.422500e-08	4.499194e-01	4.499996e-01	-3.71294e-15	
716	3.427500e-08	4.499194e-01	4.499997e-01	-3.48653e-15	
717	3.432500e-08	4.499194e-01	4.499997e-01	-3.27392e-15	
718	3.437500e-08	4.499194e-01	4.499997e-01	-3.07427e-15	
719	3.442500e-08	4.499194e-01	4.499997e-01	-2.88681e-15	
720	3.447500e-08	4.499194e-01	4.499997e-01	-2.71077e-15	
721	3.452500e-08	4.499194e-01	4.499997e-01	-2.54547e-15	
722	3.457500e-08	4.499194e-01	4.499998e-01	-2.39025e-15	
723	3.462500e-08	4.499194e-01	4.499998e-01	-2.24449e-15	
724	3.467500e-08	4.499194e-01	4.499998e-01	-2.10763e-15	
725	3.472500e-08	4.499194e-01	4.499998e-01	-1.97911e-15	
726	3.477500e-08	4.499194e-01	4.499998e-01	-1.85843e-15	
727	3.482500e-08	4.499194e-01	4.499998e-01	-1.74510e-15	
728	3.487500e-08	4.499194e-01	4.499998e-01	-1.63869e-15	
729	3.492500e-08	4.499194e-01	4.499998e-01	-1.53877e-15	
730	3.497500e-08	4.499194e-01	4.499999e-01	-1.44494e-15	
731	3.502500e-08	4.499194e-01	4.499999e-01	-1.35683e-15	
732	3.507500e-08	4.499194e-01	4.499999e-01	-1.27410e-15	
733	3.512500e-08	4.499194e-01	4.499999e-01	-1.19641e-15	
734	3.517500e-08	4.499194e-01	4.499999e-01	-1.12346e-15	
735	3.522500e-08	4.499194e-01	4.499999e-01	-1.05496e-15	
736	3.527500e-08	4.499194e-01	4.499999e-01	-9.90631e-16	
737	3.532500e-08	4.499194e-01	4.499999e-01	-9.30228e-16	
738	3.537500e-08	4.499194e-01	4.499999e-01	-8.73509e-16	
739	3.542500e-08	4.499194e-01	4.499999e-01	-8.20250e-16	
740	3.547500e-08	4.499194e-01	4.499999e-01	-7.70238e-16	
741	3.552500e-08	4.499194e-01	4.499999e-01	-7.23276e-16	
742	3.557500e-08	4.499194e-01	4.499999e-01	-6.79177e-16	
743	3.562500e-08	4.499194e-01	4.499999e-01	-6.37768e-16	
744	3.567500e-08	4.499194e-01	4.499999e-01	-5.98884e-16	
745	3.572500e-08	4.499194e-01	4.499999e-01	-5.62371e-16	
746	3.577500e-08	4.499194e-01	4.499999e-01	-5.28085e-16	
747	3.582500e-08	4.499194e-01	4.500000e-01	-4.95890e-16	
748	3.587500e-08	4.499194e-01	4.500000e-01	-4.65658e-16	
749	3.592500e-08	4.499194e-01	4.500000e-01	-4.37271e-16	
750	3.597500e-08	4.499194e-01	4.500000e-01	-4.10614e-16	

Index   time            v(cell)         v(bl)           vpre#branch     
--------------------------------------------------------------------------------
751	3.602500e-08	4.499194e-01	4.500000e-01	-3.85583e-16	
752	3.607500e-08	4.499194e-01	4.500000e-01	-3.62078e-16	
753	3.612500e-08	4.499194e-01	4.500000e-01	-3.40006e-16	
754	3.617500e-08	4.499194e-01	4.500000e-01	-3.19281e-16	
755	3.622500e-08	4.499194e-01	4.500000e-01	-2.99820e-16	
756	3.627500e-08	4.499194e-01	4.500000e-01	-2.81545e-16	
757	3.632500e-08	4.499194e-01	4.500000e-01	-2.64385e-16	
758	3.637500e-08	4.499194e-01	4.500000e-01	-2.48271e-16	
759	3.642500e-08	4.499194e-01	4.500000e-01	-2.33140e-16	
760	3.647500e-08	4.499194e-01	4.500000e-01	-2.18931e-16	
761	3.652500e-08	4.499194e-01	4.500000e-01	-2.05590e-16	
762	3.657500e-08	4.499194e-01	4.500000e-01	-1.93062e-16	
763	3.662500e-08	4.499194e-01	4.500000e-01	-1.81298e-16	
764	3.667500e-08	4.499194e-01	4.500000e-01	-1.70251e-16	
765	3.672500e-08	4.499194e-01	4.500000e-01	-1.59878e-16	
766	3.677500e-08	4.499194e-01	4.500000e-01	-1.50137e-16	
767	3.682500e-08	4.499194e-01	4.500000e-01	-1.40990e-16	
768	3.687500e-08	4.499194e-01	4.500000e-01	-1.32401e-16	
769	3.692500e-08	4.499194e-01	4.500000e-01	-1.24337e-16	
770	3.697500e-08	4.499194e-01	4.500000e-01	-1.16764e-16	
771	3.702500e-08	4.499194e-01	4.500000e-01	-1.09653e-16	
772	3.707500e-08	4.499194e-01	4.500000e-01	-1.02975e-16	
773	3.712500e-08	4.499194e-01	4.500000e-01	-9.67047e-17	
774	3.717500e-08	4.499194e-01	4.500000e-01	-9.08165e-17	
775	3.722500e-08	4.499194e-01	4.500000e-01	-8.52873e-17	
776	3.727500e-08	4.499194e-01	4.500000e-01	-8.00954e-17	
777	3.732500e-08	4.499194e-01	4.500000e-01	-7.52205e-17	
778	3.737500e-08	4.499194e-01	4.500000e-01	-7.06429e-17	
779	3.742500e-08	4.499194e-01	4.500000e-01	-6.63444e-17	
780	3.747500e-08	4.499194e-01	4.500000e-01	-6.23076e-17	
781	3.752500e-08	4.499194e-01	4.500000e-01	-5.85166e-17	
782	3.757500e-08	4.499194e-01	4.500000e-01	-5.49568e-17	
783	3.762500e-08	4.499194e-01	4.500000e-01	-5.16145e-17	
784	3.767500e-08	4.499194e-01	4.500000e-01	-4.84760e-17	
785	3.772500e-08	4.499194e-01	4.500000e-01	-4.55285e-17	
786	3.777500e-08	4.499194e-01	4.500000e-01	-4.27612e-17	
787	3.782500e-08	4.499194e-01	4.500000e-01	-4.01626e-17	
788	3.787500e-08	4.499194e-01	4.500000e-01	-3.77225e-17	
789	3.792500e-08	4.499194e-01	4.500000e-01	-3.54316e-17	
790	3.797500e-08	4.499194e-01	4.500000e-01	-3.32804e-17	
791	3.802500e-08	4.499194e-01	4.500000e-01	-3.12600e-17	
792	3.807500e-08	4.499194e-01	4.500000e-01	-2.93628e-17	
793	3.812500e-08	4.499194e-01	4.500000e-01	-2.75813e-17	
794	3.817500e-08	4.499194e-01	4.500000e-01	-2.59080e-17	
795	3.822500e-08	4.499194e-01	4.500000e-01	-2.43372e-17	
796	3.827500e-08	4.499194e-01	4.500000e-01	-2.28621e-17	
797	3.832500e-08	4.499194e-01	4.500000e-01	-2.14770e-17	
798	3.837500e-08	4.499194e-01	4.500000e-01	-2.01768e-17	
799	3.842500e-08	4.499194e-01	4.500000e-01	-1.89559e-17	
800	3.847500e-08	4.499194e-01	4.500000e-01	-1.78095e-17	
801	3.852500e-08	4.499194e-01	4.500000e-01	-1.67325e-17	
802	3.857500e-08	4.499194e-01	4.500000e-01	-1.57208e-17	
803	3.862500e-08	4.499194e-01	4.500000e-01	-1.47712e-17	
804	3.867500e-08	4.499194e-01	4.500000e-01	-1.38800e-17	
805	3.872500e-08	4.499194e-01	4.500000e-01	-1.30426e-17	
806	3.877500e-08	4.499194e-01	4.500000e-01	-1.22564e-17	
807	3.882500e-08	4.499194e-01	4.500000e-01	-1.15181e-17	
808	3.887500e-08	4.499194e-01	4.500000e-01	-1.08248e-17	

Index   time            v(cell)         v(bl)           vpre#branch     
--------------------------------------------------------------------------------
809	3.892500e-08	4.499194e-01	4.500000e-01	-1.01738e-17	
810	3.897500e-08	4.499194e-01	4.500000e-01	-9.56244e-18	
811	3.902500e-08	4.499194e-01	4.500000e-01	-8.98882e-18	
812	3.907500e-08	4.499194e-01	4.500000e-01	-8.45019e-18	
813	3.912500e-08	4.499194e-01	4.500000e-01	-7.94440e-18	
814	3.917500e-08	4.499194e-01	4.500000e-01	-7.46945e-18	
815	3.922500e-08	4.499194e-01	4.500000e-01	-7.02306e-18	
816	3.927500e-08	4.499194e-01	4.500000e-01	-6.60388e-18	
817	3.932500e-08	4.499194e-01	4.500000e-01	-6.21069e-18	
818	3.937500e-08	4.499194e-01	4.500000e-01	-5.84146e-18	
819	3.942500e-08	4.499194e-01	4.500000e-01	-5.49476e-18	
820	3.947500e-08	4.499194e-01	4.500000e-01	-5.16920e-18	
821	3.952500e-08	4.499194e-01	4.500000e-01	-4.86308e-18	
822	3.957500e-08	4.499194e-01	4.500000e-01	-4.57563e-18	
823	3.962500e-08	4.499194e-01	4.500000e-01	-4.30612e-18	
824	3.967500e-08	4.499194e-01	4.500000e-01	-4.05305e-18	
825	3.972500e-08	4.499194e-01	4.500000e-01	-3.81499e-18	
826	3.977500e-08	4.499194e-01	4.500000e-01	-3.59146e-18	
827	3.982500e-08	4.499194e-01	4.500000e-01	-3.38155e-18	
828	3.987500e-08	4.499194e-01	4.500000e-01	-3.18404e-18	
829	3.992500e-08	4.499194e-01	4.500000e-01	-2.99898e-18	
830	3.996250e-08	4.499194e-01	4.500000e-01	-2.86800e-18	
831	4.000000e-08	4.499194e-01	4.500000e-01	-2.74262e-18	


Total analysis time (seconds) = 0.0561252

Total elapsed time (seconds) = 0.064 

Total DRAM available = 386307.215 MB.
DRAM currently available = 1979.617 MB.
Maximum ngspice program size =  529.715 MB.
Current ngspice program size =   14.129 MB.

Shared ngspice pages =   12.316 MB.
Text (code) pages =    6.266 MB.
Stack = 0 bytes.
Library pages =   59.133 MB.

