
Note: No compatibility mode selected!


Circuit: * wl switching transient

Doing analysis at TEMP = 27.000000 and TNOM = 27.000000

Using SPARSE 1.3 as Direct Linear Solver

Initial Transient Solution
--------------------------

Node                                   Voltage
----                                   -------
d                                         0.45
g                                            0
s                                            0
vg#branch                                    0
vd#branch                         -2.01839e-14
vs#branch                          2.01839e-14


No. of Data Rows : 217
                            * wl switching transient
                            Transient Analysis  Tue Jun 23 21:10:22  2026
--------------------------------------------------------------------------------
Index   time            v(g)            vg#branch       
--------------------------------------------------------------------------------
0	0.000000e+00	0.000000e+00	0.000000e+00	
1	1.000000e-12	0.000000e+00	-8.06300e-23	
2	2.000000e-12	0.000000e+00	-8.06300e-23	
3	4.000000e-12	0.000000e+00	-8.06300e-23	
4	8.000000e-12	0.000000e+00	-2.52073e-22	
5	1.600000e-11	0.000000e+00	4.033590e-22	
6	3.200000e-11	0.000000e+00	-3.80656e-22	
7	6.400000e-11	0.000000e+00	3.920073e-22	
8	1.280000e-10	0.000000e+00	-3.73097e-22	
9	2.280000e-10	0.000000e+00	3.430239e-22	
10	3.280000e-10	0.000000e+00	-3.71660e-22	
11	4.280000e-10	0.000000e+00	3.430239e-22	
12	5.280000e-10	0.000000e+00	-3.71660e-22	
13	6.280000e-10	0.000000e+00	3.430239e-22	
14	7.280000e-10	0.000000e+00	-3.71660e-22	
15	8.280000e-10	0.000000e+00	3.430239e-22	
16	9.140000e-10	0.000000e+00	-3.77992e-22	
17	1.000000e-09	0.000000e+00	3.366918e-22	
18	1.010000e-09	9.000000e-03	-1.42621e-08	
19	1.030000e-09	2.700000e-02	-1.43528e-08	
20	1.070000e-09	6.300000e-02	-1.42625e-08	
21	1.150000e-09	1.350000e-01	-1.43526e-08	
22	1.250000e-09	2.250000e-01	-1.42627e-08	
23	1.350000e-09	3.150000e-01	-1.43527e-08	
24	1.450000e-09	4.050000e-01	-1.42648e-08	
25	1.550000e-09	4.950000e-01	-1.43711e-08	
26	1.650000e-09	5.850000e-01	-1.44242e-08	
27	1.750000e-09	6.750000e-01	-1.53178e-08	
28	1.850000e-09	7.650000e-01	-1.65592e-08	
29	1.925000e-09	8.325000e-01	-1.68863e-08	
30	2.000000e-09	9.000000e-01	-1.73313e-08	
31	2.010000e-09	9.000000e-01	-6.69013e-11	
32	2.030000e-09	9.000000e-01	6.638162e-11	
33	2.070000e-09	9.000000e-01	-6.61232e-11	
34	2.150000e-09	9.000000e-01	6.599436e-11	
35	2.250000e-09	9.000000e-01	-6.58915e-11	
36	2.350000e-09	9.000000e-01	6.578875e-11	
37	2.450000e-09	9.000000e-01	-6.56862e-11	
38	2.550000e-09	9.000000e-01	6.558378e-11	
39	2.650000e-09	9.000000e-01	-6.54815e-11	
40	2.750000e-09	9.000000e-01	6.537946e-11	
41	2.850000e-09	9.000000e-01	-6.52775e-11	
42	2.950000e-09	9.000000e-01	6.517577e-11	
43	3.050000e-09	9.000000e-01	-6.50742e-11	
44	3.150000e-09	9.000000e-01	6.497273e-11	
45	3.250000e-09	9.000000e-01	-6.48714e-11	
46	3.350000e-09	9.000000e-01	6.477032e-11	
47	3.450000e-09	9.000000e-01	-6.46694e-11	
48	3.550000e-09	9.000000e-01	6.456854e-11	
49	3.650000e-09	9.000000e-01	-6.44679e-11	
50	3.750000e-09	9.000000e-01	6.436740e-11	
51	3.850000e-09	9.000000e-01	-6.42671e-11	
52	3.950000e-09	9.000000e-01	6.416689e-11	
53	4.050000e-09	9.000000e-01	-6.40669e-11	
54	4.150000e-09	9.000000e-01	6.396700e-11	

Index   time            v(g)            vg#branch       
--------------------------------------------------------------------------------
55	4.250000e-09	9.000000e-01	-6.38673e-11	
56	4.350000e-09	9.000000e-01	6.376775e-11	
57	4.450000e-09	9.000000e-01	-6.36684e-11	
58	4.550000e-09	9.000000e-01	6.356911e-11	
59	4.650000e-09	9.000000e-01	-6.34700e-11	
60	4.750000e-09	9.000000e-01	6.337110e-11	
61	4.850000e-09	9.000000e-01	-6.32723e-11	
62	4.950000e-09	9.000000e-01	6.317371e-11	
63	5.050000e-09	9.000000e-01	-6.30752e-11	
64	5.150000e-09	9.000000e-01	6.297694e-11	
65	5.250000e-09	9.000000e-01	-6.28788e-11	
66	5.350000e-09	9.000000e-01	6.278078e-11	
67	5.450000e-09	9.000000e-01	-6.26829e-11	
68	5.550000e-09	9.000000e-01	6.258524e-11	
69	5.650000e-09	9.000000e-01	-6.24877e-11	
70	5.750000e-09	9.000000e-01	6.239031e-11	
71	5.850000e-09	9.000000e-01	-6.22931e-11	
72	5.950000e-09	9.000000e-01	6.219599e-11	
73	6.050000e-09	9.000000e-01	-6.20991e-11	
74	6.150000e-09	9.000000e-01	6.200228e-11	
75	6.250000e-09	9.000000e-01	-6.19056e-11	
76	6.350000e-09	9.000000e-01	6.180917e-11	
77	6.450000e-09	9.000000e-01	-6.17128e-11	
78	6.550000e-09	9.000000e-01	6.161667e-11	
79	6.650000e-09	9.000000e-01	-6.15206e-11	
80	6.750000e-09	9.000000e-01	6.142478e-11	
81	6.850000e-09	9.000000e-01	-6.13291e-11	
82	6.950000e-09	9.000000e-01	6.123348e-11	
83	7.050000e-09	9.000000e-01	-6.11381e-11	
84	7.150000e-09	9.000000e-01	6.104279e-11	
85	7.250000e-09	9.000000e-01	-6.09477e-11	
86	7.350000e-09	9.000000e-01	6.085269e-11	
87	7.450000e-09	9.000000e-01	-6.07579e-11	
88	7.550000e-09	9.000000e-01	6.066318e-11	
89	7.650000e-09	9.000000e-01	-6.05687e-11	
90	7.750000e-09	9.000000e-01	6.047427e-11	
91	7.850000e-09	9.000000e-01	-6.03800e-11	
92	7.950000e-09	9.000000e-01	6.028595e-11	
93	8.050000e-09	9.000000e-01	-6.01920e-11	
94	8.150000e-09	9.000000e-01	6.009823e-11	
95	8.250000e-09	9.000000e-01	-6.00046e-11	
96	8.350000e-09	9.000000e-01	5.991109e-11	
97	8.450000e-09	9.000000e-01	-5.98177e-11	
98	8.550000e-09	9.000000e-01	5.972453e-11	
99	8.650000e-09	9.000000e-01	-5.96315e-11	
100	8.750000e-09	9.000000e-01	5.953856e-11	
101	8.850000e-09	9.000000e-01	-5.94458e-11	
102	8.950000e-09	9.000000e-01	5.935317e-11	
103	9.050000e-09	9.000000e-01	-5.92607e-11	
104	9.150000e-09	9.000000e-01	5.916837e-11	
105	9.250000e-09	9.000000e-01	-5.90762e-11	
106	9.350000e-09	9.000000e-01	5.898414e-11	
107	9.450000e-09	9.000000e-01	-5.88922e-11	
108	9.550000e-09	9.000000e-01	5.880048e-11	
109	9.650000e-09	9.000000e-01	-5.87089e-11	
110	9.750000e-09	9.000000e-01	5.861741e-11	
111	9.850000e-09	9.000000e-01	-5.85261e-11	
112	9.925000e-09	9.000000e-01	5.840454e-11	

Index   time            v(g)            vg#branch       
--------------------------------------------------------------------------------
113	1.000000e-08	9.000000e-01	-5.82833e-11	
114	1.001000e-08	9.000000e-01	-2.26290e-13	
115	1.003000e-08	9.000000e-01	2.245229e-13	
116	1.007000e-08	9.000000e-01	-2.23644e-13	
117	1.015000e-08	9.000000e-01	2.232066e-13	
118	1.025000e-08	9.000000e-01	-2.22857e-13	
119	1.035000e-08	9.000000e-01	2.225077e-13	
120	1.045000e-08	9.000000e-01	-2.22159e-13	
121	1.055000e-08	9.000000e-01	2.218111e-13	
122	1.065000e-08	9.000000e-01	-2.21464e-13	
123	1.075000e-08	9.000000e-01	2.211166e-13	
124	1.085000e-08	9.000000e-01	-2.20770e-13	
125	1.095000e-08	9.000000e-01	2.204243e-13	
126	1.105000e-08	9.000000e-01	-2.20079e-13	
127	1.115000e-08	9.000000e-01	2.197342e-13	
128	1.125000e-08	9.000000e-01	-2.19390e-13	
129	1.135000e-08	9.000000e-01	2.190463e-13	
130	1.145000e-08	9.000000e-01	-2.18703e-13	
131	1.155000e-08	9.000000e-01	2.183605e-13	
132	1.165000e-08	9.000000e-01	-2.18018e-13	
133	1.175000e-08	9.000000e-01	2.176769e-13	
134	1.185000e-08	9.000000e-01	-2.17336e-13	
135	1.195000e-08	9.000000e-01	2.169955e-13	
136	1.205000e-08	9.000000e-01	-2.16656e-13	
137	1.215000e-08	9.000000e-01	2.163162e-13	
138	1.225000e-08	9.000000e-01	-2.15977e-13	
139	1.235000e-08	9.000000e-01	2.156390e-13	
140	1.245000e-08	9.000000e-01	-2.15301e-13	
141	1.255000e-08	9.000000e-01	2.149639e-13	
142	1.265000e-08	9.000000e-01	-2.14627e-13	
143	1.275000e-08	9.000000e-01	2.142910e-13	
144	1.285000e-08	9.000000e-01	-2.13955e-13	
145	1.295000e-08	9.000000e-01	2.136202e-13	
146	1.305000e-08	9.000000e-01	-2.13286e-13	
147	1.315000e-08	9.000000e-01	2.129515e-13	
148	1.325000e-08	9.000000e-01	-2.12618e-13	
149	1.335000e-08	9.000000e-01	2.122849e-13	
150	1.345000e-08	9.000000e-01	-2.11952e-13	
151	1.355000e-08	9.000000e-01	2.116204e-13	
152	1.365000e-08	9.000000e-01	-2.11289e-13	
153	1.375000e-08	9.000000e-01	2.109580e-13	
154	1.385000e-08	9.000000e-01	-2.10628e-13	
155	1.395000e-08	9.000000e-01	2.102977e-13	
156	1.405000e-08	9.000000e-01	-2.09968e-13	
157	1.415000e-08	9.000000e-01	2.096395e-13	
158	1.425000e-08	9.000000e-01	-2.09311e-13	
159	1.435000e-08	9.000000e-01	2.089833e-13	
160	1.445000e-08	9.000000e-01	-2.08656e-13	
161	1.455000e-08	9.000000e-01	2.083292e-13	
162	1.465000e-08	9.000000e-01	-2.08003e-13	
163	1.475000e-08	9.000000e-01	2.076771e-13	
164	1.485000e-08	9.000000e-01	-2.07352e-13	
165	1.495000e-08	9.000000e-01	2.070271e-13	
166	1.505000e-08	9.000000e-01	-2.06703e-13	
167	1.515000e-08	9.000000e-01	2.063791e-13	
168	1.525000e-08	9.000000e-01	-2.06056e-13	
169	1.535000e-08	9.000000e-01	2.057332e-13	
170	1.545000e-08	9.000000e-01	-2.05411e-13	

Index   time            v(g)            vg#branch       
--------------------------------------------------------------------------------
171	1.555000e-08	9.000000e-01	2.050893e-13	
172	1.565000e-08	9.000000e-01	-2.04768e-13	
173	1.575000e-08	9.000000e-01	2.044475e-13	
174	1.585000e-08	9.000000e-01	-2.04127e-13	
175	1.595000e-08	9.000000e-01	2.038076e-13	
176	1.605000e-08	9.000000e-01	-2.03488e-13	
177	1.615000e-08	9.000000e-01	2.031698e-13	
178	1.625000e-08	9.000000e-01	-2.02852e-13	
179	1.635000e-08	9.000000e-01	2.025340e-13	
180	1.645000e-08	9.000000e-01	-2.02217e-13	
181	1.655000e-08	9.000000e-01	2.019001e-13	
182	1.665000e-08	9.000000e-01	-2.01584e-13	
183	1.675000e-08	9.000000e-01	2.012683e-13	
184	1.685000e-08	9.000000e-01	-2.00953e-13	
185	1.695000e-08	9.000000e-01	2.006385e-13	
186	1.705000e-08	9.000000e-01	-2.00324e-13	
187	1.715000e-08	9.000000e-01	2.000106e-13	
188	1.725000e-08	9.000000e-01	-1.99697e-13	
189	1.735000e-08	9.000000e-01	1.993847e-13	
190	1.745000e-08	9.000000e-01	-1.99072e-13	
191	1.755000e-08	9.000000e-01	1.987608e-13	
192	1.765000e-08	9.000000e-01	-1.98450e-13	
193	1.775000e-08	9.000000e-01	1.981388e-13	
194	1.785000e-08	9.000000e-01	-1.97829e-13	
195	1.795000e-08	9.000000e-01	1.975188e-13	
196	1.805000e-08	9.000000e-01	-1.97210e-13	
197	1.815000e-08	9.000000e-01	1.969007e-13	
198	1.825000e-08	9.000000e-01	-1.96592e-13	
199	1.835000e-08	9.000000e-01	1.962846e-13	
200	1.845000e-08	9.000000e-01	-1.95977e-13	
201	1.855000e-08	9.000000e-01	1.956705e-13	
202	1.865000e-08	9.000000e-01	-1.95364e-13	
203	1.875000e-08	9.000000e-01	1.950582e-13	
204	1.885000e-08	9.000000e-01	-1.94753e-13	
205	1.895000e-08	9.000000e-01	1.944479e-13	
206	1.905000e-08	9.000000e-01	-1.94143e-13	
207	1.915000e-08	9.000000e-01	1.938395e-13	
208	1.925000e-08	9.000000e-01	-1.93536e-13	
209	1.935000e-08	9.000000e-01	1.932330e-13	
210	1.945000e-08	9.000000e-01	-1.92930e-13	
211	1.955000e-08	9.000000e-01	1.926284e-13	
212	1.965000e-08	9.000000e-01	-1.92327e-13	
213	1.975000e-08	9.000000e-01	1.920257e-13	
214	1.985000e-08	9.000000e-01	-1.91725e-13	
215	1.992500e-08	9.000000e-01	1.913250e-13	
216	2.000000e-08	9.000000e-01	-1.90926e-13	


Total analysis time (seconds) = 0.0348385

Total elapsed time (seconds) = 0.043 

Total DRAM available = 386307.215 MB.
DRAM currently available = 12847.988 MB.
Maximum ngspice program size =  529.719 MB.
Current ngspice program size =   14.035 MB.

Shared ngspice pages =   12.277 MB.
Text (code) pages =    6.266 MB.
Stack = 0 bytes.
Library pages =   59.137 MB.

