
Note: No compatibility mode selected!


Circuit: * id-vg sweep vds=0.9000v

Doing analysis at TEMP = 27.000000 and TNOM = 27.000000

Using SPARSE 1.3 as Direct Linear Solver

No. of Data Rows : 201

  Measurements for DC Analysis

ion                 =  -2.50689e-06 at=  9.00000e-01
ioff                =  -3.35383e-13

                           * id-vg sweep vds=0.9000v
                           DC transfer characteristic  Wed Jun 24 01:00:52  2026
--------------------------------------------------------------------------------
Index   v-sweep         vd#branch       
--------------------------------------------------------------------------------
0	0.000000e+00	-3.35383e-13	
1	4.500000e-03	-3.72014e-13	
2	9.000000e-03	-4.14948e-13	
3	1.350000e-02	-4.62836e-13	
4	1.800000e-02	-5.16252e-13	
5	2.250000e-02	-5.75832e-13	
6	2.700000e-02	-6.42288e-13	
7	3.150000e-02	-7.16414e-13	
8	3.600000e-02	-7.99094e-13	
9	4.050000e-02	-8.91317e-13	
10	4.500000e-02	-9.94182e-13	
11	4.950000e-02	-1.10892e-12	
12	5.400000e-02	-1.23690e-12	
13	5.850000e-02	-1.37965e-12	
14	6.300000e-02	-1.53887e-12	
15	6.750000e-02	-1.71647e-12	
16	7.200000e-02	-1.91456e-12	
17	7.650000e-02	-2.13552e-12	
18	8.100000e-02	-2.38197e-12	
19	8.550000e-02	-2.65687e-12	
20	9.000000e-02	-2.96349e-12	
21	9.450000e-02	-3.30549e-12	
22	9.900000e-02	-3.68697e-12	
23	1.035000e-01	-4.11247e-12	
24	1.080000e-01	-4.58707e-12	
25	1.125000e-01	-5.11644e-12	
26	1.170000e-01	-5.70690e-12	
27	1.215000e-01	-6.36550e-12	
28	1.260000e-01	-7.10011e-12	
29	1.305000e-01	-7.91948e-12	
30	1.350000e-01	-8.83341e-12	
31	1.395000e-01	-9.85279e-12	
32	1.440000e-01	-1.09898e-11	
33	1.485000e-01	-1.22580e-11	
34	1.530000e-01	-1.36726e-11	
35	1.575000e-01	-1.52504e-11	
36	1.620000e-01	-1.70102e-11	
37	1.665000e-01	-1.89731e-11	
38	1.710000e-01	-2.11624e-11	
39	1.755000e-01	-2.36043e-11	
40	1.800000e-01	-2.63280e-11	
41	1.845000e-01	-2.93659e-11	
42	1.890000e-01	-3.27542e-11	
43	1.935000e-01	-3.65334e-11	
44	1.980000e-01	-4.07485e-11	
45	2.025000e-01	-4.54497e-11	
46	2.070000e-01	-5.06932e-11	
47	2.115000e-01	-5.65413e-11	
48	2.160000e-01	-6.30638e-11	
49	2.205000e-01	-7.03384e-11	
50	2.250000e-01	-7.84516e-11	
51	2.295000e-01	-8.75001e-11	
52	2.340000e-01	-9.75916e-11	
53	2.385000e-01	-1.08846e-10	
54	2.430000e-01	-1.21397e-10	

Index   v-sweep         vd#branch       
--------------------------------------------------------------------------------
55	2.475000e-01	-1.35394e-10	
56	2.520000e-01	-1.51003e-10	
57	2.565000e-01	-1.68410e-10	
58	2.610000e-01	-1.87821e-10	
59	2.655000e-01	-2.09465e-10	
60	2.700000e-01	-2.34897e-10	
61	2.745000e-01	-2.61956e-10	
62	2.790000e-01	-2.92126e-10	
63	2.835000e-01	-3.25763e-10	
64	2.880000e-01	-3.63263e-10	
65	2.925000e-01	-4.05067e-10	
66	2.970000e-01	-4.51667e-10	
67	3.015000e-01	-5.03609e-10	
68	3.060000e-01	-5.61500e-10	
69	3.105000e-01	-6.26018e-10	
70	3.150000e-01	-6.97913e-10	
71	3.195000e-01	-7.78020e-10	
72	3.240000e-01	-8.67266e-10	
73	3.285000e-01	-9.66681e-10	
74	3.330000e-01	-1.07741e-09	
75	3.375000e-01	-1.20071e-09	
76	3.420000e-01	-1.33800e-09	
77	3.465000e-01	-1.49082e-09	
78	3.510000e-01	-1.66091e-09	
79	3.555000e-01	-1.85015e-09	
80	3.600000e-01	-2.06066e-09	
81	3.645000e-01	-2.29475e-09	
82	3.690000e-01	-2.55499e-09	
83	3.735000e-01	-2.84418e-09	
84	3.780000e-01	-3.16543e-09	
85	3.825000e-01	-3.52214e-09	
86	3.870000e-01	-3.91803e-09	
87	3.915000e-01	-4.35720e-09	
88	3.960000e-01	-4.84410e-09	
89	4.005000e-01	-5.38360e-09	
90	4.050000e-01	-5.98102e-09	
91	4.095000e-01	-6.64210e-09	
92	4.140000e-01	-7.37310e-09	
93	4.185000e-01	-8.18080e-09	
94	4.230000e-01	-9.07249e-09	
95	4.275000e-01	-1.00561e-08	
96	4.320000e-01	-1.11400e-08	
97	4.365000e-01	-1.23334e-08	
98	4.410000e-01	-1.36460e-08	
99	4.455000e-01	-1.50884e-08	
100	4.500000e-01	-1.66716e-08	
101	4.545000e-01	-1.84077e-08	
102	4.590000e-01	-2.03094e-08	
103	4.635000e-01	-2.23905e-08	
104	4.680000e-01	-2.46654e-08	
105	4.725000e-01	-2.71497e-08	
106	4.770000e-01	-2.98601e-08	
107	4.815000e-01	-3.28143e-08	
108	4.860000e-01	-3.60313e-08	
109	4.905000e-01	-3.95313e-08	
110	4.950000e-01	-4.33359e-08	
111	4.995000e-01	-4.74680e-08	
112	5.040000e-01	-5.19518e-08	

Index   v-sweep         vd#branch       
--------------------------------------------------------------------------------
113	5.085000e-01	-5.68129e-08	
114	5.130000e-01	-6.20779e-08	
115	5.175000e-01	-6.77749e-08	
116	5.220000e-01	-7.39326e-08	
117	5.265000e-01	-8.05804e-08	
118	5.310000e-01	-8.77479e-08	
119	5.355000e-01	-9.54651e-08	
120	5.400000e-01	-1.03761e-07	
121	5.445000e-01	-1.12665e-07	
122	5.490000e-01	-1.22204e-07	
123	5.535000e-01	-1.32403e-07	
124	5.580000e-01	-1.43288e-07	
125	5.625000e-01	-1.54879e-07	
126	5.670000e-01	-1.67197e-07	
127	5.715000e-01	-1.80256e-07	
128	5.760000e-01	-1.94071e-07	
129	5.805000e-01	-2.08651e-07	
130	5.850000e-01	-2.24004e-07	
131	5.895000e-01	-2.40132e-07	
132	5.940000e-01	-2.57037e-07	
133	5.985000e-01	-2.74716e-07	
134	6.030000e-01	-2.93164e-07	
135	6.075000e-01	-3.12372e-07	
136	6.120000e-01	-3.32331e-07	
137	6.165000e-01	-3.53028e-07	
138	6.210000e-01	-3.74091e-07	
139	6.255000e-01	-3.96232e-07	
140	6.300000e-01	-4.19066e-07	
141	6.345000e-01	-4.42577e-07	
142	6.390000e-01	-4.66746e-07	
143	6.435000e-01	-4.91556e-07	
144	6.480000e-01	-5.16987e-07	
145	6.525000e-01	-5.43020e-07	
146	6.570000e-01	-5.69637e-07	
147	6.615000e-01	-5.96819e-07	
148	6.660000e-01	-6.24547e-07	
149	6.705000e-01	-6.52803e-07	
150	6.750000e-01	-6.81570e-07	
151	6.795000e-01	-7.10829e-07	
152	6.840000e-01	-7.40563e-07	
153	6.885000e-01	-7.70757e-07	
154	6.930000e-01	-8.01394e-07	
155	6.975000e-01	-8.32459e-07	
156	7.020000e-01	-8.63936e-07	
157	7.065000e-01	-8.95811e-07	
158	7.110000e-01	-9.28071e-07	
159	7.155000e-01	-9.60701e-07	
160	7.200000e-01	-9.93690e-07	
161	7.245000e-01	-1.02702e-06	
162	7.290000e-01	-1.06069e-06	
163	7.335000e-01	-1.09468e-06	
164	7.380000e-01	-1.12898e-06	
165	7.425000e-01	-1.16358e-06	
166	7.470000e-01	-1.19847e-06	
167	7.515000e-01	-1.23365e-06	
168	7.560000e-01	-1.26909e-06	
169	7.605000e-01	-1.30480e-06	
170	7.650000e-01	-1.34076e-06	

Index   v-sweep         vd#branch       
--------------------------------------------------------------------------------
171	7.695000e-01	-1.37697e-06	
172	7.740000e-01	-1.41341e-06	
173	7.785000e-01	-1.45009e-06	
174	7.830000e-01	-1.48698e-06	
175	7.875000e-01	-1.52410e-06	
176	7.920000e-01	-1.56143e-06	
177	7.965000e-01	-1.59895e-06	
178	8.010000e-01	-1.63668e-06	
179	8.055000e-01	-1.67460e-06	
180	8.100000e-01	-1.71270e-06	
181	8.145000e-01	-1.75099e-06	
182	8.190000e-01	-1.78945e-06	
183	8.235000e-01	-1.82808e-06	
184	8.280000e-01	-1.86687e-06	
185	8.325000e-01	-1.90583e-06	
186	8.370000e-01	-1.94494e-06	
187	8.415000e-01	-1.98421e-06	
188	8.460000e-01	-2.02363e-06	
189	8.505000e-01	-2.06318e-06	
190	8.550000e-01	-2.10289e-06	
191	8.595000e-01	-2.14272e-06	
192	8.640000e-01	-2.18269e-06	
193	8.685000e-01	-2.22279e-06	
194	8.730000e-01	-2.26302e-06	
195	8.775000e-01	-2.30338e-06	
196	8.820000e-01	-2.34385e-06	
197	8.865000e-01	-2.38444e-06	
198	8.910000e-01	-2.42515e-06	
199	8.955000e-01	-2.46597e-06	
200	9.000000e-01	-2.50689e-06	


Total analysis time (seconds) = 0.0143442

Total elapsed time (seconds) = 0.020 

Total DRAM available = 386307.215 MB.
DRAM currently available = 8857.043 MB.
Maximum ngspice program size =  529.719 MB.
Current ngspice program size =   14.121 MB.

Shared ngspice pages =   12.359 MB.
Text (code) pages =    6.266 MB.
Stack = 0 bytes.
Library pages =   59.137 MB.

