
Note: No compatibility mode selected!


Circuit: * id-vg sweep vds=0.4500v

Doing analysis at TEMP = 27.000000 and TNOM = 27.000000

Using SPARSE 1.3 as Direct Linear Solver

No. of Data Rows : 201

  Measurements for DC Analysis

ion                 =  -2.22963e-06 at=  9.00000e-01
ioff                =  -1.06970e-13

                           * id-vg sweep vds=0.4500v
                           DC transfer characteristic  Tue Jun 23 23:44:33  2026
--------------------------------------------------------------------------------
Index   v-sweep         vd#branch       
--------------------------------------------------------------------------------
0	0.000000e+00	-1.06970e-13	
1	4.500000e-03	-1.19035e-13	
2	9.000000e-03	-1.33247e-13	
3	1.350000e-02	-1.49155e-13	
4	1.800000e-02	-1.66963e-13	
5	2.250000e-02	-1.86897e-13	
6	2.700000e-02	-2.09212e-13	
7	3.150000e-02	-2.34190e-13	
8	3.600000e-02	-2.62150e-13	
9	4.050000e-02	-2.93449e-13	
10	4.500000e-02	-3.28485e-13	
11	4.950000e-02	-3.67703e-13	
12	5.400000e-02	-4.11605e-13	
13	5.850000e-02	-4.60747e-13	
14	6.300000e-02	-5.15757e-13	
15	6.750000e-02	-5.77334e-13	
16	7.200000e-02	-6.46263e-13	
17	7.650000e-02	-7.23422e-13	
18	8.100000e-02	-8.09793e-13	
19	8.550000e-02	-9.06476e-13	
20	9.000000e-02	-1.01470e-12	
21	9.450000e-02	-1.13585e-12	
22	9.900000e-02	-1.27146e-12	
23	1.035000e-01	-1.42326e-12	
24	1.080000e-01	-1.59319e-12	
25	1.125000e-01	-1.78340e-12	
26	1.170000e-01	-1.99632e-12	
27	1.215000e-01	-2.23467e-12	
28	1.260000e-01	-2.50147e-12	
29	1.305000e-01	-2.80012e-12	
30	1.350000e-01	-3.13442e-12	
31	1.395000e-01	-3.50864e-12	
32	1.440000e-01	-3.92754e-12	
33	1.485000e-01	-4.39645e-12	
34	1.530000e-01	-4.92134e-12	
35	1.575000e-01	-5.50889e-12	
36	1.620000e-01	-6.16659e-12	
37	1.665000e-01	-6.90280e-12	
38	1.710000e-01	-7.72691e-12	
39	1.755000e-01	-8.64939e-12	
40	1.800000e-01	-9.68201e-12	
41	1.845000e-01	-1.08379e-11	
42	1.890000e-01	-1.21318e-11	
43	1.935000e-01	-1.35801e-11	
44	1.980000e-01	-1.52013e-11	
45	2.025000e-01	-1.70160e-11	
46	2.070000e-01	-1.90474e-11	
47	2.115000e-01	-2.13212e-11	
48	2.160000e-01	-2.38665e-11	
49	2.205000e-01	-2.67155e-11	
50	2.250000e-01	-2.99045e-11	
51	2.295000e-01	-3.34742e-11	
52	2.340000e-01	-3.74698e-11	
53	2.385000e-01	-4.19423e-11	
54	2.430000e-01	-4.69485e-11	

Index   v-sweep         vd#branch       
--------------------------------------------------------------------------------
55	2.475000e-01	-5.25520e-11	
56	2.520000e-01	-5.88241e-11	
57	2.565000e-01	-6.58445e-11	
58	2.610000e-01	-7.37023e-11	
59	2.655000e-01	-8.24974e-11	
60	2.700000e-01	-9.23415e-11	
61	2.745000e-01	-1.03359e-10	
62	2.790000e-01	-1.15691e-10	
63	2.835000e-01	-1.29493e-10	
64	2.880000e-01	-1.44940e-10	
65	2.925000e-01	-1.62228e-10	
66	2.970000e-01	-1.81575e-10	
67	3.015000e-01	-2.03227e-10	
68	3.060000e-01	-2.28803e-10	
69	3.105000e-01	-2.56077e-10	
70	3.150000e-01	-2.86597e-10	
71	3.195000e-01	-3.20748e-10	
72	3.240000e-01	-3.58959e-10	
73	3.285000e-01	-4.01711e-10	
74	3.330000e-01	-4.49541e-10	
75	3.375000e-01	-5.03049e-10	
76	3.420000e-01	-5.62904e-10	
77	3.465000e-01	-6.29854e-10	
78	3.510000e-01	-7.04732e-10	
79	3.555000e-01	-7.88471e-10	
80	3.600000e-01	-8.82108e-10	
81	3.645000e-01	-9.86799e-10	
82	3.690000e-01	-1.10384e-09	
83	3.735000e-01	-1.23465e-09	
84	3.780000e-01	-1.38084e-09	
85	3.825000e-01	-1.54419e-09	
86	3.870000e-01	-1.72667e-09	
87	3.915000e-01	-1.93048e-09	
88	3.960000e-01	-2.15805e-09	
89	4.005000e-01	-2.41208e-09	
90	4.050000e-01	-2.69556e-09	
91	4.095000e-01	-3.01181e-09	
92	4.140000e-01	-3.36448e-09	
93	4.185000e-01	-3.75762e-09	
94	4.230000e-01	-4.19568e-09	
95	4.275000e-01	-4.68358e-09	
96	4.320000e-01	-5.22670e-09	
97	4.365000e-01	-5.83098e-09	
98	4.410000e-01	-6.50292e-09	
99	4.455000e-01	-7.24963e-09	
100	4.500000e-01	-8.07891e-09	
101	4.545000e-01	-8.99924e-09	
102	4.590000e-01	-1.00199e-08	
103	4.635000e-01	-1.11509e-08	
104	4.680000e-01	-1.24033e-08	
105	4.725000e-01	-1.37889e-08	
106	4.770000e-01	-1.53207e-08	
107	4.815000e-01	-1.70125e-08	
108	4.860000e-01	-1.88795e-08	
109	4.905000e-01	-2.09379e-08	
110	4.950000e-01	-2.32052e-08	
111	4.995000e-01	-2.57004e-08	
112	5.040000e-01	-2.84436e-08	

Index   v-sweep         vd#branch       
--------------------------------------------------------------------------------
113	5.085000e-01	-3.14565e-08	
114	5.130000e-01	-3.47621e-08	
115	5.175000e-01	-3.83851e-08	
116	5.220000e-01	-4.23513e-08	
117	5.265000e-01	-4.66880e-08	
118	5.310000e-01	-5.14238e-08	
119	5.355000e-01	-5.65880e-08	
120	5.400000e-01	-6.22110e-08	
121	5.445000e-01	-6.83235e-08	
122	5.490000e-01	-7.49566e-08	
123	5.535000e-01	-8.21408e-08	
124	5.580000e-01	-8.99063e-08	
125	5.625000e-01	-9.82820e-08	
126	5.670000e-01	-1.07295e-07	
127	5.715000e-01	-1.16972e-07	
128	5.760000e-01	-1.27336e-07	
129	5.805000e-01	-1.38407e-07	
130	5.850000e-01	-1.50203e-07	
131	5.895000e-01	-1.62740e-07	
132	5.940000e-01	-1.76028e-07	
133	5.985000e-01	-1.90074e-07	
134	6.030000e-01	-2.04885e-07	
135	6.075000e-01	-2.20461e-07	
136	6.120000e-01	-2.36799e-07	
137	6.165000e-01	-2.53895e-07	
138	6.210000e-01	-2.71741e-07	
139	6.255000e-01	-2.90327e-07	
140	6.300000e-01	-3.09641e-07	
141	6.345000e-01	-3.29668e-07	
142	6.390000e-01	-3.50047e-07	
143	6.435000e-01	-3.71461e-07	
144	6.480000e-01	-3.93539e-07	
145	6.525000e-01	-4.16262e-07	
146	6.570000e-01	-4.39611e-07	
147	6.615000e-01	-4.63567e-07	
148	6.660000e-01	-4.88109e-07	
149	6.705000e-01	-5.13219e-07	
150	6.750000e-01	-5.38878e-07	
151	6.795000e-01	-5.65067e-07	
152	6.840000e-01	-5.91767e-07	
153	6.885000e-01	-6.18959e-07	
154	6.930000e-01	-6.46627e-07	
155	6.975000e-01	-6.74753e-07	
156	7.020000e-01	-7.03320e-07	
157	7.065000e-01	-7.32312e-07	
158	7.110000e-01	-7.61715e-07	
159	7.155000e-01	-7.91511e-07	
160	7.200000e-01	-8.21689e-07	
161	7.245000e-01	-8.52232e-07	
162	7.290000e-01	-8.83129e-07	
163	7.335000e-01	-9.14366e-07	
164	7.380000e-01	-9.45930e-07	
165	7.425000e-01	-9.77811e-07	
166	7.470000e-01	-1.01000e-06	
167	7.515000e-01	-1.04248e-06	
168	7.560000e-01	-1.07524e-06	
169	7.605000e-01	-1.10828e-06	
170	7.650000e-01	-1.14158e-06	

Index   v-sweep         vd#branch       
--------------------------------------------------------------------------------
171	7.695000e-01	-1.17514e-06	
172	7.740000e-01	-1.20894e-06	
173	7.785000e-01	-1.24298e-06	
174	7.830000e-01	-1.27725e-06	
175	7.875000e-01	-1.31175e-06	
176	7.920000e-01	-1.34646e-06	
177	7.965000e-01	-1.38138e-06	
178	8.010000e-01	-1.41650e-06	
179	8.055000e-01	-1.45181e-06	
180	8.100000e-01	-1.48732e-06	
181	8.145000e-01	-1.52301e-06	
182	8.190000e-01	-1.55887e-06	
183	8.235000e-01	-1.59491e-06	
184	8.280000e-01	-1.63112e-06	
185	8.325000e-01	-1.66749e-06	
186	8.370000e-01	-1.70401e-06	
187	8.415000e-01	-1.74069e-06	
188	8.460000e-01	-1.77752e-06	
189	8.505000e-01	-1.81449e-06	
190	8.550000e-01	-1.85160e-06	
191	8.595000e-01	-1.88884e-06	
192	8.640000e-01	-1.92622e-06	
193	8.685000e-01	-1.96373e-06	
194	8.730000e-01	-2.00137e-06	
195	8.775000e-01	-2.03912e-06	
196	8.820000e-01	-2.07700e-06	
197	8.865000e-01	-2.11499e-06	
198	8.910000e-01	-2.15310e-06	
199	8.955000e-01	-2.19131e-06	
200	9.000000e-01	-2.22963e-06	


Total analysis time (seconds) = 0.016081

Total elapsed time (seconds) = 0.025 

Total DRAM available = 386307.215 MB.
DRAM currently available = 14511.898 MB.
Maximum ngspice program size =  529.719 MB.
Current ngspice program size =   14.152 MB.

Shared ngspice pages =   12.383 MB.
Text (code) pages =    6.266 MB.
Stack = 0 bytes.
Library pages =   59.137 MB.

