
Note: No compatibility mode selected!


Circuit: * id-vg sweep vds=0.8100v

Doing analysis at TEMP = 125.000000 and TNOM = 27.000000

Using SPARSE 1.3 as Direct Linear Solver

No. of Data Rows : 201

  Measurements for DC Analysis

ion                 =  -1.66912e-06 at=  8.10000e-01
ioff                =  -1.22371e-11

                           * id-vg sweep vds=0.8100v
                           DC transfer characteristic  Tue Jun 23 23:51:57  2026
--------------------------------------------------------------------------------
Index   v-sweep         vd#branch       
--------------------------------------------------------------------------------
0	0.000000e+00	-1.22371e-11	
1	4.050000e-03	-1.31348e-11	
2	8.100000e-03	-1.41346e-11	
3	1.215000e-02	-1.52104e-11	
4	1.620000e-02	-1.63682e-11	
5	2.025000e-02	-1.76140e-11	
6	2.430000e-02	-1.89547e-11	
7	2.835000e-02	-2.03974e-11	
8	3.240000e-02	-2.19500e-11	
9	3.645000e-02	-2.36206e-11	
10	4.050000e-02	-2.54185e-11	
11	4.455000e-02	-2.73531e-11	
12	4.860000e-02	-2.94350e-11	
13	5.265000e-02	-3.16754e-11	
14	5.670000e-02	-3.40862e-11	
15	6.075000e-02	-3.66805e-11	
16	6.480000e-02	-3.94722e-11	
17	6.885000e-02	-4.24764e-11	
18	7.290000e-02	-4.57092e-11	
19	7.695000e-02	-4.91879e-11	
20	8.100000e-02	-5.29314e-11	
21	8.505000e-02	-5.69598e-11	
22	8.910000e-02	-6.12946e-11	
23	9.315000e-02	-6.59592e-11	
24	9.720000e-02	-7.09788e-11	
25	1.012500e-01	-7.63803e-11	
26	1.053000e-01	-8.21927e-11	
27	1.093500e-01	-8.84472e-11	
28	1.134000e-01	-9.51776e-11	
29	1.174500e-01	-1.02420e-10	
30	1.215000e-01	-1.10213e-10	
31	1.255500e-01	-1.18599e-10	
32	1.296000e-01	-1.27623e-10	
33	1.336500e-01	-1.37333e-10	
34	1.377000e-01	-1.47781e-10	
35	1.417500e-01	-1.59024e-10	
36	1.458000e-01	-1.71122e-10	
37	1.498500e-01	-1.84139e-10	
38	1.539000e-01	-1.98147e-10	
39	1.579500e-01	-2.13218e-10	
40	1.620000e-01	-2.29436e-10	
41	1.660500e-01	-2.46885e-10	
42	1.701000e-01	-2.65661e-10	
43	1.741500e-01	-2.85863e-10	
44	1.782000e-01	-3.07600e-10	
45	1.822500e-01	-3.30988e-10	
46	1.863000e-01	-3.56152e-10	
47	1.903500e-01	-3.83227e-10	
48	1.944000e-01	-4.12357e-10	
49	1.984500e-01	-4.43698e-10	
50	2.025000e-01	-4.77417e-10	
51	2.065500e-01	-5.13694e-10	
52	2.106000e-01	-5.52722e-10	
53	2.146500e-01	-5.94710e-10	
54	2.187000e-01	-6.39880e-10	

Index   v-sweep         vd#branch       
--------------------------------------------------------------------------------
55	2.227500e-01	-6.90230e-10	
56	2.268000e-01	-7.42637e-10	
57	2.308500e-01	-7.99011e-10	
58	2.349000e-01	-8.59653e-10	
59	2.389500e-01	-9.24883e-10	
60	2.430000e-01	-9.95045e-10	
61	2.470500e-01	-1.07051e-09	
62	2.511000e-01	-1.15168e-09	
63	2.551500e-01	-1.23897e-09	
64	2.592000e-01	-1.33286e-09	
65	2.632500e-01	-1.43382e-09	
66	2.673000e-01	-1.54239e-09	
67	2.713500e-01	-1.65913e-09	
68	2.754000e-01	-1.78466e-09	
69	2.794500e-01	-1.91962e-09	
70	2.835000e-01	-2.06472e-09	
71	2.875500e-01	-2.22071e-09	
72	2.916000e-01	-2.38839e-09	
73	2.956500e-01	-2.56862e-09	
74	2.997000e-01	-2.76233e-09	
75	3.037500e-01	-2.97050e-09	
76	3.078000e-01	-3.19419e-09	
77	3.118500e-01	-3.43454e-09	
78	3.159000e-01	-3.69276e-09	
79	3.199500e-01	-3.97014e-09	
80	3.240000e-01	-4.26806e-09	
81	3.280500e-01	-4.58801e-09	
82	3.321000e-01	-4.93156e-09	
83	3.361500e-01	-5.30040e-09	
84	3.402000e-01	-5.69633e-09	
85	3.442500e-01	-6.12126e-09	
86	3.483000e-01	-6.57723e-09	
87	3.523500e-01	-7.06642e-09	
88	3.564000e-01	-7.59113e-09	
89	3.604500e-01	-8.15383e-09	
90	3.645000e-01	-8.75712e-09	
91	3.685500e-01	-9.40377e-09	
92	3.726000e-01	-1.00967e-08	
93	3.766500e-01	-1.08391e-08	
94	3.807000e-01	-1.16342e-08	
95	3.847500e-01	-1.24855e-08	
96	3.888000e-01	-1.33967e-08	
97	3.928500e-01	-1.43716e-08	
98	3.969000e-01	-1.54145e-08	
99	4.009500e-01	-1.65296e-08	
100	4.050000e-01	-1.77215e-08	
101	4.090500e-01	-1.89949e-08	
102	4.131000e-01	-2.03550e-08	
103	4.171500e-01	-2.18070e-08	
104	4.212000e-01	-2.33564e-08	
105	4.252500e-01	-2.50091e-08	
106	4.293000e-01	-2.67712e-08	
107	4.333500e-01	-2.86489e-08	
108	4.374000e-01	-3.06491e-08	
109	4.414500e-01	-3.27786e-08	
110	4.455000e-01	-3.50446e-08	
111	4.495500e-01	-3.74547e-08	
112	4.536000e-01	-4.00168e-08	

Index   v-sweep         vd#branch       
--------------------------------------------------------------------------------
113	4.576500e-01	-4.27391e-08	
114	4.617000e-01	-4.56299e-08	
115	4.657500e-01	-4.86983e-08	
116	4.698000e-01	-5.19533e-08	
117	4.738500e-01	-5.54045e-08	
118	4.779000e-01	-5.90616e-08	
119	4.819500e-01	-6.29348e-08	
120	4.860000e-01	-6.70346e-08	
121	4.900500e-01	-7.13719e-08	
122	4.941000e-01	-7.59577e-08	
123	4.981500e-01	-8.08034e-08	
124	5.022000e-01	-8.59208e-08	
125	5.062500e-01	-9.13217e-08	
126	5.103000e-01	-9.70183e-08	
127	5.143500e-01	-1.03023e-07	
128	5.184000e-01	-1.09348e-07	
129	5.224500e-01	-1.16006e-07	
130	5.265000e-01	-1.23009e-07	
131	5.305500e-01	-1.30370e-07	
132	5.346000e-01	-1.38101e-07	
133	5.386500e-01	-1.46214e-07	
134	5.427000e-01	-1.54722e-07	
135	5.467500e-01	-1.63636e-07	
136	5.508000e-01	-1.72967e-07	
137	5.548500e-01	-1.82725e-07	
138	5.589000e-01	-1.92922e-07	
139	5.629500e-01	-2.03566e-07	
140	5.670000e-01	-2.14667e-07	
141	5.710500e-01	-2.26233e-07	
142	5.751000e-01	-2.38035e-07	
143	5.791500e-01	-2.50550e-07	
144	5.832000e-01	-2.63550e-07	
145	5.872500e-01	-2.77041e-07	
146	5.913000e-01	-2.91027e-07	
147	5.953500e-01	-3.05510e-07	
148	5.994000e-01	-3.20494e-07	
149	6.034500e-01	-3.35980e-07	
150	6.075000e-01	-3.51967e-07	
151	6.115500e-01	-3.68456e-07	
152	6.156000e-01	-3.85446e-07	
153	6.196500e-01	-4.02934e-07	
154	6.237000e-01	-4.20919e-07	
155	6.277500e-01	-4.39395e-07	
156	6.318000e-01	-4.58359e-07	
157	6.358500e-01	-4.77807e-07	
158	6.399000e-01	-4.97733e-07	
159	6.439500e-01	-5.18132e-07	
160	6.480000e-01	-5.38996e-07	
161	6.520500e-01	-5.60320e-07	
162	6.561000e-01	-5.82097e-07	
163	6.601500e-01	-6.04319e-07	
164	6.642000e-01	-6.26978e-07	
165	6.682500e-01	-6.50068e-07	
166	6.723000e-01	-6.73580e-07	
167	6.763500e-01	-6.97506e-07	
168	6.804000e-01	-7.21838e-07	
169	6.844500e-01	-7.46568e-07	
170	6.885000e-01	-7.71688e-07	

Index   v-sweep         vd#branch       
--------------------------------------------------------------------------------
171	6.925500e-01	-7.97189e-07	
172	6.966000e-01	-8.23063e-07	
173	7.006500e-01	-8.49303e-07	
174	7.047000e-01	-8.75900e-07	
175	7.087500e-01	-9.02846e-07	
176	7.128000e-01	-9.30134e-07	
177	7.168500e-01	-9.57755e-07	
178	7.209000e-01	-9.85701e-07	
179	7.249500e-01	-1.01397e-06	
180	7.290000e-01	-1.04254e-06	
181	7.330500e-01	-1.07142e-06	
182	7.371000e-01	-1.10060e-06	
183	7.411500e-01	-1.13006e-06	
184	7.452000e-01	-1.15981e-06	
185	7.492500e-01	-1.18983e-06	
186	7.533000e-01	-1.22012e-06	
187	7.573500e-01	-1.25067e-06	
188	7.614000e-01	-1.28148e-06	
189	7.654500e-01	-1.31254e-06	
190	7.695000e-01	-1.34385e-06	
191	7.735500e-01	-1.37539e-06	
192	7.776000e-01	-1.40717e-06	
193	7.816500e-01	-1.43917e-06	
194	7.857000e-01	-1.47140e-06	
195	7.897500e-01	-1.50384e-06	
196	7.938000e-01	-1.53649e-06	
197	7.978500e-01	-1.56935e-06	
198	8.019000e-01	-1.60241e-06	
199	8.059500e-01	-1.63567e-06	
200	8.100000e-01	-1.66912e-06	


Total analysis time (seconds) = 0.0151272

Total elapsed time (seconds) = 0.023 

Total DRAM available = 386307.215 MB.
DRAM currently available = 2004.824 MB.
Maximum ngspice program size =  529.723 MB.
Current ngspice program size =   14.078 MB.

Shared ngspice pages =   12.316 MB.
Text (code) pages =    6.266 MB.
Stack = 0 bytes.
Library pages =   59.141 MB.

