
Note: No compatibility mode selected!


Circuit: * 1t1c ccell=20.0ff

Doing analysis at TEMP = 125.000000 and TNOM = 27.000000

Using SPARSE 1.3 as Direct Linear Solver

Initial Transient Solution
--------------------------

Node                                   Voltage
----                                   -------
pre                                      0.405
bl                                       0.405
wl                                           0
plate                                        0
s                                            0
cell                                         0
vs#branch                                    0
vpl#branch                                   0
vwl#branch                                   0
vpre#branch                                  0


No. of Data Rows : 832

  Measurements for Transient Analysis

t_write             =  1.90036e-09
t_read              =  2.28619e-08
i_hold              =  -2.65888e-11 from=  2.50000e-08 to=  3.50250e-08
q_read              =   6.43933e-19 from=  1.20000e-08 to=  2.20000e-08

                              * 1t1c ccell=20.0ff
                              Transient Analysis  Tue Jun 23 23:52:01  2026
--------------------------------------------------------------------------------
Index   time            v(cell)         v(bl)           vpre#branch     
--------------------------------------------------------------------------------
0	0.000000e+00	0.000000e+00	4.050000e-01	0.000000e+00	
1	5.000000e-13	1.314603e-10	4.049996e-01	-3.58874e-15	
2	1.000000e-12	2.629168e-10	4.049993e-01	-6.89317e-15	
3	2.000000e-12	5.258288e-10	4.049987e-01	-1.34979e-14	
4	4.000000e-12	1.051652e-09	4.049973e-01	-2.66823e-14	
5	8.000000e-12	2.103293e-09	4.049947e-01	-5.29519e-14	
6	1.600000e-11	4.206557e-09	4.049895e-01	-1.05096e-13	
7	3.200000e-11	8.413013e-09	4.049792e-01	-2.07824e-13	
8	6.400000e-11	1.682564e-08	4.049593e-01	-4.07192e-13	
9	1.140000e-10	2.996965e-08	4.049297e-01	-7.03109e-13	
10	1.640000e-10	4.311283e-08	4.049019e-01	-9.80960e-13	
11	2.140000e-10	5.625521e-08	4.048758e-01	-1.24185e-12	
12	2.640000e-10	6.939686e-08	4.048513e-01	-1.48681e-12	
13	3.140000e-10	8.253781e-08	4.048283e-01	-1.71681e-12	
14	3.640000e-10	9.567811e-08	4.048067e-01	-1.93278e-12	
15	4.140000e-10	1.088178e-07	4.047864e-01	-2.13555e-12	
16	4.640000e-10	1.219569e-07	4.047674e-01	-2.32595e-12	
17	5.140000e-10	1.350955e-07	4.047495e-01	-2.50473e-12	
18	5.640000e-10	1.482335e-07	4.047327e-01	-2.67258e-12	
19	6.140000e-10	1.613711e-07	4.047170e-01	-2.83020e-12	
20	6.640000e-10	1.745083e-07	4.047022e-01	-2.97818e-12	
21	7.140000e-10	1.876450e-07	4.046883e-01	-3.11714e-12	
22	7.640000e-10	2.007813e-07	4.046752e-01	-3.24761e-12	
23	8.140000e-10	2.139173e-07	4.046630e-01	-3.37011e-12	
24	8.640000e-10	2.270529e-07	4.046515e-01	-3.48514e-12	
25	9.140000e-10	2.401882e-07	4.046407e-01	-3.59314e-12	
26	9.570000e-10	2.514842e-07	4.046319e-01	-3.68073e-12	
27	1.000000e-09	2.627801e-07	4.046236e-01	-3.76370e-12	
28	1.005000e-09	4.048669e-03	4.046230e-01	-3.77032e-12	
29	1.015000e-09	1.214545e-02	4.046222e-01	-3.77849e-12	
30	1.035000e-09	2.833902e-02	4.046232e-01	-3.76824e-12	
31	1.075000e-09	6.072615e-02	4.046327e-01	-3.67277e-12	
32	1.125000e-09	1.012101e-01	4.046516e-01	-3.48415e-12	
33	1.175000e-09	1.416940e-01	4.046719e-01	-3.28110e-12	
34	1.225000e-09	1.821779e-01	4.046915e-01	-3.08485e-12	
35	1.275000e-09	2.226618e-01	4.047102e-01	-2.89828e-12	
36	1.325000e-09	2.631457e-01	4.047278e-01	-2.72215e-12	
37	1.375000e-09	3.036296e-01	4.047444e-01	-2.55639e-12	
38	1.425000e-09	3.441135e-01	4.047599e-01	-2.40059e-12	
39	1.475000e-09	3.845974e-01	4.047746e-01	-2.25423e-12	
40	1.525000e-09	4.250813e-01	4.047883e-01	-2.11677e-12	
41	1.575000e-09	4.655653e-01	4.048012e-01	-1.98764e-12	
42	1.625000e-09	5.060492e-01	4.048134e-01	-1.86636e-12	
43	1.675000e-09	5.465331e-01	4.048248e-01	-1.75247e-12	
44	1.725000e-09	5.870170e-01	4.048354e-01	-1.64551e-12	
45	1.775000e-09	6.275009e-01	4.048455e-01	-1.54507e-12	
46	1.825000e-09	6.679848e-01	4.048549e-01	-1.45074e-12	
47	1.875000e-09	7.084687e-01	4.048638e-01	-1.36215e-12	
48	1.925000e-09	7.489526e-01	4.048721e-01	-1.27895e-12	
49	1.962500e-09	7.793156e-01	4.048780e-01	-1.21989e-12	
50	2.000000e-09	8.096785e-01	4.048836e-01	-1.16355e-12	
51	2.005000e-09	8.096785e-01	4.048844e-01	-1.15626e-12	
52	2.015000e-09	8.096785e-01	4.048858e-01	-1.14177e-12	
53	2.035000e-09	8.096785e-01	4.048887e-01	-1.11333e-12	
54	2.075000e-09	8.096785e-01	4.048941e-01	-1.05855e-12	

Index   time            v(cell)         v(bl)           vpre#branch     
--------------------------------------------------------------------------------
55	2.125000e-09	8.096785e-01	4.049006e-01	-9.93823e-13	
56	2.175000e-09	8.096785e-01	4.049067e-01	-9.33048e-13	
57	2.225000e-09	8.096785e-01	4.049124e-01	-8.75980e-13	
58	2.275000e-09	8.096785e-01	4.049178e-01	-8.22391e-13	
59	2.325000e-09	8.096785e-01	4.049228e-01	-7.72070e-13	
60	2.375000e-09	8.096785e-01	4.049275e-01	-7.24819e-13	
61	2.425000e-09	8.096785e-01	4.049320e-01	-6.80448e-13	
62	2.475000e-09	8.096785e-01	4.049361e-01	-6.38784e-13	
63	2.525000e-09	8.096785e-01	4.049400e-01	-5.99660e-13	
64	2.575000e-09	8.096785e-01	4.049437e-01	-5.62922e-13	
65	2.625000e-09	8.096785e-01	4.049472e-01	-5.28425e-13	
66	2.675000e-09	8.096785e-01	4.049504e-01	-4.96031e-13	
67	2.725000e-09	8.096785e-01	4.049534e-01	-4.65613e-13	
68	2.775000e-09	8.096785e-01	4.049563e-01	-4.37049e-13	
69	2.825000e-09	8.096785e-01	4.049590e-01	-4.10228e-13	
70	2.875000e-09	8.096785e-01	4.049615e-01	-3.85042e-13	
71	2.925000e-09	8.096785e-01	4.049639e-01	-3.61392e-13	
72	2.975000e-09	8.096785e-01	4.049661e-01	-3.39185e-13	
73	3.025000e-09	8.096785e-01	4.049682e-01	-3.18331e-13	
74	3.075000e-09	8.096785e-01	4.049701e-01	-2.98750e-13	
75	3.125000e-09	8.096785e-01	4.049720e-01	-2.80362e-13	
76	3.175000e-09	8.096785e-01	4.049737e-01	-2.63096e-13	
77	3.225000e-09	8.096785e-01	4.049753e-01	-2.46883e-13	
78	3.275000e-09	8.096785e-01	4.049768e-01	-2.31658e-13	
79	3.325000e-09	8.096785e-01	4.049783e-01	-2.17362e-13	
80	3.375000e-09	8.096785e-01	4.049796e-01	-2.03938e-13	
81	3.425000e-09	8.096785e-01	4.049809e-01	-1.91332e-13	
82	3.475000e-09	8.096785e-01	4.049821e-01	-1.79495e-13	
83	3.525000e-09	8.096785e-01	4.049832e-01	-1.68380e-13	
84	3.575000e-09	8.096785e-01	4.049842e-01	-1.57943e-13	
85	3.625000e-09	8.096785e-01	4.049852e-01	-1.48142e-13	
86	3.675000e-09	8.096785e-01	4.049861e-01	-1.38939e-13	
87	3.725000e-09	8.096785e-01	4.049870e-01	-1.30297e-13	
88	3.775000e-09	8.096785e-01	4.049878e-01	-1.22183e-13	
89	3.825000e-09	8.096785e-01	4.049885e-01	-1.14563e-13	
90	3.875000e-09	8.096785e-01	4.049893e-01	-1.07407e-13	
91	3.925000e-09	8.096785e-01	4.049899e-01	-1.00688e-13	
92	3.975000e-09	8.096785e-01	4.049906e-01	-9.43792e-14	
93	4.025000e-09	8.096785e-01	4.049912e-01	-8.84548e-14	
94	4.075000e-09	8.096785e-01	4.049917e-01	-8.28916e-14	
95	4.125000e-09	8.096785e-01	4.049922e-01	-7.76677e-14	
96	4.175000e-09	8.096785e-01	4.049927e-01	-7.27624e-14	
97	4.225000e-09	8.096785e-01	4.049932e-01	-6.81562e-14	
98	4.275000e-09	8.096785e-01	4.049936e-01	-6.38309e-14	
99	4.325000e-09	8.096785e-01	4.049940e-01	-5.97694e-14	
100	4.375000e-09	8.096785e-01	4.049944e-01	-5.59556e-14	
101	4.425000e-09	8.096785e-01	4.049948e-01	-5.23743e-14	
102	4.475000e-09	8.096785e-01	4.049951e-01	-4.90114e-14	
103	4.525000e-09	8.096785e-01	4.049954e-01	-4.58536e-14	
104	4.575000e-09	8.096785e-01	4.049957e-01	-4.28884e-14	
105	4.625000e-09	8.096785e-01	4.049960e-01	-4.01040e-14	
106	4.675000e-09	8.096785e-01	4.049963e-01	-3.74894e-14	
107	4.725000e-09	8.096785e-01	4.049965e-01	-3.50343e-14	
108	4.775000e-09	8.096785e-01	4.049967e-01	-3.27288e-14	
109	4.825000e-09	8.096785e-01	4.049969e-01	-3.05640e-14	
110	4.875000e-09	8.096785e-01	4.049971e-01	-2.85312e-14	
111	4.925000e-09	8.096785e-01	4.049973e-01	-2.66223e-14	
112	4.975000e-09	8.096785e-01	4.049975e-01	-2.48299e-14	

Index   time            v(cell)         v(bl)           vpre#branch     
--------------------------------------------------------------------------------
113	5.025000e-09	8.096785e-01	4.049977e-01	-2.31468e-14	
114	5.075000e-09	8.096785e-01	4.049978e-01	-2.15663e-14	
115	5.125000e-09	8.096785e-01	4.049980e-01	-2.00822e-14	
116	5.175000e-09	8.096785e-01	4.049981e-01	-1.86886e-14	
117	5.225000e-09	8.096785e-01	4.049983e-01	-1.73799e-14	
118	5.275000e-09	8.096785e-01	4.049984e-01	-1.61511e-14	
119	5.325000e-09	8.096785e-01	4.049985e-01	-1.49972e-14	
120	5.375000e-09	8.096785e-01	4.049986e-01	-1.39137e-14	
121	5.425000e-09	8.096785e-01	4.049987e-01	-1.28963e-14	
122	5.475000e-09	8.096785e-01	4.049988e-01	-1.19409e-14	
123	5.525000e-09	8.096785e-01	4.049989e-01	-1.10438e-14	
124	5.575000e-09	8.096785e-01	4.049990e-01	-1.02013e-14	
125	5.625000e-09	8.096785e-01	4.049991e-01	-9.41029e-15	
126	5.675000e-09	8.096785e-01	4.049991e-01	-8.66749e-15	
127	5.725000e-09	8.096785e-01	4.049992e-01	-7.96998e-15	
128	5.775000e-09	8.096785e-01	4.049993e-01	-7.31501e-15	
129	5.825000e-09	8.096785e-01	4.049993e-01	-6.69998e-15	
130	5.875000e-09	8.096785e-01	4.049994e-01	-6.12245e-15	
131	5.925000e-09	8.096785e-01	4.049994e-01	-5.58015e-15	
132	5.975000e-09	8.096785e-01	4.049995e-01	-5.07091e-15	
133	6.025000e-09	8.096785e-01	4.049995e-01	-4.59273e-15	
134	6.075000e-09	8.096785e-01	4.049996e-01	-4.14371e-15	
135	6.125000e-09	8.096785e-01	4.049996e-01	-3.72208e-15	
136	6.175000e-09	8.096785e-01	4.049997e-01	-3.32615e-15	
137	6.225000e-09	8.096785e-01	4.049997e-01	-2.95438e-15	
138	6.275000e-09	8.096785e-01	4.049997e-01	-2.60527e-15	
139	6.325000e-09	8.096785e-01	4.049998e-01	-2.27745e-15	
140	6.375000e-09	8.096785e-01	4.049998e-01	-1.96962e-15	
141	6.425000e-09	8.096785e-01	4.049998e-01	-1.68057e-15	
142	6.475000e-09	8.096785e-01	4.049999e-01	-1.40914e-15	
143	6.525000e-09	8.096785e-01	4.049999e-01	-1.15427e-15	
144	6.575000e-09	8.096785e-01	4.049999e-01	-9.14937e-16	
145	6.625000e-09	8.096785e-01	4.049999e-01	-6.90201e-16	
146	6.675000e-09	8.096785e-01	4.050000e-01	-4.79169e-16	
147	6.725000e-09	8.096785e-01	4.050000e-01	-2.81006e-16	
148	6.775000e-09	8.096785e-01	4.050000e-01	-9.49285e-17	
149	6.825000e-09	8.096785e-01	4.050000e-01	7.980157e-17	
150	6.875000e-09	8.096785e-01	4.050000e-01	2.438763e-16	
151	6.925000e-09	8.096785e-01	4.050000e-01	3.979456e-16	
152	6.962500e-09	8.096785e-01	4.050001e-01	5.072844e-16	
153	7.000000e-09	8.096785e-01	4.050001e-01	6.115839e-16	
154	7.005000e-09	7.894365e-01	4.050001e-01	6.240932e-16	
155	7.015000e-09	7.489525e-01	4.050001e-01	6.471490e-16	
156	7.035000e-09	6.679847e-01	4.050001e-01	6.824019e-16	
157	7.067500e-09	5.364120e-01	4.050001e-01	7.143964e-16	
158	7.100000e-09	4.048393e-01	4.050001e-01	7.238325e-16	
159	7.105000e-09	4.048394e-01	4.050001e-01	7.192001e-16	
160	7.115000e-09	4.048394e-01	4.050001e-01	7.099905e-16	
161	7.135000e-09	4.048394e-01	4.050001e-01	6.919137e-16	
162	7.175000e-09	4.048394e-01	4.050001e-01	6.570913e-16	
163	7.225000e-09	4.048394e-01	4.050001e-01	6.159523e-16	
164	7.275000e-09	4.048394e-01	4.050001e-01	5.773221e-16	
165	7.325000e-09	4.048394e-01	4.050001e-01	5.410478e-16	
166	7.375000e-09	4.048394e-01	4.050001e-01	5.069858e-16	
167	7.425000e-09	4.048394e-01	4.050000e-01	4.750010e-16	
168	7.475000e-09	4.048394e-01	4.050000e-01	4.449668e-16	
169	7.525000e-09	4.048394e-01	4.050000e-01	4.167638e-16	
170	7.575000e-09	4.048394e-01	4.050000e-01	3.902804e-16	

Index   time            v(cell)         v(bl)           vpre#branch     
--------------------------------------------------------------------------------
171	7.625000e-09	4.048394e-01	4.050000e-01	3.654124e-16	
172	7.675000e-09	4.048394e-01	4.050000e-01	3.420610e-16	
173	7.725000e-09	4.048394e-01	4.050000e-01	3.201333e-16	
174	7.775000e-09	4.048394e-01	4.050000e-01	2.995432e-16	
175	7.825000e-09	4.048394e-01	4.050000e-01	2.802088e-16	
176	7.875000e-09	4.048394e-01	4.050000e-01	2.620532e-16	
177	7.925000e-09	4.048394e-01	4.050000e-01	2.450048e-16	
178	7.975000e-09	4.048394e-01	4.050000e-01	2.289961e-16	
179	8.025000e-09	4.048394e-01	4.050000e-01	2.139637e-16	
180	8.075000e-09	4.048394e-01	4.050000e-01	1.998480e-16	
181	8.125000e-09	4.048394e-01	4.050000e-01	1.865931e-16	
182	8.175000e-09	4.048394e-01	4.050000e-01	1.741466e-16	
183	8.225000e-09	4.048394e-01	4.050000e-01	1.624591e-16	
184	8.275000e-09	4.048394e-01	4.050000e-01	1.514844e-16	
185	8.325000e-09	4.048394e-01	4.050000e-01	1.411791e-16	
186	8.375000e-09	4.048394e-01	4.050000e-01	1.315022e-16	
187	8.425000e-09	4.048394e-01	4.050000e-01	1.224155e-16	
188	8.475000e-09	4.048394e-01	4.050000e-01	1.138825e-16	
189	8.525000e-09	4.048394e-01	4.050000e-01	1.058699e-16	
190	8.575000e-09	4.048394e-01	4.050000e-01	9.834630e-17	
191	8.625000e-09	4.048394e-01	4.050000e-01	9.128110e-17	
192	8.675000e-09	4.048394e-01	4.050000e-01	8.464681e-17	
193	8.725000e-09	4.048394e-01	4.050000e-01	7.841747e-17	
194	8.775000e-09	4.048394e-01	4.050000e-01	7.256806e-17	
195	8.825000e-09	4.048394e-01	4.050000e-01	6.707492e-17	
196	8.875000e-09	4.048394e-01	4.050000e-01	6.191681e-17	
197	8.925000e-09	4.048394e-01	4.050000e-01	5.707364e-17	
198	8.975000e-09	4.048394e-01	4.050000e-01	5.252585e-17	
199	9.025000e-09	4.048394e-01	4.050000e-01	4.825537e-17	
200	9.075000e-09	4.048394e-01	4.050000e-01	4.424494e-17	
201	9.125000e-09	4.048394e-01	4.050000e-01	4.047913e-17	
202	9.175000e-09	4.048394e-01	4.050000e-01	3.694300e-17	
203	9.225000e-09	4.048394e-01	4.050000e-01	3.362249e-17	
204	9.275000e-09	4.048394e-01	4.050000e-01	3.050492e-17	
205	9.325000e-09	4.048394e-01	4.050000e-01	2.757744e-17	
206	9.375000e-09	4.048394e-01	4.050000e-01	2.482852e-17	
207	9.425000e-09	4.048394e-01	4.050000e-01	2.224679e-17	
208	9.475000e-09	4.048394e-01	4.050000e-01	1.982213e-17	
209	9.525000e-09	4.048394e-01	4.050000e-01	1.754530e-17	
210	9.575000e-09	4.048394e-01	4.050000e-01	1.540776e-17	
211	9.625000e-09	4.048394e-01	4.050000e-01	1.340096e-17	
212	9.675000e-09	4.048394e-01	4.050000e-01	1.151658e-17	
213	9.725000e-09	4.048394e-01	4.050000e-01	9.747073e-18	
214	9.775000e-09	4.048394e-01	4.050000e-01	8.085514e-18	
215	9.825000e-09	4.048394e-01	4.050000e-01	6.524837e-18	
216	9.875000e-09	4.048394e-01	4.050000e-01	5.059370e-18	
217	9.925000e-09	4.048394e-01	4.050000e-01	3.683238e-18	
218	9.975000e-09	4.048394e-01	4.050000e-01	2.390648e-18	
219	1.002500e-08	4.048394e-01	4.050000e-01	1.176851e-18	
220	1.007500e-08	4.048394e-01	4.050000e-01	3.752174e-20	
221	1.012500e-08	4.048394e-01	4.050000e-01	-1.03236e-18	
222	1.017500e-08	4.048394e-01	4.050000e-01	-2.03738e-18	
223	1.022500e-08	4.048394e-01	4.050000e-01	-2.98072e-18	
224	1.027500e-08	4.048394e-01	4.050000e-01	-3.86651e-18	
225	1.032500e-08	4.048394e-01	4.050000e-01	-4.69830e-18	
226	1.037500e-08	4.048394e-01	4.050000e-01	-5.47893e-18	
227	1.042500e-08	4.048394e-01	4.050000e-01	-6.21240e-18	
228	1.047500e-08	4.048394e-01	4.050000e-01	-6.90151e-18	

Index   time            v(cell)         v(bl)           vpre#branch     
--------------------------------------------------------------------------------
229	1.052500e-08	4.048394e-01	4.050000e-01	-7.54822e-18	
230	1.057500e-08	4.048394e-01	4.050000e-01	-8.15505e-18	
231	1.062500e-08	4.048394e-01	4.050000e-01	-8.72490e-18	
232	1.067500e-08	4.048394e-01	4.050000e-01	-9.25997e-18	
233	1.072500e-08	4.048394e-01	4.050000e-01	-9.76244e-18	
234	1.077500e-08	4.048394e-01	4.050000e-01	-1.02347e-17	
235	1.082500e-08	4.048394e-01	4.050000e-01	-1.06781e-17	
236	1.087500e-08	4.048394e-01	4.050000e-01	-1.10941e-17	
237	1.092500e-08	4.048394e-01	4.050000e-01	-1.14851e-17	
238	1.096250e-08	4.048394e-01	4.050000e-01	-1.17624e-17	
239	1.100000e-08	4.048394e-01	4.050000e-01	-1.20267e-17	
240	1.100500e-08	4.048410e-01	4.090245e-01	4.024467e-11	
241	1.101500e-08	4.048442e-01	4.170231e-01	1.202309e-10	
242	1.103500e-08	4.048506e-01	4.327222e-01	2.772222e-10	
243	1.107500e-08	4.048635e-01	4.629646e-01	5.796458e-10	
244	1.112500e-08	4.048796e-01	4.986927e-01	9.369274e-10	
245	1.117500e-08	4.048957e-01	5.322421e-01	1.272421e-09	
246	1.122500e-08	4.049118e-01	5.637454e-01	1.587454e-09	
247	1.127500e-08	4.049279e-01	5.933274e-01	1.883274e-09	
248	1.132500e-08	4.049439e-01	6.211049e-01	2.161049e-09	
249	1.137500e-08	4.049600e-01	6.471875e-01	2.421875e-09	
250	1.142500e-08	4.049761e-01	6.716770e-01	2.666770e-09	
251	1.147500e-08	4.049922e-01	6.946676e-01	2.896676e-09	
252	1.152500e-08	4.050083e-01	7.162440e-01	3.112440e-09	
253	1.157500e-08	4.050244e-01	7.364771e-01	3.314771e-09	
254	1.162500e-08	4.050406e-01	7.554154e-01	3.504154e-09	
255	1.167500e-08	4.050568e-01	7.730249e-01	3.680249e-09	
256	1.172500e-08	4.050731e-01	7.891790e-01	3.841790e-09	
257	1.177500e-08	4.050898e-01	8.035545e-01	3.985545e-09	
258	1.182500e-08	4.051072e-01	8.153357e-01	4.103357e-09	
259	1.187500e-08	4.051261e-01	8.227246e-01	4.177246e-09	
260	1.192500e-08	4.051482e-01	8.219670e-01	4.169670e-09	
261	1.196250e-08	4.051685e-01	8.121397e-01	4.071397e-09	
262	1.200000e-08	4.051946e-01	7.887496e-01	3.837496e-09	
263	1.200500e-08	4.051969e-01	7.805918e-01	3.755918e-09	
264	1.201500e-08	4.052015e-01	7.645307e-01	3.595307e-09	
265	1.203500e-08	4.052102e-01	7.338793e-01	3.288793e-09	
266	1.207500e-08	4.052264e-01	6.778775e-01	2.728775e-09	
267	1.212500e-08	4.052447e-01	6.165997e-01	2.115997e-09	
268	1.217500e-08	4.052611e-01	5.636236e-01	1.586236e-09	
269	1.222500e-08	4.052760e-01	5.177195e-01	1.127195e-09	
270	1.227500e-08	4.052894e-01	4.780073e-01	7.300732e-10	
271	1.232500e-08	4.053015e-01	4.440520e-01	3.905205e-10	
272	1.237500e-08	4.053116e-01	4.169821e-01	1.198214e-10	
273	1.242500e-08	4.053161e-01	4.053779e-01	3.778946e-12	
274	1.247500e-08	4.053161e-01	4.052920e-01	2.919776e-12	
275	1.252500e-08	4.053161e-01	4.053155e-01	3.154536e-12	
276	1.257500e-08	4.053161e-01	4.053091e-01	3.090612e-12	
277	1.262500e-08	4.053161e-01	4.053108e-01	3.108028e-12	
278	1.267500e-08	4.053161e-01	4.053103e-01	3.103181e-12	
279	1.272500e-08	4.053161e-01	4.053104e-01	3.104396e-12	
280	1.277500e-08	4.053161e-01	4.053104e-01	3.103981e-12	
281	1.282500e-08	4.053161e-01	4.053104e-01	3.103983e-12	
282	1.287500e-08	4.053161e-01	4.053104e-01	3.103900e-12	
283	1.292500e-08	4.053161e-01	4.053104e-01	3.103811e-12	
284	1.297500e-08	4.053160e-01	4.053104e-01	3.103753e-12	
285	1.302500e-08	4.053160e-01	4.053104e-01	3.103657e-12	
286	1.307500e-08	4.053160e-01	4.053104e-01	3.103602e-12	

Index   time            v(cell)         v(bl)           vpre#branch     
--------------------------------------------------------------------------------
287	1.312500e-08	4.053160e-01	4.053104e-01	3.103505e-12	
288	1.317500e-08	4.053160e-01	4.053103e-01	3.103449e-12	
289	1.322500e-08	4.053160e-01	4.053103e-01	3.103353e-12	
290	1.327500e-08	4.053160e-01	4.053103e-01	3.103297e-12	
291	1.332500e-08	4.053160e-01	4.053103e-01	3.103201e-12	
292	1.337500e-08	4.053160e-01	4.053103e-01	3.103145e-12	
293	1.342500e-08	4.053160e-01	4.053103e-01	3.103049e-12	
294	1.347500e-08	4.053160e-01	4.053103e-01	3.102992e-12	
295	1.352500e-08	4.053160e-01	4.053103e-01	3.102897e-12	
296	1.357500e-08	4.053160e-01	4.053103e-01	3.102840e-12	
297	1.362500e-08	4.053159e-01	4.053103e-01	3.102744e-12	
298	1.367500e-08	4.053159e-01	4.053103e-01	3.102688e-12	
299	1.372500e-08	4.053159e-01	4.053103e-01	3.102592e-12	
300	1.377500e-08	4.053159e-01	4.053103e-01	3.102535e-12	
301	1.382500e-08	4.053159e-01	4.053102e-01	3.102440e-12	
302	1.387500e-08	4.053159e-01	4.053102e-01	3.102383e-12	
303	1.392500e-08	4.053159e-01	4.053102e-01	3.102288e-12	
304	1.397500e-08	4.053159e-01	4.053102e-01	3.102231e-12	
305	1.402500e-08	4.053159e-01	4.053102e-01	3.102136e-12	
306	1.407500e-08	4.053159e-01	4.053102e-01	3.102079e-12	
307	1.412500e-08	4.053159e-01	4.053102e-01	3.101984e-12	
308	1.417500e-08	4.053159e-01	4.053102e-01	3.101926e-12	
309	1.422500e-08	4.053159e-01	4.053102e-01	3.101832e-12	
310	1.427500e-08	4.053158e-01	4.053102e-01	3.101774e-12	
311	1.432500e-08	4.053158e-01	4.053102e-01	3.101679e-12	
312	1.437500e-08	4.053158e-01	4.053102e-01	3.101622e-12	
313	1.442500e-08	4.053158e-01	4.053102e-01	3.101527e-12	
314	1.447500e-08	4.053158e-01	4.053101e-01	3.101470e-12	
315	1.452500e-08	4.053158e-01	4.053101e-01	3.101375e-12	
316	1.457500e-08	4.053158e-01	4.053101e-01	3.101318e-12	
317	1.462500e-08	4.053158e-01	4.053101e-01	3.101223e-12	
318	1.467500e-08	4.053158e-01	4.053101e-01	3.101165e-12	
319	1.472500e-08	4.053158e-01	4.053101e-01	3.101071e-12	
320	1.477500e-08	4.053158e-01	4.053101e-01	3.101013e-12	
321	1.482500e-08	4.053158e-01	4.053101e-01	3.100919e-12	
322	1.487500e-08	4.053158e-01	4.053101e-01	3.100861e-12	
323	1.492500e-08	4.053157e-01	4.053101e-01	3.100767e-12	
324	1.497500e-08	4.053157e-01	4.053101e-01	3.100709e-12	
325	1.502500e-08	4.053157e-01	4.053101e-01	3.100615e-12	
326	1.507500e-08	4.053157e-01	4.053101e-01	3.100557e-12	
327	1.512500e-08	4.053157e-01	4.053100e-01	3.100463e-12	
328	1.517500e-08	4.053157e-01	4.053100e-01	3.100404e-12	
329	1.522500e-08	4.053157e-01	4.053100e-01	3.100311e-12	
330	1.527500e-08	4.053157e-01	4.053100e-01	3.100252e-12	
331	1.532500e-08	4.053157e-01	4.053100e-01	3.100159e-12	
332	1.537500e-08	4.053157e-01	4.053100e-01	3.100100e-12	
333	1.542500e-08	4.053157e-01	4.053100e-01	3.100007e-12	
334	1.547500e-08	4.053157e-01	4.053100e-01	3.099948e-12	
335	1.552500e-08	4.053157e-01	4.053100e-01	3.099855e-12	
336	1.557500e-08	4.053156e-01	4.053100e-01	3.099796e-12	
337	1.562500e-08	4.053156e-01	4.053100e-01	3.099703e-12	
338	1.567500e-08	4.053156e-01	4.053100e-01	3.099644e-12	
339	1.572500e-08	4.053156e-01	4.053100e-01	3.099551e-12	
340	1.577500e-08	4.053156e-01	4.053099e-01	3.099492e-12	
341	1.582500e-08	4.053156e-01	4.053099e-01	3.099399e-12	
342	1.587500e-08	4.053156e-01	4.053099e-01	3.099340e-12	
343	1.592500e-08	4.053156e-01	4.053099e-01	3.099247e-12	
344	1.597500e-08	4.053156e-01	4.053099e-01	3.099187e-12	

Index   time            v(cell)         v(bl)           vpre#branch     
--------------------------------------------------------------------------------
345	1.602500e-08	4.053156e-01	4.053099e-01	3.099095e-12	
346	1.607500e-08	4.053156e-01	4.053099e-01	3.099035e-12	
347	1.612500e-08	4.053156e-01	4.053099e-01	3.098943e-12	
348	1.617500e-08	4.053156e-01	4.053099e-01	3.098883e-12	
349	1.622500e-08	4.053155e-01	4.053099e-01	3.098791e-12	
350	1.627500e-08	4.053155e-01	4.053099e-01	3.098731e-12	
351	1.632500e-08	4.053155e-01	4.053099e-01	3.098639e-12	
352	1.637500e-08	4.053155e-01	4.053099e-01	3.098579e-12	
353	1.642500e-08	4.053155e-01	4.053098e-01	3.098487e-12	
354	1.647500e-08	4.053155e-01	4.053098e-01	3.098427e-12	
355	1.652500e-08	4.053155e-01	4.053098e-01	3.098335e-12	
356	1.657500e-08	4.053155e-01	4.053098e-01	3.098275e-12	
357	1.662500e-08	4.053155e-01	4.053098e-01	3.098183e-12	
358	1.667500e-08	4.053155e-01	4.053098e-01	3.098123e-12	
359	1.672500e-08	4.053155e-01	4.053098e-01	3.098031e-12	
360	1.677500e-08	4.053155e-01	4.053098e-01	3.097971e-12	
361	1.682500e-08	4.053155e-01	4.053098e-01	3.097879e-12	
362	1.687500e-08	4.053154e-01	4.053098e-01	3.097819e-12	
363	1.692500e-08	4.053154e-01	4.053098e-01	3.097727e-12	
364	1.697500e-08	4.053154e-01	4.053098e-01	3.097667e-12	
365	1.702500e-08	4.053154e-01	4.053098e-01	3.097575e-12	
366	1.707500e-08	4.053154e-01	4.053098e-01	3.097515e-12	
367	1.712500e-08	4.053154e-01	4.053097e-01	3.097423e-12	
368	1.717500e-08	4.053154e-01	4.053097e-01	3.097363e-12	
369	1.722500e-08	4.053154e-01	4.053097e-01	3.097272e-12	
370	1.727500e-08	4.053154e-01	4.053097e-01	3.097211e-12	
371	1.732500e-08	4.053154e-01	4.053097e-01	3.097120e-12	
372	1.737500e-08	4.053154e-01	4.053097e-01	3.097059e-12	
373	1.742500e-08	4.053154e-01	4.053097e-01	3.096968e-12	
374	1.747500e-08	4.053154e-01	4.053097e-01	3.096907e-12	
375	1.752500e-08	4.053153e-01	4.053097e-01	3.096816e-12	
376	1.757500e-08	4.053153e-01	4.053097e-01	3.096755e-12	
377	1.762500e-08	4.053153e-01	4.053097e-01	3.096664e-12	
378	1.767500e-08	4.053153e-01	4.053097e-01	3.096603e-12	
379	1.772500e-08	4.053153e-01	4.053097e-01	3.096512e-12	
380	1.777500e-08	4.053153e-01	4.053096e-01	3.096451e-12	
381	1.782500e-08	4.053153e-01	4.053096e-01	3.096360e-12	
382	1.787500e-08	4.053153e-01	4.053096e-01	3.096299e-12	
383	1.792500e-08	4.053153e-01	4.053096e-01	3.096208e-12	
384	1.797500e-08	4.053153e-01	4.053096e-01	3.096147e-12	
385	1.802500e-08	4.053153e-01	4.053096e-01	3.096057e-12	
386	1.807500e-08	4.053153e-01	4.053096e-01	3.095995e-12	
387	1.812500e-08	4.053153e-01	4.053096e-01	3.095905e-12	
388	1.817500e-08	4.053152e-01	4.053096e-01	3.095843e-12	
389	1.822500e-08	4.053152e-01	4.053096e-01	3.095753e-12	
390	1.827500e-08	4.053152e-01	4.053096e-01	3.095691e-12	
391	1.832500e-08	4.053152e-01	4.053096e-01	3.095601e-12	
392	1.837500e-08	4.053152e-01	4.053096e-01	3.095539e-12	
393	1.842500e-08	4.053152e-01	4.053095e-01	3.095449e-12	
394	1.847500e-08	4.053152e-01	4.053095e-01	3.095387e-12	
395	1.852500e-08	4.053152e-01	4.053095e-01	3.095298e-12	
396	1.857500e-08	4.053152e-01	4.053095e-01	3.095236e-12	
397	1.862500e-08	4.053152e-01	4.053095e-01	3.095146e-12	
398	1.867500e-08	4.053152e-01	4.053095e-01	3.095084e-12	
399	1.872500e-08	4.053152e-01	4.053095e-01	3.094994e-12	
400	1.877500e-08	4.053152e-01	4.053095e-01	3.094932e-12	
401	1.882500e-08	4.053151e-01	4.053095e-01	3.094842e-12	
402	1.887500e-08	4.053151e-01	4.053095e-01	3.094780e-12	

Index   time            v(cell)         v(bl)           vpre#branch     
--------------------------------------------------------------------------------
403	1.892500e-08	4.053151e-01	4.053095e-01	3.094690e-12	
404	1.897500e-08	4.053151e-01	4.053095e-01	3.094628e-12	
405	1.902500e-08	4.053151e-01	4.053095e-01	3.094539e-12	
406	1.907500e-08	4.053151e-01	4.053094e-01	3.094476e-12	
407	1.912500e-08	4.053151e-01	4.053094e-01	3.094387e-12	
408	1.917500e-08	4.053151e-01	4.053094e-01	3.094324e-12	
409	1.922500e-08	4.053151e-01	4.053094e-01	3.094235e-12	
410	1.927500e-08	4.053151e-01	4.053094e-01	3.094172e-12	
411	1.932500e-08	4.053151e-01	4.053094e-01	3.094083e-12	
412	1.937500e-08	4.053151e-01	4.053094e-01	3.094021e-12	
413	1.942500e-08	4.053151e-01	4.053094e-01	3.093932e-12	
414	1.947500e-08	4.053150e-01	4.053094e-01	3.093869e-12	
415	1.952500e-08	4.053150e-01	4.053094e-01	3.093780e-12	
416	1.957500e-08	4.053150e-01	4.053094e-01	3.093717e-12	
417	1.962500e-08	4.053150e-01	4.053094e-01	3.093628e-12	
418	1.967500e-08	4.053150e-01	4.053094e-01	3.093565e-12	
419	1.972500e-08	4.053150e-01	4.053093e-01	3.093476e-12	
420	1.977500e-08	4.053150e-01	4.053093e-01	3.093413e-12	
421	1.982500e-08	4.053150e-01	4.053093e-01	3.093325e-12	
422	1.987500e-08	4.053150e-01	4.053093e-01	3.093262e-12	
423	1.992500e-08	4.053150e-01	4.053093e-01	3.093173e-12	
424	1.997500e-08	4.053150e-01	4.053093e-01	3.093110e-12	
425	2.002500e-08	4.053150e-01	4.053093e-01	3.093021e-12	
426	2.007500e-08	4.053150e-01	4.053093e-01	3.092958e-12	
427	2.012500e-08	4.053149e-01	4.053093e-01	3.092870e-12	
428	2.017500e-08	4.053149e-01	4.053093e-01	3.092806e-12	
429	2.022500e-08	4.053149e-01	4.053093e-01	3.092718e-12	
430	2.027500e-08	4.053149e-01	4.053093e-01	3.092654e-12	
431	2.032500e-08	4.053149e-01	4.053093e-01	3.092566e-12	
432	2.037500e-08	4.053149e-01	4.053093e-01	3.092503e-12	
433	2.042500e-08	4.053149e-01	4.053092e-01	3.092415e-12	
434	2.047500e-08	4.053149e-01	4.053092e-01	3.092351e-12	
435	2.052500e-08	4.053149e-01	4.053092e-01	3.092263e-12	
436	2.057500e-08	4.053149e-01	4.053092e-01	3.092199e-12	
437	2.062500e-08	4.053149e-01	4.053092e-01	3.092111e-12	
438	2.067500e-08	4.053149e-01	4.053092e-01	3.092047e-12	
439	2.072500e-08	4.053149e-01	4.053092e-01	3.091960e-12	
440	2.077500e-08	4.053148e-01	4.053092e-01	3.091896e-12	
441	2.082500e-08	4.053148e-01	4.053092e-01	3.091808e-12	
442	2.087500e-08	4.053148e-01	4.053092e-01	3.091744e-12	
443	2.092500e-08	4.053148e-01	4.053092e-01	3.091656e-12	
444	2.097500e-08	4.053148e-01	4.053092e-01	3.091592e-12	
445	2.102500e-08	4.053148e-01	4.053092e-01	3.091505e-12	
446	2.107500e-08	4.053148e-01	4.053091e-01	3.091441e-12	
447	2.112500e-08	4.053148e-01	4.053091e-01	3.091353e-12	
448	2.117500e-08	4.053148e-01	4.053091e-01	3.091289e-12	
449	2.122500e-08	4.053148e-01	4.053091e-01	3.091201e-12	
450	2.127500e-08	4.053148e-01	4.053091e-01	3.091137e-12	
451	2.132500e-08	4.053148e-01	4.053091e-01	3.091050e-12	
452	2.137500e-08	4.053147e-01	4.053091e-01	3.090986e-12	
453	2.142500e-08	4.053147e-01	4.053091e-01	3.090898e-12	
454	2.147500e-08	4.053147e-01	4.053091e-01	3.090834e-12	
455	2.152500e-08	4.053147e-01	4.053091e-01	3.090747e-12	
456	2.157500e-08	4.053147e-01	4.053091e-01	3.090682e-12	
457	2.162500e-08	4.053147e-01	4.053091e-01	3.090595e-12	
458	2.167500e-08	4.053147e-01	4.053091e-01	3.090531e-12	
459	2.172500e-08	4.053147e-01	4.053090e-01	3.090443e-12	
460	2.177500e-08	4.053147e-01	4.053090e-01	3.090379e-12	

Index   time            v(cell)         v(bl)           vpre#branch     
--------------------------------------------------------------------------------
461	2.182500e-08	4.053147e-01	4.053090e-01	3.090292e-12	
462	2.187500e-08	4.053147e-01	4.053090e-01	3.090227e-12	
463	2.192500e-08	4.053147e-01	4.053090e-01	3.090140e-12	
464	2.196250e-08	4.053147e-01	4.053090e-01	3.090095e-12	
465	2.200000e-08	4.053147e-01	4.053090e-01	3.090027e-12	
466	2.200500e-08	4.053127e-01	4.022403e-01	-2.75966e-11	
467	2.201500e-08	4.053083e-01	3.970049e-01	-7.99509e-11	
468	2.203500e-08	4.052989e-01	3.886676e-01	-1.63324e-10	
469	2.207500e-08	4.052803e-01	3.719605e-01	-3.30395e-10	
470	2.212500e-08	4.052583e-01	3.490865e-01	-5.59135e-10	
471	2.217500e-08	4.052375e-01	3.245871e-01	-8.04129e-10	
472	2.222500e-08	4.052177e-01	2.992690e-01	-1.05731e-09	
473	2.227500e-08	4.051986e-01	2.736874e-01	-1.31313e-09	
474	2.232500e-08	4.051802e-01	2.482095e-01	-1.56791e-09	
475	2.237500e-08	4.051622e-01	2.230916e-01	-1.81908e-09	
476	2.242500e-08	4.051446e-01	1.985206e-01	-2.06479e-09	
477	2.247500e-08	4.051274e-01	1.746376e-01	-2.30362e-09	
478	2.252500e-08	4.051104e-01	1.515497e-01	-2.53450e-09	
479	2.257500e-08	4.050937e-01	1.293378e-01	-2.75662e-09	
480	2.262500e-08	4.050771e-01	1.080596e-01	-2.96940e-09	
481	2.267500e-08	4.050607e-01	8.775270e-02	-3.17247e-09	
482	2.272500e-08	4.050444e-01	6.841634e-02	-3.36584e-09	
483	2.277500e-08	4.050281e-01	5.005993e-02	-3.54940e-09	
484	2.282500e-08	4.050119e-01	3.269829e-02	-3.72302e-09	
485	2.287500e-08	4.049958e-01	1.630802e-02	-3.88692e-09	
486	2.292500e-08	4.049796e-01	8.637876e-04	-4.04136e-09	
487	2.296250e-08	4.049675e-01	-1.01225e-02	-4.15123e-09	
488	2.300000e-08	4.049554e-01	-2.06222e-02	-4.25622e-09	
489	2.300500e-08	4.049554e-01	-1.79570e-02	-4.22957e-09	
490	2.301500e-08	4.049554e-01	-1.26604e-02	-4.17660e-09	
491	2.303500e-08	4.049554e-01	-2.26752e-03	-4.07268e-09	
492	2.307500e-08	4.049554e-01	1.774431e-02	-3.87256e-09	
493	2.312500e-08	4.049554e-01	4.137543e-02	-3.63625e-09	
494	2.317500e-08	4.049554e-01	6.355929e-02	-3.41441e-09	
495	2.322500e-08	4.049554e-01	8.438712e-02	-3.20613e-09	
496	2.327500e-08	4.049554e-01	1.039428e-01	-3.01057e-09	
497	2.332500e-08	4.049554e-01	1.223047e-01	-2.82695e-09	
498	2.337500e-08	4.049554e-01	1.395460e-01	-2.65454e-09	
499	2.342500e-08	4.049554e-01	1.557353e-01	-2.49265e-09	
500	2.347500e-08	4.049554e-01	1.709370e-01	-2.34063e-09	
501	2.352500e-08	4.049554e-01	1.852114e-01	-2.19789e-09	
502	2.357500e-08	4.049554e-01	1.986152e-01	-2.06385e-09	
503	2.362500e-08	4.049554e-01	2.112014e-01	-1.93799e-09	
504	2.367500e-08	4.049554e-01	2.230200e-01	-1.81980e-09	
505	2.372500e-08	4.049554e-01	2.341178e-01	-1.70882e-09	
506	2.377500e-08	4.049554e-01	2.445388e-01	-1.60461e-09	
507	2.382500e-08	4.049554e-01	2.543243e-01	-1.50676e-09	
508	2.387500e-08	4.049554e-01	2.635130e-01	-1.41487e-09	
509	2.392500e-08	4.049554e-01	2.721413e-01	-1.32859e-09	
510	2.397500e-08	4.049554e-01	2.802434e-01	-1.24757e-09	
511	2.402500e-08	4.049554e-01	2.878514e-01	-1.17149e-09	
512	2.407500e-08	4.049554e-01	2.949955e-01	-1.10005e-09	
513	2.412500e-08	4.049554e-01	3.017039e-01	-1.03296e-09	
514	2.417500e-08	4.049554e-01	3.080032e-01	-9.69968e-10	
515	2.422500e-08	4.049554e-01	3.139183e-01	-9.10817e-10	
516	2.427500e-08	4.049554e-01	3.194727e-01	-8.55273e-10	
517	2.432500e-08	4.049554e-01	3.246884e-01	-8.03116e-10	
518	2.437500e-08	4.049554e-01	3.295860e-01	-7.54140e-10	

Index   time            v(cell)         v(bl)           vpre#branch     
--------------------------------------------------------------------------------
519	2.442500e-08	4.049554e-01	3.341850e-01	-7.08150e-10	
520	2.447500e-08	4.049554e-01	3.385035e-01	-6.64965e-10	
521	2.452500e-08	4.049554e-01	3.425586e-01	-6.24414e-10	
522	2.457500e-08	4.049554e-01	3.463664e-01	-5.86336e-10	
523	2.462500e-08	4.049554e-01	3.499421e-01	-5.50579e-10	
524	2.467500e-08	4.049554e-01	3.532997e-01	-5.17003e-10	
525	2.472500e-08	4.049554e-01	3.564525e-01	-4.85475e-10	
526	2.477500e-08	4.049554e-01	3.594130e-01	-4.55870e-10	
527	2.482500e-08	4.049554e-01	3.621931e-01	-4.28069e-10	
528	2.487500e-08	4.049554e-01	3.648035e-01	-4.01965e-10	
529	2.492500e-08	4.049554e-01	3.672548e-01	-3.77452e-10	
530	2.497500e-08	4.049554e-01	3.695566e-01	-3.54434e-10	
531	2.502500e-08	4.049554e-01	3.717181e-01	-3.32819e-10	
532	2.507500e-08	4.049554e-01	3.737477e-01	-3.12523e-10	
533	2.512500e-08	4.049554e-01	3.756535e-01	-2.93465e-10	
534	2.517500e-08	4.049554e-01	3.774432e-01	-2.75568e-10	
535	2.522500e-08	4.049554e-01	3.791236e-01	-2.58764e-10	
536	2.527500e-08	4.049554e-01	3.807017e-01	-2.42983e-10	
537	2.532500e-08	4.049554e-01	3.821834e-01	-2.28166e-10	
538	2.537500e-08	4.049554e-01	3.835748e-01	-2.14252e-10	
539	2.542500e-08	4.049554e-01	3.848814e-01	-2.01186e-10	
540	2.547500e-08	4.049554e-01	3.861083e-01	-1.88917e-10	
541	2.552500e-08	4.049554e-01	3.872604e-01	-1.77396e-10	
542	2.557500e-08	4.049554e-01	3.883422e-01	-1.66578e-10	
543	2.562500e-08	4.049554e-01	3.893580e-01	-1.56420e-10	
544	2.567500e-08	4.049554e-01	3.903119e-01	-1.46881e-10	
545	2.572500e-08	4.049554e-01	3.912076e-01	-1.37924e-10	
546	2.577500e-08	4.049554e-01	3.920487e-01	-1.29513e-10	
547	2.582500e-08	4.049554e-01	3.928385e-01	-1.21615e-10	
548	2.587500e-08	4.049554e-01	3.935802e-01	-1.14198e-10	
549	2.592500e-08	4.049554e-01	3.942766e-01	-1.07234e-10	
550	2.597500e-08	4.049554e-01	3.949305e-01	-1.00695e-10	
551	2.602500e-08	4.049554e-01	3.955446e-01	-9.45541e-11	
552	2.607500e-08	4.049554e-01	3.961212e-01	-8.87879e-11	
553	2.612500e-08	4.049554e-01	3.966627e-01	-8.33733e-11	
554	2.617500e-08	4.049554e-01	3.971711e-01	-7.82890e-11	
555	2.622500e-08	4.049554e-01	3.976485e-01	-7.35147e-11	
556	2.627500e-08	4.049554e-01	3.980968e-01	-6.90316e-11	
557	2.632500e-08	4.049554e-01	3.985178e-01	-6.48218e-11	
558	2.637500e-08	4.049554e-01	3.989131e-01	-6.08688e-11	
559	2.642500e-08	4.049554e-01	3.992843e-01	-5.71568e-11	
560	2.647500e-08	4.049554e-01	3.996329e-01	-5.36712e-11	
561	2.652500e-08	4.049554e-01	3.999602e-01	-5.03982e-11	
562	2.657500e-08	4.049554e-01	4.002675e-01	-4.73248e-11	
563	2.662500e-08	4.049554e-01	4.005561e-01	-4.44388e-11	
564	2.667500e-08	4.049554e-01	4.008271e-01	-4.17288e-11	
565	2.672500e-08	4.049554e-01	4.010816e-01	-3.91840e-11	
566	2.677500e-08	4.049554e-01	4.013206e-01	-3.67945e-11	
567	2.682500e-08	4.049554e-01	4.015449e-01	-3.45506e-11	
568	2.687500e-08	4.049554e-01	4.017556e-01	-3.24436e-11	
569	2.692500e-08	4.049554e-01	4.019535e-01	-3.04651e-11	
570	2.697500e-08	4.049554e-01	4.021393e-01	-2.86073e-11	
571	2.702500e-08	4.049554e-01	4.023137e-01	-2.68627e-11	
572	2.707500e-08	4.049554e-01	4.024775e-01	-2.52245e-11	
573	2.712500e-08	4.049554e-01	4.026314e-01	-2.36863e-11	
574	2.717500e-08	4.049554e-01	4.027758e-01	-2.22418e-11	
575	2.722500e-08	4.049554e-01	4.029115e-01	-2.08854e-11	
576	2.727500e-08	4.049554e-01	4.030388e-01	-1.96118e-11	

Index   time            v(cell)         v(bl)           vpre#branch     
--------------------------------------------------------------------------------
577	2.732500e-08	4.049554e-01	4.031584e-01	-1.84158e-11	
578	2.737500e-08	4.049554e-01	4.032707e-01	-1.72927e-11	
579	2.742500e-08	4.049554e-01	4.033762e-01	-1.62382e-11	
580	2.747500e-08	4.049554e-01	4.034752e-01	-1.52479e-11	
581	2.752500e-08	4.049554e-01	4.035682e-01	-1.43181e-11	
582	2.757500e-08	4.049554e-01	4.036555e-01	-1.34449e-11	
583	2.762500e-08	4.049554e-01	4.037375e-01	-1.26250e-11	
584	2.767500e-08	4.049554e-01	4.038145e-01	-1.18551e-11	
585	2.772500e-08	4.049554e-01	4.038868e-01	-1.11321e-11	
586	2.777500e-08	4.049554e-01	4.039547e-01	-1.04533e-11	
587	2.782500e-08	4.049554e-01	4.040184e-01	-9.81579e-12	
588	2.787500e-08	4.049554e-01	4.040783e-01	-9.21719e-12	
589	2.792500e-08	4.049554e-01	4.041345e-01	-8.65510e-12	
590	2.797500e-08	4.049554e-01	4.041873e-01	-8.12728e-12	
591	2.802500e-08	4.049554e-01	4.042368e-01	-7.63166e-12	
592	2.807500e-08	4.049554e-01	4.042834e-01	-7.16626e-12	
593	2.812500e-08	4.049554e-01	4.043271e-01	-6.72924e-12	
594	2.817500e-08	4.049554e-01	4.043681e-01	-6.31887e-12	
595	2.822500e-08	4.049554e-01	4.044066e-01	-5.93353e-12	
596	2.827500e-08	4.049554e-01	4.044428e-01	-5.57168e-12	
597	2.832500e-08	4.049554e-01	4.044768e-01	-5.23190e-12	
598	2.837500e-08	4.049554e-01	4.045087e-01	-4.91285e-12	
599	2.842500e-08	4.049554e-01	4.045387e-01	-4.61325e-12	
600	2.847500e-08	4.049554e-01	4.045668e-01	-4.33192e-12	
601	2.852500e-08	4.049554e-01	4.045932e-01	-4.06774e-12	
602	2.857500e-08	4.049554e-01	4.046180e-01	-3.81968e-12	
603	2.862500e-08	4.049554e-01	4.046413e-01	-3.58675e-12	
604	2.867500e-08	4.049554e-01	4.046632e-01	-3.36802e-12	
605	2.872500e-08	4.049554e-01	4.046837e-01	-3.16262e-12	
606	2.877500e-08	4.049554e-01	4.047030e-01	-2.96976e-12	
607	2.882500e-08	4.049554e-01	4.047211e-01	-2.78865e-12	
608	2.887500e-08	4.049554e-01	4.047381e-01	-2.61859e-12	
609	2.892500e-08	4.049554e-01	4.047541e-01	-2.45890e-12	
610	2.897500e-08	4.049554e-01	4.047691e-01	-2.30895e-12	
611	2.902500e-08	4.049554e-01	4.047832e-01	-2.16815e-12	
612	2.907500e-08	4.049554e-01	4.047964e-01	-2.03593e-12	
613	2.912500e-08	4.049554e-01	4.048088e-01	-1.91177e-12	
614	2.917500e-08	4.049554e-01	4.048205e-01	-1.79518e-12	
615	2.922500e-08	4.049554e-01	4.048314e-01	-1.68571e-12	
616	2.927500e-08	4.049554e-01	4.048417e-01	-1.58291e-12	
617	2.932500e-08	4.049554e-01	4.048514e-01	-1.48638e-12	
618	2.937500e-08	4.049554e-01	4.048604e-01	-1.39574e-12	
619	2.942500e-08	4.049554e-01	4.048689e-01	-1.31062e-12	
620	2.947500e-08	4.049554e-01	4.048769e-01	-1.23069e-12	
621	2.952500e-08	4.049554e-01	4.048844e-01	-1.15564e-12	
622	2.957500e-08	4.049554e-01	4.048915e-01	-1.08517e-12	
623	2.962500e-08	4.049554e-01	4.048981e-01	-1.01899e-12	
624	2.967500e-08	4.049554e-01	4.049043e-01	-9.56852e-13	
625	2.972500e-08	4.049554e-01	4.049101e-01	-8.98500e-13	
626	2.977500e-08	4.049554e-01	4.049156e-01	-8.43707e-13	
627	2.982500e-08	4.049554e-01	4.049208e-01	-7.92256e-13	
628	2.987500e-08	4.049554e-01	4.049256e-01	-7.43942e-13	
629	2.992500e-08	4.049554e-01	4.049301e-01	-6.98575e-13	
630	2.997500e-08	4.049554e-01	4.049344e-01	-6.55974e-13	
631	3.002500e-08	4.049554e-01	4.049384e-01	-6.15971e-13	
632	3.007500e-08	4.049554e-01	4.049422e-01	-5.78407e-13	
633	3.012500e-08	4.049554e-01	4.049457e-01	-5.43135e-13	
634	3.017500e-08	4.049554e-01	4.049490e-01	-5.10013e-13	

Index   time            v(cell)         v(bl)           vpre#branch     
--------------------------------------------------------------------------------
635	3.022500e-08	4.049554e-01	4.049521e-01	-4.78911e-13	
636	3.027500e-08	4.049554e-01	4.049550e-01	-4.49706e-13	
637	3.032500e-08	4.049554e-01	4.049578e-01	-4.22282e-13	
638	3.037500e-08	4.049554e-01	4.049603e-01	-3.96530e-13	
639	3.042500e-08	4.049554e-01	4.049628e-01	-3.72349e-13	
640	3.047500e-08	4.049554e-01	4.049650e-01	-3.49642e-13	
641	3.052500e-08	4.049554e-01	4.049672e-01	-3.28320e-13	
642	3.057500e-08	4.049554e-01	4.049692e-01	-3.08298e-13	
643	3.062500e-08	4.049554e-01	4.049711e-01	-2.89498e-13	
644	3.067500e-08	4.049554e-01	4.049728e-01	-2.71844e-13	
645	3.072500e-08	4.049554e-01	4.049745e-01	-2.55266e-13	
646	3.077500e-08	4.049554e-01	4.049760e-01	-2.39700e-13	
647	3.082500e-08	4.049554e-01	4.049775e-01	-2.25082e-13	
648	3.087500e-08	4.049554e-01	4.049789e-01	-2.11356e-13	
649	3.092500e-08	4.049554e-01	4.049802e-01	-1.98467e-13	
650	3.097500e-08	4.049554e-01	4.049814e-01	-1.86365e-13	
651	3.102500e-08	4.049554e-01	4.049825e-01	-1.75000e-13	
652	3.107500e-08	4.049554e-01	4.049836e-01	-1.64328e-13	
653	3.112500e-08	4.049554e-01	4.049846e-01	-1.54307e-13	
654	3.117500e-08	4.049554e-01	4.049855e-01	-1.44897e-13	
655	3.122500e-08	4.049554e-01	4.049864e-01	-1.36061e-13	
656	3.127500e-08	4.049554e-01	4.049872e-01	-1.27764e-13	
657	3.132500e-08	4.049554e-01	4.049880e-01	-1.19973e-13	
658	3.137500e-08	4.049554e-01	4.049887e-01	-1.12657e-13	
659	3.142500e-08	4.049554e-01	4.049894e-01	-1.05787e-13	
660	3.147500e-08	4.049554e-01	4.049901e-01	-9.93363e-14	
661	3.152500e-08	4.049554e-01	4.049907e-01	-9.32787e-14	
662	3.157500e-08	4.049554e-01	4.049912e-01	-8.75906e-14	
663	3.162500e-08	4.049554e-01	4.049918e-01	-8.22494e-14	
664	3.167500e-08	4.049554e-01	4.049923e-01	-7.72339e-14	
665	3.172500e-08	4.049554e-01	4.049927e-01	-7.25242e-14	
666	3.177500e-08	4.049554e-01	4.049932e-01	-6.81018e-14	
667	3.182500e-08	4.049554e-01	4.049936e-01	-6.39490e-14	
668	3.187500e-08	4.049554e-01	4.049940e-01	-6.00495e-14	
669	3.192500e-08	4.049554e-01	4.049944e-01	-5.63878e-14	
670	3.197500e-08	4.049554e-01	4.049947e-01	-5.29494e-14	
671	3.202500e-08	4.049554e-01	4.049950e-01	-4.97207e-14	
672	3.207500e-08	4.049554e-01	4.049953e-01	-4.66889e-14	
673	3.212500e-08	4.049554e-01	4.049956e-01	-4.38419e-14	
674	3.217500e-08	4.049554e-01	4.049959e-01	-4.11686e-14	
675	3.222500e-08	4.049554e-01	4.049961e-01	-3.86583e-14	
676	3.227500e-08	4.049554e-01	4.049964e-01	-3.63011e-14	
677	3.232500e-08	4.049554e-01	4.049966e-01	-3.40877e-14	
678	3.237500e-08	4.049554e-01	4.049968e-01	-3.20092e-14	
679	3.242500e-08	4.049554e-01	4.049970e-01	-3.00575e-14	
680	3.247500e-08	4.049554e-01	4.049972e-01	-2.82248e-14	
681	3.252500e-08	4.049554e-01	4.049973e-01	-2.65038e-14	
682	3.257500e-08	4.049554e-01	4.049975e-01	-2.48878e-14	
683	3.262500e-08	4.049554e-01	4.049977e-01	-2.33704e-14	
684	3.267500e-08	4.049554e-01	4.049978e-01	-2.19455e-14	
685	3.272500e-08	4.049554e-01	4.049979e-01	-2.06075e-14	
686	3.277500e-08	4.049554e-01	4.049981e-01	-1.93511e-14	
687	3.282500e-08	4.049554e-01	4.049982e-01	-1.81713e-14	
688	3.287500e-08	4.049554e-01	4.049983e-01	-1.70634e-14	
689	3.292500e-08	4.049554e-01	4.049984e-01	-1.60232e-14	
690	3.297500e-08	4.049554e-01	4.049985e-01	-1.50463e-14	
691	3.302500e-08	4.049554e-01	4.049986e-01	-1.41290e-14	
692	3.307500e-08	4.049554e-01	4.049987e-01	-1.32677e-14	

Index   time            v(cell)         v(bl)           vpre#branch     
--------------------------------------------------------------------------------
693	3.312500e-08	4.049554e-01	4.049988e-01	-1.24589e-14	
694	3.317500e-08	4.049554e-01	4.049988e-01	-1.16994e-14	
695	3.322500e-08	4.049554e-01	4.049989e-01	-1.09862e-14	
696	3.327500e-08	4.049554e-01	4.049990e-01	-1.03166e-14	
697	3.332500e-08	4.049554e-01	4.049990e-01	-9.68773e-15	
698	3.337500e-08	4.049554e-01	4.049991e-01	-9.09724e-15	
699	3.342500e-08	4.049554e-01	4.049991e-01	-8.54275e-15	
700	3.347500e-08	4.049554e-01	4.049992e-01	-8.02209e-15	
701	3.352500e-08	4.049554e-01	4.049992e-01	-7.53317e-15	
702	3.357500e-08	4.049554e-01	4.049993e-01	-7.07407e-15	
703	3.362500e-08	4.049554e-01	4.049993e-01	-6.64297e-15	
704	3.367500e-08	4.049554e-01	4.049994e-01	-6.23816e-15	
705	3.372500e-08	4.049554e-01	4.049994e-01	-5.85803e-15	
706	3.377500e-08	4.049554e-01	4.049994e-01	-5.50109e-15	
707	3.382500e-08	4.049554e-01	4.049995e-01	-5.16591e-15	
708	3.387500e-08	4.049554e-01	4.049995e-01	-4.85117e-15	
709	3.392500e-08	4.049554e-01	4.049995e-01	-4.55563e-15	
710	3.397500e-08	4.049554e-01	4.049996e-01	-4.27811e-15	
711	3.402500e-08	4.049554e-01	4.049996e-01	-4.01751e-15	
712	3.407500e-08	4.049554e-01	4.049996e-01	-3.77281e-15	
713	3.412500e-08	4.049554e-01	4.049996e-01	-3.54303e-15	
714	3.417500e-08	4.049554e-01	4.049997e-01	-3.32726e-15	
715	3.422500e-08	4.049554e-01	4.049997e-01	-3.12465e-15	
716	3.427500e-08	4.049554e-01	4.049997e-01	-2.93439e-15	
717	3.432500e-08	4.049554e-01	4.049997e-01	-2.75574e-15	
718	3.437500e-08	4.049554e-01	4.049997e-01	-2.58798e-15	
719	3.442500e-08	4.049554e-01	4.049998e-01	-2.43046e-15	
720	3.447500e-08	4.049554e-01	4.049998e-01	-2.28254e-15	
721	3.452500e-08	4.049554e-01	4.049998e-01	-2.14364e-15	
722	3.457500e-08	4.049554e-01	4.049998e-01	-2.01321e-15	
723	3.462500e-08	4.049554e-01	4.049998e-01	-1.89073e-15	
724	3.467500e-08	4.049554e-01	4.049998e-01	-1.77572e-15	
725	3.472500e-08	4.049554e-01	4.049998e-01	-1.66773e-15	
726	3.477500e-08	4.049554e-01	4.049998e-01	-1.56632e-15	
727	3.482500e-08	4.049554e-01	4.049999e-01	-1.47110e-15	
728	3.487500e-08	4.049554e-01	4.049999e-01	-1.38168e-15	
729	3.492500e-08	4.049554e-01	4.049999e-01	-1.29772e-15	
730	3.497500e-08	4.049554e-01	4.049999e-01	-1.21888e-15	
731	3.502500e-08	4.049554e-01	4.049999e-01	-1.14484e-15	
732	3.507500e-08	4.049554e-01	4.049999e-01	-1.07532e-15	
733	3.512500e-08	4.049554e-01	4.049999e-01	-1.01004e-15	
734	3.517500e-08	4.049554e-01	4.049999e-01	-9.48743e-16	
735	3.522500e-08	4.049554e-01	4.049999e-01	-8.91182e-16	
736	3.527500e-08	4.049554e-01	4.049999e-01	-8.37131e-16	
737	3.532500e-08	4.049554e-01	4.049999e-01	-7.86376e-16	
738	3.537500e-08	4.049554e-01	4.049999e-01	-7.38716e-16	
739	3.542500e-08	4.049554e-01	4.049999e-01	-6.93963e-16	
740	3.547500e-08	4.049554e-01	4.049999e-01	-6.51939e-16	
741	3.552500e-08	4.049554e-01	4.049999e-01	-6.12477e-16	
742	3.557500e-08	4.049554e-01	4.049999e-01	-5.75422e-16	
743	3.562500e-08	4.049554e-01	4.049999e-01	-5.40627e-16	
744	3.567500e-08	4.049554e-01	4.049999e-01	-5.07954e-16	
745	3.572500e-08	4.049554e-01	4.050000e-01	-4.77273e-16	
746	3.577500e-08	4.049554e-01	4.050000e-01	-4.48463e-16	
747	3.582500e-08	4.049554e-01	4.050000e-01	-4.21410e-16	
748	3.587500e-08	4.049554e-01	4.050000e-01	-3.96007e-16	
749	3.592500e-08	4.049554e-01	4.050000e-01	-3.72153e-16	
750	3.597500e-08	4.049554e-01	4.050000e-01	-3.49753e-16	

Index   time            v(cell)         v(bl)           vpre#branch     
--------------------------------------------------------------------------------
751	3.602500e-08	4.049554e-01	4.050000e-01	-3.28720e-16	
752	3.607500e-08	4.049554e-01	4.050000e-01	-3.08970e-16	
753	3.612500e-08	4.049554e-01	4.050000e-01	-2.90423e-16	
754	3.617500e-08	4.049554e-01	4.050000e-01	-2.73007e-16	
755	3.622500e-08	4.049554e-01	4.050000e-01	-2.56654e-16	
756	3.627500e-08	4.049554e-01	4.050000e-01	-2.41298e-16	
757	3.632500e-08	4.049554e-01	4.050000e-01	-2.26879e-16	
758	3.637500e-08	4.049554e-01	4.050000e-01	-2.13339e-16	
759	3.642500e-08	4.049554e-01	4.050000e-01	-2.00625e-16	
760	3.647500e-08	4.049554e-01	4.050000e-01	-1.88685e-16	
761	3.652500e-08	4.049554e-01	4.050000e-01	-1.77474e-16	
762	3.657500e-08	4.049554e-01	4.050000e-01	-1.66947e-16	
763	3.662500e-08	4.049554e-01	4.050000e-01	-1.57061e-16	
764	3.667500e-08	4.049554e-01	4.050000e-01	-1.47779e-16	
765	3.672500e-08	4.049554e-01	4.050000e-01	-1.39062e-16	
766	3.677500e-08	4.049554e-01	4.050000e-01	-1.30878e-16	
767	3.682500e-08	4.049554e-01	4.050000e-01	-1.23192e-16	
768	3.687500e-08	4.049554e-01	4.050000e-01	-1.15976e-16	
769	3.692500e-08	4.049554e-01	4.050000e-01	-1.09199e-16	
770	3.697500e-08	4.049554e-01	4.050000e-01	-1.02836e-16	
771	3.702500e-08	4.049554e-01	4.050000e-01	-9.68598e-17	
772	3.707500e-08	4.049554e-01	4.050000e-01	-9.12484e-17	
773	3.712500e-08	4.049554e-01	4.050000e-01	-8.59792e-17	
774	3.717500e-08	4.049554e-01	4.050000e-01	-8.10318e-17	
775	3.722500e-08	4.049554e-01	4.050000e-01	-7.63861e-17	
776	3.727500e-08	4.049554e-01	4.050000e-01	-7.20237e-17	
777	3.732500e-08	4.049554e-01	4.050000e-01	-6.79274e-17	
778	3.737500e-08	4.049554e-01	4.050000e-01	-6.40804e-17	
779	3.742500e-08	4.049554e-01	4.050000e-01	-6.04685e-17	
780	3.747500e-08	4.049554e-01	4.050000e-01	-5.70772e-17	
781	3.752500e-08	4.049554e-01	4.050000e-01	-5.38924e-17	
782	3.757500e-08	4.049554e-01	4.050000e-01	-5.09017e-17	
783	3.762500e-08	4.049554e-01	4.050000e-01	-4.80935e-17	
784	3.767500e-08	4.049554e-01	4.050000e-01	-4.54562e-17	
785	3.772500e-08	4.049554e-01	4.050000e-01	-4.29797e-17	
786	3.777500e-08	4.049554e-01	4.050000e-01	-4.06543e-17	
787	3.782500e-08	4.049554e-01	4.050000e-01	-3.84708e-17	
788	3.787500e-08	4.049554e-01	4.050000e-01	-3.64203e-17	
789	3.792500e-08	4.049554e-01	4.050000e-01	-3.44949e-17	
790	3.797500e-08	4.049554e-01	4.050000e-01	-3.26870e-17	
791	3.802500e-08	4.049554e-01	4.050000e-01	-3.09897e-17	
792	3.807500e-08	4.049554e-01	4.050000e-01	-2.93959e-17	
793	3.812500e-08	4.049554e-01	4.050000e-01	-2.78989e-17	
794	3.817500e-08	4.049554e-01	4.050000e-01	-2.64932e-17	
795	3.822500e-08	4.049554e-01	4.050000e-01	-2.51732e-17	
796	3.827500e-08	4.049554e-01	4.050000e-01	-2.39337e-17	
797	3.832500e-08	4.049554e-01	4.050000e-01	-2.27698e-17	
798	3.837500e-08	4.049554e-01	4.050000e-01	-2.16769e-17	
799	3.842500e-08	4.049554e-01	4.050000e-01	-2.06506e-17	
800	3.847500e-08	4.049554e-01	4.050000e-01	-1.96869e-17	
801	3.852500e-08	4.049554e-01	4.050000e-01	-1.87820e-17	
802	3.857500e-08	4.049554e-01	4.050000e-01	-1.79327e-17	
803	3.862500e-08	4.049554e-01	4.050000e-01	-1.71352e-17	
804	3.867500e-08	4.049554e-01	4.050000e-01	-1.63859e-17	
805	3.872500e-08	4.049554e-01	4.050000e-01	-1.56823e-17	
806	3.877500e-08	4.049554e-01	4.050000e-01	-1.50216e-17	
807	3.882500e-08	4.049554e-01	4.050000e-01	-1.44012e-17	
808	3.887500e-08	4.049554e-01	4.050000e-01	-1.38186e-17	

Index   time            v(cell)         v(bl)           vpre#branch     
--------------------------------------------------------------------------------
809	3.892500e-08	4.049554e-01	4.050000e-01	-1.32715e-17	
810	3.897500e-08	4.049554e-01	4.050000e-01	-1.27583e-17	
811	3.902500e-08	4.049554e-01	4.050000e-01	-1.22763e-17	
812	3.907500e-08	4.049554e-01	4.050000e-01	-1.18237e-17	
813	3.912500e-08	4.049554e-01	4.050000e-01	-1.13992e-17	
814	3.917500e-08	4.049554e-01	4.050000e-01	-1.10001e-17	
815	3.922500e-08	4.049554e-01	4.050000e-01	-1.06249e-17	
816	3.927500e-08	4.049554e-01	4.050000e-01	-1.02726e-17	
817	3.932500e-08	4.049554e-01	4.050000e-01	-9.94226e-18	
818	3.937500e-08	4.049554e-01	4.050000e-01	-9.63202e-18	
819	3.942500e-08	4.049554e-01	4.050000e-01	-9.34029e-18	
820	3.947500e-08	4.049554e-01	4.050000e-01	-9.06635e-18	
821	3.952500e-08	4.049554e-01	4.050000e-01	-8.80911e-18	
822	3.957500e-08	4.049554e-01	4.050000e-01	-8.56757e-18	
823	3.962500e-08	4.049554e-01	4.050000e-01	-8.34116e-18	
824	3.967500e-08	4.049554e-01	4.050000e-01	-8.12857e-18	
825	3.972500e-08	4.049554e-01	4.050000e-01	-7.92852e-18	
826	3.977500e-08	4.049554e-01	4.050000e-01	-7.74068e-18	
827	3.982500e-08	4.049554e-01	4.050000e-01	-7.56429e-18	
828	3.987500e-08	4.049554e-01	4.050000e-01	-7.39866e-18	
829	3.992500e-08	4.049554e-01	4.050000e-01	-7.24312e-18	
830	3.996250e-08	4.049554e-01	4.050000e-01	-7.13284e-18	
831	4.000000e-08	4.049554e-01	4.050000e-01	-7.02781e-18	


Total analysis time (seconds) = 0.0594623

Total elapsed time (seconds) = 0.072 

Total DRAM available = 386307.215 MB.
DRAM currently available = 1999.480 MB.
Maximum ngspice program size =  529.715 MB.
Current ngspice program size =   14.133 MB.

Shared ngspice pages =   12.309 MB.
Text (code) pages =    6.266 MB.
Stack = 0 bytes.
Library pages =   59.133 MB.

