
Note: No compatibility mode selected!


Circuit: * mini-array n=8 layout

Doing analysis at TEMP = 27.000000 and TNOM = 27.000000

Using SPARSE 1.3 as Direct Linear Solver

Initial Transient Solution
--------------------------

Node                                   Voltage
----                                   -------
pre                                      0.405
bl0                                      0.405
s                                            0
bltap0                                   0.405
wl0                                          0
bl1                                      0.405
bltap1                                   0.405
wl1                                          0
bl2                                      0.405
bltap2                                   0.405
wl2                                          0
bl3                                      0.405
bltap3                                   0.405
wl3                                          0
bl4                                      0.405
bltap4                                   0.405
wl4                                          0
bl5                                      0.405
bltap5                                   0.405
wl5                                          0
bl6                                      0.405
bltap6                                   0.405
wl6                                          0
bl7                                      0.405
bltap7                                   0.405
wl7                                          0
plate0                                       0
cell0                                        0
plate1                                   0.405
cell1                                 0.405005
plate2                                   0.405
cell2                                 0.405005
plate3                                   0.405
cell3                                 0.405005
plate4                                   0.405
cell4                                 0.405005
plate5                                   0.405
cell5                                 0.405005
plate6                                   0.405
cell6                                 0.405005
plate7                                   0.405
cell7                                 0.405005
vplate7#branch                               0
vwl7#branch                                  0
vplate6#branch                               0
vwl6#branch                                  0
vplate5#branch                               0
vwl5#branch                                  0
vplate4#branch                               0
vwl4#branch                                  0
vplate3#branch                               0
vwl3#branch                                  0
vplate2#branch                               0
vwl2#branch                                  0
vplate1#branch                               0
vwl1#branch                                  0
vplate0#branch                               0
vwl0#branch                                  0
vs#branch                                    0
vpre#branch                                  0


No. of Data Rows : 514

  Measurements for Transient Analysis

t_bl_settle         =  8.51400e-09
i_bl_leak           =  -9.06496e-11 from=  1.50000e-08 to=  2.50000e-08

                            * mini-array n=8 layout
                            Transient Analysis  Tue Jun 23 23:48:19  2026
--------------------------------------------------------------------------------
Index   time            v(bl0)          v(bl7)          vpre#branch     
--------------------------------------------------------------------------------
0	0.000000e+00	4.050000e-01	4.050000e-01	0.000000e+00	
1	5.000000e-13	4.050000e-01	4.050000e-01	-9.42986e-22	
2	1.000000e-12	4.050000e-01	4.050000e-01	-1.64361e-21	
3	2.000000e-12	4.050000e-01	4.050000e-01	-2.80911e-21	
4	4.000000e-12	4.050000e-01	4.050000e-01	-4.53295e-21	
5	8.000000e-12	4.050000e-01	4.050000e-01	-7.63570e-21	
6	1.600000e-11	4.050000e-01	4.050000e-01	-1.38222e-20	
7	3.200000e-11	4.050000e-01	4.050000e-01	-2.61116e-20	
8	6.400000e-11	4.050000e-01	4.050000e-01	-5.08278e-20	
9	1.140000e-10	4.050000e-01	4.050000e-01	-8.93024e-20	
10	1.640000e-10	4.050000e-01	4.050000e-01	-1.27205e-19	
11	2.140000e-10	4.050000e-01	4.050000e-01	-1.65124e-19	
12	2.640000e-10	4.050000e-01	4.050000e-01	-2.03028e-19	
13	3.140000e-10	4.050000e-01	4.050000e-01	-2.40948e-19	
14	3.640000e-10	4.050000e-01	4.050000e-01	-2.78849e-19	
15	4.140000e-10	4.050000e-01	4.050000e-01	-3.16769e-19	
16	4.640000e-10	4.050000e-01	4.050000e-01	-3.54673e-19	
17	5.140000e-10	4.050000e-01	4.050000e-01	-3.92591e-19	
18	5.640000e-10	4.050000e-01	4.050000e-01	-4.30494e-19	
19	6.140000e-10	4.050000e-01	4.050000e-01	-4.68410e-19	
20	6.640000e-10	4.050000e-01	4.050000e-01	-5.06311e-19	
21	7.140000e-10	4.050000e-01	4.050000e-01	-5.44228e-19	
22	7.640000e-10	4.050000e-01	4.050000e-01	-5.82132e-19	
23	8.140000e-10	4.050000e-01	4.050000e-01	-6.20049e-19	
24	8.640000e-10	4.050000e-01	4.050000e-01	-6.57953e-19	
25	9.140000e-10	4.050000e-01	4.050000e-01	-6.95867e-19	
26	9.570000e-10	4.050000e-01	4.050000e-01	-7.28777e-19	
27	1.000000e-09	4.050000e-01	4.050000e-01	-7.62016e-19	
28	1.005000e-09	4.050496e-01	4.050281e-01	4.956152e-13	
29	1.015000e-09	4.051284e-01	4.050997e-01	1.284282e-12	
30	1.035000e-09	4.052764e-01	4.052529e-01	2.763707e-12	
31	1.075000e-09	4.055797e-01	4.055518e-01	5.797122e-12	
32	1.125000e-09	4.059540e-01	4.059301e-01	9.540427e-12	
33	1.175000e-09	4.063323e-01	4.063047e-01	1.332312e-11	
34	1.225000e-09	4.067069e-01	4.066827e-01	1.706938e-11	
35	1.275000e-09	4.070849e-01	4.070576e-01	2.084931e-11	
36	1.325000e-09	4.074598e-01	4.074354e-01	2.459807e-11	
37	1.375000e-09	4.078376e-01	4.078105e-01	2.837561e-11	
38	1.425000e-09	4.082126e-01	4.081880e-01	3.212637e-11	
39	1.475000e-09	4.085902e-01	4.085633e-01	3.590159e-11	
40	1.525000e-09	4.089653e-01	4.089405e-01	3.965329e-11	
41	1.575000e-09	4.093424e-01	4.093157e-01	4.342444e-11	
42	1.625000e-09	4.097171e-01	4.096922e-01	4.717134e-11	
43	1.675000e-09	4.100924e-01	4.100660e-01	5.092447e-11	
44	1.725000e-09	4.104631e-01	4.104384e-01	5.463103e-11	
45	1.775000e-09	4.108285e-01	4.108031e-01	5.828495e-11	
46	1.825000e-09	4.111783e-01	4.111554e-01	6.178327e-11	
47	1.875000e-09	4.115048e-01	4.114828e-01	6.504782e-11	
48	1.925000e-09	4.117937e-01	4.117756e-01	6.793682e-11	
49	1.962500e-09	4.119818e-01	4.119652e-01	6.981800e-11	
50	2.000000e-09	4.121398e-01	4.121269e-01	7.139810e-11	
51	2.005000e-09	4.121098e-01	4.121180e-01	7.109753e-11	
52	2.015000e-09	4.120697e-01	4.120850e-01	7.069670e-11	
53	2.035000e-09	4.119995e-01	4.120097e-01	6.999537e-11	
54	2.075000e-09	4.118534e-01	4.118677e-01	6.853356e-11	

Index   time            v(bl0)          v(bl7)          vpre#branch     
--------------------------------------------------------------------------------
55	2.125000e-09	4.116781e-01	4.116883e-01	6.678084e-11	
56	2.175000e-09	4.115018e-01	4.115155e-01	6.501829e-11	
57	2.225000e-09	4.113320e-01	4.113421e-01	6.332008e-11	
58	2.275000e-09	4.111616e-01	4.111746e-01	6.161643e-11	
59	2.325000e-09	4.109971e-01	4.110070e-01	5.997069e-11	
60	2.375000e-09	4.108323e-01	4.108447e-01	5.832309e-11	
61	2.425000e-09	4.106728e-01	4.106826e-01	5.672782e-11	
62	2.475000e-09	4.105134e-01	4.105252e-01	5.513363e-11	
63	2.525000e-09	4.103587e-01	4.103683e-01	5.358690e-11	
64	2.575000e-09	4.102044e-01	4.102157e-01	5.204363e-11	
65	2.625000e-09	4.100544e-01	4.100638e-01	5.054359e-11	
66	2.675000e-09	4.099049e-01	4.099158e-01	4.904890e-11	
67	2.725000e-09	4.097594e-01	4.097686e-01	4.759373e-11	
68	2.775000e-09	4.096145e-01	4.096250e-01	4.614544e-11	
69	2.825000e-09	4.094733e-01	4.094824e-01	4.473340e-11	
70	2.875000e-09	4.093329e-01	4.093430e-01	4.332944e-11	
71	2.925000e-09	4.091959e-01	4.092048e-01	4.195888e-11	
72	2.975000e-09	4.090597e-01	4.090694e-01	4.059730e-11	
73	3.025000e-09	4.089267e-01	4.089353e-01	3.926659e-11	
74	3.075000e-09	4.087946e-01	4.088039e-01	3.794556e-11	
75	3.125000e-09	4.086653e-01	4.086738e-01	3.665316e-11	
76	3.175000e-09	4.085371e-01	4.085461e-01	3.537096e-11	
77	3.225000e-09	4.084115e-01	4.084198e-01	3.411538e-11	
78	3.275000e-09	4.082870e-01	4.082958e-01	3.287035e-11	
79	3.325000e-09	4.081650e-01	4.081731e-01	3.165019e-11	
80	3.375000e-09	4.080441e-01	4.080525e-01	3.044079e-11	
81	3.425000e-09	4.079255e-01	4.079334e-01	2.925466e-11	
82	3.475000e-09	4.078079e-01	4.078161e-01	2.807942e-11	
83	3.525000e-09	4.076926e-01	4.077003e-01	2.692602e-11	
84	3.575000e-09	4.075784e-01	4.075863e-01	2.578355e-11	
85	3.625000e-09	4.074662e-01	4.074737e-01	2.466163e-11	
86	3.675000e-09	4.073551e-01	4.073628e-01	2.355060e-11	
87	3.725000e-09	4.072459e-01	4.072532e-01	2.245897e-11	
88	3.775000e-09	4.071378e-01	4.071453e-01	2.137813e-11	
89	3.825000e-09	4.070316e-01	4.070387e-01	2.031562e-11	
90	3.875000e-09	4.069264e-01	4.069336e-01	1.926379e-11	
91	3.925000e-09	4.068229e-01	4.068299e-01	1.822932e-11	
92	3.975000e-09	4.067205e-01	4.067276e-01	1.720535e-11	
93	4.025000e-09	4.066198e-01	4.066266e-01	1.619786e-11	
94	4.075000e-09	4.065201e-01	4.065269e-01	1.520068e-11	
95	4.125000e-09	4.064219e-01	4.064286e-01	1.421917e-11	
96	4.175000e-09	4.063248e-01	4.063315e-01	1.324775e-11	
97	4.225000e-09	4.062291e-01	4.062356e-01	1.229125e-11	
98	4.275000e-09	4.061345e-01	4.061410e-01	1.134461e-11	
99	4.325000e-09	4.060412e-01	4.060475e-01	1.041221e-11	
100	4.375000e-09	4.059489e-01	4.059553e-01	9.489423e-12	
101	4.425000e-09	4.058580e-01	4.058642e-01	8.580232e-12	
102	4.475000e-09	4.057680e-01	4.057742e-01	7.680412e-12	
103	4.525000e-09	4.056794e-01	4.056854e-01	6.793591e-12	
104	4.575000e-09	4.055916e-01	4.055976e-01	5.915889e-12	
105	4.625000e-09	4.055051e-01	4.055109e-01	5.050630e-12	
106	4.675000e-09	4.054194e-01	4.054253e-01	4.194237e-12	
107	4.725000e-09	4.053350e-01	4.053407e-01	3.349770e-12	
108	4.775000e-09	4.052514e-01	4.052571e-01	2.513914e-12	
109	4.825000e-09	4.051689e-01	4.051746e-01	1.689499e-12	
110	4.875000e-09	4.050873e-01	4.050929e-01	8.734431e-13	
111	4.925000e-09	4.050068e-01	4.050123e-01	6.837321e-14	
112	4.975000e-09	4.049271e-01	4.049326e-01	-7.28586e-13	

Index   time            v(bl0)          v(bl7)          vpre#branch     
--------------------------------------------------------------------------------
113	5.025000e-09	4.048485e-01	4.048539e-01	-1.51499e-12	
114	5.075000e-09	4.047706e-01	4.047760e-01	-2.29352e-12	
115	5.125000e-09	4.046938e-01	4.046990e-01	-3.06191e-12	
116	5.175000e-09	4.046177e-01	4.046229e-01	-3.82266e-12	
117	5.225000e-09	4.045426e-01	4.045478e-01	-4.57365e-12	
118	5.275000e-09	4.044683e-01	4.044734e-01	-5.31724e-12	
119	5.325000e-09	4.043949e-01	4.043999e-01	-6.05142e-12	
120	5.375000e-09	4.043222e-01	4.043271e-01	-6.77843e-12	
121	5.425000e-09	4.042504e-01	4.042553e-01	-7.49638e-12	
122	5.475000e-09	4.041793e-01	4.041841e-01	-8.20738e-12	
123	5.525000e-09	4.041090e-01	4.041138e-01	-8.90964e-12	
124	5.575000e-09	4.040395e-01	4.040442e-01	-9.60517e-12	
125	5.625000e-09	4.039708e-01	4.039755e-01	-1.02923e-11	
126	5.675000e-09	4.039027e-01	4.039074e-01	-1.09728e-11	
127	5.725000e-09	4.038355e-01	4.038401e-01	-1.16453e-11	
128	5.775000e-09	4.037689e-01	4.037734e-01	-1.23114e-11	
129	5.825000e-09	4.037030e-01	4.037075e-01	-1.29696e-11	
130	5.875000e-09	4.036378e-01	4.036423e-01	-1.36218e-11	
131	5.925000e-09	4.035734e-01	4.035778e-01	-1.42663e-11	
132	5.975000e-09	4.035095e-01	4.035139e-01	-1.49049e-11	
133	6.025000e-09	4.034464e-01	4.034507e-01	-1.55362e-11	
134	6.075000e-09	4.033838e-01	4.033881e-01	-1.61617e-11	
135	6.125000e-09	4.033220e-01	4.033262e-01	-1.67801e-11	
136	6.175000e-09	4.032607e-01	4.032649e-01	-1.73929e-11	
137	6.225000e-09	4.032001e-01	4.032043e-01	-1.79989e-11	
138	6.275000e-09	4.031401e-01	4.031442e-01	-1.85994e-11	
139	6.325000e-09	4.030807e-01	4.030847e-01	-1.91933e-11	
140	6.375000e-09	4.030218e-01	4.030258e-01	-1.97820e-11	
141	6.425000e-09	4.029636e-01	4.029676e-01	-2.03642e-11	
142	6.475000e-09	4.029059e-01	4.029098e-01	-2.09414e-11	
143	6.525000e-09	4.028488e-01	4.028527e-01	-2.15123e-11	
144	6.575000e-09	4.027922e-01	4.027960e-01	-2.20783e-11	
145	6.625000e-09	4.027362e-01	4.027400e-01	-2.26382e-11	
146	6.675000e-09	4.026807e-01	4.026845e-01	-2.31934e-11	
147	6.725000e-09	4.026257e-01	4.026295e-01	-2.37427e-11	
148	6.775000e-09	4.025713e-01	4.025750e-01	-2.42874e-11	
149	6.825000e-09	4.025174e-01	4.025210e-01	-2.48264e-11	
150	6.875000e-09	4.024639e-01	4.024676e-01	-2.53609e-11	
151	6.925000e-09	4.024110e-01	4.024146e-01	-2.58899e-11	
152	6.975000e-09	4.023585e-01	4.023621e-01	-2.64145e-11	
153	7.025000e-09	4.023066e-01	4.023102e-01	-2.69338e-11	
154	7.075000e-09	4.022551e-01	4.022586e-01	-2.74488e-11	
155	7.125000e-09	4.022041e-01	4.022076e-01	-2.79587e-11	
156	7.175000e-09	4.021536e-01	4.021570e-01	-2.84644e-11	
157	7.225000e-09	4.021035e-01	4.021069e-01	-2.89652e-11	
158	7.275000e-09	4.020538e-01	4.020572e-01	-2.94619e-11	
159	7.325000e-09	4.020046e-01	4.020080e-01	-2.99537e-11	
160	7.375000e-09	4.019558e-01	4.019592e-01	-3.04416e-11	
161	7.425000e-09	4.019075e-01	4.019108e-01	-3.09248e-11	
162	7.475000e-09	4.018596e-01	4.018629e-01	-3.14043e-11	
163	7.525000e-09	4.018121e-01	4.018153e-01	-3.18791e-11	
164	7.575000e-09	4.017650e-01	4.017682e-01	-3.23502e-11	
165	7.625000e-09	4.017183e-01	4.017215e-01	-3.28169e-11	
166	7.675000e-09	4.016720e-01	4.016752e-01	-3.32800e-11	
167	7.725000e-09	4.016261e-01	4.016293e-01	-3.37387e-11	
168	7.775000e-09	4.015806e-01	4.015837e-01	-3.41940e-11	
169	7.825000e-09	4.015355e-01	4.015386e-01	-3.46451e-11	
170	7.875000e-09	4.014907e-01	4.014938e-01	-3.50927e-11	

Index   time            v(bl0)          v(bl7)          vpre#branch     
--------------------------------------------------------------------------------
171	7.925000e-09	4.014464e-01	4.014494e-01	-3.55363e-11	
172	7.975000e-09	4.014023e-01	4.014054e-01	-3.59765e-11	
173	8.025000e-09	4.013587e-01	4.013617e-01	-3.64128e-11	
174	8.075000e-09	4.013154e-01	4.013184e-01	-3.68459e-11	
175	8.125000e-09	4.012725e-01	4.012754e-01	-3.72751e-11	
176	8.175000e-09	4.012299e-01	4.012328e-01	-3.77011e-11	
177	8.225000e-09	4.011877e-01	4.011905e-01	-3.81234e-11	
178	8.275000e-09	4.011457e-01	4.011486e-01	-3.85426e-11	
179	8.325000e-09	4.011042e-01	4.011070e-01	-3.89582e-11	
180	8.375000e-09	4.010629e-01	4.010657e-01	-3.93708e-11	
181	8.425000e-09	4.010220e-01	4.010248e-01	-3.97798e-11	
182	8.475000e-09	4.009814e-01	4.009842e-01	-4.01860e-11	
183	8.525000e-09	4.009411e-01	4.009439e-01	-4.05886e-11	
184	8.575000e-09	4.009012e-01	4.009039e-01	-4.09884e-11	
185	8.625000e-09	4.008615e-01	4.008642e-01	-4.13849e-11	
186	8.675000e-09	4.008221e-01	4.008248e-01	-4.17786e-11	
187	8.725000e-09	4.007831e-01	4.007858e-01	-4.21690e-11	
188	8.775000e-09	4.007443e-01	4.007470e-01	-4.25567e-11	
189	8.825000e-09	4.007059e-01	4.007085e-01	-4.29412e-11	
190	8.875000e-09	4.006677e-01	4.006703e-01	-4.33231e-11	
191	8.925000e-09	4.006298e-01	4.006324e-01	-4.37019e-11	
192	8.975000e-09	4.005922e-01	4.005948e-01	-4.40781e-11	
193	9.025000e-09	4.005549e-01	4.005574e-01	-4.44513e-11	
194	9.075000e-09	4.005178e-01	4.005203e-01	-4.48220e-11	
195	9.125000e-09	4.004810e-01	4.004835e-01	-4.51897e-11	
196	9.175000e-09	4.004445e-01	4.004470e-01	-4.55550e-11	
197	9.225000e-09	4.004083e-01	4.004107e-01	-4.59173e-11	
198	9.275000e-09	4.003723e-01	4.003747e-01	-4.62773e-11	
199	9.325000e-09	4.003365e-01	4.003390e-01	-4.66345e-11	
200	9.375000e-09	4.003011e-01	4.003035e-01	-4.69894e-11	
201	9.425000e-09	4.002658e-01	4.002683e-01	-4.73415e-11	
202	9.475000e-09	4.002309e-01	4.002333e-01	-4.76914e-11	
203	9.525000e-09	4.001961e-01	4.001985e-01	-4.80385e-11	
204	9.575000e-09	4.001617e-01	4.001640e-01	-4.83835e-11	
205	9.625000e-09	4.001274e-01	4.001298e-01	-4.87258e-11	
206	9.675000e-09	4.000934e-01	4.000957e-01	-4.90660e-11	
207	9.725000e-09	4.000596e-01	4.000619e-01	-4.94036e-11	
208	9.775000e-09	4.000261e-01	4.000284e-01	-4.97391e-11	
209	9.825000e-09	3.999928e-01	3.999951e-01	-5.00721e-11	
210	9.875000e-09	3.999597e-01	3.999620e-01	-5.04030e-11	
211	9.925000e-09	3.999268e-01	3.999291e-01	-5.07315e-11	
212	9.975000e-09	3.998942e-01	3.998964e-01	-5.10580e-11	
213	1.002500e-08	3.998618e-01	3.998640e-01	-5.13821e-11	
214	1.007500e-08	3.998296e-01	3.998318e-01	-5.17042e-11	
215	1.012500e-08	3.997976e-01	3.997998e-01	-5.20241e-11	
216	1.017500e-08	3.997658e-01	3.997680e-01	-5.23419e-11	
217	1.022500e-08	3.997342e-01	3.997364e-01	-5.26575e-11	
218	1.027500e-08	3.997029e-01	3.997050e-01	-5.29713e-11	
219	1.032500e-08	3.996717e-01	3.996739e-01	-5.32828e-11	
220	1.037500e-08	3.996408e-01	3.996429e-01	-5.35924e-11	
221	1.042500e-08	3.996100e-01	3.996121e-01	-5.38999e-11	
222	1.047500e-08	3.995794e-01	3.995815e-01	-5.42056e-11	
223	1.052500e-08	3.995491e-01	3.995512e-01	-5.45092e-11	
224	1.057500e-08	3.995189e-01	3.995210e-01	-5.48110e-11	
225	1.062500e-08	3.994889e-01	3.994910e-01	-5.51107e-11	
226	1.067500e-08	3.994591e-01	3.994612e-01	-5.54087e-11	
227	1.072500e-08	3.994295e-01	3.994316e-01	-5.57047e-11	
228	1.077500e-08	3.994001e-01	3.994021e-01	-5.59989e-11	

Index   time            v(bl0)          v(bl7)          vpre#branch     
--------------------------------------------------------------------------------
229	1.082500e-08	3.993709e-01	3.993729e-01	-5.62912e-11	
230	1.087500e-08	3.993418e-01	3.993438e-01	-5.65819e-11	
231	1.092500e-08	3.993129e-01	3.993149e-01	-5.68706e-11	
232	1.097500e-08	3.992842e-01	3.992862e-01	-5.71577e-11	
233	1.102500e-08	3.992557e-01	3.992577e-01	-5.74428e-11	
234	1.107500e-08	3.992274e-01	3.992293e-01	-5.77264e-11	
235	1.112500e-08	3.991992e-01	3.992011e-01	-5.80082e-11	
236	1.117500e-08	3.991712e-01	3.991731e-01	-5.82884e-11	
237	1.122500e-08	3.991433e-01	3.991452e-01	-5.85667e-11	
238	1.127500e-08	3.991156e-01	3.991175e-01	-5.88436e-11	
239	1.132500e-08	3.990881e-01	3.990900e-01	-5.91186e-11	
240	1.137500e-08	3.990608e-01	3.990627e-01	-5.93922e-11	
241	1.142500e-08	3.990336e-01	3.990355e-01	-5.96640e-11	
242	1.147500e-08	3.990066e-01	3.990084e-01	-5.99344e-11	
243	1.152500e-08	3.989797e-01	3.989815e-01	-6.02030e-11	
244	1.157500e-08	3.989530e-01	3.989548e-01	-6.04703e-11	
245	1.162500e-08	3.989264e-01	3.989282e-01	-6.07358e-11	
246	1.167500e-08	3.989000e-01	3.989018e-01	-6.10000e-11	
247	1.172500e-08	3.988738e-01	3.988755e-01	-6.12625e-11	
248	1.177500e-08	3.988476e-01	3.988494e-01	-6.15236e-11	
249	1.182500e-08	3.988217e-01	3.988235e-01	-6.17832e-11	
250	1.187500e-08	3.987959e-01	3.987976e-01	-6.20414e-11	
251	1.192500e-08	3.987702e-01	3.987720e-01	-6.22980e-11	
252	1.197500e-08	3.987447e-01	3.987464e-01	-6.25533e-11	
253	1.202500e-08	3.987193e-01	3.987210e-01	-6.28070e-11	
254	1.207500e-08	3.986941e-01	3.986958e-01	-6.30595e-11	
255	1.212500e-08	3.986690e-01	3.986707e-01	-6.33104e-11	
256	1.217500e-08	3.986440e-01	3.986457e-01	-6.35601e-11	
257	1.222500e-08	3.986192e-01	3.986209e-01	-6.38083e-11	
258	1.227500e-08	3.985945e-01	3.985962e-01	-6.40552e-11	
259	1.232500e-08	3.985699e-01	3.985716e-01	-6.43007e-11	
260	1.237500e-08	3.985455e-01	3.985472e-01	-6.45449e-11	
261	1.242500e-08	3.985212e-01	3.985229e-01	-6.47878e-11	
262	1.247500e-08	3.984971e-01	3.984987e-01	-6.50294e-11	
263	1.252500e-08	3.984730e-01	3.984747e-01	-6.52697e-11	
264	1.257500e-08	3.984491e-01	3.984508e-01	-6.55087e-11	
265	1.262500e-08	3.984254e-01	3.984270e-01	-6.57464e-11	
266	1.267500e-08	3.984017e-01	3.984033e-01	-6.59829e-11	
267	1.272500e-08	3.983782e-01	3.983798e-01	-6.62181e-11	
268	1.277500e-08	3.983548e-01	3.983564e-01	-6.64522e-11	
269	1.282500e-08	3.983315e-01	3.983331e-01	-6.66849e-11	
270	1.287500e-08	3.983083e-01	3.983099e-01	-6.69165e-11	
271	1.292500e-08	3.982853e-01	3.982869e-01	-6.71469e-11	
272	1.297500e-08	3.982624e-01	3.982640e-01	-6.73761e-11	
273	1.302500e-08	3.982396e-01	3.982412e-01	-6.76040e-11	
274	1.307500e-08	3.982169e-01	3.982185e-01	-6.78309e-11	
275	1.312500e-08	3.981943e-01	3.981959e-01	-6.80566e-11	
276	1.317500e-08	3.981719e-01	3.981734e-01	-6.82811e-11	
277	1.322500e-08	3.981495e-01	3.981511e-01	-6.85045e-11	
278	1.327500e-08	3.981273e-01	3.981288e-01	-6.87268e-11	
279	1.332500e-08	3.981052e-01	3.981067e-01	-6.89479e-11	
280	1.337500e-08	3.980832e-01	3.980847e-01	-6.91680e-11	
281	1.342500e-08	3.980613e-01	3.980628e-01	-6.93869e-11	
282	1.347500e-08	3.980395e-01	3.980410e-01	-6.96049e-11	
283	1.352500e-08	3.980178e-01	3.980193e-01	-6.98216e-11	
284	1.357500e-08	3.979963e-01	3.979977e-01	-7.00374e-11	
285	1.362500e-08	3.979748e-01	3.979763e-01	-7.02520e-11	
286	1.367500e-08	3.979534e-01	3.979549e-01	-7.04657e-11	

Index   time            v(bl0)          v(bl7)          vpre#branch     
--------------------------------------------------------------------------------
287	1.372500e-08	3.979322e-01	3.979336e-01	-7.06782e-11	
288	1.377500e-08	3.979110e-01	3.979125e-01	-7.08898e-11	
289	1.382500e-08	3.978900e-01	3.978914e-01	-7.11003e-11	
290	1.387500e-08	3.978690e-01	3.978704e-01	-7.13099e-11	
291	1.392500e-08	3.978482e-01	3.978496e-01	-7.15184e-11	
292	1.397500e-08	3.978274e-01	3.978288e-01	-7.17259e-11	
293	1.402500e-08	3.978068e-01	3.978082e-01	-7.19324e-11	
294	1.407500e-08	3.977862e-01	3.977876e-01	-7.21380e-11	
295	1.412500e-08	3.977657e-01	3.977671e-01	-7.23426e-11	
296	1.417500e-08	3.977454e-01	3.977468e-01	-7.25462e-11	
297	1.422500e-08	3.977251e-01	3.977265e-01	-7.27489e-11	
298	1.427500e-08	3.977049e-01	3.977063e-01	-7.29507e-11	
299	1.432500e-08	3.976849e-01	3.976862e-01	-7.31514e-11	
300	1.437500e-08	3.976649e-01	3.976662e-01	-7.33513e-11	
301	1.442500e-08	3.976450e-01	3.976463e-01	-7.35502e-11	
302	1.447500e-08	3.976252e-01	3.976265e-01	-7.37483e-11	
303	1.452500e-08	3.976055e-01	3.976068e-01	-7.39454e-11	
304	1.457500e-08	3.975858e-01	3.975872e-01	-7.41416e-11	
305	1.462500e-08	3.975663e-01	3.975676e-01	-7.43369e-11	
306	1.467500e-08	3.975469e-01	3.975482e-01	-7.45314e-11	
307	1.472500e-08	3.975275e-01	3.975288e-01	-7.47249e-11	
308	1.477500e-08	3.975082e-01	3.975096e-01	-7.49177e-11	
309	1.482500e-08	3.974891e-01	3.974904e-01	-7.51095e-11	
310	1.487500e-08	3.974700e-01	3.974713e-01	-7.53005e-11	
311	1.492500e-08	3.974509e-01	3.974522e-01	-7.54906e-11	
312	1.497500e-08	3.974320e-01	3.974333e-01	-7.56799e-11	
313	1.502500e-08	3.974132e-01	3.974145e-01	-7.58683e-11	
314	1.507500e-08	3.973944e-01	3.973957e-01	-7.60560e-11	
315	1.512500e-08	3.973757e-01	3.973770e-01	-7.62428e-11	
316	1.517500e-08	3.973571e-01	3.973584e-01	-7.64288e-11	
317	1.522500e-08	3.973386e-01	3.973399e-01	-7.66139e-11	
318	1.527500e-08	3.973202e-01	3.973214e-01	-7.67983e-11	
319	1.532500e-08	3.973018e-01	3.973031e-01	-7.69819e-11	
320	1.537500e-08	3.972835e-01	3.972848e-01	-7.71647e-11	
321	1.542500e-08	3.972653e-01	3.972666e-01	-7.73467e-11	
322	1.547500e-08	3.972472e-01	3.972484e-01	-7.75279e-11	
323	1.552500e-08	3.972292e-01	3.972304e-01	-7.77084e-11	
324	1.557500e-08	3.972112e-01	3.972124e-01	-7.78881e-11	
325	1.562500e-08	3.971933e-01	3.971945e-01	-7.80670e-11	
326	1.567500e-08	3.971755e-01	3.971767e-01	-7.82452e-11	
327	1.572500e-08	3.971577e-01	3.971590e-01	-7.84226e-11	
328	1.577500e-08	3.971401e-01	3.971413e-01	-7.85993e-11	
329	1.582500e-08	3.971225e-01	3.971237e-01	-7.87752e-11	
330	1.587500e-08	3.971050e-01	3.971062e-01	-7.89505e-11	
331	1.592500e-08	3.970875e-01	3.970887e-01	-7.91249e-11	
332	1.597500e-08	3.970701e-01	3.970713e-01	-7.92987e-11	
333	1.602500e-08	3.970528e-01	3.970540e-01	-7.94717e-11	
334	1.607500e-08	3.970356e-01	3.970368e-01	-7.96441e-11	
335	1.612500e-08	3.970184e-01	3.970196e-01	-7.98157e-11	
336	1.617500e-08	3.970013e-01	3.970025e-01	-7.99867e-11	
337	1.622500e-08	3.969843e-01	3.969855e-01	-8.01569e-11	
338	1.627500e-08	3.969674e-01	3.969685e-01	-8.03265e-11	
339	1.632500e-08	3.969505e-01	3.969516e-01	-8.04953e-11	
340	1.637500e-08	3.969336e-01	3.969348e-01	-8.06635e-11	
341	1.642500e-08	3.969169e-01	3.969180e-01	-8.08310e-11	
342	1.647500e-08	3.969002e-01	3.969014e-01	-8.09979e-11	
343	1.652500e-08	3.968836e-01	3.968847e-01	-8.11640e-11	
344	1.657500e-08	3.968670e-01	3.968682e-01	-8.13296e-11	

Index   time            v(bl0)          v(bl7)          vpre#branch     
--------------------------------------------------------------------------------
345	1.662500e-08	3.968506e-01	3.968517e-01	-8.14944e-11	
346	1.667500e-08	3.968341e-01	3.968353e-01	-8.16587e-11	
347	1.672500e-08	3.968178e-01	3.968189e-01	-8.18222e-11	
348	1.677500e-08	3.968015e-01	3.968026e-01	-8.19852e-11	
349	1.682500e-08	3.967853e-01	3.967864e-01	-8.21475e-11	
350	1.687500e-08	3.967691e-01	3.967702e-01	-8.23092e-11	
351	1.692500e-08	3.967530e-01	3.967541e-01	-8.24702e-11	
352	1.697500e-08	3.967369e-01	3.967380e-01	-8.26306e-11	
353	1.702500e-08	3.967210e-01	3.967221e-01	-8.27904e-11	
354	1.707500e-08	3.967050e-01	3.967061e-01	-8.29496e-11	
355	1.712500e-08	3.966892e-01	3.966903e-01	-8.31081e-11	
356	1.717500e-08	3.966734e-01	3.966745e-01	-8.32661e-11	
357	1.722500e-08	3.966577e-01	3.966587e-01	-8.34235e-11	
358	1.727500e-08	3.966420e-01	3.966430e-01	-8.35803e-11	
359	1.732500e-08	3.966264e-01	3.966274e-01	-8.37364e-11	
360	1.737500e-08	3.966108e-01	3.966119e-01	-8.38920e-11	
361	1.742500e-08	3.965953e-01	3.965964e-01	-8.40470e-11	
362	1.747500e-08	3.965799e-01	3.965809e-01	-8.42015e-11	
363	1.752500e-08	3.965645e-01	3.965655e-01	-8.43553e-11	
364	1.757500e-08	3.965491e-01	3.965502e-01	-8.45086e-11	
365	1.762500e-08	3.965339e-01	3.965349e-01	-8.46613e-11	
366	1.767500e-08	3.965187e-01	3.965197e-01	-8.48135e-11	
367	1.772500e-08	3.965035e-01	3.965045e-01	-8.49650e-11	
368	1.777500e-08	3.964884e-01	3.964894e-01	-8.51161e-11	
369	1.782500e-08	3.964733e-01	3.964744e-01	-8.52665e-11	
370	1.787500e-08	3.964584e-01	3.964594e-01	-8.54165e-11	
371	1.792500e-08	3.964434e-01	3.964444e-01	-8.55658e-11	
372	1.797500e-08	3.964285e-01	3.964296e-01	-8.57147e-11	
373	1.802500e-08	3.964137e-01	3.964147e-01	-8.58630e-11	
374	1.807500e-08	3.963989e-01	3.963999e-01	-8.60107e-11	
375	1.812500e-08	3.963842e-01	3.963852e-01	-8.61579e-11	
376	1.817500e-08	3.963695e-01	3.963705e-01	-8.63047e-11	
377	1.822500e-08	3.963549e-01	3.963559e-01	-8.64508e-11	
378	1.827500e-08	3.963404e-01	3.963414e-01	-8.65965e-11	
379	1.832500e-08	3.963258e-01	3.963268e-01	-8.67416e-11	
380	1.837500e-08	3.963114e-01	3.963124e-01	-8.68863e-11	
381	1.842500e-08	3.962970e-01	3.962980e-01	-8.70303e-11	
382	1.847500e-08	3.962826e-01	3.962836e-01	-8.71740e-11	
383	1.852500e-08	3.962683e-01	3.962693e-01	-8.73171e-11	
384	1.857500e-08	3.962540e-01	3.962550e-01	-8.74597e-11	
385	1.862500e-08	3.962398e-01	3.962408e-01	-8.76018e-11	
386	1.867500e-08	3.962257e-01	3.962266e-01	-8.77434e-11	
387	1.872500e-08	3.962116e-01	3.962125e-01	-8.78845e-11	
388	1.877500e-08	3.961975e-01	3.961985e-01	-8.80251e-11	
389	1.882500e-08	3.961835e-01	3.961844e-01	-8.81652e-11	
390	1.887500e-08	3.961695e-01	3.961705e-01	-8.83049e-11	
391	1.892500e-08	3.961556e-01	3.961565e-01	-8.84441e-11	
392	1.897500e-08	3.961417e-01	3.961427e-01	-8.85828e-11	
393	1.902500e-08	3.961279e-01	3.961288e-01	-8.87210e-11	
394	1.907500e-08	3.961141e-01	3.961151e-01	-8.88588e-11	
395	1.912500e-08	3.961004e-01	3.961013e-01	-8.89961e-11	
396	1.917500e-08	3.960867e-01	3.960876e-01	-8.91329e-11	
397	1.922500e-08	3.960731e-01	3.960740e-01	-8.92693e-11	
398	1.927500e-08	3.960595e-01	3.960604e-01	-8.94052e-11	
399	1.932500e-08	3.960459e-01	3.960469e-01	-8.95406e-11	
400	1.937500e-08	3.960324e-01	3.960334e-01	-8.96757e-11	
401	1.942500e-08	3.960190e-01	3.960199e-01	-8.98102e-11	
402	1.947500e-08	3.960056e-01	3.960065e-01	-8.99443e-11	

Index   time            v(bl0)          v(bl7)          vpre#branch     
--------------------------------------------------------------------------------
403	1.952500e-08	3.959922e-01	3.959931e-01	-9.00780e-11	
404	1.957500e-08	3.959789e-01	3.959798e-01	-9.02112e-11	
405	1.962500e-08	3.959656e-01	3.959665e-01	-9.03440e-11	
406	1.967500e-08	3.959524e-01	3.959533e-01	-9.04763e-11	
407	1.972500e-08	3.959392e-01	3.959401e-01	-9.06082e-11	
408	1.977500e-08	3.959260e-01	3.959269e-01	-9.07397e-11	
409	1.982500e-08	3.959129e-01	3.959138e-01	-9.08707e-11	
410	1.987500e-08	3.958999e-01	3.959008e-01	-9.10014e-11	
411	1.992500e-08	3.958868e-01	3.958877e-01	-9.11316e-11	
412	1.997500e-08	3.958739e-01	3.958748e-01	-9.12614e-11	
413	2.002500e-08	3.958609e-01	3.958618e-01	-9.13907e-11	
414	2.007500e-08	3.958480e-01	3.958489e-01	-9.15197e-11	
415	2.012500e-08	3.958352e-01	3.958361e-01	-9.16482e-11	
416	2.017500e-08	3.958224e-01	3.958232e-01	-9.17763e-11	
417	2.022500e-08	3.958096e-01	3.958105e-01	-9.19040e-11	
418	2.027500e-08	3.957969e-01	3.957977e-01	-9.20313e-11	
419	2.032500e-08	3.957842e-01	3.957850e-01	-9.21582e-11	
420	2.037500e-08	3.957715e-01	3.957724e-01	-9.22847e-11	
421	2.042500e-08	3.957589e-01	3.957598e-01	-9.24108e-11	
422	2.047500e-08	3.957463e-01	3.957472e-01	-9.25366e-11	
423	2.052500e-08	3.957338e-01	3.957347e-01	-9.26619e-11	
424	2.057500e-08	3.957213e-01	3.957222e-01	-9.27868e-11	
425	2.062500e-08	3.957089e-01	3.957097e-01	-9.29113e-11	
426	2.067500e-08	3.956965e-01	3.956973e-01	-9.30355e-11	
427	2.072500e-08	3.956841e-01	3.956849e-01	-9.31592e-11	
428	2.077500e-08	3.956717e-01	3.956726e-01	-9.32826e-11	
429	2.082500e-08	3.956594e-01	3.956603e-01	-9.34056e-11	
430	2.087500e-08	3.956472e-01	3.956480e-01	-9.35282e-11	
431	2.092500e-08	3.956350e-01	3.956358e-01	-9.36504e-11	
432	2.097500e-08	3.956228e-01	3.956236e-01	-9.37723e-11	
433	2.102500e-08	3.956106e-01	3.956115e-01	-9.38938e-11	
434	2.107500e-08	3.955985e-01	3.955993e-01	-9.40149e-11	
435	2.112500e-08	3.955864e-01	3.955873e-01	-9.41357e-11	
436	2.117500e-08	3.955744e-01	3.955752e-01	-9.42561e-11	
437	2.122500e-08	3.955624e-01	3.955632e-01	-9.43761e-11	
438	2.127500e-08	3.955504e-01	3.955512e-01	-9.44958e-11	
439	2.132500e-08	3.955385e-01	3.955393e-01	-9.46151e-11	
440	2.137500e-08	3.955266e-01	3.955274e-01	-9.47340e-11	
441	2.142500e-08	3.955147e-01	3.955156e-01	-9.48526e-11	
442	2.147500e-08	3.955029e-01	3.955037e-01	-9.49708e-11	
443	2.152500e-08	3.954911e-01	3.954919e-01	-9.50887e-11	
444	2.157500e-08	3.954794e-01	3.954802e-01	-9.52063e-11	
445	2.162500e-08	3.954677e-01	3.954685e-01	-9.53234e-11	
446	2.167500e-08	3.954560e-01	3.954568e-01	-9.54403e-11	
447	2.172500e-08	3.954443e-01	3.954451e-01	-9.55568e-11	
448	2.177500e-08	3.954327e-01	3.954335e-01	-9.56729e-11	
449	2.182500e-08	3.954211e-01	3.954219e-01	-9.57888e-11	
450	2.187500e-08	3.954096e-01	3.954104e-01	-9.59042e-11	
451	2.192500e-08	3.953981e-01	3.953989e-01	-9.60194e-11	
452	2.197500e-08	3.953866e-01	3.953874e-01	-9.61342e-11	
453	2.202500e-08	3.953751e-01	3.953759e-01	-9.62486e-11	
454	2.207500e-08	3.953637e-01	3.953645e-01	-9.63628e-11	
455	2.212500e-08	3.953523e-01	3.953531e-01	-9.64766e-11	
456	2.217500e-08	3.953410e-01	3.953418e-01	-9.65901e-11	
457	2.222500e-08	3.953297e-01	3.953305e-01	-9.67032e-11	
458	2.227500e-08	3.953184e-01	3.953192e-01	-9.68161e-11	
459	2.232500e-08	3.953071e-01	3.953079e-01	-9.69286e-11	
460	2.237500e-08	3.952959e-01	3.952967e-01	-9.70408e-11	

Index   time            v(bl0)          v(bl7)          vpre#branch     
--------------------------------------------------------------------------------
461	2.242500e-08	3.952847e-01	3.952855e-01	-9.71527e-11	
462	2.247500e-08	3.952736e-01	3.952743e-01	-9.72642e-11	
463	2.252500e-08	3.952625e-01	3.952632e-01	-9.73754e-11	
464	2.257500e-08	3.952514e-01	3.952521e-01	-9.74864e-11	
465	2.262500e-08	3.952403e-01	3.952411e-01	-9.75970e-11	
466	2.267500e-08	3.952293e-01	3.952300e-01	-9.77073e-11	
467	2.272500e-08	3.952183e-01	3.952190e-01	-9.78173e-11	
468	2.277500e-08	3.952073e-01	3.952081e-01	-9.79270e-11	
469	2.282500e-08	3.951964e-01	3.951971e-01	-9.80363e-11	
470	2.287500e-08	3.951855e-01	3.951862e-01	-9.81454e-11	
471	2.292500e-08	3.951746e-01	3.951753e-01	-9.82542e-11	
472	2.297500e-08	3.951637e-01	3.951645e-01	-9.83627e-11	
473	2.302500e-08	3.951529e-01	3.951537e-01	-9.84708e-11	
474	2.307500e-08	3.951421e-01	3.951429e-01	-9.85787e-11	
475	2.312500e-08	3.951314e-01	3.951321e-01	-9.86863e-11	
476	2.317500e-08	3.951206e-01	3.951214e-01	-9.87936e-11	
477	2.322500e-08	3.951099e-01	3.951107e-01	-9.89006e-11	
478	2.327500e-08	3.950993e-01	3.951000e-01	-9.90073e-11	
479	2.332500e-08	3.950886e-01	3.950894e-01	-9.91137e-11	
480	2.337500e-08	3.950780e-01	3.950787e-01	-9.92198e-11	
481	2.342500e-08	3.950674e-01	3.950682e-01	-9.93256e-11	
482	2.347500e-08	3.950569e-01	3.950576e-01	-9.94312e-11	
483	2.352500e-08	3.950464e-01	3.950471e-01	-9.95364e-11	
484	2.357500e-08	3.950359e-01	3.950366e-01	-9.96414e-11	
485	2.362500e-08	3.950254e-01	3.950261e-01	-9.97461e-11	
486	2.367500e-08	3.950149e-01	3.950157e-01	-9.98505e-11	
487	2.372500e-08	3.950045e-01	3.950052e-01	-9.99547e-11	
488	2.377500e-08	3.949941e-01	3.949949e-01	-1.00059e-10	
489	2.382500e-08	3.949838e-01	3.949845e-01	-1.00162e-10	
490	2.387500e-08	3.949735e-01	3.949742e-01	-1.00265e-10	
491	2.392500e-08	3.949632e-01	3.949639e-01	-1.00368e-10	
492	2.397500e-08	3.949529e-01	3.949536e-01	-1.00471e-10	
493	2.402500e-08	3.949426e-01	3.949433e-01	-1.00574e-10	
494	2.407500e-08	3.949324e-01	3.949331e-01	-1.00676e-10	
495	2.412500e-08	3.949222e-01	3.949229e-01	-1.00778e-10	
496	2.417500e-08	3.949120e-01	3.949127e-01	-1.00880e-10	
497	2.422500e-08	3.949019e-01	3.949026e-01	-1.00981e-10	
498	2.427500e-08	3.948918e-01	3.948925e-01	-1.01082e-10	
499	2.432500e-08	3.948817e-01	3.948824e-01	-1.01183e-10	
500	2.437500e-08	3.948716e-01	3.948723e-01	-1.01284e-10	
501	2.442500e-08	3.948616e-01	3.948623e-01	-1.01384e-10	
502	2.447500e-08	3.948516e-01	3.948523e-01	-1.01484e-10	
503	2.452500e-08	3.948416e-01	3.948423e-01	-1.01584e-10	
504	2.457500e-08	3.948316e-01	3.948323e-01	-1.01684e-10	
505	2.462500e-08	3.948217e-01	3.948224e-01	-1.01783e-10	
506	2.467500e-08	3.948118e-01	3.948125e-01	-1.01882e-10	
507	2.472500e-08	3.948019e-01	3.948026e-01	-1.01981e-10	
508	2.477500e-08	3.947921e-01	3.947927e-01	-1.02079e-10	
509	2.482500e-08	3.947822e-01	3.947829e-01	-1.02178e-10	
510	2.487500e-08	3.947724e-01	3.947731e-01	-1.02276e-10	
511	2.492500e-08	3.947626e-01	3.947633e-01	-1.02374e-10	
512	2.496250e-08	3.947553e-01	3.947560e-01	-1.02447e-10	
513	2.500000e-08	3.947480e-01	3.947487e-01	-1.02520e-10	


Total analysis time (seconds) = 0.0578497

Total elapsed time (seconds) = 0.065 

Total DRAM available = 386307.215 MB.
DRAM currently available = 14107.734 MB.
Maximum ngspice program size =  529.852 MB.
Current ngspice program size =   14.359 MB.

Shared ngspice pages =   12.430 MB.
Text (code) pages =    6.266 MB.
Stack = 0 bytes.
Library pages =   59.270 MB.

