
Note: No compatibility mode selected!


Circuit: * 1t1c ccell=30.0ff

Doing analysis at TEMP = 27.000000 and TNOM = 27.000000

Using SPARSE 1.3 as Direct Linear Solver

Initial Transient Solution
--------------------------

Node                                   Voltage
----                                   -------
pre                                      0.405
bl                                       0.405
wl                                           0
plate                                        0
s                                            0
cell                                         0
vs#branch                                    0
vpl#branch                                   0
vwl#branch                                   0
vpre#branch                                  0


No. of Data Rows : 832

  Measurements for Transient Analysis

t_write             =  1.90024e-09
t_read              =  2.25764e-08
i_hold              =  -2.86610e-11 from=  2.50000e-08 to=  3.50250e-08
q_read              =   3.12475e-18 from=  1.20000e-08 to=  2.20000e-08

                              * 1t1c ccell=30.0ff
                              Transient Analysis  Tue Jun 23 21:13:03  2026
--------------------------------------------------------------------------------
Index   time            v(cell)         v(bl)           vpre#branch     
--------------------------------------------------------------------------------
0	0.000000e+00	0.000000e+00	4.050000e-01	0.000000e+00	
1	5.000000e-13	2.806446e-13	4.050000e-01	-1.13834e-17	
2	1.000000e-12	5.612845e-13	4.050000e-01	-2.19638e-17	
3	2.000000e-12	1.122563e-12	4.050000e-01	-4.31114e-17	
4	4.000000e-12	2.245121e-12	4.050000e-01	-8.53268e-17	
5	8.000000e-12	4.490237e-12	4.050000e-01	-1.69440e-16	
6	1.600000e-11	8.980468e-12	4.050000e-01	-3.36402e-16	
7	3.200000e-11	1.796093e-11	4.049999e-01	-6.65337e-16	
8	6.400000e-11	3.592185e-11	4.049999e-01	-1.30373e-15	
9	1.140000e-10	6.398578e-11	4.049998e-01	-2.25135e-15	
10	1.640000e-10	9.204970e-11	4.049997e-01	-3.14118e-15	
11	2.140000e-10	1.201136e-10	4.049996e-01	-3.97674e-15	
12	2.640000e-10	1.481775e-10	4.049995e-01	-4.76135e-15	
13	3.140000e-10	1.762414e-10	4.049995e-01	-5.49811e-15	
14	3.640000e-10	2.043053e-10	4.049994e-01	-6.18994e-15	
15	4.140000e-10	2.323692e-10	4.049993e-01	-6.83958e-15	
16	4.640000e-10	2.604331e-10	4.049993e-01	-7.44960e-15	
17	5.140000e-10	2.884970e-10	4.049992e-01	-8.02243e-15	
18	5.640000e-10	3.165609e-10	4.049991e-01	-8.56032e-15	
19	6.140000e-10	3.446248e-10	4.049991e-01	-9.06540e-15	
20	6.640000e-10	3.726886e-10	4.049990e-01	-9.53969e-15	
21	7.140000e-10	4.007525e-10	4.049990e-01	-9.98505e-15	
22	7.640000e-10	4.288164e-10	4.049990e-01	-1.04033e-14	
23	8.140000e-10	4.568802e-10	4.049989e-01	-1.07960e-14	
24	8.640000e-10	4.849441e-10	4.049989e-01	-1.11647e-14	
25	9.140000e-10	5.130079e-10	4.049988e-01	-1.15110e-14	
26	9.570000e-10	5.371428e-10	4.049988e-01	-1.17918e-14	
27	1.000000e-09	5.612778e-10	4.049988e-01	-1.20578e-14	
28	1.005000e-09	4.048936e-03	4.049988e-01	-1.20763e-14	
29	1.015000e-09	1.214679e-02	4.049988e-01	-1.20926e-14	
30	1.035000e-09	2.834250e-02	4.049988e-01	-1.20213e-14	
31	1.075000e-09	6.073392e-02	4.049988e-01	-1.16158e-14	
32	1.125000e-09	1.012232e-01	4.049989e-01	-1.09207e-14	
33	1.175000e-09	1.417125e-01	4.049990e-01	-1.02389e-14	
34	1.225000e-09	1.822017e-01	4.049990e-01	-9.60912e-15	
35	1.275000e-09	2.226910e-01	4.049991e-01	-9.02131e-15	
36	1.325000e-09	2.631803e-01	4.049992e-01	-8.47056e-15	
37	1.375000e-09	3.036695e-01	4.049992e-01	-7.95417e-15	
38	1.425000e-09	3.441588e-01	4.049993e-01	-7.46974e-15	
39	1.475000e-09	3.846481e-01	4.049993e-01	-7.01479e-15	
40	1.525000e-09	4.251374e-01	4.049993e-01	-6.58745e-15	
41	1.575000e-09	4.656266e-01	4.049994e-01	-6.18558e-15	
42	1.625000e-09	5.061159e-01	4.049994e-01	-5.80769e-15	
43	1.675000e-09	5.466052e-01	4.049995e-01	-5.45285e-15	
44	1.725000e-09	5.870945e-01	4.049995e-01	-5.11961e-15	
45	1.775000e-09	6.275837e-01	4.049995e-01	-4.80666e-15	
46	1.825000e-09	6.680730e-01	4.049995e-01	-4.51277e-15	
47	1.875000e-09	7.085623e-01	4.049996e-01	-4.23677e-15	
48	1.925000e-09	7.490515e-01	4.049996e-01	-3.97758e-15	
49	1.962500e-09	7.794185e-01	4.049996e-01	-3.79362e-15	
50	2.000000e-09	8.097855e-01	4.049996e-01	-3.61813e-15	
51	2.005000e-09	8.097854e-01	4.049996e-01	-3.59543e-15	
52	2.015000e-09	8.097854e-01	4.049996e-01	-3.55030e-15	
53	2.035000e-09	8.097854e-01	4.049997e-01	-3.46173e-15	
54	2.075000e-09	8.097854e-01	4.049997e-01	-3.29111e-15	

Index   time            v(cell)         v(bl)           vpre#branch     
--------------------------------------------------------------------------------
55	2.125000e-09	8.097854e-01	4.049997e-01	-3.08953e-15	
56	2.175000e-09	8.097854e-01	4.049997e-01	-2.90025e-15	
57	2.225000e-09	8.097854e-01	4.049997e-01	-2.72252e-15	
58	2.275000e-09	8.097854e-01	4.049997e-01	-2.55562e-15	
59	2.325000e-09	8.097854e-01	4.049998e-01	-2.39890e-15	
60	2.375000e-09	8.097854e-01	4.049998e-01	-2.25174e-15	
61	2.425000e-09	8.097854e-01	4.049998e-01	-2.11355e-15	
62	2.475000e-09	8.097854e-01	4.049998e-01	-1.98379e-15	
63	2.525000e-09	8.097854e-01	4.049998e-01	-1.86194e-15	
64	2.575000e-09	8.097854e-01	4.049998e-01	-1.74753e-15	
65	2.625000e-09	8.097854e-01	4.049998e-01	-1.64009e-15	
66	2.675000e-09	8.097854e-01	4.049998e-01	-1.53920e-15	
67	2.725000e-09	8.097854e-01	4.049999e-01	-1.44446e-15	
68	2.775000e-09	8.097854e-01	4.049999e-01	-1.35551e-15	
69	2.825000e-09	8.097854e-01	4.049999e-01	-1.27197e-15	
70	2.875000e-09	8.097854e-01	4.049999e-01	-1.19353e-15	
71	2.925000e-09	8.097854e-01	4.049999e-01	-1.11988e-15	
72	2.975000e-09	8.097854e-01	4.049999e-01	-1.05071e-15	
73	3.025000e-09	8.097854e-01	4.049999e-01	-9.85768e-16	
74	3.075000e-09	8.097854e-01	4.049999e-01	-9.24782e-16	
75	3.125000e-09	8.097854e-01	4.049999e-01	-8.67516e-16	
76	3.175000e-09	8.097854e-01	4.049999e-01	-8.13742e-16	
77	3.225000e-09	8.097854e-01	4.049999e-01	-7.63247e-16	
78	3.275000e-09	8.097854e-01	4.049999e-01	-7.15832e-16	
79	3.325000e-09	8.097854e-01	4.049999e-01	-6.71309e-16	
80	3.375000e-09	8.097854e-01	4.049999e-01	-6.29500e-16	
81	3.425000e-09	8.097854e-01	4.049999e-01	-5.90241e-16	
82	3.475000e-09	8.097854e-01	4.049999e-01	-5.53375e-16	
83	3.525000e-09	8.097854e-01	4.049999e-01	-5.18758e-16	
84	3.575000e-09	8.097854e-01	4.050000e-01	-4.86253e-16	
85	3.625000e-09	8.097854e-01	4.050000e-01	-4.55729e-16	
86	3.675000e-09	8.097854e-01	4.050000e-01	-4.27067e-16	
87	3.725000e-09	8.097854e-01	4.050000e-01	-4.00152e-16	
88	3.775000e-09	8.097854e-01	4.050000e-01	-3.74879e-16	
89	3.825000e-09	8.097854e-01	4.050000e-01	-3.51148e-16	
90	3.875000e-09	8.097854e-01	4.050000e-01	-3.28864e-16	
91	3.925000e-09	8.097854e-01	4.050000e-01	-3.07938e-16	
92	3.975000e-09	8.097854e-01	4.050000e-01	-2.88289e-16	
93	4.025000e-09	8.097854e-01	4.050000e-01	-2.69838e-16	
94	4.075000e-09	8.097854e-01	4.050000e-01	-2.52512e-16	
95	4.125000e-09	8.097854e-01	4.050000e-01	-2.36243e-16	
96	4.175000e-09	8.097854e-01	4.050000e-01	-2.20965e-16	
97	4.225000e-09	8.097854e-01	4.050000e-01	-2.06619e-16	
98	4.275000e-09	8.097854e-01	4.050000e-01	-1.93148e-16	
99	4.325000e-09	8.097854e-01	4.050000e-01	-1.80499e-16	
100	4.375000e-09	8.097854e-01	4.050000e-01	-1.68621e-16	
101	4.425000e-09	8.097854e-01	4.050000e-01	-1.57468e-16	
102	4.475000e-09	8.097854e-01	4.050000e-01	-1.46994e-16	
103	4.525000e-09	8.097854e-01	4.050000e-01	-1.37159e-16	
104	4.575000e-09	8.097854e-01	4.050000e-01	-1.27924e-16	
105	4.625000e-09	8.097854e-01	4.050000e-01	-1.19252e-16	
106	4.675000e-09	8.097854e-01	4.050000e-01	-1.11109e-16	
107	4.725000e-09	8.097854e-01	4.050000e-01	-1.03462e-16	
108	4.775000e-09	8.097854e-01	4.050000e-01	-9.62822e-17	
109	4.825000e-09	8.097854e-01	4.050000e-01	-8.95399e-17	
110	4.875000e-09	8.097854e-01	4.050000e-01	-8.32087e-17	
111	4.925000e-09	8.097854e-01	4.050000e-01	-7.72640e-17	
112	4.975000e-09	8.097854e-01	4.050000e-01	-7.16819e-17	

Index   time            v(cell)         v(bl)           vpre#branch     
--------------------------------------------------------------------------------
113	5.025000e-09	8.097854e-01	4.050000e-01	-6.64401e-17	
114	5.075000e-09	8.097854e-01	4.050000e-01	-6.15180e-17	
115	5.125000e-09	8.097854e-01	4.050000e-01	-5.68957e-17	
116	5.175000e-09	8.097854e-01	4.050000e-01	-5.25553e-17	
117	5.225000e-09	8.097854e-01	4.050000e-01	-4.84799e-17	
118	5.275000e-09	8.097854e-01	4.050000e-01	-4.46535e-17	
119	5.325000e-09	8.097854e-01	4.050000e-01	-4.10600e-17	
120	5.375000e-09	8.097854e-01	4.050000e-01	-3.76857e-17	
121	5.425000e-09	8.097854e-01	4.050000e-01	-3.45171e-17	
122	5.475000e-09	8.097854e-01	4.050000e-01	-3.15414e-17	
123	5.525000e-09	8.097854e-01	4.050000e-01	-2.87471e-17	
124	5.575000e-09	8.097854e-01	4.050000e-01	-2.61232e-17	
125	5.625000e-09	8.097854e-01	4.050000e-01	-2.36594e-17	
126	5.675000e-09	8.097854e-01	4.050000e-01	-2.13458e-17	
127	5.725000e-09	8.097854e-01	4.050000e-01	-1.91732e-17	
128	5.775000e-09	8.097854e-01	4.050000e-01	-1.71332e-17	
129	5.825000e-09	8.097854e-01	4.050000e-01	-1.52176e-17	
130	5.875000e-09	8.097854e-01	4.050000e-01	-1.34188e-17	
131	5.925000e-09	8.097854e-01	4.050000e-01	-1.17297e-17	
132	5.975000e-09	8.097854e-01	4.050000e-01	-1.01436e-17	
133	6.025000e-09	8.097854e-01	4.050000e-01	-8.65419e-18	
134	6.075000e-09	8.097854e-01	4.050000e-01	-7.25563e-18	
135	6.125000e-09	8.097854e-01	4.050000e-01	-5.94237e-18	
136	6.175000e-09	8.097854e-01	4.050000e-01	-4.70919e-18	
137	6.225000e-09	8.097854e-01	4.050000e-01	-3.55121e-18	
138	6.275000e-09	8.097854e-01	4.050000e-01	-2.46386e-18	
139	6.325000e-09	8.097854e-01	4.050000e-01	-1.44281e-18	
140	6.375000e-09	8.097854e-01	4.050000e-01	-4.84027e-19	
141	6.425000e-09	8.097854e-01	4.050000e-01	4.162869e-19	
142	6.475000e-09	8.097854e-01	4.050000e-01	1.261283e-18	
143	6.525000e-09	8.097854e-01	4.050000e-01	2.054335e-18	
144	6.575000e-09	8.097854e-01	4.050000e-01	2.799441e-18	
145	6.625000e-09	8.097854e-01	4.050000e-01	3.499104e-18	
146	6.675000e-09	8.097854e-01	4.050000e-01	4.155689e-18	
147	6.725000e-09	8.097854e-01	4.050000e-01	4.772648e-18	
148	6.775000e-09	8.097854e-01	4.050000e-01	5.352395e-18	
149	6.825000e-09	8.097854e-01	4.050000e-01	5.896789e-18	
150	6.875000e-09	8.097854e-01	4.050000e-01	6.407982e-18	
151	6.925000e-09	8.097854e-01	4.050000e-01	6.888002e-18	
152	6.962500e-09	8.097854e-01	4.050000e-01	7.228357e-18	
153	7.000000e-09	8.097854e-01	4.050000e-01	7.553248e-18	
154	7.005000e-09	7.895408e-01	4.050000e-01	7.593966e-18	
155	7.015000e-09	7.490515e-01	4.050000e-01	7.672518e-18	
156	7.035000e-09	6.680730e-01	4.050000e-01	7.811436e-18	
157	7.067500e-09	5.364828e-01	4.050000e-01	7.983267e-18	
158	7.100000e-09	4.048927e-01	4.050000e-01	8.075567e-18	
159	7.105000e-09	4.048927e-01	4.050000e-01	8.023913e-18	
160	7.115000e-09	4.048927e-01	4.050000e-01	7.921223e-18	
161	7.135000e-09	4.048927e-01	4.050000e-01	7.719590e-18	
162	7.175000e-09	4.048927e-01	4.050000e-01	7.331016e-18	
163	7.225000e-09	4.048927e-01	4.050000e-01	6.871599e-18	
164	7.275000e-09	4.048927e-01	4.050000e-01	6.440207e-18	
165	7.325000e-09	4.048927e-01	4.050000e-01	6.035539e-18	
166	7.375000e-09	4.048927e-01	4.050000e-01	5.655546e-18	
167	7.425000e-09	4.048927e-01	4.050000e-01	5.298729e-18	
168	7.475000e-09	4.048927e-01	4.050000e-01	4.963668e-18	
169	7.525000e-09	4.048927e-01	4.050000e-01	4.649042e-18	
170	7.575000e-09	4.048927e-01	4.050000e-01	4.353188e-18	

Index   time            v(cell)         v(bl)           vpre#branch     
--------------------------------------------------------------------------------
171	7.625000e-09	4.048927e-01	4.050000e-01	4.075377e-18	
172	7.675000e-09	4.048927e-01	4.050000e-01	3.814921e-18	
173	7.725000e-09	4.048927e-01	4.050000e-01	3.569935e-18	
174	7.775000e-09	4.048927e-01	4.050000e-01	3.339476e-18	
175	7.825000e-09	4.048927e-01	4.050000e-01	3.123072e-18	
176	7.875000e-09	4.048927e-01	4.050000e-01	2.919863e-18	
177	7.925000e-09	4.048927e-01	4.050000e-01	2.729464e-18	
178	7.975000e-09	4.048927e-01	4.050000e-01	2.551085e-18	
179	8.025000e-09	4.048927e-01	4.050000e-01	2.383171e-18	
180	8.075000e-09	4.048927e-01	4.050000e-01	2.225497e-18	
181	8.125000e-09	4.048927e-01	4.050000e-01	2.077440e-18	
182	8.175000e-09	4.048927e-01	4.050000e-01	1.938411e-18	
183	8.225000e-09	4.048927e-01	4.050000e-01	1.807860e-18	
184	8.275000e-09	4.048927e-01	4.050000e-01	1.685270e-18	
185	8.325000e-09	4.048927e-01	4.050000e-01	1.570569e-18	
186	8.375000e-09	4.048927e-01	4.050000e-01	1.462864e-18	
187	8.425000e-09	4.048927e-01	4.050000e-01	1.361727e-18	
188	8.475000e-09	4.048927e-01	4.050000e-01	1.266754e-18	
189	8.525000e-09	4.048927e-01	4.050000e-01	1.177162e-18	
190	8.575000e-09	4.048927e-01	4.050000e-01	1.093035e-18	
191	8.625000e-09	4.048927e-01	4.050000e-01	1.014453e-18	
192	8.675000e-09	4.048927e-01	4.050000e-01	9.402471e-19	
193	8.725000e-09	4.048927e-01	4.050000e-01	8.705671e-19	
194	8.775000e-09	4.048927e-01	4.050000e-01	8.055498e-19	
195	8.825000e-09	4.048927e-01	4.050000e-01	7.441623e-19	
196	8.875000e-09	4.048927e-01	4.050000e-01	6.865185e-19	
197	8.925000e-09	4.048927e-01	4.050000e-01	6.328023e-19	
198	8.975000e-09	4.048927e-01	4.050000e-01	5.823633e-19	
199	9.025000e-09	4.048927e-01	4.050000e-01	5.345853e-19	
200	9.075000e-09	4.048927e-01	4.050000e-01	4.897215e-19	
201	9.125000e-09	4.048927e-01	4.050000e-01	4.480068e-19	
202	9.175000e-09	4.048927e-01	4.050000e-01	4.088357e-19	
203	9.225000e-09	4.048927e-01	4.050000e-01	3.716423e-19	
204	9.275000e-09	4.048927e-01	4.050000e-01	3.367171e-19	
205	9.325000e-09	4.048927e-01	4.050000e-01	3.039194e-19	
206	9.375000e-09	4.048927e-01	4.050000e-01	2.731243e-19	
207	9.425000e-09	4.048927e-01	4.050000e-01	2.442044e-19	
208	9.475000e-09	4.048927e-01	4.050000e-01	2.170505e-19	
209	9.525000e-09	4.048927e-01	4.050000e-01	1.919655e-19	
210	9.575000e-09	4.048927e-01	4.050000e-01	1.684098e-19	
211	9.625000e-09	4.048927e-01	4.050000e-01	1.462910e-19	
212	9.675000e-09	4.048927e-01	4.050000e-01	1.255197e-19	
213	9.725000e-09	4.048927e-01	4.050000e-01	1.060164e-19	
214	9.775000e-09	4.048927e-01	4.050000e-01	8.770265e-20	
215	9.825000e-09	4.048927e-01	4.050000e-01	7.050557e-20	
216	9.875000e-09	4.048927e-01	4.050000e-01	5.394293e-20	
217	9.925000e-09	4.048927e-01	4.050000e-01	3.797752e-20	
218	9.975000e-09	4.048927e-01	4.050000e-01	2.339929e-20	
219	1.002500e-08	4.048927e-01	4.050000e-01	9.708619e-21	
220	1.007500e-08	4.048927e-01	4.050000e-01	-3.14577e-21	
221	1.012500e-08	4.048927e-01	4.050000e-01	-1.48049e-20	
222	1.017500e-08	4.048927e-01	4.050000e-01	-2.57526e-20	
223	1.022500e-08	4.048927e-01	4.050000e-01	-3.60312e-20	
224	1.027500e-08	4.048927e-01	4.050000e-01	-4.56819e-20	
225	1.032500e-08	4.048927e-01	4.050000e-01	-5.47445e-20	
226	1.037500e-08	4.048927e-01	4.050000e-01	-6.32537e-20	
227	1.042500e-08	4.048927e-01	4.050000e-01	-7.12467e-20	
228	1.047500e-08	4.048927e-01	4.050000e-01	-7.87517e-20	

Index   time            v(cell)         v(bl)           vpre#branch     
--------------------------------------------------------------------------------
229	1.052500e-08	4.048927e-01	4.050000e-01	-8.58001e-20	
230	1.057500e-08	4.048927e-01	4.050000e-01	-9.24176e-20	
231	1.062500e-08	4.048927e-01	4.050000e-01	-9.86297e-20	
232	1.067500e-08	4.048927e-01	4.050000e-01	-1.04465e-19	
233	1.072500e-08	4.048927e-01	4.050000e-01	-1.09944e-19	
234	1.077500e-08	4.048927e-01	4.050000e-01	-1.15089e-19	
235	1.082500e-08	4.048927e-01	4.050000e-01	-1.20332e-19	
236	1.087500e-08	4.048927e-01	4.050000e-01	-1.25256e-19	
237	1.092500e-08	4.048927e-01	4.050000e-01	-1.29466e-19	
238	1.096250e-08	4.048927e-01	4.050000e-01	-1.32448e-19	
239	1.100000e-08	4.048927e-01	4.050000e-01	-1.35289e-19	
240	1.100500e-08	4.048938e-01	4.090245e-01	4.024494e-11	
241	1.101500e-08	4.048959e-01	4.170232e-01	1.202317e-10	
242	1.103500e-08	4.049002e-01	4.327224e-01	2.772240e-10	
243	1.107500e-08	4.049088e-01	4.629650e-01	5.796495e-10	
244	1.112500e-08	4.049195e-01	4.986933e-01	9.369333e-10	
245	1.117500e-08	4.049303e-01	5.322429e-01	1.272429e-09	
246	1.122500e-08	4.049410e-01	5.637465e-01	1.587465e-09	
247	1.127500e-08	4.049517e-01	5.933290e-01	1.883290e-09	
248	1.132500e-08	4.049624e-01	6.211074e-01	2.161074e-09	
249	1.137500e-08	4.049732e-01	6.471918e-01	2.421918e-09	
250	1.142500e-08	4.049839e-01	6.716855e-01	2.666855e-09	
251	1.147500e-08	4.049946e-01	6.946855e-01	2.896855e-09	
252	1.152500e-08	4.050054e-01	7.162829e-01	3.112829e-09	
253	1.157500e-08	4.050161e-01	7.365631e-01	3.315631e-09	
254	1.162500e-08	4.050268e-01	7.556062e-01	3.506062e-09	
255	1.167500e-08	4.050375e-01	7.734870e-01	3.684870e-09	
256	1.172500e-08	4.050483e-01	7.902746e-01	3.852746e-09	
257	1.177500e-08	4.050590e-01	8.060306e-01	4.010306e-09	
258	1.182500e-08	4.050697e-01	8.208034e-01	4.158034e-09	
259	1.187500e-08	4.050805e-01	8.345857e-01	4.295857e-09	
260	1.192500e-08	4.050913e-01	8.472777e-01	4.422777e-09	
261	1.196250e-08	4.050996e-01	8.559116e-01	4.509116e-09	
262	1.200000e-08	4.051080e-01	8.633959e-01	4.583959e-09	
263	1.200500e-08	4.051081e-01	8.602712e-01	4.552712e-09	
264	1.201500e-08	4.051082e-01	8.540643e-01	4.490643e-09	
265	1.203500e-08	4.051085e-01	8.419010e-01	4.369010e-09	
266	1.207500e-08	4.051090e-01	8.185423e-01	4.135423e-09	
267	1.212500e-08	4.051096e-01	7.910707e-01	3.860707e-09	
268	1.217500e-08	4.051102e-01	7.653977e-01	3.603977e-09	
269	1.222500e-08	4.051107e-01	7.414001e-01	3.364001e-09	
270	1.227500e-08	4.051113e-01	7.189646e-01	3.139646e-09	
271	1.232500e-08	4.051118e-01	6.979859e-01	2.929859e-09	
272	1.237500e-08	4.051122e-01	6.783668e-01	2.733668e-09	
273	1.242500e-08	4.051127e-01	6.600167e-01	2.550167e-09	
274	1.247500e-08	4.051131e-01	6.428514e-01	2.378514e-09	
275	1.252500e-08	4.051136e-01	6.267928e-01	2.217928e-09	
276	1.257500e-08	4.051140e-01	6.117681e-01	2.067681e-09	
277	1.262500e-08	4.051144e-01	5.977095e-01	1.927095e-09	
278	1.267500e-08	4.051148e-01	5.845540e-01	1.795540e-09	
279	1.272500e-08	4.051151e-01	5.722427e-01	1.672427e-09	
280	1.277500e-08	4.051155e-01	5.607207e-01	1.557207e-09	
281	1.282500e-08	4.051158e-01	5.499368e-01	1.449368e-09	
282	1.287500e-08	4.051162e-01	5.398435e-01	1.348435e-09	
283	1.292500e-08	4.051165e-01	5.303960e-01	1.253960e-09	
284	1.297500e-08	4.051168e-01	5.215528e-01	1.165528e-09	
285	1.302500e-08	4.051172e-01	5.132751e-01	1.082751e-09	
286	1.307500e-08	4.051175e-01	5.055266e-01	1.005266e-09	

Index   time            v(cell)         v(bl)           vpre#branch     
--------------------------------------------------------------------------------
287	1.312500e-08	4.051178e-01	4.982734e-01	9.327345e-10	
288	1.317500e-08	4.051181e-01	4.914840e-01	8.648401e-10	
289	1.322500e-08	4.051184e-01	4.851287e-01	8.012874e-10	
290	1.327500e-08	4.051187e-01	4.791800e-01	7.418001e-10	
291	1.332500e-08	4.051190e-01	4.736120e-01	6.861203e-10	
292	1.337500e-08	4.051192e-01	4.684007e-01	6.340071e-10	
293	1.342500e-08	4.051195e-01	4.635235e-01	5.852351e-10	
294	1.347500e-08	4.051198e-01	4.589594e-01	5.395940e-10	
295	1.352500e-08	4.051201e-01	4.546887e-01	4.968872e-10	
296	1.357500e-08	4.051203e-01	4.506931e-01	4.569310e-10	
297	1.362500e-08	4.051206e-01	4.469554e-01	4.195538e-10	
298	1.367500e-08	4.051208e-01	4.434595e-01	3.845952e-10	
299	1.372500e-08	4.051211e-01	4.401906e-01	3.519056e-10	
300	1.377500e-08	4.051213e-01	4.371345e-01	3.213452e-10	
301	1.382500e-08	4.051216e-01	4.342784e-01	2.927836e-10	
302	1.387500e-08	4.051218e-01	4.316099e-01	2.660990e-10	
303	1.392500e-08	4.051221e-01	4.291178e-01	2.411780e-10	
304	1.397500e-08	4.051223e-01	4.267915e-01	2.179153e-10	
305	1.402500e-08	4.051225e-01	4.246213e-01	1.962126e-10	
306	1.407500e-08	4.051227e-01	4.225979e-01	1.759791e-10	
307	1.412500e-08	4.051230e-01	4.207131e-01	1.571310e-10	
308	1.417500e-08	4.051232e-01	4.189591e-01	1.395915e-10	
309	1.422500e-08	4.051234e-01	4.173291e-01	1.232906e-10	
310	1.427500e-08	4.051236e-01	4.158166e-01	1.081661e-10	
311	1.432500e-08	4.051238e-01	4.144164e-01	9.416411e-11	
312	1.437500e-08	4.051240e-01	4.131240e-01	8.124039e-11	
313	1.442500e-08	4.051242e-01	4.119363e-01	6.936325e-11	
314	1.447500e-08	4.051244e-01	4.108517e-01	5.851726e-11	
315	1.452500e-08	4.051245e-01	4.098708e-01	4.870842e-11	
316	1.457500e-08	4.051247e-01	4.090009e-01	4.000901e-11	
317	1.462500e-08	4.051248e-01	4.082466e-01	3.246565e-11	
318	1.467500e-08	4.051250e-01	4.076061e-01	2.606062e-11	
319	1.472500e-08	4.051251e-01	4.070732e-01	2.073246e-11	
320	1.477500e-08	4.051251e-01	4.066402e-01	1.640169e-11	
321	1.482500e-08	4.051252e-01	4.062970e-01	1.296997e-11	
322	1.487500e-08	4.051253e-01	4.060279e-01	1.027902e-11	
323	1.492500e-08	4.051253e-01	4.058181e-01	8.181263e-12	
324	1.497500e-08	4.051253e-01	4.056551e-01	6.550956e-12	
325	1.502500e-08	4.051254e-01	4.055286e-01	5.286033e-12	
326	1.507500e-08	4.051254e-01	4.054306e-01	4.305532e-12	
327	1.512500e-08	4.051254e-01	4.053546e-01	3.545955e-12	
328	1.517500e-08	4.051254e-01	4.052958e-01	2.957766e-12	
329	1.522500e-08	4.051254e-01	4.052502e-01	2.502426e-12	
330	1.527500e-08	4.051254e-01	4.052150e-01	2.150007e-12	
331	1.532500e-08	4.051254e-01	4.051877e-01	1.877290e-12	
332	1.537500e-08	4.051254e-01	4.051666e-01	1.666276e-12	
333	1.542500e-08	4.051254e-01	4.051503e-01	1.503020e-12	
334	1.547500e-08	4.051254e-01	4.051377e-01	1.376722e-12	
335	1.552500e-08	4.051254e-01	4.051279e-01	1.279021e-12	
336	1.557500e-08	4.051254e-01	4.051203e-01	1.203445e-12	
337	1.562500e-08	4.051254e-01	4.051145e-01	1.144983e-12	
338	1.567500e-08	4.051254e-01	4.051100e-01	1.099763e-12	
339	1.572500e-08	4.051254e-01	4.051065e-01	1.064784e-12	
340	1.577500e-08	4.051254e-01	4.051038e-01	1.037728e-12	
341	1.582500e-08	4.051254e-01	4.051017e-01	1.016798e-12	
342	1.587500e-08	4.051254e-01	4.051001e-01	1.000608e-12	
343	1.592500e-08	4.051254e-01	4.050988e-01	9.880835e-13	
344	1.597500e-08	4.051254e-01	4.050978e-01	9.783949e-13	

Index   time            v(cell)         v(bl)           vpre#branch     
--------------------------------------------------------------------------------
345	1.602500e-08	4.051254e-01	4.050971e-01	9.708978e-13	
346	1.607500e-08	4.051254e-01	4.050965e-01	9.650979e-13	
347	1.612500e-08	4.051254e-01	4.050961e-01	9.606084e-13	
348	1.617500e-08	4.051254e-01	4.050957e-01	9.571346e-13	
349	1.622500e-08	4.051254e-01	4.050954e-01	9.544442e-13	
350	1.627500e-08	4.051254e-01	4.050952e-01	9.523618e-13	
351	1.632500e-08	4.051254e-01	4.050951e-01	9.507475e-13	
352	1.637500e-08	4.051254e-01	4.050949e-01	9.494974e-13	
353	1.642500e-08	4.051254e-01	4.050949e-01	9.485268e-13	
354	1.647500e-08	4.051254e-01	4.050948e-01	9.477745e-13	
355	1.652500e-08	4.051254e-01	4.050947e-01	9.471889e-13	
356	1.657500e-08	4.051254e-01	4.050947e-01	9.467344e-13	
357	1.662500e-08	4.051254e-01	4.050946e-01	9.463792e-13	
358	1.667500e-08	4.051254e-01	4.050946e-01	9.461028e-13	
359	1.672500e-08	4.051254e-01	4.050946e-01	9.458853e-13	
360	1.677500e-08	4.051254e-01	4.050946e-01	9.457154e-13	
361	1.682500e-08	4.051254e-01	4.050946e-01	9.455803e-13	
362	1.687500e-08	4.051254e-01	4.050945e-01	9.454742e-13	
363	1.692500e-08	4.051254e-01	4.050945e-01	9.453884e-13	
364	1.697500e-08	4.051254e-01	4.050945e-01	9.453204e-13	
365	1.702500e-08	4.051254e-01	4.050945e-01	9.452640e-13	
366	1.707500e-08	4.051254e-01	4.050945e-01	9.452188e-13	
367	1.712500e-08	4.051254e-01	4.050945e-01	9.451801e-13	
368	1.717500e-08	4.051254e-01	4.050945e-01	9.451486e-13	
369	1.722500e-08	4.051254e-01	4.050945e-01	9.451204e-13	
370	1.727500e-08	4.051254e-01	4.050945e-01	9.450970e-13	
371	1.732500e-08	4.051254e-01	4.050945e-01	9.450752e-13	
372	1.737500e-08	4.051254e-01	4.050945e-01	9.450566e-13	
373	1.742500e-08	4.051254e-01	4.050945e-01	9.450386e-13	
374	1.747500e-08	4.051254e-01	4.050945e-01	9.450230e-13	
375	1.752500e-08	4.051254e-01	4.050945e-01	9.450072e-13	
376	1.757500e-08	4.051254e-01	4.050945e-01	9.449933e-13	
377	1.762500e-08	4.051254e-01	4.050945e-01	9.449788e-13	
378	1.767500e-08	4.051254e-01	4.050945e-01	9.449660e-13	
379	1.772500e-08	4.051254e-01	4.050945e-01	9.449524e-13	
380	1.777500e-08	4.051254e-01	4.050945e-01	9.449402e-13	
381	1.782500e-08	4.051254e-01	4.050945e-01	9.449270e-13	
382	1.787500e-08	4.051254e-01	4.050945e-01	9.449152e-13	
383	1.792500e-08	4.051254e-01	4.050945e-01	9.449023e-13	
384	1.797500e-08	4.051254e-01	4.050945e-01	9.448907e-13	
385	1.802500e-08	4.051254e-01	4.050945e-01	9.448780e-13	
386	1.807500e-08	4.051254e-01	4.050945e-01	9.448665e-13	
387	1.812500e-08	4.051253e-01	4.050945e-01	9.448539e-13	
388	1.817500e-08	4.051253e-01	4.050945e-01	9.448425e-13	
389	1.822500e-08	4.051253e-01	4.050945e-01	9.448300e-13	
390	1.827500e-08	4.051253e-01	4.050945e-01	9.448186e-13	
391	1.832500e-08	4.051253e-01	4.050945e-01	9.448062e-13	
392	1.837500e-08	4.051253e-01	4.050945e-01	9.447948e-13	
393	1.842500e-08	4.051253e-01	4.050945e-01	9.447824e-13	
394	1.847500e-08	4.051253e-01	4.050945e-01	9.447711e-13	
395	1.852500e-08	4.051253e-01	4.050945e-01	9.447586e-13	
396	1.857500e-08	4.051253e-01	4.050945e-01	9.447473e-13	
397	1.862500e-08	4.051253e-01	4.050945e-01	9.447349e-13	
398	1.867500e-08	4.051253e-01	4.050945e-01	9.447236e-13	
399	1.872500e-08	4.051253e-01	4.050945e-01	9.447112e-13	
400	1.877500e-08	4.051253e-01	4.050945e-01	9.446999e-13	
401	1.882500e-08	4.051253e-01	4.050945e-01	9.446875e-13	
402	1.887500e-08	4.051253e-01	4.050945e-01	9.446761e-13	

Index   time            v(cell)         v(bl)           vpre#branch     
--------------------------------------------------------------------------------
403	1.892500e-08	4.051253e-01	4.050945e-01	9.446637e-13	
404	1.897500e-08	4.051253e-01	4.050945e-01	9.446524e-13	
405	1.902500e-08	4.051253e-01	4.050945e-01	9.446400e-13	
406	1.907500e-08	4.051253e-01	4.050945e-01	9.446287e-13	
407	1.912500e-08	4.051253e-01	4.050945e-01	9.446163e-13	
408	1.917500e-08	4.051253e-01	4.050945e-01	9.446050e-13	
409	1.922500e-08	4.051253e-01	4.050945e-01	9.445926e-13	
410	1.927500e-08	4.051253e-01	4.050945e-01	9.445813e-13	
411	1.932500e-08	4.051253e-01	4.050945e-01	9.445689e-13	
412	1.937500e-08	4.051253e-01	4.050945e-01	9.445576e-13	
413	1.942500e-08	4.051253e-01	4.050945e-01	9.445452e-13	
414	1.947500e-08	4.051253e-01	4.050945e-01	9.445339e-13	
415	1.952500e-08	4.051253e-01	4.050945e-01	9.445215e-13	
416	1.957500e-08	4.051253e-01	4.050945e-01	9.445102e-13	
417	1.962500e-08	4.051253e-01	4.050944e-01	9.444978e-13	
418	1.967500e-08	4.051253e-01	4.050944e-01	9.444865e-13	
419	1.972500e-08	4.051253e-01	4.050944e-01	9.444741e-13	
420	1.977500e-08	4.051253e-01	4.050944e-01	9.444628e-13	
421	1.982500e-08	4.051253e-01	4.050944e-01	9.444504e-13	
422	1.987500e-08	4.051253e-01	4.050944e-01	9.444391e-13	
423	1.992500e-08	4.051253e-01	4.050944e-01	9.444267e-13	
424	1.997500e-08	4.051253e-01	4.050944e-01	9.444154e-13	
425	2.002500e-08	4.051253e-01	4.050944e-01	9.444030e-13	
426	2.007500e-08	4.051253e-01	4.050944e-01	9.443917e-13	
427	2.012500e-08	4.051253e-01	4.050944e-01	9.443793e-13	
428	2.017500e-08	4.051253e-01	4.050944e-01	9.443679e-13	
429	2.022500e-08	4.051253e-01	4.050944e-01	9.443556e-13	
430	2.027500e-08	4.051253e-01	4.050944e-01	9.443442e-13	
431	2.032500e-08	4.051253e-01	4.050944e-01	9.443319e-13	
432	2.037500e-08	4.051253e-01	4.050944e-01	9.443205e-13	
433	2.042500e-08	4.051253e-01	4.050944e-01	9.443082e-13	
434	2.047500e-08	4.051253e-01	4.050944e-01	9.442968e-13	
435	2.052500e-08	4.051253e-01	4.050944e-01	9.442845e-13	
436	2.057500e-08	4.051253e-01	4.050944e-01	9.442731e-13	
437	2.062500e-08	4.051253e-01	4.050944e-01	9.442608e-13	
438	2.067500e-08	4.051253e-01	4.050944e-01	9.442494e-13	
439	2.072500e-08	4.051253e-01	4.050944e-01	9.442371e-13	
440	2.077500e-08	4.051253e-01	4.050944e-01	9.442257e-13	
441	2.082500e-08	4.051253e-01	4.050944e-01	9.442134e-13	
442	2.087500e-08	4.051253e-01	4.050944e-01	9.442020e-13	
443	2.092500e-08	4.051253e-01	4.050944e-01	9.441897e-13	
444	2.097500e-08	4.051253e-01	4.050944e-01	9.441783e-13	
445	2.102500e-08	4.051253e-01	4.050944e-01	9.441660e-13	
446	2.107500e-08	4.051253e-01	4.050944e-01	9.441546e-13	
447	2.112500e-08	4.051253e-01	4.050944e-01	9.441423e-13	
448	2.117500e-08	4.051253e-01	4.050944e-01	9.441310e-13	
449	2.122500e-08	4.051253e-01	4.050944e-01	9.441186e-13	
450	2.127500e-08	4.051253e-01	4.050944e-01	9.441073e-13	
451	2.132500e-08	4.051252e-01	4.050944e-01	9.440949e-13	
452	2.137500e-08	4.051252e-01	4.050944e-01	9.440836e-13	
453	2.142500e-08	4.051252e-01	4.050944e-01	9.440712e-13	
454	2.147500e-08	4.051252e-01	4.050944e-01	9.440599e-13	
455	2.152500e-08	4.051252e-01	4.050944e-01	9.440476e-13	
456	2.157500e-08	4.051252e-01	4.050944e-01	9.440362e-13	
457	2.162500e-08	4.051252e-01	4.050944e-01	9.440239e-13	
458	2.167500e-08	4.051252e-01	4.050944e-01	9.440125e-13	
459	2.172500e-08	4.051252e-01	4.050944e-01	9.440002e-13	
460	2.177500e-08	4.051252e-01	4.050944e-01	9.439888e-13	

Index   time            v(cell)         v(bl)           vpre#branch     
--------------------------------------------------------------------------------
461	2.182500e-08	4.051252e-01	4.050944e-01	9.439765e-13	
462	2.187500e-08	4.051252e-01	4.050944e-01	9.439651e-13	
463	2.192500e-08	4.051252e-01	4.050944e-01	9.439528e-13	
464	2.196250e-08	4.051252e-01	4.050944e-01	9.439444e-13	
465	2.200000e-08	4.051252e-01	4.050944e-01	9.439350e-13	
466	2.200500e-08	4.051241e-01	4.011261e-01	-3.87391e-11	
467	2.201500e-08	4.051220e-01	3.932599e-01	-1.17401e-10	
468	2.203500e-08	4.051176e-01	3.778826e-01	-2.71174e-10	
469	2.207500e-08	4.051088e-01	3.483337e-01	-5.66663e-10	
470	2.212500e-08	4.050978e-01	3.134372e-01	-9.15628e-10	
471	2.217500e-08	4.050869e-01	2.805877e-01	-1.24412e-09	
472	2.222500e-08	4.050760e-01	2.496297e-01	-1.55370e-09	
473	2.227500e-08	4.050651e-01	2.204315e-01	-1.84568e-09	
474	2.232500e-08	4.050542e-01	1.928853e-01	-2.12115e-09	
475	2.237500e-08	4.050434e-01	1.669020e-01	-2.38098e-09	
476	2.242500e-08	4.050326e-01	1.424048e-01	-2.62595e-09	
477	2.247500e-08	4.050218e-01	1.193242e-01	-2.85676e-09	
478	2.252500e-08	4.050111e-01	9.759352e-02	-3.07406e-09	
479	2.257500e-08	4.050003e-01	7.714744e-02	-3.27853e-09	
480	2.262500e-08	4.049896e-01	5.792088e-02	-3.47079e-09	
481	2.267500e-08	4.049788e-01	3.984917e-02	-3.65151e-09	
482	2.272500e-08	4.049681e-01	2.286859e-02	-3.82131e-09	
483	2.277500e-08	4.049574e-01	6.917004e-03	-3.98083e-09	
484	2.282500e-08	4.049466e-01	-8.06558e-03	-4.13066e-09	
485	2.287500e-08	4.049359e-01	-2.21366e-02	-4.27137e-09	
486	2.292500e-08	4.049252e-01	-3.53506e-02	-4.40351e-09	
487	2.296250e-08	4.049171e-01	-4.47287e-02	-4.49729e-09	
488	2.300000e-08	4.049091e-01	-5.36747e-02	-4.58675e-09	
489	2.300500e-08	4.049091e-01	-5.08076e-02	-4.55808e-09	
490	2.301500e-08	4.049091e-01	-4.51092e-02	-4.50109e-09	
491	2.303500e-08	4.049091e-01	-3.39249e-02	-4.38925e-09	
492	2.307500e-08	4.049091e-01	-1.23799e-02	-4.17380e-09	
493	2.312500e-08	4.049091e-01	1.307312e-02	-3.91927e-09	
494	2.317500e-08	4.049091e-01	3.697393e-02	-3.68026e-09	
495	2.322500e-08	4.049091e-01	5.941719e-02	-3.45583e-09	
496	2.327500e-08	4.049091e-01	8.049179e-02	-3.24508e-09	
497	2.332500e-08	4.049091e-01	1.002812e-01	-3.04719e-09	
498	2.337500e-08	4.049091e-01	1.188638e-01	-2.86136e-09	
499	2.342500e-08	4.049091e-01	1.363132e-01	-2.68687e-09	
500	2.347500e-08	4.049091e-01	1.526984e-01	-2.52302e-09	
501	2.352500e-08	4.049091e-01	1.680845e-01	-2.36916e-09	
502	2.357500e-08	4.049091e-01	1.825322e-01	-2.22468e-09	
503	2.362500e-08	4.049091e-01	1.960989e-01	-2.08901e-09	
504	2.367500e-08	4.049091e-01	2.088383e-01	-1.96162e-09	
505	2.372500e-08	4.049091e-01	2.208008e-01	-1.84199e-09	
506	2.377500e-08	4.049091e-01	2.320337e-01	-1.72966e-09	
507	2.382500e-08	4.049091e-01	2.425817e-01	-1.62418e-09	
508	2.387500e-08	4.049091e-01	2.524864e-01	-1.52514e-09	
509	2.392500e-08	4.049091e-01	2.617871e-01	-1.43213e-09	
510	2.397500e-08	4.049091e-01	2.705206e-01	-1.34479e-09	
511	2.402500e-08	4.049091e-01	2.787215e-01	-1.26278e-09	
512	2.407500e-08	4.049091e-01	2.864224e-01	-1.18578e-09	
513	2.412500e-08	4.049091e-01	2.936535e-01	-1.11346e-09	
514	2.417500e-08	4.049091e-01	3.004438e-01	-1.04556e-09	
515	2.422500e-08	4.049091e-01	3.068199e-01	-9.81801e-10	
516	2.427500e-08	4.049091e-01	3.128072e-01	-9.21928e-10	
517	2.432500e-08	4.049091e-01	3.184293e-01	-8.65707e-10	
518	2.437500e-08	4.049091e-01	3.237087e-01	-8.12913e-10	

Index   time            v(cell)         v(bl)           vpre#branch     
--------------------------------------------------------------------------------
519	2.442500e-08	4.049091e-01	3.286660e-01	-7.63340e-10	
520	2.447500e-08	4.049091e-01	3.333211e-01	-7.16789e-10	
521	2.452500e-08	4.049091e-01	3.376923e-01	-6.73077e-10	
522	2.457500e-08	4.049091e-01	3.417969e-01	-6.32031e-10	
523	2.462500e-08	4.049091e-01	3.456512e-01	-5.93488e-10	
524	2.467500e-08	4.049091e-01	3.492704e-01	-5.57296e-10	
525	2.472500e-08	4.049091e-01	3.526690e-01	-5.23310e-10	
526	2.477500e-08	4.049091e-01	3.558603e-01	-4.91397e-10	
527	2.482500e-08	4.049091e-01	3.588569e-01	-4.61431e-10	
528	2.487500e-08	4.049091e-01	3.616709e-01	-4.33291e-10	
529	2.492500e-08	4.049091e-01	3.643132e-01	-4.06868e-10	
530	2.497500e-08	4.049091e-01	3.667944e-01	-3.82056e-10	
531	2.502500e-08	4.049091e-01	3.691243e-01	-3.58757e-10	
532	2.507500e-08	4.049091e-01	3.713121e-01	-3.36879e-10	
533	2.512500e-08	4.049091e-01	3.733665e-01	-3.16335e-10	
534	2.517500e-08	4.049091e-01	3.752956e-01	-2.97044e-10	
535	2.522500e-08	4.049091e-01	3.771070e-01	-2.78930e-10	
536	2.527500e-08	4.049091e-01	3.788080e-01	-2.61920e-10	
537	2.532500e-08	4.049091e-01	3.804053e-01	-2.45947e-10	
538	2.537500e-08	4.049091e-01	3.819051e-01	-2.30949e-10	
539	2.542500e-08	4.049091e-01	3.833135e-01	-2.16865e-10	
540	2.547500e-08	4.049091e-01	3.846360e-01	-2.03640e-10	
541	2.552500e-08	4.049091e-01	3.858779e-01	-1.91221e-10	
542	2.557500e-08	4.049091e-01	3.870440e-01	-1.79560e-10	
543	2.562500e-08	4.049091e-01	3.881390e-01	-1.68610e-10	
544	2.567500e-08	4.049091e-01	3.891672e-01	-1.58328e-10	
545	2.572500e-08	4.049091e-01	3.901327e-01	-1.48673e-10	
546	2.577500e-08	4.049091e-01	3.910394e-01	-1.39606e-10	
547	2.582500e-08	4.049091e-01	3.918907e-01	-1.31093e-10	
548	2.587500e-08	4.049091e-01	3.926902e-01	-1.23098e-10	
549	2.592500e-08	4.049091e-01	3.934409e-01	-1.15591e-10	
550	2.597500e-08	4.049091e-01	3.941458e-01	-1.08542e-10	
551	2.602500e-08	4.049091e-01	3.948077e-01	-1.01923e-10	
552	2.607500e-08	4.049091e-01	3.954293e-01	-9.57074e-11	
553	2.612500e-08	4.049091e-01	3.960129e-01	-8.98709e-11	
554	2.617500e-08	4.049091e-01	3.965610e-01	-8.43904e-11	
555	2.622500e-08	4.049091e-01	3.970756e-01	-7.92440e-11	
556	2.627500e-08	4.049091e-01	3.975589e-01	-7.44115e-11	
557	2.632500e-08	4.049091e-01	3.980126e-01	-6.98737e-11	
558	2.637500e-08	4.049091e-01	3.984387e-01	-6.56126e-11	
559	2.642500e-08	4.049091e-01	3.988389e-01	-6.16114e-11	
560	2.647500e-08	4.049091e-01	3.992146e-01	-5.78541e-11	
561	2.652500e-08	4.049091e-01	3.995674e-01	-5.43260e-11	
562	2.657500e-08	4.049091e-01	3.998987e-01	-5.10131e-11	
563	2.662500e-08	4.049091e-01	4.002098e-01	-4.79022e-11	
564	2.667500e-08	4.049091e-01	4.005019e-01	-4.49809e-11	
565	2.672500e-08	4.049091e-01	4.007762e-01	-4.22379e-11	
566	2.677500e-08	4.049091e-01	4.010338e-01	-3.96621e-11	
567	2.682500e-08	4.049091e-01	4.012757e-01	-3.72434e-11	
568	2.687500e-08	4.049091e-01	4.015028e-01	-3.49722e-11	
569	2.692500e-08	4.049091e-01	4.017161e-01	-3.28395e-11	
570	2.697500e-08	4.049091e-01	4.019163e-01	-3.08368e-11	
571	2.702500e-08	4.049091e-01	4.021044e-01	-2.89563e-11	
572	2.707500e-08	4.049091e-01	4.022810e-01	-2.71905e-11	
573	2.712500e-08	4.049091e-01	4.024468e-01	-2.55323e-11	
574	2.717500e-08	4.049091e-01	4.026025e-01	-2.39753e-11	
575	2.722500e-08	4.049091e-01	4.027487e-01	-2.25132e-11	
576	2.727500e-08	4.049091e-01	4.028860e-01	-2.11403e-11	

Index   time            v(cell)         v(bl)           vpre#branch     
--------------------------------------------------------------------------------
577	2.732500e-08	4.049091e-01	4.030149e-01	-1.98511e-11	
578	2.737500e-08	4.049091e-01	4.031359e-01	-1.86405e-11	
579	2.742500e-08	4.049091e-01	4.032496e-01	-1.75038e-11	
580	2.747500e-08	4.049091e-01	4.033564e-01	-1.64364e-11	
581	2.752500e-08	4.049091e-01	4.034566e-01	-1.54340e-11	
582	2.757500e-08	4.049091e-01	4.035507e-01	-1.44928e-11	
583	2.762500e-08	4.049091e-01	4.036391e-01	-1.36090e-11	
584	2.767500e-08	4.049091e-01	4.037221e-01	-1.27791e-11	
585	2.772500e-08	4.049091e-01	4.038000e-01	-1.19998e-11	
586	2.777500e-08	4.049091e-01	4.038732e-01	-1.12680e-11	
587	2.782500e-08	4.049091e-01	4.039419e-01	-1.05809e-11	
588	2.787500e-08	4.049091e-01	4.040064e-01	-9.93560e-12	
589	2.792500e-08	4.049091e-01	4.040670e-01	-9.32970e-12	
590	2.797500e-08	4.049091e-01	4.041239e-01	-8.76075e-12	
591	2.802500e-08	4.049091e-01	4.041774e-01	-8.22650e-12	
592	2.807500e-08	4.049091e-01	4.042275e-01	-7.72482e-12	
593	2.812500e-08	4.049091e-01	4.042746e-01	-7.25374e-12	
594	2.817500e-08	4.049091e-01	4.043189e-01	-6.81139e-12	
595	2.822500e-08	4.049091e-01	4.043604e-01	-6.39601e-12	
596	2.827500e-08	4.049091e-01	4.043994e-01	-6.00596e-12	
597	2.832500e-08	4.049091e-01	4.044360e-01	-5.63970e-12	
598	2.837500e-08	4.049091e-01	4.044704e-01	-5.29578e-12	
599	2.842500e-08	4.049091e-01	4.045027e-01	-4.97283e-12	
600	2.847500e-08	4.049091e-01	4.045330e-01	-4.66957e-12	
601	2.852500e-08	4.049091e-01	4.045615e-01	-4.38481e-12	
602	2.857500e-08	4.049091e-01	4.045883e-01	-4.11741e-12	
603	2.862500e-08	4.049091e-01	4.046134e-01	-3.86632e-12	
604	2.867500e-08	4.049091e-01	4.046369e-01	-3.63054e-12	
605	2.872500e-08	4.049091e-01	4.046591e-01	-3.40914e-12	
606	2.877500e-08	4.049091e-01	4.046799e-01	-3.20124e-12	
607	2.882500e-08	4.049091e-01	4.046994e-01	-3.00602e-12	
608	2.887500e-08	4.049091e-01	4.047177e-01	-2.82271e-12	
609	2.892500e-08	4.049091e-01	4.047349e-01	-2.65057e-12	
610	2.897500e-08	4.049091e-01	4.047511e-01	-2.48893e-12	
611	2.902500e-08	4.049091e-01	4.047663e-01	-2.33715e-12	
612	2.907500e-08	4.049091e-01	4.047805e-01	-2.19462e-12	
613	2.912500e-08	4.049091e-01	4.047939e-01	-2.06079e-12	
614	2.917500e-08	4.049091e-01	4.048065e-01	-1.93512e-12	
615	2.922500e-08	4.049091e-01	4.048183e-01	-1.81711e-12	
616	2.927500e-08	4.049091e-01	4.048294e-01	-1.70630e-12	
617	2.932500e-08	4.049091e-01	4.048398e-01	-1.60224e-12	
618	2.937500e-08	4.049091e-01	4.048495e-01	-1.50453e-12	
619	2.942500e-08	4.049091e-01	4.048587e-01	-1.41278e-12	
620	2.947500e-08	4.049091e-01	4.048673e-01	-1.32663e-12	
621	2.952500e-08	4.049091e-01	4.048754e-01	-1.24572e-12	
622	2.957500e-08	4.049091e-01	4.048830e-01	-1.16976e-12	
623	2.962500e-08	4.049091e-01	4.048902e-01	-1.09842e-12	
624	2.967500e-08	4.049091e-01	4.048969e-01	-1.03144e-12	
625	2.972500e-08	4.049091e-01	4.049031e-01	-9.68537e-13	
626	2.977500e-08	4.049091e-01	4.049091e-01	-9.09473e-13	
627	2.982500e-08	4.049091e-01	4.049146e-01	-8.54011e-13	
628	2.987500e-08	4.049091e-01	4.049198e-01	-8.01931e-13	
629	2.992500e-08	4.049091e-01	4.049247e-01	-7.53027e-13	
630	2.997500e-08	4.049091e-01	4.049293e-01	-7.07105e-13	
631	3.002500e-08	4.049091e-01	4.049336e-01	-6.63984e-13	
632	3.007500e-08	4.049091e-01	4.049377e-01	-6.23493e-13	
633	3.012500e-08	4.049091e-01	4.049415e-01	-5.85470e-13	
634	3.017500e-08	4.049091e-01	4.049450e-01	-5.49767e-13	

Index   time            v(cell)         v(bl)           vpre#branch     
--------------------------------------------------------------------------------
635	3.022500e-08	4.049091e-01	4.049484e-01	-5.16241e-13	
636	3.027500e-08	4.049091e-01	4.049515e-01	-4.84759e-13	
637	3.032500e-08	4.049091e-01	4.049545e-01	-4.55197e-13	
638	3.037500e-08	4.049091e-01	4.049573e-01	-4.27438e-13	
639	3.042500e-08	4.049091e-01	4.049599e-01	-4.01371e-13	
640	3.047500e-08	4.049091e-01	4.049623e-01	-3.76895e-13	
641	3.052500e-08	4.049091e-01	4.049646e-01	-3.53911e-13	
642	3.057500e-08	4.049091e-01	4.049668e-01	-3.32328e-13	
643	3.062500e-08	4.049091e-01	4.049688e-01	-3.12062e-13	
644	3.067500e-08	4.049091e-01	4.049707e-01	-2.93031e-13	
645	3.072500e-08	4.049091e-01	4.049725e-01	-2.75162e-13	
646	3.077500e-08	4.049091e-01	4.049742e-01	-2.58382e-13	
647	3.082500e-08	4.049091e-01	4.049757e-01	-2.42625e-13	
648	3.087500e-08	4.049091e-01	4.049772e-01	-2.27829e-13	
649	3.092500e-08	4.049091e-01	4.049786e-01	-2.13935e-13	
650	3.097500e-08	4.049091e-01	4.049799e-01	-2.00889e-13	
651	3.102500e-08	4.049091e-01	4.049811e-01	-1.88638e-13	
652	3.107500e-08	4.049091e-01	4.049823e-01	-1.77134e-13	
653	3.112500e-08	4.049091e-01	4.049834e-01	-1.66332e-13	
654	3.117500e-08	4.049091e-01	4.049844e-01	-1.56189e-13	
655	3.122500e-08	4.049091e-01	4.049853e-01	-1.46664e-13	
656	3.127500e-08	4.049091e-01	4.049862e-01	-1.37720e-13	
657	3.132500e-08	4.049091e-01	4.049871e-01	-1.29322e-13	
658	3.137500e-08	4.049091e-01	4.049879e-01	-1.21435e-13	
659	3.142500e-08	4.049091e-01	4.049886e-01	-1.14030e-13	
660	3.147500e-08	4.049091e-01	4.049893e-01	-1.07076e-13	
661	3.152500e-08	4.049091e-01	4.049899e-01	-1.00546e-13	
662	3.157500e-08	4.049091e-01	4.049906e-01	-9.44146e-14	
663	3.162500e-08	4.049091e-01	4.049911e-01	-8.86569e-14	
664	3.167500e-08	4.049091e-01	4.049917e-01	-8.32504e-14	
665	3.172500e-08	4.049091e-01	4.049922e-01	-7.81736e-14	
666	3.177500e-08	4.049091e-01	4.049927e-01	-7.34063e-14	
667	3.182500e-08	4.049091e-01	4.049931e-01	-6.89298e-14	
668	3.187500e-08	4.049091e-01	4.049935e-01	-6.47263e-14	
669	3.192500e-08	4.049091e-01	4.049939e-01	-6.07791e-14	
670	3.197500e-08	4.049091e-01	4.049943e-01	-5.70727e-14	
671	3.202500e-08	4.049091e-01	4.049946e-01	-5.35922e-14	
672	3.207500e-08	4.049091e-01	4.049950e-01	-5.03240e-14	
673	3.212500e-08	4.049091e-01	4.049953e-01	-4.72551e-14	
674	3.217500e-08	4.049091e-01	4.049956e-01	-4.43734e-14	
675	3.222500e-08	4.049091e-01	4.049958e-01	-4.16674e-14	
676	3.227500e-08	4.049091e-01	4.049961e-01	-3.91264e-14	
677	3.232500e-08	4.049091e-01	4.049963e-01	-3.67404e-14	
678	3.237500e-08	4.049091e-01	4.049966e-01	-3.44999e-14	
679	3.242500e-08	4.049091e-01	4.049968e-01	-3.23960e-14	
680	3.247500e-08	4.049091e-01	4.049970e-01	-3.04204e-14	
681	3.252500e-08	4.049091e-01	4.049971e-01	-2.85653e-14	
682	3.257500e-08	4.049091e-01	4.049973e-01	-2.68233e-14	
683	3.262500e-08	4.049091e-01	4.049975e-01	-2.51876e-14	
684	3.267500e-08	4.049091e-01	4.049976e-01	-2.36516e-14	
685	3.272500e-08	4.049091e-01	4.049978e-01	-2.22092e-14	
686	3.277500e-08	4.049091e-01	4.049979e-01	-2.08549e-14	
687	3.282500e-08	4.049091e-01	4.049980e-01	-1.95831e-14	
688	3.287500e-08	4.049091e-01	4.049982e-01	-1.83889e-14	
689	3.292500e-08	4.049091e-01	4.049983e-01	-1.72675e-14	
690	3.297500e-08	4.049091e-01	4.049984e-01	-1.62145e-14	
691	3.302500e-08	4.049091e-01	4.049985e-01	-1.52257e-14	
692	3.307500e-08	4.049091e-01	4.049986e-01	-1.42972e-14	

Index   time            v(cell)         v(bl)           vpre#branch     
--------------------------------------------------------------------------------
693	3.312500e-08	4.049091e-01	4.049987e-01	-1.34253e-14	
694	3.317500e-08	4.049091e-01	4.049987e-01	-1.26066e-14	
695	3.322500e-08	4.049091e-01	4.049988e-01	-1.18378e-14	
696	3.327500e-08	4.049091e-01	4.049989e-01	-1.11159e-14	
697	3.332500e-08	4.049091e-01	4.049990e-01	-1.04381e-14	
698	3.337500e-08	4.049091e-01	4.049990e-01	-9.80154e-15	
699	3.342500e-08	4.049091e-01	4.049991e-01	-9.20382e-15	
700	3.347500e-08	4.049091e-01	4.049991e-01	-8.64256e-15	
701	3.352500e-08	4.049091e-01	4.049992e-01	-8.11552e-15	
702	3.357500e-08	4.049091e-01	4.049992e-01	-7.62063e-15	
703	3.362500e-08	4.049091e-01	4.049993e-01	-7.15591e-15	
704	3.367500e-08	4.049091e-01	4.049993e-01	-6.71953e-15	
705	3.372500e-08	4.049091e-01	4.049994e-01	-6.30977e-15	
706	3.377500e-08	4.049091e-01	4.049994e-01	-5.92499e-15	
707	3.382500e-08	4.049091e-01	4.049994e-01	-5.56368e-15	
708	3.387500e-08	4.049091e-01	4.049995e-01	-5.22440e-15	
709	3.392500e-08	4.049091e-01	4.049995e-01	-4.90581e-15	
710	3.397500e-08	4.049091e-01	4.049995e-01	-4.60665e-15	
711	3.402500e-08	4.049091e-01	4.049996e-01	-4.32574e-15	
712	3.407500e-08	4.049091e-01	4.049996e-01	-4.06195e-15	
713	3.412500e-08	4.049091e-01	4.049996e-01	-3.81425e-15	
714	3.417500e-08	4.049091e-01	4.049996e-01	-3.58166e-15	
715	3.422500e-08	4.049091e-01	4.049997e-01	-3.36325e-15	
716	3.427500e-08	4.049091e-01	4.049997e-01	-3.15816e-15	
717	3.432500e-08	4.049091e-01	4.049997e-01	-2.96558e-15	
718	3.437500e-08	4.049091e-01	4.049997e-01	-2.78474e-15	
719	3.442500e-08	4.049091e-01	4.049997e-01	-2.61493e-15	
720	3.447500e-08	4.049091e-01	4.049998e-01	-2.45547e-15	
721	3.452500e-08	4.049091e-01	4.049998e-01	-2.30574e-15	
722	3.457500e-08	4.049091e-01	4.049998e-01	-2.16514e-15	
723	3.462500e-08	4.049091e-01	4.049998e-01	-2.03311e-15	
724	3.467500e-08	4.049091e-01	4.049998e-01	-1.90914e-15	
725	3.472500e-08	4.049091e-01	4.049998e-01	-1.79272e-15	
726	3.477500e-08	4.049091e-01	4.049998e-01	-1.68341e-15	
727	3.482500e-08	4.049091e-01	4.049998e-01	-1.58076e-15	
728	3.487500e-08	4.049091e-01	4.049999e-01	-1.48437e-15	
729	3.492500e-08	4.049091e-01	4.049999e-01	-1.39386e-15	
730	3.497500e-08	4.049091e-01	4.049999e-01	-1.30887e-15	
731	3.502500e-08	4.049091e-01	4.049999e-01	-1.22906e-15	
732	3.507500e-08	4.049091e-01	4.049999e-01	-1.15412e-15	
733	3.512500e-08	4.049091e-01	4.049999e-01	-1.08375e-15	
734	3.517500e-08	4.049091e-01	4.049999e-01	-1.01767e-15	
735	3.522500e-08	4.049091e-01	4.049999e-01	-9.55620e-16	
736	3.527500e-08	4.049091e-01	4.049999e-01	-8.97354e-16	
737	3.532500e-08	4.049091e-01	4.049999e-01	-8.42640e-16	
738	3.537500e-08	4.049091e-01	4.049999e-01	-7.91264e-16	
739	3.542500e-08	4.049091e-01	4.049999e-01	-7.43020e-16	
740	3.547500e-08	4.049091e-01	4.049999e-01	-6.97719e-16	
741	3.552500e-08	4.049091e-01	4.049999e-01	-6.55180e-16	
742	3.557500e-08	4.049091e-01	4.049999e-01	-6.15235e-16	
743	3.562500e-08	4.049091e-01	4.049999e-01	-5.77726e-16	
744	3.567500e-08	4.049091e-01	4.049999e-01	-5.42506e-16	
745	3.572500e-08	4.049091e-01	4.049999e-01	-5.09432e-16	
746	3.577500e-08	4.049091e-01	4.050000e-01	-4.78376e-16	
747	3.582500e-08	4.049091e-01	4.050000e-01	-4.49213e-16	
748	3.587500e-08	4.049091e-01	4.050000e-01	-4.21829e-16	
749	3.592500e-08	4.049091e-01	4.050000e-01	-3.96115e-16	
750	3.597500e-08	4.049091e-01	4.050000e-01	-3.71970e-16	

Index   time            v(cell)         v(bl)           vpre#branch     
--------------------------------------------------------------------------------
751	3.602500e-08	4.049091e-01	4.050000e-01	-3.49297e-16	
752	3.607500e-08	4.049091e-01	4.050000e-01	-3.28006e-16	
753	3.612500e-08	4.049091e-01	4.050000e-01	-3.08014e-16	
754	3.617500e-08	4.049091e-01	4.050000e-01	-2.89241e-16	
755	3.622500e-08	4.049091e-01	4.050000e-01	-2.71613e-16	
756	3.627500e-08	4.049091e-01	4.050000e-01	-2.55060e-16	
757	3.632500e-08	4.049091e-01	4.050000e-01	-2.39517e-16	
758	3.637500e-08	4.049091e-01	4.050000e-01	-2.24920e-16	
759	3.642500e-08	4.049091e-01	4.050000e-01	-2.11214e-16	
760	3.647500e-08	4.049091e-01	4.050000e-01	-1.98344e-16	
761	3.652500e-08	4.049091e-01	4.050000e-01	-1.86259e-16	
762	3.657500e-08	4.049091e-01	4.050000e-01	-1.74911e-16	
763	3.662500e-08	4.049091e-01	4.050000e-01	-1.64255e-16	
764	3.667500e-08	4.049091e-01	4.050000e-01	-1.54249e-16	
765	3.672500e-08	4.049091e-01	4.050000e-01	-1.44853e-16	
766	3.677500e-08	4.049091e-01	4.050000e-01	-1.36029e-16	
767	3.682500e-08	4.049091e-01	4.050000e-01	-1.27743e-16	
768	3.687500e-08	4.049091e-01	4.050000e-01	-1.19963e-16	
769	3.692500e-08	4.049091e-01	4.050000e-01	-1.12657e-16	
770	3.697500e-08	4.049091e-01	4.050000e-01	-1.05797e-16	
771	3.702500e-08	4.049091e-01	4.050000e-01	-9.93551e-17	
772	3.707500e-08	4.049091e-01	4.050000e-01	-9.33060e-17	
773	3.712500e-08	4.049091e-01	4.050000e-01	-8.76257e-17	
774	3.717500e-08	4.049091e-01	4.050000e-01	-8.22919e-17	
775	3.722500e-08	4.049091e-01	4.050000e-01	-7.72834e-17	
776	3.727500e-08	4.049091e-01	4.050000e-01	-7.25807e-17	
777	3.732500e-08	4.049091e-01	4.050000e-01	-6.81652e-17	
778	3.737500e-08	4.049091e-01	4.050000e-01	-6.40185e-17	
779	3.742500e-08	4.049091e-01	4.050000e-01	-6.01248e-17	
780	3.747500e-08	4.049091e-01	4.050000e-01	-5.64689e-17	
781	3.752500e-08	4.049091e-01	4.050000e-01	-5.30359e-17	
782	3.757500e-08	4.049091e-01	4.050000e-01	-4.98119e-17	
783	3.762500e-08	4.049091e-01	4.050000e-01	-4.67841e-17	
784	3.767500e-08	4.049091e-01	4.050000e-01	-4.39413e-17	
785	3.772500e-08	4.049091e-01	4.050000e-01	-4.12723e-17	
786	3.777500e-08	4.049091e-01	4.050000e-01	-3.87657e-17	
787	3.782500e-08	4.049091e-01	4.050000e-01	-3.64119e-17	
788	3.787500e-08	4.049091e-01	4.050000e-01	-3.42021e-17	
789	3.792500e-08	4.049091e-01	4.050000e-01	-3.21270e-17	
790	3.797500e-08	4.049091e-01	4.050000e-01	-3.01780e-17	
791	3.802500e-08	4.049091e-01	4.050000e-01	-2.83475e-17	
792	3.807500e-08	4.049091e-01	4.050000e-01	-2.66287e-17	
793	3.812500e-08	4.049091e-01	4.050000e-01	-2.50150e-17	
794	3.817500e-08	4.049091e-01	4.050000e-01	-2.35002e-17	
795	3.822500e-08	4.049091e-01	4.050000e-01	-2.20778e-17	
796	3.827500e-08	4.049091e-01	4.050000e-01	-2.07421e-17	
797	3.832500e-08	4.049091e-01	4.050000e-01	-1.94879e-17	
798	3.837500e-08	4.049091e-01	4.050000e-01	-1.83097e-17	
799	3.842500e-08	4.049091e-01	4.050000e-01	-1.72034e-17	
800	3.847500e-08	4.049091e-01	4.050000e-01	-1.61649e-17	
801	3.852500e-08	4.049091e-01	4.050000e-01	-1.51898e-17	
802	3.857500e-08	4.049091e-01	4.050000e-01	-1.42738e-17	
803	3.862500e-08	4.049091e-01	4.050000e-01	-1.34136e-17	
804	3.867500e-08	4.049091e-01	4.050000e-01	-1.26062e-17	
805	3.872500e-08	4.049091e-01	4.050000e-01	-1.18481e-17	
806	3.877500e-08	4.049091e-01	4.050000e-01	-1.11359e-17	
807	3.882500e-08	4.049091e-01	4.050000e-01	-1.04670e-17	
808	3.887500e-08	4.049091e-01	4.050000e-01	-9.83897e-18	

Index   time            v(cell)         v(bl)           vpre#branch     
--------------------------------------------------------------------------------
809	3.892500e-08	4.049091e-01	4.050000e-01	-9.24922e-18	
810	3.897500e-08	4.049091e-01	4.050000e-01	-8.69543e-18	
811	3.902500e-08	4.049091e-01	4.050000e-01	-8.17501e-18	
812	3.907500e-08	4.049091e-01	4.050000e-01	-7.68631e-18	
813	3.912500e-08	4.049091e-01	4.050000e-01	-7.22742e-18	
814	3.917500e-08	4.049091e-01	4.050000e-01	-6.79693e-18	
815	3.922500e-08	4.049091e-01	4.050000e-01	-6.39311e-18	
816	3.927500e-08	4.049091e-01	4.050000e-01	-6.01390e-18	
817	3.932500e-08	4.049091e-01	4.050000e-01	-5.65742e-18	
818	3.937500e-08	4.049091e-01	4.050000e-01	-5.32267e-18	
819	3.942500e-08	4.049091e-01	4.050000e-01	-5.00875e-18	
820	3.947500e-08	4.049091e-01	4.050000e-01	-4.71356e-18	
821	3.952500e-08	4.049091e-01	4.050000e-01	-4.43595e-18	
822	3.957500e-08	4.049091e-01	4.050000e-01	-4.17528e-18	
823	3.962500e-08	4.049091e-01	4.050000e-01	-3.93092e-18	
824	3.967500e-08	4.049091e-01	4.050000e-01	-3.70187e-18	
825	3.972500e-08	4.049091e-01	4.050000e-01	-3.48679e-18	
826	3.977500e-08	4.049091e-01	4.050000e-01	-3.28482e-18	
827	3.982500e-08	4.049091e-01	4.050000e-01	-3.09476e-18	
828	3.987500e-08	4.049091e-01	4.050000e-01	-2.91587e-18	
829	3.992500e-08	4.049091e-01	4.050000e-01	-2.74831e-18	
830	3.996250e-08	4.049091e-01	4.050000e-01	-2.62944e-18	
831	4.000000e-08	4.049091e-01	4.050000e-01	-2.51561e-18	


Total analysis time (seconds) = 0.0791378

Total elapsed time (seconds) = 0.090 

Total DRAM available = 386307.215 MB.
DRAM currently available = 13210.480 MB.
Maximum ngspice program size =  529.719 MB.
Current ngspice program size =   14.191 MB.

Shared ngspice pages =   12.344 MB.
Text (code) pages =    6.266 MB.
Stack = 0 bytes.
Library pages =   59.137 MB.

