
Note: No compatibility mode selected!


Circuit: * wl switching transient

Doing analysis at TEMP = 85.000000 and TNOM = 27.000000

Using SPARSE 1.3 as Direct Linear Solver

Initial Transient Solution
--------------------------

Node                                   Voltage
----                                   -------
b                                            0
d                                        0.425
g                                            0
s                                            0
vg#branch                                    0
vd#branch                         -2.05006e-13
vs#branch                          2.05006e-13
vb#branch                                    0


No. of Data Rows : 217
                            * wl switching transient
                            Transient Analysis  Tue Jun 23 23:58:03  2026
--------------------------------------------------------------------------------
Index   time            v(g)            vg#branch       
--------------------------------------------------------------------------------
0	0.000000e+00	0.000000e+00	0.000000e+00	
1	1.000000e-12	0.000000e+00	7.998802e-22	
2	2.000000e-12	0.000000e+00	-4.71528e-23	
3	4.000000e-12	0.000000e+00	3.763637e-22	
4	8.000000e-12	0.000000e+00	-4.47093e-22	
5	1.600000e-11	0.000000e+00	6.234865e-22	
6	3.200000e-11	0.000000e+00	-5.35290e-22	
7	6.400000e-11	0.000000e+00	5.529183e-22	
8	1.280000e-10	0.000000e+00	-5.57339e-22	
9	2.280000e-10	0.000000e+00	5.623339e-22	
10	3.280000e-10	0.000000e+00	-5.69249e-22	
11	4.280000e-10	0.000000e+00	5.623339e-22	
12	5.280000e-10	0.000000e+00	-5.62632e-22	
13	6.280000e-10	0.000000e+00	5.623339e-22	
14	7.280000e-10	0.000000e+00	-5.62632e-22	
15	8.280000e-10	0.000000e+00	5.623339e-22	
16	9.140000e-10	0.000000e+00	-5.67888e-22	
17	1.000000e-09	0.000000e+00	5.504598e-22	
18	1.010000e-09	8.500000e-03	-9.85176e-09	
19	1.030000e-09	2.550000e-02	-1.03669e-08	
20	1.070000e-09	5.950000e-02	-9.87237e-09	
21	1.150000e-09	1.275000e-01	-1.03577e-08	
22	1.250000e-09	2.125000e-01	-9.91735e-09	
23	1.350000e-09	2.975000e-01	-1.07724e-08	
24	1.450000e-09	3.825000e-01	-1.37940e-08	
25	1.550000e-09	4.675000e-01	-2.94786e-08	
26	1.650000e-09	5.525000e-01	-4.20999e-08	
27	1.750000e-09	6.375000e-01	-4.78015e-08	
28	1.850000e-09	7.225000e-01	-5.21839e-08	
29	1.925000e-09	7.862500e-01	-5.35675e-08	
30	2.000000e-09	8.500000e-01	-5.56958e-08	
31	2.010000e-09	8.500000e-01	-8.36308e-09	
32	2.030000e-09	8.500000e-01	5.756702e-09	
33	2.070000e-09	8.500000e-01	-4.78551e-09	
34	2.150000e-09	8.500000e-01	4.365055e-09	
35	2.250000e-09	8.500000e-01	-4.05579e-09	
36	2.350000e-09	8.500000e-01	3.768822e-09	
37	2.450000e-09	8.500000e-01	-3.50242e-09	
38	2.550000e-09	8.500000e-01	3.255215e-09	
39	2.650000e-09	8.500000e-01	-3.02572e-09	
40	2.750000e-09	8.500000e-01	2.812747e-09	
41	2.850000e-09	8.500000e-01	-2.61503e-09	
42	2.950000e-09	8.500000e-01	2.431532e-09	
43	3.050000e-09	8.500000e-01	-2.26118e-09	
44	3.150000e-09	8.500000e-01	2.103062e-09	
45	3.250000e-09	8.500000e-01	-1.95627e-09	
46	3.350000e-09	8.500000e-01	1.820008e-09	
47	3.450000e-09	8.500000e-01	-1.69350e-09	
48	3.550000e-09	8.500000e-01	1.576062e-09	
49	3.650000e-09	8.500000e-01	-1.46702e-09	
50	3.750000e-09	8.500000e-01	1.365794e-09	
51	3.850000e-09	8.500000e-01	-1.27180e-09	
52	3.950000e-09	8.500000e-01	1.184525e-09	
53	4.050000e-09	8.500000e-01	-1.10348e-09	
54	4.150000e-09	8.500000e-01	1.028231e-09	

Index   time            v(g)            vg#branch       
--------------------------------------------------------------------------------
55	4.250000e-09	8.500000e-01	-9.58345e-10	
56	4.350000e-09	8.500000e-01	8.934446e-10	
57	4.450000e-09	8.500000e-01	-8.33166e-10	
58	4.550000e-09	8.500000e-01	7.771811e-10	
59	4.650000e-09	8.500000e-01	-7.25177e-10	
60	4.750000e-09	8.500000e-01	6.768708e-10	
61	4.850000e-09	8.500000e-01	-6.31993e-10	
62	4.950000e-09	8.500000e-01	5.903011e-10	
63	5.050000e-09	8.500000e-01	-5.51562e-10	
64	5.150000e-09	8.500000e-01	5.155669e-10	
65	5.250000e-09	8.500000e-01	-4.82116e-10	
66	5.350000e-09	8.500000e-01	4.510278e-10	
67	5.450000e-09	8.500000e-01	-4.22132e-10	
68	5.550000e-09	8.500000e-01	3.952715e-10	
69	5.650000e-09	8.500000e-01	-3.70300e-10	
70	5.750000e-09	8.500000e-01	3.470817e-10	
71	5.850000e-09	8.500000e-01	-3.25491e-10	
72	5.950000e-09	8.500000e-01	3.054114e-10	
73	6.050000e-09	8.500000e-01	-2.86734e-10	
74	6.150000e-09	8.500000e-01	2.693589e-10	
75	6.250000e-09	8.500000e-01	-2.53192e-10	
76	6.350000e-09	8.500000e-01	2.381476e-10	
77	6.450000e-09	8.500000e-01	-2.24145e-10	
78	6.550000e-09	8.500000e-01	2.111091e-10	
79	6.650000e-09	8.500000e-01	-1.98971e-10	
80	6.750000e-09	8.500000e-01	1.876676e-10	
81	6.850000e-09	8.500000e-01	-1.77138e-10	
82	6.950000e-09	8.500000e-01	1.673273e-10	
83	7.050000e-09	8.500000e-01	-1.58184e-10	
84	7.150000e-09	8.500000e-01	1.496611e-10	
85	7.250000e-09	8.500000e-01	-1.41714e-10	
86	7.350000e-09	8.500000e-01	1.343014e-10	
87	7.450000e-09	8.500000e-01	-1.27386e-10	
88	7.550000e-09	8.500000e-01	1.209315e-10	
89	7.650000e-09	8.500000e-01	-1.14906e-10	
90	7.750000e-09	8.500000e-01	1.092786e-10	
91	7.850000e-09	8.500000e-01	-1.04021e-10	
92	7.950000e-09	8.500000e-01	9.910766e-11	
93	8.050000e-09	8.500000e-01	-9.45136e-11	
94	8.150000e-09	8.500000e-01	9.021645e-11	
95	8.250000e-09	8.500000e-01	-8.61952e-11	
96	8.350000e-09	8.500000e-01	8.243057e-11	
97	8.450000e-09	8.500000e-01	-7.89043e-11	
98	8.550000e-09	8.500000e-01	7.559984e-11	
99	8.650000e-09	8.500000e-01	-7.25015e-11	
100	8.750000e-09	8.500000e-01	6.959485e-11	
101	8.850000e-09	8.500000e-01	-6.68665e-11	
102	8.950000e-09	8.500000e-01	6.430411e-11	
103	9.050000e-09	8.500000e-01	-6.18960e-11	
104	9.150000e-09	8.500000e-01	5.963154e-11	
105	9.250000e-09	8.500000e-01	-5.75007e-11	
106	9.350000e-09	8.500000e-01	5.549432e-11	
107	9.450000e-09	8.500000e-01	-5.36038e-11	
108	9.550000e-09	8.500000e-01	5.182109e-11	
109	9.650000e-09	8.500000e-01	-5.01389e-11	
110	9.750000e-09	8.500000e-01	4.855029e-11	
111	9.850000e-09	8.500000e-01	-4.70489e-11	
112	9.925000e-09	8.500000e-01	4.517219e-11	

Index   time            v(g)            vg#branch       
--------------------------------------------------------------------------------
113	1.000000e-08	8.500000e-01	-4.34272e-11	
114	1.001000e-08	8.500000e-01	-2.79439e-12	
115	1.003000e-08	8.500000e-01	2.179559e-12	
116	1.007000e-08	8.500000e-01	-1.94380e-12	
117	1.015000e-08	8.500000e-01	1.839910e-12	
118	1.025000e-08	8.500000e-01	-1.76269e-12	
119	1.035000e-08	8.500000e-01	1.690289e-12	
120	1.045000e-08	8.500000e-01	-1.62237e-12	
121	1.055000e-08	8.500000e-01	1.558626e-12	
122	1.065000e-08	8.500000e-01	-1.49876e-12	
123	1.075000e-08	8.500000e-01	1.442502e-12	
124	1.085000e-08	8.500000e-01	-1.38960e-12	
125	1.095000e-08	8.500000e-01	1.339830e-12	
126	1.105000e-08	8.500000e-01	-1.29297e-12	
127	1.115000e-08	8.500000e-01	1.248812e-12	
128	1.125000e-08	8.500000e-01	-1.20718e-12	
129	1.135000e-08	8.500000e-01	1.167897e-12	
130	1.145000e-08	8.500000e-01	-1.13080e-12	
131	1.155000e-08	8.500000e-01	1.095748e-12	
132	1.165000e-08	8.500000e-01	-1.06260e-12	
133	1.175000e-08	8.500000e-01	1.031215e-12	
134	1.185000e-08	8.500000e-01	-1.00149e-12	
135	1.195000e-08	8.500000e-01	9.733012e-13	
136	1.205000e-08	8.500000e-01	-9.46554e-13	
137	1.215000e-08	8.500000e-01	9.211506e-13	
138	1.225000e-08	8.500000e-01	-8.97001e-13	
139	1.235000e-08	8.500000e-01	8.740228e-13	
140	1.245000e-08	8.500000e-01	-8.52139e-13	
141	1.255000e-08	8.500000e-01	8.312792e-13	
142	1.265000e-08	8.500000e-01	-8.11376e-13	
143	1.275000e-08	8.500000e-01	7.923682e-13	
144	1.285000e-08	8.500000e-01	-7.74198e-13	
145	1.295000e-08	8.500000e-01	7.568135e-13	
146	1.305000e-08	8.500000e-01	-7.40164e-13	
147	1.315000e-08	8.500000e-01	7.242034e-13	
148	1.325000e-08	8.500000e-01	-7.08889e-13	
149	1.335000e-08	8.500000e-01	6.941819e-13	
150	1.345000e-08	8.500000e-01	-6.80044e-13	
151	1.355000e-08	8.500000e-01	6.664414e-13	
152	1.365000e-08	8.500000e-01	-6.53342e-13	
153	1.375000e-08	8.500000e-01	6.407152e-13	
154	1.385000e-08	8.500000e-01	-6.28534e-13	
155	1.395000e-08	8.500000e-01	6.167728e-13	
156	1.405000e-08	8.500000e-01	-6.05407e-13	
157	1.415000e-08	8.500000e-01	5.944141e-13	
158	1.425000e-08	8.500000e-01	-5.83774e-13	
159	1.435000e-08	8.500000e-01	5.734657e-13	
160	1.445000e-08	8.500000e-01	-5.63473e-13	
161	1.455000e-08	8.500000e-01	5.537770e-13	
162	1.465000e-08	8.500000e-01	-5.44363e-13	
163	1.475000e-08	8.500000e-01	5.352171e-13	
164	1.485000e-08	8.500000e-01	-5.26324e-13	
165	1.495000e-08	8.500000e-01	5.176721e-13	
166	1.505000e-08	8.500000e-01	-5.09249e-13	
167	1.515000e-08	8.500000e-01	5.010430e-13	
168	1.525000e-08	8.500000e-01	-4.93044e-13	
169	1.535000e-08	8.500000e-01	4.852431e-13	
170	1.545000e-08	8.500000e-01	-4.77630e-13	

Index   time            v(g)            vg#branch       
--------------------------------------------------------------------------------
171	1.555000e-08	8.500000e-01	4.701969e-13	
172	1.565000e-08	8.500000e-01	-4.62935e-13	
173	1.575000e-08	8.500000e-01	4.558382e-13	
174	1.585000e-08	8.500000e-01	-4.48898e-13	
175	1.595000e-08	8.500000e-01	4.421091e-13	
176	1.605000e-08	8.500000e-01	-4.35465e-13	
177	1.615000e-08	8.500000e-01	4.289587e-13	
178	1.625000e-08	8.500000e-01	-4.22586e-13	
179	1.635000e-08	8.500000e-01	4.163421e-13	
180	1.645000e-08	8.500000e-01	-4.10222e-13	
181	1.655000e-08	8.500000e-01	4.042199e-13	
182	1.665000e-08	8.500000e-01	-3.98333e-13	
183	1.675000e-08	8.500000e-01	3.925569e-13	
184	1.685000e-08	8.500000e-01	-3.86888e-13	
185	1.695000e-08	8.500000e-01	3.813223e-13	
186	1.705000e-08	8.500000e-01	-3.75857e-13	
187	1.715000e-08	8.500000e-01	3.704884e-13	
188	1.725000e-08	8.500000e-01	-3.65214e-13	
189	1.735000e-08	8.500000e-01	3.600306e-13	
190	1.745000e-08	8.500000e-01	-3.54936e-13	
191	1.755000e-08	8.500000e-01	3.499269e-13	
192	1.765000e-08	8.500000e-01	-3.45002e-13	
193	1.775000e-08	8.500000e-01	3.401576e-13	
194	1.785000e-08	8.500000e-01	-3.35393e-13	
195	1.795000e-08	8.500000e-01	3.307048e-13	
196	1.805000e-08	8.500000e-01	-3.26092e-13	
197	1.815000e-08	8.500000e-01	3.215524e-13	
198	1.825000e-08	8.500000e-01	-3.17084e-13	
199	1.835000e-08	8.500000e-01	3.126859e-13	
200	1.845000e-08	8.500000e-01	-3.08356e-13	
201	1.855000e-08	8.500000e-01	3.040919e-13	
202	1.865000e-08	8.500000e-01	-2.99893e-13	
203	1.875000e-08	8.500000e-01	2.957582e-13	
204	1.885000e-08	8.500000e-01	-2.91685e-13	
205	1.895000e-08	8.500000e-01	2.876738e-13	
206	1.905000e-08	8.500000e-01	-2.83722e-13	
207	1.915000e-08	8.500000e-01	2.798282e-13	
208	1.925000e-08	8.500000e-01	-2.75992e-13	
209	1.935000e-08	8.500000e-01	2.722121e-13	
210	1.945000e-08	8.500000e-01	-2.68487e-13	
211	1.955000e-08	8.500000e-01	2.648165e-13	
212	1.965000e-08	8.500000e-01	-2.61199e-13	
213	1.975000e-08	8.500000e-01	2.576333e-13	
214	1.985000e-08	8.500000e-01	-2.54119e-13	
215	1.992500e-08	8.500000e-01	2.495111e-13	
216	2.000000e-08	8.500000e-01	-2.44991e-13	


Total analysis time (seconds) = 0.0165605

Total elapsed time (seconds) = 0.024 

Total DRAM available = 386307.215 MB.
DRAM currently available = 2044.621 MB.
Maximum ngspice program size =  529.723 MB.
Current ngspice program size =   14.078 MB.

Shared ngspice pages =   12.316 MB.
Text (code) pages =    6.266 MB.
Stack = 0 bytes.
Library pages =   59.141 MB.

