
Note: No compatibility mode selected!


Circuit: * 1t1c ccell=30.0ff

Doing analysis at TEMP = 125.000000 and TNOM = 27.000000

Using SPARSE 1.3 as Direct Linear Solver

Initial Transient Solution
--------------------------

Node                                   Voltage
----                                   -------
pre                                     0.3825
bl                                      0.3825
wl                                           0
plate                                        0
b                                            0
s                                            0
cell                                         0
vs#branch                                    0
vb#branch                                    0
vpl#branch                                   0
vwl#branch                                   0
vpre#branch                                  0


No. of Data Rows : 832

  Measurements for Transient Analysis

t_write             =  1.90018e-09
t_read              =  2.28230e-08
i_hold              =  -6.87626e-12 from=  2.50000e-08 to=  3.50250e-08
q_read              =   1.85476e-19 from=  1.20000e-08 to=  2.20000e-08

                              * 1t1c ccell=30.0ff
                              Transient Analysis  Tue Jun 23 23:52:00  2026
--------------------------------------------------------------------------------
Index   time            v(cell)         v(bl)           vpre#branch     
--------------------------------------------------------------------------------
0	0.000000e+00	0.000000e+00	3.825000e-01	0.000000e+00	
1	5.000000e-13	1.809041e-11	3.824999e-01	-1.42495e-15	
2	1.000000e-12	3.617999e-11	3.824998e-01	-2.33470e-15	
3	2.000000e-12	7.235856e-11	3.824996e-01	-4.15267e-15	
4	4.000000e-12	1.447149e-10	3.824992e-01	-7.77947e-15	
5	8.000000e-12	2.894279e-10	3.824985e-01	-1.49966e-14	
6	1.600000e-11	5.788535e-10	3.824971e-01	-2.92865e-14	
7	3.200000e-11	1.157705e-09	3.824943e-01	-5.72977e-14	
8	6.400000e-11	2.315405e-09	3.824889e-01	-1.11121e-13	
9	1.140000e-10	4.124309e-09	3.824810e-01	-1.89661e-13	
10	1.640000e-10	5.933208e-09	3.824738e-01	-2.61870e-13	
11	2.140000e-10	7.742104e-09	3.824672e-01	-3.28259e-13	
12	2.640000e-10	9.550996e-09	3.824611e-01	-3.89297e-13	
13	3.140000e-10	1.135989e-08	3.824555e-01	-4.45416e-13	
14	3.640000e-10	1.316877e-08	3.824503e-01	-4.97010e-13	
15	4.140000e-10	1.497765e-08	3.824456e-01	-5.44447e-13	
16	4.640000e-10	1.678654e-08	3.824412e-01	-5.88059e-13	
17	5.140000e-10	1.859541e-08	3.824372e-01	-6.28157e-13	
18	5.640000e-10	2.040429e-08	3.824335e-01	-6.65022e-13	
19	6.140000e-10	2.221317e-08	3.824301e-01	-6.98916e-13	
20	6.640000e-10	2.402204e-08	3.824270e-01	-7.30078e-13	
21	7.140000e-10	2.583091e-08	3.824241e-01	-7.58728e-13	
22	7.640000e-10	2.763978e-08	3.824215e-01	-7.85069e-13	
23	8.140000e-10	2.944865e-08	3.824191e-01	-8.09287e-13	
24	8.640000e-10	3.125751e-08	3.824168e-01	-8.31553e-13	
25	9.140000e-10	3.306638e-08	3.824148e-01	-8.52024e-13	
26	9.570000e-10	3.462200e-08	3.824132e-01	-8.68302e-13	
27	1.000000e-09	3.617763e-08	3.824117e-01	-8.83445e-13	
28	1.005000e-09	3.824318e-03	3.824114e-01	-8.85970e-13	
29	1.015000e-09	1.147281e-02	3.824111e-01	-8.89365e-13	
30	1.035000e-09	2.676977e-02	3.824113e-01	-8.87276e-13	
31	1.075000e-09	5.736370e-02	3.824141e-01	-8.58665e-13	
32	1.125000e-09	9.560611e-02	3.824199e-01	-8.01444e-13	
33	1.175000e-09	1.338485e-01	3.824260e-01	-7.40256e-13	
34	1.225000e-09	1.720909e-01	3.824318e-01	-6.81892e-13	
35	1.275000e-09	2.103334e-01	3.824373e-01	-6.27425e-13	
36	1.325000e-09	2.485758e-01	3.824423e-01	-5.77041e-13	
37	1.375000e-09	2.868182e-01	3.824469e-01	-5.30602e-13	
38	1.425000e-09	3.250606e-01	3.824512e-01	-4.87861e-13	
39	1.475000e-09	3.633030e-01	3.824551e-01	-4.48548e-13	
40	1.525000e-09	4.015454e-01	3.824588e-01	-4.12396e-13	
41	1.575000e-09	4.397878e-01	3.824621e-01	-3.79152e-13	
42	1.625000e-09	4.780303e-01	3.824651e-01	-3.48586e-13	
43	1.675000e-09	5.162727e-01	3.824680e-01	-3.20485e-13	
44	1.725000e-09	5.545151e-01	3.824705e-01	-2.94648e-13	
45	1.775000e-09	5.927575e-01	3.824729e-01	-2.70894e-13	
46	1.825000e-09	6.309999e-01	3.824751e-01	-2.49054e-13	
47	1.875000e-09	6.692423e-01	3.824771e-01	-2.28975e-13	
48	1.925000e-09	7.074847e-01	3.824789e-01	-2.10513e-13	
49	1.962500e-09	7.361666e-01	3.824802e-01	-1.97654e-13	
50	2.000000e-09	7.648484e-01	3.824814e-01	-1.85580e-13	
51	2.005000e-09	7.648483e-01	3.824816e-01	-1.84033e-13	
52	2.015000e-09	7.648483e-01	3.824819e-01	-1.80967e-13	
53	2.035000e-09	7.648483e-01	3.824825e-01	-1.74985e-13	
54	2.075000e-09	7.648483e-01	3.824836e-01	-1.63606e-13	

Index   time            v(cell)         v(bl)           vpre#branch     
--------------------------------------------------------------------------------
55	2.125000e-09	7.648483e-01	3.824850e-01	-1.50413e-13	
56	2.175000e-09	7.648483e-01	3.824862e-01	-1.38284e-13	
57	2.225000e-09	7.648483e-01	3.824873e-01	-1.27132e-13	
58	2.275000e-09	7.648483e-01	3.824883e-01	-1.16879e-13	
59	2.325000e-09	7.648483e-01	3.824893e-01	-1.07453e-13	
60	2.375000e-09	7.648483e-01	3.824901e-01	-9.87862e-14	
61	2.425000e-09	7.648483e-01	3.824909e-01	-9.08181e-14	
62	2.475000e-09	7.648483e-01	3.824917e-01	-8.34922e-14	
63	2.525000e-09	7.648483e-01	3.824923e-01	-7.67568e-14	
64	2.575000e-09	7.648483e-01	3.824929e-01	-7.05642e-14	
65	2.625000e-09	7.648483e-01	3.824935e-01	-6.48708e-14	
66	2.675000e-09	7.648483e-01	3.824940e-01	-5.96363e-14	
67	2.725000e-09	7.648483e-01	3.824945e-01	-5.48237e-14	
68	2.775000e-09	7.648483e-01	3.824950e-01	-5.03989e-14	
69	2.825000e-09	7.648483e-01	3.824954e-01	-4.63308e-14	
70	2.875000e-09	7.648483e-01	3.824957e-01	-4.25906e-14	
71	2.925000e-09	7.648483e-01	3.824961e-01	-3.91519e-14	
72	2.975000e-09	7.648483e-01	3.824964e-01	-3.59903e-14	
73	3.025000e-09	7.648483e-01	3.824967e-01	-3.30836e-14	
74	3.075000e-09	7.648483e-01	3.824970e-01	-3.04111e-14	
75	3.125000e-09	7.648483e-01	3.824972e-01	-2.79540e-14	
76	3.175000e-09	7.648483e-01	3.824974e-01	-2.56950e-14	
77	3.225000e-09	7.648483e-01	3.824976e-01	-2.36181e-14	
78	3.275000e-09	7.648483e-01	3.824978e-01	-2.17085e-14	
79	3.325000e-09	7.648483e-01	3.824980e-01	-1.99529e-14	
80	3.375000e-09	7.648483e-01	3.824982e-01	-1.83388e-14	
81	3.425000e-09	7.648483e-01	3.824983e-01	-1.68547e-14	
82	3.475000e-09	7.648483e-01	3.824985e-01	-1.54903e-14	
83	3.525000e-09	7.648483e-01	3.824986e-01	-1.42359e-14	
84	3.575000e-09	7.648483e-01	3.824987e-01	-1.30826e-14	
85	3.625000e-09	7.648483e-01	3.824988e-01	-1.20222e-14	
86	3.675000e-09	7.648483e-01	3.824989e-01	-1.10473e-14	
87	3.725000e-09	7.648483e-01	3.824990e-01	-1.01509e-14	
88	3.775000e-09	7.648483e-01	3.824991e-01	-9.32686e-15	
89	3.825000e-09	7.648483e-01	3.824991e-01	-8.56920e-15	
90	3.875000e-09	7.648483e-01	3.824992e-01	-7.87260e-15	
91	3.925000e-09	7.648483e-01	3.824993e-01	-7.23215e-15	
92	3.975000e-09	7.648483e-01	3.824993e-01	-6.64332e-15	
93	4.025000e-09	7.648483e-01	3.824994e-01	-6.10195e-15	
94	4.075000e-09	7.648483e-01	3.824994e-01	-5.60422e-15	
95	4.125000e-09	7.648483e-01	3.824995e-01	-5.14660e-15	
96	4.175000e-09	7.648483e-01	3.824995e-01	-4.72587e-15	
97	4.225000e-09	7.648483e-01	3.824996e-01	-4.33905e-15	
98	4.275000e-09	7.648483e-01	3.824996e-01	-3.98340e-15	
99	4.325000e-09	7.648483e-01	3.824996e-01	-3.65643e-15	
100	4.375000e-09	7.648483e-01	3.824997e-01	-3.35580e-15	
101	4.425000e-09	7.648483e-01	3.824997e-01	-3.07941e-15	
102	4.475000e-09	7.648483e-01	3.824997e-01	-2.82529e-15	
103	4.525000e-09	7.648483e-01	3.824997e-01	-2.59166e-15	
104	4.575000e-09	7.648483e-01	3.824998e-01	-2.37686e-15	
105	4.625000e-09	7.648483e-01	3.824998e-01	-2.17937e-15	
106	4.675000e-09	7.648483e-01	3.824998e-01	-1.99779e-15	
107	4.725000e-09	7.648483e-01	3.824998e-01	-1.83086e-15	
108	4.775000e-09	7.648483e-01	3.824998e-01	-1.67737e-15	
109	4.825000e-09	7.648483e-01	3.824998e-01	-1.53626e-15	
110	4.875000e-09	7.648483e-01	3.824999e-01	-1.40653e-15	
111	4.925000e-09	7.648483e-01	3.824999e-01	-1.28724e-15	
112	4.975000e-09	7.648483e-01	3.824999e-01	-1.17758e-15	

Index   time            v(cell)         v(bl)           vpre#branch     
--------------------------------------------------------------------------------
113	5.025000e-09	7.648483e-01	3.824999e-01	-1.07675e-15	
114	5.075000e-09	7.648483e-01	3.824999e-01	-9.84050e-16	
115	5.125000e-09	7.648483e-01	3.824999e-01	-8.98821e-16	
116	5.175000e-09	7.648483e-01	3.824999e-01	-8.20461e-16	
117	5.225000e-09	7.648483e-01	3.824999e-01	-7.48417e-16	
118	5.275000e-09	7.648483e-01	3.824999e-01	-6.82180e-16	
119	5.325000e-09	7.648483e-01	3.824999e-01	-6.21282e-16	
120	5.375000e-09	7.648483e-01	3.824999e-01	-5.65292e-16	
121	5.425000e-09	7.648483e-01	3.824999e-01	-5.13815e-16	
122	5.475000e-09	7.648483e-01	3.825000e-01	-4.66487e-16	
123	5.525000e-09	7.648483e-01	3.825000e-01	-4.22974e-16	
124	5.575000e-09	7.648483e-01	3.825000e-01	-3.82968e-16	
125	5.625000e-09	7.648483e-01	3.825000e-01	-3.46186e-16	
126	5.675000e-09	7.648483e-01	3.825000e-01	-3.12369e-16	
127	5.725000e-09	7.648483e-01	3.825000e-01	-2.81278e-16	
128	5.775000e-09	7.648483e-01	3.825000e-01	-2.52692e-16	
129	5.825000e-09	7.648483e-01	3.825000e-01	-2.26411e-16	
130	5.875000e-09	7.648483e-01	3.825000e-01	-2.02248e-16	
131	5.925000e-09	7.648483e-01	3.825000e-01	-1.80033e-16	
132	5.975000e-09	7.648483e-01	3.825000e-01	-1.59608e-16	
133	6.025000e-09	7.648483e-01	3.825000e-01	-1.40829e-16	
134	6.075000e-09	7.648483e-01	3.825000e-01	-1.23564e-16	
135	6.125000e-09	7.648483e-01	3.825000e-01	-1.07690e-16	
136	6.175000e-09	7.648483e-01	3.825000e-01	-9.30963e-17	
137	6.225000e-09	7.648483e-01	3.825000e-01	-7.96785e-17	
138	6.275000e-09	7.648483e-01	3.825000e-01	-6.73422e-17	
139	6.325000e-09	7.648483e-01	3.825000e-01	-5.60002e-17	
140	6.375000e-09	7.648483e-01	3.825000e-01	-4.55724e-17	
141	6.425000e-09	7.648483e-01	3.825000e-01	-3.59850e-17	
142	6.475000e-09	7.648483e-01	3.825000e-01	-2.71704e-17	
143	6.525000e-09	7.648483e-01	3.825000e-01	-1.90662e-17	
144	6.575000e-09	7.648483e-01	3.825000e-01	-1.16152e-17	
145	6.625000e-09	7.648483e-01	3.825000e-01	-4.76484e-18	
146	6.675000e-09	7.648483e-01	3.825000e-01	1.533392e-18	
147	6.725000e-09	7.648483e-01	3.825000e-01	7.323980e-18	
148	6.775000e-09	7.648483e-01	3.825000e-01	1.264785e-17	
149	6.825000e-09	7.648483e-01	3.825000e-01	1.754260e-17	
150	6.875000e-09	7.648483e-01	3.825000e-01	2.204291e-17	
151	6.925000e-09	7.648483e-01	3.825000e-01	2.618048e-17	
152	6.962500e-09	7.648483e-01	3.825000e-01	2.906253e-17	
153	7.000000e-09	7.648483e-01	3.825000e-01	3.176858e-17	
154	7.005000e-09	7.457269e-01	3.825000e-01	3.210820e-17	
155	7.015000e-09	7.074845e-01	3.825000e-01	3.277377e-17	
156	7.035000e-09	6.309997e-01	3.825000e-01	3.402317e-17	
157	7.067500e-09	5.067118e-01	3.825000e-01	3.578902e-17	
158	7.100000e-09	3.824240e-01	3.825000e-01	3.704190e-17	
159	7.105000e-09	3.824242e-01	3.825000e-01	3.675077e-17	
160	7.115000e-09	3.824242e-01	3.825000e-01	3.613618e-17	
161	7.135000e-09	3.824242e-01	3.825000e-01	3.493128e-17	
162	7.175000e-09	3.824242e-01	3.825000e-01	3.264459e-17	
163	7.225000e-09	3.824242e-01	3.825000e-01	2.998958e-17	
164	7.275000e-09	3.824242e-01	3.825000e-01	2.755203e-17	
165	7.325000e-09	3.824242e-01	3.825000e-01	2.530751e-17	
166	7.375000e-09	3.824242e-01	3.825000e-01	2.324724e-17	
167	7.425000e-09	3.824242e-01	3.825000e-01	2.134976e-17	
168	7.475000e-09	3.824242e-01	3.825000e-01	1.960841e-17	
169	7.525000e-09	3.824242e-01	3.825000e-01	1.800429e-17	
170	7.575000e-09	3.824242e-01	3.825000e-01	1.653251e-17	

Index   time            v(cell)         v(bl)           vpre#branch     
--------------------------------------------------------------------------------
171	7.625000e-09	3.824242e-01	3.825000e-01	1.517644e-17	
172	7.675000e-09	3.824242e-01	3.825000e-01	1.393259e-17	
173	7.725000e-09	3.824242e-01	3.825000e-01	1.278608e-17	
174	7.775000e-09	3.824242e-01	3.825000e-01	1.173477e-17	
175	7.825000e-09	3.824242e-01	3.825000e-01	1.076547e-17	
176	7.875000e-09	3.824242e-01	3.825000e-01	9.876955e-18	
177	7.925000e-09	3.824242e-01	3.825000e-01	9.057452e-18	
178	7.975000e-09	3.824242e-01	3.825000e-01	8.306542e-18	
179	8.025000e-09	3.824242e-01	3.825000e-01	7.613668e-18	
180	8.075000e-09	3.824242e-01	3.825000e-01	6.979071e-18	
181	8.125000e-09	3.824242e-01	3.825000e-01	6.393243e-18	
182	8.175000e-09	3.824242e-01	3.825000e-01	5.856958e-18	
183	8.225000e-09	3.824242e-01	3.825000e-01	5.361623e-18	
184	8.275000e-09	3.824242e-01	3.825000e-01	4.908504e-18	
185	8.325000e-09	3.824242e-01	3.825000e-01	4.489727e-18	
186	8.375000e-09	3.824242e-01	3.825000e-01	4.106761e-18	
187	8.425000e-09	3.824242e-01	3.825000e-01	3.752584e-18	
188	8.475000e-09	3.824242e-01	3.825000e-01	3.428984e-18	
189	8.525000e-09	3.824242e-01	3.825000e-01	3.129476e-18	
190	8.575000e-09	3.824242e-01	3.825000e-01	2.856052e-18	
191	8.625000e-09	3.824242e-01	3.825000e-01	2.602767e-18	
192	8.675000e-09	3.824242e-01	3.825000e-01	2.371753e-18	
193	8.725000e-09	3.824242e-01	3.825000e-01	2.157543e-18	
194	8.775000e-09	3.824242e-01	3.825000e-01	1.962369e-18	
195	8.825000e-09	3.824242e-01	3.825000e-01	1.781194e-18	
196	8.875000e-09	3.824242e-01	3.825000e-01	1.616315e-18	
197	8.925000e-09	3.824242e-01	3.825000e-01	1.463069e-18	
198	8.975000e-09	3.824242e-01	3.825000e-01	1.323792e-18	
199	9.025000e-09	3.824242e-01	3.825000e-01	1.194156e-18	
200	9.075000e-09	3.824242e-01	3.825000e-01	1.076518e-18	
201	9.125000e-09	3.824242e-01	3.825000e-01	9.668451e-19	
202	9.175000e-09	3.824242e-01	3.825000e-01	8.674933e-19	
203	9.225000e-09	3.824242e-01	3.825000e-01	7.747010e-19	
204	9.275000e-09	3.824242e-01	3.825000e-01	6.908017e-19	
205	9.325000e-09	3.824242e-01	3.825000e-01	6.123320e-19	
206	9.375000e-09	3.824242e-01	3.825000e-01	5.415419e-19	
207	9.425000e-09	3.824242e-01	3.825000e-01	4.751334e-19	
208	9.475000e-09	3.824242e-01	3.825000e-01	4.153704e-19	
209	9.525000e-09	3.824242e-01	3.825000e-01	3.591593e-19	
210	9.575000e-09	3.824242e-01	3.825000e-01	3.087154e-19	
211	9.625000e-09	3.824242e-01	3.825000e-01	2.611269e-19	
212	9.675000e-09	3.824242e-01	3.825000e-01	2.185552e-19	
213	9.725000e-09	3.824242e-01	3.825000e-01	1.782574e-19	
214	9.775000e-09	3.824242e-01	3.825000e-01	1.423396e-19	
215	9.825000e-09	3.824242e-01	3.825000e-01	1.082118e-19	
216	9.875000e-09	3.824242e-01	3.825000e-01	7.791545e-20	
217	9.925000e-09	3.824242e-01	3.825000e-01	4.900218e-20	
218	9.975000e-09	3.824242e-01	3.825000e-01	2.345305e-20	
219	1.002500e-08	3.824242e-01	3.825000e-01	-9.78555e-22	
220	1.007500e-08	3.824242e-01	3.825000e-01	-2.24538e-20	
221	1.012500e-08	3.824242e-01	3.825000e-01	-4.31615e-20	
222	1.017500e-08	3.824242e-01	3.825000e-01	-6.12593e-20	
223	1.022500e-08	3.824242e-01	3.825000e-01	-7.88915e-20	
224	1.027500e-08	3.824242e-01	3.825000e-01	-9.41977e-20	
225	1.032500e-08	3.824242e-01	3.825000e-01	-1.09153e-19	
226	1.037500e-08	3.824242e-01	3.825000e-01	-1.22041e-19	
227	1.042500e-08	3.824242e-01	3.825000e-01	-1.34734e-19	
228	1.047500e-08	3.824242e-01	3.825000e-01	-1.45577e-19	

Index   time            v(cell)         v(bl)           vpre#branch     
--------------------------------------------------------------------------------
229	1.052500e-08	3.824242e-01	3.825000e-01	-1.56354e-19	
230	1.057500e-08	3.824242e-01	3.825000e-01	-1.65407e-19	
231	1.062500e-08	3.824242e-01	3.825000e-01	-1.74500e-19	
232	1.067500e-08	3.824242e-01	3.825000e-01	-1.82177e-19	
233	1.072500e-08	3.824242e-01	3.825000e-01	-1.89969e-19	
234	1.077500e-08	3.824242e-01	3.825000e-01	-1.96414e-19	
235	1.082500e-08	3.824242e-01	3.825000e-01	-2.03043e-19	
236	1.087500e-08	3.824242e-01	3.825000e-01	-2.08454e-19	
237	1.092500e-08	3.824242e-01	3.825000e-01	-2.14098e-19	
238	1.096250e-08	3.824242e-01	3.825000e-01	-2.17440e-19	
239	1.100000e-08	3.824242e-01	3.825000e-01	-2.21250e-19	
240	1.100500e-08	3.824249e-01	3.862913e-01	3.791346e-11	
241	1.101500e-08	3.824264e-01	3.938109e-01	1.131088e-10	
242	1.103500e-08	3.824294e-01	4.084773e-01	2.597730e-10	
243	1.107500e-08	3.824355e-01	4.363801e-01	5.388007e-10	
244	1.112500e-08	3.824431e-01	4.687284e-01	8.622843e-10	
245	1.117500e-08	3.824507e-01	4.984695e-01	1.159695e-09	
246	1.122500e-08	3.824583e-01	5.258134e-01	1.433134e-09	
247	1.127500e-08	3.824659e-01	5.509534e-01	1.684534e-09	
248	1.132500e-08	3.824734e-01	5.740669e-01	1.915669e-09	
249	1.137500e-08	3.824810e-01	5.953173e-01	2.128173e-09	
250	1.142500e-08	3.824886e-01	6.148544e-01	2.323544e-09	
251	1.147500e-08	3.824962e-01	6.328153e-01	2.503153e-09	
252	1.152500e-08	3.825038e-01	6.493248e-01	2.668248e-09	
253	1.157500e-08	3.825114e-01	6.644935e-01	2.819935e-09	
254	1.162500e-08	3.825190e-01	6.784131e-01	2.959131e-09	
255	1.167500e-08	3.825266e-01	6.911236e-01	3.086236e-09	
256	1.172500e-08	3.825343e-01	7.025806e-01	3.200806e-09	
257	1.177500e-08	3.825422e-01	7.125323e-01	3.300323e-09	
258	1.182500e-08	3.825507e-01	7.201653e-01	3.376653e-09	
259	1.187500e-08	3.825605e-01	7.232702e-01	3.407702e-09	
260	1.192500e-08	3.825736e-01	7.162777e-01	3.337777e-09	
261	1.196250e-08	3.825881e-01	6.978644e-01	3.153644e-09	
262	1.200000e-08	3.826100e-01	6.576170e-01	2.751170e-09	
263	1.200500e-08	3.826122e-01	6.450534e-01	2.625534e-09	
264	1.201500e-08	3.826164e-01	6.199448e-01	2.374448e-09	
265	1.203500e-08	3.826245e-01	5.717299e-01	1.892299e-09	
266	1.207500e-08	3.826399e-01	4.845690e-01	1.020690e-09	
267	1.212500e-08	3.826552e-01	4.032073e-01	2.070732e-10	
268	1.217500e-08	3.826614e-01	3.821279e-01	-3.72109e-12	
269	1.222500e-08	3.826611e-01	3.827867e-01	2.867424e-12	
270	1.227500e-08	3.826612e-01	3.826244e-01	1.244274e-12	
271	1.232500e-08	3.826611e-01	3.826655e-01	1.655491e-12	
272	1.237500e-08	3.826612e-01	3.826579e-01	1.579012e-12	
273	1.242500e-08	3.826611e-01	3.826575e-01	1.574883e-12	
274	1.247500e-08	3.826611e-01	3.826598e-01	1.598392e-12	
275	1.252500e-08	3.826611e-01	3.826571e-01	1.570714e-12	
276	1.257500e-08	3.826611e-01	3.826599e-01	1.598664e-12	
277	1.262500e-08	3.826611e-01	3.826571e-01	1.571255e-12	
278	1.267500e-08	3.826611e-01	3.826598e-01	1.597809e-12	
279	1.272500e-08	3.826611e-01	3.826572e-01	1.572034e-12	
280	1.277500e-08	3.826611e-01	3.826597e-01	1.596937e-12	
281	1.282500e-08	3.826611e-01	3.826573e-01	1.572778e-12	
282	1.287500e-08	3.826611e-01	3.826596e-01	1.596111e-12	
283	1.292500e-08	3.826611e-01	3.826573e-01	1.573473e-12	
284	1.297500e-08	3.826611e-01	3.826595e-01	1.595335e-12	
285	1.302500e-08	3.826611e-01	3.826574e-01	1.574121e-12	
286	1.307500e-08	3.826611e-01	3.826595e-01	1.594604e-12	

Index   time            v(cell)         v(bl)           vpre#branch     
--------------------------------------------------------------------------------
287	1.312500e-08	3.826611e-01	3.826575e-01	1.574725e-12	
288	1.317500e-08	3.826611e-01	3.826594e-01	1.593915e-12	
289	1.322500e-08	3.826611e-01	3.826575e-01	1.575287e-12	
290	1.327500e-08	3.826611e-01	3.826593e-01	1.593267e-12	
291	1.332500e-08	3.826611e-01	3.826576e-01	1.575811e-12	
292	1.337500e-08	3.826611e-01	3.826593e-01	1.592657e-12	
293	1.342500e-08	3.826611e-01	3.826576e-01	1.576299e-12	
294	1.347500e-08	3.826611e-01	3.826592e-01	1.592082e-12	
295	1.352500e-08	3.826611e-01	3.826577e-01	1.576753e-12	
296	1.357500e-08	3.826611e-01	3.826592e-01	1.591540e-12	
297	1.362500e-08	3.826611e-01	3.826577e-01	1.577175e-12	
298	1.367500e-08	3.826611e-01	3.826591e-01	1.591028e-12	
299	1.372500e-08	3.826611e-01	3.826578e-01	1.577567e-12	
300	1.377500e-08	3.826611e-01	3.826591e-01	1.590546e-12	
301	1.382500e-08	3.826611e-01	3.826578e-01	1.577931e-12	
302	1.387500e-08	3.826611e-01	3.826590e-01	1.590091e-12	
303	1.392500e-08	3.826611e-01	3.826578e-01	1.578269e-12	
304	1.397500e-08	3.826611e-01	3.826590e-01	1.589661e-12	
305	1.402500e-08	3.826611e-01	3.826579e-01	1.578582e-12	
306	1.407500e-08	3.826611e-01	3.826589e-01	1.589255e-12	
307	1.412500e-08	3.826611e-01	3.826579e-01	1.578873e-12	
308	1.417500e-08	3.826611e-01	3.826589e-01	1.588871e-12	
309	1.422500e-08	3.826611e-01	3.826579e-01	1.579141e-12	
310	1.427500e-08	3.826611e-01	3.826589e-01	1.588509e-12	
311	1.432500e-08	3.826610e-01	3.826579e-01	1.579390e-12	
312	1.437500e-08	3.826610e-01	3.826588e-01	1.588166e-12	
313	1.442500e-08	3.826610e-01	3.826580e-01	1.579620e-12	
314	1.447500e-08	3.826610e-01	3.826588e-01	1.587841e-12	
315	1.452500e-08	3.826610e-01	3.826580e-01	1.579832e-12	
316	1.457500e-08	3.826610e-01	3.826588e-01	1.587533e-12	
317	1.462500e-08	3.826610e-01	3.826580e-01	1.580027e-12	
318	1.467500e-08	3.826610e-01	3.826587e-01	1.587242e-12	
319	1.472500e-08	3.826610e-01	3.826580e-01	1.580207e-12	
320	1.477500e-08	3.826610e-01	3.826587e-01	1.586965e-12	
321	1.482500e-08	3.826610e-01	3.826580e-01	1.580372e-12	
322	1.487500e-08	3.826610e-01	3.826587e-01	1.586703e-12	
323	1.492500e-08	3.826610e-01	3.826581e-01	1.580524e-12	
324	1.497500e-08	3.826610e-01	3.826586e-01	1.586454e-12	
325	1.502500e-08	3.826610e-01	3.826581e-01	1.580663e-12	
326	1.507500e-08	3.826610e-01	3.826586e-01	1.586218e-12	
327	1.512500e-08	3.826610e-01	3.826581e-01	1.580789e-12	
328	1.517500e-08	3.826610e-01	3.826586e-01	1.585993e-12	
329	1.522500e-08	3.826610e-01	3.826581e-01	1.580905e-12	
330	1.527500e-08	3.826610e-01	3.826586e-01	1.585779e-12	
331	1.532500e-08	3.826610e-01	3.826581e-01	1.581010e-12	
332	1.537500e-08	3.826610e-01	3.826586e-01	1.585575e-12	
333	1.542500e-08	3.826610e-01	3.826581e-01	1.581105e-12	
334	1.547500e-08	3.826610e-01	3.826585e-01	1.585381e-12	
335	1.552500e-08	3.826610e-01	3.826581e-01	1.581191e-12	
336	1.557500e-08	3.826610e-01	3.826585e-01	1.585196e-12	
337	1.562500e-08	3.826610e-01	3.826581e-01	1.581268e-12	
338	1.567500e-08	3.826610e-01	3.826585e-01	1.585019e-12	
339	1.572500e-08	3.826610e-01	3.826581e-01	1.581337e-12	
340	1.577500e-08	3.826610e-01	3.826585e-01	1.584850e-12	
341	1.582500e-08	3.826610e-01	3.826581e-01	1.581398e-12	
342	1.587500e-08	3.826610e-01	3.826585e-01	1.584689e-12	
343	1.592500e-08	3.826610e-01	3.826581e-01	1.581453e-12	
344	1.597500e-08	3.826610e-01	3.826585e-01	1.584534e-12	

Index   time            v(cell)         v(bl)           vpre#branch     
--------------------------------------------------------------------------------
345	1.602500e-08	3.826610e-01	3.826582e-01	1.581500e-12	
346	1.607500e-08	3.826610e-01	3.826584e-01	1.584386e-12	
347	1.612500e-08	3.826610e-01	3.826582e-01	1.581542e-12	
348	1.617500e-08	3.826610e-01	3.826584e-01	1.584244e-12	
349	1.622500e-08	3.826609e-01	3.826582e-01	1.581577e-12	
350	1.627500e-08	3.826609e-01	3.826584e-01	1.584107e-12	
351	1.632500e-08	3.826609e-01	3.826582e-01	1.581607e-12	
352	1.637500e-08	3.826609e-01	3.826584e-01	1.583976e-12	
353	1.642500e-08	3.826609e-01	3.826582e-01	1.581632e-12	
354	1.647500e-08	3.826609e-01	3.826584e-01	1.583850e-12	
355	1.652500e-08	3.826609e-01	3.826582e-01	1.581652e-12	
356	1.657500e-08	3.826609e-01	3.826584e-01	1.583729e-12	
357	1.662500e-08	3.826609e-01	3.826582e-01	1.581667e-12	
358	1.667500e-08	3.826609e-01	3.826584e-01	1.583612e-12	
359	1.672500e-08	3.826609e-01	3.826582e-01	1.581678e-12	
360	1.677500e-08	3.826609e-01	3.826583e-01	1.583499e-12	
361	1.682500e-08	3.826609e-01	3.826582e-01	1.581686e-12	
362	1.687500e-08	3.826609e-01	3.826583e-01	1.583390e-12	
363	1.692500e-08	3.826609e-01	3.826582e-01	1.581689e-12	
364	1.697500e-08	3.826609e-01	3.826583e-01	1.583284e-12	
365	1.702500e-08	3.826609e-01	3.826582e-01	1.581689e-12	
366	1.707500e-08	3.826609e-01	3.826583e-01	1.583182e-12	
367	1.712500e-08	3.826609e-01	3.826582e-01	1.581686e-12	
368	1.717500e-08	3.826609e-01	3.826583e-01	1.583083e-12	
369	1.722500e-08	3.826609e-01	3.826582e-01	1.581680e-12	
370	1.727500e-08	3.826609e-01	3.826583e-01	1.582987e-12	
371	1.732500e-08	3.826609e-01	3.826582e-01	1.581671e-12	
372	1.737500e-08	3.826609e-01	3.826583e-01	1.582894e-12	
373	1.742500e-08	3.826609e-01	3.826582e-01	1.581659e-12	
374	1.747500e-08	3.826609e-01	3.826583e-01	1.582804e-12	
375	1.752500e-08	3.826609e-01	3.826582e-01	1.581645e-12	
376	1.757500e-08	3.826609e-01	3.826583e-01	1.582716e-12	
377	1.762500e-08	3.826609e-01	3.826582e-01	1.581628e-12	
378	1.767500e-08	3.826609e-01	3.826583e-01	1.582630e-12	
379	1.772500e-08	3.826609e-01	3.826582e-01	1.581609e-12	
380	1.777500e-08	3.826609e-01	3.826583e-01	1.582546e-12	
381	1.782500e-08	3.826609e-01	3.826582e-01	1.581588e-12	
382	1.787500e-08	3.826609e-01	3.826582e-01	1.582464e-12	
383	1.792500e-08	3.826609e-01	3.826582e-01	1.581565e-12	
384	1.797500e-08	3.826609e-01	3.826582e-01	1.582385e-12	
385	1.802500e-08	3.826609e-01	3.826582e-01	1.581540e-12	
386	1.807500e-08	3.826609e-01	3.826582e-01	1.582307e-12	
387	1.812500e-08	3.826608e-01	3.826582e-01	1.581514e-12	
388	1.817500e-08	3.826608e-01	3.826582e-01	1.582230e-12	
389	1.822500e-08	3.826608e-01	3.826581e-01	1.581486e-12	
390	1.827500e-08	3.826608e-01	3.826582e-01	1.582155e-12	
391	1.832500e-08	3.826608e-01	3.826581e-01	1.581456e-12	
392	1.837500e-08	3.826608e-01	3.826582e-01	1.582082e-12	
393	1.842500e-08	3.826608e-01	3.826581e-01	1.581425e-12	
394	1.847500e-08	3.826608e-01	3.826582e-01	1.582010e-12	
395	1.852500e-08	3.826608e-01	3.826581e-01	1.581393e-12	
396	1.857500e-08	3.826608e-01	3.826582e-01	1.581939e-12	
397	1.862500e-08	3.826608e-01	3.826581e-01	1.581359e-12	
398	1.867500e-08	3.826608e-01	3.826582e-01	1.581870e-12	
399	1.872500e-08	3.826608e-01	3.826581e-01	1.581325e-12	
400	1.877500e-08	3.826608e-01	3.826582e-01	1.581801e-12	
401	1.882500e-08	3.826608e-01	3.826581e-01	1.581289e-12	
402	1.887500e-08	3.826608e-01	3.826582e-01	1.581734e-12	

Index   time            v(cell)         v(bl)           vpre#branch     
--------------------------------------------------------------------------------
403	1.892500e-08	3.826608e-01	3.826581e-01	1.581252e-12	
404	1.897500e-08	3.826608e-01	3.826582e-01	1.581668e-12	
405	1.902500e-08	3.826608e-01	3.826581e-01	1.581215e-12	
406	1.907500e-08	3.826608e-01	3.826582e-01	1.581602e-12	
407	1.912500e-08	3.826608e-01	3.826581e-01	1.581176e-12	
408	1.917500e-08	3.826608e-01	3.826582e-01	1.581537e-12	
409	1.922500e-08	3.826608e-01	3.826581e-01	1.581137e-12	
410	1.927500e-08	3.826608e-01	3.826581e-01	1.581474e-12	
411	1.932500e-08	3.826608e-01	3.826581e-01	1.581096e-12	
412	1.937500e-08	3.826608e-01	3.826581e-01	1.581411e-12	
413	1.942500e-08	3.826608e-01	3.826581e-01	1.581056e-12	
414	1.947500e-08	3.826608e-01	3.826581e-01	1.581348e-12	
415	1.952500e-08	3.826608e-01	3.826581e-01	1.581014e-12	
416	1.957500e-08	3.826608e-01	3.826581e-01	1.581287e-12	
417	1.962500e-08	3.826608e-01	3.826581e-01	1.580972e-12	
418	1.967500e-08	3.826608e-01	3.826581e-01	1.581226e-12	
419	1.972500e-08	3.826608e-01	3.826581e-01	1.580929e-12	
420	1.977500e-08	3.826608e-01	3.826581e-01	1.581165e-12	
421	1.982500e-08	3.826608e-01	3.826581e-01	1.580885e-12	
422	1.987500e-08	3.826608e-01	3.826581e-01	1.581105e-12	
423	1.992500e-08	3.826608e-01	3.826581e-01	1.580842e-12	
424	1.997500e-08	3.826608e-01	3.826581e-01	1.581046e-12	
425	2.002500e-08	3.826607e-01	3.826581e-01	1.580797e-12	
426	2.007500e-08	3.826607e-01	3.826581e-01	1.580987e-12	
427	2.012500e-08	3.826607e-01	3.826581e-01	1.580752e-12	
428	2.017500e-08	3.826607e-01	3.826581e-01	1.580928e-12	
429	2.022500e-08	3.826607e-01	3.826581e-01	1.580707e-12	
430	2.027500e-08	3.826607e-01	3.826581e-01	1.580870e-12	
431	2.032500e-08	3.826607e-01	3.826581e-01	1.580661e-12	
432	2.037500e-08	3.826607e-01	3.826581e-01	1.580813e-12	
433	2.042500e-08	3.826607e-01	3.826581e-01	1.580615e-12	
434	2.047500e-08	3.826607e-01	3.826581e-01	1.580755e-12	
435	2.052500e-08	3.826607e-01	3.826581e-01	1.580569e-12	
436	2.057500e-08	3.826607e-01	3.826581e-01	1.580699e-12	
437	2.062500e-08	3.826607e-01	3.826581e-01	1.580522e-12	
438	2.067500e-08	3.826607e-01	3.826581e-01	1.580642e-12	
439	2.072500e-08	3.826607e-01	3.826580e-01	1.580475e-12	
440	2.077500e-08	3.826607e-01	3.826581e-01	1.580586e-12	
441	2.082500e-08	3.826607e-01	3.826580e-01	1.580427e-12	
442	2.087500e-08	3.826607e-01	3.826581e-01	1.580530e-12	
443	2.092500e-08	3.826607e-01	3.826580e-01	1.580380e-12	
444	2.097500e-08	3.826607e-01	3.826580e-01	1.580474e-12	
445	2.102500e-08	3.826607e-01	3.826580e-01	1.580332e-12	
446	2.107500e-08	3.826607e-01	3.826580e-01	1.580418e-12	
447	2.112500e-08	3.826607e-01	3.826580e-01	1.580284e-12	
448	2.117500e-08	3.826607e-01	3.826580e-01	1.580363e-12	
449	2.122500e-08	3.826607e-01	3.826580e-01	1.580235e-12	
450	2.127500e-08	3.826607e-01	3.826580e-01	1.580308e-12	
451	2.132500e-08	3.826607e-01	3.826580e-01	1.580187e-12	
452	2.137500e-08	3.826607e-01	3.826580e-01	1.580253e-12	
453	2.142500e-08	3.826607e-01	3.826580e-01	1.580138e-12	
454	2.147500e-08	3.826607e-01	3.826580e-01	1.580199e-12	
455	2.152500e-08	3.826607e-01	3.826580e-01	1.580089e-12	
456	2.157500e-08	3.826607e-01	3.826580e-01	1.580144e-12	
457	2.162500e-08	3.826607e-01	3.826580e-01	1.580040e-12	
458	2.167500e-08	3.826607e-01	3.826580e-01	1.580090e-12	
459	2.172500e-08	3.826607e-01	3.826580e-01	1.579990e-12	
460	2.177500e-08	3.826607e-01	3.826580e-01	1.580036e-12	

Index   time            v(cell)         v(bl)           vpre#branch     
--------------------------------------------------------------------------------
461	2.182500e-08	3.826607e-01	3.826580e-01	1.579941e-12	
462	2.187500e-08	3.826607e-01	3.826580e-01	1.579982e-12	
463	2.192500e-08	3.826606e-01	3.826580e-01	1.579891e-12	
464	2.196250e-08	3.826606e-01	3.826580e-01	1.579934e-12	
465	2.200000e-08	3.826606e-01	3.826580e-01	1.579855e-12	
466	2.200500e-08	3.826593e-01	3.792762e-01	-3.22383e-11	
467	2.201500e-08	3.826558e-01	3.744740e-01	-8.02596e-11	
468	2.203500e-08	3.826480e-01	3.686700e-01	-1.38300e-10	
469	2.207500e-08	3.826340e-01	3.585813e-01	-2.39187e-10	
470	2.212500e-08	3.826196e-01	3.431501e-01	-3.93499e-10	
471	2.217500e-08	3.826076e-01	3.237820e-01	-5.87180e-10	
472	2.222500e-08	3.825971e-01	3.020277e-01	-8.04723e-10	
473	2.227500e-08	3.825875e-01	2.791637e-01	-1.03336e-09	
474	2.232500e-08	3.825785e-01	2.560360e-01	-1.26464e-09	
475	2.237500e-08	3.825699e-01	2.332089e-01	-1.49291e-09	
476	2.242500e-08	3.825616e-01	2.110663e-01	-1.71434e-09	
477	2.247500e-08	3.825536e-01	1.898694e-01	-1.92631e-09	
478	2.252500e-08	3.825456e-01	1.697878e-01	-2.12712e-09	
479	2.257500e-08	3.825379e-01	1.508245e-01	-2.31676e-09	
480	2.262500e-08	3.825302e-01	1.330558e-01	-2.49444e-09	
481	2.267500e-08	3.825225e-01	1.165992e-01	-2.65901e-09	
482	2.272500e-08	3.825149e-01	1.014021e-01	-2.81098e-09	
483	2.277500e-08	3.825073e-01	8.739539e-02	-2.95105e-09	
484	2.282500e-08	3.824997e-01	7.450113e-02	-3.07999e-09	
485	2.287500e-08	3.824921e-01	6.263883e-02	-3.19861e-09	
486	2.292500e-08	3.824845e-01	5.172972e-02	-3.30770e-09	
487	2.296250e-08	3.824788e-01	4.413070e-02	-3.38369e-09	
488	2.300000e-08	3.824731e-01	3.699596e-02	-3.45504e-09	
489	2.300500e-08	3.824731e-01	3.987374e-02	-3.42626e-09	
490	2.301500e-08	3.824731e-01	4.558131e-02	-3.36919e-09	
491	2.303500e-08	3.824731e-01	5.671339e-02	-3.25787e-09	
492	2.307500e-08	3.824731e-01	7.789155e-02	-3.04608e-09	
493	2.312500e-08	3.824731e-01	1.024434e-01	-2.80057e-09	
494	2.317500e-08	3.824731e-01	1.250162e-01	-2.57484e-09	
495	2.322500e-08	3.824731e-01	1.457696e-01	-2.36730e-09	
496	2.327500e-08	3.824731e-01	1.648503e-01	-2.17650e-09	
497	2.332500e-08	3.824731e-01	1.823930e-01	-2.00107e-09	
498	2.337500e-08	3.824731e-01	1.985217e-01	-1.83978e-09	
499	2.342500e-08	3.824731e-01	2.133505e-01	-1.69150e-09	
500	2.347500e-08	3.824731e-01	2.269840e-01	-1.55516e-09	
501	2.352500e-08	3.824731e-01	2.395187e-01	-1.42981e-09	
502	2.357500e-08	3.824731e-01	2.510431e-01	-1.31457e-09	
503	2.362500e-08	3.824731e-01	2.616386e-01	-1.20861e-09	
504	2.367500e-08	3.824731e-01	2.713801e-01	-1.11120e-09	
505	2.372500e-08	3.824731e-01	2.803364e-01	-1.02164e-09	
506	2.377500e-08	3.824731e-01	2.885708e-01	-9.39292e-10	
507	2.382500e-08	3.824731e-01	2.961416e-01	-8.63584e-10	
508	2.387500e-08	3.824731e-01	3.031021e-01	-7.93979e-10	
509	2.392500e-08	3.824731e-01	3.095016e-01	-7.29984e-10	
510	2.397500e-08	3.824731e-01	3.153853e-01	-6.71147e-10	
511	2.402500e-08	3.824731e-01	3.207948e-01	-6.17052e-10	
512	2.407500e-08	3.824731e-01	3.257683e-01	-5.67317e-10	
513	2.412500e-08	3.824731e-01	3.303409e-01	-5.21591e-10	
514	2.417500e-08	3.824731e-01	3.345449e-01	-4.79551e-10	
515	2.422500e-08	3.824731e-01	3.384101e-01	-4.40899e-10	
516	2.427500e-08	3.824731e-01	3.419638e-01	-4.05362e-10	
517	2.432500e-08	3.824731e-01	3.452310e-01	-3.72690e-10	
518	2.437500e-08	3.824731e-01	3.482349e-01	-3.42651e-10	

Index   time            v(cell)         v(bl)           vpre#branch     
--------------------------------------------------------------------------------
519	2.442500e-08	3.824731e-01	3.509967e-01	-3.15033e-10	
520	2.447500e-08	3.824731e-01	3.535359e-01	-2.89641e-10	
521	2.452500e-08	3.824731e-01	3.558704e-01	-2.66296e-10	
522	2.457500e-08	3.824731e-01	3.580168e-01	-2.44832e-10	
523	2.462500e-08	3.824731e-01	3.599901e-01	-2.25099e-10	
524	2.467500e-08	3.824731e-01	3.618044e-01	-2.06956e-10	
525	2.472500e-08	3.824731e-01	3.634725e-01	-1.90275e-10	
526	2.477500e-08	3.824731e-01	3.650061e-01	-1.74939e-10	
527	2.482500e-08	3.824731e-01	3.664161e-01	-1.60839e-10	
528	2.487500e-08	3.824731e-01	3.677125e-01	-1.47875e-10	
529	2.492500e-08	3.824731e-01	3.689044e-01	-1.35956e-10	
530	2.497500e-08	3.824731e-01	3.700002e-01	-1.24998e-10	
531	2.502500e-08	3.824731e-01	3.710077e-01	-1.14923e-10	
532	2.507500e-08	3.824731e-01	3.719340e-01	-1.05660e-10	
533	2.512500e-08	3.824731e-01	3.727856e-01	-9.71440e-11	
534	2.517500e-08	3.824731e-01	3.735686e-01	-8.93141e-11	
535	2.522500e-08	3.824731e-01	3.742885e-01	-8.21154e-11	
536	2.527500e-08	3.824731e-01	3.749503e-01	-7.54968e-11	
537	2.532500e-08	3.824731e-01	3.755588e-01	-6.94117e-11	
538	2.537500e-08	3.824731e-01	3.761183e-01	-6.38171e-11	
539	2.542500e-08	3.824731e-01	3.766327e-01	-5.86734e-11	
540	2.547500e-08	3.824731e-01	3.771056e-01	-5.39443e-11	
541	2.552500e-08	3.824731e-01	3.775404e-01	-4.95964e-11	
542	2.557500e-08	3.824731e-01	3.779401e-01	-4.55989e-11	
543	2.562500e-08	3.824731e-01	3.783076e-01	-4.19236e-11	
544	2.567500e-08	3.824731e-01	3.786455e-01	-3.85445e-11	
545	2.572500e-08	3.824731e-01	3.789562e-01	-3.54378e-11	
546	2.577500e-08	3.824731e-01	3.792418e-01	-3.25815e-11	
547	2.582500e-08	3.824731e-01	3.795045e-01	-2.99554e-11	
548	2.587500e-08	3.824731e-01	3.797459e-01	-2.75410e-11	
549	2.592500e-08	3.824731e-01	3.799679e-01	-2.53212e-11	
550	2.597500e-08	3.824731e-01	3.801720e-01	-2.32803e-11	
551	2.602500e-08	3.824731e-01	3.803596e-01	-2.14039e-11	
552	2.607500e-08	3.824731e-01	3.805321e-01	-1.96787e-11	
553	2.612500e-08	3.824731e-01	3.806907e-01	-1.80926e-11	
554	2.617500e-08	3.824731e-01	3.808366e-01	-1.66343e-11	
555	2.622500e-08	3.824731e-01	3.809706e-01	-1.52936e-11	
556	2.627500e-08	3.824731e-01	3.810939e-01	-1.40609e-11	
557	2.632500e-08	3.824731e-01	3.812072e-01	-1.29276e-11	
558	2.637500e-08	3.824731e-01	3.813114e-01	-1.18856e-11	
559	2.642500e-08	3.824731e-01	3.814072e-01	-1.09277e-11	
560	2.647500e-08	3.824731e-01	3.814953e-01	-1.00469e-11	
561	2.652500e-08	3.824731e-01	3.815763e-01	-9.23710e-12	
562	2.657500e-08	3.824731e-01	3.816507e-01	-8.49258e-12	
563	2.662500e-08	3.824731e-01	3.817192e-01	-7.80808e-12	
564	2.667500e-08	3.824731e-01	3.817821e-01	-7.17874e-12	
565	2.672500e-08	3.824731e-01	3.818400e-01	-6.60013e-12	
566	2.677500e-08	3.824731e-01	3.818932e-01	-6.06816e-12	
567	2.682500e-08	3.824731e-01	3.819421e-01	-5.57906e-12	
568	2.687500e-08	3.824731e-01	3.819871e-01	-5.12939e-12	
569	2.692500e-08	3.824731e-01	3.820284e-01	-4.71596e-12	
570	2.697500e-08	3.824731e-01	3.820664e-01	-4.33585e-12	
571	2.702500e-08	3.824731e-01	3.821014e-01	-3.98638e-12	
572	2.707500e-08	3.824731e-01	3.821335e-01	-3.66507e-12	
573	2.712500e-08	3.824731e-01	3.821630e-01	-3.36967e-12	
574	2.717500e-08	3.824731e-01	3.821902e-01	-3.09807e-12	
575	2.722500e-08	3.824731e-01	3.822152e-01	-2.84836e-12	
576	2.727500e-08	3.824731e-01	3.822381e-01	-2.61878e-12	

Index   time            v(cell)         v(bl)           vpre#branch     
--------------------------------------------------------------------------------
577	2.732500e-08	3.824731e-01	3.822592e-01	-2.40771e-12	
578	2.737500e-08	3.824731e-01	3.822786e-01	-2.21365e-12	
579	2.742500e-08	3.824731e-01	3.822965e-01	-2.03523e-12	
580	2.747500e-08	3.824731e-01	3.823129e-01	-1.87119e-12	
581	2.752500e-08	3.824731e-01	3.823280e-01	-1.72037e-12	
582	2.757500e-08	3.824731e-01	3.823418e-01	-1.58170e-12	
583	2.762500e-08	3.824731e-01	3.823546e-01	-1.45422e-12	
584	2.767500e-08	3.824731e-01	3.823663e-01	-1.33701e-12	
585	2.772500e-08	3.824731e-01	3.823771e-01	-1.22924e-12	
586	2.777500e-08	3.824731e-01	3.823870e-01	-1.13017e-12	
587	2.782500e-08	3.824731e-01	3.823961e-01	-1.03907e-12	
588	2.787500e-08	3.824731e-01	3.824045e-01	-9.55325e-13	
589	2.792500e-08	3.824731e-01	3.824122e-01	-8.78325e-13	
590	2.797500e-08	3.824731e-01	3.824192e-01	-8.07532e-13	
591	2.802500e-08	3.824731e-01	3.824258e-01	-7.42444e-13	
592	2.807500e-08	3.824731e-01	3.824317e-01	-6.82603e-13	
593	2.812500e-08	3.824731e-01	3.824372e-01	-6.27585e-13	
594	2.817500e-08	3.824731e-01	3.824423e-01	-5.77001e-13	
595	2.822500e-08	3.824731e-01	3.824470e-01	-5.30495e-13	
596	2.827500e-08	3.824731e-01	3.824512e-01	-4.87736e-13	
597	2.832500e-08	3.824731e-01	3.824552e-01	-4.48425e-13	
598	2.837500e-08	3.824731e-01	3.824588e-01	-4.12281e-13	
599	2.842500e-08	3.824731e-01	3.824621e-01	-3.79051e-13	
600	2.847500e-08	3.824731e-01	3.824652e-01	-3.48500e-13	
601	2.852500e-08	3.824731e-01	3.824680e-01	-3.20410e-13	
602	2.857500e-08	3.824731e-01	3.824705e-01	-2.94585e-13	
603	2.862500e-08	3.824731e-01	3.824729e-01	-2.70841e-13	
604	2.867500e-08	3.824731e-01	3.824751e-01	-2.49012e-13	
605	2.872500e-08	3.824731e-01	3.824771e-01	-2.28941e-13	
606	2.877500e-08	3.824731e-01	3.824790e-01	-2.10488e-13	
607	2.882500e-08	3.824731e-01	3.824806e-01	-1.93523e-13	
608	2.887500e-08	3.824731e-01	3.824822e-01	-1.77925e-13	
609	2.892500e-08	3.824731e-01	3.824836e-01	-1.63584e-13	
610	2.897500e-08	3.824731e-01	3.824850e-01	-1.50399e-13	
611	2.902500e-08	3.824731e-01	3.824862e-01	-1.38277e-13	
612	2.907500e-08	3.824731e-01	3.824873e-01	-1.27132e-13	
613	2.912500e-08	3.824731e-01	3.824883e-01	-1.16885e-13	
614	2.917500e-08	3.824731e-01	3.824893e-01	-1.07464e-13	
615	2.922500e-08	3.824731e-01	3.824901e-01	-9.88022e-14	
616	2.927500e-08	3.824731e-01	3.824909e-01	-9.08387e-14	
617	2.932500e-08	3.824731e-01	3.824916e-01	-8.35171e-14	
618	2.937500e-08	3.824731e-01	3.824923e-01	-7.67856e-14	
619	2.942500e-08	3.824731e-01	3.824929e-01	-7.05966e-14	
620	2.947500e-08	3.824731e-01	3.824935e-01	-6.49065e-14	
621	2.952500e-08	3.824731e-01	3.824940e-01	-5.96750e-14	
622	2.957500e-08	3.824731e-01	3.824945e-01	-5.48652e-14	
623	2.962500e-08	3.824731e-01	3.824950e-01	-5.04431e-14	
624	2.967500e-08	3.824731e-01	3.824954e-01	-4.63773e-14	
625	2.972500e-08	3.824731e-01	3.824957e-01	-4.26393e-14	
626	2.977500e-08	3.824731e-01	3.824961e-01	-3.92026e-14	
627	2.982500e-08	3.824731e-01	3.824964e-01	-3.60428e-14	
628	2.987500e-08	3.824731e-01	3.824967e-01	-3.31378e-14	
629	2.992500e-08	3.824731e-01	3.824970e-01	-3.04669e-14	
630	2.997500e-08	3.824731e-01	3.824972e-01	-2.80112e-14	
631	3.002500e-08	3.824731e-01	3.824974e-01	-2.57535e-14	
632	3.007500e-08	3.824731e-01	3.824976e-01	-2.36778e-14	
633	3.012500e-08	3.824731e-01	3.824978e-01	-2.17693e-14	
634	3.017500e-08	3.824731e-01	3.824980e-01	-2.00147e-14	

Index   time            v(cell)         v(bl)           vpre#branch     
--------------------------------------------------------------------------------
635	3.022500e-08	3.824731e-01	3.824982e-01	-1.84015e-14	
636	3.027500e-08	3.824731e-01	3.824983e-01	-1.69184e-14	
637	3.032500e-08	3.824731e-01	3.824984e-01	-1.55548e-14	
638	3.037500e-08	3.824731e-01	3.824986e-01	-1.43010e-14	
639	3.042500e-08	3.824731e-01	3.824987e-01	-1.31484e-14	
640	3.047500e-08	3.824731e-01	3.824988e-01	-1.20886e-14	
641	3.052500e-08	3.824731e-01	3.824989e-01	-1.11143e-14	
642	3.057500e-08	3.824731e-01	3.824990e-01	-1.02185e-14	
643	3.062500e-08	3.824731e-01	3.824991e-01	-9.39486e-15	
644	3.067500e-08	3.824731e-01	3.824991e-01	-8.63764e-15	
645	3.072500e-08	3.824731e-01	3.824992e-01	-7.94145e-15	
646	3.077500e-08	3.824731e-01	3.824993e-01	-7.30137e-15	
647	3.082500e-08	3.824731e-01	3.824993e-01	-6.71289e-15	
648	3.087500e-08	3.824731e-01	3.824994e-01	-6.17183e-15	
649	3.092500e-08	3.824731e-01	3.824994e-01	-5.67439e-15	
650	3.097500e-08	3.824731e-01	3.824995e-01	-5.21704e-15	
651	3.102500e-08	3.824731e-01	3.824995e-01	-4.79655e-15	
652	3.107500e-08	3.824731e-01	3.824996e-01	-4.40995e-15	
653	3.112500e-08	3.824731e-01	3.824996e-01	-4.05452e-15	
654	3.117500e-08	3.824731e-01	3.824996e-01	-3.72773e-15	
655	3.122500e-08	3.824731e-01	3.824997e-01	-3.42728e-15	
656	3.127500e-08	3.824731e-01	3.824997e-01	-3.15105e-15	
657	3.132500e-08	3.824731e-01	3.824997e-01	-2.89708e-15	
658	3.137500e-08	3.824731e-01	3.824997e-01	-2.66358e-15	
659	3.142500e-08	3.824731e-01	3.824998e-01	-2.44890e-15	
660	3.147500e-08	3.824731e-01	3.824998e-01	-2.25153e-15	
661	3.152500e-08	3.824731e-01	3.824998e-01	-2.07006e-15	
662	3.157500e-08	3.824731e-01	3.824998e-01	-1.90322e-15	
663	3.162500e-08	3.824731e-01	3.824998e-01	-1.74983e-15	
664	3.167500e-08	3.824731e-01	3.824998e-01	-1.60880e-15	
665	3.172500e-08	3.824731e-01	3.824999e-01	-1.47914e-15	
666	3.177500e-08	3.824731e-01	3.824999e-01	-1.35993e-15	
667	3.182500e-08	3.824731e-01	3.824999e-01	-1.25032e-15	
668	3.187500e-08	3.824731e-01	3.824999e-01	-1.14956e-15	
669	3.192500e-08	3.824731e-01	3.824999e-01	-1.05691e-15	
670	3.197500e-08	3.824731e-01	3.824999e-01	-9.71729e-16	
671	3.202500e-08	3.824731e-01	3.824999e-01	-8.93415e-16	
672	3.207500e-08	3.824731e-01	3.824999e-01	-8.21413e-16	
673	3.212500e-08	3.824731e-01	3.824999e-01	-7.55215e-16	
674	3.217500e-08	3.824731e-01	3.824999e-01	-6.94352e-16	
675	3.222500e-08	3.824731e-01	3.824999e-01	-6.38395e-16	
676	3.227500e-08	3.824731e-01	3.824999e-01	-5.86948e-16	
677	3.232500e-08	3.824731e-01	3.824999e-01	-5.39647e-16	
678	3.237500e-08	3.824731e-01	3.825000e-01	-4.96159e-16	
679	3.242500e-08	3.824731e-01	3.825000e-01	-4.56176e-16	
680	3.247500e-08	3.824731e-01	3.825000e-01	-4.19416e-16	
681	3.252500e-08	3.824731e-01	3.825000e-01	-3.85619e-16	
682	3.257500e-08	3.824731e-01	3.825000e-01	-3.54546e-16	
683	3.262500e-08	3.824731e-01	3.825000e-01	-3.25977e-16	
684	3.267500e-08	3.824731e-01	3.825000e-01	-2.99711e-16	
685	3.272500e-08	3.824731e-01	3.825000e-01	-2.75562e-16	
686	3.277500e-08	3.824731e-01	3.825000e-01	-2.53359e-16	
687	3.282500e-08	3.824731e-01	3.825000e-01	-2.32946e-16	
688	3.287500e-08	3.824731e-01	3.825000e-01	-2.14179e-16	
689	3.292500e-08	3.824731e-01	3.825000e-01	-1.96924e-16	
690	3.297500e-08	3.824731e-01	3.825000e-01	-1.81059e-16	
691	3.302500e-08	3.824731e-01	3.825000e-01	-1.66474e-16	
692	3.307500e-08	3.824731e-01	3.825000e-01	-1.53064e-16	

Index   time            v(cell)         v(bl)           vpre#branch     
--------------------------------------------------------------------------------
693	3.312500e-08	3.824731e-01	3.825000e-01	-1.40735e-16	
694	3.317500e-08	3.824731e-01	3.825000e-01	-1.29399e-16	
695	3.322500e-08	3.824731e-01	3.825000e-01	-1.18978e-16	
696	3.327500e-08	3.824731e-01	3.825000e-01	-1.09396e-16	
697	3.332500e-08	3.824731e-01	3.825000e-01	-1.00586e-16	
698	3.337500e-08	3.824731e-01	3.825000e-01	-9.24869e-17	
699	3.342500e-08	3.824731e-01	3.825000e-01	-8.50403e-17	
700	3.347500e-08	3.824731e-01	3.825000e-01	-7.81939e-17	
701	3.352500e-08	3.824731e-01	3.825000e-01	-7.18993e-17	
702	3.357500e-08	3.824731e-01	3.825000e-01	-6.61120e-17	
703	3.362500e-08	3.824731e-01	3.825000e-01	-6.07913e-17	
704	3.367500e-08	3.824731e-01	3.825000e-01	-5.58995e-17	
705	3.372500e-08	3.824731e-01	3.825000e-01	-5.14018e-17	
706	3.377500e-08	3.824731e-01	3.825000e-01	-4.72667e-17	
707	3.382500e-08	3.824731e-01	3.825000e-01	-4.34648e-17	
708	3.387500e-08	3.824731e-01	3.825000e-01	-3.99694e-17	
709	3.392500e-08	3.824731e-01	3.825000e-01	-3.67557e-17	
710	3.397500e-08	3.824731e-01	3.825000e-01	-3.38011e-17	
711	3.402500e-08	3.824731e-01	3.825000e-01	-3.10846e-17	
712	3.407500e-08	3.824731e-01	3.825000e-01	-2.85870e-17	
713	3.412500e-08	3.824731e-01	3.825000e-01	-2.62908e-17	
714	3.417500e-08	3.824731e-01	3.825000e-01	-2.41797e-17	
715	3.422500e-08	3.824731e-01	3.825000e-01	-2.22387e-17	
716	3.427500e-08	3.824731e-01	3.825000e-01	-2.04542e-17	
717	3.432500e-08	3.824731e-01	3.825000e-01	-1.88136e-17	
718	3.437500e-08	3.824731e-01	3.825000e-01	-1.73052e-17	
719	3.442500e-08	3.824731e-01	3.825000e-01	-1.59183e-17	
720	3.447500e-08	3.824731e-01	3.825000e-01	-1.46432e-17	
721	3.452500e-08	3.824731e-01	3.825000e-01	-1.34708e-17	
722	3.457500e-08	3.824731e-01	3.825000e-01	-1.23930e-17	
723	3.462500e-08	3.824731e-01	3.825000e-01	-1.14020e-17	
724	3.467500e-08	3.824731e-01	3.825000e-01	-1.04909e-17	
725	3.472500e-08	3.824731e-01	3.825000e-01	-9.65325e-18	
726	3.477500e-08	3.824731e-01	3.825000e-01	-8.88311e-18	
727	3.482500e-08	3.824731e-01	3.825000e-01	-8.17503e-18	
728	3.487500e-08	3.824731e-01	3.825000e-01	-7.52403e-18	
729	3.492500e-08	3.824731e-01	3.825000e-01	-6.92543e-18	
730	3.497500e-08	3.824731e-01	3.825000e-01	-6.37508e-18	
731	3.502500e-08	3.824731e-01	3.825000e-01	-5.86916e-18	
732	3.507500e-08	3.824731e-01	3.825000e-01	-5.40401e-18	
733	3.512500e-08	3.824731e-01	3.825000e-01	-4.97636e-18	
734	3.517500e-08	3.824731e-01	3.825000e-01	-4.58317e-18	
735	3.522500e-08	3.824731e-01	3.825000e-01	-4.22168e-18	
736	3.527500e-08	3.824731e-01	3.825000e-01	-3.88932e-18	
737	3.532500e-08	3.824731e-01	3.825000e-01	-3.58375e-18	
738	3.537500e-08	3.824731e-01	3.825000e-01	-3.30281e-18	
739	3.542500e-08	3.824731e-01	3.825000e-01	-3.04451e-18	
740	3.547500e-08	3.824731e-01	3.825000e-01	-2.80703e-18	
741	3.552500e-08	3.824731e-01	3.825000e-01	-2.58869e-18	
742	3.557500e-08	3.824731e-01	3.825000e-01	-2.38796e-18	
743	3.562500e-08	3.824731e-01	3.825000e-01	-2.20340e-18	
744	3.567500e-08	3.824731e-01	3.825000e-01	-2.03365e-18	
745	3.572500e-08	3.824731e-01	3.825000e-01	-1.87758e-18	
746	3.577500e-08	3.824731e-01	3.825000e-01	-1.73415e-18	
747	3.582500e-08	3.824731e-01	3.825000e-01	-1.60229e-18	
748	3.587500e-08	3.824731e-01	3.825000e-01	-1.48106e-18	
749	3.592500e-08	3.824731e-01	3.825000e-01	-1.36959e-18	
750	3.597500e-08	3.824731e-01	3.825000e-01	-1.26711e-18	

Index   time            v(cell)         v(bl)           vpre#branch     
--------------------------------------------------------------------------------
751	3.602500e-08	3.824731e-01	3.825000e-01	-1.17289e-18	
752	3.607500e-08	3.824731e-01	3.825000e-01	-1.08627e-18	
753	3.612500e-08	3.824731e-01	3.825000e-01	-1.00662e-18	
754	3.617500e-08	3.824731e-01	3.825000e-01	-9.33332e-19	
755	3.622500e-08	3.824731e-01	3.825000e-01	-8.65947e-19	
756	3.627500e-08	3.824731e-01	3.825000e-01	-8.04063e-19	
757	3.632500e-08	3.824731e-01	3.825000e-01	-7.47167e-19	
758	3.637500e-08	3.824731e-01	3.825000e-01	-6.94855e-19	
759	3.642500e-08	3.824731e-01	3.825000e-01	-6.46759e-19	
760	3.647500e-08	3.824731e-01	3.825000e-01	-6.02472e-19	
761	3.652500e-08	3.824731e-01	3.825000e-01	-5.61755e-19	
762	3.657500e-08	3.824731e-01	3.825000e-01	-5.24388e-19	
763	3.662500e-08	3.824731e-01	3.825000e-01	-4.90033e-19	
764	3.667500e-08	3.824731e-01	3.825000e-01	-4.58380e-19	
765	3.672500e-08	3.824731e-01	3.825000e-01	-4.29210e-19	
766	3.677500e-08	3.824731e-01	3.825000e-01	-4.02460e-19	
767	3.682500e-08	3.824731e-01	3.825000e-01	-3.77933e-19	
768	3.687500e-08	3.824731e-01	3.825000e-01	-3.55384e-19	
769	3.692500e-08	3.824731e-01	3.825000e-01	-3.34651e-19	
770	3.697500e-08	3.824731e-01	3.825000e-01	-3.15589e-19	
771	3.702500e-08	3.824731e-01	3.825000e-01	-2.97993e-19	
772	3.707500e-08	3.824731e-01	3.825000e-01	-2.81816e-19	
773	3.712500e-08	3.824731e-01	3.825000e-01	-2.67011e-19	
774	3.717500e-08	3.824731e-01	3.825000e-01	-2.53402e-19	
775	3.722500e-08	3.824731e-01	3.825000e-01	-2.40887e-19	
776	3.727500e-08	3.824731e-01	3.825000e-01	-2.29314e-19	
777	3.732500e-08	3.824731e-01	3.825000e-01	-2.18675e-19	
778	3.737500e-08	3.824731e-01	3.825000e-01	-2.08962e-19	
779	3.742500e-08	3.824731e-01	3.825000e-01	-2.00030e-19	
780	3.747500e-08	3.824731e-01	3.825000e-01	-1.91751e-19	
781	3.752500e-08	3.824731e-01	3.825000e-01	-1.84139e-19	
782	3.757500e-08	3.824731e-01	3.825000e-01	-1.77208e-19	
783	3.762500e-08	3.824731e-01	3.825000e-01	-1.70836e-19	
784	3.767500e-08	3.824731e-01	3.825000e-01	-1.64978e-19	
785	3.772500e-08	3.824731e-01	3.825000e-01	-1.59522e-19	
786	3.777500e-08	3.824731e-01	3.825000e-01	-1.54507e-19	
787	3.782500e-08	3.824731e-01	3.825000e-01	-1.49964e-19	
788	3.787500e-08	3.824731e-01	3.825000e-01	-1.45788e-19	
789	3.792500e-08	3.824731e-01	3.825000e-01	-1.41948e-19	
790	3.797500e-08	3.824731e-01	3.825000e-01	-1.38420e-19	
791	3.802500e-08	3.824731e-01	3.825000e-01	-1.35103e-19	
792	3.807500e-08	3.824731e-01	3.825000e-01	-1.32058e-19	
793	3.812500e-08	3.824731e-01	3.825000e-01	-1.29325e-19	
794	3.817500e-08	3.824731e-01	3.825000e-01	-1.26812e-19	
795	3.822500e-08	3.824731e-01	3.825000e-01	-1.24433e-19	
796	3.827500e-08	3.824731e-01	3.825000e-01	-1.22245e-19	
797	3.832500e-08	3.824731e-01	3.825000e-01	-1.20303e-19	
798	3.837500e-08	3.824731e-01	3.825000e-01	-1.18451e-19	
799	3.842500e-08	3.824731e-01	3.825000e-01	-1.16745e-19	
800	3.847500e-08	3.824731e-01	3.825000e-01	-1.15246e-19	
801	3.852500e-08	3.824731e-01	3.825000e-01	-1.13868e-19	
802	3.857500e-08	3.824731e-01	3.825000e-01	-1.12602e-19	
803	3.862500e-08	3.824731e-01	3.825000e-01	-1.11437e-19	
804	3.867500e-08	3.824731e-01	3.825000e-01	-1.10367e-19	
805	3.872500e-08	3.824731e-01	3.825000e-01	-1.09381e-19	
806	3.877500e-08	3.824731e-01	3.825000e-01	-1.08476e-19	
807	3.882500e-08	3.824731e-01	3.825000e-01	-1.07643e-19	
808	3.887500e-08	3.824731e-01	3.825000e-01	-1.06878e-19	

Index   time            v(cell)         v(bl)           vpre#branch     
--------------------------------------------------------------------------------
809	3.892500e-08	3.824731e-01	3.825000e-01	-1.06174e-19	
810	3.897500e-08	3.824731e-01	3.825000e-01	-1.05528e-19	
811	3.902500e-08	3.824731e-01	3.825000e-01	-1.04864e-19	
812	3.907500e-08	3.824731e-01	3.825000e-01	-1.04256e-19	
813	3.912500e-08	3.824731e-01	3.825000e-01	-1.03766e-19	
814	3.917500e-08	3.824731e-01	3.825000e-01	-1.03316e-19	
815	3.922500e-08	3.824731e-01	3.825000e-01	-1.02899e-19	
816	3.927500e-08	3.824731e-01	3.825000e-01	-1.02518e-19	
817	3.932500e-08	3.824731e-01	3.825000e-01	-1.02168e-19	
818	3.937500e-08	3.824731e-01	3.825000e-01	-1.01847e-19	
819	3.942500e-08	3.824731e-01	3.825000e-01	-1.01546e-19	
820	3.947500e-08	3.824731e-01	3.825000e-01	-1.01274e-19	
821	3.952500e-08	3.824731e-01	3.825000e-01	-1.01022e-19	
822	3.957500e-08	3.824731e-01	3.825000e-01	-1.00792e-19	
823	3.962500e-08	3.824731e-01	3.825000e-01	-1.00577e-19	
824	3.967500e-08	3.824731e-01	3.825000e-01	-1.00383e-19	
825	3.972500e-08	3.824731e-01	3.825000e-01	-1.00200e-19	
826	3.977500e-08	3.824731e-01	3.825000e-01	-1.00034e-19	
827	3.982500e-08	3.824731e-01	3.825000e-01	-9.98812e-20	
828	3.987500e-08	3.824731e-01	3.825000e-01	-9.97423e-20	
829	3.992500e-08	3.824731e-01	3.825000e-01	-9.96132e-20	
830	3.996250e-08	3.824731e-01	3.825000e-01	-9.95065e-20	
831	4.000000e-08	3.824731e-01	3.825000e-01	-9.93957e-20	


Total analysis time (seconds) = 0.0595719

Total elapsed time (seconds) = 0.073 

Total DRAM available = 386307.215 MB.
DRAM currently available = 1999.945 MB.
Maximum ngspice program size =  529.719 MB.
Current ngspice program size =   14.141 MB.

Shared ngspice pages =   12.316 MB.
Text (code) pages =    6.266 MB.
Stack = 0 bytes.
Library pages =   59.137 MB.

