
Note: No compatibility mode selected!


Circuit: * id-vd sweep vgs=0.7650v

Doing analysis at TEMP = 125.000000 and TNOM = 27.000000

Using SPARSE 1.3 as Direct Linear Solver

No. of Data Rows : 101
                           * id-vd sweep vgs=0.7650v
                           DC transfer characteristic  Tue Jun 23 23:51:56  2026
--------------------------------------------------------------------------------
Index   v-sweep         vd#branch       v(d)            
--------------------------------------------------------------------------------
0	0.000000e+00	0.000000e+00	0.000000e+00	
1	7.650000e-03	-5.24639e-08	7.650000e-03	
2	1.530000e-02	-1.03700e-07	1.530000e-02	
3	2.295000e-02	-1.52480e-07	2.295000e-02	
4	3.060000e-02	-1.97410e-07	3.060000e-02	
5	3.825000e-02	-2.37113e-07	3.825000e-02	
6	4.590000e-02	-2.70306e-07	4.590000e-02	
7	5.355000e-02	-2.96480e-07	5.355000e-02	
8	6.120000e-02	-3.16459e-07	6.120000e-02	
9	6.885000e-02	-3.31778e-07	6.885000e-02	
10	7.650000e-02	-3.43841e-07	7.650000e-02	
11	8.415000e-02	-3.53653e-07	8.415000e-02	
12	9.180000e-02	-3.61870e-07	9.180000e-02	
13	9.945000e-02	-3.68919e-07	9.945000e-02	
14	1.071000e-01	-3.75083e-07	1.071000e-01	
15	1.147500e-01	-3.80875e-07	1.147500e-01	
16	1.224000e-01	-3.85736e-07	1.224000e-01	
17	1.300500e-01	-3.90158e-07	1.300500e-01	
18	1.377000e-01	-3.94215e-07	1.377000e-01	
19	1.453500e-01	-3.97961e-07	1.453500e-01	
20	1.530000e-01	-4.01439e-07	1.530000e-01	
21	1.606500e-01	-4.04685e-07	1.606500e-01	
22	1.683000e-01	-4.07728e-07	1.683000e-01	
23	1.759500e-01	-4.10591e-07	1.759500e-01	
24	1.836000e-01	-4.13293e-07	1.836000e-01	
25	1.912500e-01	-4.15852e-07	1.912500e-01	
26	1.989000e-01	-4.18282e-07	1.989000e-01	
27	2.065500e-01	-4.20595e-07	2.065500e-01	
28	2.142000e-01	-4.22801e-07	2.142000e-01	
29	2.218500e-01	-4.24911e-07	2.218500e-01	
30	2.295000e-01	-4.26931e-07	2.295000e-01	
31	2.371500e-01	-4.28869e-07	2.371500e-01	
32	2.448000e-01	-4.30731e-07	2.448000e-01	
33	2.524500e-01	-4.32524e-07	2.524500e-01	
34	2.601000e-01	-4.34251e-07	2.601000e-01	
35	2.677500e-01	-4.35918e-07	2.677500e-01	
36	2.754000e-01	-4.37528e-07	2.754000e-01	
37	2.830500e-01	-4.39085e-07	2.830500e-01	
38	2.907000e-01	-4.40593e-07	2.907000e-01	
39	2.983500e-01	-4.42054e-07	2.983500e-01	
40	3.060000e-01	-4.43471e-07	3.060000e-01	
41	3.136500e-01	-4.44847e-07	3.136500e-01	
42	3.213000e-01	-4.46184e-07	3.213000e-01	
43	3.289500e-01	-4.47484e-07	3.289500e-01	
44	3.366000e-01	-4.48750e-07	3.366000e-01	
45	3.442500e-01	-4.49982e-07	3.442500e-01	
46	3.519000e-01	-4.51182e-07	3.519000e-01	
47	3.595500e-01	-4.52353e-07	3.595500e-01	
48	3.672000e-01	-4.53495e-07	3.672000e-01	
49	3.748500e-01	-4.54610e-07	3.748500e-01	
50	3.825000e-01	-4.55700e-07	3.825000e-01	
51	3.901500e-01	-4.56764e-07	3.901500e-01	
52	3.978000e-01	-4.57805e-07	3.978000e-01	
53	4.054500e-01	-4.58823e-07	4.054500e-01	
54	4.131000e-01	-4.59820e-07	4.131000e-01	

Index   v-sweep         vd#branch       v(d)            
--------------------------------------------------------------------------------
55	4.207500e-01	-4.60795e-07	4.207500e-01	
56	4.284000e-01	-4.61751e-07	4.284000e-01	
57	4.360500e-01	-4.62688e-07	4.360500e-01	
58	4.437000e-01	-4.63606e-07	4.437000e-01	
59	4.513500e-01	-4.64506e-07	4.513500e-01	
60	4.590000e-01	-4.65390e-07	4.590000e-01	
61	4.666500e-01	-4.66256e-07	4.666500e-01	
62	4.743000e-01	-4.67108e-07	4.743000e-01	
63	4.819500e-01	-4.67943e-07	4.819500e-01	
64	4.896000e-01	-4.68764e-07	4.896000e-01	
65	4.972500e-01	-4.69571e-07	4.972500e-01	
66	5.049000e-01	-4.70364e-07	5.049000e-01	
67	5.125500e-01	-4.71144e-07	5.125500e-01	
68	5.202000e-01	-4.71911e-07	5.202000e-01	
69	5.278500e-01	-4.72665e-07	5.278500e-01	
70	5.355000e-01	-4.73408e-07	5.355000e-01	
71	5.431500e-01	-4.74138e-07	5.431500e-01	
72	5.508000e-01	-4.74858e-07	5.508000e-01	
73	5.584500e-01	-4.75566e-07	5.584500e-01	
74	5.661000e-01	-4.76264e-07	5.661000e-01	
75	5.737500e-01	-4.76951e-07	5.737500e-01	
76	5.814000e-01	-4.77628e-07	5.814000e-01	
77	5.890500e-01	-4.78296e-07	5.890500e-01	
78	5.967000e-01	-4.78954e-07	5.967000e-01	
79	6.043500e-01	-4.79602e-07	6.043500e-01	
80	6.120000e-01	-4.80242e-07	6.120000e-01	
81	6.196500e-01	-4.80873e-07	6.196500e-01	
82	6.273000e-01	-4.81496e-07	6.273000e-01	
83	6.349500e-01	-4.82110e-07	6.349500e-01	
84	6.426000e-01	-4.82716e-07	6.426000e-01	
85	6.502500e-01	-4.83315e-07	6.502500e-01	
86	6.579000e-01	-4.83905e-07	6.579000e-01	
87	6.655500e-01	-4.84489e-07	6.655500e-01	
88	6.732000e-01	-4.85065e-07	6.732000e-01	
89	6.808500e-01	-4.85633e-07	6.808500e-01	
90	6.885000e-01	-4.86195e-07	6.885000e-01	
91	6.961500e-01	-4.86750e-07	6.961500e-01	
92	7.038000e-01	-4.87299e-07	7.038000e-01	
93	7.114500e-01	-4.87841e-07	7.114500e-01	
94	7.191000e-01	-4.88377e-07	7.191000e-01	
95	7.267500e-01	-4.88906e-07	7.267500e-01	
96	7.344000e-01	-4.89430e-07	7.344000e-01	
97	7.420500e-01	-4.89948e-07	7.420500e-01	
98	7.497000e-01	-4.90460e-07	7.497000e-01	
99	7.573500e-01	-4.90966e-07	7.573500e-01	
100	7.650000e-01	-4.91467e-07	7.650000e-01	


Total analysis time (seconds) = 0.00803318

Total elapsed time (seconds) = 0.015 

Total DRAM available = 386307.215 MB.
DRAM currently available = 2007.004 MB.
Maximum ngspice program size =  529.727 MB.
Current ngspice program size =   13.984 MB.

Shared ngspice pages =   12.211 MB.
Text (code) pages =    6.266 MB.
Stack = 0 bytes.
Library pages =   59.145 MB.

