
Note: No compatibility mode selected!


Circuit: * mini-array n=8 layout

Doing analysis at TEMP = 125.000000 and TNOM = 27.000000

Using SPARSE 1.3 as Direct Linear Solver

Initial Transient Solution
--------------------------

Node                                   Voltage
----                                   -------
pre                                     0.3825
bl0                                     0.3825
s                                            0
b                                            0
bltap0                                  0.3825
wl0                                          0
bl1                                     0.3825
bltap1                                  0.3825
wl1                                          0
bl2                                     0.3825
bltap2                                  0.3825
wl2                                          0
bl3                                     0.3825
bltap3                                  0.3825
wl3                                          0
bl4                                     0.3825
bltap4                                  0.3825
wl4                                          0
bl5                                     0.3825
bltap5                                  0.3825
wl5                                          0
bl6                                     0.3825
bltap6                                  0.3825
wl6                                          0
bl7                                     0.3825
bltap7                                  0.3825
wl7                                          0
plate0                                       0
cell0                                        0
plate1                                  0.3825
cell1                                   0.3825
plate2                                  0.3825
cell2                                   0.3825
plate3                                  0.3825
cell3                                   0.3825
plate4                                  0.3825
cell4                                   0.3825
plate5                                  0.3825
cell5                                   0.3825
plate6                                  0.3825
cell6                                   0.3825
plate7                                  0.3825
cell7                                   0.3825
vplate7#branch                               0
vwl7#branch                                  0
vplate6#branch                               0
vwl6#branch                                  0
vplate5#branch                               0
vwl5#branch                                  0
vplate4#branch                               0
vwl4#branch                                  0
vplate3#branch                               0
vwl3#branch                                  0
vplate2#branch                               0
vwl2#branch                                  0
vplate1#branch                               0
vwl1#branch                                  0
vplate0#branch                               0
vwl0#branch                                  0
vb#branch                                    0
vs#branch                                    0
vpre#branch                                  0


No. of Data Rows : 514

  Measurements for Transient Analysis

t_bl_settle         =  6.16617e-09
i_bl_leak           =  -2.16163e-10 from=  1.50000e-08 to=  2.50000e-08

                            * mini-array n=8 layout
                            Transient Analysis  Tue Jun 23 21:15:38  2026
--------------------------------------------------------------------------------
Index   time            v(bl0)          v(bl7)          vpre#branch     
--------------------------------------------------------------------------------
0	0.000000e+00	3.825000e-01	3.825000e-01	0.000000e+00	
1	5.000000e-13	3.825000e-01	3.825000e-01	-7.16760e-20	
2	1.000000e-12	3.825000e-01	3.825000e-01	-1.22935e-19	
3	2.000000e-12	3.825000e-01	3.825000e-01	-2.09378e-19	
4	4.000000e-12	3.825000e-01	3.825000e-01	-3.52788e-19	
5	8.000000e-12	3.825000e-01	3.825000e-01	-6.40071e-19	
6	1.600000e-11	3.825000e-01	3.825000e-01	-1.21401e-18	
7	3.200000e-11	3.825000e-01	3.825000e-01	-2.36252e-18	
8	6.400000e-11	3.825000e-01	3.825000e-01	-4.65903e-18	
9	1.140000e-10	3.825000e-01	3.825000e-01	-8.24780e-18	
10	1.640000e-10	3.825000e-01	3.825000e-01	-1.18358e-17	
11	2.140000e-10	3.825000e-01	3.825000e-01	-1.54243e-17	
12	2.640000e-10	3.825000e-01	3.825000e-01	-1.90123e-17	
13	3.140000e-10	3.825000e-01	3.825000e-01	-2.26007e-17	
14	3.640000e-10	3.825000e-01	3.825000e-01	-2.61887e-17	
15	4.140000e-10	3.825000e-01	3.825000e-01	-2.97771e-17	
16	4.640000e-10	3.825000e-01	3.825000e-01	-3.33651e-17	
17	5.140000e-10	3.825000e-01	3.825000e-01	-3.69534e-17	
18	5.640000e-10	3.825000e-01	3.825000e-01	-4.05414e-17	
19	6.140000e-10	3.825000e-01	3.825000e-01	-4.41297e-17	
20	6.640000e-10	3.825000e-01	3.825000e-01	-4.77176e-17	
21	7.140000e-10	3.825000e-01	3.825000e-01	-5.13059e-17	
22	7.640000e-10	3.825000e-01	3.825000e-01	-5.48939e-17	
23	8.140000e-10	3.825000e-01	3.825000e-01	-5.84821e-17	
24	8.640000e-10	3.825000e-01	3.825000e-01	-6.20700e-17	
25	9.140000e-10	3.825000e-01	3.825000e-01	-6.56583e-17	
26	9.570000e-10	3.825000e-01	3.825000e-01	-6.87443e-17	
27	1.000000e-09	3.825000e-01	3.825000e-01	-7.18311e-17	
28	1.005000e-09	3.825415e-01	3.825307e-01	4.152340e-13	
29	1.015000e-09	3.826136e-01	3.826008e-01	1.136101e-12	
30	1.035000e-09	3.827550e-01	3.827438e-01	2.549969e-12	
31	1.075000e-09	3.830402e-01	3.830275e-01	5.402196e-12	
32	1.125000e-09	3.833950e-01	3.833838e-01	8.950324e-12	
33	1.175000e-09	3.837513e-01	3.837386e-01	1.251297e-11	
34	1.225000e-09	3.841062e-01	3.840949e-01	1.606151e-11	
35	1.275000e-09	3.844623e-01	3.844497e-01	1.962325e-11	
36	1.325000e-09	3.848171e-01	3.848058e-01	2.317139e-11	
37	1.375000e-09	3.851730e-01	3.851605e-01	2.673032e-11	
38	1.425000e-09	3.855273e-01	3.855160e-01	3.027310e-11	
39	1.475000e-09	3.858817e-01	3.858693e-01	3.381729e-11	
40	1.525000e-09	3.862328e-01	3.862216e-01	3.732804e-11	
41	1.575000e-09	3.865806e-01	3.865685e-01	4.080624e-11	
42	1.625000e-09	3.869203e-01	3.869095e-01	4.420332e-11	
43	1.675000e-09	3.872510e-01	3.872396e-01	4.751037e-11	
44	1.725000e-09	3.875682e-01	3.875582e-01	5.068249e-11	
45	1.775000e-09	3.878718e-01	3.878614e-01	5.371773e-11	
46	1.825000e-09	3.881582e-01	3.881493e-01	5.658235e-11	
47	1.875000e-09	3.884281e-01	3.884190e-01	5.928134e-11	
48	1.925000e-09	3.886789e-01	3.886711e-01	6.178867e-11	
49	1.962500e-09	3.888551e-01	3.888471e-01	6.355112e-11	
50	2.000000e-09	3.890196e-01	3.890128e-01	6.519615e-11	
51	2.005000e-09	3.889991e-01	3.890030e-01	6.499104e-11	
52	2.015000e-09	3.889686e-01	3.889745e-01	6.468635e-11	
53	2.035000e-09	3.889104e-01	3.889146e-01	6.410397e-11	
54	2.075000e-09	3.887919e-01	3.887976e-01	6.291916e-11	

Index   time            v(bl0)          v(bl7)          vpre#branch     
--------------------------------------------------------------------------------
55	2.125000e-09	3.886460e-01	3.886502e-01	6.146035e-11	
56	2.175000e-09	3.884994e-01	3.885050e-01	5.999422e-11	
57	2.225000e-09	3.883548e-01	3.883590e-01	5.854795e-11	
58	2.275000e-09	3.882095e-01	3.882150e-01	5.709530e-11	
59	2.325000e-09	3.880661e-01	3.880704e-01	5.566146e-11	
60	2.375000e-09	3.879222e-01	3.879276e-01	5.422211e-11	
61	2.425000e-09	3.877801e-01	3.877843e-01	5.280058e-11	
62	2.475000e-09	3.876374e-01	3.876427e-01	5.137436e-11	
63	2.525000e-09	3.874965e-01	3.875007e-01	4.996504e-11	
64	2.575000e-09	3.873552e-01	3.873604e-01	4.855176e-11	
65	2.625000e-09	3.872155e-01	3.872197e-01	4.715454e-11	
66	2.675000e-09	3.870754e-01	3.870805e-01	4.575404e-11	
67	2.725000e-09	3.869369e-01	3.869411e-01	4.436880e-11	
68	2.775000e-09	3.867981e-01	3.868032e-01	4.298091e-11	
69	2.825000e-09	3.866608e-01	3.866650e-01	4.160755e-11	
70	2.875000e-09	3.865232e-01	3.865282e-01	4.023212e-11	
71	2.925000e-09	3.863871e-01	3.863913e-01	3.887051e-11	
72	2.975000e-09	3.862507e-01	3.862557e-01	3.750737e-11	
73	3.025000e-09	3.861157e-01	3.861199e-01	3.615742e-11	
74	3.075000e-09	3.859806e-01	3.859855e-01	3.480641e-11	
75	3.125000e-09	3.858468e-01	3.858510e-01	3.346800e-11	
76	3.175000e-09	3.857129e-01	3.857177e-01	3.212898e-11	
77	3.225000e-09	3.855802e-01	3.855844e-01	3.080200e-11	
78	3.275000e-09	3.854475e-01	3.854522e-01	2.947482e-11	
79	3.325000e-09	3.853159e-01	3.853201e-01	2.815915e-11	
80	3.375000e-09	3.851844e-01	3.851890e-01	2.684366e-11	
81	3.425000e-09	3.850539e-01	3.850581e-01	2.553921e-11	
82	3.475000e-09	3.849235e-01	3.849281e-01	2.423526e-11	
83	3.525000e-09	3.847942e-01	3.847983e-01	2.294190e-11	
84	3.575000e-09	3.846649e-01	3.846695e-01	2.164936e-11	
85	3.625000e-09	3.845367e-01	3.845408e-01	2.036700e-11	
86	3.675000e-09	3.844086e-01	3.844131e-01	1.908573e-11	
87	3.725000e-09	3.842814e-01	3.842855e-01	1.781424e-11	
88	3.775000e-09	3.841544e-01	3.841588e-01	1.654410e-11	
89	3.825000e-09	3.840283e-01	3.840324e-01	1.528339e-11	
90	3.875000e-09	3.839024e-01	3.839068e-01	1.402426e-11	
91	3.925000e-09	3.837774e-01	3.837815e-01	1.277420e-11	
92	3.975000e-09	3.836526e-01	3.836569e-01	1.152595e-11	
93	4.025000e-09	3.835286e-01	3.835327e-01	1.028645e-11	
94	4.075000e-09	3.834049e-01	3.834092e-01	9.048937e-12	
95	4.125000e-09	3.832820e-01	3.832860e-01	7.819888e-12	
96	4.175000e-09	3.831593e-01	3.831635e-01	6.592999e-12	
97	4.225000e-09	3.830374e-01	3.830414e-01	5.374292e-12	
98	4.275000e-09	3.829158e-01	3.829200e-01	4.157902e-12	
99	4.325000e-09	3.827949e-01	3.827989e-01	2.949433e-12	
100	4.375000e-09	3.826743e-01	3.826785e-01	1.743421e-12	
101	4.425000e-09	3.825545e-01	3.825584e-01	5.450857e-13	
102	4.475000e-09	3.824349e-01	3.824390e-01	-6.50667e-13	
103	4.525000e-09	3.823161e-01	3.823200e-01	-1.83897e-12	
104	4.575000e-09	3.821975e-01	3.822016e-01	-3.02458e-12	
105	4.625000e-09	3.820797e-01	3.820836e-01	-4.20296e-12	
106	4.675000e-09	3.819621e-01	3.819662e-01	-5.37854e-12	
107	4.725000e-09	3.818453e-01	3.818491e-01	-6.54710e-12	
108	4.775000e-09	3.817287e-01	3.817327e-01	-7.71276e-12	
109	4.825000e-09	3.816128e-01	3.816167e-01	-8.87159e-12	
110	4.875000e-09	3.814973e-01	3.815012e-01	-1.00275e-11	
111	4.925000e-09	3.813823e-01	3.813861e-01	-1.11767e-11	
112	4.975000e-09	3.812677e-01	3.812716e-01	-1.23228e-11	

Index   time            v(bl0)          v(bl7)          vpre#branch     
--------------------------------------------------------------------------------
113	5.025000e-09	3.811537e-01	3.811575e-01	-1.34625e-11	
114	5.075000e-09	3.810401e-01	3.810440e-01	-1.45991e-11	
115	5.125000e-09	3.809271e-01	3.809308e-01	-1.57293e-11	
116	5.175000e-09	3.808144e-01	3.808182e-01	-1.68564e-11	
117	5.225000e-09	3.807023e-01	3.807060e-01	-1.79774e-11	
118	5.275000e-09	3.805905e-01	3.805943e-01	-1.90951e-11	
119	5.325000e-09	3.804793e-01	3.804830e-01	-2.02068e-11	
120	5.375000e-09	3.803685e-01	3.803722e-01	-2.13152e-11	
121	5.425000e-09	3.802582e-01	3.802619e-01	-2.24178e-11	
122	5.475000e-09	3.801483e-01	3.801520e-01	-2.35171e-11	
123	5.525000e-09	3.800389e-01	3.800426e-01	-2.46106e-11	
124	5.575000e-09	3.799299e-01	3.799336e-01	-2.57008e-11	
125	5.625000e-09	3.798215e-01	3.798251e-01	-2.67854e-11	
126	5.675000e-09	3.797133e-01	3.797170e-01	-2.78666e-11	
127	5.725000e-09	3.796058e-01	3.796093e-01	-2.89423e-11	
128	5.775000e-09	3.794985e-01	3.795022e-01	-3.00146e-11	
129	5.825000e-09	3.793918e-01	3.793954e-01	-3.10816e-11	
130	5.875000e-09	3.792855e-01	3.792891e-01	-3.21452e-11	
131	5.925000e-09	3.791797e-01	3.791832e-01	-3.32034e-11	
132	5.975000e-09	3.790742e-01	3.790777e-01	-3.42583e-11	
133	6.025000e-09	3.789692e-01	3.789727e-01	-3.53080e-11	
134	6.075000e-09	3.788646e-01	3.788681e-01	-3.63543e-11	
135	6.125000e-09	3.787605e-01	3.787639e-01	-3.73955e-11	
136	6.175000e-09	3.786567e-01	3.786602e-01	-3.84333e-11	
137	6.225000e-09	3.785534e-01	3.785568e-01	-3.94660e-11	
138	6.275000e-09	3.784505e-01	3.784539e-01	-4.04954e-11	
139	6.325000e-09	3.783480e-01	3.783514e-01	-4.15198e-11	
140	6.375000e-09	3.782459e-01	3.782494e-01	-4.25409e-11	
141	6.425000e-09	3.781443e-01	3.781477e-01	-4.35571e-11	
142	6.475000e-09	3.780430e-01	3.780464e-01	-4.45699e-11	
143	6.525000e-09	3.779422e-01	3.779456e-01	-4.55780e-11	
144	6.575000e-09	3.778417e-01	3.778451e-01	-4.65827e-11	
145	6.625000e-09	3.777417e-01	3.777451e-01	-4.75827e-11	
146	6.675000e-09	3.776421e-01	3.776454e-01	-4.85793e-11	
147	6.725000e-09	3.775429e-01	3.775462e-01	-4.95713e-11	
148	6.775000e-09	3.774440e-01	3.774473e-01	-5.05599e-11	
149	6.825000e-09	3.773456e-01	3.773489e-01	-5.15440e-11	
150	6.875000e-09	3.772475e-01	3.772508e-01	-5.25248e-11	
151	6.925000e-09	3.771499e-01	3.771532e-01	-5.35010e-11	
152	6.975000e-09	3.770526e-01	3.770559e-01	-5.44740e-11	
153	7.025000e-09	3.769557e-01	3.769590e-01	-5.54425e-11	
154	7.075000e-09	3.768592e-01	3.768625e-01	-5.64077e-11	
155	7.125000e-09	3.767631e-01	3.767664e-01	-5.73686e-11	
156	7.175000e-09	3.766674e-01	3.766706e-01	-5.83262e-11	
157	7.225000e-09	3.765721e-01	3.765752e-01	-5.92794e-11	
158	7.275000e-09	3.764771e-01	3.764803e-01	-6.02294e-11	
159	7.325000e-09	3.763825e-01	3.763856e-01	-6.11752e-11	
160	7.375000e-09	3.762882e-01	3.762914e-01	-6.21177e-11	
161	7.425000e-09	3.761944e-01	3.761975e-01	-6.30560e-11	
162	7.475000e-09	3.761009e-01	3.761040e-01	-6.39911e-11	
163	7.525000e-09	3.760078e-01	3.760109e-01	-6.49221e-11	
164	7.575000e-09	3.759150e-01	3.759181e-01	-6.58499e-11	
165	7.625000e-09	3.758226e-01	3.758257e-01	-6.67736e-11	
166	7.675000e-09	3.757306e-01	3.757337e-01	-6.76941e-11	
167	7.725000e-09	3.756389e-01	3.756420e-01	-6.86105e-11	
168	7.775000e-09	3.755476e-01	3.755507e-01	-6.95238e-11	
169	7.825000e-09	3.754567e-01	3.754597e-01	-7.04332e-11	
170	7.875000e-09	3.753661e-01	3.753691e-01	-7.13394e-11	

Index   time            v(bl0)          v(bl7)          vpre#branch     
--------------------------------------------------------------------------------
171	7.925000e-09	3.752758e-01	3.752789e-01	-7.22417e-11	
172	7.975000e-09	3.751859e-01	3.751889e-01	-7.31408e-11	
173	8.025000e-09	3.750964e-01	3.750994e-01	-7.40361e-11	
174	8.075000e-09	3.750072e-01	3.750102e-01	-7.49283e-11	
175	8.125000e-09	3.749183e-01	3.749213e-01	-7.58167e-11	
176	8.175000e-09	3.748298e-01	3.748328e-01	-7.67020e-11	
177	8.225000e-09	3.747416e-01	3.747446e-01	-7.75835e-11	
178	8.275000e-09	3.746538e-01	3.746568e-01	-7.84620e-11	
179	8.325000e-09	3.745663e-01	3.745693e-01	-7.93367e-11	
180	8.375000e-09	3.744792e-01	3.744821e-01	-8.02084e-11	
181	8.425000e-09	3.743924e-01	3.743953e-01	-8.10764e-11	
182	8.475000e-09	3.743059e-01	3.743088e-01	-8.19414e-11	
183	8.525000e-09	3.742197e-01	3.742226e-01	-8.28028e-11	
184	8.575000e-09	3.741339e-01	3.741368e-01	-8.36612e-11	
185	8.625000e-09	3.740484e-01	3.740513e-01	-8.45160e-11	
186	8.675000e-09	3.739632e-01	3.739661e-01	-8.53678e-11	
187	8.725000e-09	3.738784e-01	3.738812e-01	-8.62161e-11	
188	8.775000e-09	3.737939e-01	3.737967e-01	-8.70614e-11	
189	8.825000e-09	3.737097e-01	3.737125e-01	-8.79033e-11	
190	8.875000e-09	3.736258e-01	3.736286e-01	-8.87422e-11	
191	8.925000e-09	3.735422e-01	3.735450e-01	-8.95776e-11	
192	8.975000e-09	3.734590e-01	3.734618e-01	-9.04102e-11	
193	9.025000e-09	3.733761e-01	3.733789e-01	-9.12393e-11	
194	9.075000e-09	3.732934e-01	3.732962e-01	-9.20655e-11	
195	9.125000e-09	3.732112e-01	3.732139e-01	-9.28884e-11	
196	9.175000e-09	3.731292e-01	3.731319e-01	-9.37084e-11	
197	9.225000e-09	3.730475e-01	3.730502e-01	-9.45251e-11	
198	9.275000e-09	3.729661e-01	3.729688e-01	-9.53389e-11	
199	9.325000e-09	3.728851e-01	3.728878e-01	-9.61494e-11	
200	9.375000e-09	3.728043e-01	3.728070e-01	-9.69571e-11	
201	9.425000e-09	3.727238e-01	3.727265e-01	-9.77616e-11	
202	9.475000e-09	3.726437e-01	3.726464e-01	-9.85633e-11	
203	9.525000e-09	3.725638e-01	3.725665e-01	-9.93617e-11	
204	9.575000e-09	3.724843e-01	3.724869e-01	-1.00157e-10	
205	9.625000e-09	3.724050e-01	3.724077e-01	-1.00950e-10	
206	9.675000e-09	3.723260e-01	3.723287e-01	-1.01740e-10	
207	9.725000e-09	3.722474e-01	3.722500e-01	-1.02526e-10	
208	9.775000e-09	3.721690e-01	3.721716e-01	-1.03310e-10	
209	9.825000e-09	3.720909e-01	3.720935e-01	-1.04091e-10	
210	9.875000e-09	3.720131e-01	3.720157e-01	-1.04869e-10	
211	9.925000e-09	3.719356e-01	3.719382e-01	-1.05644e-10	
212	9.975000e-09	3.718584e-01	3.718610e-01	-1.06416e-10	
213	1.002500e-08	3.717815e-01	3.717840e-01	-1.07185e-10	
214	1.007500e-08	3.717048e-01	3.717074e-01	-1.07952e-10	
215	1.012500e-08	3.716285e-01	3.716310e-01	-1.08715e-10	
216	1.017500e-08	3.715524e-01	3.715549e-01	-1.09476e-10	
217	1.022500e-08	3.714766e-01	3.714791e-01	-1.10234e-10	
218	1.027500e-08	3.714010e-01	3.714036e-01	-1.10990e-10	
219	1.032500e-08	3.713258e-01	3.713283e-01	-1.11742e-10	
220	1.037500e-08	3.712508e-01	3.712533e-01	-1.12492e-10	
221	1.042500e-08	3.711761e-01	3.711786e-01	-1.13239e-10	
222	1.047500e-08	3.711017e-01	3.711042e-01	-1.13983e-10	
223	1.052500e-08	3.710276e-01	3.710300e-01	-1.14724e-10	
224	1.057500e-08	3.709537e-01	3.709561e-01	-1.15463e-10	
225	1.062500e-08	3.708801e-01	3.708825e-01	-1.16199e-10	
226	1.067500e-08	3.708067e-01	3.708092e-01	-1.16933e-10	
227	1.072500e-08	3.707336e-01	3.707361e-01	-1.17664e-10	
228	1.077500e-08	3.706608e-01	3.706633e-01	-1.18392e-10	

Index   time            v(bl0)          v(bl7)          vpre#branch     
--------------------------------------------------------------------------------
229	1.082500e-08	3.705883e-01	3.705907e-01	-1.19117e-10	
230	1.087500e-08	3.705160e-01	3.705184e-01	-1.19840e-10	
231	1.092500e-08	3.704440e-01	3.704464e-01	-1.20560e-10	
232	1.097500e-08	3.703722e-01	3.703746e-01	-1.21278e-10	
233	1.102500e-08	3.703007e-01	3.703031e-01	-1.21993e-10	
234	1.107500e-08	3.702295e-01	3.702319e-01	-1.22705e-10	
235	1.112500e-08	3.701585e-01	3.701609e-01	-1.23415e-10	
236	1.117500e-08	3.700878e-01	3.700901e-01	-1.24122e-10	
237	1.122500e-08	3.700173e-01	3.700197e-01	-1.24827e-10	
238	1.127500e-08	3.699471e-01	3.699494e-01	-1.25529e-10	
239	1.132500e-08	3.698771e-01	3.698794e-01	-1.26229e-10	
240	1.137500e-08	3.698074e-01	3.698097e-01	-1.26926e-10	
241	1.142500e-08	3.697379e-01	3.697402e-01	-1.27621e-10	
242	1.147500e-08	3.696687e-01	3.696710e-01	-1.28313e-10	
243	1.152500e-08	3.695997e-01	3.696020e-01	-1.29003e-10	
244	1.157500e-08	3.695310e-01	3.695333e-01	-1.29690e-10	
245	1.162500e-08	3.694625e-01	3.694648e-01	-1.30375e-10	
246	1.167500e-08	3.693943e-01	3.693965e-01	-1.31057e-10	
247	1.172500e-08	3.693263e-01	3.693285e-01	-1.31737e-10	
248	1.177500e-08	3.692585e-01	3.692608e-01	-1.32415e-10	
249	1.182500e-08	3.691910e-01	3.691933e-01	-1.33090e-10	
250	1.187500e-08	3.691237e-01	3.691260e-01	-1.33763e-10	
251	1.192500e-08	3.690567e-01	3.690589e-01	-1.34433e-10	
252	1.197500e-08	3.689899e-01	3.689921e-01	-1.35101e-10	
253	1.202500e-08	3.689233e-01	3.689255e-01	-1.35767e-10	
254	1.207500e-08	3.688570e-01	3.688592e-01	-1.36430e-10	
255	1.212500e-08	3.687909e-01	3.687931e-01	-1.37091e-10	
256	1.217500e-08	3.687250e-01	3.687272e-01	-1.37750e-10	
257	1.222500e-08	3.686594e-01	3.686616e-01	-1.38406e-10	
258	1.227500e-08	3.685940e-01	3.685962e-01	-1.39060e-10	
259	1.232500e-08	3.685288e-01	3.685310e-01	-1.39712e-10	
260	1.237500e-08	3.684638e-01	3.684660e-01	-1.40362e-10	
261	1.242500e-08	3.683991e-01	3.684013e-01	-1.41009e-10	
262	1.247500e-08	3.683346e-01	3.683368e-01	-1.41654e-10	
263	1.252500e-08	3.682704e-01	3.682725e-01	-1.42296e-10	
264	1.257500e-08	3.682063e-01	3.682085e-01	-1.42937e-10	
265	1.262500e-08	3.681425e-01	3.681446e-01	-1.43575e-10	
266	1.267500e-08	3.680789e-01	3.680810e-01	-1.44211e-10	
267	1.272500e-08	3.680155e-01	3.680176e-01	-1.44845e-10	
268	1.277500e-08	3.679523e-01	3.679545e-01	-1.45477e-10	
269	1.282500e-08	3.678894e-01	3.678915e-01	-1.46106e-10	
270	1.287500e-08	3.678267e-01	3.678288e-01	-1.46733e-10	
271	1.292500e-08	3.677642e-01	3.677663e-01	-1.47358e-10	
272	1.297500e-08	3.677019e-01	3.677040e-01	-1.47981e-10	
273	1.302500e-08	3.676398e-01	3.676419e-01	-1.48602e-10	
274	1.307500e-08	3.675779e-01	3.675800e-01	-1.49221e-10	
275	1.312500e-08	3.675163e-01	3.675183e-01	-1.49837e-10	
276	1.317500e-08	3.674548e-01	3.674569e-01	-1.50452e-10	
277	1.322500e-08	3.673936e-01	3.673957e-01	-1.51064e-10	
278	1.327500e-08	3.673326e-01	3.673346e-01	-1.51674e-10	
279	1.332500e-08	3.672718e-01	3.672738e-01	-1.52282e-10	
280	1.337500e-08	3.672112e-01	3.672132e-01	-1.52888e-10	
281	1.342500e-08	3.671508e-01	3.671528e-01	-1.53492e-10	
282	1.347500e-08	3.670906e-01	3.670926e-01	-1.54094e-10	
283	1.352500e-08	3.670306e-01	3.670326e-01	-1.54694e-10	
284	1.357500e-08	3.669708e-01	3.669728e-01	-1.55292e-10	
285	1.362500e-08	3.669112e-01	3.669132e-01	-1.55888e-10	
286	1.367500e-08	3.668519e-01	3.668539e-01	-1.56481e-10	

Index   time            v(bl0)          v(bl7)          vpre#branch     
--------------------------------------------------------------------------------
287	1.372500e-08	3.667927e-01	3.667947e-01	-1.57073e-10	
288	1.377500e-08	3.667337e-01	3.667357e-01	-1.57663e-10	
289	1.382500e-08	3.666749e-01	3.666769e-01	-1.58251e-10	
290	1.387500e-08	3.666164e-01	3.666183e-01	-1.58836e-10	
291	1.392500e-08	3.665580e-01	3.665599e-01	-1.59420e-10	
292	1.397500e-08	3.664998e-01	3.665017e-01	-1.60002e-10	
293	1.402500e-08	3.664418e-01	3.664438e-01	-1.60582e-10	
294	1.407500e-08	3.663840e-01	3.663860e-01	-1.61160e-10	
295	1.412500e-08	3.663264e-01	3.663284e-01	-1.61736e-10	
296	1.417500e-08	3.662690e-01	3.662709e-01	-1.62310e-10	
297	1.422500e-08	3.662118e-01	3.662137e-01	-1.62882e-10	
298	1.427500e-08	3.661548e-01	3.661567e-01	-1.63452e-10	
299	1.432500e-08	3.660979e-01	3.660999e-01	-1.64021e-10	
300	1.437500e-08	3.660413e-01	3.660432e-01	-1.64587e-10	
301	1.442500e-08	3.659849e-01	3.659867e-01	-1.65151e-10	
302	1.447500e-08	3.659286e-01	3.659305e-01	-1.65714e-10	
303	1.452500e-08	3.658725e-01	3.658744e-01	-1.66275e-10	
304	1.457500e-08	3.658166e-01	3.658185e-01	-1.66834e-10	
305	1.462500e-08	3.657609e-01	3.657628e-01	-1.67391e-10	
306	1.467500e-08	3.657054e-01	3.657072e-01	-1.67946e-10	
307	1.472500e-08	3.656500e-01	3.656519e-01	-1.68500e-10	
308	1.477500e-08	3.655949e-01	3.655967e-01	-1.69051e-10	
309	1.482500e-08	3.655399e-01	3.655418e-01	-1.69601e-10	
310	1.487500e-08	3.654851e-01	3.654870e-01	-1.70149e-10	
311	1.492500e-08	3.654305e-01	3.654324e-01	-1.70695e-10	
312	1.497500e-08	3.653761e-01	3.653779e-01	-1.71239e-10	
313	1.502500e-08	3.653218e-01	3.653237e-01	-1.71782e-10	
314	1.507500e-08	3.652678e-01	3.652696e-01	-1.72322e-10	
315	1.512500e-08	3.652139e-01	3.652157e-01	-1.72861e-10	
316	1.517500e-08	3.651601e-01	3.651619e-01	-1.73399e-10	
317	1.522500e-08	3.651066e-01	3.651084e-01	-1.73934e-10	
318	1.527500e-08	3.650532e-01	3.650550e-01	-1.74468e-10	
319	1.532500e-08	3.650000e-01	3.650018e-01	-1.75000e-10	
320	1.537500e-08	3.649470e-01	3.649488e-01	-1.75530e-10	
321	1.542500e-08	3.648942e-01	3.648959e-01	-1.76058e-10	
322	1.547500e-08	3.648415e-01	3.648432e-01	-1.76585e-10	
323	1.552500e-08	3.647890e-01	3.647907e-01	-1.77110e-10	
324	1.557500e-08	3.647366e-01	3.647384e-01	-1.77634e-10	
325	1.562500e-08	3.646845e-01	3.646862e-01	-1.78155e-10	
326	1.567500e-08	3.646325e-01	3.646342e-01	-1.78675e-10	
327	1.572500e-08	3.645806e-01	3.645824e-01	-1.79194e-10	
328	1.577500e-08	3.645290e-01	3.645307e-01	-1.79710e-10	
329	1.582500e-08	3.644775e-01	3.644792e-01	-1.80225e-10	
330	1.587500e-08	3.644261e-01	3.644279e-01	-1.80739e-10	
331	1.592500e-08	3.643750e-01	3.643767e-01	-1.81250e-10	
332	1.597500e-08	3.643240e-01	3.643257e-01	-1.81760e-10	
333	1.602500e-08	3.642731e-01	3.642748e-01	-1.82269e-10	
334	1.607500e-08	3.642225e-01	3.642242e-01	-1.82775e-10	
335	1.612500e-08	3.641719e-01	3.641736e-01	-1.83281e-10	
336	1.617500e-08	3.641216e-01	3.641233e-01	-1.83784e-10	
337	1.622500e-08	3.640714e-01	3.640731e-01	-1.84286e-10	
338	1.627500e-08	3.640214e-01	3.640230e-01	-1.84786e-10	
339	1.632500e-08	3.639715e-01	3.639732e-01	-1.85285e-10	
340	1.637500e-08	3.639218e-01	3.639235e-01	-1.85782e-10	
341	1.642500e-08	3.638722e-01	3.638739e-01	-1.86278e-10	
342	1.647500e-08	3.638228e-01	3.638245e-01	-1.86772e-10	
343	1.652500e-08	3.637736e-01	3.637753e-01	-1.87264e-10	
344	1.657500e-08	3.637245e-01	3.637262e-01	-1.87755e-10	

Index   time            v(bl0)          v(bl7)          vpre#branch     
--------------------------------------------------------------------------------
345	1.662500e-08	3.636756e-01	3.636772e-01	-1.88244e-10	
346	1.667500e-08	3.636268e-01	3.636284e-01	-1.88732e-10	
347	1.672500e-08	3.635782e-01	3.635798e-01	-1.89218e-10	
348	1.677500e-08	3.635297e-01	3.635313e-01	-1.89703e-10	
349	1.682500e-08	3.634814e-01	3.634830e-01	-1.90186e-10	
350	1.687500e-08	3.634332e-01	3.634349e-01	-1.90668e-10	
351	1.692500e-08	3.633852e-01	3.633868e-01	-1.91148e-10	
352	1.697500e-08	3.633374e-01	3.633390e-01	-1.91626e-10	
353	1.702500e-08	3.632897e-01	3.632913e-01	-1.92103e-10	
354	1.707500e-08	3.632421e-01	3.632437e-01	-1.92579e-10	
355	1.712500e-08	3.631947e-01	3.631963e-01	-1.93053e-10	
356	1.717500e-08	3.631474e-01	3.631490e-01	-1.93526e-10	
357	1.722500e-08	3.631003e-01	3.631019e-01	-1.93997e-10	
358	1.727500e-08	3.630533e-01	3.630549e-01	-1.94467e-10	
359	1.732500e-08	3.630065e-01	3.630081e-01	-1.94935e-10	
360	1.737500e-08	3.629598e-01	3.629614e-01	-1.95402e-10	
361	1.742500e-08	3.629133e-01	3.629149e-01	-1.95867e-10	
362	1.747500e-08	3.628669e-01	3.628685e-01	-1.96331e-10	
363	1.752500e-08	3.628207e-01	3.628222e-01	-1.96793e-10	
364	1.757500e-08	3.627746e-01	3.627761e-01	-1.97254e-10	
365	1.762500e-08	3.627286e-01	3.627302e-01	-1.97714e-10	
366	1.767500e-08	3.626828e-01	3.626843e-01	-1.98172e-10	
367	1.772500e-08	3.626371e-01	3.626386e-01	-1.98629e-10	
368	1.777500e-08	3.625916e-01	3.625931e-01	-1.99084e-10	
369	1.782500e-08	3.625462e-01	3.625477e-01	-1.99538e-10	
370	1.787500e-08	3.625009e-01	3.625024e-01	-1.99991e-10	
371	1.792500e-08	3.624558e-01	3.624573e-01	-2.00442e-10	
372	1.797500e-08	3.624108e-01	3.624123e-01	-2.00892e-10	
373	1.802500e-08	3.623660e-01	3.623675e-01	-2.01340e-10	
374	1.807500e-08	3.623213e-01	3.623228e-01	-2.01787e-10	
375	1.812500e-08	3.622767e-01	3.622782e-01	-2.02233e-10	
376	1.817500e-08	3.622323e-01	3.622338e-01	-2.02677e-10	
377	1.822500e-08	3.621880e-01	3.621895e-01	-2.03120e-10	
378	1.827500e-08	3.621438e-01	3.621453e-01	-2.03562e-10	
379	1.832500e-08	3.620998e-01	3.621013e-01	-2.04002e-10	
380	1.837500e-08	3.620559e-01	3.620574e-01	-2.04441e-10	
381	1.842500e-08	3.620122e-01	3.620136e-01	-2.04878e-10	
382	1.847500e-08	3.619685e-01	3.619700e-01	-2.05315e-10	
383	1.852500e-08	3.619250e-01	3.619265e-01	-2.05750e-10	
384	1.857500e-08	3.618817e-01	3.618831e-01	-2.06183e-10	
385	1.862500e-08	3.618384e-01	3.618399e-01	-2.06616e-10	
386	1.867500e-08	3.617953e-01	3.617968e-01	-2.07047e-10	
387	1.872500e-08	3.617524e-01	3.617538e-01	-2.07476e-10	
388	1.877500e-08	3.617095e-01	3.617110e-01	-2.07905e-10	
389	1.882500e-08	3.616668e-01	3.616682e-01	-2.08332e-10	
390	1.887500e-08	3.616242e-01	3.616256e-01	-2.08758e-10	
391	1.892500e-08	3.615818e-01	3.615832e-01	-2.09182e-10	
392	1.897500e-08	3.615394e-01	3.615408e-01	-2.09606e-10	
393	1.902500e-08	3.614972e-01	3.614986e-01	-2.10028e-10	
394	1.907500e-08	3.614551e-01	3.614566e-01	-2.10449e-10	
395	1.912500e-08	3.614132e-01	3.614146e-01	-2.10868e-10	
396	1.917500e-08	3.613714e-01	3.613728e-01	-2.11286e-10	
397	1.922500e-08	3.613297e-01	3.613311e-01	-2.11703e-10	
398	1.927500e-08	3.612881e-01	3.612895e-01	-2.12119e-10	
399	1.932500e-08	3.612466e-01	3.612480e-01	-2.12534e-10	
400	1.937500e-08	3.612053e-01	3.612067e-01	-2.12947e-10	
401	1.942500e-08	3.611641e-01	3.611655e-01	-2.13359e-10	
402	1.947500e-08	3.611230e-01	3.611244e-01	-2.13770e-10	

Index   time            v(bl0)          v(bl7)          vpre#branch     
--------------------------------------------------------------------------------
403	1.952500e-08	3.610820e-01	3.610834e-01	-2.14180e-10	
404	1.957500e-08	3.610412e-01	3.610426e-01	-2.14588e-10	
405	1.962500e-08	3.610005e-01	3.610018e-01	-2.14995e-10	
406	1.967500e-08	3.609599e-01	3.609612e-01	-2.15401e-10	
407	1.972500e-08	3.609194e-01	3.609207e-01	-2.15806e-10	
408	1.977500e-08	3.608790e-01	3.608804e-01	-2.16210e-10	
409	1.982500e-08	3.608388e-01	3.608401e-01	-2.16612e-10	
410	1.987500e-08	3.607986e-01	3.608000e-01	-2.17014e-10	
411	1.992500e-08	3.607586e-01	3.607600e-01	-2.17414e-10	
412	1.997500e-08	3.607187e-01	3.607201e-01	-2.17813e-10	
413	2.002500e-08	3.606789e-01	3.606803e-01	-2.18211e-10	
414	2.007500e-08	3.606393e-01	3.606406e-01	-2.18607e-10	
415	2.012500e-08	3.605997e-01	3.606011e-01	-2.19003e-10	
416	2.017500e-08	3.605603e-01	3.605616e-01	-2.19397e-10	
417	2.022500e-08	3.605210e-01	3.605223e-01	-2.19790e-10	
418	2.027500e-08	3.604818e-01	3.604831e-01	-2.20182e-10	
419	2.032500e-08	3.604427e-01	3.604440e-01	-2.20573e-10	
420	2.037500e-08	3.604037e-01	3.604050e-01	-2.20963e-10	
421	2.042500e-08	3.603649e-01	3.603662e-01	-2.21351e-10	
422	2.047500e-08	3.603261e-01	3.603274e-01	-2.21739e-10	
423	2.052500e-08	3.602875e-01	3.602888e-01	-2.22125e-10	
424	2.057500e-08	3.602489e-01	3.602502e-01	-2.22511e-10	
425	2.062500e-08	3.602105e-01	3.602118e-01	-2.22895e-10	
426	2.067500e-08	3.601722e-01	3.601735e-01	-2.23278e-10	
427	2.072500e-08	3.601340e-01	3.601353e-01	-2.23660e-10	
428	2.077500e-08	3.600960e-01	3.600972e-01	-2.24040e-10	
429	2.082500e-08	3.600580e-01	3.600593e-01	-2.24420e-10	
430	2.087500e-08	3.600201e-01	3.600214e-01	-2.24799e-10	
431	2.092500e-08	3.599824e-01	3.599836e-01	-2.25176e-10	
432	2.097500e-08	3.599447e-01	3.599460e-01	-2.25553e-10	
433	2.102500e-08	3.599072e-01	3.599084e-01	-2.25928e-10	
434	2.107500e-08	3.598697e-01	3.598710e-01	-2.26303e-10	
435	2.112500e-08	3.598324e-01	3.598337e-01	-2.26676e-10	
436	2.117500e-08	3.597952e-01	3.597964e-01	-2.27048e-10	
437	2.122500e-08	3.597581e-01	3.597593e-01	-2.27419e-10	
438	2.127500e-08	3.597211e-01	3.597223e-01	-2.27789e-10	
439	2.132500e-08	3.596842e-01	3.596854e-01	-2.28158e-10	
440	2.137500e-08	3.596474e-01	3.596486e-01	-2.28526e-10	
441	2.142500e-08	3.596107e-01	3.596119e-01	-2.28893e-10	
442	2.147500e-08	3.595741e-01	3.595753e-01	-2.29259e-10	
443	2.152500e-08	3.595376e-01	3.595388e-01	-2.29624e-10	
444	2.157500e-08	3.595012e-01	3.595024e-01	-2.29988e-10	
445	2.162500e-08	3.594649e-01	3.594661e-01	-2.30351e-10	
446	2.167500e-08	3.594287e-01	3.594299e-01	-2.30713e-10	
447	2.172500e-08	3.593926e-01	3.593939e-01	-2.31074e-10	
448	2.177500e-08	3.593567e-01	3.593579e-01	-2.31433e-10	
449	2.182500e-08	3.593208e-01	3.593220e-01	-2.31792e-10	
450	2.187500e-08	3.592850e-01	3.592862e-01	-2.32150e-10	
451	2.192500e-08	3.592493e-01	3.592505e-01	-2.32507e-10	
452	2.197500e-08	3.592138e-01	3.592150e-01	-2.32862e-10	
453	2.202500e-08	3.591783e-01	3.591795e-01	-2.33217e-10	
454	2.207500e-08	3.591429e-01	3.591441e-01	-2.33571e-10	
455	2.212500e-08	3.591076e-01	3.591088e-01	-2.33924e-10	
456	2.217500e-08	3.590725e-01	3.590736e-01	-2.34275e-10	
457	2.222500e-08	3.590374e-01	3.590385e-01	-2.34626e-10	
458	2.227500e-08	3.590024e-01	3.590036e-01	-2.34976e-10	
459	2.232500e-08	3.589675e-01	3.589687e-01	-2.35325e-10	
460	2.237500e-08	3.589327e-01	3.589339e-01	-2.35673e-10	

Index   time            v(bl0)          v(bl7)          vpre#branch     
--------------------------------------------------------------------------------
461	2.242500e-08	3.588980e-01	3.588992e-01	-2.36020e-10	
462	2.247500e-08	3.588634e-01	3.588646e-01	-2.36366e-10	
463	2.252500e-08	3.588289e-01	3.588301e-01	-2.36711e-10	
464	2.257500e-08	3.587945e-01	3.587957e-01	-2.37055e-10	
465	2.262500e-08	3.587602e-01	3.587613e-01	-2.37398e-10	
466	2.267500e-08	3.587260e-01	3.587271e-01	-2.37740e-10	
467	2.272500e-08	3.586918e-01	3.586930e-01	-2.38082e-10	
468	2.277500e-08	3.586578e-01	3.586589e-01	-2.38422e-10	
469	2.282500e-08	3.586239e-01	3.586250e-01	-2.38761e-10	
470	2.287500e-08	3.585900e-01	3.585912e-01	-2.39100e-10	
471	2.292500e-08	3.585563e-01	3.585574e-01	-2.39437e-10	
472	2.297500e-08	3.585226e-01	3.585237e-01	-2.39774e-10	
473	2.302500e-08	3.584890e-01	3.584902e-01	-2.40110e-10	
474	2.307500e-08	3.584556e-01	3.584567e-01	-2.40444e-10	
475	2.312500e-08	3.584222e-01	3.584233e-01	-2.40778e-10	
476	2.317500e-08	3.583889e-01	3.583900e-01	-2.41111e-10	
477	2.322500e-08	3.583557e-01	3.583568e-01	-2.41443e-10	
478	2.327500e-08	3.583226e-01	3.583237e-01	-2.41774e-10	
479	2.332500e-08	3.582895e-01	3.582907e-01	-2.42105e-10	
480	2.337500e-08	3.582566e-01	3.582577e-01	-2.42434e-10	
481	2.342500e-08	3.582238e-01	3.582249e-01	-2.42762e-10	
482	2.347500e-08	3.581910e-01	3.581921e-01	-2.43090e-10	
483	2.352500e-08	3.581583e-01	3.581594e-01	-2.43417e-10	
484	2.357500e-08	3.581258e-01	3.581269e-01	-2.43742e-10	
485	2.362500e-08	3.580933e-01	3.580944e-01	-2.44067e-10	
486	2.367500e-08	3.580609e-01	3.580620e-01	-2.44391e-10	
487	2.372500e-08	3.580286e-01	3.580296e-01	-2.44714e-10	
488	2.377500e-08	3.579963e-01	3.579974e-01	-2.45037e-10	
489	2.382500e-08	3.579642e-01	3.579653e-01	-2.45358e-10	
490	2.387500e-08	3.579321e-01	3.579332e-01	-2.45679e-10	
491	2.392500e-08	3.579002e-01	3.579012e-01	-2.45998e-10	
492	2.397500e-08	3.578683e-01	3.578693e-01	-2.46317e-10	
493	2.402500e-08	3.578365e-01	3.578375e-01	-2.46635e-10	
494	2.407500e-08	3.578047e-01	3.578058e-01	-2.46953e-10	
495	2.412500e-08	3.577731e-01	3.577742e-01	-2.47269e-10	
496	2.417500e-08	3.577416e-01	3.577426e-01	-2.47584e-10	
497	2.422500e-08	3.577101e-01	3.577112e-01	-2.47899e-10	
498	2.427500e-08	3.576787e-01	3.576798e-01	-2.48213e-10	
499	2.432500e-08	3.576474e-01	3.576485e-01	-2.48526e-10	
500	2.437500e-08	3.576162e-01	3.576173e-01	-2.48838e-10	
501	2.442500e-08	3.575851e-01	3.575861e-01	-2.49149e-10	
502	2.447500e-08	3.575540e-01	3.575551e-01	-2.49460e-10	
503	2.452500e-08	3.575231e-01	3.575241e-01	-2.49769e-10	
504	2.457500e-08	3.574922e-01	3.574932e-01	-2.50078e-10	
505	2.462500e-08	3.574614e-01	3.574624e-01	-2.50386e-10	
506	2.467500e-08	3.574307e-01	3.574317e-01	-2.50693e-10	
507	2.472500e-08	3.574000e-01	3.574011e-01	-2.51000e-10	
508	2.477500e-08	3.573695e-01	3.573705e-01	-2.51305e-10	
509	2.482500e-08	3.573390e-01	3.573400e-01	-2.51610e-10	
510	2.487500e-08	3.573086e-01	3.573096e-01	-2.51914e-10	
511	2.492500e-08	3.572783e-01	3.572793e-01	-2.52217e-10	
512	2.496250e-08	3.572556e-01	3.572566e-01	-2.52444e-10	
513	2.500000e-08	3.572329e-01	3.572340e-01	-2.52671e-10	


Total analysis time (seconds) = 0.0943503

Total elapsed time (seconds) = 0.105 

Total DRAM available = 386307.215 MB.
DRAM currently available = 12463.352 MB.
Maximum ngspice program size =  529.852 MB.
Current ngspice program size =   14.289 MB.

Shared ngspice pages =   12.312 MB.
Text (code) pages =    6.266 MB.
Stack = 0 bytes.
Library pages =   59.270 MB.

