
Note: No compatibility mode selected!


Circuit: * wl switching transient

Doing analysis at TEMP = 125.000000 and TNOM = 27.000000

Using SPARSE 1.3 as Direct Linear Solver

Initial Transient Solution
--------------------------

Node                                   Voltage
----                                   -------
b                                            0
d                                       0.3825
g                                            0
s                                            0
vg#branch                                    0
vd#branch                         -1.08556e-12
vs#branch                          1.08556e-12
vb#branch                                    0


No. of Data Rows : 217
                            * wl switching transient
                            Transient Analysis  Tue Jun 23 16:39:52  2026
--------------------------------------------------------------------------------
Index   time            v(g)            vg#branch       
--------------------------------------------------------------------------------
0	0.000000e+00	0.000000e+00	0.000000e+00	
1	1.000000e-12	0.000000e+00	5.311088e-22	
2	2.000000e-12	0.000000e+00	5.311087e-22	
3	4.000000e-12	0.000000e+00	5.311088e-22	
4	8.000000e-12	0.000000e+00	5.379607e-23	
5	1.600000e-11	0.000000e+00	4.504145e-22	
6	3.200000e-11	0.000000e+00	-1.45370e-22	
7	6.400000e-11	0.000000e+00	2.184827e-22	
8	1.280000e-10	0.000000e+00	-1.68691e-22	
9	2.280000e-10	0.000000e+00	1.710290e-22	
10	3.280000e-10	0.000000e+00	-1.73078e-22	
11	4.280000e-10	0.000000e+00	1.577941e-22	
12	5.280000e-10	0.000000e+00	-1.59843e-22	
13	6.280000e-10	0.000000e+00	1.577941e-22	
14	7.280000e-10	0.000000e+00	-1.59843e-22	
15	8.280000e-10	0.000000e+00	1.577941e-22	
16	9.140000e-10	0.000000e+00	-1.68628e-22	
17	1.000000e-09	0.000000e+00	1.953314e-22	
18	1.010000e-09	7.650000e-03	-8.85527e-09	
19	1.030000e-09	2.295000e-02	-9.34145e-09	
20	1.070000e-09	5.355000e-02	-8.87600e-09	
21	1.150000e-09	1.147500e-01	-9.34024e-09	
22	1.250000e-09	1.912500e-01	-8.94055e-09	
23	1.350000e-09	2.677500e-01	-9.73239e-09	
24	1.450000e-09	3.442500e-01	-1.14072e-08	
25	1.550000e-09	4.207500e-01	-2.03182e-08	
26	1.650000e-09	4.972500e-01	-3.20622e-08	
27	1.750000e-09	5.737500e-01	-3.85543e-08	
28	1.850000e-09	6.502500e-01	-4.33413e-08	
29	1.925000e-09	7.076250e-01	-4.49819e-08	
30	2.000000e-09	7.650000e-01	-4.72076e-08	
31	2.010000e-09	7.650000e-01	-6.94288e-09	
32	2.030000e-09	7.650000e-01	4.827564e-09	
33	2.070000e-09	7.650000e-01	-4.03246e-09	
34	2.150000e-09	7.650000e-01	3.686963e-09	
35	2.250000e-09	7.650000e-01	-3.43224e-09	
36	2.350000e-09	7.650000e-01	3.195435e-09	
37	2.450000e-09	7.650000e-01	-2.97516e-09	
38	2.550000e-09	7.650000e-01	2.770365e-09	
39	2.650000e-09	7.650000e-01	-2.57986e-09	
40	2.750000e-09	7.650000e-01	2.402736e-09	
41	2.850000e-09	7.650000e-01	-2.23797e-09	
42	2.950000e-09	7.650000e-01	2.084762e-09	
43	3.050000e-09	7.650000e-01	-1.94224e-09	
44	3.150000e-09	7.650000e-01	1.809712e-09	
45	3.250000e-09	7.650000e-01	-1.68642e-09	
46	3.350000e-09	7.650000e-01	1.571767e-09	
47	3.450000e-09	7.650000e-01	-1.46510e-09	
48	3.550000e-09	7.650000e-01	1.365899e-09	
49	3.650000e-09	7.650000e-01	-1.27361e-09	
50	3.750000e-09	7.650000e-01	1.187761e-09	
51	3.850000e-09	7.650000e-01	-1.10789e-09	
52	3.950000e-09	7.650000e-01	1.033596e-09	
53	4.050000e-09	7.650000e-01	-9.64469e-10	
54	4.150000e-09	7.650000e-01	9.001577e-10	

Index   time            v(g)            vg#branch       
--------------------------------------------------------------------------------
55	4.250000e-09	7.650000e-01	-8.40316e-10	
56	4.350000e-09	7.650000e-01	7.846383e-10	
57	4.450000e-09	7.650000e-01	-7.32825e-10	
58	4.550000e-09	7.650000e-01	6.846118e-10	
59	4.650000e-09	7.650000e-01	-6.39740e-10	
60	4.750000e-09	7.650000e-01	5.979811e-10	
61	4.850000e-09	7.650000e-01	-5.59112e-10	
62	4.950000e-09	7.650000e-01	5.229333e-10	
63	5.050000e-09	7.650000e-01	-4.89254e-10	
64	5.150000e-09	7.650000e-01	4.579017e-10	
65	5.250000e-09	7.650000e-01	-4.28711e-10	
66	5.350000e-09	7.650000e-01	4.015317e-10	
67	5.450000e-09	7.650000e-01	-3.76222e-10	
68	5.550000e-09	7.650000e-01	3.526526e-10	
69	5.650000e-09	7.650000e-01	-3.30700e-10	
70	5.750000e-09	7.650000e-01	3.102524e-10	
71	5.850000e-09	7.650000e-01	-2.91203e-10	
72	5.950000e-09	7.650000e-01	2.734561e-10	
73	6.050000e-09	7.650000e-01	-2.56919e-10	
74	6.150000e-09	7.650000e-01	2.415074e-10	
75	6.250000e-09	7.650000e-01	-2.27143e-10	
76	6.350000e-09	7.650000e-01	2.137527e-10	
77	6.450000e-09	7.650000e-01	-2.01268e-10	
78	6.550000e-09	7.650000e-01	1.896267e-10	
79	6.650000e-09	7.650000e-01	-1.78769e-10	
80	6.750000e-09	7.650000e-01	1.686408e-10	
81	6.850000e-09	7.650000e-01	-1.59191e-10	
82	6.950000e-09	7.650000e-01	1.503726e-10	
83	7.050000e-09	7.650000e-01	-1.42141e-10	
84	7.150000e-09	7.650000e-01	1.344569e-10	
85	7.250000e-09	7.650000e-01	-1.27281e-10	
86	7.350000e-09	7.650000e-01	1.205781e-10	
87	7.450000e-09	7.650000e-01	-1.14316e-10	
88	7.550000e-09	7.650000e-01	1.084630e-10	
89	7.650000e-09	7.650000e-01	-1.02992e-10	
90	7.750000e-09	7.650000e-01	9.787562e-11	
91	7.850000e-09	7.650000e-01	-9.30899e-11	
92	7.950000e-09	7.650000e-01	8.861188e-11	
93	8.050000e-09	7.650000e-01	-8.44202e-11	
94	8.150000e-09	7.650000e-01	8.049526e-11	
95	8.250000e-09	7.650000e-01	-7.68186e-11	
96	8.350000e-09	7.650000e-01	7.337312e-11	
97	8.450000e-09	7.650000e-01	-7.01430e-11	
98	8.550000e-09	7.650000e-01	6.711344e-11	
99	8.650000e-09	7.650000e-01	-6.42707e-11	
100	8.750000e-09	7.650000e-01	6.160205e-11	
101	8.850000e-09	7.650000e-01	-5.90956e-11	
102	8.950000e-09	7.650000e-01	5.674019e-11	
103	9.050000e-09	7.650000e-01	-5.45257e-11	
104	9.150000e-09	7.650000e-01	5.244240e-11	
105	9.250000e-09	7.650000e-01	-5.04815e-11	
106	9.350000e-09	7.650000e-01	4.863477e-11	
107	9.450000e-09	7.650000e-01	-4.68944e-11	
108	9.550000e-09	7.650000e-01	4.525333e-11	
109	9.650000e-09	7.650000e-01	-4.37048e-11	
110	9.750000e-09	7.650000e-01	4.224274e-11	
111	9.850000e-09	7.650000e-01	-4.08613e-11	
112	9.925000e-09	7.650000e-01	3.913512e-11	

Index   time            v(g)            vg#branch       
--------------------------------------------------------------------------------
113	1.000000e-08	7.650000e-01	-3.75312e-11	
114	1.001000e-08	7.650000e-01	-2.56297e-12	
115	1.003000e-08	7.650000e-01	1.988733e-12	
116	1.007000e-08	7.650000e-01	-1.76756e-12	
117	1.015000e-08	7.650000e-01	1.669930e-12	
118	1.025000e-08	7.650000e-01	-1.59730e-12	
119	1.035000e-08	7.650000e-01	1.529164e-12	
120	1.045000e-08	7.650000e-01	-1.46521e-12	
121	1.055000e-08	7.650000e-01	1.405152e-12	
122	1.065000e-08	7.650000e-01	-1.34873e-12	
123	1.075000e-08	7.650000e-01	1.295684e-12	
124	1.085000e-08	7.650000e-01	-1.24580e-12	
125	1.095000e-08	7.650000e-01	1.198849e-12	
126	1.105000e-08	7.650000e-01	-1.15464e-12	
127	1.115000e-08	7.650000e-01	1.112995e-12	
128	1.125000e-08	7.650000e-01	-1.07373e-12	
129	1.135000e-08	7.650000e-01	1.036689e-12	
130	1.145000e-08	7.650000e-01	-1.00172e-12	
131	1.155000e-08	7.650000e-01	9.686945e-13	
132	1.165000e-08	7.650000e-01	-9.37473e-13	
133	1.175000e-08	7.650000e-01	9.079389e-13	
134	1.185000e-08	7.650000e-01	-8.79981e-13	
135	1.195000e-08	7.650000e-01	8.534946e-13	
136	1.205000e-08	7.650000e-01	-8.28384e-13	
137	1.215000e-08	7.650000e-01	8.045580e-13	
138	1.225000e-08	7.650000e-01	-7.81934e-13	
139	1.235000e-08	7.650000e-01	7.604332e-13	
140	1.245000e-08	7.650000e-01	-7.39984e-13	
141	1.255000e-08	7.650000e-01	7.205174e-13	
142	1.265000e-08	7.650000e-01	-7.01972e-13	
143	1.275000e-08	7.650000e-01	6.842879e-13	
144	1.285000e-08	7.650000e-01	-6.67412e-13	
145	1.295000e-08	7.650000e-01	6.512921e-13	
146	1.305000e-08	7.650000e-01	-6.35882e-13	
147	1.315000e-08	7.650000e-01	6.211370e-13	
148	1.325000e-08	7.650000e-01	-6.07016e-13	
149	1.335000e-08	7.650000e-01	5.934820e-13	
150	1.345000e-08	7.650000e-01	-5.80498e-13	
151	1.355000e-08	7.650000e-01	5.680314e-13	
152	1.365000e-08	7.650000e-01	-5.56051e-13	
153	1.375000e-08	7.650000e-01	5.445284e-13	
154	1.385000e-08	7.650000e-01	-5.33436e-13	
155	1.395000e-08	7.650000e-01	5.227500e-13	
156	1.405000e-08	7.650000e-01	-5.12446e-13	
157	1.415000e-08	7.650000e-01	5.025020e-13	
158	1.425000e-08	7.650000e-01	-4.92898e-13	
159	1.435000e-08	7.650000e-01	4.836160e-13	
160	1.445000e-08	7.650000e-01	-4.74637e-13	
161	1.455000e-08	7.650000e-01	4.659448e-13	
162	1.465000e-08	7.650000e-01	-4.57524e-13	
163	1.475000e-08	7.650000e-01	4.493606e-13	
164	1.485000e-08	7.650000e-01	-4.41441e-13	
165	1.495000e-08	7.650000e-01	4.337516e-13	
166	1.505000e-08	7.650000e-01	-4.26282e-13	
167	1.515000e-08	7.650000e-01	4.190204e-13	
168	1.525000e-08	7.650000e-01	-4.11957e-13	
169	1.535000e-08	7.650000e-01	4.050819e-13	
170	1.545000e-08	7.650000e-01	-3.98386e-13	

Index   time            v(g)            vg#branch       
--------------------------------------------------------------------------------
171	1.555000e-08	7.650000e-01	3.918614e-13	
172	1.565000e-08	7.650000e-01	-3.85500e-13	
173	1.575000e-08	7.650000e-01	3.792936e-13	
174	1.585000e-08	7.650000e-01	-3.73236e-13	
175	1.595000e-08	7.650000e-01	3.673211e-13	
176	1.605000e-08	7.650000e-01	-3.61542e-13	
177	1.615000e-08	7.650000e-01	3.558935e-13	
178	1.625000e-08	7.650000e-01	-3.50370e-13	
179	1.635000e-08	7.650000e-01	3.449663e-13	
180	1.645000e-08	7.650000e-01	-3.39678e-13	
181	1.655000e-08	7.650000e-01	3.345004e-13	
182	1.665000e-08	7.650000e-01	-3.29429e-13	
183	1.675000e-08	7.650000e-01	3.244612e-13	
184	1.685000e-08	7.650000e-01	-3.19592e-13	
185	1.695000e-08	7.650000e-01	3.148178e-13	
186	1.705000e-08	7.650000e-01	-3.10136e-13	
187	1.715000e-08	7.650000e-01	3.055430e-13	
188	1.725000e-08	7.650000e-01	-3.01036e-13	
189	1.735000e-08	7.650000e-01	2.966124e-13	
190	1.745000e-08	7.650000e-01	-2.92269e-13	
191	1.755000e-08	7.650000e-01	2.880044e-13	
192	1.765000e-08	7.650000e-01	-2.83815e-13	
193	1.775000e-08	7.650000e-01	2.796995e-13	
194	1.785000e-08	7.650000e-01	-2.75655e-13	
195	1.795000e-08	7.650000e-01	2.716802e-13	
196	1.805000e-08	7.650000e-01	-2.67773e-13	
197	1.815000e-08	7.650000e-01	2.639308e-13	
198	1.825000e-08	7.650000e-01	-2.60153e-13	
199	1.835000e-08	7.650000e-01	2.564369e-13	
200	1.845000e-08	7.650000e-01	-2.52782e-13	
201	1.855000e-08	7.650000e-01	2.491858e-13	
202	1.865000e-08	7.650000e-01	-2.45647e-13	
203	1.875000e-08	7.650000e-01	2.421655e-13	
204	1.885000e-08	7.650000e-01	-2.38739e-13	
205	1.895000e-08	7.650000e-01	2.353654e-13	
206	1.905000e-08	7.650000e-01	-2.32045e-13	
207	1.915000e-08	7.650000e-01	2.287757e-13	
208	1.925000e-08	7.650000e-01	-2.25557e-13	
209	1.935000e-08	7.650000e-01	2.223872e-13	
210	1.945000e-08	7.650000e-01	-2.19266e-13	
211	1.955000e-08	7.650000e-01	2.161915e-13	
212	1.965000e-08	7.650000e-01	-2.13164e-13	
213	1.975000e-08	7.650000e-01	2.101810e-13	
214	1.985000e-08	7.650000e-01	-2.07243e-13	
215	1.992500e-08	7.650000e-01	2.033932e-13	
216	2.000000e-08	7.650000e-01	-1.99619e-13	


Total analysis time (seconds) = 0.124045

Total elapsed time (seconds) = 0.132 

Total DRAM available = 386307.215 MB.
DRAM currently available = 21720.141 MB.
Maximum ngspice program size =  529.719 MB.
Current ngspice program size =   14.113 MB.

Shared ngspice pages =   12.352 MB.
Text (code) pages =    6.266 MB.
Stack = 0 bytes.
Library pages =   59.137 MB.

